3963
2247
4975
9348
2385
4375
7505
8316
7962
5533
1214
5004
9268
8682
4866
3881
8309
941
1678
7093
6592
6574
8519
947
5808
4887
8823
4260
149
8385
8028
2688
3912
7554
7975
6744
4376
8980
8182
8913
708
6963
6011
1805
305
9112
7612
9855
5309
492
9041
2925
1891
3078
4274
1423
1468
7307
1658
4033
7857
6087
4938
4187
2153
8889
7787
9317
7722
350
4268
1638
9238
2206
1168
3003
1087
7578
2156
3806
7654
3004
4270
7241
6163
8157
8540
4864
8228
6413
2050
1051
3148
4575
5501
1877
935
3059
6116
5984
6623
2440
8569
1275
1102
9675
8907
3224
9351
4629
1411
5394
2218
6817
5985
4082
2282
7252
9358
2945
6481
5001
4694
6430
1067
1089
2360
8226
3898
6388
3092
1203
1910
2801
7552
649
2167
9594
7815
3260
3058
9480
7436
7206
4451
6355
1251
6526
7745
4210
8714
5714
9107
700
843
3828
4227
1355
2272
1752
7855
473
3503
79
8329
8308
29
6137
7171
8411
1795
15
6461
6397
1138
6501
6177
5906
991
5852
9388
6171
7522
2480
8263
9504
4098
2729
9329
4620
3741
4077
6672
419
2617
1995
268
7619
4263
7161
2917
6513
4997
7707
7885
6548
7067
5327
8389
5368
6500
2543
8696
8416
6181
9521
6031
8717
727
151
9886
1617
6894
3830
4901
7797
4121
6261
1793
2851
2924
3996
8591
1739
2288
8177
3109
9214
3488
6980
3959
7743
7791
3286
3306
4877
1974
1207
4162
3423
5066
5421
413
4236
1528
6219
280
1013
9082
8108
125
216
897
2634
7629
8685
7329
7211
8797
6888
6121
8256
8785
2248
6152
5594
8158
9311
8147
9296
6899
3053
2264
2109
8381
8803
2625
6348
4817
1595
3075
6184
7968
5141
8910
6819
4508
3072
3607
5477
536
7730
6745
6269
7310
9478
8204
6246
9222
575
2615
2855
1861
8404
6551
1045
6979
8556
3796
6977
3666
9444
6391
6427
988
6001
6925
8515
7663
7475
8052
2964
3247
3787
8795
3601
1863
6266
4957
3031
6437
6036
6619
9001
2148
8093
2464
8073
5831
1655
1591
1644
6306
202
1597
8801
7894
1866
1196
9125
7813
8082
1479
2598
8798
8824
7539
5728
210
1455
7388
5818
4752
5158
6258
3791
6443
2869
5339
8494
5367
6757
4419
6541
7350
8033
4602
8665
9382
4869
7800
3537
2528
3152
2519
5257
2749
5599
397
5329
4813
2345
3569
5384
6733
1386
500
6228
8408
5087
3479
4456
6585
2565
8065
5402
6743
8259
662
6107
2491
2408
6993
4720
6792
7151
2499
2655
2374
5815
721
3390
3911
8163
5721
5287
1959
5023
1838
1813
9616
741
5072
4831
892
6647
8982
6370
3528
2403
7767
9004
5567
3244
4713
9073
1687
9149
3644
6552
798
4555
2648
9425
4668
1195
1399
5844
5302
3608
9943
5515
5829
5219
9573
417
3979
4494
8102
8005
7579
496
1621
9920
3492
6204
3471
9115
1970
8836
2405
8428
5084
1153
2594
3305
5053
6053
8656
5277
8097
5146
2268
4014
4530
1276
6827
1734
3631
6995
1922
9851
3755
400
398
6882
1244
2992
7131
3861
2418
226
6155
7641
4424
4785
2474
4616
983
8294
4291
8504
5708
7648
4188
6799
9202
634
9982
2176
5938
6236
1463
9598
581
6062
3334
1309
462
3629
238
5656
8809
513
240
5748
6680
6424
3380
9408
1432
2657
5167
7625
7666
3181
6046
9826
1389
806
1283
1570
4998
842
3040
1181
4703
4968
6640
2775
1894
7032
4645
8365
4387
625
3355
4315
7243
555
5479
9878
3784
1943
9948
3240
3864
4900
8213
1238
9677
3682
2488
6569
1329
131
8274
8684
1130
9236
2427
3073
3978
7183
4895
1662
2662
3118
5525
8983
7349
8643
3697
9515
862
3245
5881
6327
7956
4001
1467
9357
3421
4390
2453
8099
7771
2569
1839
128
9752
303
6706
6943
3921
9494
8916
276
1264
4373
7227
6325
8056
1980
3082
8014
4985
533
6131
9674
4946
5472
8472
3991
5271
7978
9228
6315
2426
5380
8768
6377
3472
6972
6735
5330
3655
3971
578
8550
5086
5732
1660
2092
4497
3216
7513
6929
9433
9292
5509
7973
4631
620
7902
9165
2998
4505
7028
102
469
2549
1921
1310
5951
9645
6425
9299
9170
4738
5185
2323
5393
3478
8633
6608
2802
603
1442
9460
987
215
5191
2748
8981
2155
8253
6172
2928
252
6333
9416
7378
3955
5126
2529
3535
6996
403
4721
6863
3316
4249
3266
1601
7908
3842
1282
8789
376
5209
3902
8043
3982
4132
9520
9824
5574
1218
6755
5562
1889
7305
3387
1042
4047
3010
1465
6225
1064
8499
5466
3872
6060
4074
7035
4529
3559
3327
213
4625
8262
2201
6232
3263
6441
9794
6215
2473
1719
1747
8590
5874
7172
7969
7365
5353
7031
9967
9359
6563
2180
8791
6488
1217
8845
4823
4056
2503
7734
1305
3484
777
1018
4571
5892
3653
1918
4749
5331
1960
6126
5155
5125
9583
5686
8821
7257
5113
7536
2263
4216
5063
3167
2585
7354
7330
6240
5030
2347
9648
3956
7236
9629
4712
1439
618
4710
1958
5605
4905
2277
173
5731
4055
7242
4717
8132
8765
594
3782
5523
4402
6109
2022
3888
480
2034
8273
9452
8826
840
2216
2489
818
933
7081
5961
3200
3459
9942
9308
3652
9904
728
3137
2939
7364
8837
8128
2676
2904
3603
439
7476
6652
9871
2290
9486
7821
5281
269
7678
9436
9909
845
6013
3241
4943
3526
3445
797
823
9578
1292
3243
6761
5179
7215
8748
9069
4649
1342
7847
4829
2421
8914
2966
1657
1988
7249
30
1450
1489
9615
241
7080
8994
7701
6005
7748
1883
7742
888
3296
2152
2999
9394
6253
1221
9442
7557
5386
4541
4935
4069
3579
1569
5615
9731
5632
4266
1683
5164
8949
8855
4445
3267
6175
9610
2146
6200
9860
7018
8814
1919
2097
4356
7760
7150
7390
4183
4884
7856
9725
7033
1248
62
9867
967
296
1239
934
9541
2979
752
860
5099
9864
38
6712
5042
5937
981
4693
322
9567
375
294
9146
9188
8008
7347
1786
9016
5830
6649
2826
6614
9585
5845
2920
5955
738
6886
9937
4243
1953
1626
8305
8011
9404
2842
4477
384
4300
816
6071
5904
9663
9757
4590
1133
1593
3127
4622
5824
4962
2602
1062
4181
5646
5588
6414
3319
1713
5499
8539
2589
7123
2705
824
5188
8863
698
8888
8325
8291
632
2357
8535
1745
5130
5417
903
5580
6409
3365
2607
1665
3475
3481
1692
7754
7567
5010
5152
1577
778
6617
1758
1541
694
5739
7860
944
9951
6724
381
744
3369
2085
4856
1147
779
5926
7890
8666
4922
7516
3727
1608
9323
4073
3061
1015
5978
404
3913
7023
8613
9253
3439
4955
9175
7796
6066
1627
6300
8958
2957
1406
3943
4251
6165
1032
2646
6169
4674
6575
9733
9622
8567
8881
5724
4088
8060
4933
8136
1328
3354
6449
7163
2645
9517
6678
2952
739
6728
1056
8816
3550
5784
3967
2672
1122
8987
9604
2346
511
8835
9575
748
1339
8877
8620
9526
5664
5002
2663
9672
8435
9953
704
4840
6557
2971
3814
2806
3822
7749
7317
8417
1461
3498
8138
751
4060
9466
1192
9657
2740
1659
8312
1669
2409
6322
5294
1698
7546
2038
6363
622
1393
4084
7986
1358
6288
5083
1858
4686
870
6628
2770
138
3836
9030
5407
4143
1481
6919
1379
5215
4755
7658
5459
8429
4076
6910
8699
1675
7457
6697
6986
7380
1490
3424
6055
6122
9418
2955
1353
1083
1931
1796
6420
9062
9998
7653
9043
502
3254
5180
1845
94
8529
466
1233
3083
2760
8090
7231
5073
9941
1917
5283
1101
5231
6153
2708
3299
1391
1765
4910
8767
4333
5905
2546
8746
5324
231
2166
3211
1190
2304
2446
6097
4664
6222
9548
4257
1991
4518
9513
2692
5359
6335
3940
9330
106
7367
1245
899
1876
8172
1415
4433
5520
5755
3502
9535
2452
5034
9397
7178
5182
3057
729
9740
5057
2230
9280
181
5974
7076
9678
2406
3198
6746
5882
1314
1266
9134
1523
7598
6354
3756
7395
361
3733
1929
2194
289
6469
829
9798
117
8264
1220
2894
6920
8859
1870
2303
3779
2312
4282
8466
9723
8455
3606
8545
8779
9744
971
9995
2537
4201
6534
9974
5137
7795
6368
3794
3468
4340
4810
9135
1589
7145
4217
3129
6405
6207
9114
9063
5069
1835
8276
1091
9012
8953
4371
4203
5849
3335
6875
9456
1794
464
1923
6003
4295
2626
3926
6950
745
3232
5635
8622
4305
4464
6936
7991
4492
1521
3012
6143
2207
5726
5318
6268
7271
9377
836
1888
9931
7180
7414
6390
8126
2854
8379
8079
8646
8897
8135
8762
8081
7133
228
5070
4742
2330
1749
7656
772
9484
5
8039
2892
3564
5354
7274
2127
5135
7995
9406
5900
7438
3379
6978
6804
6285
7766
2483
1198
1212
8087
1205
7306
8606
2261
171
4180
6633
2846
9083
5871
9403
7029
1940
9437
2862
8957
5840
1324
2226
2759
4230
6754
2227
2844
1833
4628
112
4525
4692
9230
4780
1816
3219
9764
683
105
5658
5242
657
2949
5160
271
8848
2174
4601
8638
223
7959
1522
9443
6004
7108
852
7056
1125
7870
2914
5972
2104
9064
8236
8520
6845
4418
2730
3091
523
3248
5546
5488
709
5959
4189
9430
8400
7622
5577
5922
521
6629
6362
295
2690
7488
879
2198
5418
9633
724
8557
859
4255
1225
7731
3038
4939
3153
2682
1410
968
8794
4024
2743
1896
8334
6546
3684
4615
718
9307
7604
4960
6837
281
6007
8284
2697
319
3524
7804
5011
588
3069
5526
1634
2150
5474
4576
1279
5303
3284
7928
6009
5908
2554
2963
2618
2695
1748
6965
965
7823
8694
810
3688
332
508
7160
9367
2410
4285
3405
3493
5875
2773
3568
7664
3169
2302
5391
1418
442
9511
60
3815
1927
753
7285
3103
2028
7111
427
198
6216
5973
2545
6444
8458
645
8771
1477
8744
1084
4781
2069
4301
6988
2170
342
1512
8940
8501
3032
1873
5365
4830
4321
5423
7657
8384
8645
340
2140
6098
5403
4244
1636
1799
8495
2209
7012
7849
1821
4157
6058
3980
1708
6052
1779
8977
9868
5376
4970
4365
1043
4506
3113
6584
247
9018
545
5736
3557
5413
4774
3676
8243
8021
3984
3866
5213
6375
9102
7362
3005
9961
5898
4688
8673
8268
6723
4265
4174
8401
2524
8295
5999
4194
5758
4969
1864
7832
5127
3303
2195
6982
2223
507
8347
1802
4248
1596
7721
6906
546
2039
2926
1514
7295
1538
1550
3499
6616
8451
8467
8069
9858
9715
4075
5237
6141
1068
3163
1304
6042
3302
8498
2363
3590
9076
9703
7015
9174
3886
2461
7608
1046
8286
1027
584
7263
9151
1425
796
6365
4772
59
3344
6411
6434
1331
9086
9197
6962
638
8517
9625
3360
8151
245
9665
1441
6566
6968
4115
2635
4725
5234
8509
9019
1510
8935
9581
4986
6039
8237
4784
7992
3441
4663
8595
7408
6180
7132
4395
4965
2643
2517
7100
6392
3448
8903
3975
5867
9507
8188
5232
3522
9612
3737
6958
4357
3800
9189
9006
8215
8683
9531
8042
1854
9094
1169
1924
3045
1340
3710
6275
5138
5310
4700
7691
7818
8927
3565
4141
6599
4171
5536
312
5722
7964
7468
1369
6682
2632
5890
2918
4202
5682
3096
179
3549
1144
7463
3862
6992
435
1315
6256
2419
6493
8922
5514
3952
1694
9089
8174
2350
9250
7720
9788
613
2463
8669
6057
8254
345
3036
3907
1115
4286
1703
4015
1908
3482
8344
7225
3818
4569
2816
6429
8522
2707
8359
2769
3351
8783
2536
5842
5613
452
5264
1398
8774
7122
8062
6075
706
4392
7346
4878
2377
9128
2884
5307
5017
5250
6304
1180
2650
7298
7676
2938
9532
3427
162
9360
9791
7555
5355
1383
2215
2106
3460
156
1696
9171
265
6865
3099
3098
6410
1605
9803
9405
1476
526
1674
7351
9256
6997
7613
6211
8862
7176
2099
2796
6464
6531
6999
655
9339
1518
9991
7267
2412
7527
293
6549
4682
1253
4882
5379
1458
1395
2212
4736
5431
5455
1900
1949
9270
2641
2556
5098
949
5490
7588
1201
4800
3932
1293
1384
883
7376
6829
9137
9209
2134
740
7321
4920
8731
9512
9223
6897
8179
4010
2906
160
362
4739
7825
6376
5869
3259
1300
1781
4425
4207
5660
6814
168
1072
307
7520
76
1511
7681
5204
2278
2266
4406
1789
6224
4081
3775
1867
2327
9453
7303
5314
579
7253
248
6128
7451
1884
8984
4855
9042
5692
261
4191
1540
3620
5033
3875
3463
1073
9234
2525
1097
4185
8140
5181
687
8812
9694
3783
2449
1372
4899
4184
4666
9067
8634
1376
9207
3903
2530
2532
7168
7519
4204
5382
4461
2880
9056
8819
7601
9533
6630
5626
6458
5679
8161
5193
2868
7345
682
6188
2890
4350
1118
9838
2199
8655
8345
1351
3743
7779
5593
8112
7732
6751
9320
8461
8706
2552
885
6043
8342
8735
3867
7526
4543
5151
5704
918
6841
7784
1971
5117
1343
3339
3386
2953
3114
6715
2014
5162
8985
9213
6142
5356
3769
9565
6093
7623
3765
9071
1503
8976
8038
669
4489
7726
1165
8722
4096
8354
5054
4361
201
9373
5738
7143
6618
4107
7744
8003
9050
7089
7680
887
203
4182
9262
712
6903
2956
3154
5735
1237
5749
9635
702
111
3196
8004
5424
1294
7147
7987
2822
989
9636
1080
696
9928
2896
9887
1134
9060
1879
3983
1269
8098
8738
7836
8348
9407
7981
4323
8444
5827
4052
6636
2988
2276
2126
8833
1673
4805
2980
6162
4319
1848
6853
7812
1307
4540
6840
7473
3279
3361
2379
6096
5552
1735
1408
3304
5964
3166
6834
5987
9024
3019
1023
6736
6465
928
8650
3904
9843
2620
9774
9032
539
1016
5643
5712
640
4345
1035
6807
2423
6010
1740
3930
155
2791
8869
6379
8271
3207
6132
6129
1705
6690
2664
6900
6349
8993
8322
9108
4881
5538
220
8899
4759
1928
1721
3368
5224
3318
9659
616
9719
3235
3022
8459
7063
6072
1955
8036
8352
7204
5214
2240
6209
318
459
9760
9779
9263
3444
7881
6673
6687
7246
2093
5502
3944
4743
9432
6147
4562
493
963
5601
8392
5919
3160
3238
2239
9428
1992
9450
6862
7679
905
5896
1903
7574
2414
1350
5289
7940
4226
6287
3734
85
3213
6621
4408
7618
9939
1751
5266
7550
3323
246
2292
8066
7768
461
4978
5624
3813
8013
6468
4701
6737
1223
8234
650
8113
409
5326
7963
4050
4070
7301
9571
3063
5925
360
316
3582
2895
185
9044
5491
2076
193
3916
9501
5841
5969
1925
4954
3950
2608
3347
801
6168
7985
4465
6495
9392
4618
3402
8044
6934
5358
4131
2599
8338
7597
1946
9077
912
6914
8799
5385
1772
8318
6930
8705
3534
1061
4893
2336
291
1582
356
8629
929
7214
8514
1296
4657
1318
8134
2811
8107
2035
3008
7085
8582
484
8970
8500
9748
1649
722
4240
7013
1289
7250
4463
4299
7002
3399
3593
1498
2613
8847
3750
8270
5856
5597
7794
550
299
6134
8752
2840
9176
1273
3942
6653
1112
9046
5178
4117
7988
8452
2812
1050
9179
4754
5469
9726
7628
5634
7921
3381
961
6241
5694
8605
1151
5390
6872
8399
6662
9586
3455
4124
1810
3429
9579
1438
2835
5838
2804
8784
904
8571
9070
3914
6090
8031
6054
5433
2161
4048
2128
1568
9199
3700
7752
7735
867
326
6858
3718
9124
8186
4486
1222
1405
5445
9279
5887
9790
5027
3138
3495
2113
7195
9193
70
7165
380
3721
2696
3
1572
5240
8627
940
2667
7719
9896
4776
7762
7105
1037
3222
4850
327
4232
2579
1963
4420
2182
5136
4853
990
2539
4122
1717
5112
5950
5798
9413
206
9523
4186
8143
668
9642
3680
8692
7342
8282
5569
8925
6670
8952
4843
667
3236
1166
7704
921
5172
8661
2947
3190
4234
755
4532
5449
1
9602
3052
8205
1295
7933
3126
2479
5437
7057
3180
8477
4705
1108
3226
3209
2135
583
5462
3315
1114
4386
4022
4490
7034
1449
5787
7328
6593
8327
1141
6561
6480
9488
1767
6118
6967
643
7877
4478
6402
3874
1191
9655
8792
5060
844
809
4079
9818
8678
1831
3077
5401
5760
2850
7887
4793
8948
8822
4085
8218
8973
6948
1695
9510
6742
445
49
2469
491
7667
9654
9530
5174
9284
8945
6041
2430
3234
3457
1209
5746
6272
3208
2154
3415
1697
6203
5080
6462
9332
8879
4399
2865
5518
8371
9038
9177
1804
5370
1137
18
8911
8220
6716
6436
3920
764
4608
7474
1211
2910
2465
2344
5690
8160
9482
6695
7952
4930
9485
5614
9799
7867
8720
2324
1648
3803
2515
804
7503
891
1171
7449
7888
9700
164
956
2081
5700
5120
4890
4747
4384
6915
2742
8048
378
9963
5763
8492
3899
9423
7121
3374
6651
6197
9603
3623
2492
3908
7061
127
5260
8233
8159
9617
1020
2538
393
7368
9101
3858
5581
3467
5912
7826
8350
9884
5914
2007
2189
5361
2172
4941
580
8006
926
9439
3675
5627
8631
5192
3362
1775
2948
1487
2058
4849
1452
9775
6850
5177
7497
3438
8096
86
272
2125
8639
9666
7611
5640
2470
264
4635
3667
7496
2077
2518
7950
4434
3760
2574
4292
4086
2883
596
9411
9997
8712
9780
5173
6140
2383
945
3067
6278
3827
369
1057
495
9739
7918
8593
5088
4619
769
9828
6494
7862
5357
8485
8246
589
5811
1156
5168
9386
7910
2631
896
8405
46
1297
9434
2763
8964
2715
6718
9118
4605
3494
6794
9354
6490
4472
9414
9540
814
5571
5652
8019
3298
677
2008
7559
1188
7386
7712
2091
1932
3801
690
2012
5114
9468
4789
1998
1637
565
2559
1124
1642
8796
765
1208
9534
3805
9474
6675
8321
9054
2781
4462
6112
143
7698
8366
1875
1782
4099
9122
8195
5247
4680
3960
7495
5468
995
1496
2365
4468
1791
6559
1090
4837
6537
695
3514
3172
3359
1899
2845
5131
8303
3891
6280
1041
4952
5422
7149
1920
6879
2251
323
1306
8064
2235
1246
872
5791
6889
5245
5090
3229
9144
8728
9420
6830
6691
8630
6522
4235
63
3108
1338
2450
6103
7109
2586
1429
6230
1847
2389
2315
5782
7047
2595
7677
7314
3969
3638
6515
8442
5826
3436
1374
7363
5651
412
6291
4672
4994
9875
5362
7576
3020
8110
6831
2108
6034
3767
8561
209
2120
2075
3214
6336
8181
183
1897
2784
4950
7453
1116
9248
77
3025
8162
6854
84
3256
4988
6885
780
7077
1730
789
3539
9362
4966
2231
5654
3269
5809
8607
1326
8074
3358
9569
7728
884
749
6785
6399
7828
8040
1817
290
5554
6002
72
8242
5575
6941
3776
7440
8072
2117
7284
2701
2204
8936
6020
5108
5620
4422
1909
5785
7634
2876
8002
1069
2045
6445
36
9758
847
1349
1996
4797
2839
1183
4155
3097
2709
3786
1381
6901
6119
7269
5118
9549
34
4219
1336
9613
5218
7739
4558
190
8376
4868
2991
4632
666
7377
3333
8380
1281
4491
2486
3859
1017
6347
5846
1186
7097
4767
2714
6077
6477
5457
7644
7941
8454
8558
8828
6223
6281
343
3553
2468
6467
6474
3766
7294
4852
4661
3892
9822
336
6624
4023
651
7159
9088
659
6518
5470
6085
1732
3332
3371
3571
5275
3239
2573
8755
7268
1226
4796
154
8049
900
5835
9265
2413
6516
9599
3649
4773
937
1286
6146
6947
9711
7174
3674
1727
2832
6123
2870
9881
8053
2010
9415
5894
938
225
6911
6150
8739
6568
1142
5947
7697
3572
7646
1258
6806
9243
795
3747
7715
3993
5865
337
8597
3201
6590
2555
4208
7359
9363
8341
8137
9100
4807
3261
1911
1146
6006
430
97
2736
1377
4777
449
674
4238
8434
6939
8426
812
37
2044
1564
1809
7186
576
9491
8905
2460
3042
6928
7687
4758
8818
2912
9816
3487
3759
4245
3372
591
1892
3408
1200
7717
1759
2834
3432
7970
1039
2542
1054
69
2931
826
7289
6310
1760
6945
5015
8478
2270
2256
4873
4281
846
9557
672
3023
8413
5750
2891
7218
1771
7996
1243
1961
6892
3740
834
3289
2520
6111
3627
1242
2578
7177
89
8715
6201
998
641
9892
673
9160
2190
2310
8868
7492
8923
6813
5603
6777
1670
979
7461
9059
9085
4746
5081
2782
3761
383
5097
6259
6421
9720
2755
8239
1885
4538
8893
7675
8302
5756
1345
813
2541
6029
4199
8912
1599
7406
6594
6334
5140
8679
8029
7504
3139
4252
372
456
3179
418
1977
9956
9487
3804
1397
4563
5996
8873
4150
6277
1580
6187
610
1544
7464
2659
8068
6787
9986
3845
9121
3325
5903
4145
5493
1973
1048
6509
2606
4102
9458
9075
440
9132
5304
8761
6316
8603
7738
7060
1008
6720
1131
916
1086
5444
4539
6351
3753
9427
8420
6507
4695
9162
8560
2619
6639
1419
4130
2779
9079
6660
517
137
8120
5484
4596
4487
6981
6296
6846
8487
8075
5707
3343
7360
9201
519
3393
147
514
4254
5757
8479
3521
6842
7883
5850
3773
9556
4149
9580
482
414
6190
9190
8360
2254
1167
6952
9695
4196
1563
2129
7142
189
129
4190
6357
9324
8372
9349
7154
8702
3301
3778
2000
678
7733
3768
3474
9273
4165
4875
2147
6120
5886
5396
3551
8820
4439
7507
2407
113
6700
837
7583
2066
8926
6538
2352
4690
2244
7391
2703
5471
2820
487
5454
5186
8781
8727
817
8117
3345
1987
955
9473
2331
6664
1785
1277
1825
5877
5478
4653
5206
2710
5075
1524
9958
6145
7320
6641
3958
1551
3130
3834
1038
8759
7953
7418
399
5807
2636
9606
7
1453
6438
9554
6174
9936
6738
7914
7668
9547
2637
2786
9553
2527
9489
3024
7112
382
4826
5751
9525
4294
2837
6776
7699
9058
1202
4844
9685
3079
3388
2382
6479
4034
8319
9156
7934
7528
3970
4398
8489
8304
5115
2005
3581
8333
4367
6643
6686
636
6217
4377
7537
608
8944
4215
8652
390
895
6770
9784
5537
4791
2300
4651
7375
7265
6573
3486
2359
6622
9831
3764
9560
3199
7001
8804
2533
9910
8471
2903
2496
4816
2983
4679
104
2639
7421
9276
6881
5549
5909
3961
1206
1187
9380
2236
3353
1916
7005
4748
1437
4209
2015
9555
9509
6151
9522
3829
6880
623
3273
6398
2764
6294
2428
2478
5847
3819
5638
6946
4556
6049
116
9402
6870
1774
377
5425
7020
8377
4641
5225
7753
3076
5863
8687
7799
9817
71
957
7763
6802
8375
7416
2540
7591
7990
5545
8663
6324
158
9596
3162
5789
9566
9710
9996
5698
5426
5005
8725
5203
9706
8317
7932
6666
996
429
7189
9072
3142
8067
8867
7073
6998
907
3413
3228
8419
140
2395
6342
6314
2611
2118
3885
8465
5414
4470
7757
5680
8191
5570
6786
6092
67
4325
4344
6699
3824
4346
6154
6088
28
4213
8573
1445
4296
1170
7724
2960
5156
1009
5754
1044
2504
2958
66
7759
8061
3798
6924
4526
4278
3772
4154
7387
6565
6725
6242
624
7017
9074
4347
6922
5111
2340
4603
3681
497
4169
4168
1720
3626
4770
7868
3981
5089
255
3762
1422
7626
9099
2232
4912
8885
8175
5241
9814
6709
1230
9709
7210
6337
7896
8460
615
3936
5006
5596
6028
2020
9906
2052
548
9492
7710
8414
4885
5039
4582
9646
2056
406
4753
9671
5077
1025
2024
4205
3632
6788
320
9505
2901
6273
7846
644
2027
6519
9383
6663
286
9465
3570
1942
3246
7510
9301
4706
959
308
8811
8106
4573
631
9978
5684
7777
4592
9789
4838
2511
2512
1986
7255
3890
8235
5685
8930
8939
8700
8617
2929
5979
9916
6442
8568
5124
3221
890
9741
8733
7803
9933
8531
1513
6264
401
9755
4335
1303
1382
5530
3465
6710
6908
9353
7136
6019
4513
1993
4872
6598
8900
7247
7138
6679
2973
8626
3849
7304
1962
7129
9668
6896
4139
6451
7540
5263
5428
6523
9287
6139
3470
4561
1915
1722
2757
5148
952
8516
4008
365
5261
4568
1254
7293
7639
8198
4833
770
6018
1689
1460
6251
5109
6605
3604
8407
6415
4762
5619
3328
7481
5915
1777
8086
1132
8481
7413
7006
6267
7858
6406
7221
2390
6820
5035
3562
4944
6198
9714
9570
4223
5786
7291
6796
8723
4940
2592
9762
6524
5026
6613
251
5486
6535
3820
6824
8131
4865
1321
3011
450
4521
9717
3400
1826
4729
1852
7222
5280
1433
4242
8507
7736
3275
1466
3635
6937
9601
6849
8219
6016
2102
5768
8247
2168
6560
7989
8856
234
6356
2603
5408
1800
4063
7551
8326
5248
3663
4958
4984
8208
4854
3206
6448
7682
4013
9459
7338
3995
2267
6457
1175
2526
7396
8688
3637
370
485
9966
3220
3770
9729
7137
4394
1592
7568
1625
4239
1270
2638
6206
2089
972
7499
8332
8124
5650
3520
522
6243
2987
6293
1606
4644
5997
630
3511
853
2959
4591
7524
9424
1663
6196
8298
4027
3414
6812
7004
4604
7840
2184
3111
7882
6079
4889
3659
3938
4597
9737
4193
6525
9158
4355
1583
1152
8101
7312
9698
142
4768
8866
5621
9542
7443
710
2445
742
6747
4105
7895
4317
9561
6805
8917
4246
9419
4646
6408
3419
5986
2713
7272
3280
5110
1566
3869
1204
7945
8782
7470
4814
6297
4127
663
144
5282
5833
5438
3708
4633
8716
5794
2493
93
8908
1271
3738
9952
3998
1216
7339
5511
5637
3685
3838
1837
5274
7508
9950
8111
3054
7871
4714
1001
1250
1581
4458
3673
3508
8035
3578
5752
1231
4542
260
557
8012
9027
936
7371
4992
7925
679
1975
7979
7861
3410
8793
2935
2431
6789
8446
1416
2250
7820
2183
5497
44
3598
6868
4460
408
3531
5710
2466
793
9145
1850
5194
9095
6086
2293
9829
5133
7404
7939
4586
4352
2131
5641
716
3135
2583
184
4476
4416
6289
6953
1535
595
7128
109
7146
4834
5022
8480
5797
4435
4764
2185
9143
157
5091
133
7104
1022
5139
6308
6125
7547
7830
1235
7045
7027
9472
1053
3642
3792
9305
2794
5806
9218
6966
8653
7016
3066
4536
4778
9028
9140
5129
7838
7922
180
9047
9747
5769
3310
1065
2584
6404
841
7119
6064
7650
9448
4913
3619
1019
9696
7879
3600
4133
2305
5251
9120
6974
4967
150
889
9947
4095
5064
3574
4123
2669
344
8462
3378
3034
8635
451
4275
7491
8255
4449
2965
4041
7300
1109
7798
3173
6913
2937
7912
6360
3186
5055
629
9371
9736
2203
2866
4554
120
7946
2274
1547
5759
5780
8742
341
2355
3491
328
7297
5296
7911
9641
5989
6475
2970
5373
163
4923
4475
186
9915
8281
4687
3525
5378
7835
9495
7318
2750
355
2972
8355
4030
9653
9832
9682
7417
1681
5032
6917
9066
1178
4588
6956
7372
2741
6637
7816
4757
7533
6895
6848
9164
786
7283
6753
8600
9841
7025
6780
4863
4438
9981
1914
4480
166
4734
9282
2205
7130
8010
7609
8992
6047
7727
4929
3990
1736
250
1154
9220
2105
5435
8382
515
2368
8884
9321
1471
4283
5720
2744
6927
4726
266
8353
9999
1162
3613
3713
8464
9502
9400
2700
8057
8156
4200
8266
3140
7997
3941
7276
1750
2376
8989
2849
3331
7308
2553
1806
4658
4691
3121
4676
9355
5165
2280
3509
2472
2679
7566
2436
6401
1259
7184
8523
6955
9945
114
8778
8171
7944
7708
8351
3225
8030
8289
2169
7106
3665
6705
2853
1096
387
3277
8921
6312
2482
53
6343
2130
8588
8374
2459
1654
3084
7232
5618
31
9417
5150
730
7353
1860
7929
6553
7082
8676
6921
4617
3852
1532
2600
6987
6893
3382
3933
3164
3585
6346
2498
811
5483
6339
5958
2246
6511
8023
1787
7090
3749
75
454
9676
3375
7326
5771
64
790
8747
4342
5878
5259
8563
1557
8904
2680
3977
875
5489
6202
1865
3473
9336
8644
4156
8482
23
7113
2994
6855
9820
2624
426
386
6452
3428
6944
6183
1972
2887
9834
4550
3147
2477
3043
9862
5540
4655
3795
5270
4614
863
5895
6341
4587
3712
4411
4861
7053
6359
6210
8505
3746
6022
9379
8581
953
4341
6668
9471
3313
3670
4167
2766
3705
325
9944
9463
197
9343
725
5776
8533
9738
5025
2071
6320
3464
7976
9283
3352
1585
3931
6823
8969
3391
527
2863
4685
611
8559
1135
5766
2110
7264
4924
1554
1762
5481
6025
554
1060
5910
1113
3962
132
388
3064
2115
3812
8470
8468
4401
1070
1610
2591
2814
9902
9399
9656
540
9335
5561
2211
4804
3258
1546
4336
5928
8592
851
6844
9445
8536
7466
7878
878
1724
6991
1497
91
7565
9269
3555
9266
6250
5993
5383
3887
50
3195
3110
5742
2761
6298
4949
3617
6659
8570
8222
9712
2833
1364
5800
6485
1478
9341
8438
5975
9429
3336
3230
0
9697
8403
2756
5943
9842
1459
7593
8166
9807
4005
2026
6453
760
7502
6447
3809
9350
5095
4036
8612
5812
3320
4859
3672
1526
4565
1711
8168
5711
5783
3868
9811
8975
8118
1280
7275
6229
5286
7389
3790
479
7280
4996
6883
4430
2041
6044
4038
6625
4801
4788
9110
258
6542
3210
4331
8278
582
4479
9949
3910
6693
923
543
1545
7531
3863
7256
3088
9217
3017
1367
3548
2800
4621
4750
5642
118
6564
4971
5616
4727
5953
7509
7603
802
1495
1620
822
7886
5591
1645
6822
9150
5866
9297
9412
2380
1182
8431
3274
9130
4959
4787
7191
5899
1494
3418
8991
8625
6104
6570
5702
9793
1587
5347
437
494
8314
2164
6811
1474
7602
4017
5936
8425
4393
4883
4002
5461
5255
165
9792
6887
1531
1356
2547
1448
3420
2774
7442
2432
4413
9568
1954
2159
5535
8285
5553
6332
1904
774
4256
9662
8753
7166
9804
3422
4113
8750
602
5932
9327
5464
5374
5051
5799
1773
4928
2506
4867
9692
6014
7261
3605
8566
7854
920
2258
8193
6514
8810
5880
6688
6912
9342
1588
1177
8537
6795
5568
178
8564
4547
572
4080
6113
6656
9267
4634
5458
1483
5897
627
8445
2141
9159
2233
9769
9619
1100
2570
1882
590
3425
8088
1652
4862
5420
24
2654
4500
2188
9965
6361
259
7454
5611
1127
2754
7343
9786
394
1014
4011
8071
9809
3615
2447
6311
7530
188
3543
8763
6505
5297
2875
8225
3807
5828
7282
1629
4016
871
1615
6252
9344
7422
6694
2859
6234
8664
3884
717
6782
4584
8402
7865
7610
5068
8674
5253
538
8310
9109
3458
1313
7444
6220
2314
3939
8453
1129
7050
9093
8844
8965
2367
7915
8846
14
7070
1967
5208
3690
5267
6161
8901
470
9219
5555
3639
9972
8553
9198
8864
8686
525
7955
3865
3777
35
1184
4354
4731
600
8045
518
2072
8335
9664
7199
7480
5541
6114
3123
3461
3384
4578
7419
3972
8817
9879
6611
9898
1792
8207
7848
6403
2797
4906
1010
3326
6482
5008
2387
3177
2006
4947
2830
3576
3435
8786
9797
2433
9401
3879
1421
9116
4909
5563
7366
9934
4447
273
1761
5345
1999
6149
5848
974
9866
1265
4724
3668
9390
1024
434
5883
3107
6580
5995
7570
1818
3860
298
2456
3194
8772
1766
5857
3609
2116
6768
103
8349
6193
7594
8555
7042
5868
6815
3009
6372
8546
1028
8937
3268
7003
5154
1492
472
6331
5524
646
2720
7200
3000
3725
3281
2476
2396
3030
2384
3751
141
2732
7125
8909
8412
8775
6539
3416
9546
7270
4012
7967
8307
5920
7690
8369
9142
3876
6798
3007
1895
2060
661
7525
1457
5608
913
5687
5935
8034
4902
7960
4467
5586
8440
642
7837
229
711
8729
2722
6588
8436
5375
4173
8187
1957
1643
9836
9479
8343
5278
9183
2002
5988
6491
7402
6199
4211
5487
2051
4428
6708
7875
9211
7393
4926
1536
6012
893
1823
5655
2990
7009
4716
5813
1756
3624
541
8212
5688
9129
4707
8142
4545
6543
9455
2691
5406
6898
1317
9020
2238
6734
8966
9618
5767
2975
9702
353
263
3589
9447
4794
6262
4918
1824
2009
8988
9835
2776
4437
4896
7506
7786
4061
9037
3462
5677
2829
5336
4976
2289
821
19
2522
1622
675
2737
6350
3189
8148
714
3837
6692
7913
2411
8565
6949
4783
8521
300
7087
7455
5031
4040
6396
5918
8754
4198
8906
9136
2902
6313
5046
3174
6265
5873
6110
7615
4733
3168
3594
8450
3847
6276
2339
3363
4580
3257
2186
5485
4566
4699
6601
5480
4381
7839
200
9272
6748
7170
4549
2057
2495
8397
973
8328
474
5306
2349
6418
9389
6818
849
4053
2913
1059
7844
1040
6581
2319
1690
285
4627
5285
5902
9421
9194
6117
9163
758
635
4364
787
7000
3178
1668
7770
8637
4835
8618
7948
8609
1447
5220
9257
5350
2505
4803
9701
8554
7059
4683
6769
7126
9679
5434
7514
6510
2321
5884
7071
4444
1485
2793
5305
3587
9034
5817
7674
6102
2544
2665
3314
2399
4271
9232
5513
8194
606
7344
2961
7587
4765
4192
212
7048
8628
4029
8089
7930
520
6876
2622
1869
999
7055
6496
5674
1427
7893
5967
9518
6631
310
6148
1941
8974
3730
3630
6159
3089
6959
3825
3591
7175
3115
2158
3906
8047
2237
5889
2670
3497
4220
7477
858
3633
3443
9017
9271
359
3340
1352
6793
2391
6497
6587
7254
6218
1213
2719
6486
5504
2001
1107
3658
58
2951
7428
7616
3442
7482
2084
3237
5715
2861
498
7024
7068
7545
7899
7452
8896
7605
4313
4337
1034
9742
3205
8749
371
6836
4311
4353
7325
3556
3049
5777
783
9221
5942
4109
2734
9938
3816
6606
6301
2575
3953
4504
9559
3595
2969
982
9347
443
8250
4577
4134
7903
4911
8861
7684
1840
237
5587
9962
7197
7702
2706
2111
4665
8100
756
1030
5681
5226
7845
8223
2874
4322
3394
5805
2294
8942
7226
1737
3185
7066
3905
5665
3050
9607
7617
1843
7201
4126
3694
8153
4092
1301
3047
3722
4564
4153
2653
8924
1968
2326
705
1308
5198
2788
9304
1409
732
2475
4343
5442
1111
2435
277
5333
43
9552
8141
5024
9975
1189
5456
3093
8892
805
4280
3640
9180
9506
9805
3406
6239
9976
5244
8183
8443
2871
4598
302
7348
2831
7700
5804
6271
1210
6456
5482
2037
2297
6504
6527
7819
7582
9857
6214
5405
2220
5475
7872
561
1260
4391
282
232
1431
1691
6502
924
9912
3889
7381
567
2997
8383
7993
4421
3974
176
2335
8189
3338
917
8929
5539
4078
9315
4136
8368
656
2911
4097
6648
7238
8806
6726
8579
997
531
7196
4637
4534
7193
3192
4009
2738
7155
5387
6973
5858
9290
6545
5859
9545
8473
8841
4152
6615
8580
4871
9258
366
7758
7010
927
9628
1380
9765
9503
4277
4531
3689
1066
4090
9863
6059
8007
9749
2040
2142
8437
3143
902
8290
5104
6555
6536
6284
5040
5696
3149
4502
4860
5861
233
5337
6323
4535
2534
8469
4972
9090
4675
3452
3193
3808
6869
5299
2328
5427
1913
3662
9891
800
8902
7521
6136
8324
9215
2745
468
549
9538
9469
3533
6783
6279
7277
5498
9661
5719
2096
5522
4517
9025
2210
8009
3575
4891
4441
4308
3389
4557
8602
4334
7523
9964
7439
1298
532
9927
4482
2175
4318
6632
680
4953
9623
1628
9895
9376
8475
9582
3616
6189
1176
6856
431
7435
4442
4415
1436
5197
4366
3433
3951
2815
415
6084
2882
7713
966
2728
7041
1121
8299
136
9593
1788
9092
1857
7322
7102
6714
1764
8838
236
4043
3451
4072
2792
2808
311
1234
4129
4306
1981
3288
1602
4981
1952
4459
5617
1881
4551
4732
5636
9464
4473
9693
932
3312
2576
4989
9516
9477
4443
5803
2562
9446
436
8497
4253
2789
8378
1446
3894
7631
4093
6094
5825
4262
5419
42
7107
8919
5389
9154
4241
8244
477
9288
6650
7374
9196
6021
5050
4798
6698
2771
4020
9730
4488
8971
5000
2393
7385
5590
788
5547
6669
2013
7120
3648
5678
1435
4000
5410
534
2790
3878
9800
4484
7288
9687
3580
7747
9808
4982
7599
6983
9527
2386
7216
2614
8764
385
153
3651
6074
8272
4671
6508
9259
7994
6711
9781
5236
5578
8934
4761
8300
3928
1486
7433
5412
607
8180
7924
7637
9204
2064
3757
2752
6067
4237
7966
2343
919
6970
3793
856
3407
4327
7181
1098
5781
9091
7984
2348
7529
2699
1136
3506
8662
8710
9141
3006
5328
8121
467
7335
8552
2993
544
4589
8657
3496
8584
3785
4369
2746
1559
4515
4610
720
187
1989
3392
9859
9900
4066
1029
5207
1119
9770
5573
9289
985
9206
3348
2100
6244
1149
4378
7511
2819
9080
4560
8463
9783
5977
4648
6763
9572
4059
4921
7636
2962
7562
3646
1229
4820
7843
7484
7874
3105
2683
2838
9303
8109
2828
4176
9169
1094
1976
1701
9869
8857
3060
1880
8525
1058
7118
3411
8152
2191
4702
5028
2019
1725
8224
3554
9015
9699
950
5976
3454
1571
6040
4522
8202
4326
8127
5447
4638
2401
9285
5821
1819
4937
2181
5716
2265
3183
1682
9148
4782
235
88
8051
9551
78
4351
7590
1664
5311
8130
3430
5308
1031
2666
4259
8146
2899
954
3055
2047
8895
2285
6685
2916
8070
7096
6081
9168
7427
8083
4221
9537
6657
9476
880
4792
130
4414
5351
5820
7088
587
4450
6257
3686
9845
6752
3516
1965
4128
7026
5559
5085
3677
5505
9097
9500
6530
2021
2245
3161
1006
3041
1934
7431
8528
2733
1552
6317
6529
7397
3395
731
9191
8337
3567
9010
9608
1612
4179
9237
2417
7841
2381
5252
7323
7208
423
1709
4119
7561
5532
3763
4812
2448
9591
1584
191
3821
2610
8898
1417
2514
13
5816
3068
7651
1007
1354
3636
8015
4498
6596
4552
8996
2397
1666
5683
6976
2275
1812
1672
224
4995
9830
2443
6233
3544
4114
6367
1501
1556
7630
6373
6674
7134
5269
8713
9590
782
4795
1516
9743
4832
6873
7659
1482
2242
3714
9111
2879
9756
6989
9777
3954
9924
6644
6208
1803
819
8238
2213
6433
6302
6765
2767
5047
4440
9244
803
9837
4427
3560
7169
5600
5891
1021
6466
4722
7157
3695
7572
7425
3799
1868
6610
5994
1078
7806
577
6602
331
9045
9872
146
7916
3848
4769
8336
239
5770
9913
8951
5604
2731
4822
4613
4667
9994
2316
6759
182
3843
5670
4372
6582
8394
4528
2068
5315
1712
4057
5927
5885
9732
1680
2681
7148
3758
9291
7103
2394
7923
1543
6572
9908
1033
7091
3853
6070
6532
1026
4110
1616
9588
3704
3117
2508
5508
1365
6772
6891
4711
297
9721
9133
658
9880
516
1413
977
8769
5233
2616
6671
8373
5272
2306
621
1099
2978
6446
1753
8133
2221
6435
8260
4925
6654
9919
6182
4310
6389
4501
4144
6665
8518
2944
6017
4507
7038
10
4512
4374
110
4112
7401
2739
781
7336
5606
7775
9907
4652
8483
4264
7706
9624
9113
8025
8587
9597
9745
2878
175
7683
3618
5101
4851
1548
9277
3558
3717
292
3622
1504
3900
1930
476
222
7635
743
2940
5377
992
5740
2086
1951
8946
8409
7512
4138
5416
7695
8623
4656
9620
1404
134
3835
9431
4519
7065
1530
5404
5639
4934
347
9462
8850
9103
6133
4626
5003
5512
6076
8320
5956
8830
2651
601
504
2718
8331
8017
3992
5201
4585
4042
5093
524
9673
2334
3131
6764
1776
7805
4172
2723
1688
3071
1878
5372
7673
3203
1710
5052
334
9185
7044
3297
2628
9621
4595
5106
820
7584
7332
1679
6661
5836
5983
8757
2308
5076
8245
9651
1575
9013
5440
7237
5332
5021
7465
7369
2208
1780
6254
8648
1699
7661
3249
7652
309
2642
6432
6816
7780
1590
9008
2548
6756
6364
9691
7313
2318
9205
3106
391
6338
3855
2724
3527
6099
585
32
8116
2656
2934
9260
8815
4964
833
9052
1363
5211
8358
4669
6604
9922
7286
3141
4158
2095
6227
5202
5810
8576
8677
1586
1707
8512
6344
5792
208
7866
7040
2780
8915
9
6101
1624
792
2484
9398
5279
9846
7355
1140
665
7938
2687
1473
4025
349
4358
1241
2582
8261
8390
4684
4811
4612
9992
6517
5631
8999
100
6194
653
471
6063
5583
4
5879
6192
4824
8
1278
4495
8562
535
1984
9178
6833
5200
9078
5788
1567
3188
8449
92
2372
4436
7472
4446
8574
7638
2090
3074
5870
152
9331
2048
4146
5916
6303
9152
2032
2727
2197
1506
3120
4004
7746
609
1268
8943
5701
3356
2860
3856
3988
6867
8230
2783
8544
2455
9212
1319
7891
2577
1052
2291
9796
3291
3341
6866
457
8697
2716
1539
2157
4709
9498
7447
4348
5980
6707
1172
5157
9634
7370
363
3612
2915
4258
4999
7074
8621
6646
5764
2458
5041
2996
9754
5249
3573
8730
976
1348
1661
262
6860
7517
7445
2279
8078
3231
4514
1003
2936
1798
4636
2362
8169
7852
4973
6
3081
1579
9127
5496
1291
5609
5319
4116
2299
8393
7620
1768
4068
9787
3287
9333
1402
267
80
2257
9882
4815
5171
2629
4718
5734
5334
5045
7585
2451
964
9785
6245
1047
6237
8422
7202
407
3128
3233
7773
9026
2836
2467
4745
2675
7705
9669
7575
3645
3577
943
257
3119
5254
3013
7809
877
410
1716
9104
4567
5669
9233
4623
7083
4225
39
3283
7441
9684
9226
2927
5103
1484
2893
4385
9647
2500
5793
8203
9876
2872
7640
5411
8583
9126
3882
7446
6727
7234
6455
4164
1224
8076
6554
2647
1263
4108
4147
41
8211
5566
1444
5492
2065
4533
6719
5238
906
7098
4065
3086
5360
4520
3132
9670
7793
8055
4806
5737
8340
7212
4963
81
5494
8870
1256
7411
4735
8865
1630
8598
4197
3602
8296
2717
9368
3018
3329
4452
8293
5982
3337
9210
757
7223
6808
9153
6658
3500
6106
8513
7099
5558
9960
5216
6238
3370
5744
4654
8840
6884
5500
6292
8427
6797
3687
3466
750
6731
7230
6721
107
5221
1842
5550
5834
4799
8370
1829
8577
5657
2114
4942
1893
5161
931
389
9883
3731
1887
9856
6975
8085
6847
5107
5623
7892
6089
7936
8395
6779
3857
3146
5675
6135
6905
458
5363
7607
8217
8860
2046
784
5851
7811
5235
7538
3322
7405
8105
8114
598
6909
5843
2122
4559
2922
3925
9278
7188
2132
3656
6607
1252
2981
3048
8330
4118
3657
2909
3985
9387
441
5212
5963
2317
3518
8886
5451
7424
7774
8743
4945
3701
5397
9245
2661
1611
9023
3895
8933
2795
506
499
5948
2686
2055
7880
5723
4848
8649
5933
1390
1000
759
7498
7110
8802
5837
4607
7361
2196
876
1199
5288
1004
4214
5079
2941
830
7581
5061
3512
3087
7092
3366
4049
9893
8059
7228
1272
3070
98
2930
9825
358
5321
9300
1770
7373
1159
7586
7751
573
5105
2325
6247
3396
4673
9954
8231
951
5323
9957
2521
8549
7423
2457
7311
8388
5503
4790
8950
7064
6439
1653
5020
637
9467
2712
8252
4916
1333
5448
8524
9914
7558
6589
9563
9370
2821
4229
244
9295
7403
3039
177
5876
8585
1163
2572
2561
6000
6528
8176
9131
7965
3377
604
9438
8430
2224
9940
1088
7789
4903
3833
3028
7906
74
1388
1827
7660
7548
3501
4003
512
7696
5229
7556
416
8711
5913
7287
3703
1454
7535
9897
8967
8041
9815
4448
3276
2968
1684
5556
8615
6749
7459
7592
1905
9932
8306
547
7869
5823
1527
6459
9261
8834
4161
9147
2262
7822
8955
6037
7778
5517
9926
5653
4678
8046
7983
9293
9449
7426
2551
5743
8447
6248
1412
1936
6942
8094
670
3251
5016
4222
1614
901
8640
5227
5691
3449
9051
6378
2803
4474
1451
9771
6961
626
3696
1603
5727
2229
8876
3507
5699
6205
8119
3964
6045
7458
3124
411
4170
7327
9735
1985
352
9576
3270
2049
433
7239
7382
6835
4178
4302
9352
7127
4927
9036
2684
6340
9979
1549
2674
5713
3923
1790
5991
8800
5507
8192
161
1529
5067
3826
6051
217
3145
9827
3317
2332
9813
1164
1686
2033
7192
2531
5317
20
8418
4630
9172
7909
9338
6627
9002
7750
5773
8024
5062
9457
1322
5268
894
5510
123
1288
1227
8882
7008
3434
7185
7084
6940
9577
1746
1249
6612
2138
3957
8693
5528
6082
1236
405
9106
1742
2762
628
9475
8424
1731
2284
3702
3691
6270
9098
5864
6170
1394
723
6595
249
8139
566
7485
3669
4579
6395
8301
8758
2255
4272
6366
7156
1323
4091
7302
9844
4836
2566
6583
4397
5078
8170
2858
7217
1783
6520
8732
962
9650
230
8167
3692
1472
3453
4466
8941
1316
3715
7011
1537
3476
7054
3271
7260
8737
7833
7075
4609
2907
7290
2080
2295
1830
1565
509
4775
1726
8813
633
9690
5094
807
2241
5572
9182
4269
2867
333
7685
3253
6890
7244
1401
6417
421
2341
9865
8323
6635
3307
9587
5506
4083
8736
7788
8660
9369
1440
9810
762
483
7931
6249
8541
1424
7341
1846
1797
2366
8339
2678
9306
4338
9057
6821
5065
2847
4332
2356
1906
2162
8123
5705
2660
8670
2283
715
9065
8734
9231
6382
2974
6130
8386
4809
7783
7831
5971
3412
6969
7248
909
2490
5952
9852
7801
8292
970
9713
3870
5762
3530
3125
1346
4410
8415
4409
3490
8503
3262
986
6775
9529
8852
463
9325
7919
2689
8751
5703
6826
9853
771
6562
287
9761
850
1623
7655
490
8701
5625
5342
4089
304
9264
1619
9166
4021
7315
2827
4382
825
8267
5527
3116
3485
4704
3144
7569
4611
6923
9528
3477
2364
7407
9195
2950
874
5663
9029
686
6506
6484
288
7049
8658
6918
647
7379
5190
7333
7152
942
7817
1856
676
593
2354
7662
5366
6492
6024
1194
1232
135
5144
6851
2163
9550
5291
9035
2351
6167
6642
8704
2809
6571
3175
881
8543
975
3987
139
4231
8575
1978
2338
5970
707
7864
9649
2087
7493
1815
7689
8441
2454
9652
4407
9249
221
1507
6579
159
6426
8362
4287
7500
7207
8196
7853
4247
8149
654
5747
7665
5143
9009
5854
55
205
7935
7543
460
6634
7842
6857
7782
1077
5607
95
3101
4979
45
3542
1542
2402
5452
8258
8671
3218
270
2042
4195
8050
5292
908
7765
1036
402
8624
693
5519
87
7807
8875
592
9722
1456
9203
4493
9574
6547
3592
3062
8506
4741
1604
5598
2673
1370
3001
1641
7058
5019
9298
3611
4457
4383
5839
5998
283
7954
8960
7240
4403
1738
8280
9925
7398
6212
7296
354
4779
9889
4948
619
6235
7203
4471
6033
9155
6115
2187
1005
7802
4087
9873
6032
3252
8851
9861
4368
2787
5529
9251
5673
6591
551
1945
9592
2043
9061
9365
993
1939
5295
9639
119
3735
2373
8095
3250
1808
3720
5258
1851
9640
1493
3871
2101
1944
2587
9589
3085
7927
4990
9894
5183
3204
5256
7621
8777
3540
6463
1618
2596
7829
4233
7356
7974
6567
21
5265
447
528
3774
9216
2485
8938
9049
7279
8510
9181
9519
4880
5917
6138
5322
1396
4453
4006
2817
2888
9746
1754
2074
6550
3934
9614
4370
5074
8667
7198
1002
9911
5463
1926
2702
3265
9286
7834
6307
8589
8672
7905
4818
5548
2121
3726
3739
6454
1095
4312
7729
5888
6407
3664
8232
9005
7479
4537
3431
3744
1105
5465
7135
6828
9766
8986
6299
5814
828
2778
969
3935
8805
3563
2253
3440
6345
6957
1997
3893
2424
3832
3584
7926
2311
4951
2422
6191
1733
5239
8084
2818
1261
9391
3683
6960
9007
4104
1387
3324
1646
691
7205
6048
7693
8741
3922
1836
9381
4032
4719
9776
5954
9385
5778
791
5369
420
6626
7483
7741
4974
6319
4175
7972
5531
7769
3278
1956
1299
3566
5058
5775
9558
7920
799
1841
1702
5012
7515
9782
7245
1784
1561
1075
1076
6305
2271
8808
2898
6713
7101
2149
2171
5037
5123
8891
8874
6078
3789
1990
9247
9848
7737
2094
5048
2415
6951
4431
2550
2725
1359
317
1639
898
8708
2079
1872
6255
3918
3745
40
9345
7671
857
9969
737
2671
1139
1950
726
9239
1576
6732
2933
7400
3678
6877
6431
7309
6994
5774
3588
980
7278
8511
3671
689
7541
5584
5059
1769
7571
4980
1327
9313
7589
2590
7898
4827
7764
9611
5395
6839
2309
6105
794
537
7079
503
7553
3311
1704
5730
8491
1844
529
8548
1562
4819
9821
5175
9724
2946
7052
7814
8016
9157
5122
7235
8173
2286
5228
7711
7595
3877
6722
7624
5398
54
5325
3614
2564
2513
2510
5273
3552
1228
699
6740
5453
2976
9255
6394
8681
2633
1103
5765
9068
7901
3510
7518
3628
1578
2824
424
4103
9372
664
2088
746
2269
4696
6932
1123
866
8890
2502
8788
9921
5745
8526
8406
9048
8115
9874
3095
7692
7182
8691
6487
562
815
7549
3966
4898
9716
5543
3641
7824
5166
4111
8476
1632
6778
4273
6160
4396
6422
3403
4067
9229
9681
9984
7158
8724
5934
5343
767
2429
5473
7703
5313
2977
2036
9208
2588
4907
9364
5872
1677
6290
9543
174
8210
5855
9778
8619
5230
4956
7331
1357
3532
838
4045
3446
6790
5132
204
5149
5921
3711
8853
3929
9812
5693
2023
9225
8842
8249
4228
1337
3157
9626
6702
7233
6667
2369
6684
2320
7299
3699
9637
1392
9544
3171
2296
446
2003
1407
660
5534
7141
6489
4142
1330
7943
1505
5661
6470
948
6428
3896
3724
2029
3450
873
9366
5432
9011
4307
2864
6843
7863
4858
5196
2030
6703
475
1434
2985
8145
5960
1110
5312
7450
1693
254
8315
7686
3728
5741
9294
6512
96
5733
9763
2025
8572
9356
4496
978
5779
831
6221
3621
5949
5576
9660
6935
9973
3781
570
7115
1012
3811
17
6038
3176
313
2054
3840
3330
8421
8396
2062
9361
8614
1744
3771
1344
612
7467
2437
4261
9055
3748
8214
692
4380
6964
7776
6739
1117
2165
4388
7319
4574
1475
3947
9483
8200
3999
1982
3586
7014
5772
4330
379
1886
3483
7977
4932
3094
1573
4288
2535
2112
2885
7904
6393
4670
7884
47
4329
6369
7409
2202
1517
6838
7563
2228
101
2905
8209
8880
8709
4206
5966
8185
2571
1332
5930
167
2143
5929
5981
9923
7949
6318
7573
6741
5415
9751
5346
1729
8457
7392
9609
3202
8144
7627
9496
5243
2061
1126
1983
5796
5399
6124
597
1219
4744
4499
8216
8547
3021
2967
9632
564
284
27
775
7725
8027
6073
8018
9768
835
9224
6476
1728
930
4309
3654
2083
5819
2124
4429
2438
7632
2082
4404
4847
7532
8164
8448
9395
6386
9497
9252
8439
1558
7420
4064
7036
6717
3596
1685
684
3051
4389
1074
9595
4977
2139
4888
5753
4140
432
2442
4983
1757
3215
6498
3037
3290
7021
7337
5007
7907
425
3780
3517
5602
5801
1874
3968
2425
8206
8391
2798
7462
8604
2612
5142
6195
9040
4650
1145
2193
701
9493
3610
2133
4908
2516
2652
3447
2078
553
8726
5853
2151
9123
5629
2919
1594
505
7560
4594
6655
6577
7982
2018
7755
4026
1574
7596
6926
3505
6766
1502
11
395
3973
9901
8918
1560
9200
2807
1598
8054
5147
7900
5301
5210
4051
6286
9514
6874
1287
556
4715
9105
3308
5134
253
4879
4054
7490
6645
9823
4624
9003
8968
8197
2523
2137
4039
501
1933
368
6083
8832
2995
9708
4218
9759
2234
3292
6186
3965
6328
639
2214
7487
1240
7792
1055
8962
7633
3545
8433
83
6864
2160
1063
7873
4553
4007
9849
1120
9801
9899
6144
8599
1741
3398
5371
4842
7383
6771
3844
911
8257
6521
6440
6696
1969
7672
5163
8275
5460
4763
2144
9508
6729
3873
1160
8165
7415
3650
3294
5381
4289
3538
1706
2370
108
6050
6282
681
8872
6791
8931
338
5400
2668
2877
6374
6330
1079
3810
3802
2434
2856
4600
2942
2487
5121
2677
3823
5630
8484
6400
6985
7469
5128
4828
6283
8956
1360
1525
478
4135
2416
61
2107
8022
763
4363
7384
1651
1085
9903
3625
8122
2694
5565
8611
5761
9638
552
2016
5901
4290
73
1285
6990
448
4405
9490
3719
3919
1491
8277
4454
2507
9524
5672
9753
1462
9302
7723
808
8184
8201
1609
7785
6460
346
453
1104
4931
9877
882
4101
4544
1966
5697
1832
1428
3170
5119
734
922
9989
1049
8248
7534
2301
2361
172
4314
3159
194
5585
8740
9346
9422
278
4483
5341
2011
9316
4485
7086
4581
5446
6760
2693
1763
1533
25
5352
3901
2070
8770
3367
2623
2145
3014
9319
4647
7069
2462
1334
7116
6027
8871
2558
8357
4303
3027
5645
4660
6762
886
7037
7164
6176
7412
9337
8423
2813
6767
5388
56
4548
1849
9850
5476
8745
2721
9734
7358
8979
3997
2329
2497
9935
1676
6784
8037
9021
5695
3090
9980
7958
6586
7897
1255
3182
1807
5436
3046
1902
9241
4125
9184
9819
9631
5649
735
9310
4018
3401
2494
2119
2640
2444
192
1778
7140
148
4120
9186
5560
2059
6810
9396
736
5564
6061
9917
3309
1650
8760
3846
3264
4510
4593
8773
8636
5671
9461
7851
4426
9905
8839
6419
2601
7352
1515
4328
5348
1262
1935
5802
5542
4250
3385
5014
1499
3056
571
7224
196
671
3136
4359
3788
3293
9767
4166
6156
8488
6263
6065
8596
3754
8229
5579
4639
4455
5612
9704
7889
8150
348
1871
1193
2173
3994
4606
4320
5018
3546
5521
2333
7714
6984
7999
2711
1347
486
9000
1488
4786
7437
3376
5667
5217
9334
4642
5284
5056
9728
3349
4316
1811
8551
6620
2704
8690
9384
8092
2751
2243
6069
4362
8063
4044
1898
5344
8129
2287
542
4469
4163
5860
8787
324
6758
4481
3065
6471
9240
122
7153
1128
3597
7478
9374
8854
4802
6540
3976
2398
776
199
6701
7144
6861
7647
8668
733
3489
9990
6157
4224
3924
8490
4876
3350
3529
2225
3133
9890
939
6556
7827
7220
7187
8297
1443
9328
4527
1469
1173
5647
8493
8000
652
9562
5990
3729
2799
4917
4360
5467
3523
9870
5968
57
6499
5706
1907
2982
5622
3946
6384
488
9117
1371
5957
3909
9246
3661
5718
9393
3513
5582
1071
8265
8534
4728
7951
8894
8125
8947
7266
2726
7213
586
6832
1822
9929
5592
4751
9930
9053
2200
9312
4993
5689
2560
1801
4293
9985
5044
4276
5946
4267
227
4339
2342
9326
5439
3026
2073
4987
3927
4892
865
3357
688
2378
8978
2644
2857
1862
5965
5364
3698
4697
7494
3295
7251
7942
6597
6178
3150
3732
3583
599
2557
5551
1901
8532
6260
6576
8221
9481
9772
3456
9643
7649
3797
1143
9192
3227
2943
8972
2388
7670
7430
2735
4659
7917
9539
3949
48
351
8527
6026
1148
4058
5962
4046
3948
3122
7642
2580
4177
3752
3016
315
9139
5298
1700
8843
7542
3945
1855
7937
2777
6938
9039
7740
8502
8496
5610
3029
869
3102
3541
8279
5945
3519
6231
854
6185
5544
6931
489
3854
4886
3536
4740
6127
868
559
6676
9409
3643
1534
747
569
1640
9033
8356
8080
4821
6825
7808
8647
4148
7772
7094
7810
1430
9275
3197
7039
1859
4160
5907
1161
5441
364
7645
1718
1480
984
6878
1520
7324
9096
5659
4028
1509
8288
3364
8240
218
958
9705
1290
2136
8026
510
8387
5293
2921
9707
4071
8719
3437
4583
6108
8698
832
2753
617
2986
5036
1081
3841
9658
5184
9988
1508
6423
243
4432
1378
3850
1335
4019
396
3255
7095
9454
2259
3742
2923
827
7258
2563
3679
6158
8251
3044
3504
170
4037
855
1631
51
3112
6902
994
2568
3897
6412
7281
4349
6095
5223
3817
8530
2873
2765
8651
8825
2932
6080
9750
2649
5795
2501
4094
7859
8456
8858
4151
9499
6358
9254
2307
169
4808
9970
1362
5495
7998
8542
4516
5013
4737
3986
2627
8887
5262
6226
3515
1723
481
6023
3002
7456
3915
3104
8020
6774
8199
6321
6603
2192
9600
4681
1714
8766
422
5944
5648
7471
4841
5676
6809
9242
685
145
279
5939
3547
1553
5822
8790
2481
3404
530
7117
2908
1912
3282
9014
6558
8689
1011
392
1092
7947
1820
7957
8508
357
2889
33
8827
1311
2768
6478
2179
2848
6916
8432
6352
2219
3883
8001
6035
5009
9689
8695
6773
3373
8659
5205
8367
8959
9605
5662
8103
1828
5153
563
5557
4379
1155
3217
719
7019
7179
2593
915
703
4031
5222
12
6274
5709
3300
7718
2698
4062
3285
6173
9683
8883
3660
8997
5924
3851
8361
1464
1667
7357
7489
6852
9918
373
2772
910
9426
8091
8346
1647
90
9888
256
9022
7756
2900
2441
6450
7501
6704
6091
9833
7072
3989
9955
2605
3839
329
3409
9885
4511
5187
6483
8632
2567
2609
3156
2471
7971
4874
5729
4324
2852
9802
605
5633
6971
3723
3599
4572
4825
2823
4100
6383
1106
4839
6385
7850
9235
8641
2897
8756
5430
7316
9375
3346
6295
4417
8654
6387
1555
3223
9627
6030
4279
9119
2392
574
6015
6472
5170
2984
5169
1414
9274
2249
6353
4846
4914
9839
8586
3917
6859
8311
5862
2
2597
7173
3937
9946
5082
6544
7167
9727
7399
5029
3158
7694
9173
8178
2841
8780
9667
1500
428
7614
7259
8410
8610
7051
8878
65
1158
4845
568
9281
848
121
3151
5790
3100
9440
2031
7007
274
6068
7577
115
9470
1853
7062
1403
1994
8963
4961
4771
766
3709
4756
9806
7022
1420
5145
8486
99
9187
5349
5102
4919
9309
9081
6801
4570
2805
2053
4766
1375
6166
6533
3480
839
7544
5595
9983
6100
4546
8776
2260
861
3187
5589
1368
3033
1755
1600
8680
2067
7429
6638
5911
7580
4599
3880
2063
9968
455
9340
8961
1834
9854
2177
5940
1948
7564
8313
1157
5049
2273
6326
5096
2843
8058
6213
8928
1197
7709
3417
2581
761
5338
6800
5276
5300
4991
7980
4708
5038
3015
8032
438
1312
8998
6933
275
8287
8990
9971
4698
5992
242
4677
3426
4137
9993
7046
5450
7486
9451
8363
1341
9977
2954
9318
5100
3242
4730
3080
2420
7688
4523
9087
4640
1426
16
1174
4503
52
7643
3707
3831
5340
4936
22
754
301
7761
4400
219
1635
2509
8995
8241
4524
914
6677
6907
1215
1937
6781
7078
5725
1470
3706
8269
126
8283
1964
5644
1613
4897
6473
3693
7600
1320
9441
3035
4662
6503
5443
8077
195
7209
5092
2604
773
2098
3272
2989
124
1715
3134
2404
8707
3342
1947
713
335
2758
1093
4643
1179
7876
8104
5893
3634
26
6954
5290
7434
9847
7781
6008
1267
614
2825
9773
6689
5320
6681
4304
2313
1082
5159
2658
3647
2322
5628
925
560
5176
7162
7606
7340
7460
9630
2004
9378
4760
9084
4212
8616
5246
2103
1385
4298
2337
6750
9536
946
8718
785
5316
7410
8807
7043
8932
1814
4159
7194
768
3469
9167
8474
5199
8849
1150
339
8642
5931
4035
9227
2217
9795
8594
7716
7219
2017
3191
8578
5189
6416
3184
211
1633
6164
3155
4423
8154
1890
1743
5392
7448
6730
1284
1247
8155
1185
207
2298
3397
6056
7229
2685
4723
8608
6600
6380
3736
9987
5941
9322
2358
4915
1979
4857
4894
444
3383
3561
4870
864
2400
697
6179
314
2785
9161
2371
6371
6683
1361
3165
9959
8675
4689
1607
7790
3321
5516
6309
5666
4412
3716
330
4297
6381
558
6329
7432
2630
2621
2810
1656
5668
9840
2281
8190
6803
8227
9584
9138
7030
8831
7124
374
465
9031
9435
6578
5923
5429
6871
4106
648
1519
1302
2881
8954
1400
6904
8601
7961
4509
9564
82
960
1257
1938
8920
7334
2747
9688
5335
306
1325
8703
9680
5717
7114
5832
214
2252
2123
3212
5195
367
8829
2886
2439
8721
9314
9686
1373
68
321
7190
6609
8538
2353
9644
1671
2178
4904
1366
7262
7139
5116
7669
7394
7292
8364
7273
4284
5043
9410
5071
8398
2375
5409
2222
1274
9718
