5419
6561
5275
7947
2095
7207
947
3256
8784
5288
2487
595
2376
6001
2259
4668
371
1077
9848
4488
3825
7250
4361
3513
3357
7521
6549
1497
9360
8239
7507
3298
9428
9352
2421
2101
2066
5329
1401
2471
2232
2108
5173
6538
6358
1389
1330
1069
1577
9186
9921
1702
9680
6879
7400
4838
8381
2761
3610
5732
9924
8662
1412
292
8465
5552
4928
5002
9535
3681
8929
8294
9240
8172
1860
6401
9807
5958
1993
970
6221
2950
3551
9711
1268
5617
1901
5613
6662
765
9495
7220
4728
6181
2294
4443
5160
3279
3891
2601
268
4722
9569
6642
7768
5376
9914
4314
9527
7944
9534
4209
4736
8405
8133
5425
9147
3682
7002
9913
6406
7115
3456
305
2423
4700
7577
3740
2910
5124
8846
3347
9814
8414
9206
6109
7887
6915
7419
4789
7596
7667
64
9739
6386
8127
1689
8979
8891
8040
7490
4038
5410
3548
37
1647
2242
1256
2045
2187
9208
8230
3484
5048
6607
9932
3401
3272
8297
9876
6024
484
2367
2901
4657
5232
1929
9295
9788
8657
2020
6270
2865
3733
7984
1570
4049
9076
1596
8249
3332
6900
2921
1562
7930
5623
5618
302
6261
9956
4822
8428
3445
9871
8931
8889
5131
7268
6286
1856
5334
9605
7245
3475
8691
4966
822
317
2825
8051
9570
4686
5663
9879
1254
3969
1150
7937
9065
701
915
8763
3389
458
2354
5834
4129
7594
7086
1222
2554
8281
1505
7406
5698
9632
3719
1512
8713
3463
7344
9611
3008
3023
2721
752
4468
7258
840
5247
654
4534
5432
9745
5641
8241
5684
3434
7246
8893
7615
7766
2448
7145
9991
5737
9012
4802
7259
9104
7166
1064
9047
5610
1519
601
4438
1351
5252
6945
9695
761
1328
9472
2912
6139
6143
487
4934
9245
2565
9935
7413
3118
6952
4295
3030
5517
7415
1984
5578
1764
1450
9738
6654
3853
9746
5093
722
3201
3888
2982
1112
1122
3576
2773
9567
7965
3801
2027
3777
2674
8030
4140
8972
2274
805
9929
5046
5827
8276
405
7787
4316
6708
2940
2409
9109
9640
8871
2236
4962
3823
7553
6275
8989
9740
3767
5930
1544
8981
545
6355
4150
7133
949
8815
4549
505
5427
5649
1117
7230
2341
24
4842
855
8054
1050
6281
7026
6233
444
5633
7694
7578
5530
1988
6117
455
8548
6631
2513
7628
8643
1606
4373
4898
1260
6568
9574
9552
1488
575
7772
6541
2907
8725
7650
7981
6811
4449
6361
8995
1869
6258
9718
9772
3014
4308
9160
3734
906
1732
2000
9585
718
4746
2892
241
395
685
5105
6624
9747
5681
448
6029
2170
4503
1199
5603
7034
6000
7502
6550
2697
9643
9279
1346
438
1680
7728
9936
4271
5753
2690
5289
3233
8920
5377
5991
8759
212
4014
5203
619
276
835
6389
1408
4791
935
7663
8293
9576
3018
8316
9749
1337
3518
4126
8328
7083
265
246
8997
5485
5408
7374
4869
9008
8626
6904
2954
6697
616
7009
6243
8118
4300
5992
8903
6163
2074
7348
7765
1600
1494
7008
1990
4262
8396
9756
3770
5871
4852
6882
1183
5662
4956
6051
4299
9733
5755
8795
3948
948
3293
4664
9399
5474
7795
8614
4144
9609
5151
5283
2791
2484
8737
7518
1995
4317
8836
2483
6297
574
299
6114
2794
6446
7189
4516
5551
4467
2564
3429
4589
6460
8954
150
9316
3218
6540
971
5553
9393
9761
1826
1690
981
974
625
206
5811
3232
4797
4892
8174
7632
6414
4272
4108
9349
9355
4651
2465
8486
2308
116
5026
27
2076
3648
7153
1417
4793
188
6746
3049
25
5817
6681
2369
753
4374
6563
3432
3372
2543
3830
1252
9127
5781
7919
6762
1421
3128
152
7798
6113
4538
5440
4070
6970
6368
7607
5868
1493
6916
1806
658
8638
3375
4020
7504
8516
2591
8408
5456
704
8278
1566
7096
4495
4810
9547
7738
7769
6060
4920
1575
2728
9331
1704
3841
4977
1705
7310
5471
657
9912
1736
7562
7957
920
3183
5665
8221
1536
15
7408
8856
4378
1074
7591
1209
3914
6532
8591
5079
650
3106
6112
5443
6354
7168
1975
3645
5570
4444
6
3860
3242
8483
9265
9115
7863
4770
2589
1206
4930
5829
2848
9832
1026
6128
9601
2730
2786
4567
980
8323
1018
499
5999
2137
8452
5953
9260
9853
2299
1899
8905
5636
6319
9070
4940
6357
7760
995
8520
843
8776
4069
2505
3355
7436
7533
3718
2265
3878
958
4641
6467
7405
7864
9117
2588
3393
5927
6836
9241
9140
1262
6998
502
6013
2279
9593
8546
3086
7948
7664
9187
6640
5191
8830
7904
3724
9432
585
3811
9124
208
4950
4369
4336
3209
7479
4909
3024
6229
1244
3258
4800
5728
3717
1650
5403
4937
2453
5109
1677
6424
5722
173
6601
3897
91
3098
2185
2217
3963
606
6875
3245
683
543
4462
4205
8500
1096
7532
4848
3198
3292
5042
3534
2759
8043
1463
841
3163
9972
6578
4390
2751
7460
696
7483
581
9833
8088
5460
6695
7157
6976
5766
791
4379
2860
5385
7327
2390
2602
2688
6905
6482
223
9744
8120
8137
4048
8593
6619
9395
6634
8023
443
5600
3833
2561
388
9857
9376
8372
8875
1298
2092
6647
4587
4617
7439
8923
5470
8965
5760
3494
2468
2763
1895
8554
698
5360
2245
81
2159
3451
4638
6705
5752
8983
306
1036
2797
4600
1162
1847
6218
8420
2445
4867
6579
1043
3148
9595
4109
6807
770
4742
5638
7800
7030
1809
1290
6336
2127
3686
4952
9708
1835
541
176
5035
8802
4906
7503
9418
3407
9596
8669
9628
9599
9365
7404
4023
2823
8343
3353
1447
1267
2796
6909
6282
5102
8104
304
4228
2199
4175
5479
1028
3255
2970
2189
5362
5019
6069
666
6172
5259
3563
956
9277
3464
8166
757
1022
2734
4196
6840
9463
3254
1900
8772
6901
7014
415
8656
2888
8982
714
2194
5976
9342
9161
1729
2891
3166
8915
9157
8285
8780
7427
1839
512
1568
2852
1369
705
289
2774
1187
1147
9525
7916
7210
5294
1356
3879
301
3266
6015
3785
4007
8404
5350
416
5695
1927
6515
9986
594
7234
5907
1274
4060
5819
1925
1683
6246
6004
9952
5944
4143
4715
8387
6410
53
8887
168
5738
591
1292
6728
5723
1295
8566
7183
7235
2188
3052
7940
3784
5799
3940
6364
9892
5455
6657
4396
2427
8498
4311
4610
6785
494
9792
7992
1500
245
8336
8368
3572
1996
3945
6360
1191
1123
7187
7604
4515
614
4028
5022
8204
8565
7564
8155
5370
2951
5162
5236
3982
5461
801
6655
8296
4767
7695
4730
3412
6066
3379
7942
7109
7350
6632
5382
6779
727
7773
983
9688
3126
5212
5839
8378
4037
7414
4138
4185
1772
9590
7032
659
3322
8171
8206
9018
2239
9870
6966
9684
4677
6777
143
5975
2198
5286
5483
7608
6036
3727
6847
8809
2323
902
4177
7883
4083
1719
3091
6651
3944
1880
8832
5211
4154
7262
9835
4745
5343
8819
7322
6729
833
4193
3171
41
1474
8327
7139
1751
4101
7477
3251
2969
3267
7996
5420
9778
4136
6936
9735
3750
3333
7059
7433
734
8188
7710
9724
3369
8198
4352
2908
1942
3071
3899
4355
2703
5832
9487
9198
3435
7974
2702
6670
7179
5647
9844
6552
2238
51
9736
8543
1449
9289
5205
5006
7306
3893
5973
1352
9358
9247
9159
6201
2919
3027
4297
8231
4976
4397
7155
8843
7599
9922
5658
2845
7236
7080
229
8735
3975
743
6498
7046
1792
4469
8984
8932
6789
6226
2944
2583
8539
4494
8312
7065
3308
1862
686
4764
9553
9073
1676
9437
8532
882
4127
6409
4574
4147
7302
8967
7432
7513
8259
7891
9202
7635
7105
3858
7554
4291
2783
3346
2839
713
9125
7459
437
5576
2044
9506
4068
7958
1433
9533
954
6278
3443
5267
6005
42
1699
2843
1517
8333
9119
9189
4790
5257
68
172
5514
9937
9363
7721
8904
8890
3125
5157
1186
8582
7790
7418
9116
5893
3989
8028
4933
2287
5837
6082
576
1382
6095
1918
4204
9502
2377
5721
7726
3367
784
1360
3235
6949
9696
8910
2428
1648
6132
3866
9566
2243
1999
9625
4556
8438
7510
4362
7305
3751
9645
3050
5480
1105
8298
4245
7603
5086
8874
9885
3520
3342
3115
5020
136
2435
2063
9451
6124
8838
8588
6276
2256
8371
7394
8935
4222
5574
5598
8228
5436
615
2948
9702
4967
3436
435
2717
2834
8683
8630
347
274
6873
1211
6372
3003
1076
990
6331
1291
9180
9026
1939
9383
8679
4123
7767
5465
4887
5741
1902
1858
3685
1643
5700
1313
3998
321
2169
2575
6241
4383
9304
8364
1371
3300
679
8775
1228
4975
9555
8673
7363
4433
4794
1091
7201
1134
6633
7299
8957
5110
2975
3884
9423
5441
8485
6021
7124
2803
7364
2138
83
9467
9509
4032
5511
1312
6771
7431
5898
3575
480
5076
844
2768
7505
3953
2241
886
7780
5979
5917
4834
9927
6023
787
9024
8391
1354
2475
4481
7899
9820
1160
4212
7972
5847
5375
4646
4636
3398
880
6911
9694
5912
5608
4961
9992
2766
4916
7634
5
9401
1759
8801
7600
6304
8374
1583
9049
5688
1224
6768
4661
1073
8619
6714
5104
3368
4522
2530
5200
3647
6289
481
1190
764
5573
4034
9896
1976
8041
8708
5081
3731
7265
777
7061
1125
7624
4184
4734
5876
7142
4560
1639
3021
3275
5336
6437
4447
7113
940
9030
9153
2223
6466
5809
5187
8557
1110
4840
9834
5011
4653
6012
9216
8069
7054
7114
4565
8426
6744
3772
4650
5800
193
2636
4707
9416
3747
6444
8436
3280
4082
324
1904
8788
9297
6938
1207
6958
4996
6891
58
4303
2201
9015
4783
4206
7907
6763
8142
13
3075
4889
876
7044
7529
7213
2642
1585
7586
2670
9188
9823
1794
1296
3345
5067
635
4672
4836
6461
8750
1308
8039
7351
9131
6965
1281
5296
1686
6529
7215
3438
612
9263
4865
3874
4252
468
8621
8382
1885
78
2745
4162
6696
2164
9477
1195
5240
1177
5974
2042
8692
5227
3938
3197
4103
8857
360
5468
9292
1311
3188
5653
3756
22
8013
5310
5491
946
162
2306
3326
3002
1455
4913
5667
8464
7172
3738
2536
9839
1508
5510
5790
7742
9961
3882
7140
495
8499
7249
4420
3089
2218
3222
2047
6566
4886
1429
7668
6162
7102
4773
5197
6356
3309
1781
4643
3314
812
7731
3212
1822
9473
375
6198
8834
5687
1437
4091
3417
1370
1563
7540
9751
3176
8892
738
9691
570
2461
9019
6252
6238
5567
3065
963
5322
7379
6576
6090
1557
2634
5575
5858
8968
9252
7523
7040
999
8727
2180
1477
4199
8349
4655
9662
8896
887
1894
2211
195
7449
7980
1829
6419
4622
5621
266
1998
2497
1176
9170
1056
3906
6711
2206
7416
441
4957
3405
5466
8029
8845
3578
3424
2762
9838
2099
8747
2055
9573
8398
9479
6134
8469
785
2779
8377
6835
6349
1832
4066
1253
2849
5186
5601
6074
7382
4506
6780
7027
6514
6171
5442
6684
9053
9218
1309
9572
1092
7651
6454
9681
8033
2022
796
9145
905
5542
339
357
9207
4022
3968
2328
6436
5813
3591
48
6666
4265
9225
5237
6621
7465
8096
8854
1693
6253
6417
3842
6894
2756
530
1440
8453
7951
2005
475
9894
7675
5309
1906
5477
1997
8357
693
3498
5895
745
1871
8766
2829
8394
5903
8821
2319
3058
1667
8938
8779
7744
4195
84
2585
6453
230
1529
3503
3943
6509
788
5137
6073
3095
6010
4188
4241
3974
7534
2579
6742
3665
2572
185
8093
1788
2276
8339
4827
7455
6630
831
968
3604
2733
4862
8044
645
3744
7338
7024
942
1510
1324
1024
7595
5476
4739
3713
8665
7141
4741
2271
9622
555
5509
4278
3573
4006
5031
8918
7648
5715
3510
7341
3180
6216
9130
8659
4451
4354
4766
5263
9773
8866
2660
3096
9499
928
7716
3755
7500
8751
1630
3921
2302
9806
2569
3554
8600
5007
9244
6963
4203
8064
1479
9459
1940
5805
2495
1582
5806
8201
3383
2425
4765
8609
7995
4665
3109
1752
4440
6359
9387
3204
5100
3358
8771
2202
9789
4750
3905
7467
3778
690
7815
9496
9840
993
2456
964
9660
5438
5299
6257
1471
5178
6341
694
4283
8411
3954
2524
1332
3941
2121
2509
2999
7611
4033
2993
1432
2486
6169
2538
4056
2777
5395
7542
521
4752
8786
5736
2675
4347
9347
2154
3658
5569
4450
4372
3519
2228
4304
7783
7928
4102
3066
7988
4473
1617
6680
1062
9651
7627
2086
4365
4376
4699
5180
9284
6374
286
2622
8848
8803
4805
7397
6778
1760
3761
4792
4234
7120
2995
2599
3827
4825
2727
6153
4623
5920
5258
5779
5969
7616
6968
3702
9503
5899
4941
7129
2946
7838
5451
102
6625
2040
8865
7953
509
6380
2898
2408
442
9433
3666
3909
3675
4406
7494
9602
8703
9100
376
5645
6858
3935
1552
9044
8782
599
424
3216
200
5041
340
9854
8607
1055
1407
5589
2331
537
6956
7451
1287
597
9453
5406
1042
6765
2345
5254
724
9676
8302
7708
2694
295
8540
1588
3031
2510
7423
1085
8562
1448
5628
8094
507
2446
432
8406
2370
2909
183
9398
6980
3381
3660
9648
5891
4218
9045
4592
2682
1818
3202
4627
3928
9302
1771
126
2971
163
4748
9687
2193
3504
7681
2226
4333
9837
8020
7841
5023
6497
8664
1640
5481
8632
6752
7856
2726
8743
6055
3140
9324
2397
7469
1229
2247
5797
9723
4350
8793
5548
4681
7574
6881
899
1559
2229
6687
6400
6827
3338
9222
1713
3725
9257
3005
4523
8266
5719
3690
9918
9321
1470
5056
8223
3869
7218
4698
1103
8913
270
2900
5345
9586
5970
9139
1933
1805
6448
4649
5883
4161
6975
9151
1098
8353
8985
178
7932
2631
2643
5192
8762
3055
3523
1141
5756
1037
459
4719
8068
9531
2062
3677
2719
3927
5849
4182
8110
477
7931
3376
1003
3238
7143
4025
7148
8663
5089
9564
4455
6030
5922
7524
8852
7272
2547
2952
3736
5070
8783
5848
2257
6600
3759
6950
3535
1703
6259
4171
8072
4608
9627
662
1325
14
7605
9114
2069
279
7020
4461
7683
6629
9658
6076
2303
987
4335
8939
5838
3388
5528
6369
1200
1193
5951
6902
6432
4553
490
7552
8271
2529
1808
5884
5901
5021
2967
4322
7409
1991
4124
2415
1666
130
9314
8561
8781
8365
7005
4704
5080
6231
4866
8948
5012
1802
6525
4094
9753
5502
7862
8141
99
529
1535
610
7952
9554
750
115
8560
6484
2186
3511
9271
8390
2804
454
2854
723
8092
2911
2590
9184
2073
8245
870
7579
1757
7287
5482
2422
4382
1278
1635
5997
8901
334
8008
6042
2871
2836
1094
6656
7589
7228
5733
20
5675
5872
2867
71
2414
4230
7053
3323
5782
5060
1259
5194
9224
6751
6854
1377
9993
1616
1192
4194
8074
4989
5875
1811
9633
9710
8267
1712
9799
4097
6366
4596
3474
5421
9056
7463
4259
8977
3380
6106
1786
936
3467
8860
3305
5367
365
1766
8912
1964
8909
7111
2117
7756
4979
2219
9280
8425
7912
9978
3729
2965
1317
8306
3728
2597
4479
4591
9852
7733
889
404
4484
2157
6727
514
2374
4543
1830
8147
3483
641
7676
7184
2309
1803
2987
8154
8676
430
9339
9616
2757
3083
2140
7372
6292
5765
3101
7169
9943
3182
9794
9274
2286
8244
4179
433
7485
4943
8738
3488
3274
7692
2499
3107
7999
8956
3224
7762
1770
8433
2937
510
2992
282
7755
3821
8760
5508
4946
4809
6285
6699
1168
2790
1188
431
6464
5120
109
4019
892
1171
2002
6673
2914
1045
7377
5593
8988
6199
3692
6402
3946
5287
7850
370
6809
1299
8721
4778
5390
8326
9498
2126
7041
5533
1905
110
5654
2698
5268
1518
4785
9007
8707
1825
6174
1777
2709
527
8399
5583
6007
3977
105
6070
4309
803
253
7396
4145
4029
6449
4676
4072
4642
2224
5708
9818
9768
6748
2001
4799
3693
7905
1951
2986
303
7573
9434
297
3802
3502
8577
8434
5798
2215
7623
8177
6721
6887
5916
4476
5230
6993
7486
5786
9488
5169
7897
2190
5504
5559
1465
2941
6766
3913
7583
7563
5492
6433
2479
6534
3807
4814
4593
2916
566
5642
7321
3670
1058
1014
1615
853
9608
6676
5513
7516
489
4168
3844
6165
9897
9095
9329
1403
1542
2610
2007
4841
5620
5413
9859
9500
3776
2676
7328
603
4573
6067
6800
4963
3691
5156
4264
8942
3374
5250
7194
7049
1846
6815
1608
1247
721
554
92
9575
4830
2290
1279
8052
891
2998
972
7914
8709
1961
1531
4691
5640
1910
6445
794
1079
3228
9699
3113
2824
1948
2673
5754
217
809
6371
5038
4280
6020
9721
1293
2782
4417
7165
2267
240
8825
4074
9828
5049
1714
1738
1473
5386
2584
166
8585
2356
1970
4891
3190
3848
6848
7778
9591
1212
164
6431
1641
4579
3249
40
6129
6249
2879
3933
4221
9050
1343
3942
1041
9174
8338
6220
5298
1394
5778
45
9086
2284
8397
1375
4312
1165
6735
4202
8841
3490
5670
2442
7150
4178
2611
3992
5490
6888
7088
3179
4279
741
3416
9063
3386
8432
6683
1454
2342
4632
8572
5234
4517
2156
4911
6003
8279
1949
6072
1915
3514
562
5720
6523
9111
429
4192
9164
8016
7684
2282
4197
9002
3268
6907
466
1737
4877
9866
1249
553
7846
3447
1831
2604
7395
6918
1578
3773
2652
4305
296
4733
9996
9150
7200
4100
6812
4482
5280
1080
23
728
1673
9143
8631
2882
826
9722
4121
9944
1821
8078
3932
7548
4400
9656
7975
1506
2120
9154
5256
1717
2480
6618
1881
5422
9979
5189
9781
8138
4135
243
3789
5631
7446
6223
820
3979
8213
7555
4688
3124
9886
1435
4410
5758
4713
1954
2874
1734
3524
8109
5402
7745
3937
6750
8131
6058
3080
4881
1428
5761
2314
8111
3671
146
9474
7567
5915
3449
1233
3244
8587
6524
6159
7536
4505
9258
4601
8086
2025
4366
781
9403
9248
5904
4857
6263
6974
2729
2114
7252
5388
1398
6853
4191
2964
7403
977
6407
9185
1208
5174
7144
8299
1980
6235
3271
4929
560
2832
5349
151
3110
7478
1800
7593
8130
5338
1661
6120
8300
4551
2049
9325
8581
8355
1848
5518
8081
6087
1362
3865
165
3064
7968
3121
9410
6375
4504
7212
7674
8089
6555
3910
838
6603
6081
4432
2686
1921
5397
3384
8321
6787
5414
2613
5948
8046
4499
6469
2358
8197
3687
5278
7847
5967
6311
369
6593
5380
7340
3033
4053
8778
5364
7661
1021
9873
617
1154
3480
7472
5543
2283
6924
4729
7949
5957
9350
4080
2359
2689
8273
1521
5166
5050
5129
8789
80
5855
9734
2260
1383
872
9234
4217
3815
3289
8234
5155
4183
3210
2582
4903
5119
4010
6591
1645
3260
1220
854
4938
6240
1804
6180
6264
4763
7641
8084
3704
7950
3541
4445
5773
2503
5354
285
7818
4073
4416
7099
6152
4030
4436
54
7568
9589
2743
155
1385
6837
1115
6151
9333
2207
4419
7497
4341
5968
5429
452
308
6912
3857
2640
2346
1175
7277
3559
793
73
426
7647
2711
5908
8899
1979
7347
7134
4921
7125
4815
6506
5892
8190
9389
2405
9378
3135
3134
3290
2167
9550
4829
5317
2966
4724
9427
5238
3067
4780
548
3902
8164
3995
5029
7401
5668
975
5311
8329
8477
1240
1349
2899
5833
142
5290
631
9475
4298
6028
5503
7832
5112
6068
8169
318
1052
2736
5981
901
7718
118
7454
4389
3063
8592
533
6865
4460
5685
1441
7802
4542
3599
7003
3552
3302
187
7882
903
117
8672
7253
9285
3136
1555
7821
4463
912
3247
1181
256
5768
9293
9219
72
1288
9700
5281
7978
1909
1801
3638
3313
9308
4585
3045
2353
3951
2160
2333
9669
8696
7913
4680
4864
9958
8076
8067
4992
3264
7697
3700
3636
8187
9228
7754
419
8633
5077
3325
11
955
8888
9907
6808
389
7866
3330
6660
2129
3082
6061
9059
819
8250
4093
516
5869
7195
1184
8360
2746
1426
3558
3962
6828
2725
7063
4839
8640
144
1364
2270
1013
7412
9243
9027
2122
6330
3570
4548
6562
2932
2646
6791
9233
2701
3836
9568
2716
1549
3887
9380
3287
7730
858
4590
3855
2197
7739
8623
6194
6136
7784
9703
9390
2878
2718
8134
5539
2472
2958
5696
4738
5792
5910
2118
8189
344
1174
8753
6822
3571
8476
933
6189
9144
7547
8254
5071
6397
7016
4084
3614
8804
3796
5537
4098
7171
706
7190
2300
8999
7575
1780
4880
7672
3169
1514
5579
2903
1986
1743
8758
9668
8749
3277
8237
9446
2463
7687
749
6083
6893
9624
2071
9975
4804
9419
1472
6481
2994
7994
7022
5664
8678
9966
4648
4306
3469
8370
1876
7749
4286
6177
1480
3822
3087
6953
123
2379
2143
8844
1451
4711
3589
3497
4893
5763
9712
4588
6342
238
1644
7442
4995
7217
5993
5398
6739
6435
7531
5820
5097
5711
8373
3834
5164
4087
4969
8897
2973
2010
8460
106
5900
5963
4085
7031
2544
4329
9727
2392
9223
9663
4980
6559
4225
7384
8973
3422
428
439
7881
3199
287
7178
8375
3587
4666
6173
1963
8295
6384
2811
5794
2577
8208
8159
8400
6442
8642
8922
5590
9273
1194
4539
6897
7011
7441
2087
5532
2330
9129
3917
8545
2023
6110
6187
7279
9512
4541
6254
539
8839
7508
633
5586
2722
7845
7173
7301
9980
7267
4163
5716
1239
5458
7939
8272
9118
8575
3737
9197
1681
6543
7644
7398
3908
1816
1793
7275
1345
87
6713
6217
2378
6213
4457
3158
1594
9719
2439
4981
4498
4550
8481
4092
391
6817
160
4330
2482
9750
2502
137
8367
9449
5098
3620
6477
5666
3046
1878
626
6671
9456
1410
5889
8740
7642
5036
678
3549
6126
6475
7895
689
6279
2322
5313
8654
565
6182
9048
5926
5985
1140
6222
9101
6234
7349
3144
3261
8416
925
7251
4509
7298
2494
8263
120
5784
7747
1031
4935
1173
6513
6202
6224
7489
7884
9955
7775
8021
6995
2518
3698
9476
9259
4747
9084
6403
450
9790
7892
3748
3362
5221
6210
3588
3898
6075
7370
8246
3911
224
4781
7691
4820
3813
6092
7466
1756
9486
3628
1741
9760
2528
5962
1654
4220
2384
5027
1047
3349
5446
8853
624
9066
1166
795
5998
6679
6302
4090
2765
5677
3828
9860
2268
7871
2054
3152
8015
4885
8290
5004
3904
6898
9536
8818
9953
2917
739
1113
8768
3040
9846
7801
9950
8461
5546
7493
9641
4216
5342
1815
4578
4902
6038
6772
2985
8193
5333
5646
4442
4236
5099
5699
1865
6788
1060
9592
8314
9683
2431
161
6889
1735
1733
3193
929
9954
2704
1386
3441
3461
7991
1145
5183
5709
759
6496
6985
7004
3689
8346
4112
5584
8739
4472
9294
7625
6521
5315
3601
2089
3868
6571
9168
681
6379
4076
6463
2742
871
8055
3624
8103
8058
9391
8722
8165
7307
8467
5159
7803
5980
1414
1787
8463
5747
1629
3248
7806
7095
207
4465
77
9600
6293
6769
5355
1941
3337
3403
2620
5064
3674
1499
7222
1033
5767
417
9156
8031
6829
8482
9052
6610
4831
6743
9782
3605
8356
2426
2906
7923
209
604
9766
1443
8963
1012
5674
7541
6615
5171
9270
3720
483
3532
1685
7360
3214
6942
3072
2873
687
9532
3854
3283
4973
6558
9706
1404
5269
6581
729
9409
7369
7872
4821
3056
3414
9877
917
8358
8242
7764
6495
26
9620
1750
8114
4594
8867
4157
4287
6738
7857
8774
783
7273
1197
8699
7006
3406
588
9443
8680
9400
8082
611
7836
1380
1353
3354
6175
5352
3920
1697
322
8077
4320
363
7387
1515
4051
526
3959
848
6872
5689
4854
4248
6337
5873
9827
7353
6659
8407
473
5557
7860
8117
2955
523
5982
692
8994
869
572
832
3088
9253
8472
418
8119
3143
8421
3099
8542
8544
1790
310
7736
8018
1248
5885
5714
2527
8755
6008
2568
9340
7325
6928
7900
8702
9366
6244
9501
5743
7312
7199
1707
2048
104
3859
2139
5260
413
1213
4086
1728
6996
9939
4717
4356
7320
2517
7487
532
8163
7410
2096
4883
6794
5913
108
8116
4342
2706
7048
3616
9505
1402
7671
9447
2740
4047
1170
112
6227
9038
9523
1747
4405
9544
8506
1926
4077
1044
730
2653
2072
7018
3522
4470
4078
6931
7175
1132
3000
6842
6877
864
9957
2246
2880
839
1965
6193
634
3556
8443
6388
2956
397
3220
1114
3754
4105
3806
6458
7158
9062
9771
4270
4714
8695
2988
4507
6196
6830
9069
6439
2511
2526
4576
5437
5447
7643
8148
7001
4326
4754
3871
5547
7639
2430
8095
6268
4403
6692
5135
6636
4431
3162
8651
6256
9617
4508
878
6318
1203
9597
8211
8510
1817
9841
6501
460
4991
5243
2171
6079
3864
7346
8908
8386
98
8741
5749
3955
7774
5363
2162
3153
2016
1863
202
3343
9385
2212
5167
8644
7659
6499
4926
1711
3010
6645
1598
2227
4919
1731
2778
95
3812
5316
3174
7232
7319
2934
8949
5074
356
8447
7722
6176
2476
7702
9675
498
7796
1537
5146
4380
7286
1169
3081
1392
6781
8742
2051
6997
5843
353
4904
9094
4685
7237
6383
6597
7662
7311
2712
4924
5285
3013
1144
60
9303
5856
9910
9481
8648
2240
3217
8524
5595
5242
3378
7799
9920
9490
6588
4984
3161
5233
939
7498
4015
4936
1241
3643
3749
6183
8534
3425
8864
7062
7131
4521
6144
3100
5919
6626
6650
167
1438
3760
1935
9785
9341
8940
4997
2036
9678
4544
4782
2748
2281
3068
7149
2440
7714
3496
3011
6185
2939
7473
7833
7621
8886
4275
9137
2061
8129
1061
1758
9099
2846
6265
4016
3726
1344
3782
9452
4931
8215
5140
8590
9598
7816
3097
4277
7462
6570
6756
7590
2857
1626
9968
7558
4166
6296
122
8618
1607
8622
1237
6457
1844
1430
2938
8870
9142
6870
18
5065
7093
1005
1100
1439
1953
2184
9326
5423
3705
7386
7303
8810
5911
7893
5040
293
7638
7391
8579
3924
8719
2810
4435
6421
6551
2133
9322
8574
3269
3286
3306
57
9963
2936
9327
1396
1564
4190
5824
7244
1534
3037
4645
4832
731
5669
1957
1219
2070
508
6761
6554
7182
1700
774
1932
8191
8284
2444
4483
4013
467
7025
9842
1218
8705
7130
5165
2349
7873
1109
2313
4960
9372
5347
4189
1561
7961
9666
2326
7970
4654
1338
1841
3623
2481
8914
2514
194
6208
390
1384
6702
4055
5841
7807
613
7512
994
3433
3659
3817
154
7198
596
5933
3155
4170
3585
9212
2225
1152
7470
5314
4758
5535
1333
2406
5639
5936
3069
8996
1084
3399
9148
1444
2651
5925
3240
1706
9856
2630
4726
7934
1164
2542
7136
3471
6978
2787
5934
6215
7211
7085
2123
1323
834
578
8605
3615
8564
5384
522
1523
2
8813
5235
965
649
1277
3667
9732
4292
6200
409
3543
8515
3618
9690
5495
9080
5986
5428
4172
1573
5935
237
1257
768
1619
6121
7976
4156
275
3976
9808
4003
66
2469
4798
4226
4703
5588
463
3774
1366
2752
6071
2978
7633
5358
719
5679
6334
4629
2968
5959
4720
1532
1520
5239
9791
4257
9179
8101
3988
4151
8553
4605
3500
5660
2183
4915
3655
3310
1255
462
1911
7588
3926
1571
1550
5520
6868
4497
1603
9039
9364
1634
9646
1507
3699
4536
3473
7188
6345
4213
7528
8219
1492
4422
2735
6026
3795
6500
524
6141
2639
2142
7457
2739
569
7368
9672
7392
2411
6195
5501
9448
4671
3637
1971
3567
3934
3673
8091
264
4918
4173
5024
7626
6288
5801
9767
2644
3964
9615
7333
7854
1039
3051
82
9183
8105
8824
4401
6740
9397
8309
7444
8661
383
7421
4155
2021
5846
7375
2684
425
779
1753
9949
4532
3809
9420
3837
9581
496
2191
1413
4233
579
4740
1016
6130
3930
3592
2273
300
3147
6280
2647
6441
4978
6986
114
3226
1030
9693
9882
6284
7075
3651
6291
8976
8274
5775
3716
4152
8872
2470
6017
8361
1947
3873
6821
8710
6344
8003
6103
6710
4843
6698
3768
6303
9205
2887
7091
8024
6385
4148
7335
186
1776
269
6749
5807
6219
7361
3205
17
979
4552
213
9779
8530
6412
3526
8706
8232
9311
608
170
6489
5003
910
9630
7247
2637
8366
4708
5995
2853
7389
5500
1350
966
8714
6430
2264
2457
4955
4652
7484
6321
3849
4609
7339
8688
9020
9904
1889
7399
8796
3826
4388
4174
2801
4518
8115
1554
134
7278
9565
6594
2041
4128
7682
7260
7885
1322
2394
6211
6758
2663
5039
9108
1955
421
7013
1009
5486
5496
2012
4537
3965
2398
1655
1365
4905
7021
6760
3112
9762
3786
8488
4953
5249
3186
1496
9709
1215
5255
2596
7297
4478
8627
868
8812
3931
3640
6820
3453
2913
3593
6674
3074
8637
1652
4344
8403
8001
825
1744
5000
6205
4349
2889
422
973
3281
2496
5464
5796
1388
1749
5965
4139
637
4273
7271
9256
3981
457
7029
3150
5121
3318
3672
9442
5472
3273
9090
9242
5941
3177
6627
8252
2403
6730
5611
8124
9022
7537
4659
9729
5931
5544
4057
4487
6116
9072
3495
9235
2161
6154
8620
6093
8303
4775
8210
4132
5426
7354
5946
2885
8767
3706
2477
8950
9458
9619
2534
271
7922
6764
8083
5966
67
7196
816
1304
5644
257
2132
577
1265
4137
6935
6022
4837
5803
7752
2338
8555
6753
3016
9375
1898
31
8354
47
4628
7698
4884
1087
5977
1093
3419
9803
6096
1824
119
190
4043
3352
8962
1722
4520
2788
1943
3127
5434
8402
9528
6041
6704
7971
7727
351
7777
504
352
3028
3360
3253
4583
9009
1158
1363
3544
8569
9192
9969
3257
1501
9413
6423
7813
6878
121
4988
9549
2059
8880
5341
2168
1586
2609
7117
4363
2996
677
4875
9388
8625
3870
5107
8634
648
1604
2003
6839
5172
6757
5088
7701
2755
9466
629
6325
399
6376
7622
226
9717
3994
2174
2339
1709
1335
824
923
9330
3328
9348
9988
7966
7535
6776
708
8798
6929
5008
7602
8527
4125
2366
3421
4346
5984
2034
1755
6982
3141
2869
7901
3444
5176
790
9764
6989
914
8070
3798
3622
856
9664
4153
9250
5785
9861
384
204
9310
325
3428
4897
4879
6473
9110
5188
7549
6649
9878
6230
7657
6438
3431
3385
6707
1610
823
742
3845
3017
6045
9128
4846
5185
2176
7293
8489
7185
7889
5550
147
1462
6682
5942
773
4293
2784
8132
6455
9809
366
4040
549
8000
9542
7896
1668
7274
1867
1595
5816
5085
7015
7986
919
7910
8423
2298
1373
2325
1476
8993
2395
9482
996
3957
2060
5405
6365
8431
315
3366
6287
1120
1327
3814
410
4524
8694
49
4407
5656
960
8525
6648
3805
3470
6283
4160
9748
1075
5556
6160
8800
1420
9869
8528
1245
1688
1524
3311
3843
6608
6425
2562
4338
1107
1387
5734
1977
9356
941
9995
1002
4751
1379
7186
1708
1342
7712
7782
4621
6373
5531
5450
515
2844
4511
3192
4044
1459
7161
8831
2984
2833
1819
4912
9639
7266
8178
2004
9948
1589
8933
4853
6228
4348
5596
9906
1908
3335
6052
7758
3531
7989
9068
3771
2881
5404
5095
2628
5091
2512
732
9300
3867
7820
3015
4531
7983
8224
5144
8595
8176
1967
6522
5297
9765
1696
1859
3350
4413
402
4263
3722
8668
6572
4284
9217
5206
1419
343
1973
6046
4285
5452
4656
8497
5594
3334
5897
4851
660
6333
4454
9079
6122
5890
6147
7264
2515
4227
6784
74
8437
2713
231
2586
7050
9824
4514
69
2113
7108
1089
1131
997
9900
5710
2254
8474
1798
9173
7358
2324
307
4512
3752
8035
7206
5630
8458
5744
7094
5148
9204
2404
3757
3547
8182
2437
5536
4035
3252
2388
4353
573
2079
6471
652
3539
2216
8337
6860
2648
5277
3683
6395
2672
9652
7112
7786
3092
2155
6508
3555
3122
3970
8987
4324
2979
3583
2926
5018
3987
177
1946
3710
9370
3104
804
6641
3574
9650
1068
7826
2498
2760
3553
9152
196
8099
9010
8065
1210
3324
3426
1452
7411
8376
9692
3394
806
865
1893
6394
6755
6320
2466
6411
4050
717
5994
320
1838
8162
6209
985
580
7515
2737
6806
7613
7572
9548
2683
9177
3173
19
9891
8556
1236
4581
4393
6602
2112
5554
4061
5538
1489
9323
6567
9915
7450
3516
9538
7191
1892
6688
5757
5527
1032
9236
9802
5622
9060
2304
359
6019
476
5170
9003
4489
6910
7810
9705
32
3835
394
620
3714
6665
3060
5225
2555
5053
7316
4240
7546
628
4238
7757
8341
8450
9967
6150
9421
3886
400
5223
5054
3363
4031
9674
1960
3863
9607
1769
5114
3206
6084
1843
695
2352
8658
2749
8586
5128
5195
3983
211
8168
56
3041
1581
1119
8859
1409
6350
7990
2177
7240
852
4255
883
789
3234
6179
1789
6248
6846
76
7359
8731
4421
5626
7107
513
6300
1903
5312
2894
5459
6977
2277
3972
5924
669
2595
8687
6080
2877
5069
1372
1423
7823
5860
7292
9196
8862
349
3185
5616
2623
643
9036
9384
8685
7362
5475
5344
2504
1214
8413
9055
982
632
3956
8056
9379
877
651
7870
6490
9562
5750
2295
338
2775
538
7789
3862
6137
6961
5887
7035
8389
6937
9429
6580
5149
6694
9134
1361
842
849
8603
2149
4847
2635
6452
9621
5016
8674
3701
8057
9468
6741
5762
5643
6408
6415
2334
1807
2741
9261
5861
8401
2182
5072
1513
9227
6585
2629
4399
7424
6206
4017
6262
9811
6611
5013
7967
1442
3138
9895
4958
916
6363
1126
8689
6440
7720
1318
6733
1223
2537
2195
2085
4418
2550
9381
4774
5863
8726
4510
5835
3085
6123
491
5222
9417
333
3630
3846
1579
7835
583
225
8777
808
4801
8152
3094
8108
5808
1857
9865
1621
6720
4533
3617
2923
712
7982
2732
6686
7170
1358
7126
2030
1972
9855
7345
2312
888
9889
6786
2026
5956
2566
830
9850
7461
6903
7797
8471
863
3883
8589
2548
8951
2627
564
5814
5272
7805
5433
4437
6587
6009
2522
8596
6658
2918
3411
9278
6852
486
7640
6939
6849
2925
3455
4824
2649
6859
8494
2261
3745
8980
5740
879
8218
3881
7763
6512
5215
9925
1558
3824
1864
2396
5555
6801
406
9239
9770
6335
6969
1478
5430
8975
9017
8881
2163
898
2151
7849
6040
8514
6948
6638
9489
3735
9519
6242
9281
2424
5126
7074
3054
2884
3619
9521
5340
2462
5940
6031
4466
8961
7933
5937
4564
8226
6104
7557
3321
5057
7438
6323
2320
4755
8580
1139
5692
97
3093
1053
9974
294
9513
6429
3644
8576
6138
1416
4819
6186
2490
7281
9182
3123
145
9249
1391
4207
7824
7927
3430
7039
9267
5818
6274
8974
4256
2401
3427
8417
5241
7732
9629
3078
5073
7104
3900
5270
6450
7203
3501
1019
8941
540
7231
8583
9107
52
7998
4545
3996
5033
3423
6926
6142
254
4315
5921
2288
3818
7147
5025
2203
3894
9120
5229
8034
7492
2365
6717
2551
4599
8359
2535
2781
4721
493
7366
1275
1840
2436
7888
8806
2057
7825
9982
642
3669
7456
3478
9064
1591
1701
9946
4024
7069
4759
4679
3448
5964
7649
4119
4817
9858
2400
6623
8814
4647
2208
4375
7447
1522
9610
1282
6255
4868
4615
7285
8419
2237
1339
9464
2255
3506
7839
4644
6316
4261
2050
4313
8745
113
1870
9634
4561
7886
6592
9909
2616
518
653
4340
1950
8704
6044
1070
6933
1945
3612
6844
8151
7581
867
9470
1525
3984
4368
4099
3167
6914
7123
2667
2488
2600
2064
1355
733
2150
9345
630
3276
6798
8225
5571
3241
3606
1569
7876
5037
9025
3440
9884
644
6056
8906
5133
8173
6062
986
8325
3079
3560
4036
7526
7874
3315
9561
4325
4732
4900
8415
4231
7926
5439
5673
9430
1297
3178
7007
4296
6480
9725
179
5034
6100
8291
2128
2922
5401
8212
8952
7242
6032
2997
8826
5650
9287
198
9737
2886
7159
5161
4096
7973
5179
9374
2754
8480
6232
5724
5059
9484
5339
5690
1664
70
5764
861
3579
1679
2808
8222
2840
827
3132
4571
3402
9805
63
8429
4427
2416
4612
3420
9232
8861
3779
197
9042
2038
7056
284
4169
4776
4597
4811
2410
2220
3678
258
2671
5208
4528
9328
7010
8563
7282
6125
6339
6468
2305
7711
4502
1768
4535
8334
5143
8383
2391
3838
4731
792
3800
1099
5842
6322
7704
408
9199
3684
1989
4367
423
6703
1665
8716
9290
8233
6723
8185
6505
8251
3562
6782
3061
4146
3282
456
1
3043
6851
5845
1773
1983
5271
3303
6245
6553
9172
259
8869
7852
1314
221
278
1336
227
372
8475
323
3739
6089
3950
908
3797
6161
4439
1695
2890
2868
6191
9655
3613
7592
124
156
5001
7743
8444
3967
3721
4423
7700
4974
4045
2905
5730
571
4404
7070
8883
3919
7560
6913
8071
6039
7192
9367
4307
9454
4595
6158
2013
8732
1399
7331
5262
3590
5519
5407
5092
4134
7569
4624
6892
4448
5302
7204
1001
4890
3459
7960
3492
1620
1938
4723
4570
9213
7827
8209
2705
9155
2009
3499
5493
6313
3907
1436
2847
427
5253
9741
2393
9000
7713
3832
3947
6474
8286
2235
6118
9559
7367
330
3057
9899
4554
6212
2606
3960
6428
7831
9793
8379
9862
2371
1631
6716
8451
1657
670
6494
8647
4828
1063
763
945
700
387
2130
1698
7101
9603
7550
2812
96
3966
2172
5047
1142
8792
8388
7315
7729
5955
4475
8808
8924
4474
311
6951
4569
2654
9354
1272
817
6451
2067
9313
1868
1289
3239
1347
6111
1108
8025
5487
8395
1659
1642
3487
7571
5558
950
6823
957
4242
1264
471
7723
9934
976
3889
536
7304
4932
3119
2863
3980
3668
3452
3489
5356
8879
9919
6266
9262
5549
5087
7741
989
8535
182
4058
1315
4441
7858
8121
5448
7097
5751
157
6094
132
5812
7241
9394
2033
362
8597
1718
4459
7660
5284
4294
7499
1434
2928
3168
222
7448
8392
2573
4689
6861
7269
1663
6804
8446
2827
1611
4678
1891
2097
8505
1968
9361
350
4117
4529
9795
1545
2866
7225
7735
7618
4990
5742
5507
1882
5521
1590
1331
8049
8217
760
5318
8646
8157
7519
4760
6277
2315
8684
9146
8682
2417
9580
6510
3958
2178
2318
329
800
6537
2250
7221
3312
4456
2904
7452
1982
755
2447
1329
1694
9246
8686
2821
547
4808
6795
3215
8873
8882
4452
8277
2841
5478
6810
8038
1778
3762
2350
367
8970
6947
8322
8876
1653
2795
520
9887
1725
3783
9382
4392
8677
1155
1498
944
4491
3466
3047
9098
3608
3545
5009
1071
2205
8384
1842
6731
3006
9777
7699
2148
8613
7946
290
9911
4669
8022
7280
4684
6906
6973
2858
4701
8260
3657
4896
5265
7138
4042
4823
6547
4908
2100
2474
447
6491
93
4426
9338
1357
4485
5273
4223
6305
6669
2387
7929
9514
7073
8156
8616
810
9587
9529
7296
6850
9583
3439
1023
2381
4232
239
709
8332
9221
7566
6921
8828
50
3741
7078
1234
1374
174
6299
3070
374
9557
6301
4563
2738
9368
6101
1066
7935
3390
5199
5010
6706
7855
3629
1118
5051
9849
4772
5943
907
8617
7646
6298
9657
5581
5954
5158
885
9649
3580
1011
5804
9774
8797
3851
7908
3077
7254
2807
7759
8002
8445
6273
618
8442
2750
6988
7146
2419
9831
5659
2336
5184
8675
6899
2506
3607
3036
531
5224
5304
7848
1740
1845
234
446
7938
7072
261
472
9819
992
6518
5615
3769
8878
9492
4530
9465
4986
5865
7318
8615
2508
4985
1128
802
8280
3364
811
7792
6971
8816
786
1633
2018
5113
9268
563
8945
3009
9209
4859
2088
7098
1180
2545
1783
3577
3291
7918
5522
327
5308
7388
6586
850
7289
4
1782
6133
6422
6886
6825
1483
192
9439
7559
7620
5939
7028
5244
2855
5279
3939
8610
7670
8959
2389
5326
7127
7076
3371
9522
3753
4513
3032
4186
3296
101
8063
2146
9647
1121
845
6818
6382
5564
4670
7527
3020
688
7936
9883
2769
5209
3542
6539
4712
9255
5266
3415
9299
6605
9491
711
5383
6922
4970
1662
737
501
7475
8509
9438
3696
7118
1922
9613
6565
3635
592
4318
6536
3102
1445
2559
2655
3243
6819
8693
959
1400
9868
8136
3654
8629
5840
100
8454
7052
8842
7309
8269
4281
4492
8102
1127
2574
5526
2144
550
6542
6843
8112
6709
1966
5449
4658
9558
1912
8493
5515
5949
4768
2347
5851
1227
3160
5351
6002
5014
9970
6168
5523
7033
6653
373
6271
6516
9526
1883
5906
9071
6447
8971
1746
8409
3597
9635
7809
6824
1067
2933
1763
5106
1040
4391
8624
4727
9166
3885
6377
8036
1692
9577
926
5780
4555
2078
4744
4039
2632
2707
8194
1301
5726
7288
4619
9431
6560
1574
7229
2560
2570
7128
9730
904
3278
8005
2864
184
1054
8181
5844
8926
1467
4586
7019
3012
8650
4951
5327
7376
5772
3766
546
3652
4046
2594
561
9685
1049
5568
8604
9654
6701
9606
4268
2915
9408
6816
8523
1422
1146
2618
6930
6314
1779
385
2669
1000
7637
9998
7614
1137
2593
5381
9190
9697
482
4697
1879
3632
1111
534
79
8125
846
9471
6863
6043
934
8317
1081
6006
715
2449
1584
5075
36
4795
8584
6290
2693
5545
5138
7678
8484
4812
857
1153
9440
1576
5306
9298
7920
5651
1320
3170
5627
7480
8183
6164
8153
9029
6802
6556
5141
6677
4501
5505
6582
6841
9133
4690
236
4210
8456
2983
440
5686
7064
1151
2744
5346
3586
8849
1509
6589
6352
1307
4771
9845
9162
1553
2327
3633
8829
2638
2278
7365
8752
4914
5776
9335
8175
2008
9238
7751
9149
4266
7313
7959
5005
4244
6736
5412
7544
9035
4288
3344
4254
8547
7878
8518
7962
3656
8606
517
9582
4546
7709
9412
1969
1919
1812
587
506
5787
3184
7977
2329
8195
2571
9928
6590
8570
4269
8097
9037
5462
9872
7565
6715
4634
1622
131
6309
5635
1836
5393
3679
6519
7903
2011
4796
3392
8855
2464
3329
9644
1138
7997
283
3803
4011
1716
9670
7068
4637
9083
9386
837
9269
2399
2080
1427
3230
6530
2165
4181
2960
8541
9667
5108
6011
6622
3584
720
2412
7407
3971
4816
8833
6324
2065
1931
3237
3336
6346
7152
3642
1415
582
9135
2024
7587
2920
590
8270
8947
4860
3359
9013
1390
33
4415
589
1065
6783
1461
4337
3569
4104
6418
8790
1994
4359
6876
6732
2617
6327
8324
2959
1660
6620
2068
6609
4064
9985
2082
4813
6488
1874
8612
2233
8344
3892
3550
3758
5652
8720
9612
9893
2355
5030
2607
7121
29
393
8934
5325
464
1204
9786
2935
3707
9087
875
6712
8143
5822
8531
5592
6544
1627
2253
8048
3408
2043
127
1381
4519
9707
6833
1527
3397
6503
273
251
470
7208
2109
8126
8573
6456
9994
6675
1593
5880
7373
9713
5118
1101
8292
1097
4959
9677
7163
4566
5672
4674
346
1721
1937
1861
3263
4949
8462
4343
5661
7717
2131
8521
5373
7501
2814
9097
6979
1765
8427
8978
7612
6308
2771
34
9251
1273
4874
8113
8240
6981
9001
8911
6637
5932
8729
8199
9176
2772
8307
1526
7915
1285
336
1306
1669
5971
44
7890
1078
3715
8350
3856
3546
5216
8519
4215
1178
6526
1008
8262
9659
1466
4005
7214
5068
272
6883
6018
4559
673
9462
3611
3781
2533
4631
4131
5145
6528
4113
2258
5219
7226
8160
1567
6294
9757
1875
5226
675
7880
3477
2563
3250
4247
1837
6507
3775
4201
1251
7828
6855
1727
8186
9392
453
2248
3991
7680
7116
8734
2699
1992
4784
4500
1896
3458
9726
6834
1395
7167
5045
1649
3442
8455
35
8268
6805
8598
4803
1163
6091
9226
3
7853
3200
1944
8340
497
6517
4942
6050
2976
5078
7371
8158
7921
2822
1095
6943
5902
7300
1656
9825
7037
3634
6086
7137
9167
6925
4725
4377
361
4971
4994
5127
2166
9169
552
586
1890
3129
8393
5866
682
2981
799
133
5328
9286
5291
7685
3952
2116
3639
8927
5619
1572
7330
6306
2567
6628
3627
3319
1601
2870
6884
30
4779
2818
8308
2441
215
661
2493
6295
2576
8611
5524
1143
7420
6413
4141
16
1106
9061
407
8827
9016
7334
6426
1167
8320
6652
5177
4558
2696
782
8435
5063
6047
8440
12
6269
930
3861
5082
4737
4683
341
6759
6237
9312
7851
1784
1217
2991
4710
3223
2407
6184
3819
1102
5062
6596
8264
4878
3663
4667
8305
6604
9450
4705
9178
7690
851
5264
9106
4568
6614
2280
9623
3382
8728
9461
4158
7464
3410
7830
3609
9775
5850
7840
6102
1580
9769
6722
8060
9054
4089
780
6251
3146
8517
3603
6312
10
8235
3294
8247
9545
7917
9405
7785
4944
8122
5882
9194
1541
3131
7538
6790
6959
4371
9783
3462
7793
1638
8811
1637
2895
4471
2962
3527
445
8501
4858
61
7202
9796
8628
3454
7719
8007
6250
8998
897
1548
3936
9093
3299
1720
201
8549
9105
2793
9821
2386
8448
890
2930
3839
9942
7317
4769
7561
818
9214
7090
9424
2875
5435
7776
8385
5830
7898
884
2661
9229
9518
2592
8347
2032
4626
3007
5795
4081
2931
7077
2434
3743
9682
2175
5015
7514
9031
218
7087
6880
716
9551
896
9272
5228
2204
3537
2321
1242
9123
5303
767
9445
2124
9981
1015
1051
1726
697
4237
9511
9074
6527
4258
7294
2817
7829
461
9537
9758
3025
6398
8430
7987
3923
5061
8238
9254
4021
2450
6972
9051
6048
5154
2173
7238
9315
3708
2337
8196
2668
6599
7051
3536
5525
9938
3400
2658
621
1745
8594
4276
1742
4480
9373
5353
3528
8571
1723
3521
7636
8754
639
3676
5055
5729
4219
2301
6502
479
3986
9132
1334
8282
1502
3208
2075
1310
5417
1491
1424
7437
710
3365
7693
9810
921
5374
7868
2348
4870
6470
138
2083
2927
191
3418
9337
7193
3896
6272
5602
3351
5392
1624
8900
5597
5612
7737
2957
2947
6994
3508
9317
1930
5727
7551
9812
8491
2147
2210
7261
90
7110
707
6315
7725
2234
7945
2310
751
396
6381
567
3890
2292
7686
1820
797
1873
7556
1674
3507
9288
4130
6577
5683
5777
4640
8012
558
7243
7869
2837
2028
2662
378
9930
2432
3763
7135
7067
8495
4360
7834
663
4602
2679
7619
8536
6946
4339
7811
5562
9867
332
5424
5139
924
6862
474
7435
1754
8123
4446
8953
1546
6225
938
664
5017
4111
2262
7378
9319
8019
8822
1072
4106
6799
3259
3370
5853
9276
4527
492
4243
9351
1785
6927
8558
2758
5193
6689
5348
4547
4018
5058
2625
4274
180
9357
1475
5947
6485
9901
9014
3793
9043
7036
8667
4693
5989
3925
952
6832
5196
9881
2619
2650
646
4826
1730
913
4993
3538
5718
3529
5484
9436
5950
3044
5411
5391
2213
6307
9006
9517
2035
2364
7434
5988
3285
6987
5823
6639
7753
7263
9404
4964
7428
748
5400
9195
7314
5923
3985
4807
4614
9931
9902
2835
9200
2272
1157
9578
8167
4872
8823
7023
1460
4844
1565
6613
3048
8807
6332
8946
7770
9264
1230
107
8362
7669
2368
6920
4618
5731
7380
1284
8179
6119
3765
8037
2363
860
255
3816
6107
3997
5529
5705
5371
2678
5116
2980
9004
3029
6734
9441
7979
4663
9754
2351
5506
8936
6487
1405
6992
342
5365
9407
3404
8439
9494
551
684
4947
7422
9916
8220
5090
8315
7585
129
6511
1048
7808
9964
9822
5494
8944
5671
4603
754
5389
4250
3831
2473
6053
3915
7822
2523
5431
814
8062
746
175
8711
8066
8180
9940
8552
6326
2553
6063
6838
6027
2209
9193
5473
4052
1974
922
9291
5147
3189
3688
7308
9485
2802
7911
8236
9210
5655
1851
9230
5218
4625
3680
1855
1978
8502
9618
5332
4453
8602
7257
2230
647
9307
9005
943
918
9478
5825
9701
6685
7580
9497
6941
2332
828
5330
6049
9211
2681
5769
9714
8992
8608
4059
4582
28
7383
4290
199
2580
2136
382
2714
8559
8529
5150
9759
2385
2316
1464
5788
9888
726
5132
7180
4122
235
667
5084
9021
6483
7875
8785
5300
5828
2598
2943
9309
5152
3621
7511
4894
598
4214
6617
4120
1814
6813
9171
358
43
511
7525
7653
9851
171
5748
5032
5499
3820
2820
5960
4493
8508
895
775
1326
8087
386
2081
5295
9989
1378
2539
2251
6774
4753
5320
4429
8287
6443
1469
7696
6034
3877
1684
6533
1189
2819
605
2046
7482
2990
5678
3356
7156
5117
2107
1599
3557
111
4968
8139
600
4598
4540
7255
6917
1020
3631
1551
4998
8351
2052
7045
1715
6131
4026
7181
6583
6064
4833
9636
7357
7509
769
8851
5202
7941
3961
4575
38
1226
1675
9201
9715
1597
9908
2558
4239
8135
1952
4787
4414
4387
3076
9402
6317
7326
1487
1046
7000
1623
1083
6856
1185
62
3481
5083
3320
2695
7219
3566
2459
5181
6557
4580
2110
8863
7993
8877
9763
4687
6646
5745
3229
5251
5387
6149
21
8670
2612
1833
7954
2244
65
4012
1827
1651
6531
2015
280
7058
7488
2850
1834
4948
8717
821
2883
4246
762
9959
4133
7545
2800
7746
8255
9637
8026
4351
8459
5637
2361
9926
6370
5599
8150
8261
699
6984
4635
2249
6770
436
9516
2090
1280
5886
4114
6207
2942
4945
1671
6065
9301
951
8342
4706
247
1086
6546
4075
5657
1484
937
758
377
4477
7496
8894
316
4211
2770
3164
725
2710
6932
2014
248
1872
6919
3999
3004
5293
8283
8487
2531
6156
5246
2438
250
2485
8898
873
4071
2816
7239
8441
4302
331
9092
9546
8960
2231
2525
309
8319
7495
1266
3361
8787
3151
9804
8928
4253
2831
5028
7060
7748
6955
5043
2747
6773
978
7223
1767
9698
2626
8645
2293
7216
3105
7164
3525
1958
1348
9163
962
1592
5774
1828
3301
3564
2141
5713
2102
815
1231
9716
2373
5213
5587
4965
9890
8805
4164
4818
8730
1411
9283
2532
5802
7197
6545
6896
8885
7079
7812
5625
9829
5694
5115
8639
6864
5577
1376
771
6476
2659
291
9415
4110
836
2692
6548
8526
3001
9334
9776
4464
2058
4395
5793
8701
2862
8418
379
3850
9480
5217
8512
2454
8919
8550
4922
1850
4888
3626
3829
381
6145
6944
8207
5175
2134
5323
4901
3476
9058
5305
6691
3297
326
6895
5497
1609
9282
2633
1368
998
401
5770
1321
9960
2767
4616
3595
8045
7791
8075
55
8061
1133
1646
9181
9318
1004
2665
1221
6520
2700
7597
6078
4000
4757
7724
7924
7943
7867
1724
2491
6803
1687
7677
9237
1936
9923
9085
8991
2418
9661
4557
1059
8422
5609
4743
6635
2677
8014
1179
8769
1797
4065
2053
5978
140
6595
7343
5859
9510
5791
6775
434
1981
9320
5632
8098
7781
671
8653
4224
9231
1810
8522
3568
2806
4611
7106
1540
772
2872
4370
747
8538
5952
7291
5701
4328
7804
756
3396
4696
5591
1104
1934
656
9836
7119
1710
3395
1216
4692
4709
5418
6399
2145
4289
7066
5467
1533
8004
2037
3038
6037
88
5210
7543
1916
2552
232
9032
9425
6606
1886
2929
3561
148
5565
8601
7481
6115
2266
4562
2799
7177
8369
2815
9033
3221
9941
9976
3026
7256
2949
9997
6188
128
2119
7324
8010
1261
4954
5614
556
2296
3103
3596
8047
2285
5282
2091
6616
5854
5125
7656
5735
3327
9515
6890
2708
6155
9962
9540
39
2192
3035
3154
6098
8715
1613
6745
3034
1124
1625
991
609
2221
1877
2805
4002
6934
6465
2792
3446
1457
3203
2641
3895
953
4434
1182
3084
7606
674
7794
5706
6167
4208
8080
5359
8085
1774
1486
5821
636
5469
1250
59
5996
9800
6492
94
1303
3284
9987
7332
2556
1849
5153
7103
5607
9306
7861
8937
220
8258
6747
9034
2413
9830
2452
8724
7570
8479
6719
1543
7609
3187
9520
8466
2317
5534
5488
5454
3565
1027
6962
8533
5489
5245
602
3181
3413
8847
8681
6797
5561
4009
8410
2029
4424
6991
7276
665
1116
3598
3175
1341
8858
3213
7788
5929
2335
7426
7356
8966
535
874
8090
368
6166
4321
9369
4777
7706
5292
3515
1225
3316
8011
4425
8042
8697
676
6845
9594
6378
9556
7248
1924
3391
2764
593
149
6462
1235
9422
7176
8649
5444
7750
8216
1587
5220
1025
9046
7689
5357
5725
7355
7517
2093
1029
9396
807
8757
2826
6197
5585
881
2621
5852
159
5680
5938
8907
1468
2851
9353
8652
7430
7817
2578
9638
2557
9296
8943
4572
9096
288
1316
932
1682
7906
8850
7132
7955
9091
8145
7440
403
3295
3491
1928
7012
9371
9671
4167
4062
4845
6857
3373
8079
4095
6814
3116
3764
8200
9752
3993
5134
1539
6267
6493
4428
9947
2608
5214
5972
736
228
4856
5874
8507
1270
3317
2153
8301
8348
103
9215
2520
1088
4525
7390
2666
8504
2789
6885
1034
7506
8496
1007
4762
3090
7837
1340
2785
3465
4577
2039
8192
4323
348
2893
7631
4895
988
8073
1017
2311
7598
6157
2357
1136
4200
1205
3227
2605
4756
1914
9122
8930
5453
5066
3695
6584
8551
8100
4761
9742
8345
3709
5648
7658
2103
9191
7336
8473
2455
1035
866
1628
3694
7047
8478
5324
8817
1528
4584
7779
5335
6178
3804
7859
7082
5457
9971
1691
6146
3732
4718
9455
1300
5604
7385
2691
3600
8256
6967
2106
135
1887
6796
4863
6025
6392
859
2753
6434
3916
3791
640
1775
2344
3901
2731
4412
9673
4982
3120
1612
7715
4282
1556
703
1458
9826
1238
6667
9784
8700
2115
4165
6099
5541
519
9103
9359
744
9543
1672
1813
1917
7071
7471
5634
3139
6390
4882
451
4999
6960
3990
4408
5870
4385
7902
6724
1791
8310
1854
2152
1006
7081
7445
3625
4327
3340
2383
8424
5983
9077
1305
5369
9138
2685
2420
5103
8770
3042
7601
263
8009
5896
2478
3792
6135
6612
5142
9874
9530
8635
412
5307
6348
9067
9346
6351
7584
1263
2581
5606
3437
4983
8969
1202
3808
8202
8503
3108
3482
9665
7629
7038
5445
7703
5572
9081
3377
2516
900
6362
909
7582
3517
1658
8106
4357
125
5691
5094
3149
5624
702
1799
5190
4319
2830
4694
203
6598
8964
1985
1547
1319
2056
6239
3505
798
267
1897
281
5163
9965
4159
8492
9880
9973
8925
8748
8128
8412
3509
4871
9332
9435
4187
4386
2372
4054
6247
4088
2031
2614
5605
8641
392
181
7
1987
4004
2105
5052
8921
9102
7092
6678
1632
8214
8513
7468
1057
3262
7055
5857
3211
4496
1602
6340
1481
4907
3594
2541
6668
465
1129
354
7283
8304
3602
8146
5301
210
5231
847
9990
485
4267
3780
3712
9679
6569
927
6866
6105
7417
4107
5379
1161
5879
1243
3810
1923
2429
1294
337
1246
9588
6148
7476
8868
3949
1511
3219
7270
6983
3195
8840
984
862
9362
9579
2780
4972
9686
8671
5704
9088
9728
3265
6826
2500
3133
7520
312
8820
6908
7925
8331
7645
7443
6867
9875
5415
8059
4526
7425
6085
7688
6310
5739
411
244
1823
1082
3703
5894
5867
7844
9642
4176
5905
9266
7969
5248
1538
1010
8144
1888
9755
4490
5877
3486
7323
9864
8257
7205
1605
1156
5261
3196
9089
2838
8764
5789
5810
9220
6472
2664
1201
478
9493
3304
2896
4873
911
6108
9305
328
4613
4855
2776
4067
1286
7665
7043
4260
6792
1907
7771
2200
2945
2828
2615
2859
158
8161
7879
3742
6059
2125
9731
2006
4987
5702
2443
6170
5276
6214
7160
4345
2343
9780
5416
3711
8490
7453
6203
9078
3019
9905
4251
5987
3512
3387
6416
2275
1490
8799
4310
557
2798
249
3697
9999
5707
503
3341
8916
5516
5682
4630
5771
9951
6643
2307
8205
6700
6260
5096
3530
9984
8203
8884
4332
607
4398
5881
8791
7162
1431
7224
9504
8289
5582
3790
3460
4735
1796
7233
6140
7705
1636
525
4334
6871
568
380
219
46
7707
961
9539
1172
542
4008
9653
4675
3159
5372
1159
1678
3022
8140
8468
7652
2181
1269
8578
4749
2222
638
2214
4923
8723
4116
4063
8449
7734
8690
9457
9604
8986
7474
4301
2433
8835
8229
3641
3876
449
6690
1198
6367
9343
6869
7342
672
5396
8902
3872
7630
6088
8
9541
153
8107
2519
5409
8537
6097
2017
5207
9414
7666
5368
7122
3270
3331
6737
4682
9011
6396
778
4607
5815
1739
6535
6347
4806
5044
9798
4409
4673
1393
6754
7655
2809
776
9787
6486
1482
2019
4364
7530
7042
9563
3053
2458
2989
2974
0
4939
6923
7402
398
5864
1038
6343
528
5836
5319
3246
2656
2375
969
3485
6718
5831
2507
7610
9113
139
5122
6054
3468
4835
2723
2291
3073
9863
6391
4394
3746
9426
5697
8288
5909
5560
3225
9584
8006
8363
8170
7963
7576
5182
1866
8568
8765
622
559
6874
2687
9631
1271
3929
2953
9801
5101
2924
8050
7089
1302
4235
8718
9508
9917
1762
6405
8958
7964
2084
1456
8636
9075
7865
8666
8660
3646
3059
488
7894
3191
277
3172
8955
260
3117
7843
5168
4899
4850
1560
9720
2902
7284
7617
8053
1485
1418
9704
1959
5136
262
9983
9406
2179
813
1853
6192
9023
9571
3231
6328
3114
9460
9041
8149
6726
6077
9815
7458
829
355
7057
3880
5498
9411
8027
5928
7819
3157
9028
6831
4633
6663
2460
2094
2842
313
3912
1148
544
5274
5703
9165
1618
3973
6353
1406
2549
335
9614
4358
7329
3852
4927
4925
2724
9797
4198
9141
2546
9903
3493
1852
3339
6479
4384
3787
4876
3653
5888
584
5566
627
8756
8457
2501
3533
8227
3039
4660
2135
5712
6057
2715
7654
8318
9469
3111
9945
4639
1283
8837
5198
1956
9112
931
9377
3662
85
7673
2196
469
8736
6427
3409
4229
4079
2402
8917
4849
364
6793
6575
242
9344
3794
1453
345
6999
6338
3457
9
6767
3348
1614
5629
8330
3142
2963
740
2624
7151
4142
4458
2645
8990
1135
214
2856
6672
8275
2111
3062
9082
3918
8380
5878
1359
2252
3847
3130
8032
4620
1397
5746
1425
5378
8470
3145
6329
7491
6016
7740
5111
4149
9626
7295
4861
5366
7352
6504
7909
655
319
89
8698
1530
2489
5826
4115
7017
8773
4402
1920
4695
500
2897
3661
2340
2657
9507
4381
9121
6236
420
6420
5337
1884
7227
2680
8599
7761
2382
8746
9057
9843
6693
2492
2467
7154
8895
6387
893
314
6127
5201
2077
233
3472
6990
8335
6564
8761
8184
9040
3156
894
4702
2362
8744
9847
6964
5990
189
9336
6404
6459
1748
9933
6035
5918
7522
5540
2360
4331
298
8248
1913
2972
7539
766
3903
8567
8794
6954
7393
2961
4118
4716
4910
9175
4917
5759
9483
1446
7814
8243
3288
1795
5580
1504
1090
3581
2720
6940
1670
5563
6573
4180
5394
2297
8712
3137
9816
6014
5130
3723
6393
3649
623
2603
5961
5717
7842
2098
4662
5693
2540
169
6574
1367
8311
252
9560
3582
7100
7290
5463
6725
216
6957
691
8313
4027
3840
6664
7429
6204
5914
2521
1276
9275
5399
4788
2380
8352
3664
1149
6190
5945
7679
9898
7381
6478
9743
3922
3307
4786
7174
4430
86
2104
9126
3788
2813
414
4486
9444
2289
3730
141
9813
1130
2876
8511
1962
3450
967
1232
3650
3978
5361
8655
6644
3207
5862
9817
3799
7084
3875
4001
3479
3540
5204
5783
3165
1761
8733
7877
2269
7956
2451
2977
6661
9158
2263
5512
735
6033
4606
2861
5123
5676
2587
7985
205
9136
5331
7337
9689
3236
680
4604
668
1516
1503
5321
8265
1495
2158
1258
3194
7209
75
4041
4249
9203
8017
1196
4411
9524
9977
8253
