622
2688
162
5202
7151
9454
9999
2139
8330
5127
1918
7336
5880
4860
9521
125
6998
4816
7314
5026
8525
6629
640
5276
1713
7240
750
4361
9870
7082
4303
2271
8649
7566
1178
1161
2880
815
8382
5712
7620
8812
7397
5875
2418
2058
5005
4892
3813
2314
9407
1415
5837
7183
2758
1652
4316
8690
4094
4690
1247
2617
527
4717
9187
2334
795
3901
1912
8458
3602
5873
1535
743
7712
4809
8426
1326
319
4060
2413
9446
7686
1157
89
6361
3557
5083
2260
2680
5969
3455
5236
6976
6949
2650
8401
9643
7301
1292
8445
7942
3406
4678
8617
1250
4452
322
2611
1830
1986
1539
2363
2393
9190
3540
1211
1212
5613
9453
7191
2154
1017
2767
8866
6914
7060
7313
9303
1383
6266
1396
6339
7158
9687
9144
9065
7157
880
2485
329
9099
3603
7992
3030
6749
6691
5064
8506
4847
6445
9887
4871
6378
2885
7708
9524
8725
6700
7317
1626
144
2656
5993
304
732
9609
7421
2332
9985
2871
9013
4589
4839
4187
435
711
6697
6885
4368
3221
5439
7763
991
1089
9846
1749
9482
890
2152
2720
2408
675
9147
2469
3912
1485
1128
9508
2194
6182
1255
4913
3812
4057
8824
37
8375
926
1137
2258
6314
1782
7823
9774
9535
8223
5248
7435
575
4667
5921
1909
980
6962
1507
6842
3708
3701
5046
6571
2386
3212
8545
3414
9158
1222
8494
6573
467
2380
4317
5275
3626
8105
1025
6521
5593
9205
170
8907
6393
5210
9192
9428
3436
7878
8928
1498
8820
7901
8713
199
2971
2839
409
2033
412
7424
2174
7305
3886
8476
654
5178
7008
5935
5120
8509
4785
6482
5744
7508
7180
3005
3566
4735
5009
3834
9149
2168
5203
6670
7730
2286
3808
5291
1928
8965
1355
3215
7245
9433
6834
7466
6551
9737
5295
3915
4661
108
7040
3887
2066
3763
8251
904
9681
3506
6047
4352
6465
3662
4985
4842
3702
5686
7563
6261
7032
4696
4654
9283
8057
817
9921
8168
2027
2574
9087
7383
7061
5839
8878
8008
1855
7497
5336
1529
9391
5983
2928
8092
4931
8340
7225
4991
3622
8936
2545
378
4415
3835
5930
3162
4256
8524
8527
3187
6145
3488
3906
3816
1097
6850
7014
6165
2111
2
8969
728
4125
7896
530
3114
5604
4082
7584
704
4052
3931
3196
6675
976
6918
357
619
6873
3589
6054
4827
1184
9238
1253
3039
5404
8377
3692
873
2990
6824
3859
9712
2902
35
5195
4428
6600
4447
7967
9496
2847
8436
9080
4929
3497
3694
7129
85
3814
1412
1907
9287
8288
1675
5402
2610
2347
1622
3145
3684
698
3554
9338
4588
666
8343
3271
8287
482
2761
1914
5953
5101
32
9124
3665
5927
3797
4300
6400
972
782
6286
7994
2086
6155
2134
8679
246
6259
9059
1563
9816
4853
1738
1172
6796
1913
3106
1160
4490
1371
2190
2167
7127
2414
2618
6421
5933
663
72
9734
6570
8135
1038
5552
312
5142
4500
4474
5524
394
1477
9200
7227
9743
5252
450
8245
3426
1370
1014
3759
4485
2895
9871
7361
6800
2849
1104
7216
9318
1601
6473
615
8184
5852
804
747
3443
3630
5237
9406
2423
7915
9546
910
1523
3163
302
6087
639
7798
5564
8572
2710
3534
7206
7709
2076
255
3491
1671
1964
2624
2400
6584
646
7048
5777
4217
6757
7611
1763
6107
4720
3791
3532
4948
7615
4083
2199
5535
7378
3314
2809
54
4721
6061
2509
574
3074
4683
3296
4854
9666
6458
9354
2506
1871
4497
7126
2769
6608
6677
4944
6594
6588
3922
5815
9653
5361
3343
7221
2121
4249
8758
5626
2646
6193
3535
5778
4040
4165
9375
6548
9898
6761
2887
8801
6303
5750
1188
6969
8659
4253
6345
4374
220
4076
493
9815
6535
9765
2861
7483
3608
6130
993
3969
3511
1442
763
1009
6154
2818
2520
2816
791
359
2189
5091
7715
7527
9185
741
4867
3477
2184
7312
3716
5272
9837
5592
6366
8128
4143
8831
2562
725
2420
2722
8674
630
4768
6823
2036
1685
9253
7759
8837
7520
7235
51
9731
2117
2915
9422
9355
7879
3342
609
7453
9057
7596
3385
1150
7507
2391
5183
9068
9669
9230
8554
4161
4137
326
1848
4439
2752
1049
7074
9863
4911
5792
4310
5968
5918
9452
8557
7515
4506
3120
3057
9569
8485
8229
2776
6251
4513
6692
4972
8112
5621
4339
1427
9945
4346
3695
6085
2114
8368
4697
3620
2827
952
3073
1090
812
9840
7266
988
3522
1527
4221
2549
4030
566
2589
4772
2924
8189
8113
5737
2336
9188
3234
7832
3957
9063
1061
2241
9160
696
9420
8646
3894
3955
9118
4760
6494
7740
3011
9909
6028
1945
5428
6147
9583
6723
1991
9438
7796
7803
4574
3151
9920
9372
2256
6870
4446
3028
6197
4280
5326
5198
7330
6395
2011
8511
405
5447
4977
6939
3787
872
1227
9783
9852
1517
1530
3017
8165
3111
1678
8046
79
2643
5989
8140
6466
1217
2370
9878
6247
330
7828
5298
3319
2235
4504
6128
6682
2983
8864
3390
4178
9738
6837
2694
5340
6119
1522
5241
5456
2930
8653
5704
512
2498
4135
6590
2096
2369
8089
5555
3109
9802
1273
824
6533
9212
4548
2616
4669
5695
2340
9586
700
2481
3118
9894
4884
3541
7931
845
1854
4281
7415
7788
7853
2163
3850
5756
651
7395
2842
2131
8407
9978
6881
5092
3008
8289
2186
406
7437
8919
2974
3873
9633
8694
2825
4457
9944
6699
9986
192
8332
7193
3485
3794
2690
8086
3569
2800
4688
3686
537
1965
6849
2819
44
5917
2228
8925
7088
8886
9829
6379
201
2354
3381
4840
1896
1062
2901
7098
5894
4811
5682
8052
9936
335
4276
4595
6632
8521
6120
3243
4584
2957
1078
6134
8851
4770
3596
8051
5378
4051
7316
6784
3116
4166
8284
2774
1235
8221
879
2070
7891
1417
6586
3286
2980
7678
7063
6751
4101
3404
5934
9172
3374
3394
5708
6291
172
7105
6827
4124
5512
5827
9990
6848
2232
2090
6377
7963
3238
6484
8717
3710
8889
1857
393
7198
1088
5081
8269
2727
4164
2514
8039
5845
7153
4516
536
7593
8951
1171
7388
5823
4627
6088
13
928
2581
7268
2541
8387
4477
6427
1946
1198
1958
7747
4536
387
1029
919
3175
5897
4121
2267
1426
7960
7272
9634
9334
6170
3744
6833
9561
9327
8712
3123
5368
7707
9549
9564
5387
1153
6892
1446
6606
1806
6444
3777
7155
799
9198
2259
6360
8457
9072
228
6192
853
5225
1144
2913
466
7090
3325
7100
4907
7335
2288
3536
3993
3435
1256
544
8235
5352
9992
350
1079
7189
1734
9028
8010
4244
5826
1101
4093
731
6997
823
45
7372
5105
6306
413
7938
8744
9629
5764
8788
3063
5752
8938
3306
6541
9265
9199
4580
8752
1843
4131
8369
210
7746
3084
1141
9956
1588
7654
5791
871
9021
6480
362
5972
2417
7958
8895
8001
3937
1791
9834
1851
4750
7914
2685
3629
4022
6416
8276
525
8708
4064
6822
8960
396
8297
1968
1445
143
8779
9573
9037
3102
1042
9540
2636
2568
766
132
8226
2464
6309
1725
7196
2422
1844
645
585
1266
5060
9491
2072
3248
8780
7163
7512
694
9709
563
6287
518
6118
2025
5110
2150
4242
5639
270
7675
584
6071
6659
8796
4996
9152
5926
8474
3096
6589
6836
5973
1087
7456
3746
6651
2547
1614
5814
8232
8032
5882
3422
3311
3077
4091
4734
1414
7849
8961
2988
9155
6499
3019
1374
2159
3295
6229
8497
7721
3979
4841
3700
6322
6142
7228
6661
6929
7464
5484
8845
523
6558
5909
2903
4924
5940
9343
1416
3817
7116
7981
9393
2747
4813
9916
1931
8066
5307
2093
4385
9293
721
9125
3045
1950
6769
5964
2333
6342
7311
1058
7267
3679
2452
4265
5152
6226
4879
8621
8413
2004
4066
7039
4546
9309
337
1644
1753
1187
4968
4766
4218
3994
1197
8389
8493
6260
3461
1610
296
6513
994
1105
1215
3526
5343
1629
5424
4219
5280
1910
5675
1514
894
2759
9234
4818
1691
4004
7293
8453
9470
139
5475
5795
1136
2409
4075
3002
5938
6278
6300
324
7652
7510
8460
219
6144
9686
7058
8200
9952
3601
2619
7704
8941
3857
4347
3430
3357
8998
9312
5734
6297
5748
7413
3600
5321
6232
8263
5570
6139
717
6477
5877
3368
9143
4206
9751
1069
6428
6055
5883
4814
7295
9255
9328
1176
951
6288
244
2519
12
5270
6965
7825
3038
171
2922
8932
4182
6186
3703
7546
4336
8286
3982
5560
9249
4054
189
4142
2708
3824
3802
1168
3245
6181
5090
3753
742
425
3582
4763
5657
9667
7714
3397
8947
1829
8735
196
331
9035
5606
5679
8259
3371
4559
6995
4564
3274
1569
3195
8300
3308
5975
9146
3731
3889
4643
4192
9006
4461
9298
3903
6762
6579
1342
9269
4746
2275
6863
4430
2966
8700
1140
6514
5745
4056
2265
8417
9510
5247
3321
1853
9885
6890
7871
1484
793
4448
1560
388
1985
5036
4088
5044
4987
4437
8757
4761
7023
3201
9833
5527
8275
4844
6171
4585
9241
342
3517
2397
7859
4071
8915
550
7836
7252
3848
3895
5320
570
9611
4740
5905
4636
7860
8940
1397
9058
5677
4332
4260
1987
3292
4169
6110
3518
2436
7758
3590
6866
5534
4337
6252
7128
4451
6392
8634
9209
6136
6161
7164
417
6882
9076
3851
772
5025
5213
4718
8249
7948
3844
5912
6084
6320
5078
4073
4126
4632
9378
9708
1692
3122
3749
7911
3307
6253
5762
1488
2377
3365
5219
2949
4203
3432
7585
8094
7106
7844
3774
3393
3934
1616
8131
2952
4752
2533
9034
4905
3963
7876
5656
9664
3352
3225
1501
2362
3830
8252
6068
9997
452
5681
2662
9779
2222
4947
9191
3359
9859
27
4130
7664
9120
4418
9075
4268
5522
2851
6461
8115
1506
5233
5549
6587
7033
9344
3474
831
749
1955
4647
2789
9046
6580
3184
5351
7215
6312
3959
2273
8541
9245
1398
7017
5038
6248
9787
8310
3104
4989
7762
4009
3021
9490
6884
6469
3949
7166
8370
6365
6156
3999
1875
6375
6500
2304
1021
6529
278
1406
4945
1425
7167
1850
1350
3505
8132
4662
6503
1120
6621
2850
8738
5327
7402
4949
5582
4044
3621
5421
3594
8133
4973
5902
8199
7044
8152
7952
9027
2030
3052
9226
5994
5662
7540
6754
7890
1447
6
5742
8151
5408
7539
4593
3220
4670
8319
9219
9655
1298
1317
7840
4196
67
2635
4851
3299
8567
1233
4626
2645
9026
107
3641
9867
9975
8741
6896
3752
3463
2560
1570
7233
3985
1659
6985
8873
3754
5611
5373
2751
594
5451
6756
4104
8627
6986
543
9098
280
9728
2666
6299
4545
3853
300
3778
1113
1060
842
4633
5358
9810
2323
5176
1621
8955
798
1308
9584
7490
2538
9473
9274
3147
9954
6585
5381
8366
8633
4943
6655
7493
4372
7627
9413
7270
8909
7519
1046
186
9742
888
131
3730
2917
2975
4864
6774
7210
6151
6808
2512
2700
3945
8143
8270
8699
4150
8173
424
9711
1203
8591
233
1053
1783
5349
6515
431
3020
9890
3839
7830
437
2257
4043
1335
1784
1012
4890
3838
8560
1490
4278
908
1481
1774
1297
3736
7231
6340
6582
1818
2579
3261
3502
1149
4980
3714
6038
2931
8433
9025
3558
9485
5287
4887
4118
4443
8825
9541
6187
9703
5651
1537
2757
2283
1034
7729
4915
1373
7251
8563
4063
5186
6772
2908
3500
3888
7236
9442
269
6942
1828
6895
5108
1318
1941
4938
2458
7484
9489
3825
5218
298
3962
832
2200
6646
458
5094
5243
2803
9763
5529
8418
923
1081
4291
8959
9054
8279
159
7488
3080
6830
2119
966
5999
1934
2138
3178
985
8670
7742
9186
2298
6578
9184
9689
2042
3932
5187
3573
8164
6694
5538
1316
8507
3549
8954
8316
2465
120
5506
6371
2719
6786
9931
6753
8616
8074
7103
7656
8552
5758
3268
7565
3475
3278
2390
2162
3138
8365
864
9805
9020
7323
4528
7075
7916
6098
5309
679
3099
1757
2123
457
7085
6507
8231
1579
9195
8071
9544
38
1654
4262
3062
6826
8916
572
9796
8218
811
4258
8643
1849
9893
3324
9379
7347
4426
1003
1846
371
9716
8325
5960
8677
9631
6871
404
4714
6763
1325
9875
6813
3281
2998
1645
780
764
3199
2430
6880
4111
5699
4327
5181
9927
5766
1428
5283
1615
1228
4213
9994
7839
430
4742
8045
6716
5672
9752
8791
6693
5148
9052
5583
9053
1602
345
7869
9220
8161
1134
7543
8528
9325
7790
8635
7842
4433
1975
8011
2742
5802
4384
2664
3398
360
632
6367
3251
8912
963
6831
1026
1422
767
968
3391
5846
7778
9100
4992
3866
3031
3862
8900
6194
4565
200
7630
3650
439
8612
188
637
1917
9459
5511
5145
5471
3987
9755
5828
8104
5707
4837
3598
9993
8787
6913
68
6633
9932
7760
1745
9526
3072
4021
4838
4267
3115
3680
9495
5462
707
3300
8376
3572
7258
3424
4275
4284
5135
8444
2877
5787
8844
6972
1362
1268
161
9585
9458
9423
8597
9016
8114
3954
4257
8683
8974
7462
5124
9340
91
862
6227
9553
1811
2379
7816
6616
6114
8745
5255
7190
7432
8177
7175
1754
3291
1108
8905
2918
3088
3092
2496
9222
6374
2017
2301
476
9176
3593
8888
9912
1486
7852
1679
1092
4993
2043
419
8211
4173
1619
8903
3648
2542
4681
9656
3847
8510
655
8908
1683
3966
1242
6583
4645
1099
8989
8087
1597
9957
5023
8515
1954
2180
9946
5461
5
8759
4108
5356
6489
6760
5616
1869
3401
2153
9835
8923
5703
2588
1567
9418
9466
2608
3943
818
4525
6411
8720
6403
7606
8981
586
4046
3392
6893
2798
483
9443
1905
8153
6814
6014
9141
6520
232
9371
9227
411
403
5028
4515
9292
7147
4543
1612
3095
7579
9853
1911
1274
4367
1193
1339
4279
2092
3182
4701
2681
2319
6954
9758
2358
2195
7548
2792
9121
603
9203
9827
1084
8810
4912
5297
2061
1681
3689
7750
6557
5797
7682
1480
4205
3373
4820
8351
9456
7381
5609
601
6391
5569
9617
7982
1882
4656
1106
9785
6399
2494
7026
7078
7392
1182
1513
1152
10
3266
8652
8296
6354
8096
2505
5558
3718
2074
4530
7391
8746
6149
5693
6620
8729
7995
90
1394
3399
6231
8539
7299
1121
7130
4829
5067
4893
9700
8601
3382
7582
2181
480
4170
4917
1107
1066
9264
535
7687
1840
1730
5709
6709
7152
5109
5550
31
7329
7047
7748
6626
9358
9129
4722
7353
4212
4318
6420
930
6801
6932
9512
6067
8562
5267
5683
2532
6755
3157
558
9168
370
9267
4465
1761
4969
5169
8117
1052
6228
9704
8081
8672
8280
8312
2992
8060
8486
851
503
1778
4616
6329
4486
5052
3484
4566
9189
3723
773
7506
1544
3272
9817
7472
456
2973
1158
7757
1028
7203
3160
7569
6284
474
8979
7436
2459
8651
3764
3316
2221
9201
6383
724
285
8991
1043
2433
4103
3010
7599
1684
3941
5779
7765
1724
4729
1747
1348
4587
8565
2886
8949
1462
3354
7523
1304
7430
3711
1429
3194
2307
7908
4132
3668
5982
2069
2866
499
9635
1494
4664
4080
3483
4309
69
6113
7419
7598
6878
643
6994
4727
5519
6678
6402
5258
5436
469
8333
8602
9644
7701
4241
7337
7673
4823
9974
1809
6883
7696
2094
4378
642
4930
1723
865
3740
5866
2064
2384
7214
6166
7689
1076
9788
9008
59
498
7354
4335
5716
314
7426
247
3091
3815
8373
3836
2185
990
1315
1050
9713
2396
193
6921
6456
2177
7800
3567
1819
3635
8007
1439
5288
2410
8675
1547
9995
9551
5042
341
7955
1714
1898
4139
6123
5784
7485
101
6593
5692
8926
8432
5089
2455
7065
86
942
7990
3350
3666
5452
7771
931
9270
9663
9049
816
8214
4703
1044
7474
9424
7625
1824
389
3349
6355
2956
1395
7791
7826
7124
6200
7944
5928
9545
7690
3578
3914
5482
3326
100
8703
4107
8277
3885
9794
1657
138
3305
7338
2881
5228
150
8120
8411
7917
2582
4198
9305
368
4570
5318
8313
2339
5810
3676
4444
5146
3081
1448
5495
1100
3537
5714
2338
999
2466
1895
4259
1969
9574
7070
6498
8023
4475
7423
7609
6931
4836
5163
5726
9660
1532
8607
3770
5153
5264
377
1662
501
3258
7346
4798
4195
5889
2176
1307
3142
1352
7123
1672
7108
4391
6164
1694
2756
897
8346
8013
8355
6820
4872
4520
9415
4674
7588
3719
9608
8006
3925
9022
771
7174
5739
9352
8036
7919
4250
8705
6688
1115
7318
5786
1553
8215
1502
1284
6518
356
7717
5587
8470
5632
9542
7522
5696
7812
3389
7555
3153
9106
5400
8777
3449
7089
7695
2677
1538
7447
1469
234
1356
9968
5608
3651
4523
2456
4719
9971
8957
9225
8927
7700
2572
166
1234
9233
2217
5504
4074
1319
733
719
8203
5281
2760
6562
6241
3909
9847
6152
3061
453
1229
2490
3262
8849
9377
7254
5062
9696
6877
9970
3223
3364
4526
7699
5833
945
2364
7021
5523
4511
9295
3685
6860
8693
4900
6909
4962
7059
9902
7476
8101
8311
299
9723
7774
937
5697
7368
9706
7559
1148
6160
5151
1651
4230
3576
4409
3991
2098
3380
761
8162
5887
4544
7538
4079
9471
6493
4611
4711
3660
5458
8079
8598
140
363
1770
3310
7677
3256
9221
2960
5401
2652
9676
1361
5030
4389
9109
8212
1865
2831
9311
1989
6654
6927
3242
9381
5720
1500
374
3078
5073
9918
6644
2050
6455
4355
3642
4282
1921
6903
5337
4348
6042
5922
752
6770
981
48
914
4287
4861
3412
6789
692
7814
3348
3585
8301
1492
5137
3729
442
9529
1649
7639
2553
9504
583
513
5640
9300
5984
3516
7079
726
316
7884
1525
5396
5071
3154
9064
8856
9707
4055
3775
4776
7491
8762
2001
2753
9615
1174
9886
2250
6780
6791
1214
4209
1059
6050
943
7041
3472
9550
2083
1902
5095
6859
5311
3434
9839
4780
2836
5963
2934
5391
440
8172
7622
3451
3646
3529
4579
8410
6404
8441
3757
7265
2075
5770
4974
6125
6063
4495
9286
1366
1797
2596
2491
9618
1658
4507
4708
1519
5991
4859
792
3884
6598
2205
9102
5412
4615
8891
6952
3899
2535
759
3807
4373
2419
8428
497
2350
1388
2950
5437
1952
4306
9710
8499
2294
7125
6012
4510
252
6689
6056
1888
2576
3882
7345
7020
2977
4473
9683
7985
2261
5730
6148
2225
6704
5199
7913
7786
2212
4377
825
6702
8
4400
8685
2644
2999
849
2088
8307
5540
2802
8356
4154
9296
4953
1925
4710
182
2428
2929
4576
5302
1776
602
5493
1468
4745
6707
8722
157
7848
4208
777
5780
9580
8043
612
2642
7996
4653
5310
713
9279
3358
785
9448
47
6308
7912
1639
6348
929
5761
2674
3878
2373
3440
3881
8281
5155
2573
7463
2661
3539
7806
9484
974
5230
2191
8292
1903
6875
4707
4704
4693
7988
9674
1010
1035
8038
1611
705
4329
3997
4535
8666
1674
3706
629
7792
5508
2932
1800
2982
876
455
5292
8586
1696
3837
2002
5333
6397
5138
5891
9562
1609
5585
7856
2501
8595
9610
7255
1976
3756
2500
3611
4086
8484
2082
2703
1599
2022
7872
2896
1815
5034
5234
8799
5633
7442
5066
8608
3066
3970
7668
8469
4941
9127
2482
9572
8522
9632
6007
3336
8402
1746
9614
8802
4072
5257
7741
8030
778
8139
6442
710
3198
9386
3370
5995
660
1503
7460
8585
1345
7494
5622
838
109
802
6334
1703
7556
7653
6545
7521
9412
6276
8834
7725
1491
8423
957
1368
4494
4344
9908
6876
9693
4085
9216
75
6951
9289
5956
2158
1313
8629
7222
3239
9101
9659
5290
1886
3616
5077
4732
2038
1232
2324
6495
7410
6081
9595
7322
3690
479
2961
4302
1947
3284
7850
970
784
5497
358
6065
3766
4765
7425
3863
4518
1098
2718
7929
2421
7052
4692
986
3933
5069
4997
6201
2345
9789
6401
4116
9607
2155
2893
4314
6191
5978
2056
4200
6805
6668
6795
7146
7640
3000
7202
1201
9477
8984
1793
691
9341
8056
5556
5423
9083
5871
7224
2276
1473
5869
4975
3583
5360
4399
4115
6210
9873
4517
9832
9356
555
7969
6602
5015
5054
9139
9514
6567
3742
5413
3190
9563
3411
6983
6502
7495
2750
5444
4147
6045
6991
5691
2335
9079
6915
5775
402
8422
7727
7459
8945
9290
1068
7636
8121
6459
5774
5188
4582
2224
7775
7910
8137
7857
3131
1689
1712
8306
3323
4207
9167
590
2804
2585
7933
617
1285
4856
3113
1186
9766
8883
9108
7835
5590
5545
5367
3693
9074
2775
264
8031
3200
5197
382
6564
3402
9721
5122
74
4607
6412
4296
3699
1065
6508
4157
4255
6781
6978
9819
5121
2403
7010
1166
4496
1195
1573
3241
7212
8026
8136
408
395
820
7139
5986
6271
1528
8569
1349
8581
5559
3924
7755
7036
614
9547
7382
7025
600
5920
106
4227
7084
9171
6460
5724
4675
6131
4939
8116
56
9254
1636
5425
5831
1786
5100
5878
1554
2841
2739
1823
9181
1418
4910
5363
709
6634
8068
6173
8553
5974
8797
9786
3089
164
8414
1263
4387
4092
194
4800
6127
5907
6925
3973
6919
1194
9194
6486
3079
3047
8678
2985
6980
3329
4482
1956
3911
2341
4567
76
9777
2010
8206
7471
2366
3503
3796
6847
5156
4629
6561
4000
5943
5741
4663
3437
7607
311
4858
3070
4533
5220
9581
9684
9363
3854
6950
1894
6804
1276
829
3581
4568
8412
7467
3530
9888
2612
7854
1466
982
6356
9488
5575
6642
7632
4978
4552
2749
9502
2278
7526
6647
6452
2073
8415
9398
787
2322
4503
8807
1731
2113
4412
664
1409
5507
4102
1118
1359
3823
3313
5180
203
3130
8482
4024
8353
9472
8318
1972
4862
9015
4419
4706
7813
9396
4855
78
492
9648
2865
8205
9243
5736
2237
5893
2737
1303
1762
1568
7541
687
3992
9376
9271
4005
6970
5965
3405
9281
2933
5107
7135
8100
9093
2963
8003
1163
8385
1932
8278
6742
414
9162
3465
1670
2855
5537
6999
7120
8468
9282
1183
4659
9830
4902
2348
3055
827
5903
6552
4210
7968
9764
9122
5140
3180
262
6368
3874
7342
1978
1812
1580
4204
6273
4410
1449
9117
9244
5644
6448
2388
4676
6108
1353
3069
249
1457
6610
1070
3734
8920
2692
3976
9989
250
2793
4416
142
1598
4958
9649
5576
7377
3776
6122
6818
5565
2467
2762
7055
1057
2097
9911
4297
6463
1726
6737
8178
9552
9031
3545
658
5164
8594
2249
1054
5478
8315
9403
4957
1803
3618
7946
9408
9784
2296
6492
5667
4541
477
5659
7478
7604
6867
8481
746
2242
868
1887
2537
5635
3287
2900
7940
9445
8054
7789
9623
9639
9579
2443
1413
9856
2463
8477
1436
2197
5427
5057
4646
1666
573
8669
1695
146
5207
2080
2834
858
4705
667
2308
9866
4609
34
4401
7728
7027
3345
4394
9804
4935
448
8592
7831
5392
1278
5001
5899
8655
3951
2407
1884
225
5547
6947
613
5898
5808
355
1122
7182
6076
4786
7645
2239
2923
8671
4331
8403
674
3356
7781
3677
98
1959
3688
9159
4723
4743
8304
8740
315
103
7638
7043
5265
9949
1192
730
6855
5822
6846
1641
6138
2144
465
2593
3026
6960
641
9084
4364
1295
9958
7363
1792
3682
7
7903
9699
794
81
176
4363
9809
5394
9813
7970
3202
2282
2342
8033
2554
8480
9955
7671
633
7861
3880
3191
3543
653
8966
9941
6645
4982
4731
4228
9980
9417
4290
2310
8489
1764
5838
1131
5193
5116
1219
3433
9202
6676
6922
6565
1180
4581
5763
7718
3751
5881
2344
2243
336
1997
7364
3344
4620
3086
7208
5654
7829
8357
8378
4266
2530
5617
4521
7332
8877
5306
3687
8037
9754
8953
5857
4624
6560
1656
235
5284
2129
5932
6451
9329
7518
1305
8863
4149
6272
7404
372
9739
2970
1682
6819
9962
8513
1944
2187
8354
9111
3788
2059
605
6812
2557
2744
2128
3298
5103
4144
5365
2122
7449
9426
1646
2198
8663
1237
5328
1613
2100
4224
5713
7067
1673
5517
99
9073
6721
4436
2230
4180
30
8175
5251
6776
4563
1605
6004
1147
126
7253
2063
8930
6657
6223
693
4795
18
3189
9434
2142
5474
2905
15
7327
1347
2716
4730
7262
8213
3013
5485
7663
2916
1040
7133
8363
6971
6839
2473
805
846
21
7688
9112
1736
1740
740
9748
4459
7480
3486
2657
8763
9593
5184
2728
9654
5819
4952
6771
2000
8987
2160
94
2474
279
8186
5842
3795
7661
8684
7247
4755
4375
5486
6189
5811
6049
2147
4779
7966
755
3171
4370
7115
1358
5053
6446
7586
1690
7434
7334
4803
727
506
9881
6285
5348
3986
1296
168
8018
8295
9476
5859
1213
1167
6809
8396
4716
6041
9444
3936
9520
2355
1109
2729
8869
4264
7086
5431
384
9308
1384
3197
6030
587
8876
1037
6793
251
3051
2578
5525
3056
4700
8816
2890
4792
1470
3619
5231
6413
2953
1546
3482
3322
110
9964
9722
9342
7768
6464
6656
5031
2872
1973
4754
4138
2451
9468
4462
3664
1282
9724
3562
1832
8934
1668
1015
5477
3998
9055
548
8019
1889
4183
5759
8027
7978
4425
6803
4677
6981
8466
922
7218
7038
8440
5088
4873
8609
9849
6730
2284
6143
2133
9275
277
7012
4777
2763
490
267
3845
8350
290
8836
6025
9762
7373
8266
9719
1031
9154
3789
4018
2359
7492
3233
2435
3527
9842
1400
62
9302
3076
5723
6603
9694
1456
1628
9252
6218
148
1036
9749
8570
1710
9645
7271
4990
2565
4047
4642
9004
589
3721
224
8170
596
9088
7201
6179
3362
6792
912
4784
3467
2689
4573
7646
5649
7659
2037
5021
5221
9116
9067
9114
2632
4920
1627
9877
9757
2477
9567
7672
3469
2987
1056
7547
1111
1555
7465
2270
5630
701
6150
9652
6202
484
2067
6230
5719
2755
6183
213
8327
3166
9915
1208
8636
3644
2993
1155
1270
1996
1750
8584
5979
7749
4025
8308
9011
657
1708
5729
3961
8688
7964
1196
83
1994
4307
3438
1799
7229
460
4631
6599
3727
9582
8345
1576
2723
7479
2696
3334
8542
2921
2605
276
4833
1743
3610
3940
5721
5701
4350
5789
1095
2462
5879
1516
9621
2783
1082
3369
5190
9500
4013
1324
8439
3339
2925
2912
7394
2240
2740
7161
659
1476
2039
1804
1264
5143
1777
3294
9246
7374
2810
254
796
2882
1279
3790
4898
6078
891
4246
8192
598
552
4366
6618
4874
8638
7141
5254
7219
6117
8021
8430
4393
6865
3213
5738
9668
7143
7496
6779
5805
7339
237
3376
9596
4114
6945
3133
2768
6410
6549
8381
5168
950
2561
2311
3786
7875
1508
6324
2904
6109
4019
4033
7694
8748
5629
9335
9150
3575
7739
2691
913
5801
9695
1822
2796
8234
6053
2969
9043
6086
8451
7577
6124
7324
8041
9523
49
8980
7111
4146
1461
7975
4828
625
8914
1551
4349
2488
8305
745
4538
5886
819
6566
6917
2292
7976
7431
8110
2630
3219
7149
6370
4591
3728
7951
1344
4686
332
2587
4787
514
8185
6100
7504
1329
4802
4623
5888
8911
5139
6509
5642
5018
3604
4189
373
9071
2425
66
6538
9778
7804
6968
4012
4186
2944
3249
9692
9291
4453
9807
4340
526
6984
3494
7984
2874
8491
9339
8551
2078
6159
6033
7349
7049
1837
7888
1386
946
475
80
8625
1707
5249
4289
5206
3428
5397
2236
9390
1948
2444
7230
6217
3024
3984
6857
3224
4048
6783
2045
8141
3977
9736
3800
6357
6204
4733
5532
3649
4015
8244
9050
2927
3155
8496
4251
2454
9229
4909
2484
364
8568
683
7621
8624
8661
6211
8190
1181
1735
105
8182
7705
3148
1022
8804
8020
5170
1901
885
661
5567
8819
6478
7777
554
6856
6568
8800
8798
2132
714
4038
6664
6198
8632
6453
5167
7822
4027
2639
6595
8620
7756
238
5435
6423
1915
562
5472
8538
9163
1102
5032
97
9901
2743
4288
4423
6937
8561
4737
8846
2140
3476
8099
5551
9077
5500
6765
7359
8750
4843
6829
6933
8645
1432
130
5732
1063
949
1680
8885
7028
7613
3462
3525
5636
6213
4240
7375
4876
6746
1165
3101
2361
1582
5520
4577
8077
4601
7681
6758
6321
5499
7921
447
9266
4359
779
215
2569
1257
7326
5648
4937
7568
1334
7034
3780
9604
2846
8360
3551
6897
9322
2875
2394
8224
2660
6729
14
7384
8894
9036
2049
3559
4089
104
6255
2203
9494
1960
221
6592
538
3989
6926
961
8818
8394
9156
9907
3041
2786
2247
1096
4122
2279
6714
8487
7731
1510
8091
3568
2510
4245
3750
1083
3165
8261
8258
5371
116
2051
4685
5702
9478
153
2416
9331
5112
1606
4970
5851
9967
5954
6206
5305
9365
3384
5362
8924
8742
6044
4492
9012
6032
3793
9642
3765
4652
5212
9626
8582
8774
4865
1852
5376
1933
1575
3386
7754
5442
2634
3244
7549
933
522
8336
1562
2171
5890
1993
205
2141
7045
6556
1071
504
2791
9092
1259
6178
3125
3468
3363
3479
2878
5041
5929
9429
4193
9250
5916
1893
5415
869
3524
6797
6039
1859
6581
8078
5793
3108
2223
4702
9884
6948
6934
8262
920
9776
2820
8872
8248
9527
9934
2935
3586
1124
6372
9768
386
307
2811
6989
6330
9855
2062
8070
1239
3419
1441
5246
6313
5460
6106
8090
9045
7927
5159
5312
921
5085
9280
3995
415
7693
7004
8400
7016
6840
6725
2782
9033
1023
2867
2883
3564
9650
1836
9671
2293
5133
1642
8447
5430
4320
7633
1018
6282
1966
2041
3049
208
7011
4940
1686
6672
1868
8075
806
3193
9207
4846
1338
3606
6316
9509
7441
2770
959
7846
3315
3023
9236
7450
7819
828
7376
2405
6135
7110
8264
788
5652
4769
956
2607
1483
3827
2480
7647
22
7905
2948
6531
1142
2272
1323
765
6474
6858
1290
9483
2253
41
4644
6376
856
3012
6036
6663
4960
5469
2015
2954
3490
9157
3204
1478
5847
1515
7766
295
286
8976
102
2164
7935
2170
3085
4181
3250
4561
6496
5438
4226
4029
844
5407
3492
9602
954
4666
3132
1459
185
1045
204
9432
5200
9897
5468
428
3902
1408
1982
4445
8850
5669
2550
7937
808
5653
3210
6337
676
281
6115
4794
149
7250
7062
627
7015
9499
7498
1173
8064
1077
9070
7469
432
948
9366
214
4100
5488
3456
7274
905
6559
8106
2620
8967
4167
995
9196
8048
9404
6017
6601
4274
3508
7897
2306
7408
8736
3058
2609
6550
8145
8227
6481
6964
64
3974
5767
4805
5216
2735
3087
969
2591
4926
5240
3228
8535
3103
8751
1781
5619
5244
4622
4438
197
1737
3658
4557
6705
141
5817
5757
4963
2801
833
9389
4252
7486
3174
9441
2911
5446
391
2648
3209
380
6158
58
9601
4789
3141
1962
881
9261
9987
4179
8827
8016
2546
2052
407
5997
4988
4783
3913
1236
5253
2812
4311
5134
6640
6311
9349
256
9437
8047
8781
3176
3563
3107
4641
1957
1392
6175
6112
5944
8302
8118
5161
366
6141
3779
7784
3454
5689
3351
8997
6782
4351
6471
7787
6364
1814
6207
5660
5154
2766
7868
4386
8605
9814
5685
1556
3377
328
3643
5434
3136
8298
5554
5141
6491
3487
6539
5377
2556
7451
3332
754
9592
9177
1742
2781
2566
6283
4592
2007
7369
8479
8558
703
8990
1574
70
9718
1375
9009
4558
6555
3267
6591
5925
593
9348
7290
2575
8260
8367
7246
5268
2649
5711
3667
6099
1474
4097
1293
7552
688
6220
1578
2434
4036
2295
5694
1520
899
8167
9883
3771
1796
7626
5194
925
6265
2598
5386
616
8462
5598
2695
7862
1665
7753
1055
1004
9346
29
2021
6353
218
6096
3920
7614
5481
5271
6095
5357
2220
3831
3833
5799
9259
8544
3181
5227
8050
7389
3264
7616
6222
163
1320
167
134
5557
5664
8225
4625
7356
5440
1330
5277
7407
8240
6233
7514
8648
6987
5448
3022
8702
6750
7121
2967
8002
8531
2087
4908
1175
9823
841
7091
3164
9589
8176
7261
5755
1403
8673
9662
7122
8656
4002
1221
282
3713
6270
5794
3042
1378
626
9961
8578
323
6083
4550
5129
92
3785
3615
6258
927
489
1218
50
549
9622
9288
6628
1103
8309
3408
3942
680
8044
7096
9505
9590
2188
3192
4358
903
720
9439
4512
1249
8196
2287
24
4869
376
4599
2392
4396
9976
4955
621
9268
9193
5019
6901
4398
5854
2628
6296
540
7333
2772
7974
1927
3231
8596
7553
8533
7440
3792
4397
2898
151
217
3893
4614
7743
2112
1064
5673
3867
892
1878
8600
2613
2204
9577
3803
581
1572
8773
5215
6841
7348
8492
546
226
2899
2148
3809
652
3218
5250
4050
4797
7900
2317
2558
5084
4334
1119
1411
5382
5581
2040
9506
1939
5403
6385
4655
2779
6904
6341
26
6485
2208
5278
2663
6643
8505
8944
4177
348
2683
9905
53
4658
7554
4007
1992
2055
7965
4362
6652
4834
8169
7761
4998
947
4822
9392
5951
6405
5961
5783
6817
5017
3018
800
7999
6912
6993
4098
5106
3861
2599
3975
6441
9361
5385
1906
4832
5680
6058
9729
3678
7674
1369
1126
1677
1030
1207
2854
5843
2495
6759
2231
2169
8058
5048
9732
1744
5872
5812
4421
7885
751
2476
3083
539
5375
2499
9733
6614
736
9278
1434
6059
6262
7780
5901
1693
901
7752
1464
8992
8076
5942
4463
3981
6957
8049
1635
1471
7986
8437
9882
635
7007
2996
3883
8508
7557
4668
3523
2594
3647
1937
4804
2274
8083
8322
6889
1663
5807
6785
4946
6794
2799
3214
5597
6905
321
8532
978
4753
3670
2461
8664
3879
7144
4338
4441
9636
6665
3040
3046
4694
9747
528
8383
3240
1559
6347
3330
7234
9217
3301
5518
1291
3760
7170
9316
3781
8546
2531
2297
3481
4468
7782
5510
5470
5491
7200
4272
7592
7428
8970
3953
9123
169
8520
4414
7500
2313
744
9624
3448
8518
3097
620
9153
8352
4850
9148
301
7572
7722
6267
8933
2513
1020
8348
2606
1132
7195
7561
5840
9845
470
7691
2504
3172
6790
3550
349
5572
3599
1382
4621
6205
2328
4597
3801
2060
6613
180
7057
8973
4640
4402
1423
2211
8665
1454
4691
2837
7411
9578
6116
7651
3464
4155
6506
935
6574
783
6358
1337
1310
9317
6743
4322
1779
797
9869
6026
7264
1951
6476
515
463
6275
2479
3980
681
4919
383
1534
4799
7138
8503
5671
1870
2412
7973
647
1739
7838
2951
9347
1711
5816
2979
2118
5162
5147
6162
1309
9977
7006
2048
5490
7292
2448
5580
1688
7997
5453
3158
967
8085
2196
8644
6418
2697
1808
4812
775
2126
6526
8455
1664
2765
5411
987
2778
916
1238
3396
5082
4095
8806
9410
1365
3634
7238
5467
4049
5666
4782
6974
4411
7977
42
5647
1801
2356
2440
119
6631
7181
1790
6172
5643
6102
4341
6519
1085
181
9399
8756
8063
4637
2135
4371
3504
3645
4964
8871
5725
2179
7273
7109
4087
3206
5179
4555
4305
1511
2959
6301
8246
2832
1821
397
5039
7713
2698
2156
2442
3259
8548
5433
8125
3450
1224
9319
8904
4199
8813
1640
436
6386
7644
695
7670
7035
5830
1223
3471
5870
4489
4959
6547
1135
3972
941
4979
4572
3065
3691
4487
8769
9876
4612
7457
7551
1404
7650
7745
7379
177
5624
807
3
9330
1460
7101
3173
9010
1624
1363
9166
1341
9387
6408
6747
7341
1230
8111
8857
768
8899
6625
8442
1765
5715
6956
9119
1667
3597
4961
9603
671
1564
8158
334
9385
5393
1041
7873
6240
9374
4390
9337
8471
4519
4906
1252
8710
8697
915
7735
2745
8123
3237
8619
5561
5781
5432
1780
4610
9925
4184
6043
449
6336
6488
7571
2529
8208
6006
6483
623
2352
2125
737
9383
3161
191
9258
8393
1399
8126
488
3555
6437
1458
803
4342
2492
6687
2095
2289
7066
9056
9770
3367
8999
3353
9078
3804
790
4793
9558
3129
16
478
5949
8577
3579
7097
848
3675
8887
3480
5405
9811
6487
857
5863
5676
4788
2891
8320
770
8450
7983
5350
1831
3275
6013
305
861
8504
938
4484
3335
9511
6992
1116
8711
7427
268
7242
4981
178
4699
4295
2601
306
6234
2651
3820
7310
924
715
2472
9515
7220
7580
6577
1072
5325
8138
3938
6072
7667
4903
4308
3958
9965
6331
183
7136
8129
6382
6563
3929
4590
2262
3669
227
9828
7076
2675
4715
8024
8701
206
4967
1351
4476
2486
2360
8734
8958
8222
3253
2003
3737
3254
6475
8174
8530
8840
628
917
1495
5000
2019
9151
4857
7532
7751
8854
2965
1892
5574
8765
6003
9969
9950
4724
9038
4134
4133
2110
4062
4883
5687
5862
4472
2868
3035
6140
7244
2631
7676
5987
2534
353
3033
3429
7779
1283
6977
84
3935
9775
1593
8386
4806
1216
9746
3930
5303
1143
9705
4026
1420
1970
9756
2564
3312
5035
1226
7280
9324
9517
6612
9450
8029
3293
1856
4354
3444
6457
2994
4237
3806
3383
1718
7452
5988
3318
3403
8516
271
965
2622
8272
2824
4875
1767
814
8334
9530
7050
5776
4016
5160
7881
5239
5946
5526
684
5678
9571
7169
7102
7503
1788
4128
2326
8004
3595
5892
7918
6874
5955
5289
3297
1877
2264
3009
7077
7954
416
7979
855
6021
5492
5196
1904
65
1410
3417
1926
2018
8512
6243
2563
9131
1451
8950
4562
3609
9679
7601
6636
9479
7808
2704
7618
1759
6163
5586
2468
7099
3203
8326
3521
8419
6872
6662
3288
5623
6257
39
9382
7351
7537
5383
8647
5603
6066
471
9215
2337
553
4725
1873
5788
1265
6810
2383
7534
1653
557
8290
4914
1067
7303
718
1210
9138
6835
3910
1435
7072
184
1321
8142
8719
7536
459
121
6777
3577
7117
5334
3768
9323
4531
2357
3263
3470
9516
25
595
9940
4983
8918
1433
2870
6669
8130
9801
4032
7416
8017
2137
4119
461
4886
7801
5746
5684
7205
7405
7628
2835
2586
1699
2732
8195
4420
6029
9798
3331
2398
6768
5286
5410
9701
117
6734
1138
3741
3897
6443
1631
3246
854
1289
1923
4325
2658
2876
2919
2721
1929
8956
3653
3772
3134
6439
2602
4129
1251
2879
8826
8157
1835
8852
4630
4749
3016
7595
6928
9536
670
3496
5022
998
7810
895
9401
5329
198
5641
43
2552
9405
2705
1618
4229
8395
7827
5399
8144
6338
1961
9224
3921
491
2838
697
4936
9960
6886
2102
1545
3067
3346
1719
3890
5072
2941
8338
5577
8859
8691
9457
6289
2471
7000
8256
9369
6238
2371
6470
8156
6094
8848
7516
9231
6298
2238
7989
7156
3110
3188
4388
8868
9557
723
4188
9353
263
5093
2206
6738
7581
5531
3546
6630
4532
3858
4899
5800
648
2381
1979
4001
8267
898
2446
7971
5751
5214
3672
7019
7475
8730
7776
3216
7461
9714
2590
9164
5937
3983
2754
8388
63
4757
211
9838
9256
3143
3270
9170
8473
8107
4328
8282
4501
3918
7648
8347
4971
6052
7029
6092
4175
5542
4455
3137
253
8317
5861
6739
8127
4551
8698
1785
4830
4159
1756
5454
9463
4748
8405
8055
7841
9090
4008
8817
8731
289
2724
241
9910
1634
9981
5948
6389
124
9647
9425
1185
127
3627
5443
1798
3697
2424
2318
3738
4045
9677
4365
293
3946
5118
1995
877
9507
9487
6666
9587
2788
2077
3207
5595
6703
2937
2327
5418
3916
9899
3748
9285
3317
6349
2844
7113
6667
1075
6553
274
6048
7535
8250
5541
420
2182
567
3784
294
2570
5820
1841
960
5441
8134
3025
9745
3856
6216
1630
5192
1314
3126
1984
3183
534
8963
551
4527
1482
3698
6121
9173
8408
3452
8061
7785
2478
6802
8559
4790
8862
9803
6015
3068
1225
6638
8443
2597
7723
7393
9003
9534
1243
3159
5229
4172
2105
7307
9018
7864
441
8792
8103
8233
6069
6744
8614
5765
4771
7237
2108
4698
7733
1199
6683
2785
6816
8364
1258
8198
5919
9306
4081
2136
4596
8452
2429
9628
1288
1328
7635
8776
3732
6280
2068
7409
1287
7468
3681
4467
8946
3347
3533
4480
4634
3327
8291
7767
3904
8890
569
7118
507
7907
1727
259
5359
3592
6728
3624
1577
5332
964
8815
3841
4427
1891
179
9430
2833
606
422
36
3150
7083
6979
3928
2600
3170
9627
9257
3876
5546
3725
4613
7344
1697
4650
2773
4283
7241
2057
8668
7249
6129
2940
2302
1125
6510
3828
19
2079
9598
1842
8754
1372
610
9455
5658
283
6319
7928
5958
7433
3531
8783
8342
1002
9560
2507
6731
9350
8067
3556
7889
7291
8098
6381
4744
2415
4600
8794
240
6277
5985
6263
2989
9481
6407
1825
579
9048
3755
8790
2269
6530
1019
1787
5117
8556
580
847
2508
1518
6685
1728
7042
8902
9972
313
1407
5455
3032
8154
8148
2713
5768
297
2709
4160
7340
9089
8681
7257
8658
1548
410
509
8870
5056
2701
5027
3236
7525
8610
9917
7809
8283
9889
9299
6967
7959
729
2814
3614
6293
3014
559
672
5952
3168
706
1220
2116
2711
7544
8660
7608
8243
8761
2780
7898
5370
5824
3355
2633
1453
5829
5733
7509
6075
9522
3513
502
8867
9638
5860
7824
529
9179
6720
1833
6648
3265
8472
2166
7961
8495
4863
2730
5607
4042
4583
6046
266
7401
6010
338
7132
5429
4682
3877
4648
6406
561
4254
6522
4466
1200
5998
5002
2378
8420
2207
4078
9214
3696
7807
9672
9497
3493
2678
7145
1541
6323
9933
4901
4106
8344
2659
3217
4639
7283
4542
2894
5335
261
6624
7321
7820
2845
5366
7843
5232
7184
6022
2427
3457
3571
7858
3309
1331
9892
4406
4594
7734
1963
9211
6680
2852
9538
608
8299
1467
4575
1802
3119
6684
510
7150
7030
6673
4491
5479
6433
5398
8680
1261
8122
3990
9357
2255
5346
7662
9528
886
5050
9097
8603
3260
2411
8599
2746
392
2254
5533
9982
6472
753
8202
6060
9782
7279
722
346
7358
2853
6035
8576
2516
3015
8977
2470
9991
5279
3939
1438
4194
7874
9513
400
6304
3177
8242
8349
3724
5217
686
7148
2625
7597
5589
4713
7119
4153
7366
9597
7972
3360
2653
6908
5915
3282
7286
1876
3127
4479
7134
5097
3273
5514
5262
5282
4061
9865
1094
1367
1729
3112
1146
4925
6454
5080
8573
4223
4148
4922
3509
7932
5450
8398
8879
1311
588
2559
9197
6679
7578
5204
114
2577
1565
4123
7562
6706
7920
3519
9081
9467
7400
852
6146
8204
8448
3048
2202
9262
2029
4549
6736
5012
7002
1709
1312
7281
893
3167
9475
4942
6440
5563
9462
6062
5261
5530
486
8519
8566
8613
5494
3637
8187
5760
7304
6745
5753
173
71
6505
2109
5543
7380
3341
5910
906
6690
8390
212
3446
1479
2859
8975
343
2291
4011
5501
8239
634
1552
2731
4483
6292
5299
8321
8201
4435
9938
1988
2548
5618
9105
7805
8463
2216
5102
481
4764
5313
9395
4781
7443
2034
3501
1935
3149
6051
2671
2676
9130
3320
2441
2151
2406
738
6425
2623
4712
9518
7367
3156
8467
8230
7993
9930
9137
1540
3059
1262
9948
1531
4927
6946
2028
813
4894
9465
4509
2523
4313
9860
9606
2717
1604
9922
8564
4202
4285
9525
2245
9559
4263
5045
3773
5480
3919
8228
6724
9612
4247
4220
3923
7698
8835
1402
9313
2320
5663
5727
2192
8709
9260
9360
9213
9435
8392
4151
3082
531
7275
2374
9594
3416
9826
8155
1608
6719
5487
5936
6766
8475
6868
8025
5016
2864
6641
5798
7001
7603
599
3279
7533
5476
9145
6016
8241
6373
3337
28
9133
3560
826
5645
520
5422
6717
8216
7953
1858
4638
2115
1772
3891
7260
9923
8747
6596
3965
8993
4603
3478
2647
8739
7802
611
4881
8109
8623
7194
1755
6208
2382
1705
5150
8764
4756
8294
4522
1327
1465
5269
9600
5223
8502
9943
7877
9206
2229
1549
5571
5945
4321
3277
8882
4084
6409
6315
5809
4270
8335
1013
1280
7957
2702
9947
5588
9178
3709
6576
7131
9836
958
4059
95
3868
468
7943
390
8803
7209
3029
7610
4099
3036
6269
9047
1879
8978
123
2016
9276
9368
1581
5620
6350
6674
1130
5314
6900
4817
690
3944
2020
2316
7448
5013
4058
137
2544
8929
6137
8543
9180
9140
6963
1450
8179
7904
3289
7081
9115
8042
3205
8847
8095
3805
9294
4039
5674
2450
5483
2024
8209
6346
4120
9937
3003
6712
3302
4319
7306
2686
3395
9966
6696
2815
8159
7811
6899
365
6111
9900
6419
8097
1145
9531
3186
3968
6490
9104
8379
9772
5043
2679
2085
5384
4464
989
33
8274
6938
1897
7895
2669
6174
4680
5528
9326
1027
4031
3657
5705
5136
1340
9044
6080
3093
6941
8732
6546
7294
2797
5578
3715
1039
6203
9953
9447
2672
5773
3898
9640
2897
2165
6722
9554
239
9336
6001
2626
3211
1766
8529
6091
2603
6862
2910
1862
6432
3846
4248
5904
4113
3798
8667
4286
5331
4215
242
689
6653
9750
5191
7276
2161
668
9126
2693
265
8793
1463
3632
3418
5171
4950
260
4808
7355
7880
9773
2638
9239
3366
547
3276
6811
685
4360
6422
5782
8917
3948
9002
8689
3832
4604
472
2487
5390
7412
1981
3917
351
5338
2445
7684
9850
3661
6219
8416
2053
129
2089
6635
4010
8588
9134
5464
6733
5104
6415
3605
2368
5976
4956
8337
4796
5977
6681
7669
6239
8431
7458
9107
3722
4239
1773
6525
4
6005
1775
9929
2741
5821
2806
4301
7726
4315
2995
1872
2821
9919
6787
2511
6343
2909
3720
7845
487
1524
9474
5389
5070
4156
7319
2234
9797
6294
3473
2907
5489
9380
5266
7179
7444
577
135
9942
6332
7296
7107
5661
2584
7154
8884
3140
7642
2303
4273
5610
5923
2331
7160
8194
6627
1159
292
597
8035
8210
3420
4999
1637
5130
8590
882
8429
1387
1133
2784
3098
5465
8964
9760
7398
8874
7445
4152
944
8406
423
2175
8446
6511
4324
6713
5717
6195
222
1364
1393
5296
9320
3717
8293
2615
1377
55
2857
9895
5743
1924
1542
9767
379
7738
8853
443
6436
8642
3328
8833
4440
1949
7893
2725
5047
5950
9880
3639
7815
7142
7513
8861
9005
6853
1267
1117
809
8000
7511
2351
5177
1286
9688
3818
3064
9370
1380
229
6396
9314
7309
4067
7769
1751
8108
607
9394
6009
3829
3743
962
8435
1332
6369
8500
4778
1401
6504
837
4672
3907
7736
3283
3905
9110
9996
8723
369
932
7660
2107
953
4904
649
339
3520
1299
9605
8795
333
2389
6622
3570
2329
716
3004
3169
4825
6686
6302
1244
2012
8257
8962
8328
7502
5698
4529
3674
8843
8146
7223
2962
8789
4554
2787
3054
6891
8163
712
1086
6544
6924
8160
7926
3956
9791
2808
1179
8695
1940
889
9983
4934
8650
1333
4293
8456
6380
2536
5749
665
7886
2848
4877
4868
5020
6224
7783
9397
7248
3407
6869
9165
8124
284
2210
9402
3769
7703
3094
6698
9682
8059
7939
2869
4069
7162
6254
9113
3735
8191
1591
3638
96
1550
340
9096
1294
1455
2005
111
769
6209
1860
735
6597
8606
8948
9480
5731
5634
1584
3441
6764
7385
9273
8555
9493
2300
7724
5625
7605
9599
6040
6879
1032
4136
3613
5049
5850
3565
5803
6387
6639
2032
6077
4774
1343
5670
4110
2914
1908
977
604
3659
2439
3869
9872
1151
6450
4065
3553
1489
7772
4434
4602
93
195
6854
5914
6190
9333
2543
2226
1260
6735
9174
9821
8424
3821
3810
902
8150
4014
9576
7197
4017
2127
4312
5395
9492
5740
5602
6943
308
4807
9665
5874
77
11
2213
7583
9565
5238
1595
3947
7936
5600
2567
7352
6246
5347
3071
5521
2684
4460
7185
2525
7706
5315
5128
5503
762
3489
4469
2958
3124
5834
9469
2714
1154
5256
6169
4660
5014
9042
2143
5004
1381
4635
9613
9625
1189
1717
4294
8303
7711
4966
1676
7594
8015
3247
896
3988
7173
8238
6710
5690
3361
7947
7505
8374
7573
174
2580
5416
1156
1007
2823
7567
5884
6695
7284
4923
9501
4454
2984
3222
1024
8549
5364
8855
5772
4214
9973
511
6326
5867
5722
5006
6524
8768
9128
9790
6310
9651
6861
918
4006
2193
1998
8147
7446
9362
3952
1732
9680
3375
5516
9935
8785
4488
4379
2621
1162
5924
7068
7226
4502
5769
2046
9161
592
4174
8069
7438
8236
5568
9673
7454
6097
578
2103
5747
7414
9702
4534
6362
5502
5895
2813
2502
3105
445
4343
8986
2365
4458
258
863
2218
7617
6027
5627
4077
4232
9928
2399
3121
7737
3387
5459
9926
5818
4238
5612
5637
1916
9591
1587
2640
8391
6167
9741
532
2862
1967
1272
8166
421
2401
9409
8425
8574
9142
1008
2856
2521
2528
519
6650
9548
7140
8716
5344
644
5980
6398
8968
8062
6741
8838
6242
5308
2863
9414
5224
6417
3640
3826
4277
2665
3006
5420
1983
4524
1000
2614
4728
3707
4330
4432
4775
6079
866
6773
2991
6352
7259
7051
5688
9740
5536
4023
5166
4918
5544
7524
5189
1885
7297
1810
1419
7396
8728
4569
4211
9030
8988
2736
7417
6958
678
8459
8434
3495
9998
2447
5037
6430
2733
2826
6011
4392
6888
7870
6748
273
4323
2266
9103
9062
8523
4424
3617
6806
6851
3673
2065
243
9735
5473
5804
840
7168
8749
291
5771
6845
2251
5947
4689
1943
7665
9793
8775
4185
1942
2312
2682
2920
2892
6249
9532
9135
2227
6101
9486
8217
8268
5098
1922
542
6295
2637
571
1571
464
7837
8611
8766
2986
3388
3498
7631
9698
6864
6180
1733
3227
8593
9717
1011
3460
7370
5906
4145
6034
7302
46
8490
8517
9359
821
1930
6264
1512
6168
5317
3761
9304
2906
5844
1704
8910
6479
9277
7387
997
1817
2173
4539
5209
5339
5858
6767
5033
4269
8359
781
9730
884
3425
3378
1768
7818
9032
2432
9658
9822
5562
8821
6799
2489
2524
8012
4405
3822
8073
8409
4824
8149
7643
4493
1209
5354
190
7003
3044
6536
1536
9903
4109
7199
5505
5911
9085
4618
2437
1543
2157
7855
8662
2084
3580
5498
3671
3978
5007
9461
145
8180
1379
9678
4140
5594
6153
1444
1390
6384
6973
5114
1301
3871
7560
7587
8829
2518
4885
7192
9242
4819
5226
4299
6103
6196
7080
7470
3896
2627
2375
7702
5406
669
6832
2517
2997
1430
454
2822
6953
1205
4687
9051
1720
9868
9321
8995
7365
3892
1648
5835
3584
6019
7112
354
4951
624
8488
6726
8822
9725
4481
4928
5125
1357
4671
9307
1521
4407
1443
3819
427
4540
8255
5132
361
8550
1091
8898
1240
40
9715
4759
6235
8935
5599
2707
911
6911
4547
2349
8119
2426
2395
6394
3050
3427
4417
2526
7159
774
8692
636
2178
810
5324
9858
8171
5615
3146
9315
4888
4403
3043
7481
451
2939
7797
3415
5913
6732
6660
318
4849
418
1129
2248
9619
9175
6982
7056
7482
9841
7851
2299
8931
2947
7529
6057
4478
7612
4578
5242
7987
6528
7550
5369
2104
517
438
6554
7634
4976
231
9419
4628
7178
3762
7217
6157
3257
7629
9824
8183
347
6274
5185
2460
5259
1047
682
6543
9183
1883
3704
5322
6715
1475
7362
8362
7945
4821
6959
2268
9014
7277
8654
2101
1977
1900
9792
175
7186
17
1596
6090
4096
5316
677
9007
7429
2026
7570
4176
9210
1405
8580
6775
5970
6317
6462
4852
6537
8704
1722
155
8536
3552
6020
6572
4053
4870
3060
5981
3280
6501
1585
2263
3860
4984
2527
3636
1805
9039
3865
8247
883
5419
7172
1497
5990
8760
5445
5175
5513
3372
8615
1533
1504
5024
7930
2044
1302
2475
8714
2081
7022
5173
6497
1748
7956
8858
9891
4395
6961
8842
8197
8193
1248
7863
8514
2290
6604
7357
7298
7744
20
317
565
7420
6623
3001
6199
739
2071
6325
7207
9906
2149
7406
3269
1847
4679
3515
7980
9029
9427
7104
9951
6344
9879
4235
4197
8028
6082
1752
3255
2964
6236
8839
2246
1557
3458
1795
7054
9555
5885
9332
3840
6070
8686
8583
4736
9539
6701
4298
9616
4191
3439
4878
6431
6074
1590
992
1509
9657
1706
5601
1277
4431
1241
839
4932
2790
7499
7692
5706
7325
7439
1589
7528
1300
7710
7925
2515
3864
6512
5665
6902
7285
7232
7923
9913
2843
8893
757
8372
9988
5853
8314
1813
6523
3875
7899
115
1245
8721
7165
3712
8438
5330
8718
6037
2146
6532
8537
7773
6245
9041
1583
9690
8331
3447
9556
7239
7315
5718
2244
5796
7073
2315
1607
2726
352
4037
5065
6930
1561
900
1487
3625
6000
5165
9637
5457
3179
8080
8540
8875
9761
3152
3442
6923
8399
1005
2054
7171
1721
8922
2285
6825
8631
7371
3652
870
867
7009
2734
2145
4762
9685
7328
5939
5825
4376
3591
3926
6788
5668
7269
8604
1603
2972
5008
1971
2404
7288
4117
836
4353
2595
2431
2968
2604
7092
5353
3514
2540
7657
4665
7934
9697
4162
4560
152
6212
5379
401
1820
6843
6617
1558
8618
2976
6607
9844
6073
9675
2376
6188
3587
5301
9095
8943
1861
4168
3547
1866
7308
5058
6708
6093
545
1638
4429
9228
1177
4695
9670
7924
1306
9060
8102
1863
5515
9661
7177
2551
5856
7575
6467
2009
433
9017
1127
2807
6821
3290
8860
6281
4896
3100
7289
8072
3542
6727
1874
1769
5931
2438
2031
3528
4994
6215
1110
187
1051
8034
5710
2795
1275
2706
8630
2453
8921
3459
1
8421
87
3548
2860
5941
5813
4726
7187
6955
1620
875
1440
385
2936
3128
6516
1698
4571
1073
9351
2281
2014
1322
4442
9218
5182
429
2120
1526
521
4028
1974
2667
7680
6363
9272
859
6176
9169
7887
8985
4773
5496
9069
1281
8571
3139
5300
5650
939
8547
524
5131
2592
7962
5596
1632
5040
2099
73
5205
3574
154
3034
6619
4171
8575
7287
4791
8093
434
7865
4916
6089
9800
7137
2715
8219
2817
5076
7211
6975
5079
4404
245
2183
6132
7619
6104
7545
7649
2629
61
7213
6828
4605
2981
1716
5068
8770
2457
9431
5086
2330
2219
6449
6105
2321
6988
9818
7821
5409
8772
4598
3705
2884
8361
9825
6064
8913
5263
4234
2943
2687
2449
5211
1990
5074
6221
6426
3561
2858
3338
5848
6798
5099
5417
5876
6542
310
5372
4333
2978
8384
9310
1206
7679
8892
8082
2673
500
7602
1452
4408
5059
9247
327
8329
9831
5388
4201
2035
3303
6250
4326
3849
2201
5553
7350
9082
5342
4826
7564
2006
4673
9806
133
8832
8753
2938
6359
6898
4508
4068
6711
9771
7024
3783
8897
850
8952
6390
936
7403
23
1715
9416
2889
8771
4537
8273
5841
1437
702
7282
8906
8706
2712
971
1202
9848
4422
6351
8786
4995
446
381
7263
9874
2130
320
8841
8996
3655
3996
3908
2503
6852
122
7489
248
7256
5149
6940
1385
4222
9204
4889
7998
2771
5996
3510
5790
9421
6328
834
4035
4586
6649
830
6388
673
3758
4236
8341
2738
9388
8880
8587
8639
2942
5055
4606
288
7624
1919
8808
6910
5274
3445
2013
6838
495
1826
6906
3453
4271
3226
5414
8784
556
3927
5638
979
2829
8657
3799
3208
9543
1867
8324
7623
1633
1505
756
4556
5345
934
1006
257
5806
3507
8823
4880
3423
6671
1864
4070
5323
5063
3232
1700
1336
1881
5849
7037
7013
5245
9373
5174
2091
8707
5273
1920
6244
6133
984
4608
2343
983
5426
7031
1093
6023
5992
8901
6279
5646
1936
8972
7590
9
4815
5548
3628
5591
9620
309
5896
5966
426
568
8727
209
2353
9726
9533
8454
1139
9208
6305
887
6517
6575
5115
4657
1389
8715
5319
5754
494
4986
7882
5061
6807
7697
6424
7399
1391
8687
878
7834
3333
1890
2641
9808
5864
4216
7683
4449
9384
3872
158
4190
9963
57
3811
9223
2209
6429
112
4292
9851
9503
1623
822
5158
9646
8579
4163
2955
505
2214
2654
1625
1880
4684
6752
5900
4651
6540
860
9959
2277
3037
4921
4345
9240
4243
5374
4505
82
8534
8942
5631
4499
3900
5029
6944
5628
8626
9630
3852
5111
5051
2233
8404
1899
638
7517
5087
6335
3964
5003
708
9094
4413
1643
462
4738
2280
7576
8371
4261
6894
3967
7300
8464
4041
8937
5463
6184
1839
907
5010
8881
3413
8483
996
1760
4020
7386
223
1953
6527
8285
1246
4514
7243
1080
2497
8207
5655
325
8009
4003
9297
940
2008
7069
9537
8805
8830
4380
801
9820
8733
230
8339
8181
7320
4891
3135
7794
6468
3379
2748
9857
789
7418
1360
303
2828
3767
2583
5157
9799
3588
5584
2655
8743
9720
3631
6887
8040
7922
776
2777
3340
202
1170
147
3733
272
5355
5235
2764
5380
6935
7909
7093
7949
1687
444
2387
3656
7732
6318
8380
8726
9000
7847
7501
8220
8982
7894
5341
52
7591
9904
9924
3855
7716
7655
6126
6966
236
8014
7473
8994
7817
6214
8478
6177
9232
3075
6185
9040
9136
9795
7390
4127
5208
5260
7866
4553
4954
9091
2172
874
8755
9570
1269
8896
8526
6268
4304
3185
1600
7770
564
1650
1112
9769
9566
3027
5573
113
1617
1033
4456
9939
5123
3663
6936
1816
8676
7795
6637
786
8939
2367
4801
5222
7064
8640
2346
2305
9862
8814
4034
3726
6307
1647
9237
1789
0
8253
216
2522
3544
5509
5865
8983
8971
118
3612
7331
7278
4831
9086
4617
9864
4933
9575
631
7455
7114
4470
4381
8271
9449
8065
9235
5868
8188
473
7422
4882
6609
7005
5566
1431
2840
4369
9753
375
7204
508
7764
3466
7658
4471
3304
6569
4225
6414
3431
2047
7343
9436
7941
3747
399
4835
9284
8682
909
156
4619
9896
9780
1424
5959
9727
3229
1827
7720
1048
3512
3410
7487
3538
4751
975
2555
6534
4649
3683
9248
5962
6740
8767
2668
1586
9861
2402
734
2873
60
4866
1204
3235
4845
1834
3409
9519
3870
4895
1074
8053
496
2571
9759
1169
4810
7641
367
7071
8811
3633
582
1592
4747
2483
3739
6031
6225
128
2493
136
5785
3960
4233
7637
9641
3285
1594
1794
4112
8465
1838
4897
9691
5539
6018
5735
2309
1271
2252
5304
9182
6844
6990
4158
2805
1421
5579
4382
2699
275
5967
8265
6996
4709
9498
3843
3053
5285
8237
5144
3842
1701
7046
3400
843
3421
8427
6615
7902
7095
4741
1655
9812
5971
9464
3090
1566
2372
6237
7018
4450
9744
1771
5614
9914
6658
8828
533
5172
1123
287
8449
1001
8589
6333
7719
955
5011
8782
7991
6256
9019
5836
4231
165
758
7867
835
88
2023
398
1254
4767
8358
7892
8501
4090
591
7188
485
6435
6718
3623
3745
5449
3654
9263
9251
1845
1493
4383
7542
7087
7360
9440
9843
8809
2124
8323
6438
4758
5855
2106
516
1669
1354
3144
1661
1231
9132
650
9979
618
1190
1499
7793
6920
1496
5832
1938
3782
8397
576
6611
9061
3950
9460
6815
6907
1472
1741
9066
3007
5466
9367
2385
5294
2794
8088
207
6002
2888
656
3252
7906
7574
2670
1191
4141
3117
7600
8696
7053
4965
7094
5605
9001
7176
699
9781
2945
5728
2830
5119
3971
8641
973
9364
2926
7589
7685
2325
8084
8022
8865
5113
8637
4105
8461
760
6008
9854
9301
7477
8005
8254
1660
7530
7883
5075
9588
9400
8737
1114
160
560
7531
1376
9984
1702
1999
5908
662
5096
4356
1980
1164
541
9345
8778
4357
6916
6778
9568
2946
7799
7666
8622
5957
6605
8724
3499
4498
1758
3607
6447
1016
7950
9023
9411
8628
6327
5126
6024
5293
5700
7833
2539
6434
4739
344
9024
3230
7558
6290
8498
9451
748
1807
2215
5201
4848
1346
