2807
1709
9069
7487
89
4831
3068
2042
9688
9690
1556
2335
4190
5742
7269
1571
8026
887
4985
4135
8242
9003
8548
2293
6972
9882
4571
3744
5481
1496
4638
8041
991
4947
9412
5943
4925
9646
6321
9079
9732
2448
2179
3785
9500
1722
3487
696
3259
2154
9727
3376
643
208
5008
7647
6013
9037
7276
1475
3904
9590
5538
5936
410
9481
6870
3742
460
3871
3510
4597
1477
200
1637
6076
5010
8012
6276
4474
1663
2038
4505
7172
161
6038
4957
4684
618
0
6202
3721
5435
8303
3964
2260
2794
6247
4024
168
1145
7335
9236
5707
9198
1013
812
314
8879
802
1769
5743
6018
7668
842
5789
5425
4278
157
6331
4801
1574
9159
8744
1066
2969
2639
3789
7505
6944
9862
8912
2838
8931
2013
3444
1695
6443
7757
3938
3303
9524
2011
7531
605
2673
5236
9410
4277
3486
1264
4848
497
2077
3927
4958
4906
1732
406
6804
7699
7412
1306
6847
3320
5747
4394
2194
6554
3903
8748
7674
1549
9422
3441
8022
9282
645
4577
8276
2129
1417
3210
3853
3019
5177
7420
8755
8044
3894
2620
6333
7139
813
5983
8449
7401
3104
7158
7216
1856
7535
3735
7377
6315
2777
8945
8978
942
6017
794
8501
3065
3394
6921
9874
5036
2279
7040
8063
8280
2227
8224
8260
3925
9943
938
3050
6643
1128
8321
2144
8156
6056
9626
6666
8572
5495
288
8511
4871
4400
108
5776
8488
1748
1893
4318
8681
4822
1929
9190
5862
2869
4569
9333
8706
1470
7293
75
3506
59
3831
1222
1537
2975
2119
906
3231
9160
8386
3543
6663
8083
8624
8663
6180
760
8839
5531
9211
3094
2685
9879
2315
3070
6503
3105
1273
1154
3465
2131
6306
3604
1625
6865
7101
7244
3004
5886
3044
7049
8781
3716
4402
1249
2886
3261
6465
3281
4761
2826
5216
7021
3695
876
9014
5636
5809
1693
6760
816
1671
3517
8595
1614
3295
3153
3373
9506
6502
41
5456
2469
1981
698
8254
7686
3185
2558
8425
4671
3525
2253
4746
2382
9553
4078
5969
1613
8599
7519
8137
463
6244
4974
9929
3640
3045
4108
8173
4411
4215
6329
2215
4713
7127
197
2216
8492
132
7078
7219
7572
1758
6549
7308
1082
4709
6349
9557
9519
4298
1595
7489
1785
6341
4453
5617
7077
9885
4305
1972
5951
9756
1134
5547
5351
7768
2376
2716
5310
1201
9409
9122
5856
6519
9719
5926
220
4809
4645
3329
7834
7733
6966
6456
1987
5298
180
6840
9535
2083
9224
1555
542
6984
4486
9133
8847
7163
1991
3605
6354
3154
2567
7639
2271
1247
2560
8678
3628
6586
5112
5980
5311
8011
8037
1450
955
9827
4212
2475
6407
5799
2323
1165
8805
2578
5952
9444
5710
9517
3216
4956
7508
9205
6361
1728
7275
7197
2856
3771
3664
6896
899
3054
352
31
3694
6814
3098
4202
6427
9128
1399
266
7604
9074
772
520
172
7736
7950
5735
7318
7624
5371
9348
3349
5591
891
9915
7549
9495
1767
6477
3268
4633
6275
412
1452
3427
686
1410
7837
1524
3340
6163
3120
2599
4322
1534
3312
3243
7708
9465
5663
587
9032
236
8760
8404
7632
8955
2821
7450
1044
7735
7231
1003
6632
195
6463
1237
8860
7031
2627
1744
6417
4432
7671
8295
7824
9803
5543
6605
2199
3022
4302
9614
5618
7397
7858
5509
5173
3536
936
3892
5002
2310
7011
6149
5474
8627
5502
6311
2100
8459
339
1363
6215
3464
4750
7167
2559
5330
7921
6948
1359
1493
8652
3415
6730
4172
6753
8398
6718
3714
4149
338
8939
6078
5470
4621
5977
3596
113
1807
5848
1820
1455
4427
4068
1745
4780
6679
2012
4876
8274
5391
5860
4993
1389
8632
223
3685
9990
6317
750
9095
2910
8010
3101
7640
421
9825
6227
6773
1303
2166
2813
4038
1543
928
6085
4852
612
1609
7980
1320
1552
7506
2643
5081
3718
7497
5241
7284
1658
3215
7233
7595
7239
5381
3106
1941
1284
7689
2832
5042
8841
4445
229
1749
2676
6284
7331
5076
9214
1674
3027
8900
2775
9172
9886
8098
1927
9679
2804
4176
3592
9441
3886
3253
8335
6572
1489
8850
4370
9100
6258
3857
2504
7070
5492
839
3931
4289
7653
1028
9533
7891
9450
1215
4325
6295
1062
2691
5947
4543
6047
5312
8995
2454
9763
5652
8422
8597
4953
6425
8704
592
9940
2374
8802
6803
5584
9038
488
3003
5678
2883
5511
6642
391
7151
5726
2079
1151
9972
5526
7465
4849
694
1849
5122
9643
1860
3512
4424
548
3522
149
4496
2172
3063
8204
659
551
6400
2990
4352
4186
6140
1383
8942
6154
538
6547
382
2810
9492
5850
2543
5095
1876
1836
7725
7018
1770
2209
17
5955
9021
789
8007
3627
8874
4498
5406
8593
4604
8918
3163
6448
8081
4711
2056
3190
9225
4728
7750
1065
6378
3779
3951
1317
7212
1864
7995
8990
8347
636
9650
9328
8190
4714
6313
9619
5583
6142
6320
5932
7576
5428
9946
575
1539
9644
720
9840
4970
2404
2463
9137
4966
5970
1866
4514
9635
4457
7461
4178
8259
761
1143
5388
4414
7029
7968
1649
2263
6645
8046
4247
6598
8287
9309
3332
7790
1942
5338
8864
5844
8249
8416
7361
1402
230
5034
1704
1362
4495
8968
448
7268
65
9793
9633
4606
6483
2652
6067
6737
1097
6851
2484
7561
3121
8290
7692
2860
1970
1590
2023
5625
9967
1328
2262
8556
5647
8346
7254
7838
7652
4773
7927
2793
8798
6791
3768
8907
3160
1997
4294
5564
8947
1961
7875
3998
5896
3314
7638
6802
1935
6318
4224
640
2009
2863
5866
5090
2851
5752
1506
8493
4575
1186
6841
6401
7856
1635
9540
4047
5525
3824
8766
4349
3111
1360
9888
6332
8118
3907
563
549
362
2992
8188
598
8444
2351
2488
1839
4872
1197
2296
7894
6469
1153
8019
2298
1430
4635
6527
9463
6232
1952
9228
7649
7744
5993
2901
9801
2036
9290
3079
8816
1557
6955
7494
6028
1896
9699
3457
9546
3809
187
7593
2451
7090
7966
6939
2738
2749
389
1738
6117
7800
2952
1061
414
3728
4307
2240
6911
3047
5363
3472
9669
8585
2852
2908
5830
4055
4217
8838
1312
5387
6771
2724
3145
8216
4702
2091
276
5353
1903
8093
7000
3636
860
1345
1604
7787
8620
4167
7622
243
8966
9930
4089
8201
589
6780
3305
5792
2432
434
9913
8960
1902
756
7527
5605
464
3247
6621
8179
8457
4389
5861
7691
7156
4795
261
7949
1174
9024
7973
7554
5263
8123
3036
4821
9617
3531
119
1786
9296
7956
8590
5814
2277
6662
6387
4458
8124
669
7152
9901
37
1578
8617
1853
637
7831
5612
9402
5573
7120
8997
8549
8408
294
9071
7609
5152
5041
1771
8376
7661
8003
5835
2704
8647
2889
2783
2606
4153
1239
6182
489
8693
96
1513
3692
7911
3630
5894
6289
2591
6058
3810
1274
9206
5811
7887
6118
6370
8109
8102
7516
9114
2017
1925
3530
2103
2003
5554
1004
2349
9864
9509
3263
1659
7732
8698
631
4727
1400
3400
8521
1076
5402
3682
3774
9028
734
6272
5879
2895
7322
1413
6778
7446
2182
8246
9484
5109
9449
8611
1434
1651
133
6926
5063
3363
8296
5368
5671
4391
2534
1406
8096
504
6113
622
9985
8257
2338
2304
2074
9560
6218
9373
4041
2859
3775
8502
9884
1654
4350
2031
3778
7092
9928
6219
4219
5067
5084
1857
5940
4613
6930
670
6901
9103
1142
4475
2963
4493
6579
8306
6382
1559
7045
5051
3352
9011
3437
1468
6706
9861
1229
4502
7087
1588
1707
9512
1141
8471
9577
4137
3309
1733
9971
3069
5340
4592
4130
5672
4404
2080
5086
2984
8392
1762
1933
296
6690
4067
9689
4279
4901
746
8480
6630
5674
7996
6303
9310
890
3973
861
7799
3668
1922
1221
8363
9231
4946
5164
787
4805
6946
8491
44
6961
8510
8393
106
2472
1316
9499
6783
6973
5551
675
2937
5172
8478
9748
4593
4447
2486
8926
8522
3946
4864
3736
2958
702
7130
3369
3957
2062
3157
683
3819
7394
1657
8372
4587
7476
2659
1485
1899
832
6107
5899
6650
3912
2396
9612
2368
971
2197
5138
5544
8775
9001
9353
7371
1796
7279
6481
2046
9063
4097
7753
7924
388
5575
8773
8873
2693
6363
6395
1906
3025
5623
9359
305
7189
3435
3396
3223
4377
6384
7464
5146
3994
6497
8682
3575
1289
9797
3137
9694
5144
9895
5100
2819
5300
3226
595
4164
740
621
788
1594
9800
8461
6386
7763
8036
8948
7128
5941
9794
9275
9912
8066
4000
8940
6788
3615
7650
6069
3234
3452
5045
3624
2207
9163
7551
2416
8400
7550
3689
5869
4859
4168
2379
9698
6954
3034
6186
7225
3613
5035
2288
6300
8149
4931
7942
7543
7288
993
254
3011
45
9927
552
718
3438
3173
7417
9123
9482
5893
3412
8535
3136
4688
7019
1692
5355
4525
7939
206
800
2850
2571
7379
1318
6086
2644
2235
9713
5533
39
449
501
4557
2972
8808
9295
4912
1384
9107
4230
2729
9470
1747
5958
5662
2317
8571
6682
3654
2932
8690
6357
1601
1567
3262
9411
8099
5252
401
5956
9604
4368
1072
6109
6479
5328
5801
6685
7806
3647
5614
455
5120
8446
1592
5857
2248
221
9456
8387
7533
2672
9649
7592
7534
4406
9342
2373
2229
6379
6978
3702
5634
3928
7274
7295
62
7888
9320
7764
2956
3855
7930
6556
7749
7301
5934
6673
6688
6176
8060
7047
4094
4155
4138
4053
5506
9709
6376
5326
4160
5096
9980
5598
9277
6915
1177
6618
6413
4971
5589
8141
2530
703
4898
6484
5124
5501
2651
2631
4328
6043
7933
4884
6064
420
2773
3641
9242
4730
7215
5258
2629
9823
5767
6411
9710
9545
1208
5098
4960
9376
6408
6228
6372
7108
8970
6444
1504
166
7907
9830
5206
2191
1133
8618
1538
1269
9080
6796
1377
3861
7157
1355
22
9064
7408
6500
6824
4992
1156
8728
3108
6772
6377
1832
4221
4317
1737
9963
7224
9798
6918
7327
7364
4166
5921
6879
4340
8111
8833
1888
4890
5169
6025
8659
5473
450
1687
8237
6861
8238
5166
9945
2568
9783
8476
2326
658
8546
7945
909
2141
9186
6090
3671
5251
5504
8758
4747
7342
9562
2120
6062
9914
9010
1049
9632
2769
3089
7788
6288
6709
6925
7341
5778
7391
2714
9179
4206
590
4700
897
5119
828
9232
3198
2584
2398
6200
2550
3984
1791
5004
1560
5044
5847
9647
26
6943
1057
3077
7833
6917
7169
1233
8215
8068
2998
6305
7191
2400
8150
2965
7861
6451
8307
5078
6568
8782
4669
8899
2259
1822
5447
1278
9147
2708
4418
1502
4696
2133
198
478
4169
7003
8136
4239
5561
2387
8989
4549
4032
9851
8427
7315
1216
8082
4461
1187
5380
5278
4324
6452
7052
1907
6172
3057
5378
4373
5033
4437
9125
7168
1366
4762
1227
5953
983
1725
6557
6506
3442
9991
8482
7470
1473
4558
5264
2892
6146
2670
769
8686
7463
199
9110
799
3475
6265
9769
9999
7165
9280
7743
2369
4463
561
9382
485
1878
265
2573
1986
4274
7811
3402
691
6226
7458
4174
5514
8334
7517
7305
9759
1484
7607
3681
2705
5213
5052
8635
3501
5999
1189
6612
3618
9392
9423
9822
1232
9501
148
269
6647
7820
5931
6820
4721
3595
3218
3544
2456
3284
2841
831
355
1024
9446
1392
8210
4342
3296
5291
6183
1343
8289
4813
4980
7050
9062
7597
4009
3109
8752
1405
5723
4556
5092
7207
2682
4834
8928
3773
8382
310
7657
1845
1923
7553
3002
5341
3738
6906
8578
3915
2799
3042
9513
5234
5694
8883
7117
353
5220
3244
7299
722
9692
9779
3741
6126
7423
619
996
2750
8564
5001
4676
5358
764
4668
5324
8025
480
6346
9384
601
1112
4134
8095
4570
3341
4511
1889
64
43
5768
8345
5728
9136
9917
9891
9730
6582
7633
9486
4590
1449
2455
8646
1765
1563
259
3723
8875
9591
4500
7558
508
7835
4720
5530
1157
7802
7378
5024
9714
4367
380
1021
4583
4598
1476
8872
3582
7483
3342
6436
638
9638
7865
3214
2476
5816
3447
8325
4983
3959
2610
1877
344
3917
9722
1225
513
9541
6207
554
5640
6359
2487
4071
7285
8333
5873
6169
4522
4659
1375
8787
4347
1529
6124
1598
5609
8454
3856
1056
9355
3635
1096
4435
2915
2619
4470
4665
4226
867
2767
205
4988
5163
8466
4642
9977
3518
4962
8055
6449
3910
5200
4028
8174
6009
4109
6179
4085
759
9319
3348
9994
1046
7188
3319
2274
330
8691
3357
3485
5676
1479
5115
6458
147
3119
8619
9113
3168
6822
7521
5603
3414
6041
5740
2867
7994
4580
9707
695
6487
852
3256
4533
7432
7599
3566
735
319
8481
898
1968
5399
5842
8827
5973
1052
9750
5870
2383
1804
2555
5377
3826
8560
7210
3554
2966
409
7859
3249
7542
315
9941
6866
3850
7359
4378
972
6314
451
7363
8959
1106
5244
5971
456
1194
5287
1756
5746
742
2678
4836
2139
2410
5907
3260
1431
9046
7792
1764
7564
399
1176
6548
8337
3271
1248
2392
8279
533
707
6889
7585
8288
3893
6821
6160
8360
3020
3087
1696
5269
6657
687
3290
2118
7822
2436
6362
6033
6843
4540
6415
101
9918
3526
8119
4341
8831
400
5979
8938
1390
9288
54
9104
8961
1645
6185
6699
2702
5751
7399
2170
3717
9670
4897
1483
7337
5705
7755
6428
962
8158
9468
758
9354
7395
8169
6257
1824
4273
5736
9810
3326
6335
8152
7857
6381
9772
1445
2442
4938
7462
6468
5519
9753
7213
2200
7997
7862
614
7365
2230
63
1088
8341
5901
2572
3125
1129
9796
8428
2339
8090
7851
1149
7133
6563
4229
8182
9518
83
835
9311
9445
5246
9171
5668
606
1821
2135
6835
8451
2061
616
1202
553
951
5342
7332
5398
1108
9202
1060
4515
4363
9068
2192
2647
8009
557
2028
3297
2251
9570
7509
8662
8615
2798
1897
4234
5347
3958
8953
1451
3140
1011
1589
413
293
9737
4456
4751
5659
5843
4382
4282
9475
134
1812
7974
3619
21
4844
6203
9855
4002
2635
9161
4209
4088
2803
3918
3637
7328
2575
1361
1803
1875
628
7819
7877
8072
9908
5683
8794
2446
7538
7962
4345
6875
3289
5370
3434
3793
4889
5150
8462
7679
3317
4520
4462
3980
2147
4584
5265
1309
4051
404
9363
7194
5783
6100
7936
2358
8399
8862
807
5280
9047
9559
4058
784
8631
1105
5497
8332
6323
9213
1720
2146
2760
1206
7415
6097
9427
1395
4409
6533
5781
4426
4083
6869
2968
5764
1940
340
7885
3122
8954
721
9666
1281
2233
9317
927
9998
833
9534
4398
4827
500
567
3833
4419
5890
8869
2771
6112
4091
2055
8676
3709
3670
4090
4060
5500
9067
629
9360
1305
3587
1540
2686
4616
5254
2354
1774
2752
2130
7670
3611
9393
5822
9606
121
1203
1391
8889
142
2740
334
878
1037
7889
7821
7427
4521
4619
8
8726
3758
7581
2270
3760
2742
2195
15
295
7946
117
6418
9297
8412
9081
5018
6967
4732
4185
9132
1990
6019
6523
3266
7601
469
2917
280
5512
3161
5883
8076
6681
4601
4250
1630
7741
9785
1518
9152
9767
4358
2
849
7142
7419
3310
8073
3391
3632
7270
5641
6061
9950
5450
9452
218
415
3513
6121
1019
7493
6087
9346
2950
8526
9573
9082
3792
8973
9315
3563
2292
5507
4452
6214
3846
2505
8902
6894
6924
1826
6806
9683
5282
6137
3095
869
8100
2792
5247
336
1026
143
6965
42
791
5392
3707
156
2367
8213
4271
7825
8397
801
2085
4513
9922
3883
9939
5453
3651
2243
7010
1144
6923
5959
7155
9494
7211
5793
2273
7071
1779
4213
256
396
3609
2165
91
6607
8516
1446
228
7372
20
4617
8512
7310
144
7444
5431
8580
8884
9238
466
3745
9640
3969
6949
1715
2345
940
5093
506
576
9896
8302
153
3494
8614
7958
1627
9596
5978
1114
9252
6810
3193
3992
6291
4421
1474
3806
8950
8356
1966
1631
470
4911
5296
6615
2545
5486
312
4179
258
4546
8980
7878
8986
2122
8905
6677
8543
3631
3504
634
8582
8573
3601
7271
114
8680
8575
7024
9340
2276
9900
3593
4344
4922
3519
1881
5810
3382
7347
433
6260
5029
6581
4116
4804
4977
9491
7434
8263
1173
6457
7491
1244
9108
981
7917
3807
693
6475
6105
1766
4231
3547
8271
1724
2590
2618
3395
4990
6629
7186
8562
5996
4895
762
4615
7013
9209
4257
7687
4793
8692
3805
6530
6054
2189
646
958
7448
8606
7868
6057
9844
8786
9618
4214
7438
4482
1565
6280
7076
9544
2066
5528
6551
9655
7977
4223
889
495
9987
4802
4329
8925
4757
2857
6485
5534
4759
1851
2689
7589
9085
8924
5565
5007
1675
2577
7329
3533
4309
5476
8982
3847
1553
9676
4881
5650
129
9487
6486
7707
3552
7989
7170
8163
5192
5132
4095
102
3377
3239
8683
1736
4632
3600
4283
7869
6210
5048
1210
4175
4620
4832
4978
5487
870
1726
4981
6410
5059
4538
8128
2976
4141
3227
6712
7058
226
7723
8887
8028
1763
2513
9711
6702
6832
3362
1519
5553
289
3041
798
4086
458
7022
8705
3725
7774
7896
4102
6652
4811
155
1847
4535
6131
5219
2551
3294
6883
1641
9621
3052
5656
6385
7095
7502
2638
7515
697
1787
8342
7348
9754
8751
8228
2948
9313
9609
3737
160
2540
2359
9008
8673
6455
383
2546
9770
2601
4494
2949
2500
3780
1280
1827
8996
7751
5687
4139
1782
4471
7748
9361
8551
1010
7097
2319
4655
5713
4040
2642
704
671
5413
492
3031
1078
3782
6348
8829
9203
7526
4982
1236
8579
3235
7355
3700
3155
4608
51
6848
2178
6144
7637
2764
7338
4972
6669
2842
6034
8235
242
154
2316
5744
9154
7449
2214
6340
6899
8767
5482
4683
581
830
8052
1921
4423
3478
4459
1315
9089
8688
7728
9682
6101
313
9641
4850
6956
7938
8264
4724
3763
5933
2957
6797
4712
1869
3930
3764
2633
3307
8927
9325
4968
9628
4182
5559
4323
6123
6473
6755
1167
2126
8823
1240
4300
2284
2525
9352
5995
1171
6970
5875
5987
2815
5628
4769
6725
6856
4194
4037
8230
1089
7109
1252
6029
8261
874
2751
5992
3035
8350
6114
5925
6060
3977
1131
5963
8127
4602
8557
1974
7645
6504
1930
6032
1380
3599
2111
6748
8524
8495
1117
8467
1085
343
7795
1597
7300
8145
5677
2866
190
4731
5449
2876
9582
524
6793
4154
9523
5853
9599
5174
8851
4693
5239
3769
5839
2024
803
7105
8777
1462
6989
1148
6296
473
7264
56
7380
1999
124
4899
4052
1048
9425
5360
5424
7407
9418
7881
7416
6898
9090
2174
2441
528
8209
2717
3272
8027
5779
4856
7083
6544
5749
4343
2025
8967
2609
5697
9702
7056
1577
661
3375
3509
2941
5555
8339
535
9755
8258
107
6987
2439
1245
4080
1673
8974
6744
9838
7374
2508
5484
9589
9442
2580
8419
838
3409
8233
6616
2433
7532
9109
1234
7027
2507
5680
2510
7321
6963
6020
523
5455
111
4227
7667
4131
8807
6433
8757
3179
9828
7177
2509
9357
3794
3278
6746
844
3141
6785
5480
379
7798
8984
4903
2640
7683
8675
162
2421
882
3502
8517
8017
7726
8701
1963
8005
3345
49
7794
9733
2933
2913
8267
1667
6077
8922
8600
9944
8380
468
4921
6655
5040
5306
6980
7765
9371
9705
9347
5885
4936
4734
5997
5053
2477
7682
3970
5838
6705
3419
1568
7700
2420
4742
216
1017
5795
511
7654
6136
2537
8515
9200
7803
5046
7808
6278
2953
5903
6993
1110
9610
8351
7091
465
3876
4413
2334
9744
2715
9183
4288
4908
3439
8134
2115
3559
744
6959
7129
7429
8558
1585
5920
7426
6634
1566
6072
7570
3573
19
1253
9101
7409
9790
6675
6196
5998
7066
5730
8394
6641
6701
7457
7325
1139
647
3291
5957
69
3074
738
7421
6661
2661
2082
8168
2538
6081
6302
7479
6125
6290
1810
7146
9316
1285
3612
6733
2595
3149
204
3143
4448
1166
3474
4276
808
4565
9054
5277
903
9215
9729
7992
1178
271
2862
7267
4246
5968
430
9938
8981
5698
5990
8448
7610
9651
6390
3148
3952
5320
6283
564
2834
342
5606
7103
5062
5523
5023
2552
7844
171
7734
1526
4544
5267
7181
2167
3162
9696
1870
372
2232
778
9547
5102
1261
560
264
1444
6672
237
9266
4853
234
9197
8920
9658
8958
7716
1751
6575
8763
2223
7100
4896
3590
8804
7540
66
8849
3110
834
4020
432
6127
4820
641
8054
2745
1324
9587
5670
728
8628
1648
7439
1034
7222
5077
9526
329
1041
7032
1352
2929
8286
3520
3535
7490
1859
3902
2007
5571
6466
2226
5503
8554
7375
36
8644
2612
5868
3688
3840
3265
7160
2582
3407
6188
2531
1723
3462
8056
7664
8537
2140
2528
1825
2936
2250
3032
6900
4965
5774
7814
4914
3960
8445
4778
3144
3891
1666
3388
8417
6691
965
1740
4846
4685
7745
9812
5818
3365
547
1616
3621
4928
9784
8377
3765
2491
5123
9843
795
8621
2314
3461
1742
5576
1319
6588
9603
233
2914
6732
1351
6507
5939
8795
1164
5803
4460
377
6211
7336
9639
4327
9223
9808
902
6328
6356
2114
4195
4335
3995
7988
5276
8219
5919
6308
323
6789
4829
4428
5226
9426
765
8223
717
5440
7242
3091
4232
9820
4059
8097
2039
224
5289
9555
2306
5332
363
5188
2001
4758
5580
7398
3762
8033
3339
9044
9561
267
4392
5467
9480
6517
684
27
7738
5630
4976
929
7702
9909
3881
6596
3987
5913
8923
405
5401
2220
493
1741
4251
2854
2127
4973
2290
9736
1683
7034
5915
5471
298
6259
1039
2725
7842
213
346
4107
3990
9241
9327
222
5642
4383
1271
3493
4548
7769
4699
668
4877
2206
1717
1198
8527
5030
9739
1126
7690
2020
9164
8858
1713
3528
3844
5061
3325
2596
5375
917
5895
9440
5065
9041
3383
3943
6620
9386
1848
7617
215
2658
8304
6914
2134
7928
419
804
1694
3030
7947
5231
7007
7468
1325
354
9774
3972
960
4081
7984
2877
2991
7546
7122
7978
6988
8952
9477
1531
7807
9951
2409
3220
1624
8008
8327
9622
6059
9433
8236
9507
8352
8529
9629
6459
6420
593
360
3954
3691
3649
9837
4779
6366
6751
2370
9764
7651
8731
9645
7314
2468
9448
11
9073
3962
6922
4173
1924
8746
1716
4939
5863
2051
5566
7926
1608
1600
9143
4920
3818
3257
9564
2168
4451
4887
5620
529
9247
1795
4197
5910
3192
4796
4372
8074
3159
2246
7612
6919
9087
3403
4951
6229
1035
2049
92
341
5337
137
3359
9749
7626
5319
1818
6887
9096
5478
3169
9648
3269
2868
9058
7944
9414
2018
4705
2249
1340
866
3790
3078
648
6638
806
332
5270
2927
792
4050
9706
9141
5225
457
2481
719
5733
9795
3337
7839
7568
4124
5385
5417
3102
7028
2630
9845
5197
6969
5006
2600
1332
4944
7396
6001
2987
6073
5394
3909
8301
6021
4630
3062
8854
8453
3188
3103
7084
6542
5942
2381
8933
4506
6570
3919
6721
3458
3174
2650
4933
5796
3167
4061
6002
9306
3616
257
8103
1270
6156
2035
5750
3935
6942
9868
8840
7362
9947
5293
8937
4171
6727
8836
2040
7571
193
627
4388
6931
6389
4582
5315
4838
3508
2180
6729
1945
335
2073
2447
4296
3777
4517
8519
9244
2837
8420
6091
8477
4076
5352
2605
245
921
6717
159
8626
626
8559
3676
2110
2739
7606
9256
7201
6045
8161
5985
7816
1754
9598
8855
6206
8187
5294
532
6938
9111
1116
6138
202
8641
7864
8293
78
5556
7695
3548
9057
2033
150
1858
3217
6083
6585
4380
873
5807
1040
8976
2784
7320
2044
5207
5831
4649
1456
5871
2814
1931
7478
7646
5180
8513
8194
2366
3440
8665
6877
6065
7333
9637
2660
1006
3398
3674
4248
2713
8716
2213
9975
7766
131
7245
4560
8903
2805
84
7044
8113
7954
8640
3381
6928
3413
2265
8402
2553
8199
4845
2736
8229
8070
4545
5015
9099
7548
2985
1101
7566
2994
6882
9721
4691
3800
3449
8275
7302
4657
9454
947
8972
8358
7951
7722
8129
2057
922
7727
2945
3663
6929
5637
2782
2286
5014
3335
8396
6285
9760
8813
491
6578
5469
8609
4768
7773
7737
2817
7190
537
8042
9455
4117
9176
3207
5305
8846
2185
2187
7150
9380
4005
5709
3222
6267
8630
8991
4618
518
82
9528
2496
2030
650
6246
8822
179
8487
9665
9815
5208
9144
9004
9835
7002
9314
853
6646
2193
6754
821
8584
240
2212
572
4070
4303
1025
347
1554
4319
4420
4622
9508
5975
5673
6068
3212
933
9653
1002
6168
5989
3561
2939
7132
1310
4870
1471
2015
9982
7853
4675
5845
3911
9642
3286
3067
8863
3316
1137
6240
3097
2388
4663
9294
1027
2443
7126
2264
6397
6858
9841
6263
8793
7871
7562
770
604
1217
739
8768
1840
4857
9789
6478
6223
9365
7510
8362
7436
9170
7159
393
8634
8202
3920
1612
8222
5185
6399
1813
1300
6983
8269
3150
2402
6692
6128
9253
9305
4628
1442
6576
5692
6649
736
4600
3399
6786
5991
7918
7720
1698
4122
6122
7537
7680
8252
6904
9188
6813
1092
4181
4753
8049
4056
4252
9516
1801
3203
2732
1184
8468
2753
6624
937
8206
2072
6734
9102
7451
6912
9269
9258
4507
5167
3128
8500
6927
5464
9703
235
6833
8284
3863
3908
7890
5657
2938
9134
6713
9026
61
4682
4029
6351
1808
3075
9677
3385
1639
1146
9009
6695
186
5297
2176
2415
6920
5317
6686
4868
9076
3545
1527
3056
2408
2515
4291
2377
3574
8788
9680
579
1995
5721
1466
3532
9474
5786
8910
8530
2907
8853
9406
4150
5245
6324
1665
189
5586
3379
9625
5928
6421
1038
7178
9091
6909
4242
4433
6031
6129
4395
4959
7123
9285
9529
6148
5718
4161
1834
7584
9849
5654
6355
1453
1746
748
5458
3410
509
5284
2737
3981
7149
3425
2204
8602
858
369
7847
2931
7594
277
9678
5880
6893
3731
3490
139
957
94
7524
1367
2104
9120
1699
4184
368
9773
8779
7488
6255
5397
7435
2297
3367
7471
4129
5563
7983
9265
8133
5183
7063
5434
408
2256
249
2649
8943
6454
8725
8108
5490
9216
2944
4093
9378
4301
888
2666
3849
3967
3683
3426
2109
2094
2347
7518
1901
9611
169
201
320
9061
7771
6371
303
3463
2893
2566
2996
7182
3680
574
268
2789
2671
9050
6150
2098
6132
9182
8248
4144
5714
8472
3354
5275
9220
8226
53
6714
5348
5797
4204
1069
9852
7255
3420
725
2873
9776
7400
8747
8498
859
9464
3598
8679
8545
1423
5158
4885
1814
7291
4403
9358
8965
8531
9498
6375
3623
1920
8029
1581
7030
857
9525
8040
1885
9466
9520
2603
8062
5777
2158
2934
5859
7351
3134
6268
7008
664
2690
4648
6187
1831
2615
6511
939
5203
7384
5240
9832
4559
2113
4945
9802
4789
324
5217
9734
9728
6559
299
1508
9195
8897
8167
7810
7025
422
5107
2665
3677
2730
868
5072
9312
1753
7631
7872
6761
427
3656
7770
7761
9958
8170
7922
3445
9735
6531
5855
5704
814
1994
3751
5057
2064
7860
5787
8642
747
7953
6248
5681
1179
7914
6238
8765
1662
6471
8171
33
2602
5889
2021
2574
8132
115
7140
1132
9581
2520
5210
1646
3939
3820
5611
4030
2362
2759
4266
8217
7965
1272
1365
3456
77
9364
7467
9983
1805
8655
5066
872
8407
9391
4650
5521
210
5439
7445
9033
7603
8835
7060
2393
5791
8245
4338
2181
1242
4752
9829
7006
7730
5408
3454
1376
5906
8810
3816
152
5443
2275
2664
3913
5140
9301
98
5445
9286
5821
6237
503
5229
8094
1618
6731
5986
5058
3024
81
8058
8881
2116
1750
8588
4180
1196
9436
5646
9854
5191
5012
3669
2622
5237
3370
6794
3273
2318
3761
5592
4359
6782
3804
6147
4839
2847
7453
58
5477
2461
4238
6092
5182
2688
1469
3473
4830
995
8117
5082
7339
1012
6604
80
2839
7227
9042
5841
5301
7473
8348
9674
7075
9660
2281
6538
2802
6261
2882
241
8604
3565
3527
9291
5667
1349
1996
4643
7818
9260
2687
8754
3868
7827
6864
2521
4568
3662
6208
3787
1586
76
1647
2831
3248
1440
1480
1370
4760
1372
3066
2287
472
9199
9593
8830
9153
7089
6805
8762
8566
1621
3254
6374
5273
779
1734
5083
7098
3131
8806
1447
8413
9434
6534
3083
2495
1497
2242
1854
9135
7712
5235
3205
5851
13
4295
9630
5649
2746
7298
4807
7895
9869
1908
1689
8034
9439
1633
3484
9192
4079
8707
4564
3165
1690
9249
9839
6174
194
5804
3730
6952
6236
2465
3922
3568
7660
5463
5570
6950
403
2733
128
1988
7960
7221
7413
3966
591
2019
8718
5560
5574
1460
9675
7903
4550
9467
8212
8505
3540
8636
6239
3899
6892
7990
5407
1220
4243
2836
9447
7208
8205
7356
5452
3699
1224
7148
87
730
4503
3974
3887
7312
9155
2434
7892
4765
4869
9726
2624
3558
2322
2961
3061
5154
9664
1467
7247
6659
8316
1596
8685
3491
8232
815
9781
6777
5937
7499
2754
3864
667
7116
3334
5664
3608
875
8670
34
4046
9106
5762
97
4843
6816
5972
2879
4607
6193
7522
9752
2311
9369
932
4331
3392
1802
2043
1691
9157
8508
780
5271
2979
9584
2272
7854
7605
1213
2919
2598
2341
8000
913
2117
1029
880
9169
5854
584
9034
3675
4855
7196
1932
2679
4764
3189
5800
3276
5569
5950
3586
251
2471
8533
8441
9504
3603
7701
5339
6199
3298
2983
6550
1407
5651
2121
2654
3712
7812
5499
4672
1830
1905
4339
3838
8355
1254
3834
9955
1661
9932
5215
4490
6022
7987
8077
7430
7703
9326
4464
8507
2093
423
5794
2583
6829
5422
5147
1429
9831
9511
9479
1262
3116
439
4814
158
3646
24
8792
4819
1032
3196
7424
9701
4401
7628
4815
7940
8107
3997
512
7706
9893
1354
5798
7422
5648
1457
1121
4739
4776
4405
2727
3092
5826
5085
4407
9453
2037
7350
1231
7094
8552
4579
1005
1558
2940
5142
3344
4646
9704
1622
3947
9013
6991
7767
9996
1891
2378
4777
7912
3747
8084
2954
9229
7836
1978
7251
6617
5373
2164
9881
9471
4689
9055
4797
6594
716
4308
6852
1437
9850
1811
7020
7961
5615
3016
9478
7909
3135
1118
1977
9747
9691
7287
8848
2076
5465
988
5416
85
3471
5003
4562
6153
3921
7898
7358
8105
9490
7855
9329
1993
4787
4429
2357
4
3015
2473
1230
5114
6722
8373
534
9894
9437
3088
3267
6520
1356
7677
4369
521
2385
5196
5233
345
7971
6516
7043
5106
4120
6327
9693
86
9148
5255
992
9762
594
4237
5532
7579
350
8532
5643
9430
6884
7330
8085
4265
5593
1862
4679
7876
6198
5295
138
1967
8432
5272
5212
6745
4662
6438
1743
2222
8932
5966
4136
6707
915
6678
2894
7507
2149
4466
9092
5823
5017
3622
8610
8553
1403
3279
7124
1980
8172
654
9334
9045
9389
7882
1561
6242
1584
3343
2257
7828
1838
2483
2999
5597
4387
946
9185
6798
9180
3221
6573
4483
6849
8050
602
8426
5031
773
3186
2535
2479
9395
7460
6493
2340
8538
8147
1123
1286
1886
7714
3729
2494
9257
8916
4017
2597
4967
6985
8742
6336
5249
5513
8629
9768
8994
9905
9687
9865
5110
1265
863
2858
105
7443
3999
4280
5162
4715
424
1333
4625
4476
9923
3822
8318
2548
7403
3556
3801
2533
9601
9343
2719
7286
146
8930
6625
3879
1909
6608
502
7688
4467
8048
1223
2529
1955
573
6453
4473
2457
1776
7614
2321
1916
3358
2648
7281
246
8622
5285
1505
2159
6281
8388
3679
8696
4362
9377
5468
7410
6903
1435
7309
8671
4589
5904
1287
692
786
1844
6947
6191
5888
2849
7586
635
9777
3233
4312
8479
7131
7587
6293
9978
7630
8778
9806
8885
8110
2054
8999
1381
9863
6075
3880
2190
4726
2411
7038
9397
4603
4519
1459
6213
3429
6765
4293
871
7746
9571
6735
9330
4553
1688
1238
428
864
4008
2632
4026
7171
1414
5334
5321
4875
1789
6501
3956
9272
2626
1703
7326
2148
4563
9084
365
8015
660
5785
1700
447
1828
1551
3495
2247
1572
2604
5479
1517
3953
2677
9502
8569
3890
4516
9554
3722
9469
1211
7615
7441
5136
7226
9537
3428
5190
4835
8684
2848
7976
6890
2930
8868
519
5745
6143
5988
5938
3113
7643
6826
8030
7742
7059
1919
9821
5437
7756
4653
1226
3626
4241
356
6981
6173
4576
7385
3274
8977
1509
639
2700
3888
8612
5717
8374
9217
3843
7035
2861
2592
2234
6434
3431
3704
9899
1817
8126
441
9398
9407
7840
6345
2489
9043
1912
3480
5720
173
2099
262
2922
9493
3351
5405
4561
6204
385
8401
8395
5091
4222
8651
8783
7135
4975
1521
1971
7986
8503
9780
5056
9695
923
3578
6508
376
7559
4866
5009
9833
1570
6651
8013
2337
7115
4114
7039
7431
4431
1307
4119
8708
3783
7
1169
5088
4534
52
2523
8951
677
8155
8018
9075
9039
2449
2492
5653
9121
2022
3550
9184
9167
2361
9568
1033
7547
4297
850
2703
5922
8353
5331
5520
8367
8470
1730
7713
3014
8904
2303
2406
4235
3187
1296
4043
5754
7813
3100
1672
9374
217
4547
3040
6888
1486
950
9720
4148
6539
4812
5143
5161
8870
4782
5446
1393
6567
418
7307
2255
6299
6103
9725
8499
5344
5333
5222
8756
8717
3012
4316
1246
3523
2124
3001
4333
7353
6945
4016
5782
4310
4225
6338
7037
4092
2324
453
3988
5227
3246
3749
5946
6597
8181
6008
2977
6461
5441
3811
6467
3882
7932
5703
5817
1067
8153
6552
5374
5354
176
7354
7848
4823
6614
5595
6537
5660
4208
3798
3195
7345
370
7711
8299
966
7658
4004
6976
5283
3795
5
2464
4508
2067
3753
5498
5908
6562
5515
7303
846
9158
9271
9396
8785
514
2363
9403
5148
1884
1617
8936
2241
3197
7556
1602
5924
3123
2474
4785
7916
8749
1615
328
1219
6476
7644
8699
5700
1911
4842
7067
163
1428
4355
4888
7754
7512
5178
969
1606
301
1799
3411
5900
2397
5223
9700
110
1378
1515
8893
4260
5914
1073
6787
7578
943
6807
7897
8006
4626
5165
9654
7915
2562
5686
2616
1775
1800
9283
3976
3355
5802
9204
7563
2301
55
3327
3949
9175
9848
9959
2768
9969
4708
8694
4233
4258
3924
6286
9671
3950
6513
2419
613
3756
2517
5000
2524
6529
6205
4145
1020
5712
2000
145
9952
2885
5419
5099
3230
2438
1064
3328
386
1895
1855
4707
5601
5087
7240
6667
6141
6741
1628
925
8509
8739
984
8876
8195
3572
2634
5874
9015
3000
2516
1989
843
5139
30
3026
4430
3812
1152
8251
9510
3874
3124
9715
2422
2353
3971
7009
2196
4357
3690
5550
9873
967
7454
9578
714
1478
3055
7539
3213
8865
1014
6184
8770
2008
7250
3202
1382
2218
1880
1619
8962
1890
5945
1279
3926
7758
3945
9017
9485
5025
8024
6074
9375
3955
358
9681
7717
851
4961
5557
715
3726
325
2205
8882
7026
7386
7972
4031
1842
9461
2211
6424
4904
7823
425
1964
8542
1863
5666
4127
2611
1344
71
2467
3839
8697
6512
9878
7693
5579
7072
384
9883
5218
5898
5690
9302
5784
3085
2336
5194
2795
2237
6171
8741
7262
6708
2843
1482
6736
4737
9877
3397
8992
4893
9662
3386
3813
9542
699
3720
3114
1926
5366
6881
2888
2779
9489
3989
4326
8244
6560
4100
3
2485
3867
642
239
2088
5738
4996
900
9366
1727
7106
5494
375
1943
8452
5037
2282
2162
9105
1348
7259
3455
5613
1008
7590
2034
5927
5420
5261
2763
7709
1894
3432
7496
4518
4189
525
5529
1070
4157
9813
7935
8496
3064
7004
2696
1083
2198
5585
4609
4054
1757
847
3313
6181
9814
9826
7138
1636
5582
3553
7635
975
5960
9078
4033
2503
1530
6230
7048
8164
826
8550
3759
1185
5073
3404
9177
3715
9766
2252
6569
6762
9138
7625
7054
476
7879
7206
4591
8144
3830
3301
1669
1611
8587
545
4816
2561
435
2872
1454
3701
7218
1913
306
4861
5954
6975
9858
8523
945
5448
7111
1904
7248
9934
7957
710
1000
7874
494
4767
7366
454
4640
4704
782
2280
3393
2268
4847
4554
4143
3182
9656
5540
5253
9811
4772
483
3489
2348
2981
6910
8239
8140
6897
8435
8983
1420
6139
1823
9019
5549
3829
9020
9657
1605
8180
7005
212
9652
7055
5771
1472
4023
1599
2425
9083
2735
252
8197
3551
7777
4817
5314
5094
1644
978
3500
8485
3875
2722
8857
290
944
1868
247
753
9405
6823
585
8710
1054
790
6738
6704
7880
3324
2498
4935
5171
6609
6610
9443
9279
7673
4736
6269
1330
757
1626
6190
6601
8067
6388
417
2980
505
1755
9072
4481
5629
100
6696
2875
4984
6855
2307
7929
3331
2254
6589
9532
678
3250
9387
3684
6234
3299
2295
6977
6600
8764
9332
9718
8586
3944
2106
8666
1788
6209
4892
2787
4259
3390
8625
6098
7536
1183
3583
4678
5228
6968
4527
3788
1416
6940
8658
8381
5074
3387
3423
4386
924
3625
2796
7596
8601
657
1640
6703
9165
1277
7014
7560
7511
4660
4183
9268
4949
4034
9659
4188
2329
1326
4477
4354
8852
7893
3401
263
2412
1063
8354
2219
5644
7710
4098
1099
7477
1192
6838
9281
8326
2864
3053
4057
6863
4631
4290
3542
959
4979
9307
970
6769
9968
3194
2184
4748
8309
4987
5135
980
905
8364
7608
4763
9390
8165
9792
79
6591
9093
8384
6088
2576
3897
6419
8200
3017
10
7311
569
1322
9965
4425
8143
8154
2175
6364
3906
6941
1102
38
7080
4218
5695
8166
543
1503
1985
8231
2291
9262
6831
5125
916
4886
4651
3743
6044
1761
1511
9420
1783
5359
7053
2526
2988
9318
5602
6405
2579
9002
6482
9421
5828
4045
232
284
8815
4666
4677
2870
9907
5760
6742
4443
3033
7220
300
8450
3521
1670
4567
5168
1938
2589
7411
9336
5459
2372
47
2625
4201
623
9804
1887
9338
3005
7236
6812
8278
2608
4652
5108
2173
8438
9859
4803
88
9344
4384
1833
7797
6235
5974
4472
7514
4132
9006
6201
5209
3479
9799
6111
5552
8894
2478
3443
8234
5111
8944
3580
4698
6818
9070
4361
8148
1068
7237
1404
9661
5858
4771
9595
2048
4599
8957
8282
517
9574
783
3300
6030
8790
6518
6099
8780
1074
930
112
9189
2302
8791
3371
3837
7455
3059
5766
6916
6158
7793
6470
5815
4014
7230
755
6316
825
5635
2266
8101
255
7195
1295
5485
1569
5346
1409
7721
9686
651
9273
1685
9778
4066
8240
4770
1976
1347
5527
8828
7669
2909
4128
8415
9025
6015
7447
2169
9022
6225
7729
6842
7174
5369
7905
6626
1958
333
8443
840
6723
5395
6197
3564
5483
701
2791
3364
7666
8424
2333
570
9935
9323
1079
3803
690
7183
3634
6683
5129
3585
6082
4954
5491
5734
5604
5357
4735
8059
9056
8643
7747
1419
8146
452
7541
5806
8664
5365
6050
8227
2445
7501
8921
8589
2557
1710
3579
9740
327
3236
5542
6010
2923
2032
8016
437
6394
4304
7577
4469
3270
2935
6628
6827
1124
6756
745
7503
4244
7846
4353
8645
2887
321
6380
5568
3241
1507
6872
7967
1829
349
4491
8405
286
1125
8270
4636
442
3039
5020
8776
2105
6310
8736
3815
848
1122
3979
9178
8310
70
7368
6891
4873
1257
6880
8971
1535
4465
9503
8157
2645
2755
1327
9029
9836
6654
4112
5113
7205
479
1267
4756
1314
5961
4611
9146
2327
2824
7173
2058
4874
8460
2136
2390
4099
3896
6241
9997
5028
337
5461
6913
3941
8203
656
9000
9916
1712
7406
990
8843
2741
8650
3353
7278
5104
3459
9255
817
2452
977
1778
6441
281
7498
6876
6102
1678
1793
4504
9870
1042
2150
7357
2380
467
8001
1301
2581
2210
8268
7292
4950
6007
1492
5702
1043
2221
4634
7627
3360
6450
7199
5832
2261
8490
6178
4196
3877
1256
2289
331
1676
1773
5962
3746
7569
862
2694
724
3755
7243
7001
6490
7883
8409
7144
2776
6066
5949
4267
4211
1282
6301
3347
8175
1867
6781
9708
2565
181
3037
9488
7776
1401
9954
6592
9415
3408
5205
1374
6439
8660
2772
3739
6159
578
4612
8567
9842
1837
3126
6684
2586
539
3183
6012
9098
4775
4863
4207
997
685
4311
8414
3620
4263
5923
4013
4858
8439
4044
1209
5669
9267
4654
2778
4480
302
8871
7482
8121
8812
2444
6867
681
9341
6005
3280
5403
164
3872
214
541
2766
1780
5790
5610
4193
5262
4125
5688
9379
5537
845
9289
4270
9786
3673
8845
7591
8750
7074
6442
4438
3591
954
1948
3378
6135
7948
9458
445
126
3060
1463
3130
9623
4306
7772
908
8518
2681
2518
5214
4963
6051
5049
6220
1973
711
8734
1682
5137
8544
8272
7829
4917
4320
7784
9035
7041
8649
6763
4837
3719
1520
2706
729
1846
3336
397
4152
6093
7102
6668
8616
709
5145
5160
9023
9162
3963
1386
9937
57
1308
934
4719
7602
4321
3534
2171
2208
2613
7404
7941
9299
894
8656
7582
5902
8193
6595
426
287
9151
8328
2762
4111
625
8817
9892
8700
8800
7575
7370
7316
3733
8192
5462
3862
9140
9910
4955
2041
7923
5345
732
8473
776
7051
8789
1777
4408
8366
1936
7289
7057
6042
6498
8430
9960
3766
4365
6671
9300
818
8915
749
8975
8886
3013
886
2916
1424
6243
4450
1313
9668
1816
5117
1294
6971
1798
3644
6859
6536
4786
8504
6934
796
2563
1297
3648
1562
6233
7618
7830
3708
9566
12
9259
4766
7565
9226
5101
9906
6249
4012
6644
2758
7235
6720
4647
3638
1342
2183
1638
1729
931
7852
680
4879
9757
3372
3237
9129
8308
6035
7866
9417
3703
6116
4436
4729
7993
3292
7290
9550
3199
2912
7475
2305
9684
6322
2898
7246
7659
5318
5536
6990
2267
74
4385
4077
175
8969
3991
184
5242
8053
3851
2785
3093
5005
515
4566
8375
824
565
6036
9419
6957
7574
8114
7845
9053
8241
3828
8031
9263
2628
2564
3258
5064
387
7681
9667
2006
8177
3482
5691
5729
4236
5639
3933
8089
1772
8265
743
2352
9579
9876
4644
571
6256
4170
2309
9887
3781
8745
5451
16
4913
8753
7740
611
6834
6774
7694
6175
5572
8732
7873
3488
8811
7613
1861
3006
2823
2177
6522
9597
4115
5199
2846
9351
7256
2756
2989
5510
8797
2355
3660
9964
5488
285
8892
8738
546
3330
5411
9472
8189
8383
6049
3483
1263
1087
7760
1168
9349
1045
9663
713
1009
130
6509
4313
8520
6790
6430
6839
3562
8724
8021
1411
1001
2636
5825
4018
1957
8262
682
6555
827
4552
9413
1136
366
1022
6640
2878
8867
6817
1681
9166
7388
2955
191
6014
1159
5250
1603
7114
3311
1499
8091
4969
6161
597
8740
9210
6396
2145
8825
6309
1241
9607
7557
4865
3515
5788
8433
316
1408
1548
4075
9936
5170
7906
6960
9119
6850
673
25
9563
530
8057
8803
3147
3860
7752
733
5415
2587
823
4929
5918
7920
1491
9383
2986
4997
431
9970
2045
7843
2069
5372
9284
7136
4942
3323
5808
3665
5080
6330
2228
9222
652
4509
7121
1218
7696
278
3107
672
1739
3446
6195
3436
7119
3854
1495
901
4798
8324
6084
3757
8322
9956
2075
3170
1268
8987
751
7228
3772
9741
6130
275
2683
4072
8065
170
6402
8315
7815
2840
2899
7334
3576
2384
8613
4851
5404
3132
3318
3321
304
1652
8273
2556
3814
499
1934
9717
3975
1243
4337
6365
9027
4964
8178
6740
556
5944
9350
5884
2027
4140
6768
2891
7486
8277
1170
712
4228
4710
4006
805
4692
9049
7187
5290
723
9173
1545
8565
2825
496
1090
73
3567
3406
7913
6660
1214
1525
5131
3889
1650
4774
5423
4249
8023
6360
6670
737
4706
2203
6224
8116
3424
5619
3492
9174
8727
4049
8266
3389
6653
2835
1500
3275
2806
6775
3009
6024
5281
2539
3242
307
550
1107
9716
1438
7685
8243
3629
918
1191
9572
4941
4794
6853
4285
3770
381
653
225
1536
2493
620
5748
3142
6767
6222
4667
5410
1337
766
6403
987
3873
461
1956
555
9127
5027
2874
5824
4048
3657
7061
7704
2225
1488
952
1426
9961
8442
9459
2052
2440
9556
9723
7780
1036
5414
4162
9321
6282
1719
6414
8713
649
5600
2808
1701
9088
8106
4532
8796
6422
2063
7272
7099
7739
3417
4123
6492
3252
5350
7036
3940
2853
8080
600
1731
4783
7520
6347
7952
1547
6998
7979
2450
8078
1982
6412
8880
9634
2460
2417
6115
2924
2470
6514
2143
6962
5699
2829
9867
2906
5964
6133
3672
4840
8714
6446
2522
6854
4501
6071
1298
3176
7969
3421
6528
5984
5836
2674
4455
8993
5522
3076
1928
8832
1321
4449
752
2138
5444
3416
2971
6429
3448
8120
2662
3652
895
5389
6982
4366
371
7672
8668
8138
8494
2161
5429
9097
2532
5323
9548
7466
7258
5684
3710
8475
9817
9993
3978
1439
4256
3706
7382
7530
2820
1815
8338
4940
4113
5545
8196
963
5780
9142
3937
6216
6871
8300
3584
9308
9304
2458
378
6165
6750
3366
6110
2097
7500
1053
1276
9627
7317
28
4240
7919
5050
8639
6488
1576
6319
4039
3541
2748
7963
6719
5562
5412
8323
5343
3968
8661
7719
8208
9368
785
7296
9624
6845
311
3923
4524
7528
3870
979
2709
6566
2426
1564
7656
4007
3158
3498
879
986
9866
7841
5753
2137
3643
9287
1494
7698
5665
5457
9857
7175
6830
5286
411
4674
583
2830
8730
67
912
7113
2068
446
2712
2797
9115
2157
9775
926
9201
7901
9738
3505
1542
3468
9116
5299
3571
6665
3713
2743
2800
7588
9451
4198
7817
4539
9048
9016
5157
7200
4623
8122
603
1835
7234
1532
7306
5038
6304
125
1841
2668
5189
2142
9605
9565
5043
1944
8431
558
2151
3932
9782
4348
4336
1587
1158
935
292
4882
3642
5632
4151
8298
2920
5243
3734
3754
2005
919
2911
477
7943
4703
8735
2554
5151
9631
8418
7297
7970
7731
2925
188
2970
5682
527
5186
6046
6815
8737
7452
9030
741
6383
3884
559
4489
4434
4440
8963
3983
4390
8256
7636
6393
4069
781
4187
4695
2153
8497
4510
6739
253
8715
9250
9335
4011
5159
9746
5655
837
5916
4191
1334
9771
8605
1369
248
9149
4995
3752
8344
6747
8253
6759
580
1680
3129
7555
630
9150
9745
8844
8761
9207
7260
6611
3602
6613
2125
2238
3228
7663
6369
6447
7964
4578
5675
7484
3038
5812
4952
2720
8489
1668
679
6676
7176
3338
227
5596
4755
4722
2300
3797
1115
29
3687
7904
95
998
7786
7392
3594
1080
6521
9615
8712
4121
8570
7107
3784
4596
4986
9551
6431
4581
9788
841
8312
9549
2921
8035
1579
2770
2375
2569
2501
9731
8689
1329
2765
2429
2482
9270
2050
4614
7110
1098
7999
6633
8695
9145
5022
3817
3433
8014
9292
6052
1959
4262
9925
5187
14
4163
7344
398
4894
4905
5201
9992
1181
3018
1684
4725
6532
8769
9251
7598
165
7456
3208
2871
4824
5418
6603
7675
1394
8935
6902
6619
4488
9394
4745
5379
2904
6837
4740
2570
3405
1331
655
9919
8371
5393
4687
6337
7023
1655
8784
5757
2884
4346
6353
4741
2993
6494
5472
1415
2356
4205
1293
2431
7180
2656
8687
6878
4930
8637
7280
3796
8151
9060
6997
2710
5097
6003
607
3835
2188
1140
9031
4110
6080
797
2424
1975
3021
9298
2332
6999
836
1421
2053
9086
6770
2331
2697
5133
9787
5725
7282
6764
5128
4536
3560
8801
6460
8370
2217
440
6885
4103
4860
1016
5772
566
6758
4900
6000
9819
8406
9191
8483
4754
6800
1371
4101
5837
8047
8826
7223
40
5195
7567
7850
4723
2325
5103
7192
7352
1250
8455
3469
624
1368
4701
2637
6166
6023
3658
544
183
8294
7033
2413
1436
9051
3073
5221
5181
1708
270
7611
3678
9428
3610
5460
5708
7504
2423
7899
6039
9569
6726
2680
3127
6189
7096
3496
8104
8285
3470
490
174
7580
7908
8142
1939
4749
5882
5508
9278
8071
982
443
2480
4192
3219
5775
1412
3650
8283
5307
4924
351
3858
4284
7781
1819
8281
2728
6325
6352
2459
8069
1103
3499
3948
3905
8176
4526
1965
3836
9254
8809
9212
8004
9791
2833
3827
689
1629
5624
429
9818
7079
6697
357
5335
3146
5047
6307
1260
1199
2112
2090
2865
7902
3156
1528
8162
3667
4118
9246
5627
7217
1031
8859
3084
9514
6398
4841
2816
5232
3653
9588
7147
9036
7093
9293
4281
5849
9052
9673
3151
5546
7104
1302
4087
8410
1784
1575
6587
8330
3285
6979
7529
6951
8669
2244
3524
8320
250
7015
1396
5701
2414
7376
3028
9594
260
8946
5878
644
4159
4673
3450
3049
3821
6995
6932
5765
9989
3529
1582
1865
4529
4680
8051
5304
9522
7141
9208
361
8139
8919
6339
9388
5633
4934
5773
7779
7184
3481
706
2389
1339
1882
1541
8536
7349
4330
4439
1465
7552
6558
8896
885
8079
3503
3200
7495
9460
1291
1792
6599
348
5204
6312
5539
6027
1946
6
2004
4512
1501
6298
1843
2617
2299
7062
7762
109
3645
768
4528
3422
8561
4025
5892
9902
4397
5865
1984
1155
3878
2585
7662
8653
3581
1516
8411
8596
5887
5075
2902
6857
283
6860
2512
9904
7261
6404
8368
5071
596
8359
1960
3172
4916
999
178
5935
9239
7433
976
99
3546
7390
2016
8821
8403
7492
6367
4027
1949
2723
5505
9957
5716
5274
1275
4478
1441
964
5436
390
1937
7367
6221
3845
4686
6273
1023
6251
136
4818
6391
633
3916
3724
2245
4484
1607
2964
7648
7346
2160
5390
2462
5607
6808
7724
1718
8185
9264
5930
7319
8539
9576
6664
4022
8759
9586
7796
6095
7583
2786
4393
5834
8365
1632
6368
1162
2828
5741
373
4991
2029
4364
2707
4605
6026
6809
1047
9616
9381
3808
5176
9962
4999
46
9697
5121
6432
8711
6037
5911
9243
961
4555
3511
7402
9337
8607
2437
7789
9742
238
5060
5621
1058
771
1523
6437
6192
5827
5175
5184
3229
6862
1207
2900
2371
8130
609
3115
968
5224
1711
2790
1947
6464
4351
5489
2078
6392
2071
4441
8721
6435
9193
2294
9367
3614
4716
9567
3224
4156
8440
5758
2403
5493
1874
6784
462
3350
2905
3570
9187
588
1900
9404
8719
272
8458
3007
4810
5179
5724
9761
1620
8814
9505
2236
2506
4485
1458
7383
4064
2918
5696
6271
9809
1007
8598
7620
4415
5376
4381
5877
8913
8329
2101
8357
7642
3023
8733
540
6974
4379
3477
1950
5759
9196
8032
2308
4919
731
1794
5917
1091
5588
7229
8247
8771
4639
8291
3859
7641
8125
3791
1706
8525
1388
1512
666
4791
6819
2163
9880
9531
4883
4446
5032
395
6908
676
8064
6177
1160
8906
5867
4918
777
8115
8305
1432
2014
2544
5364
1138
9261
3090
7985
8988
1163
5316
8914
6120
1077
4216
4245
8568
4531
475
6757
3740
985
973
9400
8528
4530
5820
5909
9898
793
1050
6445
3082
151
5362
2156
2435
1760
8086
407
9816
5689
3181
9966
5021
6561
1510
8039
9986
3914
6253
5496
6262
8703
6297
5829
7324
6937
4082
2721
7154
7179
3453
8378
4497
3617
1573
6873
4670
3043
7481
1954
910
5833
1522
4146
5070
1350
9438
2365
3081
392
9077
2065
9040
8464
5089
9911
4177
4800
7665
8463
5638
8890
2881
4036
2269
3985
4142
9401
8720
8547
3177
8934
1288
8534
2394
8484
7676
8722
3384
6836
6048
167
9065
9979
2095
6724
1998
7193
8818
5805
9117
5211
484
5466
8255
9496
6571
7343
3557
6623
7801
4492
1235
2967
3982
6631
2731
4627
4718
8898
6953
4360
487
23
3799
6992
120
4332
5118
9558
4261
1679
7073
5433
1075
1664
5755
6063
3898
5019
5055
9094
7086
5313
1797
7012
9981
6716
282
8917
2132
5558
6627
7232
1634
7809
3986
2519
5442
486
2781
6094
2405
1951
2657
7209
5567
5905
9602
3204
4902
3466
6648
459
9995
3537
1917
1418
1051
2312
4147
9245
4585
7164
2350
1258
3191
2430
6936
8390
6577
6350
989
9552
688
4784
7238
2059
9530
948
1299
726
2701
3802
7323
8540
1212
4106
4299
5711
8437
5302
4203
5426
2623
1304
6674
5731
1879
2360
9497
9871
2903
1790
8061
4356
4878
7273
3476
4062
2084
1610
2343
586
7112
4943
5396
3139
8331
6715
4084
1364
9976
1059
7523
4074
4586
1266
1979
6728
3283
1251
5230
3965
5819
7472
7428
4255
2822
3607
1397
9112
1653
9018
2060
7684
3895
2086
4375
2855
4001
1
5864
7621
498
93
2536
2466
8159
9805
7214
5257
9758
6416
122
4523
4790
6811
8592
3175
9370
9012
7775
6358
9483
6700
4880
6053
5430
2675
4264
4948
8648
7616
4019
3507
9235
1147
3516
9248
1714
6766
3166
2593
3901
7393
8436
7437
7369
7153
8314
877
1697
5846
3245
7241
6689
2780
8574
1030
1071
6277
359
5292
1373
6846
1915
8998
7804
6423
196
3322
7525
854
3767
2224
3171
9219
7573
9372
3356
2788
7867
884
1081
8002
2667
5608
6152
4487
4926
1910
8379
116
1992
1546
1127
1204
522
3852
6279
3539
317
7782
1461
7088
7440
3711
5535
8583
5631
8834
3936
4334
7469
9005
5329
5976
8623
2418
7785
309
9583
9974
4417
7017
568
2588
7805
3380
6496
5013
4854
5427
2081
7778
2541
1018
4315
3238
5518
3264
9234
1093
6342
8772
9724
6693
7900
4744
3848
1643
7145
5308
6157
3293
4220
5325
6145
7485
2951
904
8633
2549
829
8908
3659
9118
8221
8186
6474
6535
5367
8343
9592
2845
3308
6658
1335
914
881
4733
9131
8667
3666
7414
6217
6011
2978
4788
6162
896
2401
2757
1852
2391
6545
994
8198
5661
5303
4833
192
9429
9685
9933
610
2801
8723
5876
9331
1109
3118
5706
8514
5763
5069
2386
4275
5202
6016
6907
4021
5590
5770
5967
6711
6264
9875
2646
8842
1686
7955
510
5685
9339
5134
9527
9362
9853
4292
219
4907
177
3497
1161
5912
507
7705
4923
1283
9
2890
2108
5309
3606
3096
9948
2428
810
2896
2128
3842
1969
8576
8474
5658
4927
6426
1642
3282
8447
6795
5548
3072
2812
822
3705
7442
8774
4910
374
1188
5739
2811
3255
7166
6170
8043
953
6565
5881
8112
3010
6151
6343
1883
3696
1292
9435
4376
7697
7934
5356
5578
5421
4454
8088
1448
3051
1918
4588
4422
6245
4717
9613
8929
9585
9543
6825
9322
6874
2594
1379
9924
7125
5737
4374
4133
326
7143
4537
1962
9218
3693
7459
6119
5517
2695
1100
4915
9168
531
9751
8888
5238
6580
9953
6194
3315
5288
5259
5719
2283
1341
207
6868
1481
182
3577
3467
2809
7405
6749
8317
3086
8465
2102
1193
3288
2258
7118
6743
6574
5349
7886
7381
4690
2926
8506
3374
8901
8385
1084
7826
3929
708
5732
6964
2982
7982
2747
1514
6254
9521
7203
9515
1182
1205
2089
1550
7249
2997
8563
7161
1104
662
5336
6710
4105
3178
3430
4641
2231
8878
4826
4799
9984
3333
4551
2490
5679
7137
6155
9743
1660
5386
9432
3460
6680
4410
7418
4574
6792
1768
7931
3304
5068
6489
3934
1544
3418
7849
436
6089
140
7832
2010
8824
3232
118
9399
1255
9221
5616
8702
1200
273
7016
7715
9897
8423
4468
9416
5260
3900
2818
5361
2614
3549
8820
1427
9824
4165
9473
8555
754
4792
6292
5581
7253
8577
5587
6164
582
8979
90
7634
4003
5594
2960
4738
2844
7134
2320
9303
5715
5872
3697
8581
1677
941
665
9846
8214
811
3866
1591
9233
5541
6935
8434
297
1113
1015
185
855
8297
4909
8964
7513
9274
8743
1583
3589
1914
6326
1135
8087
4269
2897
2407
7373
9973
774
1195
4994
6752
1850
1180
318
8837
7294
1358
5026
8877
1130
4104
1580
3555
3732
9007
1759
1872
6106
2502
4808
322
865
1290
9156
7884
6006
1398
6593
8911
5155
2123
8313
5130
9539
6250
1809
809
577
279
9600
50
949
2342
5813
6844
1735
5126
1425
819
9462
3240
6933
7425
5127
3451
8191
6606
4867
5054
5198
8361
7252
7185
2427
7162
1228
6525
4286
4268
6462
2669
8819
8941
1983
6543
5577
5622
7085
5400
8218
8311
6252
4932
7313
4624
3832
6886
1120
4828
4891
5475
7387
5994
9130
6636
4656
7678
6480
5891
244
663
8135
3361
474
9834
7791
1346
2330
68
1336
5153
775
883
4371
5266
9059
141
7619
8092
5327
9536
5116
8349
5409
8211
8608
7998
562
5981
4629
6515
6040
8638
8709
974
2653
2344
8486
2962
402
9408
1752
9124
3206
6274
5384
516
1323
3302
2734
72
5156
2880
7655
2973
3184
9580
364
4479
5929
3368
7265
2974
6656
4096
2641
7937
1119
1111
7081
2155
8429
438
4063
3180
7198
1623
1433
3164
5756
1873
7202
1422
7783
6986
7069
4412
5840
7480
481
8591
8369
920
7266
3825
3080
3588
6583
6406
6070
6895
6079
6491
6905
4825
9575
6639
1387
2002
2761
6344
3748
7360
2107
9672
6958
9066
2711
3251
9931
907
6553
6373
2698
5438
6524
4287
7718
2943
8603
1443
8292
9276
5279
632
1464
8336
135
956
4442
7959
4541
2692
6526
2186
1311
536
8956
2313
6409
104
8594
5454
617
444
4781
6637
60
4065
7629
8250
6334
9872
3058
2346
5761
3841
700
4015
3008
4073
8895
2278
6134
1490
4658
7545
4499
4254
3099
3633
7082
1150
9538
4572
2364
6495
9807
6622
4610
5256
3112
9345
893
6828
9139
9926
5982
8421
8541
6104
7544
7065
526
7042
4444
3885
2399
5141
18
9920
5727
123
3287
820
9181
2663
6590
1806
4694
2096
8020
8220
2607
9424
394
3225
7204
2542
2202
7257
7046
4416
3661
4573
3306
6108
5383
2047
2827
5268
4697
2070
6994
6635
4199
5722
599
1721
3823
5516
3211
7910
9889
8319
1593
2395
3961
9608
7870
274
9765
8391
3071
1702
9949
32
5016
2514
5693
1953
4806
1487
209
4010
7975
6287
8799
203
1055
416
1259
3117
608
8207
6440
1338
231
7981
7277
1892
1498
4989
8674
3786
8038
3996
7991
2718
8389
1353
291
3698
2087
9847
3639
9324
3686
3597
2699
5852
3209
3869
1781
3133
8672
767
1656
6698
8856
7925
5039
1094
4399
6505
35
367
8469
1175
4210
7600
5645
103
7064
2527
1385
1898
4637
2201
4862
7263
6096
2547
9230
4681
7283
2942
6472
6541
9194
8677
7759
6499
7389
5599
8225
6694
4595
6055
727
9356
4594
892
2928
8075
3138
5897
7304
911
4035
4253
9476
6270
5626
9457
8861
9988
3865
1533
5011
9921
4042
9240
5524
4272
9856
6294
9126
4126
4998
3993
8654
6584
5105
3277
3538
9385
3152
6510
308
2744
3201
8160
3346
6602
4542
3750
3514
2946
8456
2499
8985
3776
4200
2497
6540
7863
2453
4664
2092
8657
2511
6801
9620
2285
6546
4158
2026
5248
5193
6799
5948
5965
6779
6776
2328
3655
9712
4937
5149
2655
2959
2621
3569
9237
471
5769
8131
7474
8340
7068
2152
1705
5432
9942
48
9227
2947
5322
2684
6687
1871
8866
3046
6167
8183
6004
211
1086
2239
6212
856
8949
1190
9636
6231
6996
8729
9431
3029
763
4396
8891
6564
2774
8909
1095
2995
9890
8045
6266
1172
5079
674
3048
705
5382
8184
7340
3727
1357
615
4314
3942
482
9860
2726
4661
127
7623
9903
4743
