2029
2628
7913
2327
6485
4463
6019
3349
7492
8056
7304
9598
7514
3197
1006
3276
1765
9704
4180
779
1248
752
9295
1788
1810
5862
3437
4316
5690
7413
9597
7751
4005
1854
2959
9119
3664
7152
1425
4131
2096
7861
8344
882
8712
1516
5327
2555
2285
1774
9042
4884
4968
7082
5426
3805
3020
2711
25
5397
3044
1668
880
2942
2966
8509
2044
1990
2187
191
3815
6915
1797
5214
7454
1493
9975
3830
4593
2621
6095
6906
2884
8752
5518
9608
498
2990
5064
4068
3335
9696
9846
1044
2617
8005
2380
8655
4049
9839
5805
8016
3660
8293
1088
9348
9154
7619
975
5359
7259
6176
6187
2938
7961
7117
6105
5808
2207
7314
8273
7833
3899
418
1639
8169
3606
7474
896
1814
1640
3577
5999
7111
2368
5861
4552
1399
8218
1162
1191
2430
3141
6963
6108
5500
221
3845
9085
1873
7427
7503
6688
4944
5229
3877
5894
3373
8518
959
2357
953
5300
7458
9567
7870
4410
840
9545
6674
9339
7398
5476
2050
5510
4760
1718
889
9333
6629
6504
1989
2371
3235
8080
9641
6491
8971
4546
8197
3972
2727
7236
9520
4456
952
6854
1557
1974
817
3812
6995
8491
2284
3701
2095
9146
5755
167
4955
5824
23
9564
1095
4371
9886
5284
8130
2501
4234
6079
7607
8600
2051
4037
850
1892
6897
683
2960
5574
9152
7748
6272
3691
5188
5799
8657
2861
3244
409
8395
1992
1686
912
1564
2552
588
2305
5323
1289
208
5151
9349
4542
5405
1146
9990
8253
9874
8477
6959
650
6535
3989
5344
3865
7213
88
4365
4784
9667
2994
4908
5986
3954
6121
997
9429
247
914
5329
9806
1415
6119
7415
6984
2403
8122
55
2362
3762
591
3944
713
7043
7598
3550
8300
594
2025
20
3399
5793
3779
1665
4271
7108
5893
92
5668
5935
6586
2993
8108
9088
3589
5621
1441
7846
658
7482
9165
8544
8979
9463
9584
4071
5832
5773
1795
5590
6826
7179
5906
3984
5659
6660
764
3820
8520
5317
3643
7728
3385
648
9571
2988
9024
693
9274
1895
5262
1931
1100
4295
67
9411
7845
8633
3749
921
5603
93
99
390
7065
4873
4669
2236
4096
810
2319
8160
1708
4479
2977
6447
4573
884
9028
7809
8576
5613
2548
2347
5608
8854
9808
2245
4324
232
6795
5795
6414
8385
1320
2939
5462
5308
5912
5022
2729
5567
6868
6352
1046
8107
3386
7947
7431
3341
9688
6336
5133
2626
6939
2063
7761
8671
7886
3381
5143
2460
2810
9277
6177
5293
4917
72
8974
5836
4540
1081
9749
2764
669
13
2897
2067
7135
9896
8803
9771
1617
1932
5840
973
5464
410
8806
6103
4983
2386
8662
3497
5488
4984
2393
5988
325
1752
2645
6390
2922
6283
8183
9781
9719
8705
5562
3825
6101
5864
400
2467
9987
6639
487
2719
2391
5078
935
5904
3126
7224
7906
8059
1757
4766
9034
9182
1651
5740
1102
542
3209
6039
7170
4293
1654
9974
8070
8925
5954
4060
2840
9405
56
5094
1355
2739
6770
5602
1968
5223
4641
5982
2796
9534
837
1916
6234
286
6011
7697
4845
5786
5996
4090
8251
3527
2920
9343
6144
1297
6885
7080
9803
9518
2035
2865
1975
8156
550
6669
9011
9770
4832
8198
1229
4405
7738
8964
696
9094
879
3085
8075
6130
706
5883
9497
8372
8914
7002
7243
7817
3926
552
1290
1957
2065
7941
3857
735
8740
8593
3054
3171
8323
3259
5273
4658
8658
5842
6952
1101
6632
7515
5629
4579
3771
98
4002
8450
5980
7325
1189
1703
6185
7405
2971
2198
229
6994
2673
8616
7603
3956
2822
3906
2823
1695
1761
2089
4278
1419
7638
3929
2695
3835
2734
1950
8416
3867
841
7739
9585
7550
332
6142
9822
9946
3656
6207
8374
7444
7970
5057
2772
2088
2778
2972
7626
5655
9828
8370
9580
1161
251
7805
9204
7268
5264
5675
3506
2313
540
5059
6752
7461
4235
4833
944
3532
4104
2677
7165
7527
3988
2171
853
7456
4227
4006
1067
4996
4915
3697
8813
3267
5485
4165
5161
556
6313
2903
4525
4879
9755
8841
7081
9530
3305
7592
4203
356
7116
2630
3193
675
6344
6889
8363
2843
8578
885
4604
6378
2276
5310
3351
2427
1017
7400
5388
4411
6180
8786
8684
3268
5928
883
1509
8445
3688
9473
3543
765
9242
721
7881
7299
2385
5400
169
4829
7902
3477
2372
1334
2120
506
7291
3306
5820
6865
4138
2671
7389
28
7447
7923
4368
5666
995
2550
9934
5082
5708
3337
9996
5073
2844
7610
1533
4357
8252
9557
66
4614
1501
521
6296
3241
9050
6249
3839
9780
7323
8001
6936
2449
9579
406
4805
1911
4073
1898
4665
6001
6169
8718
9924
4799
5171
254
3686
7586
4595
778
7277
6799
1213
5866
6193
234
157
3411
4243
148
144
3767
6740
3128
3148
5318
7634
6989
1943
7078
8462
9682
9673
5215
3051
9869
1783
8110
9344
9678
8448
7568
1240
2299
5834
414
8505
2547
8617
8019
3389
4617
4745
216
9823
3147
8327
2637
2815
3683
2180
4687
5358
6580
7200
5307
1552
1925
2862
3574
2244
7495
4587
3556
4635
7356
5360
5423
832
9147
6276
4106
9374
5874
9890
4650
1540
8281
2019
2158
2324
5398
7246
8821
3774
8566
4544
2140
3013
2206
346
5798
8530
8392
2820
1643
9395
5259
5521
4184
79
3736
2242
926
8297
7233
6314
4101
8231
6123
5256
4074
2859
8421
6324
5662
5014
8820
4513
565
6878
277
3897
6081
5689
8992
5209
8367
599
3692
2726
9071
3354
6023
5526
4040
256
1173
4051
244
6402
2886
5575
2873
2105
7673
8243
5437
7745
1530
9097
6975
6638
9813
3196
5634
5136
3866
7425
9419
8591
1160
4953
9796
8288
8044
1210
813
8830
1621
7997
6412
9721
3228
4918
854
4284
3443
1823
7974
9687
4238
590
7341
6217
2882
980
4195
444
1075
1315
7822
6702
8098
1588
4596
7958
812
5549
2703
4054
6275
9777
5421
7946
130
7206
1024
1015
5651
3347
3917
5925
3181
4150
6900
7857
1246
3080
5431
1051
3977
114
3756
1896
1885
8750
1806
7922
4795
8877
1450
2724
2471
1472
4369
2099
8362
1939
7802
8784
3324
9626
8592
6619
7334
2705
1023
4758
6205
5750
2907
6746
5081
4821
503
9593
5012
2039
383
7365
6321
6441
5852
1154
9495
9236
5938
890
1790
1453
2312
7360
9566
7253
107
4200
4354
1131
1561
3824
2130
9048
1609
5543
7525
1751
4910
8831
7747
9039
1306
2575
3810
8136
9969
5743
2777
7308
5833
7153
8536
8100
4755
3920
2121
2311
3668
367
899
9900
5797
5579
1321
1603
3746
7254
6012
8858
5670
8514
466
5678
6209
9665
2836
5105
1738
928
4938
2447
3178
3424
5822
2258
6755
7100
7374
9611
3251
5056
6860
153
8879
5545
3114
3336
4770
8451
5020
3684
2123
2445
4837
3592
6864
8517
7686
5592
3056
9582
3002
3061
4644
4895
1071
917
9093
1786
5221
4361
9417
697
199
5507
8594
6589
4000
1497
3401
3428
2916
5568
1739
4407
2721
363
6204
729
9778
4449
2354
8223
6743
143
3883
8876
7513
9143
7505
8062
5927
6471
2868
2216
6492
6760
1428
6563
220
9481
919
5104
3446
1175
1281
869
2511
7784
6449
9317
7402
1083
6527
2956
6880
7991
6652
4557
6054
8484
7162
5851
6634
9762
9512
6592
3214
1394
5857
1277
2889
9483
4213
1622
7128
1840
4574
4738
3910
6061
2465
7953
9751
6056
903
9291
6126
5962
6466
6993
2714
1678
395
5732
5425
5248
7602
140
4264
8447
5015
7376
1547
2509
4683
2056
3237
316
1699
7098
1940
9759
7183
481
3855
1022
4344
3622
6762
3202
3072
1503
6681
6693
96
190
4778
3339
7084
1086
3338
8449
7510
6940
5901
6827
103
8861
8745
7298
1924
9728
7588
2866
1057
8037
9930
664
7166
5977
7725
2965
7079
4303
7272
5172
9353
5119
6235
2310
4802
724
2658
1869
7182
9837
2608
151
7412
7854
9546
5233
5285
5408
6588
904
8341
5125
4135
202
4717
811
361
6064
8637
1207
6664
3999
8761
2111
6400
2763
5265
6764
1903
7426
2224
8139
7442
6288
6944
2117
9538
5739
8459
7216
2159
5342
848
6335
7778
4569
3183
2405
8903
9643
4435
2290
3700
1144
9098
2204
9427
1732
2036
816
2365
6983
1906
4076
4712
4350
6648
708
7288
7517
9118
9554
137
4053
374
1587
962
7220
3084
304
1691
8038
8929
3383
3946
2576
7519
3750
1962
1744
4478
5737
4839
9694
809
8453
7719
3860
9948
3572
7685
7358
931
2847
8212
9367
9851
9845
1835
8587
7232
8791
5302
4872
2174
6761
6822
7820
1660
773
1063
1829
1550
7849
937
5672
8417
7488
2475
6628
2789
4822
8550
198
8166
6568
802
8629
1889
6366
5402
3930
6232
3722
6098
5873
3847
5506
9836
758
3726
2192
4726
5296
9720
123
1382
1064
7287
182
8330
1775
3769
3784
8167
9562
6946
2986
5135
9883
51
6009
7144
9881
1599
3828
372
7068
4721
7359
388
2611
4331
5033
8788
3620
1993
7609
6116
3838
2685
6938
8369
4734
2149
8188
6359
8701
929
7187
8721
742
1068
9500
8722
985
7617
8233
4811
3632
9683
5316
5943
6090
3625
1034
7775
9109
7219
5571
9918
9738
112
1524
9992
4507
8152
4015
8120
3766
1366
886
6289
8997
633
5785
7583
9044
8325
5440
2496
2464
2378
2334
3880
398
7955
2116
8389
9371
8396
3246
9091
6476
4789
1748
8087
7095
8590
7125
4401
8185
6533
1981
9018
5458
4727
8862
4058
6297
2586
5615
7758
9249
255
7094
2163
3218
5266
2623
463
5519
2914
3154
8840
2423
1620
7353
228
2090
306
5496
6949
7467
3066
893
6388
3677
1874
6605
2794
9487
1155
7994
881
8333
3588
1747
4921
603
299
4997
1279
9464
4050
3737
8131
2579
9325
655
7551
4838
5846
7438
9731
9082
9425
1749
9967
2799
771
925
9729
2377
9041
6357
2419
5814
5572
1834
7434
5076
7915
7549
7329
1520
8469
54
5138
6996
5156
2164
9176
905
3612
2819
9201
5698
3045
486
958
6566
3356
7762
9664
336
8272
5301
2032
6422
7245
6965
4977
5738
9616
9231
434
4748
2086
8884
2160
1871
5481
7441
7328
3296
4652
8340
331
3360
9394
9919
6896
3439
5639
445
5312
2814
3931
6683
3535
4026
6223
2995
7066
3026
2094
2409
705
2041
4488
640
5392
4776
1018
7683
9577
5227
4522
2472
2831
9693
5958
8934
467
4031
9973
1056
8980
3161
8157
4768
3255
9064
6848
7693
4231
9418
7491
7005
1945
7769
3275
1423
9007
732
3185
1573
2678
2069
9528
8031
8670
9221
998
6615
9253
4790
7154
3150
7366
3063
9158
7572
6497
8052
5951
5682
7142
707
1705
6159
7825
9875
97
9476
2348
9054
643
7901
3777
218
6977
3132
3388
6106
6171
3647
8960
5007
1726
295
8329
7797
8021
2138
6893
301
2565
5776
2720
3533
6424
7606
3598
2008
5950
4715
1426
8299
9022
8889
8029
1090
3111
5636
8529
8742
1258
5991
4318
7912
5748
3473
1578
7564
3493
3498
5627
785
2902
7526
1805
4230
379
338
9474
8832
8916
1367
5145
4874
9108
3131
9383
2173
1455
8216
5809
4723
7320
3595
8511
4082
6945
6768
967
3034
6653
8331
4182
7452
5626
9352
4798
2355
8954
7060
6853
2470
4602
2256
4757
8883
6111
8162
3846
1715
2532
4345
69
6172
3608
6417
2297
4671
3757
8332
3900
1658
9401
6450
8749
4
7260
7707
4651
4754
6851
8612
8681
1787
7070
2182
5182
9177
8693
4722
2151
7785
3707
94
9290
1021
9422
7285
1127
3265
4133
3321
5098
5255
6837
7999
715
4504
1310
9998
8384
2912
3694
5246
9113
5956
4779
1252
9000
3041
3258
4565
3518
4824
6684
2791
4772
6773
1440
5276
7279
1870
9710
9843
41
2655
134
7307
3967
9527
9928
8204
3454
6063
6841
7293
6099
6462
8248
2783
6574
3170
1701
260
7860
2529
9595
5047
7465
141
9104
777
8504
6973
6559
6686
780
7655
4679
1793
4325
3856
3601
6055
8391
616
7269
1730
8182
3372
6966
7670
523
5479
6617
7530
2712
3144
1238
5453
2684
7181
3311
5688
1977
9631
8690
7538
1746
9103
8720
4965
1486
8874
9175
1921
9763
674
6333
9424
7396
3371
3735
6518
9105
3478
4551
9901
2768
6478
3696
4524
2696
9065
1986
495
4891
3017
1182
3842
573
3621
1379
9986
7931
5801
6429
9647
1500
7397
9035
4619
2906
6524
1047
9376
6618
9652
4678
9029
5535
1163
1664
1345
2473
6068
7768
9640
407
3994
608
892
6742
1627
5435
4020
6152
9894
6128
9299
3205
189
3082
2850
509
7370
2134
2927
9692
3799
4890
8623
5193
2716
4396
6551
3731
795
7545
6734
2028
8669
5810
8524
2053
4447
9188
3685
719
4889
9979
3710
3223
1495
3315
5546
1117
1569
2128
8995
7640
9313
9841
8245
6186
4041
3862
5362
7029
8998
3629
6385
6976
4370
3159
7911
3345
9468
3142
8264
4146
1362
3272
7186
4254
136
9126
3486
4831
8431
3740
3780
1314
4547
5758
5170
3243
1403
497
7354
3541
8090
6117
1809
2653
177
5322
3260
4170
7134
8809
6046
9148
7147
230
8834
6141
1464
1378
6715
7731
4250
8571
4132
7409
8155
2392
9599
7905
7297
7904
196
5516
5981
7660
2881
6240
3469
2375
1214
5551
5128
3733
2442
3626
6571
9740
3393
6754
252
3391
7580
3591
2215
8184
9769
3898
7035
6765
5818
2172
1250
1446
566
2061
934
7104
8532
207
76
7421
712
9318
7075
4728
1927
5887
4846
4275
2185
4192
3892
6832
8207
8035
440
7481
4166
9361
5186
1693
6426
9816
1506
4630
7264
6902
3450
1632
473
9815
4197
3659
245
9462
7722
3974
1413
9983
3136
1254
2751
2709
5160
3140
5345
2968
8770
3832
4196
7477
328
1267
9259
3404
5429
9127
1600
8988
8116
9416
1475
460
5093
5837
4157
4217
5552
7869
6931
7357
3702
8189
4280
1461
1319
9600
7972
5286
5333
4888
827
2486
531
233
3712
3637
7520
5612
7721
6911
1463
6435
5480
927
8919
4698
8970
5044
1675
2254
730
9938
6956
6243
1505
2272
2397
5016
6898
4373
2830
3022
5032
617
639
5208
4128
508
2296
4876
4865
9384
3487
1598
8335
7281
6727
7266
9358
627
172
4333
9373
4087
1951
7164
5118
4934
536
677
7255
9282
2746
9569
6228
7486
9378
3808
194
6382
2668
3795
63
6392
4311
6338
4033
5334
6194
3525
7644
7180
3488
9735
4437
1135
4862
8909
2863
2466
2845
1008
2762
4810
5465
3687
7091
7837
6036
108
4493
4216
293
5394
8815
5947
345
3261
9478
1894
203
2407
801
6127
7000
4506
477
8241
7379
6143
9524
5550
5911
8192
3996
1579
9859
512
4358
3567
6091
3610
211
1347
3716
5493
9650
2288
6714
9509
4823
4408
5272
8822
2024
4220
6245
6515
2803
2315
1105
6810
9614
9223
57
5304
1955
282
7446
5355
3475
1849
7401
1036
682
5965
1782
225
7705
7890
49
9314
5892
8726
3942
2554
240
6170
4484
4178
7265
2853
8665
8650
8871
3225
1070
855
662
3636
751
6115
6259
3552
6306
171
7502
9055
3631
1844
4267
3163
6273
6489
3322
699
1048
7114
7501
2619
6932
1796
8558
1635
382
8009
302
970
9346
4537
2222
3302
876
5403
6560
6737
5804
5774
3447
2937
4643
4212
9364
7698
1644
1983
8402
714
9844
1391
3483
4353
6595
6389
1728
2390
6076
4225
427
2541
2766
9338
685
3593
8653
8515
8047
4773
7907
737
5117
7196
1713
5132
4863
2639
6696
6980
6370
6703
5054
2414
3772
173
4277
6239
7932
2867
622
8956
5687
6536
7309
3895
5512
6636
7416
2265
4916
9812
717
1610
8814
7662
3426
9413
3804
3160
6537
9321
1308
7949
7541
9244
4253
4688
78
1184
290
261
2809
740
2459
2979
1427
1430
342
8729
4536
2710
275
7967
5261
5289
6124
1273
373
4577
6183
7223
8917
2690
5702
3462
6337
679
2474
2801
4181
9830
8714
6607
1255
3723
1176
1215
7813
6565
7783
2179
4842
9269
1677
992
2893
4939
5330
9502
7036
5292
1298
5472
3036
174
9074
6838
1227
2291
6465
6083
8641
8036
7742
543
8539
4714
1555
3380
7522
3165
3109
2478
4327
7701
5181
8213
3789
8699
5669
1584
2429
5030
6212
2504
2389
1031
938
3105
9454
4672
4520
9754
5455
7814
1447
4417
3264
8537
5349
3517
8408
4083
5130
8634
4864
3614
4376
4404
4827
3166
4825
3177
9026
5213
4626
8512
6661
1938
9246
3682
2080
5471
7594
2955
4190
3843
8570
7975
7749
1253
7040
5027
3800
1011
8465
6604
2450
7471
3927
3642
3963
2963
4505
5558
5587
6513
5817
9457
2804
250
4175
8433
2234
607
9153
5091
2421
7566
1351
5031
1280
8774
6675
6997
8554
6812
4783
4616
5744
5936
2503
3651
7303
9229
7146
9058
8428
4580
4664
525
44
4624
3922
1124
3433
7954
75
4729
5003
3213
2412
2446
9324
5131
9423
1880
4583
5854
8683
6066
7156
8495
8095
6052
3848
3432
1743
672
7390
5701
1045
2599
9184
1833
4266
4793
2110
6546
377
7608
4751
8760
6774
7093
1684
7010
3442
4418
621
6192
4018
9910
3864
4539
1866
1900
3434
4794
8942
475
1473
2870
9787
9707
5006
4467
7251
4691
3089
2593
7806
7494
9506
4386
6649
366
7546
2055
6918
8401
4244
3526
7137
4897
1740
8937
5569
8003
5754
3539
4647
5726
4509
5642
4684
1434
673
9080
2400
767
129
838
2042
8004
3754
1342
7469
155
2824
7567
9170
7151
2738
4121
5914
2904
1099
7858
1223
833
9879
8781
2732
8065
6227
8679
8826
2800
1049
579
4145
5777
2170
4304
7832
8346
2059
5946
5184
5346
8045
749
574
5046
8939
1166
7803
8419
1130
3367
405
3675
2408
185
636
6642
1856
5957
8778
5897
6303
5237
9676
8286
511
71
5963
4741
3065
1026
462
6086
6532
1363
1200
4762
5162
2998
9163
614
3616
4663
1861
145
3604
8835
8348
4416
6387
179
1469
852
8597
7807
1293
4094
5790
5486
5023
4273
1548
8748
2771
6137
2603
4301
1807
8868
3006
8142
3028
3603
4387
7083
6792
6469
6218
9522
6016
8432
5921
8441
8897
3087
6310
8646
8602
8855
9677
1722
6005
5787
430
5205
1133
5495
2440
2383
6201
2002
8315
4199
1662
9768
3210
5433
4466
8102
1778
9144
922
5811
6184
9761
2235
539
6793
3934
5187
5202
3908
2226
4887
8758
5288
8771
3863
9514
8011
9684
6444
3292
5201
9381
4025
5497
7294
5274
7516
5204
4765
3573
6274
6166
5267
2143
4402
9315
6100
1424
4067
3602
1525
7850
6220
3277
318
7506
3387
5100
6148
4393
7143
1824
2197
7512
7311
5089
6548
4710
9503
6547
9409
2743
5051
5633
3703
8134
6789
1502
3233
8375
4189
6942
1798
2595
6673
3248
9261
7145
3752
4118
1204
563
1973
8452
2510
8343
9849
5723
6544
4232
4363
6154
4042
1663
6427
7765
6262
5069
5088
3935
7730
2674
139
8727
6633
9945
6483
9459
5658
8201
6007
5010
131
3364
3359
3809
4381
4465
446
7399
1274
6730
8572
7437
8440
8055
8125
2225
1727
593
2142
6226
4221
5730
7406
5665
6270
1397
9613
7818
8836
3689
9800
9542
6738
4611
3076
2812
4835
1996
2418
2598
9675
7934
6539
2012
4229
6109
4675
6482
3580
9790
9205
9051
9705
2091
1329
4774
5881
7324
4483
2048
1481
9198
6816
4338
2564
8603
6146
4514
4724
2837
9870
3254
1177
1276
4515
1999
8302
2398
5504
5120
9779
6264
4491
7827
6138
1780
6413
9605
1287
1882
8283
4052
7666
8378
1259
3748
4804
2420
9865
226
7033
4987
651
4859
3509
8211
2416
2237
84
3768
7362
9193
2633
1952
5231
5664
464
4881
3503
8735
3995
8060
3755
8238
1061
6285
9858
7940
7759
3125
4590
2104
447
4047
1141
7042
8303
8210
9632
3402
861
787
6048
8725
8547
1820
4160
3801
2785
5234
7641
6278
5847
1358
4896
4268
6599
4706
5978
4797
2146
3648
797
4176
659
6446
3505
1487
7914
8475
3000
1188
7350
6640
2125
5765
2982
3719
3377
8337
9935
5144
8405
5713
3055
1285
9359
530
5530
6175
8696
6308
7873
909
7816
7435
8885
4413
4314
6418
9501
9466
9572
8114
8181
4775
5167
9380
2563
2328
5727
1853
9060
6750
5319
1679
4720
7764
1634
4489
2115
9915
8692
3410
5619
9804
7743
7150
8499
1522
231
6968
1544
53
8488
4403
4670
2349
8584
862
5527
5930
1433
6637
3575
4585
1933
5858
3350
5650
8621
3494
9200
2261
547
7687
9281
5416
2107
9017
5254
3121
5269
5424
6644
1808
5796
5343
4380
1719
4603
7129
4689
138
7460
8227
402
7688
2681
8713
9835
323
8356
7667
3409
1471
241
8568
3057
7895
5123
2323
3155
1038
9789
8071
3708
8137
6156
4803
3164
9674
7945
6277
7897
626
3298
3531
947
9122
1515
8984
9821
9525
7161
9345
1062
8775
8046
9825
1465
5245
4914
4735
2480
2841
4796
408
1256
8500
2741
8933
8250
2521
1766
8863
9758
5760
1479
936
7363
3586
5660
586
3551
3325
83
6858
3915
5830
9831
6496
604
3397
6330
1443
9045
6027
5174
4855
2223
1245
7388
5383
9117
9296
4164
4638
3940
709
3285
9690
6891
4850
3797
8143
9842
678
8982
3217
3833
5068
1528
826
8926
1642
2165
8444
322
3851
4548
2374
8654
6326
763
9550
7715
4631
31
6555
9853
4185
4343
3331
5473
1828
5867
8479
1180
9848
1371
871
6339
8200
7982
1891
7998
9297
7322
3969
7709
4598
2212
5761
7267
874
8763
1150
5446
6777
7500
2587
1711
7345
2082
8258
8810
3157
8827
2750
9268
5853
285
4926
8429
6503
387
3492
6707
2277
7052
4707
2545
7746
3676
9162
7893
822
3561
5382
5396
14
9357
4155
6299
3698
7408
8709
5870
2697
7112
9329
3782
3188
4265
1777
5399
317
5126
2399
1512
924
2233
4102
5251
4477
4260
1033
8461
1538
1612
2918
3953
2439
9445
4306
3834
6590
1883
9189
7404
3489
4210
380
7877
5297
6947
5461
8265
2692
7244
939
5039
6281
807
2540
5417
6298
6134
2666
4606
8501
5645
5742
6967
1247
5624
5467
2097
2580
4905
9322
5889
9211
3416
2957
631
7202
6857
1556
955
4716
343
7732
2452
386
1488
4152
9210
725
7498
1272
7703
6384
9997
6110
6904
9128
3711
6990
8636
7289
760
4815
6396
6650
1554
7789
3666
4559
5249
7577
9084
4085
7101
3599
5751
8073
5955
1545
1349
9953
8797
581
5970
6354
8531
8150
9852
292
9172
6147
5696
3101
344
2351
36
5434
2064
5680
4441
6744
600
3594
7058
9232
567
6786
9115
4692
1151
9019
95
9840
9944
1341
7198
7835
2308
3882
5733
8165
4432
8427
7531
3422
784
4228
8556
401
3273
4893
6855
3652
4609
711
5849
5258
9069
598
9396
856
3198
2905
2243
3370
6421
5570
3536
1867
2694
450
8946
7271
3077
5137
9470
5444
7772
8096
8595
2891
625
3124
7536
4960
5247
1879
6373
3579
7201
8659
6162
628
271
2689
324
2776
1570
9151
360
8339
47
4808
5920
578
1997
7430
2011
819
3139
2569
9994
9949
403
6247
1683
6323
3948
842
2081
8947
4645
8072
3361
3390
5640
6268
3751
9492
6241
5610
8557
9114
9096
9225
26
7410
5939
2784
4084
1336
3891
1710
8067
8132
2991
7543
857
9275
575
9660
6872
8400
6815
3348
9708
6470
4064
6719
3958
12
6680
505
6903
5967
1978
3099
2332
9293
4956
2124
6258
9435
7089
4718
3949
2262
6666
1762
4660
9850
7650
4622
4183
2508
9056
3396
4674
3738
426
8687
2616
4640
9786
2825
7432
4039
2350
7773
6215
5427
989
2561
9186
1536
7318
5503
2792
8228
3964
6540
1659
4782
9615
4532
5908
7016
5320
704
6430
7378
9386
1128
745
8990
4613
9308
2329
7211
8267
6846
8171
7855
620
7175
4364
2974
6626
289
7851
2682
9334
3398
9602
34
1300
7064
5555
6041
6803
1374
8741
2259
2214
5147
5336
8968
3355
7239
6409
6778
5677
7508
9391
3074
9403
7306
4351
9414
1700
4091
8731
2856
1804
4923
4021
6165
3037
9776
3558
8756
9020
9824
1237
6603
8559
5474
4594
7163
520
3609
4248
1181
5816
7962
6062
8551
3885
9247
4902
6362
9794
8230
3310
9622
7074
676
3819
4017
2103
5821
637
249
9443
9171
2930
5457
1211
743
1960
9488
2394
1292
7373
6698
1988
9965
6578
3394
792
8214
7529
6030
2515
5080
7899
1958
4072
5450
9212
3938
1091
6257
9303
7184
2723
8507
8390
4142
774
2010
528
849
7053
7076
5447
2908
3451
5037
6772
3997
8215
6432
5831
5595
8351
3052
7750
8878
1543
6073
8101
3605
8599
4341
3342
5477
3199
7305
7956
6089
6824
867
6627
4415
6464
3873
1496
5623
7280
8033
2270
1009
8298
9132
9892
9149
1094
7159
8026
17
5369
4099
4973
7333
945
355
6610
492
1043
5581
8485
6881
4927
8263
2353
1422
6155
9092
5667
1266
3333
7
3288
4378
7286
86
9753
1613
1638
5001
7744
7808
7792
4129
9819
8538
4518
1313
58
1772
7865
5418
8516
8386
1685
4786
9267
1655
5547
1097
943
8734
1953
689
3971
237
2887
4149
545
8498
5326
6943
6049
3189
546
2195
6806
8999
5747
5632
9884
8601
9309
5141
8589
5415
4023
485
9544
2203
7478
3008
3212
5103
8519
1170
6032
8870
7987
6935
1527
1125
2457
9250
5112
9241
3405
3678
9434
9073
8596
4242
4566
9164
7585
6181
7190
5699
1271
4044
5992
3887
2701
4820
4151
4817
4130
1147
9551
8079
6695
4856
8605
5850
3778
8141
7829
3470
3903
7242
359
2752
7875
5876
9059
1971
3951
1132
5034
4769
2656
9061
2066
3530
8314
2921
4875
1763
4320
647
1720
3167
7204
4013
6118
8082
2591
7573
6791
1065
3039
7030
1912
8439
4334
8008
3502
7012
6122
1653
7668
4847
2300
9516
4661
215
5815
703
6493
479
2331
9410
3204
8271
1421
2004
1760
3889
9490
8881
5525
6785
4517
3452
1193
4095
4063
3407
6835
5885
3250
6453
2150
5953
4986
7024
2322
152
918
7593
8138
7003
8234
1637
5075
6662
5536
9387
830
4592
5614
2038
6859
5792
2838
7984
4777
5158
3522
9426
7866
4188
9355
6921
9255
6251
7483
577
660
8457
6028
1143
5783
1575
9068
6542
2114
6360
5868
2613
3991
1507
8923
1209
3803
3058
1089
8099
3284
2909
3919
8413
6393
3415
3628
1647
9168
8986
7067
1902
2054
1673
309
4555
649
9679
9160
9370
9420
7547
4976
7276
3607
9263
5325
3878
657
3449
5945
6587
5718
9266
6318
4473
4942
8751
9150
4636
9529
8074
2900
1174
7815
7131
6132
4705
8135
8994
7249
9648
474
736
1984
8151
101
6246
3309
7957
1477
1725
484
4951
272
4384
4310
7963
1987
5523
908
8918
4065
915
4618
7678
4122
2071
2944
4098
7059
9649
8357
9954
5778
2221
2642
4472
4089
9101
2210
5759
5482
804
9336
9646
1376
3474
3534
761
1946
6486
2625
3545
9612
2851
2528
6490
5907
4732
5763
9539
1456
4880
4961
1113
1602
9138
9043
5235
4807
8503
7230
3151
7055
7944
2525
2722
1098
2798
9801
1792
2344
8176
8932
3537
350
6682
3201
3564
8931
227
3249
1294
3792
3507
9302
6908
5825
1457
7462
3461
4078
2513
2083
9141
3316
7563
3970
2295
1224
6988
5871
2605
3709
968
4562
5368
9254
4655
7214
5058
5725
7518
897
8296
9076
2438
9655
8754
4937
9570
731
8397
5860
8032
6157
6341
4858
1964
6561
7810
1537
7591
3728
8409
5271
7048
9375
9838
5899
4328
364
3328
6790
687
9767
8358
9079
4207
4108
1881
7049
5969
2663
7623
6782
6613
5357
2657
2978
7149
2282
349
4948
4414
7828
7395
5762
4193
2643
9951
7856
6479
529
6800
5491
8366
8824
4940
6884
3090
453
2748
6242
8792
9999
9415
7414
210
3464
89
9449
7484
1771
4461
9326
3640
9284
33
5528
9062
6805
8768
4434
2294
8706
8229
9926
6405
2384
6747
5353
5652
2302
7493
1794
6266
2500
7723
4974
8486
6769
4290
6197
7174
796
7928
411
193
9711
534
5561
9988
1317
9431
9532
1549
9083
438
8944
4634
115
5153
1657
583
417
691
6766
6517
1302
348
9256
5734
9877
6899
5348
5756
2542
6021
266
1194
4127
553
3019
3945
2505
1667
8660
8782
5067
5764
9078
2848
6252
3221
9288
2702
4191
2266
4508
9174
9817
8993
329
236
2635
1233
9868
9316
9156
9203
8560
2250
3418
4012
6836
9701
6962
5653
3104
6576
9847
2145
7107
8470
6315
1886
5385
5374
3242
5281
5129
7643
5654
2559
3571
1842
1326
1707
9834
2451
8565
9775
680
806
4481
5869
1519
1908
3230
5045
9257
8017
5072
1190
9864
8991
8388
2307
7712
8398
100
7848
2006
6332
5371
7736
8957
9169
5719
3096
9642
7457
1781
2648
9739
1470
5693
7348
7312
1508
2606
8460
4620
8958
3968
9075
1607
8922
1304
5168
814
9748
9272
7392
9543
3016
8480
2997
7684
276
4062
7217
3821
8328
7528
3853
2364
2688
6514
8860
8647
5843
4443
9507
8695
5976
2885
8153
2191
9327
4167
6894
8715
5578
8091
9227
2984
8249
7044
7284
519
3549
6080
9653
1106
7763
8543
4161
9014
1239
7470
8961
392
5042
9897
8907
4673
238
6475
7057
91
4526
6319
8438
1483
3119
2730
7578
7090
4035
7199
1936
468
1616
7009
8425
5879
7490
5940
8844
7771
4543
5534
2306
7062
6265
2646
1295
6355
5124
6120
5410
2940
2849
5706
4912
694
5771
9199
5456
8875
8698
624
6658
2201
8117
5198
8154
619
6254
8030
6498
722
3425
7988
8496
6474
124
8220
8811
3907
8127
9116
9197
6075
6704
8644
7337
7924
1058
1406
9077
8024
7595
1208
8943
5839
7774
3787
5243
2829
3679
1480
4346
3747
5079
9752
4186
2890
5583
7691
5704
9601
6813
4668
949
8295
5414
5413
4680
2113
7248
2127
188
3893
2985
3760
4575
3936
7812
1305
1459
4998
9885
6481
6230
3788
2996
7555
3743
1249
9276
2422
4553
4241
6425
7882
3965
8381
6530
4990
9010
2839
8689
3484
9145
4963
1865
5011
6948
4584
6856
7335
1401
9337
1759
2571
1692
6112
1827
3135
4767
3667
8467
6763
1458
4730
3346
2443
413
3765
3035
8205
6316
4352
451
2527
7706
5717
5768
1511
3875
7888
1478
9618
1688
5036
2455
1251
5364
4597
4519
5092
7663
1014
5780
1802
7618
3010
3384
8588
1566
1776
5791
2181
9392
3282
7349
3030
5606
7509
5539
2740
7839
8442
8965
527
5989
6883
8649
149
269
3312
4287
6438
9455
3879
2519
2582
8688
1721
1118
6145
8880
22
3859
1485
105
2707
9433
5882
2139
6828
4931
3680
9046
5891
1818
3761
3633
4256
6869
178
4332
514
4214
8379
8050
541
6173
3110
4137
3753
5339
4646
6282
6573
684
5859
7168
5741
8582
3332
686
7120
2345
353
9795
1282
24
6213
6107
7799
9791
2358
32
2448
6443
5180
6428
7023
5599
3232
1178
3611
7443
9461
7436
2147
6582
4480
4237
1390
6735
3560
4516
3669
15
8936
6380
6347
4474
5
9191
7173
7695
4069
4399
9234
4535
3914
4882
2899
6031
748
3814
8126
1380
3200
1261
4036
1080
5803
1052
1372
319
4812
9027
1499
253
5177
6844
7381
7795
9903
4699
2356
5498
6581
572
8887
5703
3981
8972
9862
259
4366
1595
335
6845
8697
5324
1169
3457
3271
9952
6775
4375
7225
6487
3587
875
6593
8158
8996
8266
9111
7157
2346
4903
7077
9440
1534
3021
3326
3568
7631
3816
9187
2017
8643
9589
9310
8866
6523
7355
3559
533
6351
4746
3861
3840
7548
3279
8190
8334
2737
3192
3973
9009
4439
1370
8410
62
6890
2092
1791
326
8279
6104
9090
4339
9012
5315
2020
3699
877
3500
7273
8434
4853
9173
2169
3718
5367
7779
568
4014
5442
1769
1864
3303
5140
7646
1577
2268
337
404
3420
7649
9899
3985
8240
9125
7794
9219
8773
5298
5511
5176
1225
4752
8627
2871
263
4011
4991
9311
7767
7122
9756
3106
1723
4852
6415
1212
106
9799
1369
2453
6419
8677
8765
507
8487
443
6322
7760
1260
3962
4285
1172
3435
2664
7633
1729
6361
4806
7708
3961
3982
5483
2602
2634
1055
7597
5211
1803
4701
1408
8973
9190
4700
8510
1231
9496
341
5055
3059
9233
9732
3293
1324
8077
2952
5845
9404
3630
8865
571
7295
6003
2499
2813
6035
6923
2728
3004
6383
1947
4621
8464
9989
8609
8393
891
1343
9521
4993
4171
3238
5789
940
2526
4030
7628
5244
8552
1652
5617
2167
146
2161
2581
6519
4409
5630
4567
1768
2596
9895
7562
8759
3107
6916
700
4924
7604
2549
8209
21
2687
9498
5538
7177
9856
781
65
9385
2941
3412
320
5439
1409
421
3012
8319
7696
1074
6621
7647
4046
4187
2278
9798
9025
7993
4383
8656
1928
991
9556
7056
9619
8801
3528
4898
5060
4211
9912
5350
8365
1449
7544
5291
6199
2341
2760
9407
3670
5063
6328
4979
3253
9814
4158
8966
8513
4388
2973
6293
2014
7472
971
7872
8472
6728
695
1205
5470
4610
865
8423
3886
8270
2749
9995
8294
969
9222
9365
2680
5944
6456
9959
8013
8277
3137
3515
7756
9323
5395
3955
5994
7534
5924
606
6954
513
4400
8730
7210
1649
8063
2981
5604
6934
8618
6499
4736
4394
7208
9258
8586
8088
1460
8902
4521
3826
5086
1284
6008
4168
2919
4100
8145
1923
7124
2131
2084
8502
2298
1737
1606
9121
298
9645
3438
5004
3064
8112
7979
9863
4093
3796
1385
219
2000
4340
6971
5529
6875
6670
1356
8084
2538
5391
4134
6871
964
8667
8941
7028
3234
3027
4654
5900
6986
9578
4251
8383
1650
3314
6712
4771
5212
470
2735
2779
8482
5438
8015
1583
4302
754
8737
7584
5631
7468
5376
923
5580
3033
7463
5926
3068
1682
9131
8377
4032
9140
7782
9635
7561
8020
2379
222
910
4422
9408
9278
5146
5800
1029
4385
9966
6375
1451
2662
5263
3734
1072
7407
1145
6645
1779
878
1001
8285
4612
4066
2660
3175
4482
9237
1383
1888
2492
6346
6717
5152
2068
2877
1187
3912
5971
6377
7925
8533
4818
7283
6160
9535
6538
7045
630
602
6189
7581
6051
1344
1296
6585
9493
77
3928
8789
1841
6153
6238
6488
3858
8652
9866
5114
3480
6953
8928
9412
161
5584
8548
9283
4639
6033
8856
1498
5338
1994
2641
1562
4980
3379
3369
5915
1331
6554
8042
1745
5134
8407
8371
3448
3849
2434
561
9923
7032
9251
1801
3557
4261
9214
5585
1868
4305
2797
3086
6404
3005
4009
7811
5683
9855
3514
3786
4498
9438
7459
8436
6741
3329
2482
9724
5159
1571
7535
6368
901
1432
5878
4144
8387
4854
9658
9941
2652
423
8435
1138
8414
9861
7326
1073
4107
6473
7127
7542
5028
898
2369
7570
9784
200
6616
1079
5819
8755
4252
3615
3327
5017
2301
1630
2462
4933
5975
4024
8886
5347
753
7453
8304
9916
2046
5998
1462
1257
4967
1893
4625
9179
4438
9976
4162
5290
7189
3627
942
9747
9700
9437
4558
646
4349
2539
9718
2631
1020
3732
7553
6985
9389
3176
7466
8869
3822
2745
2958
9228
9766
2733
6525
1405
1186
488
3695
5566
159
6606
6534
7241
2636
4860
1410
1628
2363
184
6013
6020
6625
1104
3158
2888
3904
3403
1674
2811
2156
5113
2141
5280
1110
1340
3031
5548
6783
8376
5673
2193
9377
7716
5230
5710
2228
5090
2782
2153
8239
829
3992
2037
1077
5835
2679
5577
74
6195
5407
465
5469
1129
2869
9659
8911
6163
2273
6311
5154
7714
419
4871
6821
6999
7992
439
7920
8808
429
8733
8186
7671
1764
7160
4255
8118
4656
6614
2484
8403
4538
3909
7235
7025
863
8043
8456
6798
6781
5009
4599
2661
5657
9553
7041
6758
6655
4950
2274
4034
2485
7018
6818
5952
5206
4731
3717
6004
7669
8083
9037
1593
7351
6912
368
5827
6788
4294
4450
6961
2060
2929
1590
3596
5373
6386
369
2878
8068
6129
1407
6125
3673
3291
9120
8006
7197
5061
8352
1053
142
4421
9568
5781
5183
8845
9155
4436
431
5520
5337
2279
870
1517
4442
9328
5066
5663
7569
9112
7252
6437
7741
4711
3375
907
9955
8275
3133
6866
59
8525
7480
7896
3108
5544
3921
1221
9541
165
1959
307
3655
7690
2220
1243
9273
4681
5390
8935
860
5932
7929
8338
4136
9898
297
733
5043
9712
3844
8170
4105
7826
2178
7624
7212
2774
2361
9397
8349
2700
5412
5564
8703
8523
9218
8256
4109
7559
2883
6825
6395
8018
7590
8631
3672
1003
1859
3794
8704
1431
5557
1542
8179
458
1439
4312
8089
3112
3018
6286
4909
2816
4298
911
2314
8962
793
9950
1504
6151
3818
1750
8615
3829
7123
2335
6886
3173
7918
3313
7257
5542
562
2248
4007
1767
9730
9363
7659
1594
2108
8305
6202
204
2999
698
2754
1183
4269
9833
1922
2070
8915
7020
9588
1604
9925
1059
9133
9878
6399
6472
7532
3024
9472
6455
6442
4511
1619
3674
2045
8312
3715
2557
3194
281
2570
1629
150
2444
4330
6833
27
1716
3959
4788
6188
3635
7966
845
8175
8675
7155
8978
3705
9940
8481
9929
5021
8161
6808
8493
8848
8494
8668
6294
6521
9981
1236
5656
459
851
9004
2469
8545
5110
3216
8852
8799
762
6776
7645
551
8106
7001
8194
828
2468
6244
7676
5035
1863
3501
9526
4205
6411
835
4696
5877
7344
8648
9971
535
6139
6065
9561
7879
2016
5724
3179
3134
2604
1698
6657
2101
2686
9398
8010
7004
7540
3554
8794
192
9031
2166
960
1523
1164
2488
8078
6767
1559
7917
9563
8276
5501
5000
750
2491
8406
1242
2826
6575
2577
2370
1126
8673
8567
125
8796
1115
9444
2205
4666
9661
6182
5084
7680
544
6216
4392
5025
3542
3419
5062
2085
8622
7237
8825
8310
1005
9606
4291
4563
166
1811
548
668
1354
9742
716
5224
3400
5157
9130
3162
7883
6365
3365
8274
9963
1041
2879
5875
7262
9192
1167
1742
8002
5279
8321
6608
4900
6732
7031
5356
412
9285
4725
5966
1529
8463
3190
5679
8685
3657
6060
3319
6445
4080
3247
7523
2292
3918
9657
2683
4462
3650
8483
6630
8146
3901
557
4427
1216
8638
4262
4740
8864
5445
2832
4147
9508
2924
1348
4560
4958
274
2015
9672
7393
6022
6557
9458
5931
8664
5531
5813
378
9927
2286
8604
6042
2755
3911
5829
653
7086
7919
8989
8787
8066
788
8528
9666
7727
6071
3169
186
9510
1615
4223
3663
5909
9475
3067
9360
1361
1490
5195
5720
7824
2857
623
9400
2572
9656
6516
3294
6208
2093
1412
8891
9013
7757
6214
6624
9970
327
887
2507
8307
1004
7589
560
4894
1312
6552
5468
2512
5002
2802
8058
442
3208
7475
9590
8819
7884
3817
4056
5149
371
8318
6407
4662
2078
1121
2713
9558
3307
333
9922
1676
4949
1855
9871
3374
9072
5194
808
6161
9581
596
5219
2326
993
7621
7552
455
2584
340
5303
7375
9388
8666
4576
6420
5192
2691
9287
2404
2901
930
5013
8702
8490
718
9596
5210
1531
1185
7319
7776
3252
3138
8097
8527
799
3476
4495
2787
1671
9099
3721
16
7226
8119
3508
9467
9880
3206
9591
8147
7391
4406
3850
1201
7537
1661
4971
8193
5372
7996
3874
7867
9003
9962
1417
9063
2560
2098
8345
5443
5018
5389
4424
9301
11
5609
4092
111
6379
6167
3658
6678
4471
9137
3479
9347
9271
9239
2109
2009
7717
9262
10
5432
6256
3881
4043
7557
9576
2846
3491
1323
3465
5252
5019
8202
6641
1901
2162
1680
8564
7798
3485
3153
996
5964
2874
9306
948
6237
2600
9428
4703
7050
3773
9623
334
1565
6200
4257
1339
9906
6784
6078
7130
8140
4742
4677
5913
4444
8888
5597
7445
3706
3456
3152
64
6263
4870
3724
2184
2432
6651
365
2615
223
756
8924
3619
6998
2281
4962
6797
8420
5532
1365
2062
0
1016
3236
3245
4627
2895
4578
6248
7105
7625
7694
1907
6982
5807
6656
7862
6026
9991
4412
1112
5540
2227
2583
2675
2614
3382
3046
397
6701
6579
6847
242
7933
7539
5295
1558
2487
5354
9340
6096
1350
2523
1492
3793
8474
576
3417
2058
7229
3423
8506
9209
6082
357
5649
4957
3939
4218
1611
3320
3745
3975
8522
273
9574
1576
4153
2943
739
5101
6196
4156
9286
8574
7951
3714
7892
3941
3758
5559
1858
1218
428
2747
6510
2765
7292
9565
3618
618
3499
6876
7927
7616
1066
8723
7195
8057
9452
7302
4143
7836
4753
825
160
8661
9980
6381
9737
3195
9441
8767
1646
5674
4533
5620
9888
8950
8342
688
7878
4928
6301
2425
3047
5122
1476
4360
9889
6979
2667
1468
2343
8247
906
9341
5513
2269
667
399
6668
3555
9662
9773
6964
1270
6771
2913
5216
4362
4913
7614
500
8399
4425
8691
6221
9933
8894
6861
8951
3297
3869
4496
1019
7240
8254
3445
1845
8034
4259
7753
4027
4398
9680
1836
7704
8317
6929
4426
5735
5406
965
2122
6349
8955
2267
5647
9294
5961
4390
9644
8301
87
39
1396
7485
1706
9504
8540
8895
4686
330
4756
868
176
836
7034
478
6731
5451
3775
9052
6038
1316
7384
3184
6511
2880
2992
2376
6817
3113
1402
3466
4222
120
3729
287
6508
2676
2456
9531
5714
1032
8364
9469
8575
4174
1830
90
3957
3049
7247
1087
3127
4296
4019
8945
7973
3015
727
3690
2087
9624
2949
6408
3569
239
7943
1972
9725
4512
9491
5648
2925
4556
6751
6500
7968
7980
5260
1318
9439
8534
8081
1825
3495
6434
7274
9033
4943
267
4016
170
2102
4930
3544
1731
6460
615
7310
4988
1149
60
9208
9802
8678
3924
7037
7450
5641
2947
9685
7613
5974
7205
1636
2594
8910
6059
1624
1286
3095
2022
4527
7909
9142
4868
7735
2118
1623
7720
7900
7039
8739
5618
5222
9943
5684
4433
7948
941
1789
611
9335
305
6543
5812
1568
8219
5220
6920
537
1633
6802
3120
2255
6190
2665
757
6647
5270
3876
1838
9827
5121
5537
128
2704
7885
2923
9603
558
4503
2106
9760
9810
1704
4469
3624
9699
7558
6862
5968
4486
7710
4582
6304
8049
3547
162
3440
6300
2049
3524
7661
2316
524
6852
6502
7315
8905
1092
9621
6040
9691
3330
3952
1398
3075
7841
6981
7871
4445
6401
5196
1887
4321
5466
214
8225
6710
1203
6594
4490
9717
7013
3344
6092
1982
384
8983
5102
7215
9402
5299
2303
9617
3578
1060
7296
3739
9480
6914
3943
818
644
9513
3933
839
7754
7022
6279
3529
6541
7343
4279
1832
7916
9240
8890
3770
2780
1625
6102
311
4003
2976
5166
6583
7424
2989
8094
5127
4785
6391
4335
4570
9289
8355
4994
1148
7560
4119
4201
5993
3460
7227
1702
8839
5707
8549
4925
5492
7422
8893
2821
1042
2033
920
5784
3783
9451
5379
1582
6374
1897
656
5872
1220
4300
4892
7952
1681
2435
5430
104
8541
3366
7380
4975
8769
9774
3937
3007
9957
9087
6928
9157
5715
2454
9342
3998
5605
5087
5644
2946
7677
8415
471
3521
9511
5378
339
3613
9049
858
5050
6726
7582
8051
1333
8672
6706
3590
2479
7910
5576
2189
2183
1847
4970
6736
3270
9913
7876
6598
6088
4813
1139
8454
7011
2340
4423
6600
3597
4239
2775
5766
4571
209
866
1733
7372
4270
9369
4452
6
5779
9368
6969
6528
5428
5049
2367
8269
284
7192
5179
6222
1930
652
9536
4470
2283
6457
4367
2590
6261
8455
5746
1967
4209
798
7139
7852
9252
7682
1264
81
3308
7038
264
2568
3060
5026
5484
1420
1734
9485
1914
8309
7787
3759
6677
2232
1202
3269
30
3146
3098
6672
9594
8700
6957
8744
1012
2317
6480
2670
9905
5593
3129
4297
4849
3069
9331
7863
4464
1197
6713
5178
7632
9854
3496
8640
7976
1103
7579
5436
734
1007
6794
820
984
8411
4272
2366
3278
5582
1037
5238
1645
1724
3421
7027
3043
8278
1444
9446
7417
1416
6168
9956
2892
1918
9746
5377
6178
3980
4088
212
1735
665
4322
7800
2030
1514
7960
9129
2342
5309
449
2336
5242
759
6873
5802
555
2325
2781
1288
9202
4397
7788
3566
8284
2551
5108
7338
6017
1010
5916
7440
3014
570
782
504
1831
794
8103
4140
7565
7612
9006
1196
3231
2275
5514
3978
7889
2112
8948
4070
8195
432
9442
2339
8287
5381
6654
6507
5616
1741
8626
8645
6029
5949
3725
9053
3823
584
7681
5594
1360
1140
2948
7977
291
6925
3504
9937
4286
5565
4601
7352
8471
4347
3960
6663
8128
6325
7554
6739
9904
1335
2926
8027
2253
3519
864
6309
6991
8904
8882
1027
358
5625
8521
9639
7088
768
117
1474
2494
5517
6135
2638
2536
448
6006
9689
9982
569
2872
2211
6087
4851
6501
517
3406
9634
3987
8912
7332
9947
5065
197
7842
4348
164
7382
3993
5905
1586
5855
1030
9733
988
7921
7777
424
5729
5077
2531
2954
6269
3730
7969
5942
8353
6879
9559
4623
6057
6458
8261
9057
7256
5676
8246
1518
6863
37
7487
1219
8843
9235
3239
5588
2629
7451
9832
3122
5752
8039
3639
9985
4038
7796
4081
3925
7908
3299
2135
6874
9248
3408
7780
2622
310
8913
5596
394
9744
6556
4830
8818
5700
2417
554
9932
5638
3149
3976
9139
4642
5294
7178
9633
1736
4202
1232
1614
9818
6823
843
1035
1309
8280
1963
9230
5560
9036
7981
5987
1299
2075
510
7061
6371
6149
1799
6577
5524
9486
2219
7819
6093
8577
9023
2424
9393
391
5972
489
6047
4866
8614
8757
3641
605
2
9533
3913
6305
8553
7339
2654
4430
5984
2807
7110
7965
1875
4077
6350
6937
5757
3644
257
9106
3115
4607
7574
7950
6623
8776
2247
638
629
3353
181
3079
1494
2023
2493
6602
6070
6131
6509
9549
246
4457
6043
6302
6372
846
8746
2518
6463
1002
6843
7930
7834
7692
1591
135
312
2495
9876
3003
1119
9714
3646
9797
9067
4288
6749
3581
8268
8747
4120
2026
8508
9320
5848
4600
978
9330
8607
1109
1114
7385
8906
5997
2100
592
8842
8632
8226
4787
4233
4141
2932
516
3704
3802
6951
6564
4637
1669
7336
7054
7118
4676
8579
821
9021
3262
4744
3318
4103
9351
9706
772
888
2935
354
422
1137
8123
46
4198
5365
8290
1605
4139
6987
6665
3693
5331
3463
1134
894
1852
9548
3617
9741
2910
8580
441
6689
1618
9628
3357
2647
6292
7596
82
4048
6085
5169
3831
5922
4981
3092
8838
1815
3520
2632
4391
5769
4877
6034
4523
3053
7989
1322
2556
5767
5973
6558
2072
642
435
6024
9592
2431
4249
393
2597
73
6820
4530
8316
2854
5573
661
3094
1513
314
1307
7340
1411
1920
8610
4219
1328
2129
4420
3811
9217
6694
6725
7672
315
8041
3583
6927
1429
1541
7423
2578
7368
6960
9216
8308
7346
5207
4389
635
4114
9829
1773
4737
1013
9560
4476
4907
5008
913
7238
5340
6970
205
6562
2043
1269
8724
8255
7713
1592
4487
2553
9583
4941
9001
2987
1860
456
8573
5393
7097
2875
8969
2359
2293
3070
2034
4615
6280
2186
1826
389
6849
1961
6069
2463
7047
8014
5794
559
9086
7330
6452
1357
3300
6709
6224
2202
8206
5646
1817
7853
2497
2337
8736
5934
747
9686
2828
8930
1890
4589
469
6219
4605
9993
7496
5029
195
5716
666
5041
7600
8040
1934
8753
741
8859
3512
4419
7679
7674
8359
7106
6136
8012
454
5155
9867
4276
4454
4840
6291
9008
3304
6829
4110
9134
6320
1670
9471
9421
1241
5502
2177
2252
2698
6779
300
4844
3868
4629
6819
789
1414
8639
7185
7313
2970
8807
5884
5995
4685
8674
2624
9366
7847
5695
5005
7121
3764
6596
4713
6164
1712
7729
9260
3363
982
9977
5387
6468
2382
4801
258
7167
5533
8921
8981
8847
2650
7369
1998
538
156
154
3871
40
2961
2894
902
3553
3323
5351
1482
2213
1384
110
8766
1754
2517
4494
1991
8473
6780
2144
9734
8368
9887
425
6958
6882
9914
8829
9479
6423
9243
5459
5085
496
1937
4764
4111
5721
7113
5109
4492
5111
6553
9697
4657
1821
2373
1436
8007
3097
4502
5553
1096
7231
2717
522
2967
4045
2592
9629
1039
7737
1373
4648
5509
4342
1028
1192
6723
981
8222
8708
8779
957
1153
2934
1965
9312
2627
3884
4468
3653
7978
2562
5692
7321
8606
1656
7898
5709
5225
4920
7418
1120
9942
4440
7439
9265
5409
45
8291
831
1941
6729
9066
1843
9362
3011
2773
589
1905
7109
6699
9972
7700
4885
2280
6720
8987
9319
5257
5040
61
5919
9809
3827
4564
4733
3781
8816
5910
5686
5841
2461
5217
4460
9226
5148
6612
3548
9332
2833
3490
109
1116
5749
2516
9713
4632
3785
6708
2021
9638
1574
9167
8085
1244
2588
9135
6484
7411
183
3280
1980
5240
5880
6210
9185
8628
4428
8115
8802
3116
3088
2793
8489
4510
6179
1230
3211
476
3009
85
7726
4581
2190
224
3376
8710
5888
6114
4809
4028
1377
8373
1198
7942
201
8938
279
3378
2304
5890
3510
4545
2352
4004
3720
8086
4861
6406
2231
9390
3182
4336
3888
4282
4695
9102
834
1995
1084
8790
9
2239
461
4816
5863
7140
4947
1910
4659
5948
7874
1878
4057
3932
5960
4215
5697
1442
9453
3562
3032
1697
9238
8354
7880
4588
8111
7386
8446
7026
2007
3395
6591
8109
8977
3025
4763
2133
5191
9196
6941
3894
6014
6531
8054
7141
1338
8412
4055
385
6867
8092
7642
7937
8772
3836
5189
6907
7615
118
3854
5384
5038
6467
770
1848
7420
5478
7218
2558
4372
4886
526
7133
5494
2858
9460
7556
6659
2669
8901
6567
8764
2808
4653
2805
8350
4841
1404
6716
2013
1291
5287
1263
1626
2218
702
8224
1846
1206
7629
6271
701
3256
4448
1850
5460
3093
932
7752
690
6753
681
824
2502
4008
7627
6622
8322
3029
248
6436
7938
9743
9716
3340
5283
744
2260
9961
4528
2489
7347
8437
7429
9159
483
9698
4501
9448
2209
4226
7403
7448
9350
5321
1714
7203
8624
6506
6950
1278
7507
4001
1226
6140
7073
4169
3837
7258
2610
5311
42
416
7499
8635
3042
9573
9636
4247
2567
9709
5918
8846
9032
4177
1337
5856
8896
9604
4379
7702
5505
7959
5515
2543
9873
133
4455
5917
8823
5115
6922
3118
976
7766
1142
4739
2152
2842
8121
8867
8795
6158
5895
1877
6494
8336
3791
7193
5463
8180
2953
8686
7770
8168
2381
5770
8424
2693
6722
8177
3436
7995
7524
1437
4163
1454
634
9782
1985
4586
5628
9609
4899
4531
4911
4377
7755
8851
8306
532
2388
9772
9610
8262
217
1393
2079
2715
5448
670
7894
1813
966
3623
2659
7300
7665
3317
5979
2194
175
3713
8949
4173
6358
3540
1353
1157
3083
6831
8148
986
2287
9030
7072
4010
2928
1784
1025
5937
7830
6643
3050
8728
1484
3143
2027
2396
9978
4999
612
8562
7740
3441
3289
6229
2758
1
8583
1608
5661
4112
3798
38
3546
3038
8800
8975
7115
1040
9909
2240
7790
823
2076
8172
5268
6840
3048
7261
452
1078
122
9465
5232
6255
2818
954
5959
3482
2524
972
2251
3923
2936
4554
5454
2817
2415
7781
8642
3215
5419
6345
4843
6930
2338
1082
3286
3123
1666
3471
5556
5591
1800
4337
6569
3186
4395
1364
2483
1631
9891
4319
1596
6284
2756
8289
5361
6888
7132
8985
283
4836
3523
2769
8053
9166
7270
4992
9450
5637
7971
8976
4749
4097
265
4708
4246
7275
4534
2706
6376
5375
9820
800
2855
5106
6570
4308
4206
738
7387
8694
6972
5253
6439
9206
671
5422
206
9305
5694
8326
2263
4431
7823
2395
2708
8292
873
6133
8149
1352
8920
288
6053
6295
5328
3741
1389
692
3905
1526
3870
5341
6058
4382
1966
7019
7718
482
4964
4649
5722
6690
1884
9764
8208
8178
8404
9123
7119
3040
7504
8743
8133
7476
8173
7263
3459
6877
5490
7449
4759
6348
1152
4848
7103
7228
7939
6267
6757
5449
126
6253
5775
8738
654
580
7689
8124
4429
472
6917
2786
587
6887
3301
7051
7630
9040
7278
4194
4317
4781
6037
4061
9607
2980
4323
1597
9736
2522
4022
2761
6572
8347
2911
8608
4628
6327
9939
9300
4985
2217
5275
723
4690
7176
2742
6919
3841
9882
6448
8113
8613
6369
1944
2175
8711
6550
4148
5489
9107
7171
6113
9757
1915
7599
7188
2309
3662
9292
8707
6231
7985
5838
5941
6067
2933
1976
5844
5691
480
2428
4289
2788
262
6697
7473
3413
1327
1551
9807
494
8762
3130
4819
5731
7652
8804
3481
268
4497
8221
1942
4529
2917
3852
4116
3001
2387
5671
2534
3458
4743
803
6398
1467
5203
6495
3634
8422
2964
9826
4550
6809
1452
6477
9555
8064
1601
2896
7831
1689
7699
2264
8418
950
7021
515
9180
1812
3283
437
7126
7017
2154
8651
9908
9195
4869
8857
3444
4258
8555
1388
3203
4029
491
9723
7838
4117
1359
9907
7868
113
2915
1235
80
1899
6260
5099
9872
9860
1268
6312
7092
1400
9964
7371
3219
4826
6410
7620
381
9015
6692
3222
776
7990
7394
7071
8619
296
9587
844
294
7464
5197
3638
7891
5990
5313
9785
7015
116
2649
9663
8585
3516
6549
352
5898
8232
6461
3600
9280
5277
786
8719
6236
1553
8
7169
6198
7207
35
8783
3240
3172
2951
791
187
632
7377
7138
4719
5070
9540
1386
7317
1758
8023
3983
9436
5199
2835
1165
2410
9016
6842
9788
8174
6910
2005
8237
3081
1301
8022
6787
8324
3453
2620
3207
2119
601
2074
9372
396
9960
1217
9727
7903
1872
6000
7383
1111
7859
4969
1085
3947
2962
4682
4995
6895
1969
8187
663
415
6796
3145
1919
8000
6811
4702
2155
8028
2208
5985
5728
2176
2318
7331
6635
2644
8236
5806
2401
7209
3986
8497
1979
3295
5601
6870
1107
9575
8476
1234
9047
9968
8952
1275
7801
1563
4709
7102
321
9984
7479
2753
9586
5175
9002
9627
6526
2047
6331
1904
1648
5420
7222
4572
4959
9902
900
6667
8967
7364
3224
6724
8798
9620
769
8793
2537
8282
726
1330
1179
2402
3257
9695
4154
6759
2795
3103
1093
1709
6225
6459
6191
8828
6340
7926
48
1567
1696
990
8104
6909
7724
790
9447
2546
2031
645
2148
8361
1913
9307
7587
2725
963
2983
9783
1560
1862
2320
4791
6601
502
493
1546
9124
783
4124
4945
6050
29
8717
4059
6721
5366
6250
6317
3990
7250
9857
362
9430
2573
1375
3661
6094
7657
6834
8853
7651
4704
974
8780
3727
9921
3902
6807
8898
2433
7455
2618
9207
8900
2437
4935
9920
5487
9670
2860
3062
1532
2426
9893
7637
4978
4936
6748
8380
994
8817
2333
8217
2514
376
6905
7675
9702
4901
1641
1069
2757
5622
8908
3950
1311
9489
3813
213
4224
3681
9100
8805
2898
7069
5241
9224
5705
5380
4982
5352
6290
6342
9136
4329
1819
8159
3468
3431
5826
9298
1954
5929
1837
2003
8242
9270
5226
7734
3174
9279
1687
7046
158
8025
5983
1785
3023
5164
1395
7983
3227
5185
7158
6522
370
1262
6718
2490
5411
68
5306
7282
5363
1491
4356
6892
3890
6015
1054
8458
6705
2969
436
7654
5611
3645
5923
8561
6745
7367
4972
7844
2289
5053
1909
6416
8732
1222
7656
9519
3071
1690
5116
7622
4172
9161
613
1935
4878
2566
2530
5499
5745
1156
8320
9931
4541
4857
6174
7639
8093
9792
977
6433
5150
1445
8899
6850
2406
5475
8191
916
4113
7008
9499
1368
6685
2238
3117
3358
5386
2199
6620
4283
2411
6334
5586
9183
9793
597
3414
5711
7653
2520
710
6584
433
1857
2535
4359
755
4485
4263
1572
2040
1585
2718
2229
7601
4693
1970
4499
8535
7342
1694
2852
3191
5401
4458
1816
1448
8430
4086
7887
5886
1123
3430
585
6451
2770
6691
2458
3513
5335
9181
1418
2806
9668
7194
9081
6631
1050
278
1283
6077
7793
3229
4309
8676
7007
2950
8892
3427
5753
1168
50
766
2612
457
2436
5902
1755
1199
243
3362
2607
4451
3576
7234
5896
5598
4922
5681
2246
9537
4883
2609
983
3078
3744
1392
2001
7786
2168
1929
1136
2476
8833
2137
5165
8105
8526
7533
7419
9110
4126
9703
951
6913
1876
8048
7605
6150
147
4240
2767
3467
7986
3665
3538
8611
3742
2574
163
2057
2585
8311
2544
1851
7664
2744
4475
6901
2945
6609
4697
3872
9178
2077
7433
9651
5643
4459
9552
9264
2330
5190
7014
5239
6025
5823
8426
7791
4954
6545
5024
9505
52
9715
5250
19
999
7099
4780
4667
490
5228
4208
8680
895
6206
7361
8244
6955
3263
1948
2018
4355
5107
4561
9005
9625
2481
180
2196
2241
9805
1438
5736
7964
7489
5772
3966
7301
8235
308
2672
9911
5048
4123
7521
6233
6687
8850
6671
9456
5218
303
9399
1466
3266
235
5452
6018
2498
9958
3776
7096
1159
3274
7221
4747
8625
8468
6646
4313
3187
9671
1535
7711
8203
3916
6992
2640
7936
8478
5589
2126
127
2699
5332
119
2790
641
3281
6394
4568
6974
2441
5278
3226
4966
2249
2413
5163
3896
6203
1521
1325
1839
8199
9750
5635
9936
564
946
4828
9220
5600
1346
3585
5314
4952
8129
6329
961
979
2731
8837
4446
102
9406
4281
6801
2200
9547
5788
8076
6431
3290
4946
6520
6045
8620
2589
7733
9215
5096
9917
8492
351
6097
3352
595
8542
8257
4608
8382
8581
3343
6733
1672
2651
9095
7935
4453
6356
872
9304
7843
6933
270
6002
8061
347
9194
8196
6353
3220
5712
5282
5441
2321
4292
8069
4326
1195
7636
43
3368
9382
2601
9477
7571
8144
1539
1387
501
4750
6804
2864
9484
3584
4159
6597
7006
2157
6830
5236
815
6926
7840
728
6978
1581
9722
4299
610
5563
6512
4633
2052
3790
4834
6211
9245
9517
4374
4814
7575
8873
2230
6700
1076
7658
5782
2931
5305
8953
4315
1753
956
8259
3287
121
518
5095
3429
3649
4929
7191
3091
3806
7087
3180
2257
7063
7085
9482
720
6397
4125
8963
8785
6084
987
3102
8546
5522
9765
8959
1926
1122
9515
582
5097
6343
280
4989
6364
3168
132
933
3156
4307
6924
4236
4274
5933
2759
9523
3671
4204
2477
7511
2073
8872
3582
775
4932
6287
1000
6010
1580
4906
5083
6072
1108
8360
5607
420
9038
4792
7290
2132
9379
5052
8443
7428
5903
8849
8812
5139
5404
847
6679
6529
5071
7576
4500
6044
609
7497
5173
5865
4179
1770
4115
9637
168
7804
6074
8598
1717
746
9726
6839
3100
2271
5508
4800
8313
3763
7821
8716
1435
8466
5142
3472
5200
7635
8927
3455
2136
1917
70
9494
2834
6711
1158
1489
1589
7611
9669
9089
499
6403
5541
3511
313
2360
1510
1822
3807
4867
6440
1381
7136
549
4591
5370
5828
3392
2533
8394
7148
2827
6676
4694
3334
9432
8777
6611
6756
8663
7327
3563
2188
8569
7864
9630
2736
9745
3654
1171
3
1956
4761
6505
8563
1303
3570
1756
3073
4919
1228
9070
2876
7172
375
1265
4904
2975
3979
3565
5554
6307
4245
5685
8260
4075
6454
9681
4079
9811
8164
859
1949
9356
8163
1332
9354
6367
9654
8630
7648
7316
4549
2506
18
6363
9213
8940
6814
8682
805
5074
