2950
1636
7370
6062
2495
2918
7034
3533
9204
6653
6347
5102
6196
6293
9031
7816
949
7031
2298
8518
1823
304
8961
4999
3049
4727
3762
966
5631
8192
9184
442
4016
2038
3690
6407
2770
7474
9182
4934
6623
1418
3874
580
7704
4776
2456
8630
4579
5438
1005
3886
1543
4542
8819
2477
3015
4712
2850
9554
9486
2569
4010
5871
1271
5906
8880
718
7917
471
5422
9136
1729
5957
2126
4363
6960
733
3192
7476
1553
5676
2171
5556
7082
8818
1618
5875
8284
1540
7679
8429
7176
9559
8480
4512
4666
9470
9072
9487
2045
1261
7551
8021
895
6000
8249
1492
9759
8163
5218
1691
7747
641
4506
9079
384
4180
3936
6646
8549
3600
3366
8082
5824
9567
2722
2179
8786
1212
3167
4744
9319
4956
4850
752
3868
3710
3153
4525
2455
9884
3994
1745
4548
4
604
494
945
7296
9283
8470
3156
5856
2955
5414
826
934
7780
7254
5150
9549
4942
1232
716
7500
6935
5360
487
7841
3950
1972
6283
3263
1379
736
924
6613
1943
9075
3305
8944
4275
2966
9705
7979
9027
1601
1520
2315
7795
6813
2471
4255
2610
1043
3862
1447
9144
7924
9584
5098
3308
9269
4504
1207
673
8978
8586
9744
369
9624
8942
8567
9808
1659
827
3677
7204
5251
7032
611
7041
3229
3198
6596
1467
591
3113
9414
8188
4322
848
3001
1119
8589
9541
7059
9234
1293
9611
9447
3810
6172
6591
7004
3991
7624
7598
7043
9074
5928
9218
5407
5217
5224
547
4784
7689
4170
4697
5174
1104
4248
5086
1885
2168
401
9472
3082
6023
2629
8067
2587
9507
7512
1235
6197
5079
2020
3419
7676
1326
5741
6826
3285
3891
6643
6497
875
7527
7753
8213
1280
6356
9849
6594
459
4226
8363
8142
2418
8180
4403
5204
5159
2519
8273
7425
2136
3794
9028
8826
7252
3672
8727
2348
8527
6096
938
4624
1626
114
531
8212
9499
8754
2434
4782
3757
5430
2679
62
7284
5487
3993
590
5654
1656
4437
99
3701
2995
1510
9653
3734
9102
8620
2989
5354
5737
5056
2527
970
3149
8940
9954
5148
224
2299
3355
5566
7189
9723
8884
4631
4340
6220
1991
7484
482
9698
3833
7163
8560
1539
4621
6115
2004
3194
7862
6765
3363
8984
4245
1066
4002
1426
917
2046
2028
8147
2870
7852
7378
3128
7963
4643
5049
5019
8348
294
1655
4022
5672
8114
3864
2603
2180
4001
5424
9449
3141
1591
5798
6094
6513
8556
1134
8895
3502
5853
7733
8570
3486
3593
2645
593
8814
5059
2687
8418
4983
6763
3185
8032
9915
4172
4212
7035
4268
8198
7427
9780
4888
952
3997
9069
6635
1534
9740
9539
1756
9478
6128
4004
9396
9907
4369
8056
2648
4619
2219
1907
2553
9837
3604
9425
3398
1044
7522
265
4184
8103
5801
6881
5855
2274
5848
1081
3601
2212
6460
9521
5033
7942
6795
5769
4439
7554
2749
7785
1957
3452
3189
4284
2762
6723
8600
3061
3380
7827
3911
7331
2654
7422
4635
8936
9695
9408
3857
3503
4897
7692
6367
5514
8892
4812
5469
3391
7573
959
3258
6742
3705
1920
8040
5854
5108
8236
6927
8625
5132
6482
1419
6298
8267
8931
9161
1320
4240
6154
8315
6706
9395
2909
8400
1667
9742
7776
314
3537
6715
5316
69
2814
7217
8322
186
5852
1835
4326
3231
8357
5573
3089
1849
6288
6825
6307
2896
2636
7819
4993
8346
9553
8200
9528
7896
7738
6687
1246
829
9816
1250
1966
5902
5782
6700
9281
9426
7973
1948
4334
7603
5612
803
4277
1216
8026
9735
6980
2204
7080
3561
8668
9558
669
2588
4520
1728
9803
2748
8634
4929
5587
3493
4122
3110
643
6846
7798
6049
7690
3924
9140
7853
8838
7197
8486
3731
8406
4617
8105
7128
6377
8258
2682
2508
1346
1249
5622
7456
9551
7526
9438
7351
7426
3535
3679
6190
6162
1526
8692
3955
9016
518
5097
1738
3850
8038
9406
2040
4357
79
8772
8310
6511
3441
6168
4724
7889
7634
6082
6895
3118
9368
8247
7542
5866
6073
2516
4404
8685
2761
3248
480
1961
9169
8279
3644
8162
1345
9982
6773
2771
5409
3808
8802
5639
5916
4763
9236
4665
6285
2117
9105
1771
8334
4773
3863
1256
1067
1052
4271
9417
7452
5268
4377
6964
6840
8354
4283
5355
2138
5604
9098
1094
345
4595
8893
6064
2743
2051
5886
7927
3795
5799
4060
5735
4260
3563
2400
3295
7712
9384
5817
3413
1351
7122
1099
975
9796
3544
4048
1403
437
4538
6442
3659
8954
4674
3058
902
9830
1676
957
4686
9914
564
2161
5621
5904
3832
4481
6838
698
5967
7621
3496
259
3297
7434
7164
8275
7608
5415
4732
7767
2099
3444
1951
4949
8516
8602
8376
4140
4572
2373
5649
660
71
5686
6097
6385
5272
3408
5128
1892
6191
3768
9399
2914
7253
6279
7797
1141
9046
1750
9198
2357
3554
5635
4576
600
9927
4974
4050
3253
6325
6793
9853
1435
3283
8987
2726
8456
9504
1668
9728
9917
3183
8064
247
8554
8853
4406
4091
9918
4111
2520
6820
5596
5512
448
6231
5964
9111
6101
1312
245
4453
645
8502
6200
8405
8867
2103
1992
5563
3129
7950
4316
3655
2190
6030
6576
9277
3028
8410
7622
4718
8687
6433
2411
54
7396
4535
3296
2123
5491
5819
8569
4303
503
6780
452
5873
3027
2828
8808
7492
7702
9585
2532
6816
1975
3060
3811
1266
2165
3349
6829
1225
1954
3050
4855
9360
6512
6873
4256
2487
8573
8132
9919
7487
4071
2470
6232
828
9947
6941
2422
53
1515
279
43
3094
9756
935
9157
5006
9148
3117
5909
3092
4613
4409
4785
8266
8891
594
8028
8643
7912
2733
3591
5945
1070
8235
9806
5273
8152
1799
1243
2427
5494
9738
6452
4436
7605
3291
7462
4193
4455
3002
2024
9110
5448
3430
1610
2858
3463
8291
3956
9878
1967
8057
822
4163
3377
2405
1988
1193
3729
5934
2393
4521
8890
5246
1088
47
4853
9444
2632
2586
672
5688
3238
3030
1625
8151
3614
3375
5437
6650
5674
9
1377
2707
9750
9114
1766
7432
5845
1444
3928
675
7294
5330
8774
72
4887
9160
9569
5336
2154
7631
9828
3740
5418
4841
8580
6243
1774
180
4159
4289
7957
4570
2069
2167
1535
8356
9342
427
8277
1578
1417
8220
1642
8010
5057
3747
6815
8330
5199
909
980
8075
9586
3066
5709
7323
7558
7305
8265
727
904
4534
6024
8217
5266
5734
9769
5244
8525
7395
9969
203
9942
3333
6671
2344
4990
5254
1335
373
2729
2293
1842
6483
3213
3442
513
6762
8117
8906
8900
788
4105
8439
3490
707
6141
720
9537
9484
1378
4925
6088
9007
1224
6461
5598
5306
6281
9659
7865
7680
8314
1180
2861
7382
3658
9778
1201
5540
7315
5432
6885
7994
9166
4356
7670
9256
7118
7266
6428
22
1780
7505
6944
1142
8713
2049
5976
901
428
2948
1963
8158
4115
2082
740
8360
3989
977
655
3877
5567
3473
8281
5356
9599
2493
2021
2129
7338
5864
3116
8039
4074
7209
6674
397
5005
1491
8206
4003
7778
4231
1149
103
337
9331
1740
5660
1648
8423
7071
5177
579
1796
7854
5289
3582
7301
1531
9868
6710
3872
154
371
362
9011
7707
7440
3475
9353
8659
6138
6395
9870
8187
4873
9792
8782
6821
9313
9473
2463
9230
9020
7287
4737
868
4824
435
5646
7220
542
914
6888
438
9112
8501
2791
8532
6053
7965
7479
9697
8718
780
7628
4185
1331
5648
9752
576
870
2945
954
1757
404
3200
6939
153
8709
2406
3420
6361
2672
6542
8448
1821
8048
3373
8014
9564
2755
5581
7344
3071
166
1076
112
8241
3318
7238
9983
3739
6568
4840
4285
9662
6155
318
8128
5918
9439
2637
5342
2556
1915
1472
8957
474
9552
4733
5152
3115
3901
4129
2465
7461
5044
8420
5841
9030
5145
1171
8671
5919
3974
8996
3978
5764
2656
4912
7079
2572
2534
2635
5064
2275
6744
3232
7768
5468
6562
6485
1360
9376
3485
8616
4080
6228
2124
8789
4061
8995
4352
429
3552
3177
8529
953
9437
3043
3986
4423
4435
7225
7810
8601
4321
9960
8159
4898
1851
9145
5748
8068
539
1512
9899
4108
4401
7363
4553
175
9237
2620
3960
763
3300
2119
9083
9592
5035
7061
9663
3940
6599
9350
598
5576
5234
6349
8932
7571
5099
1639
2638
7144
4663
2300
257
2684
8133
7248
3952
4151
6201
1870
7221
1593
1332
2235
1442
1523
163
3345
557
2395
9625
6801
8844
2763
9758
7091
6701
2273
3688
1758
4038
3338
3252
9361
8231
2789
6532
1516
1448
9441
5481
7743
7495
6806
5
7168
8564
7673
8161
5715
8975
818
5720
5453
3403
6807
5215
5633
7493
7815
8427
7445
8191
9459
2769
6244
9626
8216
4124
4761
4714
5962
8243
4556
183
7119
4446
1422
4801
2554
8744
2479
7400
2036
6208
1709
210
3575
4605
2086
3745
6219
6925
9303
3357
5628
6736
8637
4400
694
5420
9594
9164
3293
5287
29
1196
1105
8755
8144
5901
4528
2264
6177
4868
1944
2506
9405
6435
3073
4113
837
3081
5322
5461
5119
3643
4600
6857
7398
9082
5781
7746
3093
1927
8741
2538
9424
8797
3478
2060
1382
667
6489
1156
3320
9714
9341
1257
377
1702
3084
1231
7701
7038
2109
5220
8646
9743
1514
9751
1859
9689
7847
5470
4699
4497
575
7437
823
3317
2802
8934
521
5207
9602
4219
6105
3422
3577
8362
5883
2698
6186
5536
1236
9397
2849
9255
5717
327
1024
2812
6184
2925
4694
4507
7420
8368
8662
2746
8652
6824
3526
6933
8242
8017
856
2187
5094
1990
3622
3133
6948
2094
6181
8440
5465
3207
7020
9943
9641
2512
7866
1778
9225
4368
5537
6890
4933
8110
6357
46
376
825
2231
8079
9276
3970
1439
8791
817
8642
6331
1175
6413
4845
7083
5988
63
6476
6648
3779
8313
8541
6556
6366
123
5459
3372
719
6889
3516
9639
2796
9325
3876
8358
8547
45
2251
4496
5833
1139
2702
706
6810
7223
1247
8878
5297
7952
2258
8436
9777
9995
2301
5107
6629
3848
2382
2655
7818
3963
2162
2740
9546
8923
9826
7625
4969
560
9013
5441
5026
8395
2574
2011
1441
9502
5879
233
3307
4103
6593
4889
36
193
7121
1316
1100
6103
8378
2050
5779
1409
7104
7933
9346
3826
1087
4323
5534
3105
3359
2098
4094
2308
5483
2419
6488
4611
7967
7002
8019
6786
7517
4201
3492
7789
6459
2107
8513
545
2062
4935
9819
8868
6001
4018
5110
7600
6371
8577
2164
61
9928
2332
9212
4382
3606
9873
2720
7651
5858
319
5772
5388
3367
1126
2290
1245
2965
5241
9656
4463
1544
109
6571
6946
5931
6916
6117
5131
3776
1204
7171
5602
9287
7568
7535
6767
8647
7655
6743
6909
2599
3743
5018
91
2432
6928
8862
5122
1350
3417
4540
662
3026
7313
4693
2526
1300
6218
8402
6003
9227
1548
3697
9763
8125
4490
9465
3166
9591
2544
2821
3127
732
2458
3869
2409
6507
5699
9795
8373
1244
1268
2591
6065
9788
1847
9088
1496
260
9489
6760
7105
6054
5071
5759
3883
704
1452
13
1671
840
5687
9621
8830
5368
7355
2101
8717
9863
9392
7419
1865
8905
4139
4645
7376
7431
1871
4681
2353
7830
3737
5227
6074
4585
5630
1384
2115
5663
4109
3586
5939
6271
5949
919
4427
1388
1925
946
9965
8667
3191
7277
8108
252
9678
7056
5541
2975
7178
3718
7870
5058
3329
4036
1853
4532
4081
758
1337
5722
7699
4606
9471
1921
5319
5938
7553
4729
1882
1184
7718
6652
6109
1072
6171
3534
2640
3899
6013
7949
5239
8307
7829
9018
7063
8656
3268
2551
7374
3126
6984
6351
8297
28
1421
3247
1487
9374
1713
6598
3687
6537
4711
1012
1609
9476
5607
2201
2890
2712
3257
6551
168
7076
2217
2287
8736
8090
2283
3267
1501
3650
991
4383
1938
8773
3025
9038
631
767
2988
4039
5072
8248
4098
9675
537
8929
1157
4227
5428
6639
834
7062
7591
7446
7559
7177
1416
6828
1194
240
4759
3812
1550
9544
972
7900
2421
6487
495
7065
6852
9555
2294
2132
3584
5240
7418
6766
6959
6719
5486
5846
5605
9676
2407
8623
9049
8179
813
2221
9814
7511
1174
878
2694
6436
1436
5247
1163
1844
188
7760
4299
1929
1413
374
8877
528
3451
3628
2158
202
2478
9572
255
7174
8678
5803
200
457
3953
7585
3565
9306
5724
3661
6449
8903
1096
2000
730
3816
1785
5667
2893
2394
4472
1889
1369
5062
4157
7922
6663
82
8839
4011
582
6041
7519
2701
7040
1825
6194
7306
4127
3135
2431
6860
119
8367
3120
1408
409
9324
6864
1536
2244
52
3162
8712
4563
9068
2005
9015
7247
2650
9174
5225
6043
3056
7791
6770
2964
4786
4342
9836
6180
3635
9823
3875
8707
1128
3674
9686
9053
9737
5397
7242
5181
9779
3325
8831
5515
8053
646
9630
6457
1511
331
4608
5335
7237
5265
3805
8766
6480
6757
19
4664
1108
2014
2309
5267
5157
7817
1612
3427
1252
4136
1102
4220
9503
2809
676
7206
6175
1704
7146
8968
1820
4413
6530
9637
1599
1833
5915
1893
493
8099
1270
415
1837
6495
3727
35
7202
9407
6865
9493
2923
5739
1666
644
5160
5505
9435
9950
311
6906
3256
8740
7867
7336
5657
4102
1788
1101
6420
4650
1588
9725
1389
2783
5389
3712
8374
5539
751
4040
5369
1274
9817
1753
9876
4246
1508
5544
6066
2112
6071
4834
5784
8050
9904
9241
9562
8164
391
5828
4479
6238
8849
2189
4516
7279
708
5198
1918
7787
6456
5641
3008
5979
5554
3428
9773
8145
4518
7067
773
9667
3202
4418
7106
5236
9967
6275
951
2282
989
6915
3525
6242
2229
8790
6997
3294
2888
2787
3032
5069
8933
666
7201
3608
4810
9124
8493
3827
2383
8008
1939
9889
5410
6450
6386
5134
2457
1400
7403
9163
488
1727
7454
8131
2135
9097
455
9976
2090
889
5124
6113
5346
2172
4327
791
49
7134
6429
220
4494
2074
5146
1478
556
3559
9064
4328
2542
9381
2705
7766
7182
4367
6735
8670
5121
696
3678
525
9338
8190
7672
2464
2476
5629
3144
7823
5897
5601
201
310
1160
7205
4359
4950
6207
5986
5937
7409
8723
8097
8592
1130
6146
3386
2441
4807
861
8629
492
5580
147
3828
3498
2474
5899
9719
8951
3314
9267
1922
5138
5625
1769
3356
4374
7064
1311
7330
5027
7717
7380
5893
5105
5860
8690
8392
903
5603
9579
1735
4698
4164
423
6611
3511
1737
3861
7326
3483
4809
1373
6549
5165
3640
9261
3668
6091
8167
7094
9631
3205
910
1342
5149
2122
1190
1517
1565
574
8172
9101
4865
8300
190
5558
1529
1805
6971
2449
9509
2281
7794
6761
6355
8069
9557
9216
1546
8533
4005
1569
2913
6745
162
9532
9767
8896
131
6438
1221
8531
7732
6883
1507
271
3416
9978
7448
7960
407
4076
113
9099
6426
9883
4702
7782
144
1677
8311
8451
3900
3518
5391
3364
9566
3181
7903
1461
595
5390
544
5331
8998
8945
8226
2236
9062
2467
2818
3456
5874
9328
1657
4593
2096
8793
3829
2147
7053
712
9903
2996
1095
4173
2714
3262
5003
2013
3234
4899
7481
4429
6360
7769
1092
2500
2377
7358
1707
3472
8274
7675
5694
899
8305
1290
6481
4486
9051
5812
9104
6130
5795
6774
2228
6477
3174
5888
366
9514
2292
7716
4908
6778
7203
2279
6199
3934
6658
6869
5786
7216
8728
6741
9494
2389
212
4923
2765
2080
1665
8558
8872
3949
3742
1640
873
1368
7756
1582
2207
2838
8824
9195
5348
3723
3968
1241
6055
458
7613
2333
5499
703
4203
2334
5172
6479
1051
4251
5987
1703
4750
2289
434
8695
9538
3671
2871
2241
4269
6547
2827
5085
6223
570
5370
8071
3090
7595
8562
6110
9529
8351
8910
3052
258
7726
6022
1721
8474
8229
9576
877
1574
3250
5133
2938
2218
8465
726
3859
4030
2785
3914
5591
8641
4249
9232
3209
2
9242
66
1969
1866
1206
2202
9214
1660
6835
2725
8339
5881
7321
2378
9103
5301
7361
6350
2560
3178
815
766
7607
6924
2851
5439
9994
5570
8677
300
6859
5926
5813
5333
8917
4541
7638
4590
1170
4696
3236
5805
2363
7931
8597
4297
8321
7219
2146
9176
1602
9422
6938
8796
7489
1664
3159
6317
1046
3079
7886
375
2732
833
6234
1015
7664
313
571
5550
2564
7089
6299
424
232
538
4438
4161
5765
3708
4625
8490
2247
2143
6258
9194
7812
3879
3761
3264
1942
9944
7761
1897
2892
5787
4459
2811
9349
6378
5948
6217
3540
8380
1586
7160
4179
900
9536
6061
1658
5454
755
1519
6839
3393
6861
7129
7880
5421
510
4685
7916
7871
4307
9457
1573
6383
4829
6107
5377
5449
8882
9187
5002
9100
1121
2083
7087
6419
468
1062
3352
7580
5908
1560
2839
8003
8257
5364
4037
1911
8585
4640
4872
9921
2047
4026
9183
3439
6515
9191
4571
380
9043
4655
9135
8479
6296
9508
735
1725
3358
4233
5075
2622
1445
3529
7196
2139
6750
9595
3676
3638
5889
2249
2366
2227
2022
6145
2239
2485
9380
3005
6100
3404
3150
8833
8859
9058
9304
5738
2983
8205
4803
1329
5523
5600
9443
8387
9291
1689
433
3818
4441
31
2492
7359
7161
1348
138
3137
4914
8858
5142
1183
8469
2194
2114
6989
7075
5690
7644
9888
9666
8030
8720
1372
4291
6764
7544
4651
5189
4508
2752
8377
9856
8514
5460
9981
1476
9460
3774
8320
1848
2911
3933
7612
5767
2055
4148
8977
2102
4861
9857
6112
5590
7515
5696
2193
350
4120
9909
3588
1869
9700
217
9852
6804
7961
3499
9623
7090
9388
6749
8517
2360
5552
8126
8280
6126
8566
5482
4522
1504
831
9619
5907
961
6468
7533
5116
8614
3065
4989
522
3169
4580
8982
2376
2131
2401
5898
1765
7992
9047
1147
9485
2584
4483
6892
2071
6294
7037
6443
3313
1455
609
1253
7334
9451
8424
347
4370
2731
1404
6822
344
5045
6738
6920
9871
6008
7148
8411
4298
2678
5283
5669
3837
4366
2177
3381
8679
4932
9343
9957
996
1986
6616
5325
2623
6034
7365
3112
658
4381
7724
34
4746
6401
8029
4814
577
6321
1595
3728
1209
3691
5274
9362
7530
3053
5112
2552
5582
481
5488
3501
4192
400
2675
2198
6316
4035
749
3528
2211
1795
5395
9239
9292
8059
2111
1686
174
8178
1097
2885
931
4390
5450
1371
1607
619
9345
6135
172
7888
4183
3239
7170
584
7027
6624
7932
7250
2962
4338
3589
3036
261
2044
1210
4025
3898
216
5692
8672
6628
5850
8015
3136
9317
8409
1069
8337
8804
2420
6684
6698
3412
9190
1402
2760
8594
7423
693
1797
4198
6240
7832
9123
343
2513
9339
6958
7728
2940
5376
9732
475
1946
3346
5706
8176
6558
4167
9524
821
7601
128
4862
8193
6518
1064
7385
1456
1772
8986
9865
74
6910
4051
5143
4931
1818
7012
6437
8207
8583
1222
4709
5201
4982
4302
5118
9929
7111
1662
5564
8043
8098
8768
9481
3184
7587
1473
4093
5458
3979
6713
1786
512
348
2874
7131
4552
5444
882
9177
2998
7280
2744
5083
1114
4843
6543
5822
1876
976
6781
8921
3893
7529
5164
5039
178
3799
6272
585
1465
1867
3669
3517
7501
6610
3376
5328
8432
2991
3625
9894
8484
5191
3966
6669
6574
8864
2844
4475
8361
5797
2573
7941
2887
2993
9196
5989
1956
6104
8304
9827
25
2801
9037
5385
8836
60
6631
7686
4207
80
8340
9154
2621
4998
8106
263
2206
1824
7367
9645
7570
9365
9041
102
1619
3214
5318
6739
5851
8539
9400
9118
6164
5840
7647
7353
8751
2803
3982
6612
4204
2412
8244
7138
7233
844
5533
1364
4517
6901
4168
8107
3046
3519
6878
1466
7133
6193
7273
8127
5792
5560
6151
9859
8688
3269
2440
1471
3660
1424
2976
9209
5404
9770
6868
9056
6323
7905
7883
5362
4626
4263
3031
7413
3017
4615
1698
8915
8622
8526
1830
7415
3074
396
3870
1322
4609
680
2695
8336
4726
5011
2543
2582
3148
1794
4731
4647
4414
1533
6582
2365
9931
5958
4470
8255
1006
85
6227
9185
2927
9480
4095
8489
535
3004
2257
8817
4921
7269
3424
2425
5170
7393
7562
1641
4885
7047
90
169
7048
5158
3852
8302
3494
8338
3909
4343
5417
7187
4564
4894
8499
6031
1197
6521
9427
274
3048
1007
5943
4879
108
4110
9275
6972
5760
2756
4216
6874
1054
9610
4362
1819
9233
3983
2907
9988
5452
8611
7347
9375
8478
9373
5440
8749
2899
5380
3902
2567
9284
7113
9628
9271
2878
9527
1998
3772
3804
4533
3054
3143
3507
2445
3621
6192
9754
4539
3226
1427
2750
2302
9138
2959
4419
3241
7525
3401
6178
7710
4874
9835
306
1437
7322
4181
3276
196
3541
4225
3881
3228
7142
9150
7388
7564
7584
6727
5997
8435
3351
7779
352
6249
7951
8430
5242
842
8907
2956
677
1494
9288
5953
6656
4722
3091
944
9608
6099
3656
7910
2792
1521
4154
7959
4077
5291
4317
3431
4118
8123
3634
6818
2992
5040
7441
6696
7682
5223
5519
9285
7895
3585
3938
8168
6771
3714
7068
744
7150
3958
2509
3654
5664
5269
9002
7985
2737
6918
9959
8476
7861
8542
7793
321
2213
6338
8100
9963
699
6678
6775
947
5055
2166
7719
2693
4849
308
1429
6393
3835
7981
2254
2558
956
9941
9091
9108
1773
9263
3946
8074
9168
1028
651
177
1398
6455
6454
5129
5790
5839
505
7773
9023
5984
9733
6620
4242
1120
7913
5996
5343
1950
2085
2061
1366
1486
5252
2068
2794
1699
9170
3476
1937
1431
9305
3569
7185
2946
6421
9280
7307
1059
3572
1453
1873
1828
7770
7099
7372
87
5197
2942
9420
2253
4086
5046
14
7745
187
6102
2928
5577
3254
9461
9783
3605
4104
5294
2531
6116
3798
2469
2856
1002
8092
8245
7234
7000
5572
7453
7384
559
1912
1761
1172
4756
4041
2852
8396
9848
5761
3446
2270
4319
6301
1425
2862
7842
9059
7563
8140
3698
1065
8971
3890
6036
8778
2825
3612
9119
412
2834
3335
5730
4668
9005
5151
9139
9025
1809
4825
9329
1049
4728
3251
4469
982
4052
9300
3347
2781
5794
462
3948
6819
2594
256
4948
9839
8528
1299
295
7310
7986
9162
332
8584
5965
140
7483
5595
9500
6724
4883
1215
7458
2413
1878
3646
7706
3683
3609
776
5091
4020
7108
614
1493
3362
4082
2323
9588
2879
6527
9809
4837
9155
8137
4126
1681
8715
4846
2602
2951
4213
1286
2335
6213
1098
6206
8716
4296
3443
5917
6140
2205
9085
4177
8252
1060
3450
7230
5973
7162
1590
8298
7078
4174
7915
2209
3895
3365
9327
9864
8149
2306
1048
1715
3610
4529
3630
9991
7139
1832
1248
8371
1731
7742
2685
3851
1412
2072
1219
1864
8095
4800
3013
1716
2753
4980
7348
5278
7357
8434
8522
3792
8788
3647
9297
3018
8398
7948
7270
1238
2048
8403
8214
4015
1860
8572
5543
6136
8182
7741
4341
7257
1463
653
3682
8494
925
9761
9458
6809
6245
6251
1910
2832
2841
1999
98
2891
4364
7095
5618
7901
6312
9042
3908
9257
7311
2658
8605
8721
8044
4976
5495
2730
6561
7439
1061
1566
2768
4234
781
7633
4440
7036
6344
5285
3945
6855
8633
6817
6148
5087
1164
7100
9248
7507
2318
5480
2462
5327
7069
6188
4348
3836
7249
9231
7267
7749
8822
9813
1554
6303
7771
2153
7471
7560
444
5681
9440
6358
8415
8966
8988
1690
6068
9543
4568
5930
2692
1746
5955
5332
2150
320
1736
129
1361
6957
4554
8473
5773
4907
5680
7813
5624
9887
8834
2316
7151
2550
8626
1289
4627
229
5966
4318
9587
4310
5924
2889
1905
2374
9298
7320
6625
3771
7837
2824
907
9158
7678
628
2528
9278
1200
9679
4612
5061
3732
4358
8464
9533
3512
6152
3915
5608
7272
4230
4968
4420
7635
9389
1606
4972
9952
9815
9939
9606
9244
8461
2537
367
9307
731
6346
3539
8271
2404
6048
9021
356
5115
1001
9217
9520
1279
9560
9496
6498
4221
9268
9421
5656
9370
7708
8447
7421
3158
1125
1353
6009
5008
2058
7260
2618
1189
7278
6345
3629
9616
8959
6519
2170
1284
9764
4893
1528
2628
8221
8237
208
7261
7504
888
8561
7685
5034
2314
299
8511
8519
2766
6469
6095
978
9418
9575
5643
1113
657
8816
9045
6002
288
9636
2745
8708
7073
9080
3618
1202
1074
835
3470
1811
2466
8170
2903
9260
5847
7375
8425
1115
2784
6621
2664
6721
5990
8571
9841
9604
5359
1995
1325
5668
5991
9875
5288
9205
2468
6632
5363
8610
9629
1608
4752
9219
3086
2535
3230
181
9992
4313
6153
9272
2773
2979
9320
3495
156
2936
6139
7636
3224
6260
1387
3103
5705
2835
8820
1564
7013
5371
2001
2339
8537
4970
1497
6880
2967
9153
2566
9720
684
8256
296
4223
4384
7721
42
6076
1834
4287
2776
8979
2709
3106
7995
155
316
6404
5271
7224
3689
3272
5176
3310
3217
97
283
5975
785
3286
8333
6337
1801
5960
9997
3055
603
2081
4780
1272
9696
4566
9711
5529
8809
6618
7466
4392
8331
4882
9923
4622
340
1899
2104
689
6680
273
7236
1003
6693
7604
6277
5260
3590
2349
713
4171
9210
5477
3684
4922
5547
8508
1604
2855
7814
6605
1229
9094
4955
795
7836
9065
9222
1751
9245
158
2361
4811
6649
4597
7531
8911
4753
9614
9316
757
2444
8013
9802
786
8001
3871
4292
565
9716
3866
2800
1976
5366
8223
4344
4633
6704
2056
7739
7550
7843
7295
8640
7566
9141
9843
51
9615
7430
5507
328
7135
478
231
4877
1695
4869
2797
3995
7508
127
5314
4523
7005
9968
1629
1793
3246
2649
8875
836
7824
8130
3984
8171
6848
912
6183
6216
5820
8041
7575
3130
7377
3041
527
6856
7167
8269
793
7683
9518
4708
5682
4895
8129
3935
8016
5823
8769
6417
7081
5144
1902
3042
9881
8899
6427
2788
4859
850
7153
6491
9024
16
7042
5733
6341
2242
9598
2237
8482
3369
5130
3505
6836
9416
3920
7302
1776
8928
2278
8596
8101
9869
4169
6210
1559
5320
717
8689
388
9798
1080
149
8183
2428
4692
3125
121
2954
4546
9962
9578
6079
5749
9694
5171
3011
100
1868
7983
8286
6954
9259
3815
2915
7543
8203
4243
3639
460
3075
3479
4078
7286
6121
838
9308
280
472
8515
7592
5574
8111
721
6007
1188
4966
6708
124
4306
5842
335
7820
3802
7276
7030
8341
3796
8812
4090
4957
4781
1734
6414
5597
9318
1177
4017
3932
1152
1123
2079
2125
5542
2137
8684
847
8025
2926
1265
6592
5571
417
4373
6119
9129
8612
4815
463
1093
1684
3095
2823
3466
9109
2488
4839
4946
5139
7899
2779
6265
3062
6505
7555
6486
8897
5186
6309
2804
77
8211
9044
2454
6979
4677
8927
5619
8112
6702
3392
9386
4734
3506
7328
7215
7214
7394
9661
4700
1168
57
4293
8972
5408
26
9301
6911
6782
7405
8324
9250
5036
9036
5524
4070
6311
3696
8397
4241
6273
9220
5777
3097
4027
301
17
9665
5502
18
4787
7640
2900
998
1035
394
7429
7534
4604
3670
4190
7774
2782
3069
9710
7693
8879
4407
9009
6120
1522
1669
6990
7735
6038
2952
5065
6018
5067
4135
1650
7590
7754
164
7887
9211
5708
1647
8062
4530
7955
8777
8658
1874
7259
3215
4012
1078
6968
5066
8848
3006
9838
246
3382
4028
3926
4994
223
6124
3703
4393
3889
286
6080
2600
4884
8022
1513
2546
7451
9634
2961
7877
9117
3855
7667
3164
874
7567
7626
6295
3574
8148
4072
1861
2145
3489
1214
9173
3350
8550
2518
9989
1242
4575
7617
8060
7486
6569
864
6247
8004
4458
9247
3736
6659
6899
135
7514
8011
5312
118
4465
4244
5180
3578
588
7015
5969
774
554
783
8752
8296
6737
6047
9188
465
4238
8654
8414
6430
7939
3602
167
1186
8806
9226
8743
5993
9411
4858
8990
6541
2846
6266
4116
6204
4584
6235
8756
2805
9336
3777
4282
7017
2151
6689
2545
918
6722
4422
4336
5963
8094
7165
6286
3888
2113
8058
1680
8732
3223
2398
860
3524
1489
413
5451
8329
6432
665
2352
1499
9633
8764
4670
284
2256
4892
1347
8035
4902
6955
4962
6011
602
3801
7155
7835
8902
6405
4311
5082
5248
398
408
3746
9474
6577
4671
5167
5310
3766
241
9736
4188
4769
2662
2700
3941
464
3426
3299
5912
7972
58
8084
6791
5109
8264
3873
9034
8037
6362
4200
9831
3841
6504
1167
5961
4430
7898
5713
2706
4281
2245
6560
9464
5861
1711
8460
3155
9693
8232
9786
2230
7654
5405
5525
7478
2195
2747
1450
8422
4047
1203
6447
1741
2616
8823
6423
4742
7281
6330
1763
3278
2589
4100
7125
1720
1477
3491
4332
2319
5640
3067
3277
4628
2003
2453
4659
3716
8240
2897
67
5859
1359
2561
3681
2631
8701
1305
9355
6682
6905
869
5226
4842
3686
9671
3780
9648
2808
3645
4253
3301
1288
4641
6563
7218
4434
9402
4515
1829
9977
7207
9086
3243
8738
3134
2807
9724
4986
7516
617
1755
6843
2815
2944
2759
9851
7709
4182
5358
8325
3880
1414
724
1558
7060
9048
2173
849
7391
3943
9321
5586
9784
6490
5126
3098
8981
2296
5865
6953
1084
8627
4128
5626
6144
3807
303
1303
1883
1562
9652
6226
3453
3596
8702
7730
8088
3219
1856
357
7468
3713
7050
222
3306
4856
6559
7833
2042
4667
5670
6681
5463
1269
4804
2568
4638
3109
8505
6999
2968
7228
9821
8729
2416
4385
382
1808
1122
3145
2611
3411
5435
7491
7051
6622
6531
9688
5695
6122
587
649
852
4257
3749
3407
6501
9811
6733
3187
867
2833
2873
8421
3769
6654
7822
743
4658
117
3480
7408
2606
5944
4176
334
1365
2367
2039
4975
9156
4500
9039
524
896
1295
9309
3845
6994
2065
5555
1978
6329
8916
8992
5473
2973
6287
9497
2343
3076
779
8455
3814
5780
4137
2017
6677
4501
8383
4954
3132
4536
2754
270
7802
2269
5214
3985
8644
4909
5651
1555
3906
7103
1480
3573
1440
9908
1198
5073
8282
9008
3111
1143
5548
2381
3414
5662
3436
1616
6936
8886
523
8343
381
4723
892
9253
9644
5835
1784
2547
597
5125
1875
7988
4766
1585
7989
9467
5750
5178
955
5446
4558
613
2880
2624
8856
4141
5932
5562
9993
4454
9886
2452
4816
3784
1503
7602
4097
7009
9840
5796
3009
5983
3175
8719
2676
1777
1356
440
7102
1383
1863
3245
8926
6493
9861
6796
5880
9517
4147
6603
7232
8181
5195
3227
4682
3281
3154
8724
8983
7868
1980
7190
6609
3680
5399
1653
4447
5074
2633
3448
1013
8568
1577
3330
5169
7648
7729
5978
7850
4270
3176
8811
8250
520
8857
7720
1538
7494
4092
7658
2379
2939
2259
228
777
4101
8697
4701
802
9647
1827
1090
9980
95
8445
6769
1542
8342
9775
4412
9670
930
8375
2819
1340
6630
2140
2981
7264
1908
6149
3323
8939
3104
812
4330
4425
8735
986
191
8052
8503
4460
8076
992
4067
5014
5340
1525
4196
8031
9801
6077
7414
2388
3782
2864
891
1568
253
4333
7991
3471
3819
7632
668
4675
6595
3616
4860
9530
2426
8761
9741
7921
4254
8077
683
3719
8078
9913
1952
1260
2697
8024
6667
9351
2499
9596
5467
378
3632
1615
6923
3012
1317
4930
6973
6127
9372
1557
5179
911
1712
6879
3221
2337
9897
1914
8328
7208
652
610
315
7460
6187
2806
4985
3371
8645
4591
9206
5293
3484
1881
8973
507
5704
9966
8085
8086
2847
50
8437
9713
2010
871
6608
8488
3139
7860
4252
6087
9432
5345
6647
7011
9846
519
7599
1022
7029
8540
3527
7876
4864
4791
7477
422
9415
8468
6755
5016
324
6078
176
7332
4793
432
2905
8000
8775
12
1483
2721
8649
8680
3767
1390
1460
5379
372
948
3522
4280
4008
2120
2286
8638
8295
7304
9055
7212
5814
5521
439
159
879
1524
9142
2181
2565
533
239
8576
4149
9186
5585
2982
236
2128
6092
5206
2592
8036
8239
4725
421
4153
2660
3530
552
4691
9525
5367
6707
8109
6606
6679
2015
981
9948
1857
4218
6343
1208
637
5535
1594
4304
6894
5007
7772
8524
9990
4488
5947
9445
3429
5710
8579
5632
1306
4920
2491
558
863
700
1826
5154
8120
606
4578
6408
5677
8851
6262
7114
8288
5200
8287
9580
2799
8268
3402
8924
4162
443
6614
5229
2347
4720
2932
6976
1394
70
5259
9413
4014
4757
3146
1632
3556
11
4229
2196
3951
9224
1962
7801
6998
7856
890
4577
4648
7811
9877
801
325
1037
754
3432
6014
4961
682
562
1027
6263
3275
612
2118
7902
9262
9573
4977
6304
6170
8272
2661
5279
6688
7796
1917
3990
4466
775
7579
6720
9920
6993
7977
7557
6261
8919
1994
197
4031
7863
3045
8748
6319
4852
1127
2941
2009
6988
3035
8428
8648
2392
6165
636
148
5213
1230
2877
5136
4598
6027
715
6327
2417
7410
441
1723
9540
7188
5298
872
7360
6158
640
2059
2978
7757
204
2643
3406
3758
1779
6983
420
6409
20
7998
5255
1016
3122
7110
4544
2093
8459
5299
4555
9026
1800
9971
484
1182
4053
8918
1251
1583
9106
9302
965
4099
2203
692
1050
1733
6858
76
7316
5982
6448
5341
8655
5162
6058
7343
8779
5029
5972
9607
2176
6566
8632
3733
4064
5903
722
150
1282
566
2986
1872
7923
984
3368
806
5393
1370
4399
361
8538
2663
5212
6544
8457
4695
267
2867
9052
5193
3599
3390
83
824
4388
4175
4997
7379
3222
7490
7465
5411
1592
4189
7293
5416
4959
6236
9076
1880
7195
2429
4602
7807
3261
483
9704
8965
8051
3894
8691
9431
2387
3566
8492
9825
1151
5637
3842
7229
6143
1901
6159
7536
9466
5620
3513
1153
7788
9001
141
4513
4315
6256
5831
3337
6471
8935
9510
6913
4607
3975
5290
7457
3549
326
2077
8544
363
2362
6290
2169
2522
974
4565
6947
3010
8186
4308
3744
4029
3455
7734
2295
3119
1696
4596
32
9428
5885
3665
7518
4919
4991
3642
8157
6849
2579
5732
9768
5373
929
1334
3579
1527
8664
2503
3699
6867
3976
3206
1237
1438
1020
971
1296
9726
9901
2268
8843
7588
6991
6949
8803
8477
5645
1233
7697
4480
1816
8604
4805
9057
6633
5971
5995
5308
4350
589
2007
3173
2336
9674
6475
2727
6466
7722
491
1971
8381
6040
3542
8046
3361
9753
7318
6789
8960
8054
8657
2728
3783
4910
772
6332
1118
2741
3216
2957
5689
5402
9511
6548
5090
7198
1259
6655
5307
627
8173
9757
5830
5836
209
511
4844
6415
7268
5549
9436
8852
9951
4589
8967
8224
4131
9643
9146
7999
9394
5476
477
4450
291
622
5434
6637
7611
199
27
6069
9938
230
6978
6535
880
6211
7839
9081
1083
7324
9462
9885
920
6045
4679
1395
1983
4178
4802
3897
4395
1179
1485
6575
6462
5638
4847
5479
2613
8534
1285
629
5746
4863
2627
8739
6237
7291
9812
8146
7668
4019
9265
5228
9012
3553
364
7424
5636
3068
2163
9896
4569
5815
8061
8289
8319
6746
2263
8218
9089
6
6711
317
6474
9202
681
8238
6368
5339
6253
403
6434
5775
2860
979
4775
7938
1974
6306
9512
8350
548
8590
2034
2053
9367
6823
5262
64
7271
5413
5627
9364
3722
9208
6467
9617
6160
6280
4721
5117
6315
983
937
4145
6875
207
1000
3919
5051
8675
4066
5611
2159
3545
6268
6934
6912
1073
9299
8438
7906
6388
5740
6259
7401
4057
21
104
3959
4325
792
8985
7946
4295
8316
2304
5776
395
1040
3287
416
214
2433
7552
3080
2460
7292
973
8466
2822
2790
6195
1036
4662
1909
9077
8462
6886
9453
4706
105
1958
9180
3641
2019
1600
9782
8327
6866
2322
39
3726
5758
3825
4661
2277
6898
7574
2674
7194
9985
2089
8552
2970
2385
7096
1166
3321
5679
6123
5959
8260
1484
4836
7740
9893
6690
3514
753
3840
2548
906
876
5230
2238
3568
1457
8970
4088
3853
2446
5506
8174
7117
2331
6668
697
7764
4421
4202
179
2384
1567
2255
671
5471
8379
5701
5992
1034
5489
8941
8599
2033
6788
3813
5565
5209
6580
985
5951
3778
1010
1693
6380
2041
8930
1843
5501
5001
1341
7958
569
4547
7597
2524
4208
9385
5106
6326
9785
7288
7475
950
4335
3724
9762
7513
8617
5219
540
6634
1603
4058
4329
5721
1973
2830
206
9382
5568
4476
9745
8974
2625
7528
3944
8807
6425
6416
2673
8551
695
8345
2597
3188
1406
2191
8208
6546
633
5166
9107
7003
3197
7918
1165
4217
8049
6862
4069
9890
8150
1343
7705
9649
8332
2341
9755
8251
2793
3800
1031
40
8233
5561
7777
4042
6167
5123
2504
4560
7663
4063
2174
276
1267
1032
7799
1579
690
7937
4745
4514
1428
5941
5426
3912
7371
3014
6897
8840
5455
4410
133
3332
2100
6142
1924
4471
3738
1055
4913
2216
5516
9669
9581
6893
8408
5286
626
8800
3070
3316
6026
2937
2156
2330
7022
994
6847
1683
916
6670
5498
7904
1393
5807
2767
529
8618
6478
3831
5520
3059
549
7049
4684
1110
2402
1714
1411
341
1831
634
615
9867
221
7149
5300
4386
4345
3072
359
967
3913
7199
6564
1287
7872
3504
7459
6837
8841
7115
1045
5474
1633
1075
419
33
4669
5093
5518
6150
7968
9452
2284
5188
4451
9314
808
5913
3558
8047
9807
84
7283
5551
1654
4146
4583
7616
5113
4981
2359
6996
5427
3487
7691
9964
6215
8500
218
6161
701
4947
7907
2772
4376
1415
4187
5396
3410
9348
9975
7576
2025
5800
8034
3384
7058
8912
297
9409
4034
5911
1549
7123
9998
7532
3961
3510
7325
5726
7480
272
2868
7241
5954
2872
5324
9794
7145
3667
5770
8845
4660
6010
6986
7239
1500
5653
4387
1030
6418
7762
2617
1509
2917
7309
4654
2215
2448
5802
3922
1386
7966
3100
2883
8446
6392
1622
5445
8312
5527
1292
3987
485
6550
8785
3785
5825
4489
6248
1336
3921
9506
4452
6202
5742
8197
3787
8650
9070
6604
9638
3107
1481
2327
165
5793
3388
8309
4740
714
9858
737
268
2494
8607
960
6779
1898
8847
5834
8506
6382
5077
9337
7593
3567
3649
3394
9834
4499
6081
9468
7072
7455
3182
2486
2116
1223
7411
1144
9706
8548
3965
5785
390
1631
8007
8938
8956
6705
7755
2525
2609
6952
5025
6583
2777
3457
9561
7
4130
3821
5095
3592
854
7556
5472
9131
6754
9130
1148
2555
2972
9249
2480
2578
5683
8093
5818
7759
8955
517
73
290
5338
3824
7684
6785
8683
6004
6264
6005
7615
1923
2121
832
3500
9501
2859
4653
4788
3039
5890
4891
5528
5052
4936
8349
7364
6335
3797
4797
5456
6203
4545
1276
1019
2614
4290
3711
581
5175
6084
5783
1614
685
734
5808
8507
5829
6600
2066
4790
9310
5394
7349
797
1086
3626
3631
2088
3576
5882
7878
857
6887
1089
8546
5311
639
933
2472
7642
6522
1385
4448
2403
1742
6465
2369
7137
7714
9935
2681
7319
5510
9387
1318
2780
2052
9513
7582
6800
3594
386
8453
2355
3521
6686
5685
723
8699
6166
4848
2178
5378
6370
2497
809
3212
4599
8335
2854
6179
4044
4703
1807
1082
9949
7879
9143
8443
7488
0
8485
6333
8139
2026
4996
3571
7366
7825
686
8994
691
8860
2097
1841
2043
9383
5021
623
5804
3673
7175
5999
226
6545
2713
4945
1433
3378
370
1490
9958
862
5256
6516
8681
8254
1218
3867
2006
2563
9910
4449
1628
1571
6444
1039
4916
5497
9545
4748
3706
160
6908
9404
6718
8946
1580
8401
3437
431
4601
2305
450
489
2717
8914
6627
4023
2073
6363
3327
6270
8894
8746
9312
4112
2894
1451
1112
6509
6832
4156
6975
7539
5078
2442
250
1919
7173
855
8290
9430
4582
9151
6514
5231
9240
5321
5673
1947
6891
2243
932
8674
5478
8523
1845
1953
8787
5927
4274
2630
4838
2142
711
1056
2234
3653
5778
2816
5658
4054
1420
6981
6241
6833
2408
4416
9880
3374
771
8964
6137
1813
5538
5387
3756
9054
5221
8606
3240
6033
2224
3434
9862
37
8318
7246
5592
6189
6753
4764
2886
6042
5302
2438
8759
8901
4007
9799
8578
7752
4878
8520
1611
7231
1798
8113
7503
7803
9727
1401
5698
3564
1227
6845
6573
7858
4637
6400
3172
48
7656
8598
5202
1217
2536
893
9412
3694
999
760
7101
2496
7659
467
790
2653
3341
3830
6046
9601
583
7085
1181
3290
2585
4592
6267
4186
4166
7341
8745
7026
6772
9748
7715
3992
810
275
7874
1617
3967
5884
4309
7275
3917
2836
1941
2902
5492
6205
3488
93
6940
5894
5513
4210
1840
4719
5038
4820
1996
2575
132
142
7329
7610
2397
5344
3237
6921
5575
7838
5401
7285
1764
3415
6967
7510
235
6524
1275
4927
2666
7116
2439
3196
4505
2141
7317
9172
9996
198
586
9022
551
7333
8070
4228
6254
4581
3163
4510
7548
1670
1220
2130
8781
5447
8194
4267
7007
4973
8639
9702
5436
6533
3271
368
5503
9490
6276
1806
7033
3044
8352
5233
24
4415
8703
3846
1552
3266
4443
1634
8308
9986
3884
8215
6552
5423
908
4402
8850
1955
3057
5032
4771
9684
3822
3331
1850
4881
3342
5644
3931
6334
5723
2505
5762
2461
466
1815
4939
4821
5392
1205
7844
2303
5048
2313
4953
4059
4835
3587
5522
3980
8665
3210
9833
2953
3918
8122
9289
4741
5037
3309
6214
866
5887
8317
3083
7354
5821
3047
9729
1965
8780
3892
9296
1926
4680
4375
9258
2223
2857
2386
6717
137
2342
1570
3887
621
2222
4462
3
8096
7184
1053
2933
6035
6851
7442
2182
6284
8574
116
7805
9495
9391
6539
2312
8876
5744
8495
1117
8366
4603
7930
2252
7925
1838
1708
2514
789
9357
2276
8497
7583
6410
2820
9359
3942
9189
8065
679
3854
759
7744
4266
9061
8344
8825
2619
1374
4676
5375
8433
6937
7416
5702
5270
6752
6067
6854
6499
3750
8753
151
9854
4527
9597
3790
1556
2716
7010
4491
7467
5000
8628
2934
1482
6015
7389
4049
1302
4965
7894
2031
6896
125
9790
9519
6992
3326
9879
8369
1392
3923
2994
8347
6446
841
4119
7362
6601
1140
6644
664
5141
7024
7891
9067
4138
8765
4813
6748
8072
7890
4831
2437
333
2134
608
2665
6075
2960
9358
3160
4215
5671
2557
9295
843
1009
7464
1047
5235
8704
5729
7346
5276
5837
2865
5462
8653
5816
7084
6699
5665
6662
5092
9019
8863
8619
6324
8364
2570
7784
4876
3040
8160
4704
5063
8185
6579
2076
6012
6502
7993
7499
5714
9330
2443
7086
6473
9535
3715
4114
9213
8510
2184
6850
7443
7964
2328
1584
3399
4294
6098
8066
5383
4652
5263
2869
6111
2842
798
9159
4396
8471
3389
7092
7666
3651
497
2351
4958
4561
7934
4705
2208
6963
1136
6589
8512
1598
2652
5970
2266
1277
1159
7180
9999
4380
6297
4928
7018
8450
143
3523
30
1057
1258
323
922
1694
7506
1879
2703
845
2639
476
4493
1620
5238
2595
6712
2070
2029
6951
2719
8458
9832
9906
2267
9482
3336
264
9003
3878
4833
2813
6926
6037
6157
5559
8559
3607
6411
4778
9073
6903
3477
451
4056
383
1768
2626
9891
5386
7980
4646
5905
8883
1468
3019
4354
3465
7469
5766
963
2774
8431
5569
1895
4265
3400
1581
88
6790
2895
1079
6086
8156
4236
2390
4618
6020
3064
7954
5232
7908
8391
266
747
3613
1014
4657
2481
4867
7975
9847
6803
5114
2580
5956
5147
739
4278
2008
5500
5250
993
7109
3063
470
3423
9613
2317
8815
9892
3637
7763
2690
4871
625
1410
6233
898
92
1475
9657
146
1541
238
5593
9492
2659
6956
4365
936
8922
4827
3764
9912
7052
1706
9953
2947
6451
4087
7327
3557
4765
3396
4314
9542
3405
9850
5531
5526
8829
1464
4273
3034
6051
805
447
1352
5615
6783
5712
5693
5809
543
3284
5089
9781
4073
7070
9311
3849
1791
1697
5104
4444
9029
2742
6922
7748
778
1710
1739
5678
6607
3692
6726
4772
5763
130
7227
9017
2715
9940
1362
1732
5357
3000
107
3598
8278
7412
4822
8615
7057
9456
8006
3303
1767
8303
1255
498
4237
5211
7996
8355
5553
173
3760
8091
4235
3770
3186
1989
7884
6834
2680
9895
8950
9175
9092
853
5398
7589
1687
6278
2057
8962
9583
3971
9691
7596
6528
4024
3147
1314
1155
354
6692
9946
4155
4760
504
3730
242
7731
4160
750
5666
1623
3700
4630
7940
2581
1185
5352
2590
1391
4828
8663
1749
1814
7299
7025
7300
8293
2786
2521
8676
839
2837
5403
9810
6884
807
4755
6538
3858
4264
6982
5280
3140
3536
7447
6792
5869
7909
8467
5789
1894
9450
6292
6176
5024
4351
4043
9590
3823
9677
4620
4817
8660
2699
2260
2529
8588
9979
426
5719
1333
6342
9556
1430
8196
5210
59
9434
2583
4796
4433
9332
8270
4964
215
516
3302
8686
9844
185
5935
4743
2447
5650
5774
8487
5309
7193
1192
7521
5372
6422
9818
8498
1011
6638
3279
5406
5103
6872
6472
4199
6063
1338
7804
5771
139
7662
9987
1458
1278
2683
6212
1474
6484
7565
4089
9687
68
2604
9193
656
5326
1294
6302
6387
2484
8419
851
8898
5843
8608
7303
330
3385
5194
2078
4798
7387
8747
4288
915
7681
5752
7074
1852
635
8195
5827
2758
762
5282
7312
5977
6554
4915
9822
307
7485
4792
7919
2451
338
4747
1132
2155
3099
8449
9522
7674
101
5606
1597
6853
9905
9063
9134
1068
4918
4482
6536
8472
194
5088
5697
1787
8827
9344
8762
6844
5222
189
8980
8871
5900
6585
1646
3433
5012
2571
473
7750
7653
7055
6025
8393
9120
9708
6914
596
6995
2345
532
6339
414
1176
1169
7438
81
2095
282
1330
3201
5030
6734
4713
8165
8760
6987
1459
5895
8134
7859
251
4689
8553
530
205
1949
7132
6641
1029
3190
278
184
436
5349
2157
7141
7450
3583
6394
4905
8323
9925
5135
7618
4032
9926
4379
1982
9974
3817
7713
9004
1107
6503
6373
702
6584
4940
6932
8384
9398
1138
4632
4485
8828
8593
5614
7736
4870
1960
7524
3781
4144
9793
541
4926
111
9000
6808
1154
1017
921
5589
6615
6056
4987
2108
75
8801
3289
5457
4751
449
9126
3270
7577
7350
8388
940
846
1596
4903
7157
6396
1638
2840
6289
1792
8294
5096
7263
4906
2054
8306
3820
8949
6697
9593
6118
1004
7265
4988
1643
7392
6017
8854
8734
8394
4509
3474
2105
7911
7619
5594
761
8792
3904
3123
5043
1150
7840
8033
6777
2016
9356
3793
309
2608
2710
4777
289
6950
7436
7402
6695
7561
6173
6870
2677
3548
997
5080
2696
5891
9673
5028
4021
2340
4211
7929
1357
6365
5101
6300
3547
8253
4107
6224
9363
9658
3282
5546
6797
3611
445
2368
661
6403
2615
5942
6694
9483
5878
8372
2002
3666
7143
7244
5277
8204
764
905
7373
6665
6016
6970
1621
6798
7444
7765
6106
5610
4417
2736
3482
3460
1855
1537
6108
2634
4526
1240
5295
9699
7594
2075
9568
3370
8582
1900
145
9379
2910
1931
2152
5076
3208
4013
1888
6917
6083
9215
389
3633
3354
1984
2321
9618
8104
3124
6052
782
3755
6597
2415
3383
6523
9739
927
9787
897
9898
8673
8124
1085
5661
1532
405
4735
5768
2030
8783
5068
1518
3627
7520
3418
9433
1987
5578
624
5304
9254
3348
9627
2963
2757
990
3458
7885
5490
8292
9916
9804
3763
1397
2291
5754
9246
7112
8730
9087
170
4331
799
1759
7828
2473
5936
8385
9845
942
1673
7240
1903
6961
6496
7023
2192
9274
6375
1137
526
5329
514
4209
402
4754
5508
4971
2414
6156
7124
2489
6626
7472
262
814
5205
3907
5120
4259
1717
7340
7463
3752
5980
2271
2214
8869
7339
4917
654
6318
6731
4337
2311
9924
254
8365
1363
8261
4559
9531
4250
8733
7781
3775
4783
8952
7944
768
1661
4431
578
5303
4046
7258
2969
9326
6399
1747
1613
9264
7428
8694
4730
8202
1993
9096
1304
6021
4634
3838
1146
5168
7641
1804
2647
9936
1443
4084
1109
5187
9200
7251
8969
2133
7945
1790
4900
6269
7914
7953
3550
7665
2018
4610
5728
1077
7097
2375
7352
7435
3998
6751
3168
8763
8682
9874
881
988
601
8885
2646
8118
2450
2175
8417
5647
360
3721
5140
6397
2372
4794
1239
8587
8143
1396
8055
8536
1718
3319
2035
7245
2354
9446
8963
1675
8276
237
568
2708
2430
4353
1624
1649
5284
4616
9033
670
6929
4818
8726
3170
9273
2160
4397
5863
4586
995
8087
1213
4055
9984
765
5755
7523
6090
7120
8259
5532
943
648
4978
987
1470
55
213
4649
7016
1803
4083
4688
5350
8491
9128
3003
8874
618
3360
3704
2498
9347
9479
2977
1488
1635
7179
8454
5305
8102
550
9902
4474
1358
4823
3788
269
2593
8920
2920
5862
6919
7581
1576
1663
4951
1760
6390
7545
4272
9084
2356
7725
2919
6308
3461
4473
7045
5826
2265
6725
2997
7158
6381
6510
9800
4222
411
9563
8581
1291
5743
9842
7211
5013
8908
5700
1547
1434
9171
8246
6029
4984
4389
3078
1161
3595
6314
4901
9932
9125
4360
4819
3077
8386
9251
1273
6252
8209
7130
8943
6085
1367
7107
4594
1355
5442
2261
6871
8027
7826
2523
6966
7677
5925
4687
6617
8997
2084
1839
9933
2671
5940
4768
1228
9709
1904
3843
820
8138
4206
1195
2246
6169
555
7620
2912
546
249
6842
2288
1854
7846
8412
1932
9010
9294
6570
769
2226
8009
7892
7046
38
4301
1997
7001
65
3809
501
7643
9715
1254
6945
6372
5727
2668
3720
8413
4068
5185
8018
410
8155
4890
8575
2943
4065
7509
8426
9789
115
2853
1191
3910
9393
9377
1692
1283
6050
9403
3753
6255
6931
7406
2810
4372
5365
7857
1572
7014
8989
9475
4992
8603
3085
756
9970
2149
1977
9113
453
8442
5788
1375
4866
7703
4911
8842
8089
3508
4806
8389
9642
8888
6581
4445
4424
5946
3211
3454
2200
858
9640
3969
5431
7054
3343
8976
6794
293
9824
1981
4133
1505
508
2371
6353
9766
8228
7569
1344
2027
3311
8700
6246
3339
8666
3972
7549
351
4717
425
5196
3751
4502
3007
6907
9410
2197
784
2423
365
9498
1890
9181
2596
3885
9945
4214
5031
3905
5599
7039
3445
9179
816
1970
5810
3315
7893
6730
8199
1928
2490
5716
4197
7578
8359
1301
5433
7920
322
3481
9178
6529
2364
2848
1930
964
2718
4224
4142
4442
8222
1810
9323
6729
6985
6039
3930
3624
1116
9534
8115
5684
3702
787
561
9207
6587
9972
8481
5020
8887
8081
8725
1906
5296
157
3623
7786
796
5583
7783
8023
479
6666
9526
1744
647
7386
122
7711
7637
6089
6758
6359
1310
6977
4132
5517
8119
2459
5245
6257
4477
5047
8404
1106
3927
5351
9371
7345
1817
7671
2350
2530
6225
5998
3142
8153
2999
3977
6198
1199
6250
4574
89
2971
2598
7243
3280
6402
8635
225
1674
9523
1308
6756
2297
2641
1446
1913
1551
393
2483
8535
3204
3233
9491
7192
926
3259
7368
6602
2067
3620
9127
800
6500
8636
6163
9934
7255
1063
9650
4408
5872
9115
7669
3379
1405
9632
5557
3020
7200
2908
8925
4749
6831
6059
9872
742
5337
1162
884
7210
4656
5382
3033
1263
8189
5353
6691
2866
96
4614
8870
2642
1103
5747
913
5806
9577
8166
1846
4979
7407
8496
4557
6841
6424
8
7449
3996
5791
6534
6962
3636
2576
2689
6133
8441
6664
3717
292
7547
7646
3334
2502
6406
9229
3102
8758
4995
1896
4158
9369
7262
3468
7688
7404
1605
3397
5623
1319
5053
7572
8595
7213
2144
3652
353
6221
5249
5718
6313
3051
7645
4738
6093
4573
1023
7473
4826
2724
1652
6369
620
572
8693
1399
8947
4247
567
4924
8116
4904
5832
6322
6942
6814
6464
1339
7869
5041
1858
346
8230
3925
2380
745
219
7609
5111
5707
2798
2875
7540
7006
630
9690
8521
7342
8991
7498
6586
4503
9855
4795
6904
8631
7337
3709
2346
3532
7297
7282
7390
2329
5275
6657
6747
5243
9116
4134
2391
3195
9203
7882
3856
678
2064
6044
8937
3121
8613
8609
9911
6125
2127
6336
6019
9201
8881
2482
1936
7256
4468
5361
1705
4006
1722
392
8012
9270
2233
9419
4009
8737
4457
461
9149
2475
3425
9718
4456
2092
2829
1934
7806
9221
3619
134
9548
8813
1058
6651
4808
1135
4758
887
3675
5060
8285
4239
1423
6057
6759
3199
6661
7008
4639
5588
2577
6352
3218
5933
2904
110
1008
1783
3543
4799
642
5655
3171
9032
7088
9035
227
1575
9731
2644
1133
2087
7369
1637
5634
1679
5127
9488
6645
6379
4531
234
2023
7630
8141
9956
5017
1479
7181
5703
5922
6799
2935
3024
9550
8135
2980
1724
4361
7875
5292
5484
4857
4121
9654
4938
3847
3288
7727
4739
7172
2843
1041
3929
2775
6525
2921
5023
3292
3180
9772
8545
6222
7629
8835
8767
1789
15
2063
6458
9442
7984
2901
9776
9668
6374
7627
738
2845
2091
9252
192
728
2515
3707
3438
9749
9121
7417
7978
7800
1530
1354
5257
2240
9683
5054
5381
1042
4896
7845
5609
7502
9078
2186
9701
1328
7538
1822
6784
287
2148
2704
6768
6274
515
9147
10
9882
3340
8005
6965
5173
1
8390
7926
4770
3954
7834
8326
4324
3029
5258
1862
1234
7183
6740
7140
3531
4519
9680
6943
1071
6440
8073
3409
7808
136
7809
281
2739
4880
3520
120
4484
3937
4715
8301
9165
2326
6384
2188
4478
6185
4762
3235
7156
8563
1726
1563
6348
1651
4960
1432
5929
8958
605
2310
8866
7136
4690
5756
6129
2540
9721
3273
6391
4276
7969
3597
9334
6827
4511
5317
5084
4106
1940
385
563
2220
3387
3249
9197
9730
5751
7974
9515
2987
6685
962
1802
8543
5652
5137
6805
6506
9315
3741
6716
5081
4567
6565
3725
5190
3459
7546
5579
6728
5509
6555
1091
9050
2651
8696
502
2511
6714
2974
6732
5811
1502
1327
6470
4349
2507
9122
4205
5429
5613
2930
446
3939
2607
336
6230
4312
126
5425
573
6305
7383
4347
7695
3274
7987
1752
4678
8121
2424
7098
2929
6619
2517
349
4123
4710
5968
830
9243
3581
7235
7127
2882
1211
5736
5466
4707
9235
1945
6930
418
3088
3087
6182
8063
1145
9685
1298
883
496
2183
244
5100
9090
5400
9547
3152
9746
6876
8873
1781
2324
1262
9820
3896
2210
1321
8711
1630
5985
748
5216
7147
3151
9765
8382
2826
7849
7661
3304
8810
9152
9760
3467
1887
7897
8399
6114
2984
8175
6431
9071
8219
6147
8794
9095
3244
3834
9006
6526
2225
8509
9955
8722
161
1449
4194
5182
2248
8530
8353
969
6703
5950
6660
5870
8909
8832
1770
3562
1187
6072
8210
9192
2396
4550
6508
1349
6974
3693
3839
7586
7381
4642
2232
106
4426
2990
9622
4952
1589
5184
3560
7021
968
5914
9354
2501
859
3101
8263
6310
6320
2541
9366
3447
3748
1281
729
2358
1111
2778
1315
342
9603
5642
9286
3096
2612
9401
8805
4305
3328
5757
1688
885
4774
5161
4673
939
1226
8483
9797
687
3786
7314
8913
9093
3138
7855
94
3449
4487
2272
4346
9646
8083
8750
41
23
865
5545
3322
3022
2338
6060
5496
2949
6174
182
8948
8855
8821
6291
5584
6439
2285
8299
358
3395
285
6032
9681
7935
7696
6494
3193
3735
7864
312
3435
8565
8283
9574
6132
5921
7982
1959
7496
4543
5849
7639
9582
8370
8407
1158
2734
7152
1700
7019
553
5485
1033
3957
1173
9922
379
9651
5868
4279
1754
5419
4854
2436
7308
1038
1685
6453
2711
3844
4232
7831
9133
86
8624
5443
4875
4851
7541
5691
1782
7947
2831
3324
8904
8661
3988
9829
8177
650
9589
2931
8795
6802
8706
923
7997
5384
5050
4394
7848
6354
534
7289
9600
8799
8710
6640
7166
2738
746
941
1018
3497
1884
9961
9635
8776
9747
3242
6540
7851
3021
2199
1701
2280
5896
3865
490
4117
8555
5892
6328
7470
4944
1762
7537
6209
3555
7687
6902
9805
6572
2533
638
8234
3765
305
7737
2795
7191
4967
3312
8184
7758
4672
8201
1968
9167
9565
1836
1964
6441
4411
6787
3570
3108
8591
6590
2399
8444
7792
2764
7093
9605
6517
7694
7881
7821
5042
5156
4195
5725
7928
9322
6028
9609
674
4461
9791
4339
4789
3165
211
4629
4432
9612
7971
7943
302
1178
9774
8861
2881
6239
6676
6412
4886
3999
1376
705
1129
9866
2691
5015
1627
6672
171
1775
5464
4391
4495
2320
9860
9463
4587
6229
8463
9717
3663
7335
3161
4150
3225
6811
770
4085
8045
500
1297
2110
4830
430
7649
5844
2906
4492
7698
4398
8227
8714
3469
4405
1407
3662
8452
6900
4371
5004
1891
4300
8784
3947
2185
5347
8865
3648
9340
6376
9066
9771
9692
6557
3515
9900
2559
7976
7790
3255
2250
2510
8742
3265
1719
9335
5022
3964
8557
6830
4096
4937
4716
7990
7970
3806
6553
339
7159
1021
6340
6642
399
6882
509
4562
5857
663
659
7657
7077
688
5163
2958
2601
2898
2037
4524
1124
4767
5876
8154
5153
3664
7606
7186
9378
7169
5475
1644
7873
5877
1886
9722
5281
7222
7028
1678
44
8651
2735
9333
7751
8002
8771
5731
506
3464
5010
3962
8757
2751
3916
4779
4286
1645
536
9570
5155
5952
7700
5374
4943
5511
710
469
4683
8993
7126
1454
4467
7044
6683
4033
5313
5315
2012
8889
6389
243
7066
298
3617
2262
7497
1495
2106
7298
9040
8846
9293
5208
4498
3538
7652
4537
5745
454
2562
5412
4623
78
9223
5323
1309
8731
5923
9014
3203
4165
7290
4261
3038
2307
355
3344
6131
2410
8416
9477
7433
9571
9930
5974
486
3695
8770
9664
5493
9290
2667
4262
3440
1307
3131
3789
1877
8262
3421
3220
8169
709
3157
8042
3037
9137
1381
7356
811
6364
5981
1935
5183
9266
5617
4320
9620
7274
3551
7936
2669
5616
9505
4000
2325
1979
3754
3791
2985
4152
8136
4378
8698
4428
7623
2032
5203
6520
4832
616
5910
9228
1743
6675
7482
8798
1469
9712
3114
4551
2370
7226
9132
6588
195
1812
9423
5753
9429
2686
886
9455
6673
9279
1380
9703
406
499
3353
6070
9454
2688
5530
8504
4549
56
5920
4941
5261
1025
5253
5675
3603
9734
9682
8999
9516
8475
3509
5659
3860
1561
2916
1730
599
3615
2670
3882
3462
3973
1545
7775
9199
1313
1748
2922
9469
5867
7614
387
4736
2657
1498
4464
741
819
6006
6877
3260
1672
3023
329
632
7399
3759
4963
9655
3903
5838
725
9448
9390
6578
8621
6463
1985
6282
592
1323
8080
4125
1506
2876
1324
4644
4258
1462
6636
8225
5237
6445
1933
6134
2723
4636
9937
2435
6969
3685
7154
3773
7650
3657
6567
5264
3298
1131
6776
1682
4079
9672
3580
607
804
1264
5994
2884
5711
1026
2549
7660
8705
8837
6492
9973
5504
9282
248
4588
5334
3981
794
8020
4062
9238
4191
3179
5070
5192
1916
3016
6709
958
4143
9707
8953
152
9352
2605
894
277
2924
6863
4045
7962
1587
2817
2539
2863
3803
3546
6812
9660
9060
8669
4355
4075
928
456
7956
5009
7397
7723
6398
