9462
2630
6602
2477
4598
4986
8571
3927
1094
9974
9891
9603
2170
9543
7960
6967
3995
7903
9716
1556
2612
6856
6693
6680
3619
9277
3598
211
5263
6547
5562
4523
496
3665
8579
7282
1178
1720
2841
461
991
778
3811
4602
6620
2385
5207
7409
1350
3329
5079
3276
7065
8461
3782
5182
2104
2326
8510
3996
9848
9805
9856
1114
3409
8725
7507
7786
3301
420
4326
3763
6381
2412
9528
4630
5572
8164
1116
1507
6247
1588
5056
8731
1563
5216
7067
7422
695
3137
7364
7000
8381
8505
9250
2331
487
5619
7382
2424
4157
2586
8370
6331
8995
9321
2512
3064
5462
3192
16
5774
9807
2567
4036
9884
1609
8925
4253
755
3172
3246
8392
8904
5996
7725
6587
1714
3705
4705
206
3455
5221
5356
1184
1663
1573
811
1312
1301
7597
4854
5777
9542
9790
2156
5580
7064
951
8975
5612
7094
3599
2707
825
8637
5304
2392
7365
3839
4425
1548
7797
7712
5458
1712
1110
3971
8650
1055
5004
4029
5574
6649
1126
8189
8675
2839
5907
2669
4495
6114
5209
2345
2608
175
4584
9371
9495
4812
1013
7880
8879
1814
2279
9812
7647
6243
6227
8572
9201
6091
295
3947
185
3210
2689
1892
1524
389
2802
4471
5806
4959
7049
8142
4232
2146
9310
3470
3227
670
3791
4099
5477
4395
6725
9094
581
7676
2032
9782
4954
5759
9732
4344
6764
6044
8243
7865
2560
9153
3827
1138
5748
8390
5271
2418
4850
495
2596
1520
6218
7150
3810
4747
2976
7376
9299
8337
4498
4881
3793
7659
1000
6020
7727
9015
2665
7999
3359
5214
9419
4390
2093
6047
437
3990
3886
1415
8253
1533
747
4825
229
4172
170
9123
1608
739
1397
2855
2975
1923
5769
6401
9136
8659
8225
9670
4603
7855
4513
6991
2836
5992
3632
4975
263
8754
9189
8706
359
1038
2743
6572
8856
4094
3007
6993
5311
3145
7275
7041
4848
248
6053
1020
4892
6029
1922
7874
2030
3403
6278
6629
8714
1335
1733
8559
4524
112
7086
9020
6591
9590
3108
2644
8677
9367
3681
3048
5846
9320
3986
8883
3358
5951
8740
9211
6004
1130
3261
4960
239
8561
1405
9313
2589
8415
8863
4644
2958
5398
4939
6435
2829
5551
4547
9567
2732
7974
3420
4907
6576
4459
1657
7527
1494
3711
3047
9967
2605
1661
6853
3781
4977
7420
7996
6064
3846
1973
9684
2508
2371
4186
5066
5307
7546
6597
1457
8314
8530
6668
7294
2711
4844
8104
6322
2237
3872
5456
7225
2265
8075
8302
9329
1879
1966
7482
7178
9202
1097
530
7287
4035
3322
5274
9706
1515
7843
3033
3809
8990
806
2270
9920
6209
1065
2222
3181
657
4497
1491
730
8228
7428
4220
3248
8472
4685
2218
394
1203
6822
283
9860
9546
6648
1082
8957
423
8972
4961
8025
2090
6718
712
6396
3907
3522
7247
507
2666
5611
1882
6117
8235
2421
2294
9247
3244
108
9377
3807
5393
8678
5834
1853
3457
9272
2859
1745
6749
5033
3966
5339
9027
3556
1063
372
1375
6528
8350
6258
6514
8406
8697
340
865
9308
1508
429
8421
6869
4732
5387
1823
5053
6890
9624
5292
8362
833
3654
7197
6813
4765
5936
5838
2809
5488
9171
2918
9178
3412
1083
1758
9529
4149
5172
5597
8153
1888
9963
6008
2904
1793
1831
511
5064
173
6847
9417
2922
5317
8567
9500
779
6653
3590
4325
6240
1562
8719
4255
7800
6987
3165
105
2420
7051
8039
2425
6337
4010
6586
4777
2153
7122
9795
7854
5805
5340
409
693
3437
6787
205
4830
1406
6440
4463
6861
2654
3742
1434
2493
3891
5110
6910
3603
8192
7664
9676
987
2686
4338
5843
8072
8312
8113
2366
7598
7681
6192
8490
702
126
3215
8432
8434
1437
3899
4006
9337
4951
7791
6148
7120
9844
439
9060
9960
5516
4286
3089
403
1889
8534
4198
3217
3745
366
4105
3012
6028
2317
7223
3313
2024
9938
6600
7605
3675
3284
217
8590
438
859
8550
628
4323
7207
6745
8566
2400
7192
4900
4962
9288
3856
6542
9657
3845
704
2181
3404
4067
4401
996
1253
1624
2694
6472
731
2552
867
7489
2648
9933
9305
5188
7370
1143
8652
1416
9700
7987
9263
3935
8852
488
9637
7356
6195
919
9397
5106
7360
4098
5993
2540
2183
6779
1330
9916
9292
1869
6886
9469
890
2196
2950
6571
6335
182
735
5621
6333
2189
6845
9925
8340
8020
8206
9328
6994
1066
6771
9294
3443
7238
6189
9941
9484
3866
9833
2139
1426
900
6061
7104
1529
4432
3831
8144
6552
7289
1675
5044
9897
160
8790
9541
7981
654
2503
690
9762
3534
1235
4462
506
282
3147
9061
947
4024
1517
5953
8943
8773
4843
7461
3757
8371
8891
4936
2631
6920
3044
5821
868
1145
4568
4188
9437
7403
8549
298
5820
2377
8096
2911
2549
6234
6320
567
8168
2506
4499
4483
9602
8375
8991
4406
791
4878
662
9924
7502
3623
7876
6073
1344
324
5355
7924
5837
2450
307
6296
4831
4202
9794
7030
636
2276
8491
2165
5652
7795
527
2484
9393
5578
7221
4005
9558
6907
5952
9926
8586
7586
1028
6036
3494
6231
7780
3967
9024
3643
1825
4889
4784
8354
5946
8059
5442
8216
7949
7231
8933
1522
7174
1464
1770
4519
3116
4827
4711
4766
5486
8360
4211
9032
9236
5266
6842
7325
6131
5347
7728
6076
2518
5918
9376
9064
737
1199
1075
2603
9130
7872
8219
3592
3655
9526
3009
8502
2943
8909
2782
3614
42
9095
2465
6767
10
8391
6540
2750
8988
7631
3925
6229
3287
3683
281
7593
3166
6316
3450
8673
2553
318
4583
3043
2791
3277
8889
2124
8276
9777
7308
7877
8327
861
5228
1809
9780
7492
8753
686
363
1567
9239
12
1703
5151
5960
3514
5199
6559
6406
2016
3573
4698
8805
9181
5434
1600
4859
4699
3057
2287
9827
4084
4531
7801
1284
7567
8027
3200
7021
5752
5170
2342
8002
9560
3428
373
5159
3254
4991
7386
4988
5884
7947
5473
1074
1132
5114
2607
9866
2461
4021
7642
4026
3542
5153
8784
904
5811
7314
641
2427
8694
1310
6128
2329
1003
6923
5213
9133
67
6936
4819
6120
6624
9821
7902
5732
491
8681
5417
8221
8229
4083
2509
4114
9646
2766
9910
6862
5789
1828
9942
9730
5994
8181
2451
4597
8447
7
3985
7019
2888
6556
4957
5785
8682
3240
2955
3773
4697
1991
3602
3637
827
7515
9867
9922
2811
2748
1421
4306
9835
3568
7518
892
6287
5920
803
9778
2449
2202
5373
6592
2137
4148
5665
7055
4074
9035
7413
5784
6951
9069
9244
9568
3854
1924
9582
2676
9565
3352
4542
1739
4040
7162
1191
6734
6605
2009
4691
489
5904
9362
8821
5788
443
7867
9817
3653
4693
7608
7495
2120
3446
7435
6375
8463
2184
5634
7997
9712
1731
486
1616
2061
6617
4278
1004
6181
4159
9443
364
2867
7915
2999
7885
5573
6716
4133
8494
8008
7810
5306
6900
8482
6382
4806
266
8112
5771
9562
8240
46
9352
3722
594
9678
6011
4355
2138
5120
296
6735
8430
3289
5445
4852
8548
7342
9976
8318
2272
4477
5645
4268
7562
7585
6010
8516
5534
5587
9343
4985
7851
8437
591
6943
2058
8746
6423
3118
2968
467
9170
284
314
8448
3993
7082
5857
9501
7883
8107
3208
766
2972
4611
371
828
6398
7134
1297
2250
9719
1053
2208
2638
5380
942
476
4351
8795
7261
118
2254
4016
1983
8704
5552
6729
8850
6747
220
6369
9929
5975
3163
4720
8155
7249
8793
7909
3579
5780
783
9156
6692
9534
2684
2355
5421
3693
1087
4154
1368
3689
5680
6902
4746
2304
4384
315
6820
5919
9467
7345
515
9416
9105
5749
5496
4910
5853
4935
9739
5755
4316
1752
8890
3709
4811
7149
328
6614
1648
9557
3127
1404
714
7045
2725
6731
9903
821
3814
3765
9921
8449
2960
5478
8255
7962
2805
4621
5318
5844
9747
5885
8823
6212
9749
6651
8191
7171
159
9503
5985
3238
2071
9262
8539
7726
6769
7280
1390
9785
937
1274
2905
3038
5305
5206
2410
9068
1123
9868
5245
830
7050
341
585
4488
8201
9968
3318
4368
6998
5361
7311
5217
975
3177
4155
4729
8080
6294
627
7589
3625
5135
2537
6283
7185
5912
7014
7256
7316
3609
5068
3727
9802
648
4354
1463
2862
9058
213
824
6539
6473
4404
9768
8868
1664
4508
6557
545
233
3182
9533
4419
245
4013
7519
6785
7587
7569
4063
6646
949
8717
977
9988
761
2020
9959
2044
7839
1056
8745
7468
2626
8160
1564
6525
6284
2122
1086
6255
450
25
4956
2656
6121
9498
7320
957
9366
4718
9187
7923
4922
982
5988
2860
4786
8758
7514
2056
4219
9622
6268
5474
7547
1773
3674
7375
207
5537
5735
1736
5298
8836
7315
6780
5896
399
6099
5940
3879
3112
447
5576
109
2052
6059
2685
3421
6100
5459
9165
9242
3334
7808
2594
3285
6293
1076
5395
2897
5966
4966
9900
4450
680
7331
4047
6505
4798
1466
7592
9026
5046
871
1897
1242
4571
7159
6958
6673
2622
6858
4520
5561
2496
7748
7754
5945
5990
1389
2087
6066
1341
741
9879
7286
2490
8284
9998
86
5031
1630
8460
9496
5450
9957
6344
8050
4454
5156
1029
2151
2005
6135
7279
8293
3351
6838
4457
1363
647
6664
7418
305
5231
6997
8580
7224
2314
29
3678
3035
6926
7024
8625
2722
1005
2303
8342
6356
9420
196
457
8231
8905
9431
8175
6817
1878
2739
369
1783
5566
7823
3306
2470
9639
8584
8397
172
2334
7778
6161
3488
870
3141
9093
4567
2186
2667
9695
8374
4210
3738
9441
2328
2498
7674
614
3890
8428
1738
3384
6300
3036
5480
4500
1707
2948
3537
4453
8967
7017
7835
8127
9650
89
2206
1080
1893
5127
5935
234
243
8813
4755
6072
8248
4535
5635
4925
5962
1125
6342
2453
9696
8451
2000
2439
5944
6628
1943
6437
3948
5234
8089
6986
915
3070
8162
3559
9383
3221
7899
9012
165
7028
1222
1933
3721
6950
2280
5932
6744
1448
7278
6750
1672
902
7297
8016
7072
6940
3295
1895
9944
4636
1098
6982
9251
4501
5077
5080
5664
9044
7521
6683
1259
5505
8425
3086
4566
4816
5100
795
1112
3795
1007
9906
4216
4753
4877
9689
4231
4297
1417
464
8614
8324
6662
2720
8361
8493
5042
7926
3226
2176
8265
1270
7670
1676
2998
4434
8298
6638
2164
8077
1956
560
1696
4097
4702
9682
1430
8691
9634
6434
7332
4356
6226
2519
8557
8268
8873
1384
860
8612
7262
1006
5288
4969
4319
1805
6788
1438
6082
9083
6738
8884
9725
5931
1635
5475
5420
1957
1980
7954
6819
7978
1485
7694
677
6414
2006
8588
3211
6370
6464
4004
9167
9683
3321
3309
5260
1277
1358
5507
1367
1095
4807
2908
9773
2110
7857
1054
7200
3516
4872
191
2442
6451
1584
8394
7469
1693
9025
8414
312
9649
4309
1822
6429
4301
7228
3640
3307
3265
7277
6326
75
5852
1276
4479
1331
3328
1042
5069
8526
5998
150
1084
246
9806
9270
7588
3018
6453
5238
7888
2609
826
8081
1716
3204
2241
3233
619
8611
5836
2249
3902
1149
9360
8663
5329
8647
2386
3973
3126
6714
9943
3957
7991
763
9382
3187
1698
3216
7056
7323
4590
63
6515
2067
2647
618
2565
7731
3562
6049
2448
2983
6631
4734
2292
3800
8084
7798
6896
3010
4606
1248
8685
8962
2169
5065
3465
1901
7292
5779
9229
8273
4557
5629
4496
2597
7044
230
7873
4397
9430
5057
7675
7665
4059
5220
3915
8544
5829
5468
9234
6908
9062
6168
4797
2481
8237
3885
817
6214
5348
1569
3580
9316
1291
5713
3817
1373
5406
7340
4176
972
2045
3571
9154
7441
3895
7123
5909
5072
3670
4750
5293
4578
6305
9825
1237
1243
9702
3668
5006
3964
1427
1537
1654
1541
6068
225
7543
8895
4115
1976
2102
1764
9588
3026
3863
2659
1914
7191
2134
9973
3843
7629
4600
580
4392
1540
5851
8079
1025
3746
3936
3487
8457
1851
6622
6069
7229
5198
3286
1453
9339
3098
7619
608
8603
9205
3066
8014
4632
8047
8807
58
5792
9907
6671
6837
2031
617
7300
8207
3290
4582
7921
1288
5501
6916
6672
6142
9758
8525
6205
4609
9076
4087
7571
200
2143
927
361
9333
5504
4659
7678
6795
3610
7523
7380
603
9511
4305
6723
7350
5734
1239
5041
2617
8560
9829
4076
6301
5309
9347
7653
4482
945
8537
3128
4168
6387
163
8908
8922
8715
5449
3361
199
3963
5908
4039
6868
668
277
9905
4382
4322
3563
3855
5720
793
1970
7257
3139
8846
1478
9663
6085
3054
4676
2182
5165
8634
1121
3279
440
5411
1801
539
7464
93
7500
8064
3343
30
6610
1215
6063
9642
1655
2118
3945
5174
8331
3157
4984
7399
1566
8594
5166
1360
852
8198
9142
3022
7580
4639
8299
8269
3870
6223
9538
9406
6108
6611
6504
8760
9237
9811
8476
5367
6921
6215
1254
4719
818
5741
2040
1968
9072
655
4861
4931
4642
2679
5212
3406
3135
6150
3972
6549
9632
6075
2966
3262
934
4134
4230
4470
8862
2578
7047
7472
2402
3779
5452
7153
410
66
1388
6581
638
6655
1300
5397
7165
6461
9908
5876
5538
681
7048
2440
8026
3193
7936
3864
4532
1359
5003
4337
3575
8117
3297
4435
8893
1777
5901
3566
1422
5098
7008
8285
1550
2604
4418
9243
3492
1890
9330
1835
8119
5178
4317
1433
839
4994
3520
3938
3664
1348
6179
3519
9705
2758
1147
6430
9759
2309
188
8947
964
7366
9440
411
4092
903
5942
6109
4563
1258
226
4976
8150
7027
3548
1067
6405
9787
3865
9317
1812
1528
7328
2539
4381
2898
610
5723
9912
8028
7230
5754
8648
8689
3703
7943
2600
9036
3336
3466
8946
1725
9353
6421
2432
5618
9215
9276
8901
7029
5614
79
4704
9494
1443
8699
8649
3342
7879
9163
3260
78
9899
2988
3001
4818
2781
6469
2491
4357
264
6485
1755
5125
1101
9515
2900
2724
4619
7186
8643
4914
4835
9545
7789
1208
1420
9182
1444
3231
5536
190
4391
9074
7906
1162
6190
4335
2761
4119
91
4871
3737
2194
7164
3373
6800
9970
8195
3383
7766
565
1435
5415
4318
9183
8835
5476
1844
5124
2464
4722
4264
3269
9106
8106
745
7015
6774
5037
9793
2927
3613
5782
8629
5644
1934
1361
7423
3666
5071
9652
2278
4183
7833
7284
3621
8690
6289
7288
1930
4431
5831
3278
7486
7544
3684
553
1124
8074
2230
1317
6929
3847
7606
7620
2458
6081
5971
6799
6502
8278
3396
2395
7782
1802
5396
6589
6825
303
1866
1843
9011
7327
2308
5413
8037
4209
7755
1592
1615
9138
6999
1325
2113
6721
7948
7740
9964
6961
3888
9223
1141
9461
6014
7368
3555
5979
6403
8503
4273
4467
3330
5969
5757
3156
7236
9221
2401
9950
6726
8755
1629
7684
4559
3818
1577
6518
8019
8165
6928
858
8174
2902
5847
7811
7929
7059
7663
354
9282
119
6052
1498
674
6876
4051
5082
5205
6444
7741
6806
5902
7170
6656
1002
3650
2746
669
8720
1212
6336
6544
6347
1413
3929
6930
8264
6092
6814
8389
3660
3302
1474
4334
320
8416
2353
1286
1357
7168
8498
2171
3507
180
5999
2920
1519
4307
4342
7934
1469
2251
1949
784
5584
5948
8848
5384
7128
5519
6839
2083
5336
130
774
1579
7871
2048
3717
2051
7467
1982
5808
3324
3027
5714
1996
1891
325
5688
7034
4820
5810
9559
2158
2177
9714
9955
3239
4756
3526
9704
1754
6841
3905
8729
1671
1146
2568
1807
6816
1587
7273
382
885
1785
4116
3171
5193
8916
9445
5756
8274
1044
9028
9457
1902
1100
1321
5000
551
8218
7554
6625
69
1278
2595
2675
566
1747
1762
7451
5
4751
7582
6710
1482
651
458
3778
2753
4958
8876
2690
8950
1959
3649
1338
6613
913
7012
5509
9564
2082
5116
9480
1027
9345
9098
2391
6658
814
4826
3658
2059
171
4308
8383
7449
8076
7738
5175
6200
1393
9656
1395
7244
2127
787
4304
5035
2076
7935
2627
261
8292
1442
7114
7445
7735
8881
8169
9483
9966
6486
6497
3080
3069
7401
8323
1069
4558
4451
4292
9372
4447
7498
7109
9040
4331
6782
5646
922
1911
6947
8939
378
9063
5522
2406
7079
70
6206
8763
665
7035
7896
6184
480
8940
358
5744
7680
732
6276
3510
2831
5624
1412
445
5018
7930
4241
8803
5310
3587
9889
6970
8826
2570
4541
3356
8125
9573
9278
2714
9876
6949
3484
5465
6236
3317
4941
1103
2072
23
3638
7513
3062
9587
6359
1586
2658
7724
3282
9147
9042
9662
81
2984
8669
2452
7705
6324
9456
8294
7719
8752
8786
9551
1131
9909
1516
240
4437
1574
4743
785
9016
3486
7697
5716
1824
9722
3478
8366
7730
6968
1865
1659
1187
4007
4740
9585
9
2100
9871
4510
4586
8861
4156
5247
5390
9978
7003
2178
8806
3120
7349
7536
8866
6410
607
9849
6630
2571
7184
2399
4544
8277
3314
7108
4833
7911
8886
6657
2285
1051
9721
9139
5326
319
3529
3391
8256
6980
5746
4686
3146
6239
1200
6536
8114
1639
6442
192
723
1682
9874
1021
7504
8353
869
3965
5242
8123
5517
7443
2199
9931
4817
9617
1194
1499
1289
4749
756
2840
4618
4008
9192
7215
7707
6563
8511
2762
5675
3256
6768
7882
1
8094
3234
154
1819
3706
3697
2210
7660
9177
7166
4865
2364
6222
7845
6527
711
2397
8061
5015
2812
6898
2928
8759
4298
5763
4293
6270
269
9660
577
6089
4955
8480
4313
8573
7448
20
5503
241
3170
7699
3505
8435
1756
6537
4911
1576
9671
8847
8923
6848
2269
7641
8196
4328
5344
5747
2786
7510
2297
4020
9598
5043
8378
5400
3392
6635
8818
8053
4752
8982
3102
1137
6058
8489
9769
4933
148
9995
5171
1665
4358
8742
1518
5512
1246
1197
6306
7890
201
2478
8942
7141
5947
6313
7897
6277
2004
2652
2981
1171
9972
7526
1547
6954
4666
454
3074
6143
9915
2036
8945
6705
6756
7646
1192
749
3084
993
1723
5454
6080
1781
9466
7967
2706
376
2550
2614
402
7917
5681
3956
5830
7856
17
1849
1073
3196
6948
2384
862
7596
4868
3960
8290
4637
6783
8045
5787
3848
7626
6065
3804
6187
9228
3242
3059
2363
8932
8007
780
6755
4696
3615
9129
8941
8289
8859
2193
4144
5867
8172
7864
6458
5707
7362
1099
3410
6191
4898
4347
5858
2288
9206
1241
7886
4654
9674
9618
7075
7463
1165
6895
1048
7792
6988
3138
417
8474
5371
8411
3444
5731
6836
9225
4967
9410
4870
9645
1534
5728
4330
5609
7210
3853
8635
1971
8958
9584
2223
9518
697
462
9082
270
1886
7640
9532
1089
6180
2857
7036
4628
9504
9306
7208
7499
5430
7452
6924
4296
3081
8018
9307
596
2834
8779
2231
5639
988
294
1880
6265
5460
162
8508
4902
4744
7535
5923
3677
4671
4912
7952
7321
6084
6503
1859
412
2248
3249
7073
4294
5617
6790
6419
7581
6801
179
4730
9514
8921
7417
2514
6272
8555
2014
2236
1618
7551
7564
6023
1810
8623
2468
3364
3896
1271
3734
2096
7751
9553
9479
2799
1313
5781
1965
4181
3347
3630
9140
1181
9084
9387
186
4409
2877
8855
8176
1189
6770
2582
7305
8854
6985
1979
1019
2865
599
3919
4538
1328
2026
5893
2987
4227
5368
3850
5593
5457
6256
1492
6496
8882
583
2357
984
5130
5409
5968
9013
4088
8838
2994
4886
4225
5300
2393
6279
2150
9492
7868
3093
3719
534
994
9690
5859
4553
8756
9332
7817
436
1918
4269
6022
3464
5642
5147
5955
8936
9090
4312
4101
9066
4596
5377
4682
1513
76
184
8602
770
1223
1050
3718
9434
337
659
4937
5981
1036
6348
1527
8716
5359
5511
1425
4109
1796
1820
3212
7713
1904
4709
2967
8043
2175
1634
9398
4090
3072
2062
8831
208
9520
4265
3378
679
8834
1170
7334
930
323
564
5924
5061
4997
3015
1572
1186
2863
6740
3091
6796
4565
9356
5001
7369
8377
3974
2475
1107
8226
2527
906
4023
7889
2081
6112
260
6476
55
9399
3736
9521
9304
7961
7613
1864
3511
8329
8639
1455
8843
5436
5685
9760
6303
5414
941
3304
6105
9465
5845
4260
6781
9287
7528
7852
9586
8738
6957
9301
3816
8512
7145
1400
7968
1705
9185
43
2429
8565
3024
8703
6146
5883
4551
6843
7683
5760
8707
7753
9813
9774
3270
7439
1995
5472
7945
8825
733
8492
9641
5248
7404
8744
8185
2423
9576
5291
3955
7459
6000
7784
6162
3430
3162
6248
3533
1188
754
8968
4842
1887
7825
4069
3585
7950
8462
6056
8788
6933
7125
4549
8301
8598
7602
8367
1652
4343
6724
9489
2881
7842
3426
4274
5118
6487
1668
6833
847
2003
3028
2574
1763
4841
5391
1217
9854
4527
7052
5813
7925
955
4263
9408
3179
6694
6618
385
832
5408
349
7611
3190
3474
1646
9238
5804
1713
433
1214
6979
6499
1937
8944
4688
7643
1220
8842
2463
3554
7913
540
4657
6776
8798
5835
4509
855
4126
1151
1386
9385
7076
6831
1449
5608
5253
302
6566
313
5937
3822
1451
3861
4794
8952
5040
1336
6111
9613
8822
684
2416
891
5258
5766
2388
3659
7446
6643
8920
5745
1470
7390
2925
4042
5870
9427
2531
3489
3130
5939
6252
7209
7298
7638
719
475
3667
4741
4345
6315
84
6568
4332
9407
6953
2403
4796
2356
4464
2677
1818
5691
5949
4599
8131
1717
5903
6981
1061
6220
7630
9784
2873
6894
5161
19
4785
8832
5243
513
5338
7625
4851
8817
2346
1611
4113
3431
7361
6169
3311
7651
6290
8379
9481
3540
388
8533
3979
1954
3801
667
4091
1981
2820
6641
1610
7652
4428
1817
1871
8001
2136
2235
3438
7550
3008
7088
6507
7922
5514
7976
4315
5419
8674
1140
7545
920
3952
8574
9792
6807
2682
7438
3360
1636
2563
1282
7245
6298
2380
1273
8718
2588
6596
5783
5319
9298
1734
5351
4170
5282
9983
4683
1281
2017
7347
4896
5964
8540
6689
8484
5370
9452
6971
5550
4375
6137
6224
1848
820
7062
2804
235
2322
6016
5602
889
3129
9597
2583
3714
2663
3344
1033
844
5817
1732
4574
1185
1621
5616
7158
5208
288
3618
3531
8721
2360
1148
4443
9086
572
5776
6491
2790
194
1782
6686
7341
4288
9726
5121
5333
2268
4175
2930
2548
2188
348
5009
1759
6292
2842
2365
5583
9487
9575
5591
9315
3401
9887
3368
2621
4187
8210
8254
3646
7534
1677
6489
3414
2542
2575
8764
7904
5412
1938
8012
434
6964
7884
4643
9359
802
1218
5345
1387
4764
9436
4668
4503
8927
7383
2430
2861
8878
4333
9707
1195
6583
7406
459
8006
4703
5655
4224
1201
1467
71
142
7127
5143
3477
1560
9743
5296
7357
7813
6978
3803
4867
5603
1226
8797
276
8320
6106
7371
1168
2949
3912
9023
6522
8918
1632
4380
3790
2073
3052
5825
1205
3882
4769
4166
4458
696
894
7623
481
7814
9580
5379
6327
3424
2526
3739
7194
7769
3432
1475
1768
452
7520
32
53
7444
3838
5180
1052
2396
1177
8459
8781
3288
562
6384
345
5451
309
346
1379
8236
4311
4772
15
8417
9258
9109
5237
2489
2215
8215
5596
9108
9555
4389
8013
4546
1144
7828
1081
6040
7338
4983
9949
9522
4629
7220
1909
5045
4487
4043
4299
8230
6463
9859
3462
2389
5325
1105
3316
1250
3696
1090
6570
8456
8431
3131
8420
1224
6174
1450
7301
8956
1471
601
3110
101
1702
4135
7237
970
1688
8307
2796
3546
4015
198
4707
3136
5819
9021
6538
4475
6513
6371
4285
1514
3673
2954
7111
2316
9388
6695
2890
244
1465
1948
7729
1079
9873
7118
7425
4847
3820
2723
7032
1285
3536
3868
8802
5982
3953
2544
8188
3937
4048
3503
6101
1656
5443
8913
8161
2324
2701
1836
8222
7796
4142
7335
7260
8439
2332
6604
1337
2696
8970
3836
8180
4815
6494
7901
4840
3148
5687
3871
231
1787
4396
7136
8840
8581
6467
8819
4664
9455
151
6321
2524
7460
4489
6015
1175
9180
2034
985
5070
979
7276
2097
7389
8487
169
7973
8849
9233
145
3939
2745
5385
7866
7944
8899
8364
3090
8479
7053
9195
4445
8613
5025
8454
2333
7066
2719
227
7506
6975
4259
6865
2441
9709
3197
2
5802
2374
2195
4770
7508
5555
6691
8638
8723
4799
3274
7007
8768
6851
413
8552
1935
1353
8179
9403
2166
7747
7933
4078
2990
921
7910
8401
9510
2300
1398
6060
1614
94
4022
8997
1555
4562
849
9097
8070
875
129
6676
8022
4640
3381
3624
6835
4287
8468
9708
3530
7161
6595
8286
3572
1016
7840
1649
7549
6364
644
9218
715
1794
2344
7105
8496
7983
4821
8376
3201
5983
6490
3382
2180
490
3992
9291
299
6976
5500
5062
117
7424
971
8961
5531
3544
3604
3799
6703
8306
6480
5202
658
155
2780
7970
8197
5115
523
4383
5887
7863
2871
9550
1521
6311
6922
2281
6775
1727
116
2473
4466
6893
8828
8839
65
4803
193
9050
4860
6874
4543
176
4791
3576
7794
7363
8260
4622
3704
5515
24
1912
5267
2657
3452
6905
3645
446
5520
5357
7322
4056
3266
3467
5682
2361
7788
7737
7481
7377
9953
7176
9626
7560
7412
3419
9904
9781
6524
6102
7552
5146
5875
136
5910
8483
3841
4899
1945
9756
2063
9396
3859
1750
7098
7977
4456
8078
5058
2670
4742
4038
2213
3708
5447
6534
8193
9982
7411
4905
3158
8319
1590
8280
1919
9309
3914
1391
2121
322
4856
6048
3375
5177
2116
5363
8458
3593
4517
4364
330
6889
7182
6254
7009
9838
2974
8163
6399
1167
7151
5032
6090
1119
4271
8246
3241
8583
8287
1128
7662
9422
1536
3521
4504
3034
5132
1947
9252
9460
5815
3909
4365
640
505
4082
4256
1377
8907
6183
9099
5543
6343
4190
7575
5928
5301
5502
1176
8384
6267
4122
6561
9824
4281
6834
6350
9830
3920
6760
9981
8057
4605
6715
8486
9685
1503
2103
3346
90
4838
7233
3735
72
1462
911
8808
6402
9990
5083
8794
1952
8969
5169
6636
8814
6167
6197
2801
9864
7326
9764
5183
5013
8418
1689
166
935
2179
9885
556
2019
4615
4577
9447
1236
60
4849
8994
9453
2319
2569
6466
8093
9389
6903
5753
1280
2823
2808
2192
5463
9996
1501
4025
398
5767
9862
6805
8032
2209
7259
9808
7434
7381
8701
7604
8252
4890
8103
2705
3869
4442
1209
8046
2260
841
9289
4417
1049
4515
3439
8527
4244
7677
5176
7160
7344
7965
2522
5663
1302
7672
7696
1884
4192
7618
6154
2893
64
1683
5869
1692
3422
6829
381
9985
707
4662
8304
8115
7579
6363
4410
7869
9193
637
4633
7193
4689
497
9734
178
4641
925
1651
5701
3988
2929
9755
2996
1206
8357
5582
7891
395
7530
2141
2848
6400
1059
2224
1780
2217
7033
836
430
5700
9131
8519
7251
822
782
3386
2784
4580
405
8275
7431
2369
1041
1760
3901
1840
9274
7391
9039
6358
1701
7264
8633
6088
5841
9169
2212
6318
7442
2295
287
3491
3908
6297
2065
80
5280
2963
1985
3712
3053
1364
4420
6019
1210
5711
4234
8471
1287
181
2611
5410
2993
7013
7190
6182
4585
5862
661
477
2219
6086
2915
9842
4034
2757
2115
7542
7632
7887
3408
4828
8777
9361
7779
8657
3480
6765
7395
1045
5692
8373
5705
9694
9132
5158
6599
7540
3823
8465
9439
1724
499
8934
8951
8380
6682
7820
8750
9405
2282
9961
4979
8551
3031
5157
141
3740
7023
9114
9571
6840
7187
6037
5729
5320
7271
3456
5796
3987
8395
9048
8897
6932
519
4869
1354
252
5585
8317
6211
4152
228
6720
9745
7583
5150
2779
790
7398
9818
3741
4200
2649
5570
6966
9846
7900
8065
7402
6203
4446
1461
8105
6438
874
9432
3607
8999
4014
8787
1974
3056
521
9999
5892
6377
7553
4235
1885
8791
8601
3679
645
7299
2886
5499
8546
1093
8610
4684
5595
466
4989
1580
9255
4205
7144
5628
9549
8938
9159
8877
384
9112
6973
6134
4778
6969
4728
3837
582
1526
1623
2973
3273
2296
5959
5299
7306
5736
4891
183
7018
5461
6809
548
1953
620
3943
2510
3518
4612
7487
7318
8547
8582
1183
1795
2243
4650
7410
7691
1343
1826
9240
7396
4695
2162
2413
6665
8665
8038
5967
7764
5142
221
1445
7475
8954
1700
1854
1997
8413
2476
2554
901
35
3161
9286
8741
3641
6481
1899
635
3453
4708
2730
4690
1196
7938
9877
3977
8244
5824
3906
1715
4055
999
4089
6509
7016
187
2573
8680
5921
1409
9493
1870
7397
4647
1552
9378
6330
4913
4405
3498
6857
8869
4528
2133
3331
9253
3400
2084
1182
9107
8953
3695
1304
1294
146
4324
8660
2653
9151
3143
5187
2383
9740
9379
2060
6125
838
6271
4760
5269
5331
3082
9476
8528
4588
1620
355
1543
259
4894
9505
7533
781
8593
6158
2227
4226
7100
8858
9537
3930
6699
6989
2274
5197
926
931
8578
3029
2246
9186
7232
2737
953
943
5028
9572
9596
8651
3050
7367
7101
5589
7717
4303
4679
7994
7760
7989
2488
7374
7042
9853
3558
9175
6006
9174
7971
1645
6413
5498
4763
7373
4614
4370
470
5895
6165
8464
2793
5107
2011
6798
48
1244
8978
9583
3199
6992
7578
555
4887
2516
4045
4893
2147
2643
896
6579
2635
2078
8770
3682
8082
3753
9384
4788
1339
3411
1249
3887
297
5678
7336
210
4560
9230
6565
2660
5354
2012
1544
2245
6024
1163
7734
6094
7427
9088
6802
9783
1680
7695
6593
8134
6701
1115
8620
5123
4490
8919
2018
7437
6855
4895
9220
716
9563
5154
6027
7957
4493
1366
524
706
1737
923
3824
2205
4054
6145
3878
4762
3006
4761
3258
3413
2628
2637
6087
9348
1545
9000
509
6870
2228
7941
9788
5943
6122
2734
9275
6759
4721
570
9681
500
3184
1307
1371
7895
5548
4131
4814
2629
9370
8250
2482
5636
2584
7541
5613
5067
8966
6144
9822
8470
8662
7931
9284
3873
1987
6523
5710
6361
2979
6772
2160
5239
2376
1767
1031
4829
5346
6914
997
5164
1324
2895
8713
9997
6546
2650
8003
45
5491
6257
414
6251
7612
3337
981
3004
167
7203
1227
9381
6030
9444
7095
5913
3768
685
2462
5285
8931
5524
2835
5871
6355
9125
9418
133
4930
886
8646
3433
3725
379
8211
8910
6891
1597
6207
3998
5661
1565
4104
6123
4033
449
5702
2099
4963
9214
9927
4353
7984
2624
4573
4884
3794
82
374
1622
863
5995
4809
377
8410
6959
2615
6133
9113
7609
2903
7239
632
2050
4221
8523
8513
3527
7767
4367
2318
8874
8664
5703
7806
6488
2046
6871
703
4120
3553
9893
4468
8358
3245
1774
47
3219
7179
2532
6594
4414
4011
9459
9087
9548
4214
8522
1342
630
9979
1037
5094
2572
9720
5085
7733
8556
4554
8985
7591
3185
765
1174
9934
2708
9392
1806
5598
9168
1595
5807
8587
940
7157
5599
8507
6339
7783
8279
2850
7634
7639
1837
9715
8860
6427
4164
5938
5020
1963
8257
9415
2414
4748
7103
360
9763
4138
2086
9254
3889
3100
4516
1315
7242
7524
7359
3867
6498
2698
2858
542
6404
2148
2674
1015
5388
3236
9669
1749
8349
5987
3513
2299
5236
7834
1267
1559
3482
9091
356
6860
9373
400
1024
316
6124
4196
7272
6669
6365
1928
1872
3772
5060
2155
3154
2109
2587
7570
189
9331
6506
9892
2921
5382
3268
4246
3633
7416
8073
1180
9939
533
3299
7147
6115
2562
4369
3461
3730
2089
5545
3508
4581
2849
3417
3132
1607
8615
7188
5668
9046
5492
5464
1662
6388
7132
4107
2693
6104
5444
829
6055
1593
944
1476
54
5418
772
9579
8844
99
50
4085
7025
6286
3627
2936
5854
6758
5721
6911
1719
9414
3688
3944
6366
2632
4673
9470
1505
887
5762
158
880
8845
7148
4228
5798
6129
3189
2945
7241
8730
6035
2852
6431
2634
8996
9886
9767
9880
4536
1803
4277
2914
3469
1791
5093
8444
6660
5162
8576
7752
4052
4932
5376
5872
8099
4920
4238
4926
2937
7953
3088
5816
6046
4486
3968
14
1473
5797
9449
2347
2772
2620
6367
3701
6872
5669
9030
4810
0
4572
8504
2145
6650
3320
1771
7566
9341
4491
7483
7226
3797
4239
3030
1204
1561
9736
9914
552
6934
796
2167
3612
2233
5353
3910
1678
7878
3041
4970
736
397
3951
2741
6751
1604
6732
7183
5861
5010
1633
2671
471
5179
672
1761
7517
6717
7131
9435
587
1881
9124
2767
4336
2783
9059
6250
898
9611
9368
7267
7812
8305
2517
6412
8186
5229
3097
3294
5648
2298
1729
331
9516
5615
5997
4995
9314
1511
5888
9578
6709
9073
6615
5793
4494
7319
6317
8149
2547
1032
4058
7627
8501
474
1778
6
7700
9651
6074
7212
897
8695
7804
6733
8339
456
6418
3332
3472
8030
1272
6219
106
3441
6917
518
3434
5899
752
8727
1489
5659
6374
3991
8067
8467
3777
2407
1419
8666
5704
3833
2307
3651
22
2947
2513
4526
1479
4670
4715
3581
428
3160
6697
3230
9003
6601
3691
1735
8443
8052
5047
8424
3767
2207
3019
3787
2190
3744
4379
6079
4473
3042
3975
7739
798
3496
3989
5607
6517
7107
285
8998
6026
5484
7154
3283
236
740
1855
8143
639
1861
1154
1378
8589
4455
3349
9786
9207
3405
2891
110
9823
6259
9881
2132
3281
3808
7092
967
7156
3252
6791
9001
5054
271
7169
7206
3429
9283
7742
8618
7610
7253
1484
8011
909
2769
8698
6417
1266
4
1295
6408
6199
8152
3013
2961
9216
4066
1786
4533
3911
9482
6379
3776
7918
1753
746
3535
5961
4346
7354
6687
3459
7077
5930
6021
9770
5481
5276
2015
4366
5886
8748
7258
161
9735
1228
9199
4208
9226
4201
4102
7456
36
1625
1012
3
9295
416
4079
2204
5007
6264
9640
8100
4992
4398
9667
2025
8632
7496
4974
5401
5303
850
4864
7846
1068
9041
9677
5900
5026
9946
9266
9157
7378
4782
8963
9210
5155
609
7671
242
2390
2749
8146
2092
1942
1642
5342
2521
531
3479
767
6152
2641
7091
2325
708
9753
8771
137
9631
516
5103
6654
4646
9733
2585
6443
6176
3225
3310
8023
1500
7415
9797
9079
1660
2200
4823
1320
7097
3954
3205
7711
7263
3786
5823
2718
9008
5075
9096
7803
6428
6762
7037
8640
3724
7773
6307
5571
5822
2434
3178
8778
3395
743
6360
9429
6906
2111
5674
8672
7622
5518
6938
425
1578
8960
9869
8541
1913
4675
7993
8040
2378
9322
8208
6742
710
7995
3448
3354
3149
344
9144
5002
2846
6096
1641
1447
2351
9485
3671
4915
7130
4564
5256
3881
7837
2174
5112
6634
7426
5860
8815
7455
4965
7870
4444
6670
9731
8051
5186
7657
727
408
5374
3564
7070
2618
9577
2049
3436
5866
6854
7963
6159
799
5173
1679
8564
3892
1161
1260
2119
1850
6567
1316
8200
8202
1775
6607
5362
3608
9630
9775
4439
5812
120
878
3586
1392
8870
3694
8015
6621
616
6739
5218
520
4993
8816
4879
8328
6312
6393
3134
2457
4674
3766
5610
7252
3506
6156
676
7126
5323
1554
8608
2697
5842
6416
2700
1950
5469
7479
7291
6245
2969
8885
7525
2091
1730
135
3023
1643
4579
9394
6346
9589
3363
4125
4712
4329
4440
2114
4883
9937
1362
5453
8499
9615
3851
4110
4940
4857
5113
1894
8325
6201
4593
2798
1765
8973
2027
9164
9751
5717
6741
4352
9810
1263
6139
7702
3000
2566
9121
6706
7771
9839
6879
1399
4476
9409
9065
2633
6977
9246
2337
7595
2606
9923
1838
8363
8121
5510
2070
280
34
9687
5725
2232
4570
3751
8296
7408
2832
1091
9752
8535
8170
494
720
1842
5693
7199
4858
7163
3635
4717
5882
7765
794
3025
6147
6640
8986
1906
3828
5022
5119
267
9203
4776
4280
7757
1436
357
8438
9241
2744
3758
1549
8147
5210
4199
7704
3726
5991
2472
6708
2971
2536
468
5011
1446
5341
5690
4651
8959
4692
8520
1509
2240
3399
5334
8446
4028
6564
4594
8109
5128
1955
5466
8433
5261
8867
7763
300
1504
3338
8630
3877
9052
2252
7177
6918
1684
5818
4927
5313
1589
5023
8031
8137
4701
7494
121
5590
2359
8529
1944
2619
5911
6666
6963
5086
5140
7133
5827
1546
8400
3272
3921
4800
3903
4953
7243
8267
8303
9701
4111
1975
4672
7142
478
422
2800
3114
8291
5878
6329
9594
3370
1673
1142
595
4275
9338
4518
9285
6246
1627
2768
4808
7433
4846
5034
1314
2952
5641
5881
3543
7750
8098
1626
5264
6562
9713
2913
611
6935
7010
4236
2479
8120
9355
7826
6475
329
2754
9134
2912
2313
1644
7636
4768
1269
1718
9319
8313
7283
4824
4248
8871
7649
3898
7892
9152
1150
2680
3523
6746
7497
3924
574
5929
4964
2816
9554
483
44
5315
6386
6409
983
8989
9438
7614
694
9280
3959
1298
3073
6471
5563
7920
3636
4485
5423
3152
88
3051
4945
9936
9463
4478
751
4938
1686
9727
8538
6281
2837
6352
5246
8029
326
2951
3159
1601
9623
9540
872
1581
5672
6573
9566
8636
6945
1017
7270
4341
6253
7776
6238
5506
7919
2853
2426
3629
6005
1136
8824
7005
2323
3061
7167
7031
3764
631
722
5167
1247
2923
9688
3574
9204
4179
1108
7841
3032
8453
8233
49
97
4548
4795
2825
8517
3775
4631
351
2916
4080
6436
3517
1117
7140
1606
4206
4093
4522
426
9166
3014
5196
9490
4213
1452
1365
1748
8562
4669
2991
854
5521
9993
9248
9342
541
5321
621
4663
9947
9865
4203
2636
8737
4589
1674
5402
2447
8427
537
5049
9227
8393
139
4012
1322
4540
713
5295
215
4194
8621
7916
4710
7998
1047
247
9894
5109
4362
3601
1018
3501
7172
7698
2149
4492
7749
9231
3591
9335
3652
5604
4046
4635
2776
2037
6919
427
9141
8399
5740
1275
7290
6878
4081
2558
7616
2555
4161
8347
3538
5483
5980
1917
9273
1380
7099
5215
4103
3731
6164
5683
3769
33
2992
2872
5770
304
6441
8177
8270
3783
4252
350
6960
3319
1283
7211
1685
9636
1431
3723
8667
406
7205
4436
5322
8159
3981
6119
3805
51
4832
6332
8262
2125
4438
6067
3039
5973
3060
1376
1742
3101
5643
6198
9081
5528
2075
5225
8044
559
2273
3085
3180
3067
442
1441
2494
3106
96
8722
7821
4060
2995
5984
6885
5111
2022
4802
6113
7001
7430
3642
8702
2211
9809
2770
6667
8251
9561
956
332
8992
6626
5240
8624
4180
8
6107
3750
1232
7485
1669
8129
5017
7501
6116
9303
6535
6202
1493
9524
9009
9883
8757
2284
2172
5832
1915
2168
5191
7927
7932
1988
4916
1251
2932
1557
5244
9888
1877
8837
6241
8766
7039
7940
2261
9089
5848
7307
4592
4873
8010
5986
2710
2094
289
3962
2590
3388
961
3686
4371
7137
4726
8692
2436
8782
3065
5081
1060
134
4949
5698
6295
5425
2515
3365
9354
5104
6449
1896
1104
9325
932
4737
6550
2593
9857
3561
3423
2126
8167
2529
9451
9358
9698
4061
3692
5005
7303
8239
1744
5809
8049
8440
8728
3994
948
3707
9057
7858
5897
9664
6319
4027
9658
3229
2645
3376
8804
3385
721
3829
11
2404
4779
2926
2917
9898
8642
4805
6378
6118
5879
6439
9101
415
3969
5877
2302
2833
1308
9619
4745
3463
8126
1496
3063
6038
866
4009
4973
5715
5078
2564
7393
396
4928
9890
7006
5097
5254
5016
5557
5670
864
2997
4137
656
4681
5544
9581
963
5592
3728
2827
1022
7339
5364
3175
5541
769
7633
3600
6590
6685
598
7121
4388
9051
9349
3379
7083
5626
5192
7603
6830
6495
4836
4947
7447
5718
9261
5096
448
8903
8799
2788
7565
3834
3398
286
8596
1122
1472
68
626
4638
1483
7478
8841
7490
5289
6002
4677
554
6136
6372
6385
9697
8948
7836
2742
2225
4143
8139
3017
8888
4706
5539
6460
546
2159
1711
5446
383
8514
5606
2889
7509
8894
2942
1640
5203
8783
1599
4507
3481
6163
8833
8204
100
9318
1789
6500
8811
4100
1026
2454
6482
4215
8735
3123
8101
950
990
7708
842
4620
7818
8199
4178
308
6609
453
152
3918
4068
744
2885
3002
251
7714
4634
8203
1096
3713
8641
965
6850
5865
2731
615
333
4604
1929
7198
6633
6018
6823
6103
5330
6447
8500
2538
1402
1875
6433
3756
764
4757
3083
482
5482
517
441
4452
3099
9832
5654
8585
9523
6548
8234
9143
2691
278
6642
4758
3900
1173
8321
1488
419
1776
6007
1788
9426
8409
6188
3771
5008
692
8369
3605
6196
8626
7388
2695
1347
9111
879
8009
8670
6445
6098
4982
492
4885
7265
3789
2901
884
4378
4385
4780
7645
8311
8017
4530
1667
1429
4393
9146
2283
1064
9875
8423
5958
9119
9601
3844
223
41
6216
6170
3223
6580
435
1964
4193
1769
804
9870
6003
8343
9401
2409
5437
9045
7317
2703
4197
2370
1043
3584
3387
1585
4128
3075
5632
5493
4086
444
9635
2546
2577
6984
3280
8058
1792
3826
1369
5856
4350
2716
7928
2655
3003
6009
8173
8335
1262
7815
5200
6062
1772
4140
2874
3500
3616
392
1293
8111
5727
6078
1011
6479
6812
3045
5651
2259
664
7285
338
1570
3293
5906
6623
6314
8135
7063
6811
1092
6225
4607
7661
9723
9188
8733
8348
549
3451
4880
5129
83
2074
38
7668
27
1155
5314
6508
5467
1653
4783
1926
3119
2185
7955
9499
1279
9608
2446
9302
544
5133
4998
7716
6149
3485
6681
3377
9293
797
3913
3255
2335
2123
7022
5530
2492
1821
2290
8102
5471
2312
8928
2338
3984
6584
9047
910
8645
1868
2747
6262
8069
8481
5194
916
6353
4363
3049
5148
7173
6880
6493
6832
2258
550
4801
7124
8368
8937
5030
9458
3672
7254
1118
7181
9703
3355
5144
9053
5625
3454
5778
2704
127
558
5108
4177
8609
1153
2289
7532
4402
5667
4400
2625
4774
1264
6309
3748
1355
9336
2847
1833
7861
810
3980
8912
5794
3104
3825
2187
9269
5403
8071
7666
2557
1666
214
8048
9779
2507
8892
4359
3715
2348
6696
3326
9038
9803
9172
6483
8271
623
5679
2821
568
5894
9952
5095
4943
6554
6927
2664
936
5230
7351
7011
9653
9932
4474
6707
6700
3447
6786
6996
9951
9984
7074
3402
4240
209
2755
8820
5666
8183
6551
4917
2339
6291
4512
5407
4480
6545
5726
1704
279
5259
9512
3427
1571
3884
3749
3207
5308
4429
2778
7484
992
7450
2455
3495
6389
8955
8654
3151
6645
9267
8688
597
9126
717
8478
4853
8865
9850
9673
1984
691
4903
9861
6652
528
174
2372
3397
2117
5073
3928
5594
6422
6177
7246
9718
5350
6606
1867
1414
2140
5428
1345
3144
2736
689
4502
9468
7555
5577
3849
1575
8223
760
938
334
7379
5470
4289
9037
6217
9033
3105
912
4139
4262
4952
2469
2445
8241
7907
4727
4162
5739
6057
2135
77
5719
9513
3916
8605
7615
3374
1333
5441
9530
1410
9737
5265
2039
9882
3940
9474
7573
7824
107
5429
5250
526
6793
6455
9213
8258
4123
8724
9135
5922
5479
5163
974
5972
9464
4127
2817
1800
6031
6608
3661
6569
7557
6827
2028
2751
701
2970
9158
5399
6001
2672
479
9055
9043
2712
6280
6012
1169
6095
4929
2069
5275
652
5051
7453
2033
9433
2738
8333
5768
451
3076
2944
1691
1551
2940
8194
2728
7020
1356
738
144
391
3468
4919
4258
61
5532
2726
5211
2157
1057
1907
387
9536
7787
4999
1305
5352
4978
6354
7240
5332
5105
4185
2474
5050
5297
4665
275
8148
9668
5262
111
4310
3785
3551
8984
4117
5709
7656
504
6351
4739
9525
2931
1261
6560
7964
5392
3941
6093
5814
853
6308
4617
8829
4461
8405
9145
6647
1382
700
813
5656
3594
8118
3345
9610
2021
1834
9477
7816
8110
5765
2433
1160
8827
5091
1487
8429
7682
8769
8355
4837
2880
8351
2866
5686
808
1832
2502
4171
3647
7324
6478
1296
2953
4660
8407
4855
9616
771
5268
1694
8898
4731
2483
6510
3415
6533
9290
8426
9014
8004
2878
9022
1596
7429
9771
7715
8780
9184
646
9717
2721
1932
3931
9765
5633
2773
4050
9506
5497
2534
1111
3257
8382
6521
3168
535
1190
6909
4118
8568
6784
4407
4680
4793
6588
218
1804
3515
1078
5568
613
5963
424
9232
2105
8300
7250
8227
2896
9680
4372
6432
5489
9323
882
671
9896
3275
367
9679
3606
1751
8700
6582
5694
2623
5697
9547
7302
4595
3875
8792
1799
8935
8187
7061
5588
3222
683
5956
301
9863
6752
5677
8455
3631
8136
2405
3372
3449
8310
5027
625
7722
1102
2845
5751
1127
1318
2717
4934
1459
7355
7026
2349
4251
4360
1252
6678
3583
2824
9491
4555
8801
4771
907
1139
2379
1156
7071
8021
6033
3622
6719
5270
9665
512
653
9259
4946
5433
6172
5855
9930
2787
6808
2310
5970
3087
3243
9831
4687
2760
6368
8402
4790
4075
1408
8712
8213
7329
1612
9115
6792
8558
5850
7218
5671
1481
1687
5435
9155
9473
1159
9851
2234
5849
6883
73
3055
777
3271
4124
8906
2683
7617
6132
8403
5547
1532
1790
9222
6110
8035
102
5448
2592
4863
881
6912
7337
7296
7511
290
2938
6160
6711
7838
602
1708
3323
1990
8261
6340
5241
604
2256
5424
4284
831
5257
9992
8138
3046
4789
2735
7227
95
9209
1497
8238
9661
9655
8345
2533
9552
2795
2079
2438
1329
9212
6804
9517
6474
9400
5791
1916
4030
6186
843
7268
917
1827
2806
5660
6821
5662
2107
484
7537
3949
9600
1268
4775
3250
6526
3552
9002
1650
3348
5640
2007
4065
502
9078
4018
5283
2340
9738
2341
4270
9442
7202
2315
5742
8283
6039
6956
3300
1172
7689
3617
3917
9245
7599
525
8130
4700
3657
8140
1129
2255
9527
5277
6173
1113
8545
3567
3460
8597
3107
9346
2029
9034
1845
7720
2764
7990
2556
3490
6138
7116
1403
6815
1040
9324
5513
8024
4658
5558
9741
5622
9478
939
431
8054
5722
5335
7701
1647
5950
7956
7143
1829
3569
4813
8088
2495
4169
6887
8495
2330
7654
9103
1014
5786
698
6616
8154
7939
9471
1231
7138
9629
3759
407
5565
3339
1351
8679
4948
3077
7385
4426
6244
6394
3096
2419
9425
5800
1023
8297
2740
8247
1908
386
3366
759
2305
8917
272
5689
5799
7309
2523
9940
9962
933
7637
4129
3209
9798
8090
758
2907
2480
9017
2511
5312
8132
2173
7844
9265
946
2459
5801
3194
6637
9327
9507
7849
4694
98
5581
1303
1306
5092
3296
292
4649
4279
3020
5738
6789
4537
9118
455
976
7822
6155
5567
8036
9917
573
6946
9080
3880
103
8554
311
5647
8976
8739
6391
2640
7343
1637
6166
4904
8896
7248
9675
2879
7774
2838
6325
7986
7761
1179
5201
1326
8993
4173
6395
6043
343
6619
9160
3934
1921
4421
9693
576
6864
4834
9268
1030
4624
7216
2354
9643
9497
6639
2422
3442
9049
7110
5490
8041
718
4882
4423
7770
6178
1120
6097
1741
6397
4866
8656
8116
1936
2688
6261
3458
2500
5954
2381
6185
5627
6728
7078
5978
588
9488
5868
9475
6233
7635
7607
9776
9820
9092
4906
893
3095
6585
31
1746
7905
8488
1510
3191
26
1743
995
4759
5440
3626
1797
2336
8422
605
2098
709
7648
7893
4767
3549
4237
5549
9122
6803
3315
2876
9901
7594
8055
3582
5560
7685
2869
5927
807
2505
4290
4041
5891
1349
8543
8708
4223
140
2887
2651
2101
5495
4073
353
510
7966
8092
2253
514
5272
6338
9148
7057
5235
5102
9729
8469
1372
8315
2884
592
4990
4291
5874
4017
7129
7601
4627
9843
8776
3532
6077
6153
728
1424
8436
3784
6846
6553
249
1925
6663
7407
6698
3124
5525
3113
2868
3440
6674
4229
1999
7679
7690
5088
7908
197
5535
202
37
212
8086
3445
6904
4153
629
5695
2759
8851
9176
6555
914
2112
9194
924
589
7491
6362
2191
7060
6208
3933
928
5637
2320
1152
3341
5546
4121
7802
2673
3267
6995
9085
7718
5699
9633
3499
3224
3115
7333
6282
418
5712
4839
7093
2541
4921
6376
5189
5090
7942
7809
3932
9150
835
2002
9395
3883
7951
7068
5905
7529
4804
675
8190
9744
8661
1299
5029
1697
5790
3125
4923
1583
6777
3755
5957
4413
8220
2777
9120
6070
4645
1969
9945
6736
9647
164
1506
4320
5343
3298
2551
9699
7274
6675
7703
5828
9200
834
2989
1860
2559
7488
8091
9841
8062
7807
9281
5873
6083
3525
9375
8124
9556
8857
268
1490
7894
2131
6925
8924
6407
1722
9591
4972
4250
7556
3770
2277
8872
5864
5989
2387
3897
729
9067
8338
3997
7512
5455
3186
3140
5427
8524
9628
2576
4876
4723
8122
809
293
7454
3852
7785
4448
1530
3237
8977
2941
3435
2919
6415
250
3202
7721
7189
622
3611
5074
8066
352
8205
7457
1309
4514
6266
3021
4529
3840
7793
579
1830
4071
8336
1605
7743
3504
4427
9365
3680
5600
9110
4132
6157
9570
4349
3946
840
805
6677
3639
2843
7937
85
2043
8452
113
2266
5508
643
156
501
899
9075
3333
9196
986
8709
1001
6944
1234
6852
1157
2580
8864
1553
13
463
1256
6193
2327
2613
4738
204
2080
6380
2220
1766
4377
4754
8245
1808
2899
256
1728
8356
9197
750
2813
5485
1502
6632
547
9837
8971
3796
2870
6210
5638
4781
1539
3743
3174
7539
7746
8983
421
1039
2662
2064
6797
5540
9852
8749
6952
3011
5195
2041
4441
8563
7898
9326
262
7372
762
7875
8083
1989
9116
6054
7058
4408
3476
3407
254
8761
3037
705
8141
7590
3774
6684
9746
5316
1813
7692
5914
6242
8485
3687
3247
7387
6888
2727
9363
8033
3169
2077
4736
9828
8108
3016
7577
4002
1898
4465
3291
5527
7046
8980
1327
4373
6260
1058
7405
4387
8810
6818
1193
2013
8466
6955
5099
3312
2161
4165
1920
8911
7304
5750
370
9965
8631
4302
7706
8853
8087
3557
9840
5526
3371
5222
1710
9117
4247
138
3259
8232
2301
2375
2382
7881
4506
7096
6754
2221
5145
9989
2601
3942
2661
3473
7002
7477
6269
7175
460
3263
273
8696
536
4096
8249
4376
3857
1290
1230
6484
7538
529
5089
265
1035
9128
3340
7827
8497
8477
5880
4108
9644
7992
4469
2216
2794
143
3133
5358
7310
1721
2985
2520
8926
2752
7004
2293
775
6299
9975
4648
4981
8726
8676
5134
5724
57
2197
3958
3235
7693
962
6446
800
5328
3922
5386
92
5684
4031
4416
3214
8281
7503
6051
557
571
7972
905
9249
7358
5048
8322
4072
9609
1946
6050
1381
9369
1681
9816
6470
2352
7768
7975
9948
9748
9539
8063
4714
5366
1439
7089
104
3806
6392
650
1525
3588
3117
6659
3198
9260
3858
7655
9448
2501
2965
857
8644
4195
624
3203
6763
6737
1166
5494
4403
3471
4184
6531
6866
4971
8604
2497
9895
115
4713
2038
9761
8282
7558
7744
1927
1034
2883
8687
7219
8128
9217
590
9350
8408
7146
6468
4481
2417
7293
7531
3350
788
5743
2957
5676
6425
876
2763
7080
4626
5219
9724
7548
2814
6034
4283
9357
2525
8473
1977
6310
8068
3752
6810
7081
9757
5389
1962
4653
3493
8365
2702
8627
8034
6194
3648
8145
8671
4242
8628
2535
5290
2229
2978
7914
2946
9621
3976
9569
5575
8949
5432
532
1542
4534
8929
1383
8396
5542
663
4130
1846
7493
2471
168
742
4374
5523
5426
837
6420
1568
9691
2986
3815
593
7669
1900
7414
8658
8900
4944
9872
4616
6939
8785
3539
7213
9413
2257
4845
2530
584
6263
8683
1477
4207
9018
7196
2008
9801
8775
3335
3733
4608
3699
851
9605
6448
8217
9971
9519
1456
5533
3597
9137
7465
9672
4433
4019
3983
5360
8266
1602
3710
4340
7421
1046
726
2910
362
4032
5185
2311
8736
4057
2803
2275
4996
7805
3390
8734
8577
7353
1940
9834
2828
8619
2844
8606
888
3071
2906
6232
3754
9574
393
8334
1670
6937
1468
2201
8542
3524
6897
1706
7658
3111
673
7980
327
6730
1221
3545
3894
7847
4678
6778
8987
5553
9351
7832
4158
5251
748
3094
8156
6974
9855
5556
7432
4070
7102
5136
5764
3380
3188
7860
5631
2428
8442
4625
9819
8184
5916
7400
9071
5529
9402
958
2163
5226
3103
432
4950
7969
4261
8930
8005
3860
6235
3228
7222
6465
522
3698
9421
6459
2128
1245
6228
6041
1863
2818
8242
5052
4136
2822
9980
5730
2431
4282
2851
2054
4591
8595
2415
725
5019
3418
7775
368
6288
5287
4888
3173
7440
3874
3596
3669
3702
5775
6748
5160
401
9104
7255
6529
1009
2807
9446
5087
7352
5658
9508
2437
7848
5404
8569
6141
4411
9031
1798
2924
6598
2678
678
257
4716
5863
3213
9902
786
7085
6844
4968
5772
1992
1598
4062
508
5138
8441
9728
238
9710
8809
2959
7568
4787
1699
2909
7112
561
3541
3813
125
6140
7313
9612
1332
5650
3761
2238
5422
1135
9977
848
8316
9391
6274
5826
2291
7217
4064
2642
5286
7628
9424
2528
7234
4792
8592
3497
7624
7862
8668
8796
823
8653
3475
9179
6519
4652
52
2774
306
7576
8902
5569
7979
1460
792
2934
4254
1941
688
8288
5889
2010
929
9918
8515
973
9004
8450
3819
3970
8000
2964
1319
6273
7139
6867
5431
9804
1695
1811
960
978
8767
3393
2765
6603
3565
9789
8743
9256
816
8344
9340
7563
9502
1857
255
124
5605
2591
2247
3550
9019
5706
9198
6171
3982
5063
6017
4095
1207
9162
6679
4141
8570
1396
8341
3950
8309
7772
195
7959
6577
6899
2504
6390
8272
7853
3142
8308
2108
699
1874
7090
7709
4735
2792
3904
1784
1219
3835
3389
3483
1072
5168
1951
123
122
6644
4862
4545
4037
485
2487
4243
776
757
9614
8880
1495
918
8599
538
7946
883
2262
4146
1847
8974
5281
3762
1903
7559
642
8710
4667
5559
7106
2035
9208
7155
789
1070
1202
8518
6151
8765
5394
5190
1873
6931
2271
5758
1858
9593
5383
4424
2771
812
2068
3150
365
6661
8332
9654
9374
1292
9648
4106
9958
147
2154
5223
1458
8404
5327
4003
2066
7819
4472
1134
8259
4191
8372
5579
6901
1374
4182
6773
8965
2373
8772
2286
6873
9799
8214
9077
6383
8600
4412
3821
8166
2775
7982
3720
6516
2980
856
153
4272
3292
4875
2053
2047
6071
8711
6863
8095
6712
1407
4000
3068
1856
3595
5137
8693
9450
7474
4987
9659
5803
4822
4430
5117
4160
7436
2129
2789
8887
4909
5795
3700
7087
2815
321
4218
9423
1385
2142
7201
5294
7985
2616
7119
5601
4053
4556
1008
8359
7762
3425
1240
8178
8475
5974
2864
4415
2394
5733
7831
1876
274
9607
1658
6237
1454
9070
682
5232
5623
3218
7745
5898
6713
7043
3122
7644
8747
1603
28
5184
7266
7781
1535
9847
6275
4339
4163
3628
7135
2956
2639
317
6859
9638
2933
7516
9991
4980
2599
5890
7462
1613
7269
7040
8686
9056
5055
2456
5375
7235
773
9606
3109
3305
8812
5204
5839
9956
5039
6743
1709
56
575
1862
7117
3327
6882
6477
6285
7115
969
40
6915
1939
6612
3999
3690
9190
5139
8085
8157
1071
291
7621
7505
2343
2408
8830
6965
390
59
1839
4295
666
3253
7859
1594
7561
8521
1815
3876
310
9509
7152
3634
1346
5761
216
6175
8915
6532
5925
5141
877
5233
4610
7281
3092
5349
503
2939
3729
2543
9772
5372
3394
2226
2244
1401
8151
4539
7912
253
5021
375
9919
5977
4569
9592
5302
2001
660
4874
1910
9006
9404
1628
5915
959
7054
5926
6892
6373
8263
6690
9814
4327
8655
4773
469
2362
7330
578
9161
4661
1255
339
2106
569
2306
7958
9010
5696
8295
4908
380
3662
62
5227
9257
2263
4655
6766
3176
5131
8789
7522
6492
1340
1062
87
3528
6304
968
2894
649
6452
5149
6411
5012
5657
6704
6302
1428
2598
2239
1523
7392
6204
4150
9531
5038
4321
5252
1619
6345
5381
6349
6962
2398
815
2368
465
7650
6990
873
493
9791
4623
9928
6722
9334
8914
3264
4587
7113
8171
8330
9300
8622
633
8774
7394
4511
3961
9935
2977
3926
203
563
335
9005
1538
1638
1233
543
2023
9428
5152
6983
2826
9271
3842
5833
2854
8705
3183
6450
819
1757
6828
5337
3560
4233
1883
1582
6942
4525
7572
8506
9994
2797
5564
1370
2144
3369
9686
9149
8532
1423
2485
8607
2545
6045
6688
1993
404
9627
4505
4725
5934
9815
753
8056
4077
3577
8209
6249
724
2962
9054
6457
3663
3153
5554
6558
1726
8387
1998
6530
5941
7777
336
9625
5369
9311
9386
6824
5076
4942
5378
5737
4112
7346
2467
8875
6221
6849
4212
6511
4576
5224
7799
9692
1225
9173
5036
2668
6913
232
157
2198
9987
9836
9986
6972
3893
9544
2321
4314
1164
7759
3780
2935
1961
498
1486
2856
1779
1323
4147
5649
1617
5630
8060
2579
845
5273
9796
5365
8964
7084
2499
2819
7480
3502
4249
9750
6042
4924
1088
1311
6341
5014
1213
8385
9191
6627
3676
6424
586
4656
9826
149
7038
6328
3251
3155
1411
8445
5324
1841
9127
4724
4145
3167
4361
9219
2709
2687
2267
3685
1994
3164
9911
9297
7667
3303
3716
7736
895
1480
4399
5917
2367
6426
1334
2435
6753
9264
9411
347
2892
1740
801
6462
634
8732
1591
9535
472
3121
4257
1440
4552
2042
3195
9913
3644
5439
2152
3732
8398
8536
7348
612
1512
9620
9279
7688
21
9224
2358
177
6520
4394
5122
2444
7686
114
3798
1133
2692
237
846
6578
4918
131
4449
1986
6575
6875
5181
1010
9766
2085
3792
2602
8616
1531
8224
6013
2715
4901
9344
7758
4222
5278
2646
6334
8412
8751
8133
1106
4733
6126
9235
6025
1158
7988
8388
9102
768
1958
2756
6541
5673
3978
4151
74
5059
6454
3589
9454
3923
7600
9754
4044
3656
5416
8684
6213
2443
2561
8531
7195
6032
3220
5405
2057
4189
8800
7850
4049
9878
258
4001
8762
4550
7756
9029
7458
1198
7295
9711
9858
2875
6574
224
1967
8386
2214
3512
6127
5773
952
2699
8158
954
8097
5284
5653
4484
4460
687
342
1238
3802
5586
1852
5487
5933
8346
9845
1257
2785
6941
4601
3308
2242
9364
3578
4217
5024
1905
7574
1631
2130
6543
6357
8981
5840
7476
1216
2095
3078
3832
980
1558
3040
1690
8212
219
7069
3058
3362
3325
5126
6884
7584
9599
7466
9007
5438
9742
128
2350
18
4348
8352
2055
3232
3620
7384
7732
9100
6877
1432
1211
5976
9472
2681
1077
2264
222
9800
39
1085
6794
2729
3570
2610
2460
4300
7312
9486
4267
9604
600
4422
9390
3812
989
6456
5084
7180
5101
2982
6702
2830
4167
9595
5249
2882
966
2088
9412
998
3760
1960
6761
1229
132
1352
8979
8042
8419
9969
4276
908
1418
5620
3747
1394
3788
5708
3005
7419
6323
4266
2411
4521
1972
7214
473
3367
2810
6501
3079
6727
7470
4897
3862
6130
8509
4561
4575
5279
7790
4245
9954
9380
2203
8575
2581
9312
3357
4386
2733
606
5255
3547
8553
6512
7471
6881
7829
8617
6230
7473
734
6826
7710
3830
4174
8591
8182
7830
4204
5965
6757
7723
3509
9296
8326
9666
7687
2486
7673
3353
3416
2713
1931
1816
1109
3206
1265
1978
4613
2466
7204
