561
2889
1019
1411
5762
8629
8886
7314
3232
1980
9385
2275
5731
7444
8488
3449
3460
5728
177
6374
3135
248
5316
4947
4676
3598
5486
9615
1849
165
5844
8906
7278
3009
7381
2896
9087
8638
4648
4929
7311
5606
8451
3535
1899
8821
1651
1797
5938
910
4723
7339
8265
1486
1490
6621
7923
7579
9418
8766
4255
1972
3072
537
6369
3845
4959
3750
3538
6281
1138
5699
8636
3883
6734
3466
5758
5318
5860
6500
5500
8785
4154
6030
5673
7688
1726
1546
5773
7747
1243
6700
7792
702
4928
4725
3247
3675
3063
6325
1292
8532
5150
3683
4538
7076
33
7625
9808
8699
2421
4437
3872
4415
4610
84
8315
2834
1081
3991
7494
5236
7800
6033
8390
7265
41
4074
4343
2023
5327
4991
2666
9315
6279
7468
7803
5934
1426
8869
3249
2161
893
8649
1967
8610
3823
8994
6208
9560
2910
8073
1788
5497
4619
7708
3704
5191
7702
3193
6211
4201
490
8088
3851
6708
5435
8827
3838
7014
6194
1891
7535
8313
7604
8816
5974
7991
1183
5013
2410
3482
8180
8860
3011
8581
1817
1584
7040
6129
9670
7412
6518
6868
8883
7902
8093
2373
358
1457
8902
5256
9529
3026
3767
2887
1472
8179
8174
5982
2805
8017
2614
1692
4407
9425
3810
6310
8110
8803
6244
3027
6319
7612
1397
8127
7140
936
2565
5289
173
2334
8458
5036
6737
3103
9454
8108
7798
7768
3303
6262
481
6236
9171
6321
7370
7862
1533
28
8177
8046
2596
1707
4871
7749
9647
5835
7135
2994
3986
2793
7693
4080
7006
359
1418
6320
1212
2204
9070
4743
5870
3931
6051
1995
5513
7661
6592
7420
9633
5220
5307
4624
930
7807
7931
3036
401
4061
1855
6679
7433
4669
4794
2332
4056
1190
7402
6503
8414
109
3467
1422
5990
5274
7650
2766
8798
729
2882
897
6582
9708
2782
9224
3019
2435
9164
8218
8202
7195
2279
6359
4638
5751
1494
7609
2307
62
763
6145
6392
360
9342
8585
8681
8890
1481
6949
3499
9201
7052
5875
1691
7603
7925
7621
8579
9419
6721
3041
3571
3469
2284
3682
7380
8462
5418
175
181
8256
442
8288
3977
8951
3932
4621
2511
9079
9036
6093
170
7422
1684
2354
5478
8671
2899
5509
6667
1044
9745
1067
8238
2173
5075
6371
3183
4101
6538
5988
9639
3473
9069
2671
2168
1866
4331
1608
2215
9666
8181
9660
6850
5677
7843
4436
8851
8683
3630
7095
5135
5205
4147
390
5104
3380
3794
6332
3668
6947
7048
8549
8067
197
5770
9318
9066
1209
4229
4461
6735
9339
2956
4542
5560
6924
7799
2211
9899
2924
9189
5510
5531
1882
4333
2480
5543
6233
1867
8596
5941
4258
2470
3524
7217
1003
5093
459
2689
4637
1400
8345
2732
1
5272
297
6085
1696
5280
5571
7394
9159
3171
4381
5447
1601
4073
6941
1512
9212
7340
3634
3484
7810
8936
9424
2130
1300
2828
1732
2844
3478
3608
1028
8299
7697
3792
6195
5856
4843
5598
8512
8259
3149
4812
364
3905
5084
3209
822
7547
8214
517
502
9140
1777
5846
4693
1241
8948
8660
4644
8850
296
6413
1230
3236
9648
5868
8166
2661
1444
1976
3621
6759
5853
7947
3916
1034
3994
5452
8634
807
7513
8307
4729
7584
9105
7395
1168
5615
4758
2097
6555
6299
8533
1118
9930
1770
7491
7284
9265
3483
2356
8113
777
9204
4247
3899
7182
8239
3711
487
7509
8130
990
9668
4540
1491
9132
8225
4263
142
1271
9414
1918
4528
9476
9984
4879
7780
986
5405
1719
3730
8253
2122
1959
3172
304
6677
7730
925
1026
853
6603
8406
6602
9549
7881
8962
29
5066
7958
8524
6928
6541
5771
2870
3437
6527
2551
1310
5357
9096
5247
6646
4146
7234
2203
3464
4808
2305
7541
5183
2935
1956
5394
979
7906
3028
984
5733
1932
9904
6098
2317
3708
126
7867
7559
8655
8128
8240
3843
6893
3898
3996
4584
7830
2508
1969
9650
4479
2851
4392
88
9095
7585
3686
4521
6380
5978
4914
6
4579
5597
4374
5419
6139
6761
966
9368
2976
7553
4051
7590
1493
678
8419
3968
2133
2063
6468
5663
3858
509
735
14
5414
8173
4654
3511
4652
7897
1699
9461
7733
1298
8167
1727
1612
3835
5023
6972
5742
6780
147
2879
1115
5554
1790
6366
8905
8375
8063
3096
5157
1730
446
2117
8080
5538
8502
5240
1766
7911
5954
5836
4140
7886
4003
4111
6815
3386
6289
8036
8576
8129
8574
4257
4046
8143
3279
6922
6454
2422
8296
6633
8466
4613
3359
3046
7201
7750
6113
1503
2024
7252
8607
1332
5761
3594
6251
8461
6563
6225
3791
7634
6434
4204
9040
4852
375
9784
8126
1553
8186
8818
4863
6304
5282
408
7351
6066
7907
8963
9630
5959
4324
6506
7965
2704
8229
2587
5777
4269
773
7582
2605
5520
4735
1897
4109
1057
6715
2025
4311
3960
3123
5133
5697
5055
7563
4951
6496
2521
1930
2085
6143
7032
7566
7879
3252
2529
4186
2678
111
6256
7835
6876
3763
1415
5197
9605
7795
9700
2036
395
2488
980
5208
6406
3342
8937
3676
5569
2441
2758
5602
9018
1047
3516
4299
5058
6396
4970
8392
3504
5029
7197
6763
663
6963
8950
971
1991
7921
2653
7770
1120
2903
4937
1242
8735
1080
7097
4253
7239
7663
6061
4829
4226
2408
217
6037
2654
7102
882
3071
2866
7736
4421
933
183
5068
5550
2668
9134
7009
3158
409
5767
9559
9284
5753
7788
3814
7898
7205
1625
1101
3948
5600
7279
5152
4372
2336
19
5372
1250
8879
3805
6919
7858
2325
9395
5877
1934
2925
2072
4749
6015
4943
3139
5425
8234
9802
1353
6647
4772
3447
2254
7825
6980
3248
2764
4828
9412
6916
2531
9017
8758
5437
5464
5127
6248
7317
3042
8856
5056
2629
1175
5862
5361
1112
3699
9353
4305
574
347
3896
6756
1510
1589
8857
5077
4351
3191
5714
1955
4280
6495
1894
4354
9520
8529
5393
7826
87
6110
6989
8824
2034
4289
3429
6805
9572
3456
9935
7757
1836
504
7937
9568
1256
9512
2600
5991
3002
9479
1186
3908
5460
9165
5928
3607
4990
5450
8517
5121
449
581
5446
9364
1844
302
4490
9088
1859
163
8708
7548
4755
5632
7926
718
8986
4126
5588
2949
644
8368
3376
9667
9968
6333
668
2753
3945
671
8405
8091
5265
231
3427
510
4380
3064
312
1607
7783
8325
1410
8104
5740
9121
153
3697
1146
6811
8039
4709
7699
7600
3854
3378
4979
6744
3914
305
7482
8210
4195
9820
4515
8274
336
2323
4316
7056
7851
6016
1231
526
2306
839
9014
4583
3436
9139
8314
6632
3432
1586
4810
8844
3954
3461
1417
4470
1460
3654
846
5901
3176
5002
4597
6253
3323
4
2273
5284
7117
3286
8269
2415
2269
6035
9408
6810
3401
8015
4963
8351
8989
5904
2900
3114
9505
8476
6865
3662
3715
6707
7231
717
1133
2569
399
3416
3213
7328
7098
913
7707
6739
3521
981
9060
7373
308
4081
7726
6638
5432
4099
4341
2617
1857
5897
2553
4279
8889
5242
7761
9793
734
8006
4439
1508
4209
1786
2221
5942
3261
5202
6613
3909
1807
3732
1911
8863
557
0
2202
5380
251
1260
6111
4292
4618
6235
9567
9546
7644
1850
1391
2652
796
7151
3120
9450
1670
6530
8115
8888
4002
9429
4070
682
5241
6591
2462
6435
4228
1114
7840
2375
5147
2717
7378
3978
7246
6648
4809
1330
68
7775
6032
7190
9604
5108
8882
4660
5755
452
1977
6123
1372
2803
9656
2804
7819
2700
5939
6698
7737
7264
6278
8793
2201
1767
4926
6249
9713
1022
1251
9524
3807
798
8050
6309
7487
9651
3965
284
4469
1308
5206
7455
4750
7849
8736
9533
7542
1394
1983
2071
4028
7519
2741
2180
4701
5505
3062
4296
8254
9831
8075
5033
7617
741
4375
9145
3902
2293
4455
6863
8569
3832
2564
2920
2642
739
920
1203
2726
3224
3500
2601
5138
3821
593
7479
7086
9709
6274
7275
6229
6242
3720
8704
7856
2213
186
3404
5060
1776
4766
3300
9076
8838
8318
3844
602
7308
4713
2819
895
6534
9423
7929
8797
1752
7457
9054
7990
8175
5211
3173
1610
4996
776
4029
1618
2193
4371
7499
7144
782
222
4273
8695
5640
2963
8895
52
4883
8653
9027
4072
2076
9939
4037
3486
8571
5690
49
1623
5210
8678
6516
250
2812
2046
1566
4565
6106
1065
3133
9445
4187
2615
3257
937
4131
6887
9960
2460
9456
1687
1434
2079
8132
7132
8506
8751
7778
1595
8652
6078
3061
8622
6267
1496
3859
5694
9374
2342
7454
5022
3253
7281
2074
8792
4978
6183
9584
7632
3553
5054
480
441
4903
8616
7310
2195
3277
752
8119
5400
6302
2960
425
2556
9573
6519
381
5589
5580
1937
371
9064
1288
1557
6347
5812
5067
8984
8499
9778
2194
4078
1636
553
9319
3557
1606
7624
6732
635
4313
6655
4210
8434
5070
8788
8018
5116
3335
3059
601
706
1089
4285
6585
9382
7497
7243
9503
3347
1634
1910
704
498
4124
1758
692
9881
4235
4874
1387
2276
9110
7811
6384
8165
7854
9268
2735
6801
3661
5759
1749
2775
8394
6124
2586
8100
7985
9591
2557
4568
799
4284
1305
7087
5451
8955
6951
455
784
2542
7342
3923
1202
6079
3221
8710
6844
1380
8057
8037
5173
1235
3316
1626
1286
4033
7677
4276
8226
6701
7995
2385
7220
5879
6913
4185
8008
8258
4202
7821
5930
8363
1095
9537
947
9526
8791
1827
3812
1741
2516
583
8385
829
2655
81
891
2606
9104
4900
6314
6813
4336
5971
6794
5122
1712
4496
2809
8595
4044
3145
2679
6483
2536
6917
1364
6057
754
592
6548
2618
1385
1011
2061
3417
2892
582
3298
6163
9128
1907
3618
6517
819
2627
8106
9210
4747
8083
6437
5449
2737
4614
5833
74
3848
4355
220
5290
7716
6390
612
7599
4908
1099
4763
7946
6762
8740
5254
2863
3160
6918
1782
9092
4326
9866
7845
2796
7656
4451
500
9867
1237
8011
1189
2715
2166
1037
2973
9404
3657
9763
1878
797
8302
3487
3817
896
2103
4716
5623
912
8465
7915
8872
1885
695
4514
7416
2244
3235
3015
7872
3576
1936
9561
2986
1982
2140
6971
7809
6953
1920
5225
3780
8589
2541
2115
5292
393
4602
3958
10
2209
1193
6459
9377
3804
8953
1107
5253
7452
7268
2928
1716
4306
6999
7386
108
8276
4282
5007
5482
2534
9272
3343
9849
2662
7723
5080
7637
6686
5894
9343
2402
3118
204
1954
1737
162
4842
3241
4271
7128
9995
8421
7236
3825
8582
2362
3475
419
1869
5565
6717
4776
2833
7101
182
911
2996
8995
8508
2736
6821
9161
7345
5466
3424
5961
8911
5126
5992
9901
5317
7790
2294
5474
6443
7565
6954
4569
5769
6993
2391
1477
3445
3602
6169
954
8247
5412
5754
3938
2645
9098
2857
3348
4930
7834
1111
4168
1058
8120
5586
5261
6286
6499
6856
8323
872
5356
3836
5865
4892
7545
2359
5923
8944
4576
5373
8663
1137
691
9041
1090
4205
1896
5719
3453
3192
8151
453
8112
1159
1149
4721
3695
6881
8822
4980
7262
9974
7364
9282
5516
1473
385
6505
2921
8728
1792
6751
8364
5047
5190
1746
5636
1909
3476
8309
5314
7414
3136
5912
4617
9324
6738
7831
894
8521
5887
6487
1319
6491
7208
5512
1009
5660
5717
4888
9746
7321
6587
1435
7474
2779
1074
2499
637
477
6888
9459
9249
948
9372
7158
1653
8935
6214
2267
6790
6429
1059
2876
4646
4197
5819
4915
3873
8271
3787
8759
5863
7090
8248
5303
1459
8714
4227
2259
2708
973
9858
1714
3301
3332
3987
8055
3462
1297
9519
1876
7330
7968
303
7302
4488
9073
307
6976
9355
5873
3049
6725
6819
7846
4838
7537
4924
1997
3328
2962
1605
7997
3988
7932
319
2484
9303
3944
1945
2118
8750
3539
5461
257
6753
6960
7555
4152
3068
291
6572
6959
5329
5558
9101
4606
6416
6594
2455
1279
1162
9729
2838
4222
9598
7004
8335
6690
3083
9671
1529
8706
2148
4143
513
2610
3664
803
1388
1425
2760
7955
9345
6398
4865
3100
603
8142
7808
4310
7257
7448
5119
357
2392
3700
2247
1944
9222
664
6140
3211
8707
6901
2877
8993
4823
9009
4675
6430
599
1017
6660
1302
8095
1805
2746
9954
6546
6674
6212
2961
3589
6199
3385
9024
1624
6656
7889
9346
9323
6531
4172
8565
3339
7613
5549
5021
2171
2463
3044
2412
355
1281
3616
9416
558
3964
9391
5972
6488
8518
8352
4067
8010
8474
2579
8746
4668
6755
6812
8154
972
5628
2255
4108
7630
7534
5559
9669
4020
1252
8978
4438
4115
8487
914
8300
51
2448
675
34
831
2226
4684
1278
6843
816
1383
6624
473
3678
5358
3970
9072
2476
2260
5223
3199
6979
4560
4550
8026
9428
4022
1846
608
9074
7713
1484
4508
932
2917
4464
6921
4834
7673
9122
8662
3313
9402
578
5490
466
240
3039
9511
2894
2574
909
1813
4456
9207
3581
8815
4041
3188
5480
3540
9051
8224
4909
9137
4079
2738
7442
3850
7002
9893
6438
8548
2714
6769
9704
5407
9550
1321
4643
7987
8769
5813
5166
4504
1119
6400
6998
7237
6410
4953
3329
9770
2139
2440
8467
4789
661
1603
9735
712
9563
4026
9947
3906
7918
5889
1226
6627
391
4494
5278
3739
104
7027
4198
8592
9634
5457
3719
2933
230
8365
728
3218
6635
2974
4211
8123
9186
1833
6448
9220
3609
4667
7091
3831
8445
1275
6331
3208
5248
2032
6292
1463
9270
2230
6405
519
4245
4307
8852
4472
5669
1996
848
5015
245
6485
5417
9246
1121
9739
7042
8842
9497
9920
6100
2007
9949
6481
7517
3275
3333
3578
4800
1551
3886
2290
8455
8697
418
5100
1662
903
3696
8235
8557
7108
3555
7270
9982
4497
7964
9358
3784
5903
7207
9215
2485
1454
5667
1349
9846
4130
8478
4653
8389
1327
4913
7765
6693
1314
8492
2405
4077
7922
6580
9958
7727
6243
6247
8156
618
677
5738
9117
3227
9827
9593
2382
1188
2075
7640
7074
1809
3308
3006
3688
1350
1431
9194
1269
7409
6196
1745
6508
1851
5081
167
5851
6337
8349
3030
3330
9441
7561
4267
5975
5301
7134
8637
5555
8430
7353
6171
9547
3778
9938
9218
5647
2786
6896
1345
5062
1803
8761
3045
8196
71
2659
8772
9
4976
6570
7961
9803
2006
2639
5658
1947
9120
6903
3465
8504
3754
6411
2060
4010
2589
8541
5276
8291
2236
4442
9433
5818
9221
8536
4581
1880
372
2093
6521
9179
1518
3842
5110
902
1562
883
2389
8199
2756
1072
6221
7227
2842
1649
6955
6781
6969
4275
584
3585
6564
5398
1773
7315
495
6691
1728
2413
5469
5230
3698
5074
9684
1117
5310
6571
3961
7164
4761
9616
2622
6634
7110
5397
5866
9430
5212
5781
7910
3724
7031
8387
1455
2778
2179
5605
6609
2788
9931
2299
7852
9202
6905
2250
6116
8580
9764
2734
7276
294
2172
3338
7333
9492
9993
1791
3829
7073
7824
6351
3310
3679
8732
7903
7568
102
9580
2543
4744
7486
8331
152
6478
1050
8631
4001
6463
6864
5837
5454
4788
1739
3134
3113
7436
8997
6097
3593
625
5639
485
2341
2253
2322
9788
7857
7904
7047
9838
670
4650
6827
9458
3407
5109
9912
6014
5907
2979
6522
9557
6315
3617
4304
6668
3803
721
2019
9966
235
5970
9775
4710
2395
6204
9962
7131
9370
4582
6733
9175
7218
9238
9004
7170
6224
6180
2398
2312
3200
4225
5687
6275
9977
4994
7010
7880
4507
6731
5578
6202
3727
4950
1931
8084
1724
2585
3337
9007
253
638
2478
1328
6900
3381
904
4151
59
2795
6985
3956
942
8738
3984
1560
8217
8627
299
464
4397
5790
8924
8976
4575
9048
63
2657
207
290
3220
6694
1783
8158
5536
2157
5828
7289
1036
2767
8633
2554
338
6543
4068
9870
792
1354
8042
2939
4262
2282
4639
8819
394
6210
2111
266
2159
8646
4661
2798
2581
1681
5814
6295
2759
6377
1437
4260
1219
2427
1542
2452
8481
770
3023
4548
4141
3051
3239
4964
9841
4927
8507
8410
5218
5082
97
228
9063
2078
7618
5160
8942
3549
5838
3801
9313
6452
8153
8381
5730
3855
843
221
2549
8183
6284
6791
6764
3985
1436
1439
7209
6914
479
3296
6234
9468
4308
1742
1199
8721
5427
7168
9755
5034
8854
8204
1528
9216
3689
1800
3726
9906
125
7066
7215
8099
4112
1593
3995
8814
3620
4543
1502
2436
7363
5633
5880
4878
7734
3867
5165
8501
7077
3288
1740
3543
8712
3088
944
2526
127
6372
9127
3963
9371
1765
1974
4180
282
9131
3798
3251
9564
8453
1987
242
3878
2464
2123
8770
9986
3163
4857
1837
415
8147
2836
9011
9707
6146
4119
7672
1609
3687
5994
200
8019
8802
149
7269
1035
1000
1815
6838
7045
5798
2496
4047
9599
7787
7387
9508
6878
9050
5339
1125
4625
2872
9523
9836
9482
3534
389
5537
2797
2283
6520
3951
2379
1467
7429
8947
7950
6523
1711
6547
1306
5577
9945
3459
1927
9813
3502
5366
8720
7839
5872
6614
965
3599
7092
361
5631
2660
3936
8554
5335
7383
2057
9061
8909
1993
4315
2394
8540
9055
1676
6072
6631
1513
7619
6787
420
4066
8568
3514
9455
9658
3007
1414
287
4487
199
4054
1116
9409
7996
522
5530
6165
8124
7175
4105
2291
1718
8713
2754
6308
6349
4556
6783
1548
3132
6189
8232
9496
1577
2984
4052
4796
1872
5682
5920
370
9853
4696
9594
8577
8623
2163
7649
6992
870
2352
3545
1854
2222
1352
6943
7502
6845
5320
8362
8626
5052
5321
3080
6475
8922
5016
6376
2304
4057
8338
3590
686
3271
698
7735
9985
4700
5159
5406
426
8486
5713
9262
3816
8176
559
652
3048
5291
8591
4578
3010
9147
5349
6639
3161
3597
8138
3626
431
8774
3143
1789
2697
4420
2027
9035
7347
4325
2471
8170
1108
6944
8301
4520
9006
5187
8954
9447
9335
8433
5678
7833
6946
2702
9862
4832
7893
1143
1933
4573
9263
4234
276
9522
9481
8572
4236
3756
4223
7614
1336
6793
1123
2825
7348
9518
6431
2475
8904
5485
3940
5684
4452
4335
835
9752
2620
8873
2510
2028
9611
9826
3648
9715
9264
6986
4945
6449
7067
5820
6743
6245
647
8194
4495
488
1753
5174
6192
4443
8756
6549
3508
5343
6966
2082
5665
6200
1588
2443
8700
1006
7035
8931
3614
9887
3497
9952
3087
4388
545
9028
906
133
823
3104
5141
5825
1048
3889
5319
855
5255
5043
5702
8137
1092
5099
2346
3877
4522
5009
2437
4252
9643
8968
4363
2761
1255
3365
2931
6215
2080
4570
9540
143
5621
5229
443
2383
9146
9618
8396
1906
9799
8940
2189
8870
5768
9501
1942
4030
3372
1975
31
5071
7247
3579
1523
8266
4972
7972
2871
8970
8551
4509
6558
3629
6695
2695
3219
8833
3086
8102
491
9434
8125
4320
7088
2246
9317
2198
7802
9548
5198
2965
2187
9200
9474
3644
2968
2449
1113
4329
3562
4463
5294
4995
7596
7741
3802
4359
7120
2771
6197
5620
5705
4623
1351
1506
7518
5927
7078
2150
5791
2780
2136
1697
2219
5264
6982
761
1951
5413
2980
9934
9719
6968
4137
8779
6797
260
7329
7000
9850
9254
8049
3723
9500
6404
2850
8590
1323
3542
9527
4338
6930
7655
9919
7319
1482
9702
6814
5382
2400
3452
1337
30
996
2444
8233
1475
5898
5918
8733
1416
9972
6617
5164
5642
2403
5666
3189
1521
5266
7715
3315
2744
318
2251
2126
5567
3414
236
5443
789
4681
7060
6457
7020
1604
3210
9541
4952
5539
4192
7385
11
2107
5269
5312
7232
1285
8599
8149
3090
5599
2160
4948
225
8691
3491
2611
4685
2170
7525
2841
4411
3254
6182
2770
8952
7438
5757
9208
4373
8868
6083
3441
856
8717
3751
1408
5090
5498
179
6287
2145
8339
218
3919
3604
310
2503
8684
7203
4327
8813
535
8321
7084
6934
7023
150
2368
2859
6650
8920
115
7675
4628
1781
9000
202
9001
2235
590
9964
4665
6936
8973
4662
9521
7274
8563
1672
7295
626
3660
4183
2677
5695
3276
3287
4144
7282
2015
4134
6978
3560
9449
707
2563
1583
2895
2272
2852
5072
4906
8377
8583
5243
1366
1498
3828
3415
5796
1325
2571
5057
1673
3047
3147
8878
8469
2369
433
3615
9286
9298
1801
4064
5252
6343
9485
5232
3130
8687
9640
8544
9356
6076
3168
8471
5643
467
3268
9825
5968
463
8159
1661
8537
1834
4129
9071
2339
560
9678
7202
7253
4040
9514
2723
286
2527
576
7431
2128
8550
8244
6207
2628
4387
3174
1263
8829
1573
130
4428
6995
3506
9701
5526
6276
6138
363
4609
6135
8853
4445
9211
3471
8329
6754
9602
9427
209
9276
5998
8685
9583
216
8496
8450
5832
8032
9295
701
2748
1412
1129
2674
9278
3410
1905
4607
3468
8255
4337
8639
1344
4426
7464
9642
5803
565
9363
9600
2816
7392
7068
4089
2101
2016
6897
653
5661
1025
6154
5736
8417
2225
7411
8602
4537
2694
579
7241
5508
5881
7994
6080
1841
1157
2790
6421
5441
6772
8534
9539
1407
1938
373
9538
3057
96
2162
7248
4594
4904
8609
5635
2084
5917
9944
8535
3223
7626
6049
2515
562
2684
743
6573
7384
5618
5784
9888
1134
5115
8441
4193
633
7324
8763
9782
1441
4944
1889
3981
4239
2091
7421
9030
456
2706
4120
6254
7870
2820
1239
6524
1046
6122
9290
7512
512
3546
2212
6063
2633
3738
1898
2709
5337
1646
2196
4562
6379
6077
1935
7993
3525
2981
5706
3656
791
516
9609
657
6168
1868
8145
9020
9723
2407
1228
5293
5893
158
156
5701
6127
3681
80
2424
8284
8330
8835
9486
2492
7105
7404
923
7863
3893
4714
1812
2456
7536
815
1453
1476
2846
4039
1063
8526
9741
656
8716
3586
9100
1178
1468
5194
9810
9924
2624
4297
1708
7450
9506
9155
1267
9588
9621
2406
2364
7912
7538
36
8724
8884
9913
9176
6716
1478
1420
3717
6511
9022
8172
2501
8730
3035
5123
9936
9860
7657
683
1814
4459
6075
2040
3162
6623
3628
6282
3155
5204
7635
7979
6436
9767
9794
8987
9058
1007
9714
9154
6174
168
2110
6619
5909
5984
6644
9217
3671
9245
1264
1543
3238
5962
6867
9876
7240
884
3295
2280
4813
8743
2609
9917
8281
9299
281
8044
5411
8470
3556
7930
2418
6486
4523
9987
3935
6391
1769
9832
2174
6974
5890
731
8062
252
5131
2372
9116
2393
2051
9545
25
851
2428
595
6006
9687
3206
4997
7161
2240
8404
9226
5756
575
4704
6713
6064
676
94
1331
5083
172
4589
6712
1272
9851
8029
2450
9443
2164
6258
7865
8273
3864
4591
1051
1027
6704
1750
3121
4671
3627
2626
6736
6766
1656
970
8865
7059
4518
5182
7743
1358
6629
119
1666
5300
4707
5203
3584
688
4869
3093
1704
1721
6238
9848
6956
6831
7423
1229
795
4060
7725
6364
7362
2696
2940
5783
9879
1515
4629
3612
9244
7419
591
1217
7260
9484
1501
7756
6697
1127
9067
4328
8007
2545
95
4690
6782
7836
9955
5845
4916
4177
8386
3389
8765
1774
5396
4711
7149
520
5826
7591
4666
3108
9720
6641
4360
7616
2002
7228
5433
5392
8674
8438
7472
3222
4738
7352
4086
7977
185
3631
444
7039
1338
484
1329
1208
4049
7511
2487
4524
1968
8874
3423
7116
8472
5874
1068
380
2595
229
4501
723
4780
1153
3217
598
4270
7301
2008
3017
9015
9555
7396
4454
2134
5552
4592
7776
5213
5579
6983
2302
2018
7623
2966
6389
8297
8776
7410
3799
732
3643
905
5630
2114
4344
429
145
8795
6062
5391
6880
6385
9779
9916
4612
8604
6723
5532
3781
7583
9773
9075
6373
2519
2344
794
6822
1970
2109
9169
6825
7365
35
1823
341
8908
2813
5581
646
7405
8666
9126
1642
616
9750
2287
8990
18
1341
8457
9269
3577
7905
1098
4460
5156
9129
711
5277
1620
9601
6545
4171
1582
8587
1194
311
2599
1720
3400
8921
5878
9510
4876
7123
9410
331
1392
9969
2731
5541
4218
7358
660
5977
6263
5933
7154
7681
2401
9722
7415
1322
3824
8203
7490
6804
6028
9019
1140
9829
1008
5348
7948
1218
5922
9652
9049
8287
5810
264
6476
8969
4635
1371
238
8513
3179
969
9457
3408
1717
2884
3973
2064
9821
9483
813
6354
4288
9662
2149
1734
5852
2608
7022
9681
4274
3140
9349
8804
2014
6792
2217
482
7186
5830
4475
1409
5378
1061
3231
5042
5079
8001
1756
4167
8101
1960
2380
3670
2649
1946
298
9392
9646
1886
23
2047
2113
5458
8737
7103
2907
3395
1554
1541
5644
6307
5691
2399
7543
4277
6729
7211
4302
4737
6935
2310
1693
4574
3422
9089
5285
1574
9925
950
8996
9699
9163
5389
6622
3245
6740
9081
2548
112
5735
9513
7180
8892
475
5924
2277
9225
6188
5902
3694
4254
1039
7970
1100
9437
4541
6927
5553
5299
5514
781
7531
7286
7895
9021
3369
1346
3588
9421
5048
1943
9205
7142
4814
8709
4894
3558
9046
8021
3863
2186
9685
9093
2500
7943
3184
330
6296
6176
8694
762
9565
9923
3666
4365
1764
8264
1787
3888
4686
1312
1879
589
8168
8439
8603
6504
6933
3507
3833
8871
508
5721
2387
5551
5177
7245
1654
5858
4502
3266
4191
1395
3109
9990
8992
3352
1998
1433
9373
3420
9530
3813
7204
6726
4677
2238
4346
2481
8033
7388
6607
8279
7309
2964
7680
1185
1621
4881
7337
4544
2989
2632
5587
6162
410
4728
4156
4096
2944
2037
1723
6114
6112
3084
7729
720
9890
1257
9300
6363
6588
4636
7597
7569
3496
4301
9078
6973
5698
4821
1259
4634
2039
1779
340
4703
2835
5259
8289
9792
9206
7605
8849
8012
5947
4427
1126
4983
3809
193
8624
7320
6094
154
4489
6350
5876
8051
9636
594
964
5040
7166
1192
214
1957
6128
8282
1176
5527
2873
9880
1522
5059
4233
9843
309
3085
16
9852
6425
5106
6056
1570
4135
8839
7573
1379
8862
9737
9257
9348
2860
7229
5712
9978
9405
6052
7019
2901
8677
1458
1293
2143
4025
6133
4098
288
9302
3472
3870
4237
3353
3280
5671
8190
2906
1948
5637
9997
7401
4890
9241
6305
1187
3526
2465
3989
2371
1559
922
5024
6967
6605
8435
5932
2954
4774
1902
4422
1448
4941
6453
4736
6683
2338
5064
344
8293
745
8456
9435
6353
3430
4019
8531
4811
7648
5523
5899
3741
6074
4790
9487
3299
7343
9466
7875
5390
9053
53
7434
2864
9375
6327
5381
5529
8855
2438
384
2942
8846
8731
9125
6940
1070
7674
5652
5937
5850
4797
938
6705
3399
3937
532
9283
6386
9874
3302
101
3144
9057
278
3177
6230
2327
724
3637
4403
2095
6414
5089
6462
6937
9080
5207
2466
9780
8262
6157
5746
7335
6662
4626
5304
1820
9991
2333
3771
5557
1393
1181
1731
5782
9570
8527
5011
4097
6096
7706
6758
6923
8065
7567
4851
9005
5895
9118
2096
7192
9469
571
1924
2908
2912
4517
1669
9980
8009
4503
1913
2577
5219
6447
5625
1870
1173
24
3920
634
8249
9379
6657
1682
9907
9034
1816
3440
9941
5940
3839
7291
6455
6581
4724
2378
2698
5654
2791
7126
4432
3443
1581
934
5511
2367
4615
8998
5913
7072
515
8078
5655
1427
5750
1917
5711
1810
5948
1075
224
2676
6795
790
17
1030
4741
5345
5864
9629
3479
2751
5171
4672
4801
3216
2127
6164
2153
1060
3094
1294
4534
5495
1428
5789
1220
3782
6109
2969
2089
808
4118
7694
2017
6835
6268
6378
3244
2094
766
7658
8926
2890
6788
7070
5969
8491
7571
7546
861
3490
9682
9464
587
1015
6360
4845
3409
7773
2473
4184
9627
2578
234
4719
4787
1940
528
7876
3651
2693
1544
8858
9394
5952
4250
8558
7137
1916
6540
5428
9686
1832
6089
8530
8227
1215
8066
8437
7652
6528
9787
2185
5091
4457
650
929
2625
3673
9868
639
437
1808
2227
3740
2801
6185
2559
8332
1029
8220
3425
4984
2206
2216
787
6153
1031
8374
4895
6929
4385
2068
2104
6316
5841
2997
881
7611
5463
5012
9135
2755
5069
3772
4664
1362
1558
8566
7714
1830
4342
6770
9807
6259
1688
3551
3520
9002
1683
5105
8698
5169
2073
3837
3685
3293
5732
869
543
3641
9489
6004
3033
6671
1550
1729
6606
6752
1403
997
4757
3070
4368
6387
6409
6179
4441
7924
9133
7081
6596
3361
9638
5964
6130
9366
928
8480
544
1179
5267
6250
7150
1534
57
1678
6568
2522
6598
5592
8245
5336
3260
4206
6099
129
879
1671
4960
8337
871
1466
5005
20
3800
2308
802
7842
7417
2498
9045
3624
9480
541
6270
3990
7453
9247
2826
7781
3706
4632
3875
7376
7115
3169
931
9543
9153
716
3066
2331
7021
9592
5562
6142
6510
7909
7127
8446
9680
5739
2725
8369
2853
7013
3788
5288
1465
5484
8672
6742
841
4826
3753
8806
1860
233
6874
9756
3942
8588
5246
1238
4133
1277
8372
5189
136
5609
7053
5114
9052
5650
9389
7829
5707
9765
7869
7598
4564
3979
4278
7981
6560
9362
7544
5422
8459
118
2829
5360
5542
7011
8485
8076
2712
6542
8891
3998
3971
908
3341
1965
2821
4350
5027
6344
3097
3110
3013
3786
1526
1848
6000
5811
5006
6155
7719
1266
738
7501
7847
8561
840
7163
4839
834
1694
2119
9446
8754
6228
3569
3382
4590
3947
4076
8454
3860
4532
6025
3421
9381
6685
6938
3749
9250
6071
2311
246
1161
72
9086
9625
2504
2941
1703
9023
1835
8784
1614
3680
9285
2365
8082
7244
9124
2783
7860
5424
2555
2045
7085
1001
5384
833
3388
8787
3691
8606
1369
1713
5570
1032
7214
7837
9431
5324
8543
6832
6065
1793
6926
7206
3713
3595
9190
6412
2329
6932
9311
9400
4506
7390
4042
7293
645
7533
6765
5675
5445
6676
6009
3477
5273
2707
4649
6950
5638
2566
486
337
6818
7459
6318
6847
6136
6566
4620
7855
4353
2178
45
3311
4430
4399
1313
6460
2570
5334
3758
3428
5976
1575
9717
7489
1517
3285
2886
4760
4641
5344
9878
6882
6147
5788
7957
460
2995
4659
457
8929
5534
2242
6407
2927
3115
3180
6779
3922
3345
5854
5429
5365
4553
7212
5262
2982
2108
8497
7828
9963
383
3774
4605
2814
2483
255
6040
6050
7167
6604
2137
5945
9188
8187
3638
1151
2328
9307
5347
7367
2112
461
1087
2972
4117
5808
9891
2265
1360
6068
5073
2799
9728
60
9237
3186
3111
9736
8448
8482
6046
2936
511
8408
9259
8146
2667
3573
555
9502
4841
2743
5612
7169
6696
7520
2977
1507
2849
5805
1971
9082
6301
1406
4631
1020
1798
9721
6103
3552
4023
4018
3852
8913
5063
549
6890
9417
6535
2425
5088
1224
7290
1864
8745
1811
1516
9766
3412
8560
6306
1169
5900
6907
397
3537
6911
5807
8359
4989
9566
4580
4170
5686
9336
2358
7806
5993
8428
4695
5943
4859
6021
7692
552
9085
1826
7121
6424
1949
345
4683
8310
9465
9753
7684
3592
4554
6688
1361
3652
1617
8801
5172
5967
880
3203
6870
9229
9383
742
7292
4142
9142
876
8118
2998
7177
1142
7024
5727
3259
956
5209
8197
6589
5564
5670
2720
6397
1419
830
5726
9316
2509
3563
2033
6001
9828
2477
7484
6909
5143
4861
8442
6861
8195
609
2729
6601
8643
2313
5776
8089
8074
8654
9327
1652
9062
329
3684
9507
5199
4434
5144
7071
9043
9688
9970
3884
6355
6237
4536
9033
9248
4423
4931
7695
534
9596
554
642
9676
494
5708
7978
4179
722
2
5611
9948
2517
5748
7700
9795
6352
7118
6039
540
3153
2703
3761
3550
7178
1085
9322
5196
3190
7962
5346
8324
6839
5869
4486
7493
2763
3895
4352
1480
9436
6173
3274
6551
5827
4850
6383
8644
6041
7973
3304
2762
9943
2447
3924
8432
3871
55
3587
7015
6029
9946
857
2433
2169
654
417
9614
9817
672
4102
5802
1054
5997
7785
5871
951
2822
8384
8999
7399
4824
8069
4416
3240
6104
2030
1962
4756
3918
7949
1291
7344
4389
470
7369
9710
3198
6451
7908
4200
1485
9059
7832
1386
4577
2562
5596
596
8150
9892
5338
5576
3269
624
5245
3532
4265
5408
3759
91
321
9256
6464
4220
7877
3195
5409
2806
7113
9432
169
8412
890
7483
5950
3885
8198
3492
2414
7871
5847
8971
3327
3018
5886
6148
4406
9488
8967
3357
3869
779
7119
867
9083
5436
7332
161
2540
8178
4912
3278
5107
1404
243
757
8096
3999
5168
4954
2567
2077
2207
9440
2262
655
313
8749
1171
3910
5540
836
2396
8810
4088
5415
5139
8004
3702
4608
7471
2883
7662
4771
6150
4600
2699
5979
4599
1877
9875
3672
775
3632
9365
7495
9747
273
6285
9115
9620
7018
5200
2309
44
2404
2132
7578
6544
6439
5179
3997
3060
6803
8960
1489
1563
2495
6872
4762
7285
8020
4482
8945
3930
3522
4249
1785
9798
3636
2295
1587
4401
1389
564
9010
6158
7744
9515
3166
1743
8651
2971
5795
3074
4886
6643
2774
9310
7114
1615
651
4827
6842
1761
5129
7139
529
1164
9927
8538
8673
3567
2300
6836
1591
9380
3705
5045
2651
292
1631
3764
430
3150
8489
3350
4873
8632
8830
411
9552
6118
6666
1038
3874
6357
3501
6875
4706
1514
4330
7861
3827
478
8348
6090
5506
5153
339
1370
8371
3307
1893
239
6239
2431
8570
1964
1598
7945
4011
5154
6807
7446
4281
2915
5101
9675
915
5653
9330
8675
1347
7326
1365
5192
6687
3707
7989
2718
4394
5793
8553
6728
5911
9039
9347
6859
4309
6362
788
7823
6586
1640
1892
9553
3503
8022
346
2810
4370
124
2955
8808
1357
7864
8771
184
6115
4768
9844
9376
7594
2832
7312
8152
7653
5250
435
7055
6469
5103
2757
9674
1861
8366
8056
8261
4939
6637
5867
8087
6719
6010
5086
4362
8464
6023
4899
4880
2635
1104
1579
6002
6322
295
1842
5286
7885
2055
4557
7413
6101
4526
2376
606
9883
952
5834
7817
3716
7752
3755
8834
8500
1706
7361
7508
7063
9914
3690
4293
710
2815
7813
2388
7183
3808
8648
4987
4803
568
4148
6653
8528
5065
2231
9305
7636
9077
1953
5155
3098
8930
3373
1010
7136
5983
7375
8786
4356
8983
9209
1311
9871
1045
926
7615
6219
6257
6044
1702
5617
9791
1082
3926
7065
4158
8201
323
749
4259
195
1875
7762
4035
694
4444
3142
7984
7460
6577
2593
4110
5376
8934
5619
6034
9172
4754
9617
5656
6092
3529
9181
3952
271
5257
7233
8778
2479
208
4162
1853
48
1919
8343
3454
2719
6513
4334
1024
1775
2582
5519
412
7742
3243
9768
7526
2493
3264
7200
2248
4465
1992
1888
8959
5076
8495
5821
8584
4694
6512
852
9994
9777
6047
1156
1170
7848
8070
9886
8600
4159
7507
9334
2458
1921
258
9953
8656
135
2673
3101
5535
3129
8760
7651
2482
8519
7805
7593
1925
1213
5704
2454
5375
1966
6161
8630
3325
2502
280
8391
1096
1686
7646
5634
2035
7504
2690
8640
2868
5483
6575
8832
9214
2957
4153
4071
6117
3439
3966
2026
8382
6664
4896
5855
1083
2355
6908
3270
4837
4680
249
4493
69
7225
8823
9166
7485
5102
8705
432
9644
2680
4961
3433
5591
9863
9835
940
3882
8305
9192
1227
8212
5919
975
5692
93
9329
7654
7500
9872
8605
8567
8333
5662
5885
3056
78
8831
335
7356
6479
327
2675
7049
9585
9196
1578
7575
9932
1874
5238
3156
696
3733
7722
54
2197
4998
3777
7709
8928
2576
3363
5051
2623
1201
3736
685
5279
279
6055
7157
9099
1055
1442
5493
5136
226
4547
5603
759
1685
86
5999
6866
9297
7435
4922
3078
2316
5025
4215
4777
4533
21
3600
5050
7323
7753
2904
8360
5331
7791
7469
5645
3435
4688
6300
6422
3725
6266
1405
1895
2167
4384
985
8035
6418
9509
3055
9111
622
1363
454
4734
7359
2535
7196
174
7418
7642
1147
3928
6757
4241
8292
7393
6151
7638
6216
42
7439
2807
352
7470
2911
123
6252
2918
9038
2514
1094
8171
7496
1320
8403
8741
9532
4418
2491
367
8250
4891
3457
9942
4212
6858
448
7458
9910
8805
2417
5544
2874
2823
2637
7797
4395
9571
3391
9732
4529
4021
6981
3362
8820
3229
6342
5745
2319
3242
2607
1819
7588
8509
7710
4712
4038
6774
8689
1148
5840
1056
1952
3122
1093
8828
4720
1973
6837
6088
2951
9769
1248
4748
9645
9422
1622
9896
6473
9228
5572
2218
2811
6608
4224
4932
300
6226
73
75
7259
1429
1585
5385
176
2281
1150
4627
6567
2687
5120
7769
5546
5583
6618
6336
8812
8429
6576
1923
4867
3494
8923
8556
9279
4043
828
8016
8866
771
767
889
7763
3366
7181
4836
4973
941
9574
7043
9759
5270
636
8825
8522
9797
9232
2646
2750
9013
3737
1762
2048
1307
2588
6365
8072
1424
2913
7576
2634
7966
3913
4246
6684
2031
1172
8327
2239
8881
2020
8483
46
9581
7194
8420
4949
2914
7516
9989
604
7552
8268
7704
6645
5884
5859
1105
5741
107
9531
3256
3623
27
7610
4165
4692
4689
3326
3517
5910
2494
854
3900
3498
2102
6994
5883
8205
4759
3117
3891
6368
348
5442
7122
2916
2497
1077
1873
7527
2121
8475
2411
2200
8031
800
4740
5227
8775
7941
3324
6871
3438
6489
9044
8290
369
2058
6820
7338
9796
3519
918
3393
8014
6395
6402
4622
1451
9388
4266
3570
6193
600
7057
227
7437
3527
8900
8388
8059
1084
5404
9296
849
5980
2292
8361
4830
8117
4045
859
9306
1981
4366
4084
2234
6640
5787
3485
1941
4525
5501
3596
3528
469
6338
3024
886
6873
7523
8043
8726
1210
3146
3095
4918
8773
9940
3861
987
1021
8306
7665
1658
7331
1556
58
2990
5438
1471
7210
760
8294
1342
8621
3904
92
5185
5032
8041
9187
2347
4468
8520
1106
3405
2155
3530
4807
4107
1674
3868
3233
3959
9816
8777
617
9406
8552
7391
5003
1705
5037
4616
5403
9578
274
1643
190
5729
2353
5646
1596
844
3290
8393
8719
4085
2446
4561
7030
9544
6675
5973
1207
6600
6445
1004
7398
4898
826
1806
3946
8298
7682
1205
7550
65
2154
3263
6595
1667
392
6539
1715
1200
9386
2691
7732
6381
9558
2730
3564
3317
5593
7294
751
7711
9026
8910
5298
247
7774
3214
6599
7606
7938
8257
4530
7368
7503
3067
6578
8505
9491
2824
5228
8401
2249
4819
6747
1184
9554
2663
9498
9103
8840
9703
1401
7148
8208
5906
4770
6948
7488
6628
3406
5737
5892
9877
438
241
5809
1722
447
8334
8965
4268
3822
26
684
7272
7859
1253
7601
7659
9884
6444
7266
7107
4216
801
180
3367
6470
2959
5725
687
7685
5113
6777
3029
4466
4988
382
1430
6860
9992
9451
4733
2594
3384
5681
9727
4778
387
5896
3138
3625
5573
6358
2370
1999
1102
9911
8280
4974
1177
4340
4467
4593
7146
992
1167
8086
9814
7377
2233
6149
8729
5648
967
6855
8413
4194
2183
9463
4230
1492
9219
6997
159
6857
1443
523
3645
7408
5231
4872
9915
6554
2271
8817
5137
9587
5111
7558
2000
6798
1262
5703
259
6957
2802
9242
8919
1856
9203
607
5275
9895
2769
9495
9184
4513
9438
4431
7263
7557
4727
7062
1664
5800
4264
8525
148
885
8925
1324
1772
7539
7718
1751
5888
628
8121
8845
4013
3568
5367
9106
8427
8048
6134
8422
3976
2390
4598
2296
9811
5019
7760
3099
3356
3796
563
1958
8068
2011
5004
1871
9277
551
3907
8542
3606
8379
4190
4138
3962
3493
1985
8864
7473
2147
7782
2547
873
2602
8702
139
7082
1847
7427
4312
5112
8612
3164
396
3470
3601
4572
103
256
2520
7476
5149
2665
3853
1166
939
1091
8647
9025
7721
2268
6991
5763
8939
2141
5341
6054
2781
708
105
503
8789
665
5000
4968
5794
3746
9976
7160
2861
8957
7820
4164
809
7969
2224
5716
8116
6255
4122
960
2243
8593
7336
428
4512
2768
5455
7480
4398
5720
3202
3351
2929
2869
7814
7514
2241
8885
3000
7988
6013
901
1469
4390
9397
9902
737
9473
9692
4347
4678
9637
8028
531
9673
714
9138
1303
556
7283
6432
4887
2669
4000
3709
5364
1710
3116
9613
4221
4136
4317
1280
605
2065
2993
2003
623
2360
6346
9590
8040
1399
681
113
5020
9908
4231
7026
1014
1963
4176
7465
9357
6680
4587
6420
2713
9900
6184
4213
5124
5494
2158
8277
5330
4920
1249
8141
3031
9579
9597
6990
2724
4063
9577
6796
9326
7728
9448
3003
3225
3312
5214
6689
6718
6273
6533
9499
7025
6222
1539
5471
5195
2177
3876
1675
9390
5258
1979
1738
9337
3076
9754
8510
5295
7789
6626
4567
9981
7595
6877
4087
7235
7587
211
8370
2237
7528
9694
9292
9885
7216
7586
5221
1109
5175
8207
6324
501
275
6996
22
3912
8676
3344
8133
9576
6240
5263
114
8182
2739
9378
7801
4882
3773
1132
6428
3281
3847
3092
8635
5158
9758
1378
2081
1012
4840
7477
2992
8696
342
1432
4663
7256
6706
740
5607
5362
5030
1567
983
8620
8701
1843
3284
7258
5176
5797
9922
1511
8155
9889
6264
3820
4319
8398
7530
7125
9711
2343
1890
3119
5472
7645
6423
6375
8411
7551
7441
4673
9971
4345
9864
1268
3718
1858
8367
9158
5148
2457
7001
7382
5515
7213
5386
9833
8477
85
1318
9107
9243
6043
7156
3806
4519
3370
1198
9882
1757
1655
5989
2539
3455
1398
2142
999
2131
756
8956
3165
7187
3575
2902
6579
3022
9213
5354
3387
3880
5561
2845
7034
3170
1532
56
3480
67
9551
5215
8344
5410
514
888
5053
580
4145
6367
1509
351
4586
4232
332
7334
8484
9824
6597
2381
4478
5234
8090
8744
6011
9177
7696
9607
924
8498
1043
9477
1771
1447
2785
6330
3336
106
9359
4999
2991
6584
138
5935
5502
3866
1375
4802
892
4069
9661
9619
8312
2794
9235
2066
6272
7449
2784
12
4731
6789
7560
4106
6218
157
631
9622
9861
2070
4348
4091
730
4511
7096
1961
2644
2789
3289
2518
2022
8933
2765
7671
2839
6086
2978
283
7372
2361
6370
4792
6323
6082
4806
2650
8977
5929
2205
5521
4753
5098
3975
7878
4730
6036
9193
9294
4555
1214
3747
6246
4784
1479
8328
7901
3058
6920
215
7379
2298
2507
2688
6720
7971
5507
7094
3201
6167
6241
7679
6156
4674
414
8060
9800
7717
3635
8407
5387
6699
8052
6020
4287
7928
4925
7058
4640
402
6461
3358
6419
206
7705
4032
7
9344
70
6290
3089
7581
9865
8981
3106
4885
4361
1818
3228
9716
2363
7100
6456
5201
7999
690
268
5785
5018
7155
1600
5117
9659
427
4957
262
8157
8200
847
2366
4658
6471
7940
4785
6682
8670
5693
697
3983
1597
6692
4848
8000
2656
9198
2967
2670
403
3639
8836
8859
2619
4055
5925
146
6012
6776
7288
1461
2538
2445
6574
4739
4816
8077
365
7751
1915
3151
9157
7883
416
131
2429
3533
5459
7316
223
505
1160
9679
8354
9897
2138
1304
7016
4853
7307
7633
838
4633
3159
8350
407
6427
5313
7462
5710
1462
2988
8682
2999
4751
4300
5547
2009
5749
1576
2575
3272
4846
3185
7185
2152
9903
6131
3292
6799
7179
9387
1903
6081
2568
7574
4150
4294
3969
4075
5434
4015
1804
5118
192
6665
1665
7198
5374
679
2326
5689
6294
2800
6965
1689
9517
2584
9156
9444
4746
8023
3974
8898
4559
9426
4975
8054
5287
9556
3181
2087
6415
9403
1748
4585
3418
9350
4448
324
2184
8114
5908
5402
5371
6828
400
4059
666
1744
2053
1018
1254
6931
3008
5724
423
727
9341
3934
6466
9199
9490
3703
6492
7687
7933
2386
6293
9151
6126
4290
8136
8071
6611
2613
9504
1196
4382
9452
4189
7853
2199
8867
489
615
5130
3826
6590
9610
2686
974
533
6477
658
6026
6008
3434
1700
9340
4588
8231
4174
322
2208
3941
8887
7628
1572
3574
6186
1396
640
3785
317
4024
4298
7917
3451
6205
1232
7277
916
1317
2983
5817
1638
4113
4938
6022
4783
6187
64
9442
1778
5951
9695
5134
3463
4413
1904
8030
325
261
1914
8661
8189
2324
2318
7739
8139
1211
9536
2648
5857
7622
3722
7304
8034
3649
4630
3431
1135
3505
4303
9091
5323
7093
1069
9842
8260
4966
3294
3034
4092
9037
237
6515
3267
1525
440
6501
196
3234
2716
7521
825
6442
597
272
9109
4243
785
3523
166
5193
5489
3548
3982
4408
9819
343
9493
4936
5985
2120
289
9029
6553
1680
3237
7602
5774
4207
7159
8562
8539
9439
850
9258
3105
5359
5608
6672
4238
7222
8946
758
8523
121
5097
6073
8286
5804
7080
5340
1883
3531
7942
4291
1381
8715
9973
4702
6334
5585
8545
3993
6711
7397
1695
1335
7772
9267
5775
5431
6630
5722
1569
1287
2258
1130
8559
2059
3215
1922
5181
2681
9351
9260
6768
3846
1390
9271
4791
2088
9804
812
7141
3204
6800
9288
5473
1182
9856
4805
4563
4910
9830
8753
377
3735
4765
471
6291
4603
3291
8409
2875
8460
1079
4551
3305
3025
9786
3403
2905
5095
6525
9415
8135
4127
5760
3182
991
4825
8341
1865
7506
9595
3972
5309
7173
2523
7443
3921
2264
814
6988
8064
9789
1735
5046
982
5786
6912
7036
3004
7191
3374
141
8162
7793
5448
7492
8058
4100
5747
7720
6902
89
476
8573
3124
8295
2506
1926
2847
4012
5035
4034
3448
2192
8317
9859
2885
134
572
9812
5574
9921
7608
3012
2854
9291
1282
9738
8418
2787
9325
2827
3426
3331
927
620
7124
5078
4339
6313
9084
5815
9136
2590
333
5696
4782
4595
6894
2612
4799
4048
9698
1005
356
4862
6160
8742
6565
3603
2893
6846
8415
5145
6058
7242
3226
7174
719
705
1565
8221
1663
8191
8131
4007
132
5465
3148
7005
404
6102
3016
8843
2423
550
8658
1131
6345
9352
7109
1078
8718
6178
285
9148
1474
6017
627
5641
2409
2721
7046
4483
9623
9706
2043
7668
9805
6658
8941
6261
4160
1901
2970
334
9143
4718
4981
5430
7003
2938
8184
445
3340
2263
2692
6895
4992
1283
6661
6654
5237
6670
5778
8722
8447
8378
1236
1564
715
709
6018
3897
2621
7953
7952
9314
5487
4450
7589
8657
6388
8927
1206
586
5146
1780
3815
2881
780
3413
900
7746
7935
9724
4104
1627
3731
9320
8400
2090
1794
5281
6702
2129
349
5601
3321
4357
1452
1825
5679
7786
3797
3611
7796
3701
2932
3392
3001
9535
8322
15
6172
3318
3282
9854
9582
6141
2603
6105
8645
4535
1829
988
1086
6206
5674
8641
386
614
7664
2705
8659
3745
8206
6042
5822
3518
8790
8964
993
7580
5488
4123
6060
5399
1141
7841
8490
1155
621
5421
921
6663
6773
1759
7461
4687
3790
4419
6952
188
7475
7226
2808
4128
2987
8564
4125
5233
1234
4655
4956
7892
7430
8848
6775
6642
7944
3112
4940
8601
4440
7325
6201
2303
7366
8826
9983
1382
877
7764
6557
1505
7280
5186
7143
6223
5842
6497
3377
1499
976
6514
6465
8013
6474
8424
5965
703
4458
9174
9589
8800
8688
7686
3957
1536
7641
3927
9967
1456
7129
3536
2100
3383
8515
3037
4116
474
6280
5
7028
413
4546
6311
8097
7690
326
77
4921
7355
362
8894
1446
2818
806
9542
7515
1592
5184
874
2256
2858
4804
8243
4471
3495
4967
5700
750
8578
2773
9309
7184
1796
8991
6119
7884
539
1990
7505
5752
8252
1912
6181
8980
8799
9255
4391
3692
7873
8223
919
9689
8122
450
878
6132
6260
4558
8958
7766
7960
1795
7089
4516
1440
6593
6892
8353
4601
3309
3005
9223
5839
8985
747
8246
9979
499
4214
7631
648
9399
4977
2945
7083
6883
3640
2029
2975
6067
3583
2923
5031
2052
8444
3541
7254
1040
6891
6317
8303
6227
7038
3212
5568
43
9470
611
6817
5956
5456
2946
5616
6298
7346
3881
117
2044
8468
6399
7913
1340
2092
5188
9733
4242
422
8982
306
3014
6084
858
9612
7956
5921
9783
5401
374
6152
9632
7051
7794
5590
2898
9333
1144
47
1799
3743
7899
6166
7250
7592
9926
458
5995
9928
2232
585
8747
3107
5222
4199
8311
8092
713
3397
9112
7934
9287
6502
6213
7754
521
9691
6898
4169
746
8617
269
3890
9332
7627
3762
8974
4752
6964
4396
5491
9712
8163
1824
3566
40
786
9369
2728
7099
9281
100
6652
1639
7510
2252
5477
1071
6526
7327
7647
6823
3775
8423
3768
8395
5439
9744
2067
3102
9657
5556
8272
548
2658
2439
9312
5548
3515
4379
1497
805
9626
9950
4386
3509
5326
7305
5504
2985
7165
774
8230
8222
577
9785
2144
518
7639
7251
9608
6552
6710
8598
3322
4919
2528
3659
6277
3892
4065
9818
7914
7691
7894
9790
2210
8880
9749
7176
4715
1423
9772
1802
1908
3955
7079
6231
1821
9806
2124
4657
7919
8764
1062
2937
7564
1373
2953
2865
3572
6724
7138
3197
4196
4982
7678
5683
9575
9742
1647
4208
1348
7556
5944
8216
8241
1862
6340
7748
2190
2636
1549
5475
7740
2351
7249
1524
6394
9635
546
9624
1296
350
2722
7112
8613
5680
1334
8575
8918
649
3669
6490
958
8917
5792
7044
5151
994
3647
3481
1580
3154
1244
4491
4793
496
3580
7322
2340
1355
3207
2733
3710
3795
1768
3258
3450
1527
2297
3622
8781
8443
1747
3949
875
3633
3262
4969
6984
6095
8211
2426
6583
6569
5916
4854
8160
8053
4248
5664
5161
4114
4031
2544
9114
6616
6480
2710
7701
2086
5610
1165
7577
4705
8546
7777
1470
6678
4321
9170
6108
7075
8340
7481
8752
4500
6746
7549
4369
7221
5163
4412
9959
3857
3077
3544
9730
2010
9261
7838
1784
1709
8555
2561
6970
6335
1698
144
7755
4016
9693
7054
3194
3653
7827
5582
1679
9273
6191
9016
7445
4571
6339
8140
887
2430
7660
3610
9809
2442
3929
9683
8
1657
4009
5718
4875
6440
2285
2580
1619
493
8219
5963
2357
9354
6854
2453
7267
9929
9534
4860
8669
6816
8739
4971
3834
2640
8308
9191
2862
7407
421
8347
5849
9144
7456
3512
3840
525
1630
7152
8079
50
5723
6125
5388
778
1270
6303
9195
6271
8326
2038
7313
3306
2643
7888
2350
8094
405
366
6498
588
267
8897
4004
9840
4698
7069
110
4726
4485
5297
7731
6833
6730
4058
6612
961
667
6778
2772
2817
610
9562
8667
9113
7406
3513
1438
9233
8161
2919
8188
210
3721
1520
898
8762
9012
674
3674
7850
5440
8625
9162
863
9654
6417
3349
864
4476
8263
6467
316
8734
4993
7524
1483
6269
3728
5772
8047
4847
9815
945
9460
2175
61
1535
959
2867
5017
4367
5915
4745
8193
1884
1163
7451
151
8402
811
1421
5779
5096
8144
4775
4053
1547
3054
793
38
4679
1197
5085
2701
2848
7106
8516
6610
4901
4835
700
4062
7354
9999
1139
8024
7306
2631
6849
6038
506
3126
213
2533
2683
9321
566
8107
4870
9494
1552
1445
7133
116
6559
232
7784
8081
6904
128
4531
379
5014
8319
66
4933
3547
5178
82
9631
1097
7920
3334
5308
178
194
2056
4082
4897
5087
8109
6886
1488
6450
5328
4050
3141
4484
7188
4549
2926
2106
9998
1195
9475
7428
5743
1755
1537
9894
2156
9068
3065
1016
7607
9401
4786
5987
1939
7822
9328
9056
8342
1845
4323
1450
7357
9042
755
5444
9173
378
8966
7529
6441
641
899
1376
821
8285
3770
5575
3128
1053
8346
9182
4864
5914
573
4849
3489
6906
865
3371
1136
4121
9150
2888
4462
3283
9748
8267
9367
5026
837
9152
4527
9718
8693
4217
1356
2069
2742
1500
9776
9845
4219
4566
1555
2257
9823
6393
5128
8961
4986
1301
6703
1495
4318
4656
8979
8725
5038
6673
6341
6620
4473
5624
7771
2191
8376
39
6005
4923
6159
2776
1725
9102
1644
630
2489
9586
1545
3319
943
1863
5953
2374
1645
99
946
8915
2416
368
8278
6826
3887
9293
314
8304
1613
7936
8425
6382
7299
5453
4283
9663
680
4691
8650
6203
1145
205
3073
2083
9462
3757
3925
8877
7629
3038
3075
5325
4505
4893
5239
3939
4261
3137
6851
6745
1122
5125
4453
2831
8431
1637
3915
8316
5816
2524
7954
662
9094
2181
6625
5806
2270
4611
5041
5028
4377
4166
1900
4831
7540
6170
3127
989
6550
98
6329
462
6841
1233
935
9008
2098
3748
2472
1299
3091
9988
8690
810
2188
8723
569
8668
6458
4717
6806
1519
6426
5351
3742
4539
8085
2041
3950
3314
2220
6217
4083
772
492
2505
1641
4036
4358
4552
5517
8215
6484
4798
201
5685
5545
6771
7374
8242
3510
4647
3081
4155
764
5044
1240
4499
5010
8711
9338
6830
6507
3894
6942
9801
2266
8449
2745
1701
3458
6885
9047
5468
8275
4364
3911
9252
4095
1449
977
8837
6532
8809
7667
7874
8383
862
1326
1204
79
860
1660
7224
2856
1290
3444
5244
9933
3677
6288
5936
7189
2320
8003
1110
4697
9227
5379
4907
7676
2420
1154
4905
328
8493
4425
9168
9725
171
198
2647
7554
5626
5416
1002
3658
3398
6120
3346
164
9839
4017
8357
7570
5342
3125
7866
4149
4935
8547
8038
567
9123
753
1273
451
6328
9360
5249
1561
7147
949
8642
6651
6107
7816
7296
4178
1984
1838
1632
2552
1216
804
4474
2105
3255
6987
8903
2021
6220
2182
9230
4163
6048
9160
6556
9130
6945
765
8679
1648
4510
7350
9705
726
4773
5235
6561
5649
9304
9956
1033
7029
7219
6649
7303
4833
3131
9757
265
9413
827
1822
1191
2777
9822
8875
2001
6348
3862
2855
5981
5522
9301
7007
9234
7738
768
7916
8270
4889
8847
5766
4866
5905
978
9384
4132
7812
468
7230
3069
8748
7983
5518
320
4934
9525
3354
7975
2461
2572
9197
4818
8283
2672
7426
4844
699
7341
4946
8463
1052
5305
4424
3793
137
9996
2486
6840
1571
2397
8614
8841
1367
4958
9141
4911
90
2616
5891
3379
7271
4817
2558
9119
3273
3663
2223
1831
5676
2214
3082
2573
2467
2228
9975
7620
2922
5744
9149
2840
5462
5657
832
8426
7967
9275
9003
7403
6659
354
3196
3411
8380
2943
191
2530
6727
4203
5180
6356
6802
7882
9411
3779
1088
4781
244
3205
8972
1929
769
8185
9420
2151
5584
7287
7712
4815
1504
6472
8932
9253
3776
1221
6177
13
8975
7041
5224
1531
5162
5672
5823
5765
7669
2934
7532
6915
7360
9289
7130
301
4027
9731
4651
1628
3712
9266
2459
3744
6361
315
3980
9180
6019
2550
424
3591
1635
7104
3265
8780
6482
1633
1986
8907
5370
5217
7223
962
3818
2891
4722
1659
3901
953
9528
1950
3488
5931
2880
8192
8164
2948
7804
8703
6977
5167
6939
6808
5595
9957
7172
5848
9167
9361
1152
4383
5132
9834
6636
6401
9751
6760
32
9251
9472
5688
9478
998
8586
2512
8811
3943
3565
9655
8783
1274
8103
7440
2685
3079
5271
2432
8916
693
7017
547
1413
9774
219
189
9760
7868
4545
1064
6829
1333
1530
5843
4161
2125
5533
3783
1073
536
7698
3396
4409
7349
957
6045
5467
2532
6848
7982
6509
3642
1599
5955
2792
6007
76
2049
1736
2749
398
8628
4157
4868
7238
472
9274
8416
2950
4917
3364
6232
1258
8807
7666
3789
5311
6975
8025
5525
3766
6852
6121
5926
8757
6834
5332
4314
5423
968
9857
6297
3856
7887
2641
7927
1538
963
5283
7424
2288
5960
4405
4449
736
7572
2146
3021
5355
3933
2050
8796
3043
9837
7425
4094
8511
7986
5499
3040
4884
1343
8355
3360
5496
1315
5824
2165
1265
6529
3297
3554
4349
9726
439
293
8111
6209
7758
4103
3819
3187
3582
8896
3646
5799
4256
406
744
6784
4742
7298
4699
3714
4962
9898
3320
4393
277
8098
2952
4332
1368
1828
2897
5368
1839
5996
4708
3967
2490
5377
2384
9453
3355
9471
4435
8943
2013
8440
5352
6767
6615
2630
7255
5958
7998
1339
4404
6741
187
8901
5140
6853
2843
8209
5170
5216
7939
6709
9516
2229
8514
2909
9965
3152
8912
2513
1158
1384
5528
4642
1487
9918
9467
1611
2469
1128
436
2042
1568
866
995
3368
9603
5476
5470
4410
1076
4429
1763
7689
4008
5882
4779
3992
1852
689
2597
8494
7683
8608
9569
2314
8876
3917
9183
5829
3402
2583
7891
1246
2434
7037
5302
1690
6190
4942
907
5594
7522
8213
8594
8148
6326
4492
2727
4402
2261
2345
7463
7162
613
7900
955
9065
6265
2330
8899
5734
5629
9396
7980
6879
1247
9905
2335
9606
3693
2525
7318
1602
434
673
9664
388
3650
7992
3559
83
5831
1066
4090
6024
465
5566
2321
263
6069
8914
6175
9690
6681
818
9398
4670
1677
3752
1174
155
2176
9847
4481
8356
7371
4682
4272
2377
4764
3390
212
507
7974
3250
542
483
4596
6748
6027
5353
7976
1374
2274
7061
6031
8397
9280
2135
7767
1402
3157
2747
5315
4955
2004
783
7432
2286
7050
2958
6889
8615
9697
9743
9090
4139
4965
4856
5481
9961
3419
5061
4498
9734
4447
6962
527
8611
5614
160
524
1223
5369
9951
2591
7012
5363
9781
6493
7261
1928
5383
1225
6809
2592
4286
2005
5946
8002
6884
6910
3230
9641
9240
3665
6714
8436
7111
4175
7951
5395
8251
7193
3811
5008
5801
8005
8320
1041
8027
5780
2537
2116
7890
669
6198
5627
1124
8680
9696
9108
3765
140
2682
5715
1049
4173
5492
3769
7703
5957
2930
5350
1276
2468
9097
4877
5563
8727
7199
9178
817
7844
538
7467
824
5668
7963
8755
3729
4244
4822
9185
1464
8861
1042
3020
1316
9771
2349
4446
9649
9032
7745
4985
6958
1103
1733
6408
2598
1994
4376
9239
1245
1284
4400
4093
8949
1629
9407
8134
4005
2878
1295
37
3474
4820
9873
9855
3032
8619
6899
9331
1754
9677
1261
376
8618
619
2278
8473
3841
4858
5039
3734
4477
6312
748
2289
7562
122
3050
1359
270
2474
2315
7670
7724
6869
4732
3655
8767
3605
6283
4182
1222
8236
3167
7297
7643
6003
733
6562
9909
9393
4295
5001
2245
9236
3446
3613
7896
5306
6087
5260
8938
5966
120
4433
7033
6785
1023
868
5949
8373
4378
4006
5764
8237
5092
1989
4251
5333
2638
8503
9761
3394
1760
6494
6961
6824
8169
9937
8686
3052
7008
203
2062
2451
3178
254
5322
4767
632
2830
1881
4188
6433
7273
5049
3619
8479
1590
7400
917
5986
7153
1978
5268
7779
3760
8061
1616
7447
9628
8664
7959
6786
4795
9869
8782
3561
6749
6722
2012
5604
2752
7498
9031
7300
8794
5426
4181
4322
5659
5420
1840
6925
9740
9665
6144
7171
3375
1540
5861
3442
4480
2560
5479
9762
5524
820
6446
8045
8105
7466
8988
1377
7818
6059
2419
643
7759
3246
7815
1650
5651
8399
6091
6053
3865
842
2546
5622
8228
5613
1594
6070
6537
497
2301
1289
8768
3053
4240
6750
6403
9231
5709
7478
659
2054
1988
8893
7145
5226
2348
4014
2664
530
1887
1309
9308
4855
4902
3879
5251
570
629
9653
845
2604
4645
5094
2837
8452
2740
8597
2711
6137
8358
1668
5142
4604
7064
4417
8665
7389
3903
4769
2337
3667
6536
6669
3175
8336
3830
2099
2947
1180
6862
5296
3849
9672
3953
3
8692
353
5503
4414
725
1013
