4223
2754
1991
8644
1616
5463
4313
8723
5784
4147
9775
8698
7769
7410
8765
931
9461
9469
7376
3451
9965
4438
8286
8455
7073
5066
1541
4428
7164
561
7409
8275
5397
699
1657
8363
9785
2761
4272
7686
3517
323
3070
3886
5162
8248
3230
7858
9304
49
8892
8989
6923
8997
138
4649
9023
4967
934
1249
1495
9725
9196
6279
8740
1335
1630
173
238
7672
6502
2513
557
4378
2905
9029
6086
3549
3953
8636
1689
9539
1149
6941
8947
4874
5009
2051
8591
8801
5156
5356
647
9213
6296
6218
3547
4108
6973
3827
8354
3418
5256
9170
1126
4311
5285
2381
2456
5640
3134
7299
9609
5150
1882
1473
2748
2206
2981
3943
539
1223
4278
3863
5186
4111
2127
8143
4399
4469
5161
9613
9596
8967
4968
7012
1662
2668
1775
4944
4162
3436
821
4442
2917
4001
9841
727
4855
7030
8569
8923
8014
6287
3284
3599
564
2657
2258
3405
2538
9660
979
26
9153
9723
8142
2193
8306
7209
8860
1521
1160
4490
3179
4114
2342
5031
4483
9227
2920
532
5969
2314
7175
3214
2306
2494
2457
1929
7881
2268
1811
442
72
5996
7955
6074
5060
8225
7519
9482
1946
3852
3260
4290
5299
5896
9093
8739
1743
5229
8370
9092
4633
1711
538
6573
4905
5972
9481
1590
4247
4155
2071
3392
9896
8328
2619
9261
2715
2924
4132
7683
1638
8435
2221
8274
2548
5080
4814
176
5603
4909
4021
7163
8
8700
3084
7645
9540
4178
2358
6758
3503
8253
8350
8339
6248
7833
1250
7661
3825
3413
171
5739
6329
2120
9205
7621
1333
4969
5230
667
773
4883
3666
4160
2416
899
2818
7550
9899
51
6052
7262
4691
1713
7981
1807
7895
621
4829
2991
7773
6555
7038
7156
9430
5987
5683
3716
4562
7670
1103
8058
9677
2535
9561
5916
3682
1243
8204
6694
3704
3618
7717
8308
3764
3229
4030
2016
7634
6668
263
548
2096
4795
7203
1233
4501
3774
2664
4785
4657
6131
6693
3092
2813
5547
7691
570
7243
787
461
7165
2631
1994
541
471
7142
7585
5454
6768
8972
4046
2703
516
2122
4744
8980
9499
8466
2146
5443
8798
2973
6527
4363
6097
6532
7025
8531
5238
1232
3081
1262
6166
3603
5561
4404
107
7746
3052
1204
5976
6116
8784
7466
8419
8218
1920
4833
1450
7051
616
3976
8310
8852
5631
8220
1416
174
8683
5395
9214
1100
1639
2115
3733
2181
4190
8982
200
3961
8693
4631
6735
6677
2939
9500
2401
8922
8464
1967
5517
9657
269
1315
5170
1202
7792
9400
7736
67
7359
3013
4991
401
2666
4135
3411
3853
3460
221
8444
7807
5999
4745
7487
4720
498
5270
9107
6839
2307
4506
4878
5654
7604
751
1018
5323
1553
8092
8490
8410
4932
9916
7078
6928
5430
6932
2076
5092
5221
8116
4629
2947
5576
2003
8783
5748
5729
6752
7280
9364
1276
7668
6797
1999
7016
2454
7285
7694
2533
4586
1053
5644
4617
9742
2030
6723
6970
5977
5588
1354
5039
5525
325
2680
6813
5366
8227
3548
9376
8130
3385
3773
7921
7056
7135
8704
9403
8162
6762
7370
6020
2511
7481
7236
6419
8742
9066
1919
7891
9866
9186
5123
7249
9639
2875
3888
7959
3758
1176
1239
5317
294
8665
6957
8865
486
7971
3324
2786
7878
226
9377
6385
5488
6387
6013
8694
5327
7191
9373
7605
7714
7423
9919
1727
4780
4710
6172
8445
7458
3116
94
648
7346
8576
9476
4240
2308
1539
7426
4902
7435
3884
1839
6927
2976
1021
1292
7077
3804
2781
3584
2567
5099
2215
8688
3834
2940
4485
9867
1675
9816
8208
2077
5979
5400
3155
5636
8318
8973
1924
4268
3030
3431
7310
5152
1383
2930
4308
2550
2042
2799
2143
8298
1309
3306
3123
9958
4667
6510
1677
463
3032
5897
3578
279
9334
3410
891
4344
3017
9391
3513
1501
5658
5418
2273
6469
9293
6501
9359
8251
6980
1747
3938
9475
6708
9759
8164
2114
9392
1800
4621
9574
2315
5983
6235
3962
152
6431
5998
7060
3669
2186
4889
1174
825
1203
9605
579
6533
1357
904
3076
5027
4211
5858
9522
8436
6269
5919
8503
2387
8749
8295
3097
5277
5265
4410
9260
503
1944
9712
8402
8223
4837
5886
4494
7125
9033
8155
1284
8346
8414
7867
6175
3391
2022
5078
7433
2098
5928
3711
4912
6851
1030
591
2128
4929
590
518
6072
5764
9446
1867
851
1006
502
3000
4859
5913
3741
7728
2843
5879
3747
8079
7578
312
9645
7429
4703
143
6297
1849
2934
8664
3449
9458
5560
1940
8686
2632
410
8518
9069
9360
4460
4547
5441
2528
3167
7958
1017
1913
8379
1935
5038
5194
2470
6446
6710
1478
5145
2558
7914
4396
5513
6137
5386
64
8931
5216
5848
4627
7551
1448
6892
6471
3072
9489
3227
4529
6568
4025
4977
1228
9039
6057
7438
3866
3377
8384
5686
7969
8802
1740
977
3303
5147
1840
3627
9946
6253
5935
8054
8746
4449
8417
2317
3409
3040
6901
2310
1937
3726
4182
7498
6227
6421
5724
5473
1453
7962
250
4149
5604
7706
4444
8303
4435
8176
3438
6622
3514
5538
9217
1389
8617
8675
8321
9247
8440
723
1751
7758
2871
9147
6866
3947
4688
7354
2163
3080
3420
4568
1140
4801
3555
8744
9651
8338
9408
3326
2706
7513
3623
3906
8819
2904
2140
6232
8386
617
245
9787
9396
1024
9532
5876
5227
6299
7964
3898
7449
8297
34
483
7126
3078
1197
9100
8660
2520
2170
2956
5129
8632
9598
9599
8583
5149
6150
6828
434
3721
8606
7170
4778
7933
743
7137
6781
8242
341
504
9704
3820
3344
4714
3918
126
9935
6002
683
2868
9333
424
2931
8663
1436
7495
8323
845
5868
5278
4205
6280
2564
1838
1210
7058
5431
3169
4185
5820
5857
2864
9168
2878
1314
7446
5567
7122
5467
1482
5458
6581
5369
3792
8161
7819
6415
9576
1374
3
1575
6357
673
4069
4112
7363
3329
475
2399
9265
5639
6286
5174
2937
1281
9042
2839
6396
6407
5696
3738
8355
5619
4159
4386
1635
998
1982
4276
4873
1321
689
209
3115
9362
4786
4739
9096
6714
1607
3979
9022
9647
9423
7478
1644
7806
6792
6521
6861
7372
7674
5679
5075
1527
511
8214
7334
6303
3902
7256
4651
995
2259
8168
3085
3663
8433
5484
6210
1273
972
4940
5657
3496
5219
6164
2774
3067
3252
5214
7779
8205
6048
2859
2373
9525
2026
7470
104
9378
3937
5581
3940
1712
1674
9930
6201
2935
6788
1510
9347
2506
4463
2431
8986
1151
4525
619
3835
6246
2032
7313
9112
4120
4852
9581
7039
7673
1312
9941
2816
6902
1324
4715
8499
2043
1087
3654
9994
1793
5033
1961
3271
9351
790
9707
2826
2740
311
5512
9783
382
7988
6914
413
1984
8550
8893
5850
130
3823
8934
8769
4443
2034
5016
6560
6671
5446
8843
2758
5331
6202
2876
9920
1512
4375
8633
9084
9628
5953
6467
4250
5942
2487
949
5551
6859
1784
2541
6557
7289
1346
8344
4018
4543
8299
5293
2301
1059
3990
9003
4454
7427
7543
874
2330
5733
7748
3662
7726
6119
7204
1767
2593
999
414
5869
4476
5521
7252
932
955
2946
8817
9800
9005
1646
7616
6251
5087
8364
4145
2419
6491
533
450
9038
5127
5606
5507
5536
5269
2543
3587
1254
815
7228
9683
8608
9125
6487
3636
453
7462
4115
3374
3338
8565
9056
1847
4392
9851
1790
8613
7066
5792
8747
6686
380
5474
8699
5616
4257
2894
9508
6029
2283
5105
5212
2519
8413
5068
8907
6787
7261
386
9674
7826
9164
1805
2493
4815
5926
3491
3041
6423
8905
7692
7879
839
3263
353
5875
6903
2325
8262
1045
241
5287
7445
9067
6658
7948
703
8878
3281
8290
5139
2655
2763
5435
2007
8621
1234
5559
9760
9492
7400
7922
3848
3565
6953
8853
4767
4713
6646
7382
5034
9189
8706
6179
5053
6803
6540
271
6763
9503
8093
8888
9484
2789
9906
4732
2216
2681
7467
5015
7069
6608
7618
3168
2600
1611
7226
6294
39
2979
8806
9024
5407
7797
9453
8983
7000
8409
9681
1361
7724
429
7572
6343
3470
6640
9926
8237
3633
2808
2990
9606
7007
2734
438
2222
1119
6840
8373
6690
7109
1367
4796
4044
8861
5642
115
3878
5843
6697
8912
4644
4840
5044
6012
6165
9890
5923
8920
6720
744
9815
2544
3137
1642
8828
2110
255
1808
2925
421
5778
7480
5933
4430
8926
9601
717
4446
5321
4262
2103
6084
4011
1212
4437
9272
6212
9685
6459
4585
8656
1514
259
8809
6913
9735
4298
7301
2848
1399
9917
9776
3594
4489
7849
1947
8990
8885
4143
6753
4106
6022
5333
5777
3296
1474
9753
4635
9140
3126
422
7340
4249
6566
3269
2116
8217
2612
5218
8759
7821
2922
7862
5107
3355
6586
4474
8001
272
7116
4970
8824
6649
9305
8672
1336
6809
997
9842
6794
5262
5261
1015
2604
6005
3864
8695
7740
7250
6977
1588
3090
1451
4578
2166
4400
2420
3390
8687
1251
9098
8645
7260
6860
3545
2499
7330
2019
3828
4480
5829
2129
3920
2272
6143
2620
7220
6053
2767
750
3759
2460
7287
4050
2152
2327
4789
5001
8197
9927
2574
7764
1398
9564
330
3735
3561
4227
4074
1576
2370
8485
4843
5329
6610
6739
6124
1746
2777
1369
5119
8141
5510
3349
9210
2364
4711
9143
1951
6113
7094
2424
4498
4243
8044
445
9320
7353
3139
1496
9849
6214
6728
4612
9274
7123
8034
6241
2811
707
6855
8640
2253
6730
2214
9079
1185
455
8481
8018
5223
5314
6862
54
6829
9229
187
4723
2890
5070
7321
9604
7248
183
5951
3776
969
8736
6906
8834
9163
3060
2525
3985
2755
3854
2369
5545
3364
6231
957
3286
7844
2472
305
5257
1505
4004
1392
6208
9354
3246
65
7836
8623
7437
4288
5903
3506
1019
4264
2477
9653
2236
8949
9974
3380
4546
3034
5863
7005
728
8114
4542
2070
812
4656
2478
7979
1819
8956
2160
5877
2458
7028
1916
7011
7040
4060
3444
1345
1871
5364
4358
8148
9236
7983
5288
6403
4523
2104
9809
8879
6890
3939
4008
9076
1899
9020
4252
7685
9329
7541
1238
4811
2639
1317
6091
6705
3330
8776
1132
9237
1222
6603
7829
508
5178
8421
638
908
7257
8492
4043
9872
6496
6215
4371
7913
2412
7817
3556
3800
5048
8105
6355
2586
2508
6565
9803
4326
4806
4798
7871
7546
2807
6613
2093
7273
8177
9099
7105
6197
4706
2804
8567
7658
9263
6282
5307
1826
1322
4731
3950
4565
8673
2067
5971
9558
32
2732
9784
8511
5628
66
8135
2156
7512
1208
3778
345
9915
6339
3742
2052
560
1167
1502
3002
3818
4383
7107
9940
1072
8189
1277
9947
6405
8103
4488
7860
2705
5504
3373
4951
5649
7535
9978
4849
7657
9370
7229
3524
6328
4984
8970
1592
7838
5383
1615
3200
1205
4293
6188
3424
3997
33
8913
5250
7936
6685
7173
8375
7379
8456
8411
1901
7941
4142
6424
6548
7640
7037
203
9340
6826
9487
696
9454
7904
4395
8206
4615
7103
7206
4070
5487
3785
9063
8388
4356
1529
5594
7725
7351
5428
4328
586
9679
8047
752
3039
965
5791
9043
7254
420
6900
1995
6515
8506
407
4699
8669
8851
3583
2178
7059
1528
2599
8066
4168
8316
7251
2866
826
6898
3490
9710
8213
7474
2224
3515
3036
2532
2179
2985
5025
1267
9929
7239
7732
7072
7700
7762
4146
9057
9512
2708
1987
4265
8358
3297
7722
5420
5634
3838
7329
487
1381
3251
2475
9094
1295
9844
3114
4603
4886
2130
251
8795
797
9315
169
3809
7586
3930
4451
8285
2970
5681
8953
2602
6759
8804
842
3765
4110
3905
5655
9390
9521
8799
6876
4238
2404
76
3172
9885
9858
3348
9715
4100
656
7323
6458
4891
3677
3708
154
9921
7734
6224
9774
5006
8772
9750
3196
1484
847
2322
2328
4165
4634
8942
1885
7222
8003
6185
3412
8467
4825
3283
1866
5506
3104
4465
3846
5855
9361
3970
2559
2184
1550
634
9682
710
5013
5682
9951
378
8780
1989
3466
8785
8678
8625
8461
7018
2926
6284
4994
7957
210
9156
5294
5164
4931
9854
3646
7006
3876
1003
5672
168
7893
940
366
448
7666
3386
7945
5880
6976
7601
2054
5593
6353
9201
4935
894
44
5975
5354
4824
8763
352
9755
2652
9691
7259
8515
3768
7265
5920
166
3249
1143
1342
8470
2102
1974
8803
6857
2796
2514
6712
4232
6026
4218
384
9266
1803
902
1570
9789
8403
5816
1804
517
5766
2675
4647
9035
7521
8235
8224
6807
2066
7375
6879
340
1515
4040
5203
3894
3268
8781
6630
2660
7491
5055
6711
8434
8559
9325
9590
181
1538
435
5712
806
7154
396
2901
1753
7599
3897
63
7317
214
4702
9964
5960
55
4989
9102
2
2689
5205
3694
9690
21
1446
6824
778
5363
4709
5825
8389
142
9470
2423
4402
1895
6290
8682
4827
2840
9061
2731
9875
7501
593
3111
2061
7396
5276
9374
3103
4067
1245
3482
9922
1411
1792
8447
4933
9182
8442
4791
4012
814
7212
708
4306
9124
3228
1200
1532
4209
5571
9242
5297
6019
8260
9669
4233
3383
1968
4058
950
8365
9708
7021
1594
6100
8269
3769
1584
2351
870
8787
4563
9173
9563
6069
3369
6414
9365
7908
3287
8554
6676
866
540
9528
6964
7991
6831
5966
5582
8021
8352
6123
8712
7939
8056
5209
4481
2817
8256
6389
3471
47
5448
9894
1395
15
6361
2962
6148
2712
8755
917
4234
1735
9889
2862
8535
8593
8508
9839
1152
6263
485
6522
6715
5032
452
8488
2147
231
770
1580
5859
3026
3456
2244
9966
4531
4129
1128
4620
8002
7453
4361
3257
9207
7756
1620
9808
7810
2439
6689
4759
4597
6354
5042
4020
1781
6830
7352
5592
1604
3605
9001
7577
5625
145
6272
6623
3766
9792
4674
1997
9202
7889
5758
9134
5497
5432
3606
4414
6675
62
3063
9550
8782
8648
745
5922
8431
8156
1483
3949
4894
2906
8826
736
6528
4087
7371
4938
6804
7890
1721
5501
8946
2727
1992
5140
5785
8703
632
1493
9108
3546
9823
270
2693
6733
3762
0
9241
7160
9665
6507
5760
7294
7705
9117
5520
7911
9526
4965
8578
2658
4979
7130
7942
2919
9942
513
9615
2855
5757
2801
4637
1779
9405
2267
6064
5727
6409
9587
2815
7134
2661
3226
5097
9050
5065
2636
9835
1423
1063
9897
918
3106
4102
6871
9223
3454
4528
8149
6526
7992
6476
4741
8076
6629
6615
71
3485
1368
4579
7710
7943
6168
506
760
9336
8526
1421
8495
2028
6645
2695
4888
9531
1750
9438
7675
3855
2353
535
3148
2302
9903
9566
5240
8228
7595
322
7419
1632
7696
2092
1828
2738
4461
249
2552
9762
3783
9644
4622
4048
3652
5904
1330
5871
2579
2428
8101
460
3656
1622
765
4390
2959
856
764
659
1058
8516
5624
3634
9888
7907
7255
9864
7219
8889
4910
8222
5600
798
4138
5823
3500
7503
99
2728
4974
112
3712
3428
6769
2692
7524
1236
4766
9826
500
2097
2237
1465
7112
1405
7952
7405
9113
4885
3699
1150
7221
4576
6254
4202
7168
4471
6222
959
8106
3238
9855
766
95
8475
4283
3298
7540
7676
3477
9451
2144
4980
2512
6766
1490
9300
18
831
5000
2967
88
1076
1272
5650
3417
4987
3729
5394
3182
8178
6805
9949
9222
1911
198
1475
4054
2340
3480
4654
5090
8279
3408
9985
4466
9287
6366
3285
3254
6304
9303
6323
3932
5202
9474
3370
5956
4919
7790
6205
3966
6258
7627
7095
1296
9534
8124
7975
9324
2121
6499
7886
4924
4844
3967
164
2795
865
8471
8094
2021
2522
3156
2773
6670
4405
8609
9032
6994
8342
4158
5046
3744
8855
1985
3890
2617
964
8864
2696
3009
2869
6023
4092
5891
1742
2480
2910
1695
7332
5774
1889
6220
4577
4822
5750
3018
7195
3695
243
8978
6138
1182
7660
3861
1705
4107
9798
746
5482
9722
2086
690
4618
8584
9421
5660
1051
6161
4753
9294
4450
2918
8841
8340
4926
3497
9602
7305
5462
6641
8670
2363
161
8301
7041
6891
4322
8348
4225
2362
3972
2622
1875
3843
3146
2466
6075
218
7055
1494
1802
1744
5283
2408
7656
4259
9876
5954
4707
4664
6261
9627
5678
120
9840
5335
8821
958
9504
8245
1939
2870
4125
729
2822
789
2338
1857
2997
1175
6229
372
2289
8667
5490
8671
3245
5302
5477
4601
1795
1894
2563
7217
7079
444
4881
3621
6383
1930
5281
4761
150
5805
9748
7324
9663
3796
4420
8493
1112
6639
9321
7388
9834
2994
8090
9901
1356
4770
7570
5047
1274
6569
2300
7046
3957
9559
1777
8868
8788
228
4393
3675
9830
9162
6896
6327
774
9397
1282
5125
7304
5841
4928
2386
1135
3531
7509
6518
3207
5822
8822
3568
6071
4685
6427
53
6582
9702
3554
7741
6183
338
3221
4079
2911
5464
6173
2772
7296
8642
5220
5155
7702
1252
8906
4643
4705
6370
5416
4436
8341
9467
4062
7845
3024
5485
3015
9612
6652
2241
7240
3478
2075
6128
5735
4611
6617
9541
8271
3651
6156
8532
1009
8107
6298
9226
854
896
7600
4351
5391
5303
507
3730
5723
8390
966
6751
7010
4757
9082
3794
3365
3912
2055
1090
8036
8954
8264
8416
6905
9825
4042
4478
9115
9297
4701
7794
2391
4895
4286
6042
657
36
1248
3056
9046
8334
8545
4130
7404
7167
1848
9206
2157
9243
7096
6382
8775
9074
9629
6038
3353
3630
3685
4760
4504
2779
7731
681
4055
4208
1914
1371
7776
306
8180
7032
8620
1698
609
834
993
9548
2252
8137
5280
7547
6798
9253
2714
2294
7872
1097
266
6757
179
5197
2277
8808
2497
9341
3703
3570
2724
2056
9371
9572
5569
4850
27
8820
9747
3171
2609
1583
404
1334
7820
670
3550
6146
5704
1113
4350
356
6875
6590
4927
2803
3777
1696
2231
1730
111
6962
6362
598
8307
6822
5413
4099
3222
6336
304
7360
1161
3007
7013
4015
6008
4431
79
1647
6108
7190
4448
8317
8102
597
7560
6523
1623
267
93
428
8035
7987
9805
574
6418
4659
1855
2008
4809
9175
6748
7171
2207
9796
5067
9302
6226
618
6554
2117
2262
5670
1548
1091
1129
3118
1468
6772
1397
6736
3384
4650
7298
5623
5643
3005
742
6550
8115
9569
7562
8408
7760
5459
5382
603
4409
423
2313
9713
2624
7067
5085
6025
207
1546
1934
8895
9638
7915
1608
8639
7827
8007
9052
1768
5608
6325
3993
3008
8718
3571
2785
7593
514
3580
5842
6801
4549
8734
5406
3710
6727
4171
6062
4676
2518
5318
4693
2047
7954
2485
6300
8680
7443
6998
5188
5815
8711
4028
2784
3442
1938
3159
5074
3791
202
4863
38
693
9008
8616
6136
7464
5111
4343
383
4417
1104
2376
6379
4747
9034
6827
5770
2133
3187
9637
9565
9059
495
5417
9913
7953
7587
6602
5453
8812
3858
6055
1880
9836
4898
4797
4914
5347
5113
105
963
6398
5730
1404
8835
9000
6945
1364
2810
5530
3220
4507
9721
8174
369
8542
3865
4877
7505
5717
8830
9457
6441
3705
7630
2606
9483
6985
9142
6791
3045
7158
4584
2090
3563
649
2572
6651
8494
2349
3533
9626
7138
802
1298
4781
4911
2291
944
1445
6657
1766
6818
7342
7582
1075
6983
6460
2929
5036
9280
2476
6878
2049
9232
9152
2560
9980
3508
2312
4258
871
1884
8896
188
4095
9192
863
5591
3375
887
8418
1379
3211
1036
5685
7597
5635
5110
8590
4758
8745
6704
809
3153
260
2958
7765
1016
7484
1201
3959
4595
7417
630
2375
8166
5894
2912
5201
8117
4573
9773
6333
9923
4959
5100
5275
3352
9986
5370
5235
8246
5172
2463
4295
7643
3942
1275
2199
984
9299
2688
9878
9879
1487
5102
8951
6662
1042
6033
86
7960
1014
5575
287
1294
2388
158
2531
4804
2933
464
2996
881
3318
7552
9256
843
9736
1414
3807
4799
5722
7084
2336
1464
2598
2413
6664
6883
9882
2395
2626
8063
5179
1599
4408
118
1120
4007
4093
7117
7486
6823
5771
6886
3201
6981
1900
1081
3683
2142
8238
1964
8529
9342
4039
5688
6777
3871
1394
2348
355
8046
4103
3592
1388
2750
1610
7624
8932
6789
8933
9857
5143
9150
9198
5626
5556
2321
2667
1340
7796
8122
4266
8112
1891
8489
3642
4772
9989
5232
7049
927
7737
3357
3727
8441
7361
1191
3077
7132
6872
7131
1310
4323
4418
3082
2153
980
3779
6743
6073
7965
3802
6240
5734
8909
3782
6731
3566
2760
2455
1776
2196
4244
923
1906
3720
4947
6498
5617
7047
2347
6747
1836
5768
8589
8595
5970
4457
7647
5851
1067
5493
1227
1041
4535
7863
3001
6016
6306
653
7153
92
2183
4003
262
2517
7385
8268
2038
2118
543
2936
1670
2793
1936
8425
1079
1617
3198
4002
2659
3433
1778
5529
5342
1316
8000
844
6216
1439
4918
3270
7677
7082
5210
6259
2596
1432
6847
2141
3856
400
8131
2646
4316
5690
7408
4600
4133
8929
6778
3737
7024
4181
8577
7606
6740
223
2684
8884
8087
606
336
5601
4803
4813
9592
8255
5883
5398
1516
3475
4105
9015
2830
706
8676
1678
8777
9456
4269
8971
9440
8728
7497
8536
6770
7510
1649
8040
1830
7157
3044
4771
6969
3992
5020
9285
2576
5502
3557
5399
5266
6574
6465
8707
9013
6489
3452
7556
6628
3219
3459
3857
6536
776
8196
5082
9556
3532
310
4954
9083
3660
7177
8071
6203
2359
2269
5313
1255
5385
5207
2064
3717
9307
4472
8553
8050
298
3707
8605
6484
3316
6454
9493
8367
7227
6106
8649
5834
7581
182
8427
3591
8201
9562
522
7441
4294
9188
6118
4354
9104
7766
9394
2841
9960
6514
102
4010
216
7743
7318
6449
5646
9772
5751
5753
1177
5061
8952
12
5173
9328
8561
7671
2292
3430
1084
1732
701
4564
9780
9933
4122
8786
9282
3687
3308
6874
7785
8195
4553
8915
6564
5460
8731
1773
3425
2366
4139
7742
5731
1293
9030
5814
6167
399
3781
9339
2074
2565
9047
1434
416
2921
1358
5554
1824
785
56
7271
4312
2000
2474
8575
9154
81
7864
7335
1224
6844
4847
149
3337
6626
1044
3693
1564
8420
3877
7721
755
519
2782
7857
123
5541
9118
9794
4948
8190
2324
4704
6882
7825
7644
7064
5997
2776
9924
7386
738
7068
14
8512
795
5012
5813
4520
1168
4000
6195
1640
3091
6376
6638
2721
9724
5359
7344
8582
5124
8173
5908
4619
8657
8254
9754
9337
7611
975
6785
3564
1425
5840
2005
5666
4524
4862
3801
470
9514
7628
4063
1438
4816
368
6153
775
4793
4263
3035
9741
6922
2691
3875
4773
8599
4497
8927
5005
1206
454
1606
8607
7061
8019
1596
7488
8175
302
9877
2247
7753
1163
986
9496
4366
5049
2185
9490
800
921
828
9718
2549
6907
7316
7033
7277
3416
6056
8523
2437
1498
5071
4972
1452
337
4212
3429
3062
16
3824
5421
7554
1384
9437
9578
4098
1060
1033
2297
930
9662
9417
9488
6505
2739
1825
2398
8394
3273
4681
2060
9231
3631
6400
2426
1569
4749
9678
2228
9852
3173
8086
6102
4941
2737
9972
4193
6120
4057
5373
7682
6984
7841
3206
7931
1720
1771
6887
1492
8517
8171
1127
3588
2515
5944
8556
8751
7777
8540
4204
7415
7128
2309
1114
7620
523
4207
1755
7421
692
515
5803
9411
5981
5336
6539
9770
8170
7482
1054
9510
1373
4284
7292
6308
5548
7398
978
7347
3443
4580
2768
9907
6780
350
1854
3455
1756
2438
1280
5135
2749
5878
3094
6808
2674
2623
2872
3641
7649
1834
2137
6371
5802
8407
1454
9248
1684
2293
8216
8016
8796
1504
4085
9806
2510
4499
9555
7804
6938
1953
4239
3216
3767
573
9728
6771
9466
4527
1511
7799
5503
6784
3145
2928
1745
8392
3467
8541
4367
9296
8985
6359
6063
879
4636
4960
581
4228
430
9062
4851
7424
2013
199
3404
1301
4724
2411
1424
1890
6085
5393
6054
2725
3597
869
5595
5531
6367
4608
1440
278
4764
4582
6256
6500
4952
4179
9686
5906
9204
7485
333
6614
8839
5675
8380
6899
2446
6439
8750
5676
1909
4491
7450
2151
6152
7035
4835
2775
5234
563
9157
8060
5292
8134
2854
2201
2305
8322
3160
3042
5380
7099
8401
989
2982
5889
1796
4380
6067
2907
3952
4694
5508
1860
261
5745
6364
8186
4127
9233
8630
6779
2182
7322
3038
2234
6600
848
8998
1717
5596
4109
7788
4503
1633
3955
7161
1818
6800
4823
8948
9431
3659
451
2492
1159
9981
2592
2298
9944
762
8914
1814
2099
6553
5325
2465
6982
6392
8702
5121
9995
4606
6659
70
3023
6295
8395
8057
6050
57
2880
7086
4653
9698
7558
2711
529
2965
9837
971
9219
4558
7311
8866
8020
2498
7457
1972
5881
3049
1013
7744
615
8327
5381
4477
2148
357
9343
1841
8543
4492
4277
6817
3197
215
2204
7071
3217
5867
6547
643
4254
9943
6335
90
427
2717
1823
3538
2963
3439
9689
1641
2209
9939
2415
8284
7104
8335
3051
28
7436
1829
3243
6642
1863
1323
406
5349
9635
9786
8368
4630
2568
9614
1612
9552
4368
3310
6350
499
1912
2751
4717
6618
7767
8484
8674
7050
6721
9633
8302
1378
8387
737
9025
9553
8558
850
436
9608
1715
3749
4838
7968
1827
5371
6494
9771
8658
6326
4875
3065
7118
8764
7454
1442
5190
945
3325
2113
9700
1896
7752
6716
2555
7681
5895
7048
6925
3740
5856
7782
6363
4645
8928
1754
5912
5151
3929
308
5096
5911
7472
9087
7802
5011
4605
5762
140
1565
9145
3158
6278
2124
5472
2091
7580
6289
973
6011
2462
9095
1917
9346
1822
8894
3542
5072
8267
3124
4353
4961
7315
805
7297
9976
6257
4267
9779
2650
6245
1963
3367
7247
938
6144
2044
5915
8138
7654
3881
4884
9654
7087
98
8849
1760
8291
7814
2722
9101
9977
7687
8778
6047
1195
7544
6209
8031
2903
939
4413
6040
1654
9538
9996
9275
2449
8049
24
5620
3208
8571
7197
2131
8292
9655
5182
509
3014
5008
4841
3376
6737
5159
6321
1077
4648
8638
7422
6585
4519
8991
8428
5692
585
1652
1124
2139
9955
4526
2971
3236
2084
3347
4530
3754
8032
2280
5465
9183
6096
7145
3414
9316
7444
4096
1941
4719
9455
297
6399
5845
7707
7653
4592
5836
4439
5833
4282
1115
9934
6621
4792
1519
2672
7803
7179
1531
3175
4962
1070
5511
2850
7851
2385
8051
6605
7980
2445
244
5542
1241
1032
2900
6654
1628
8761
6972
733
3294
7282
224
5401
2524
8028
2287
3261
2106
5659
4897
1757
1237
6149
3908
2037
7839
2304
7626
9850
4196
2509
9575
9424
8720
4783
5804
1734
6988
7583
4555
7812
1714
8125
2400
2407
3951
7563
4382
5812
6485
1520
8463
849
2743
2709
2135
6270
9631
3253
4604
4906
5051
8969
6003
882
4154
9138
3210
3247
5332
7967
9382
8790
1876
2999
2874
1908
7698
5185
7575
2384
8312
6738
3836
6687
1162
820
7387
5725
3272
695
8230
2175
8624
9706
6395
5526
7264
4080
2627
7713
756
2205
6041
4210
7798
4669
2378
7394
8941
7873
4790
1986
6001
2225
8429
1573
6239
3590
7534
1980
803
1585
2251
8692
4083
4779
8270
575
1419
4126
9463
6703
1509
7504
832
5338
8219
1780
5388
8179
9573
4370
7455
7956
8145
895
1169
4331
8450
4660
8042
3006
6942
5793
1171
6680
6260
8837
5378
4141
6017
1843
5245
8393
8585
8439
784
4826
2837
4805
1242
3718
5163
7559
7927
6037
6666
4735
7888
3403
5862
8995
433
772
4882
2580
6888
3099
4678
9519
6949
5360
8459
2968
8300
7729
9666
1469
268
9254
5931
1631
614
2521
9319
3401
3399
3753
9358
3968
6028
8239
6453
7452
192
5010
8654
7994
6360
6206
2685
6571
5925
8061
3829
5260
40
8372
4737
7244
6967
2647
7944
408
8498
4035
5861
1360
1118
7327
1782
9871
662
472
2134
6178
5827
5831
8022
4009
9486
7508
248
7977
5289
1846
2665
7083
753
135
6837
7003
5780
3530
8715
1877
9987
5389
2812
3585
4540
3849
4423
1853
2334
7754
9904
3359
8522
2832
2132
7816
6032
367
1225
6338
7588
5553
3649
2027
2654
5687
45
7090
6884
8890
274
7110
1285
2581
5426
3465
6612
7293
6607
722
9547
3869
2484
48
5994
8689
1554
2791
6909
666
5838
148
3879
4412
5901
1923
9137
7111
9344
5963
7650
4352
7906
128
3258
7646
9711
9393
6112
2101
8691
1560
462
1111
8075
4949
8501
9979
5505
490
1976
878
2390
2018
1231
342
3889
9971
5790
5648
537
5684
716
7584
2819
6169
6904
7565
6322
5549
6833
4066
9893
909
9641
7557
106
3473
3132
7903
9419
9159
2966
6653
7663
2932
1429
3821
9571
9330
299
6147
7896
7312
6109
890
2012
6709
7283
8294
7917
5475
3963
3860
9129
530
8229
1832
7054
6937
9195
4346
1837
4452
698
711
542
3061
9737
5396
8504
347
510
3629
3926
8039
8008
3551
8544
7870
3157
2642
1000
1288
3029
4750
7401
9215
3988
6401
6773
2392
5494
7664
377
247
5514
6930
3611
3334
9414
5452
9868
1663
9250
3321
8513
6309
730
3492
9788
1862
9607
2299
5392
3241
8845
5853
3415
8462
1148
6228
3998
5787
3437
8502
3280
5633
8351
9081
2984
9174
46
5199
4880
962
584
9582
2645
5962
8073
6479
1693
8477
280
6481
9478
1605
1095
1659
2857
7399
6825
1096
3314
5154
6756
5483
7688
1613
3870
2825
8451
1106
8791
4733
3291
1762
7868
6133
1215
6410
4459
5957
5196
3474
7463
859
6238
6760
6468
3345
5351
4831
520
7517
1956
9542
3396
6068
6853
170
6009
2483
1147
8766
5030
7590
813
9312
375
829
5890
9077
7174
9395
7102
1471
6960
2443
4887
2690
6924
5379
5589
9743
7610
4548
2831
2173
8140
9520
768
8509
1749
6744
5028
4241
9881
661
6094
3811
9131
9464
5824
9176
6477
841
4794
8911
7665
7390
1690
5166
5917
2679
5577
1954
6764
1173
5789
42
113
5599
1650
9827
2296
4936
2585
6435
8123
4557
2742
2539
8278
3806
2551
2881
2820
5109
4872
864
9908
5783
1679
5341
5945
6466
2577
8437
2790
6377
5765
9766
4334
922
4751
3915
2629
4033
7471
5439
189
4090
4589
185
4514
9298
9301
110
1794
5142
1568
5094
6506
1480
3798
2389
8398
5312
2062
8083
1856
1703
1415
5076
9268
6334
8252
1685
1004
1102
2006
2797
3341
157
1861
5368
5003
8748
3701
43
2194
2863
2367
5663
6236
6422
4248
8773
862
1788
5457
6558
8332
4625
5509
9191
8814
4917
685
9853
8555
4337
6312
947
2162
5346
7894
5176
8614
2405
1998
4341
5713
9880
8033
4716
9208
2913
7735
747
8240
2187
5481
3003
8136
9618
8474
6865
1476
5846
6858
3775
7930
7155
5860
684
3725
5914
905
196
5515
5524
4769
4038
9911
5298
4104
1422
1673
713
4899
9239
6570
1957
5244
7356
5251
5424
7568
7189
8006
8696
6955
4310
2406
3540
7140
7745
2702
8857
6368
1085
1955
466
8586
4189
5239
6486
7866
960
6921
6534
390
3202
8374
6546
8603
8211
6031
3803
2909
7990
3841
1948
5056
206
6795
2396
9910
6870
4
5181
5706
6934
9384
7019
7690
3354
5444
2861
1561
3980
6493
9
7
8241
6583
3189
9065
8754
7880
7184
9165
2757
2164
9352
2951
4255
562
9970
204
9471
9136
1544
5040
2192
3292
6724
1010
5035
5177
3279
3379
9246
2464
8900
793
2107
3358
469
884
9310
3739
2036
7451
6103
3657
4064
5974
7205
6814
3387
3406
2088
4065
6095
2279
8598
7026
1831
6971
1791
576
7378
5489
8570
1736
1037
6604
6244
3233
5449
8939
9659
1098
6742
967
2676
4890
2954
7793
4253
5254
2745
4818
4056
7679
418
8641
9367
8150
6881
6015
3320
4479
4934
1158
1363
3256
3143
6631
7789
6589
2621
1850
8738
6049
9752
281
3620
583
1738
658
7905
3837
4403
1366
3205
5982
9051
5756
6004
7865
3728
4318
6919
6249
604
4307
5607
2202
919
257
6444
489
7233
8067
5583
8366
6447
9697
2902
3690
1707
4467
555
6700
7476
877
8200
2590
8065
9761
2556
9642
6217
5939
8069
3192
3486
9652
8089
6707
4462
8383
9813
3896
253
5193
6562
9086
3786
5519
9821
8296
6678
6538
5412
8247
4864
3127
344
9258
1598
9073
3575
2246
3074
3505
7276
2641
1062
715
2323
6331
7127
1192
4892
1026
6457
9425
4993
5740
2849
4389
6667
1728
6014
191
8538
5611
1125
7088
3476
4997
4756
7477
5702
3528
709
3305
3161
101
9399
9630
9634
2942
3218
5938
9781
8313
9158
3135
4357
2726
759
8185
332
3095
4599
8862
2899
405
8072
1701
9729
644
303
7148
1213
5602
4830
1139
6461
4299
5759
8770
2649
7667
5932
7900
4505
8333
567
735
3264
5054
1574
309
7699
8243
7529
767
8430
6810
9353
5362
6105
1926
9139
5376
2897
2949
7473
7974
3462
9389
335
1833
8452
1427
6741
7416
9345
4646
857
2500
9054
5565
3667
8037
3191
3984
6264
3461
8085
5247
4639
4998
4817
496
5563
5175
3288
1178
2189
4534
3847
8151
6274
1907
3830
3102
3799
1372
2350
4545
5629
1535
6275
8850
6170
3529
6684
3166
7566
6936
8015
9133
1211
3895
2360
2953
4052
3440
8133
7493
1046
3574
1945
8479
7081
5144
3489
983
3027
5499
8858
5375
3154
7518
8272
4187
3140
3336
3021
7727
8964
9950
114
7306
1318
6873
5795
4641
4017
2453
5320
9433
1344
7431
3948
2941
6592
4920
3917
7391
4089
6082
7499
379
6470
9611
6965
6158
6681
9122
1403
9801
2372
2365
9838
9409
3576
6076
3831
1331
7984
9497
446
4091
1758
7198
2952
9829
8794
4845
8566
9680
4628
3087
8449
2354
7213
9870
2594
9546
208
9733
2212
8144
1697
3435
1029
374
9714
7210
4821
9650
996
4903
8838
7783
8283
818
569
5613
6726
4517
3394
9230
8600
78
2125
3999
9420
4441
4925
3595
7185
7215
645
7124
6918
2718
7143
1194
951
1566
8326
3332
1704
6577
4684
6190
6045
9716
3133
8250
528
6775
5807
2058
6142
3810
1050
4195
9632
7522
637
2853
5018
9777
4468
3188
8391
1799
1305
1905
1170
10
3203
9846
5718
8945
2566
3724
5984
9185
5618
5437
9085
9802
900
9114
3274
7926
3333
4317
3239
5098
4673
6305
473
7716
1665
7307
2898
804
449
4163
7326
2009
9259
549
3780
6717
5165
2410
9649
5888
8371
9128
2835
1376
2625
9585
8867
3577
2433
6139
8564
7009
8979
5990
1942
8160
8859
4394
2079
4336
5947
9536
9763
9439
1108
7579
4183
4610
4973
1302
7573
704
6624
3914
2490
4385
7364
682
3919
7818
1958
7982
8139
7434
133
6378
8880
9953
9756
1865
6199
1008
175
5116
9044
6267
9961
9580
5936
456
824
9963
252
3582
2496
7768
875
5236
8818
4024
8631
4197
7267
5268
2523
3901
5017
5271
3255
9502
6130
7120
1134
4045
3844
898
1886
7951
6572
1774
9322
3302
4788
8120
4281
7719
9991
6819
9595
9887
1508
3795
1433
724
3407
6663
3862
1562
3234
9620
1925
2250
9089
9445
1131
5539
7619
7842
5726
5284
5255
23
7598
8899
808
258
2852
7823
2468
3672
8581
9110
8697
4153
6846
2319
3093
8919
920
7201
6160
1408
7856
1279
1518
4084
8877
4696
3331
988
2188
5243
7180
1052
3757
855
9845
6189
8840
7822
3064
1881
5540
5754
2108
526
9909
2752
2467
1025
3650
4690
8869
6656
4686
8473
2226
9568
6
282
739
6463
4355
4113
6650
1086
8005
1271
2154
7576
6283
2643
2278
5909
5259
8701
2766
4073
8097
1437
3521
1537
4762
8331
3916
9884
3933
2628
3648
5023
9434
7045
1311
2644
5709
9959
275
8999
103
8152
7295
5408
550
2821
2072
4721
9507
5647
6931
426
5425
7268
4671
7869
3186
348
7949
4569
2377
9070
2167
4289
8994
6661
4200
7787
7029
1769
2227
2980
8901
4810
3845
4511
5112
623
8959
9427
9058
3020
1643
3346
3266
4588
6699
592
9687
1350
4808
2591
7279
8966
2547
8792
9848
5253
8813
3573
9990
2505
810
5148
6373
1513
467
1257
6000
4194
9398
2281
1660
4236
3893
7574
1699
82
9778
108
4324
4964
6266
1949
6698
7350
6413
8505
4658
6815
5387
5918
1186
8955
3319
1138
1320
8847
9200
8579
7920
7194
1563
5242
702
5404
398
2605
9902
6706
6129
1879
6262
4996
6243
3393
2085
1221
2393
6046
9290
8975
315
4819
239
6864
139
6989
4144
3464
1692
5695
6929
4677
8903
8527
9309
2208
119
2989
8198
8653
6820
4215
1031
9992
5469
1970
4858
9998
9262
6990
4602
861
5267
5949
1629
7365
1229
2794
5885
1387
5887
624
9235
2371
7223
9591
412
8424
9103
2171
5252
468
3907
7532
8004
3750
3055
4999
582
9579
443
9975
9184
388
9726
2637
2687
4374
2089
4445
4915
7325
9734
4170
7216
2149
5455
8127
1460
4942
5988
2895
1289
5763
5673
5043
8496
9912
4937
2800
8465
2219
5703
8385
4037
4754
4116
6093
7815
8557
654
5104
8078
5752
9551
1481
6545
1706
741
6729
4726
5300
2526
3670
4349
9132
5535
7097
4360
6200
6542
6314
794
1845
5136
3235
8729
5557
4330
6750
9225
1978
4532
8187
9368
8026
6098
4071
3131
7063
7076
640
5357
6237
3501
4406
9671
8910
2673
217
4953
5796
1406
6793
9072
8957
5237
2469
3058
1731
7859
9126
4455
5651
4325
641
5427
8153
3190
3432
4861
4425
7526
8904
3994
6110
1431
7996
7750
5422
2630
9251
4338
4609
916
1065
4834
362
1816
1428
8369
8045
1133
2542
3356
7929
3351
1603
8009
4348
5374
3289
2023
4591
1614
246
50
3537
3165
6482
2150
2753
3624
2257
4191
9306
8453
925
3180
30
1172
8472
5204
5410
7269
2856
1074
9049
2846
757
1265
61
1666
1904
1507
3363
7159
7514
7940
1240
1061
7002
8320
4689
6854
1870
970
5445
556
4743
2575
5476
982
6448
9646
8311
5263
9757
2873
8592
7887
8848
5605
4587
5537
4893
5077
3144
7475
2397
9843
9401
1348
354
8074
4296
6529
5184
6276
5024
6519
8815
3360
8690
2562
9161
2229
7489
6345
6450
6159
9460
6384
3607
9533
1417
7494
4242
8977
5747
1549
6635
9523
3558
1918
2530
7877
5934
8618
9068
5818
4388
7530
5854
1402
4672
9616
3265
4869
7549
9331
2651
4865
2452
3388
7114
8121
314
3204
7651
5122
4381
4900
3552
1328
1043
9530
1761
1180
6774
4176
1071
6889
5578
7001
6488
7747
6997
9194
4868
2677
2461
5610
6391
6242
2610
2050
4866
1264
5350
3887
1235
6549
9221
358
8377
9817
2998
3709
4729
9619
8353
9586
1687
6442
1456
3964
8337
8096
7459
6101
3498
8469
2787
141
4867
3293
7883
7303
6591
2886
6285
7761
2409
1375
9600
5522
9892
3262
9560
7555
2243
212
7708
6347
5775
7366
5630
4245
8232
5217
633
6394
9673
2595
403
2978
4203
1338
7946
2210
7612
8560
3954
6429
8587
9127
7978
7571
7133
5402
1426
6786
7341
1121
4976
7861
9178
6428
5910
2608
2418
8458
7824
5137
8961
4213
4372
4521
9948
8568
5772
5579
5527
9739
6634
7795
897
3734
3004
7801
3579
6895
3696
1809
5927
5498
4510
678
1263
1597
8647
8068
9584
1928
8210
2537
8336
2534
2827
3981
4051
2329
3502
6221
165
3119
6799
4985
2421
8562
4049
9019
7638
2553
4727
320
5806
326
1960
8199
1952
6524
8010
8510
860
5924
7089
6066
4728
1410
915
363
9197
6701
6311
4082
7406
7901
236
6718
8916
7528
3107
7004
9925
2716
6580
7349
836
3989
4314
5799
2851
9338
2459
441
7407
5295
5195
4986
7567
7091
2611
8059
626
524
4513
2806
4415
4301
6525
4246
4607
6369
5819
6812
6478
5668
6673
6991
5680
4538
9709
1729
5171
9120
4668
6908
1700
607
5585
600
385
4235
4152
1645
4134
7902
1787
205
8221
8650
8191
880
5873
8052
8038
8875
2671
3193
6464
1872
9545
3275
6452
6811
9661
5079
9318
8293
1966
1304
3756
6088
8476
5697
5866
9249
1286
5372
886
393
1763
7490
8705
889
8594
2271
2448
9179
1810
8604
7553
2884
4958
5574
4560
4842
9945
8666
9357
1931
8070
9090
7100
6625
7757
6225
5562
9982
6122
6078
9149
4321
1156
1723
3096
1851
4188
732
6318
7515
1552
7338
1543
7182
1359
3231
9719
264
7531
4173
2561
2802
5568
4820
2588
8415
4596
2015
1190
394
3525
3639
2783
3185
2699
3969
7211
4198
6125
8827
7460
7689
3653
9869
5653
7108
7418
639
4708
2083
7749
9375
3366
3816
1667
5558
389
8289
8361
2529
4908
7516
786
1253
3931
3487
6845
1898
9037
1308
7811
1396
136
3608
2587
6432
7899
8457
6841
4939
5638
8055
1068
5667
5141
2440
771
256
2197
830
792
5950
3982
9448
7882
2339
3213
2834
9694
1002
3120
7362
8825
2232
5612
1540
3640
1022
6204
3676
2486
4981
4006
4292
8898
8209
9668
3290
7759
8482
3150
9452
2615
8276
6187
9738
9918
4291
3121
1319
7393
1467
6034
3925
7178
3522
1858
481
9406
6330
2011
9415
3441
780
8710
9166
5716
8962
7720
5921
5597
8468
943
4679
167
2053
2045
6425
9078
195
9053
551
5062
2736
1109
1835
5837
9670
833
2701
3011
2430
5874
4567
9416
5749
4124
5306
9187
7934
5518
9284
2704
3903
4537
7591
9485
4397
235
5405
2161
1300
2063
4309
5609
9326
8714
2014
3362
7602
5779
6302
9402
4640
162
676
1716
1155
9883
1965
883
5496
5419
6920
2286
2024
1526
4131
4369
6010
4172
4541
8883
6620
180
7659
9381
2882
5337
4216
4763
4161
3975
295
5073
6027
5291
3873
8169
8727
1146
1499
4447
8726
587
5304
8062
3658
3904
3427
3617
2987
5828
1797
3746
8968
4086
364
3819
9323
9283
6543
9988
1979
4583
3833
6426
3276
3071
9518
5158
1409
5500
3784
1035
9447
8612
2948
2275
8925
8960
5849
1099
4279
8110
8080
5961
5272
3495
631
6358
5310
9379
5761
6332
5014
4175
3079
3921
754
3612
5755
9588
8203
6611
9203
5192
3423
439
1887
5572
1470
1852
8992
2838
9450
7166
9355
480
3885
7712
4473
935
6059
3958
425
3770
4698
6408
3130
2383
8844
6089
9356
22
6301
3267
4411
232
1105
4347
5160
1230
4995
8109
4426
9348
5826
3511
885
8988
5358
2603
2123
9332
568
4214
1430
7144
2235
2427
2824
6544
6087
1959
8807
8330
9432
7062
3900
3422
4377
6111
1443
6324
4782
903
478
2436
2190
1326
4784
5343
1441
4167
8524
5213
1922
1601
5231
5534
1217
5026
663
1656
9209
122
3681
7196
6950
1893
6186
1165
3512
284
7636
6848
9769
4623
4598
1154
1789
1001
109
8347
300
9245
1983
9799
9234
5429
5355
5584
9505
7348
8646
6725
8528
4199
5286
1082
8273
7232
9267
4237
190
5986
3242
75
73
6695
3697
577
7853
4516
6397
8547
391
7947
819
6790
6975
5788
8257
4990
361
5715
7230
318
3713
3073
2057
688
1196
8521
6979
5022
2010
2700
1278
7615
4616
6252
5206
2638
2573
8438
6541
1664
2111
6386
9797
3458
9570
5117
6509
5637
5864
2434
6247
5021
9257
5131
7031
1903
2995
1536
6184
9983
9621
9793
3534
1694
6090
8234
7286
6155
554
83
6281
9459
9557
4870
3163
650
3839
888
512
8147
926
8774
9435
5586
7629
3527
1578
5403
1726
5057
1145
2029
3469
5365
872
4670
1815
3504
4971
6121
5301
9717
6380
2326
8730
2331
1530
5084
3311
8325
5130
3748
9363
9730
4121
3971
8668
7456
156
7874
7080
7993
2198
8030
8767
8552
9860
4453
1199
8043
5089
4118
6996
5361
9028
9804
7225
9703
197
2527
1034
5689
370
2311
2747
3343
1595
6754
1260
595
8530
8460
237
5352
1682
3122
5450
3499
459
1407
725
5700
7369
5699
799
9172
3028
1412
9603
700
6948
5839
6576
2479
1261
7284
9984
2662
8856
6268
6174
6404
5211
7439
1555
2284
8908
2119
3892
3068
7022
8356
5264
225
3463
763
2081
8129
853
7910
479
8154
8732
3510
9119
3010
4339
7027
5451
1975
1110
893
1007
8263
4053
7876
8486
8831
4320
85
4800
2983
801
1287
2274
6561
2557
9327
3335
3259
4752
6191
7693
9349
4359
4068
458
3637
942
2450
4391
954
761
2719
2694
5132
6061
6271
7281
5069
7961
3752
8870
4871
8017
1306
5835
7266
5728
2578
3589
1341
5544
3339
7966
1765
1048
7834
213
1347
9238
2191
3622
4432
3174
1859
1351
2356
6669
7106
3598
4966
7631
8324
8652
2914
7036
9952
5433
3928
6030
2080
7972
5486
6265
7924
4297
8349
2285
6065
5523
8741
9199
9648
7507
9286
1220
2710
527
4675
7613
9820
9441
7319
3098
9824
2865
8635
8319
7139
5224
7884
2683
6341
5478
3755
1798
3665
3105
3378
5900
334
8525
8422
7176
4550
2805
3995
7008
7343
5767
7345
4522
1107
5872
9080
2017
1458
9625
25
2788
7854
7935
127
2678
7238
3569
7709
1297
525
7607
432
7697
2394
132
3996
2355
3946
4023
6024
7447
8233
4078
4500
1990
2648
7234
1157
9936
8643
8182
2260
6877
8048
3176
6337
3745
1878
2879
1688
5811
8236
7609
9597
6342
7272
7367
3771
1943
7023
572
100
7253
5744
6171
4304
84
5645
5830
2635
8215
2451
5222
6959
8212
4722
2974
3237
7898
3012
3674
7331
1362
5865
1722
3142
8943
1626
5884
5615
9428
7999
9537
7192
9928
6597
9833
1216
5106
3736
3723
321
7302
7539
6140
7468
9130
2847
7085
6495
8762
5564
4846
9116
9675
3655
5907
3635
4407
5711
1303
4273
578
5587
9764
7791
816
534
4151
8520
7837
5809
559
961
4401
80
3567
349
952
8793
6961
3842
125
7314
1101
4777
6319
7320
4776
9480
4345
4340
748
8873
9429
7333
163
6609
8132
5566
1386
7919
5532
8713
3340
6915
293
2233
5946
9372
482
2944
4590
3763
1844
8832
5390
4857
2927
6511
3307
6868
6433
8487
8902
4536
1582
8359
3944
2288
5528
5902
5340
3698
2073
987
3147
1547
1558
87
9269
2432
8119
5086
4261
3304
7151
7389
8163
2634
4896
6719
5436
9701
1352
9861
4019
6512
8315
1489
9931
2516
1141
6559
1506
3426
8944
477
2950
7430
3602
3751
6317
7614
8805
4280
1080
5798
3945
9795
117
8924
8399
4904
9097
8024
8810
7928
474
8426
6213
8446
8833
2261
1092
8519
7146
4101
4496
8655
4945
1869
1435
8588
2109
8602
2195
1270
6035
4652
5191
1737
4680
7113
6211
329
222
601
3178
5989
1525
5992
6601
5258
3793
9366
4755
5330
3613
2686
8188
3381
3162
3088
8717
2020
7780
9155
4013
3610
8974
6688
5800
6349
8601
5978
3977
1996
726
8397
9252
2883
2836
29
9407
2889
8202
1671
2040
3457
6176
4988
290
1183
7652
3033
2993
5296
8082
4544
2908
9997
8573
1950
6672
3609
4876
4305
4626
7200
3520
328
7411
5133
936
5492
4303
9314
3983
912
545
6935
2682
3986
3022
8891
6340
7242
7377
588
2778
2842
2569
6180
9814
1370
2986
2105
625
7075
2759
8027
7208
6390
9667
4419
2417
3446
536
291
9277
7997
7772
5964
1567
8098
6838
5671
1589
8533
3684
544
4434
2828
6036
3874
1078
5738
6852
7169
1897
1207
2068
4260
3057
8118
3112
4921
3702
7328
1488
8842
8281
5415
697
3299
5345
9898
5045
3596
6474
8724
2429
906
6079
1709
9462
4665
3523
8193
6954
749
6416
4946
1413
35
8771
6234
6947
6473
5794
9169
7695
705
817
7538
1618
3113
2798
5103
3956
6288
3535
4901
9554
6655
7186
497
494
1
1691
4169
911
7596
7442
6372
3019
5169
1559
7847
2975
3101
8226
6552
4319
796
5955
1166
5995
7448
59
4930
6480
2218
552
9031
1993
1491
9123
5801
4539
5305
1593
5153
9693
3016
6375
2239
4220
2481
7669
9494
5183
4335
8580
2771
2174
277
137
672
675
7639
4077
9543
5
8128
5059
1932
4923
9643
3927
8597
6417
3372
7633
339
968
2809
7274
2896
69
6944
2046
8935
5980
6207
8343
8423
7119
5958
924
6995
6986
4725
2663
8108
1193
5319
4156
3493
4748
8797
521
642
9577
6104
3054
9524
6517
3301
7603
3516
622
7569
8661
5002
3817
740
4992
635
2220
9228
7368
4342
7632
331
8400
8981
2447
9479
505
8887
3031
3151
7162
8938
492
7523
4300
3671
2100
1020
6696
1472
4736
558
5290
2762
8305
1444
153
9744
5081
2332
9071
9144
7465
4718
6956
5037
9954
9791
6999
7496
7017
5929
7536
1477
5694
3240
956
4695
2441
6632
4047
1551
5698
4137
7545
7784
3601
4807
6974
3593
6381
6946
3544
2633
3910
3872
5614
9544
415
6315
9449
201
9859
6939
2422
4285
721
4913
5228
1748
7052
7015
9010
2618
5447
3581
8167
5409
941
8684
447
3714
7231
1089
3628
4081
8708
9211
1718
9862
3448
8546
9255
6567
4734
501
8627
7525
7970
3562
5665
6978
2957
2733
9240
7976
5743
9404
5442
285
4853
1214
6682
1962
6643
6842
6893
4164
3328
1973
4712
9656
1888
4075
1486
1817
9477
20
9177
233
7771
7500
933
5943
4581
411
319
6963
6537
3688
3638
4730
6420
608
1591
3941
6374
316
265
2176
655
3447
9121
4839
5411
9856
7786
7043
5215
8743
6393
4016
2200
565
9658
7738
8265
3317
1066
3481
4828
8789
2814
1497
8064
8622
2379
9383
1627
2844
6351
8244
9105
6307
7622
7042
6578
8023
211
1313
2887
194
2238
7809
6722
8534
3600
9886
8881
2059
3815
2892
5168
8412
96
8378
4184
9905
1669
6018
4575
9004
7846
4219
476
6987
4975
7678
2938
1892
3626
6850
4433
1500
5470
7193
9350
1741
4097
1725
9006
4464
680
6483
6021
712
491
3973
4682
2087
5773
8685
6107
4226
1801
371
4174
6513
8288
6912
402
3572
9444
9819
5656
8800
665
2352
2346
7149
3664
1977
1503
74
1247
2256
2536
2282
2035
9865
4201
4655
6647
5985
9640
3312
1842
7384
7778
2885
4802
6834
1269
6313
7805
2960
5632
9109
2337
9088
3867
5456
8537
7115
2341
1733
1764
1545
7840
8041
6255
6077
5273
5189
7199
1821
3468
229
5736
1329
5480
2276
381
5580
7355
3037
8725
6958
8634
1683
8958
5344
791
6702
6606
8758
3678
4315
1708
2435
8829
5782
5991
5095
1011
9765
1724
5200
4427
9385
2041
5719
9443
2571
669
3813
9831
9567
981
1609
9026
1218
2255
9011
7648
8722
2242
9060
8779
2977
7440
1291
5707
234
9016
6277
6867
5328
9141
8917
8126
6043
7235
2504
9278
9410
3327
1088
9832
6430
4123
6943
2720
758
9517
6194
17
6595
5308
1012
7014
3790
2730
2240
3826
7275
5249
493
6436
9549
7642
1420
6117
4206
3840
8756
4364
660
1094
283
2333
4774
1874
9380
2614
5108
4119
5776
1812
9218
8854
8619
2473
8987
720
1256
5134
994
230
2723
5007
317
2065
2442
1266
907
3772
9782
3129
5669
627
6644
2540
674
7288
240
220
3434
990
1365
612
5652
5893
9413
6734
9529
5353
6411
8551
5434
8013
3722
1702
7800
431
4572
4683
3731
307
788
9292
4256
7548
2316
159
5817
3715
7147
8716
6885
8719
5662
2444
4495
5598
3644
7938
2697
8709
4632
2414
4416
437
7594
3643
4765
7092
6691
7704
4551
4963
5041
7680
3883
8615
4662
3075
4561
4922
2545
6044
9610
9041
6619
37
409
1391
2025
7392
3069
8362
1057
8396
4493
6761
1027
7034
6058
2217
7897
2168
2374
9509
9527
5241
8757
8157
2145
5930
782
5708
13
8548
5882
4552
9891
4487
5959
5468
6402
5948
7403
1517
6492
7483
9535
5128
3212
2923
2501
8679
186
5573
1971
9308
8480
4026
5334
3225
8084
8610
1449
1921
687
3282
629
5622
6767
858
8081
4072
9064
4509
9767
1524
5348
1047
60
3560
1189
6835
7461
9335
3788
8360
8882
769
3913
4424
8940
4775
4398
1382
3934
4956
2048
9091
1648
1332
1933
7469
2138
8111
7214
8753
6092
9699
5516
6563
1028
9387
2078
6535
7093
4032
6490
2744
985
2482
901
6588
5167
7358
7592
5691
2001
835
7241
6856
852
3922
6843
8011
3880
628
5786
8194
7909
3128
9636
2318
2669
3053
7918
7832
7701
9727
9311
3805
7339
9193
3136
5414
3814
4470
5246
2616
4687
172
5543
1653
6966
3138
3519
8405
1668
1400
3974
646
1187
2670
5952
4429
2891
594
1461
5973
1485
8733
5491
2159
8677
6816
7875
3719
6250
7270
7813
5898
1770
9270
8184
7885
9617
2546
6230
3761
2867
8113
7188
3732
9684
419
9289
7136
873
1820
4333
3760
219
6083
2230
6406
3586
1226
9273
4768
3909
4230
2344
131
7245
6556
868
7537
4128
5714
7850
8768
7425
1522
5461
2765
2570
9695
6440
5737
7774
3868
611
8897
9048
5693
6273
6713
4005
2094
465
5741
8454
5677
5590
1307
8628
3047
9040
5088
146
6894
5674
671
1188
4740
1571
3215
679
6648
7202
2988
4983
8936
292
1786
3371
2002
8432
7808
2165
5899
8181
5821
4384
5627
6660
664
652
9516
19
7533
5083
3152
9167
6821
9938
4475
7237
1752
8095
7414
9993
387
807
359
6776
8963
7432
3108
3395
6616
2295
3402
1181
4508
1179
8309
2245
3313
5377
3935
4362
8146
6193
8563
4275
2860
8277
4148
7715
1164
4217
9216
7300
4421
3686
8507
1686
5091
6933
6598
2589
2172
7428
5721
5965
2735
3604
6135
1198
6636
8637
8918
4554
4329
5847
8572
5810
365
2361
2607
1355
610
3141
5367
2992
5546
9749
3309
4738
992
3661
5466
6916
2380
9386
8876
373
6783
4950
5808
3494
4512
4140
4697
1083
5063
144
5555
9412
7730
7383
7207
8025
9017
8549
6627
31
2597
3541
8872
8662
9276
2770
6293
2653
1244
5720
9969
6594
1557
8304
7141
7479
2169
6162
976
2069
7763
546
160
1093
3224
827
9151
4957
1624
8077
9264
1542
7923
2303
3048
3043
6596
4518
7625
7412
6177
5661
8737
6796
9171
4456
2741
8930
9279
2507
9369
3322
3553
3625
531
7932
2403
9212
3645
2640
7070
7527
4482
5781
4076
714
9589
1556
7973
9146
3539
417
3483
1327
9968
4332
6438
7831
8258
7925
2756
9465
7074
327
6310
2955
1073
4700
9732
5322
7617
1577
3692
5339
2180
3342
6579
694
6356
276
1339
8993
9822
2584
7855
6456
8345
2780
9075
7986
5769
7152
3248
6196
5093
8950
3177
9021
6587
7309
2343
155
1337
8091
2833
9388
6445
6115
7520
9160
6437
8965
1069
8626
1418
4157
8249
7263
3647
2213
134
5157
7413
2613
1393
1380
7420
9291
8266
4117
3689
6352
5533
4034
9768
41
9513
6849
5101
9501
4978
6451
9688
7703
8099
1377
3936
2491
7187
8651
914
2858
9317
3244
4907
6746
3194
7963
596
2033
7129
4836
6802
3382
6679
184
6223
8314
2136
1130
9190
4166
8629
3125
4663
6869
8816
4515
5710
3479
6154
7337
8406
5120
7711
7830
7183
2972
6633
4613
8752
9811
1385
6060
6993
5621
1153
5138
1116
1039
8497
4440
2471
6163
9027
4365
7395
7374
4502
1534
6732
783
3389
5550
1719
6692
2945
5274
6863
913
9045
5552
8539
4593
4856
9436
9295
7635
4287
781
1672
457
910
1038
4486
7492
9148
360
7733
6182
1739
2554
991
4229
6665
5233
9181
5940
1142
7912
6455
3323
273
2264
3209
2877
5118
1343
8611
1136
5941
4571
9623
9740
3199
286
1981
124
1868
2601
1636
4136
6472
1184
8261
946
5114
1785
7828
296
5326
7224
9696
1586
4832
6233
151
8012
6291
9751
3706
6099
6992
1479
4787
6080
4860
599
553
9180
2729
7101
3250
4031
2503
9810
4302
9271
4180
3232
9135
91
7246
6126
7397
3832
3361
9622
9111
7278
4484
9967
6504
9874
7502
3046
9973
9515
7065
811
6007
9491
613
3110
7755
58
822
8357
4574
3614
5570
3679
6917
376
5187
1600
3109
7751
3397
1459
9900
5225
6114
4422
6951
6516
2583
1910
4221
6434
9472
3526
9422
4458
3398
3812
7172
488
7995
6365
5870
5311
4177
3184
3911
6316
9937
5279
7916
6593
8159
6497
1349
5701
4186
3965
3170
3086
605
3350
6070
8443
6081
8681
324
2489
5664
3851
2823
8329
2792
97
691
6806
52
6181
2177
4566
9288
6346
8976
9495
4041
3668
7608
6219
1290
7258
7835
3472
1655
2964
3859
7291
8921
5146
6910
346
8280
2582
4387
3400
4376
6443
1772
7511
6344
8287
9442
9426
68
3891
4224
1651
5423
547
5315
5064
7843
3419
5324
2031
4327
1258
9511
7290
7655
3164
1634
1122
7380
1883
2656
3450
1123
9473
3278
4624
5852
7662
5746
4614
9746
1137
837
2915
4022
9506
8404
7506
8282
4916
1625
3616
6952
974
777
4150
1680
7998
602
1447
3808
8165
1005
3850
1619
3743
7852
9957
937
4556
8846
7308
3050
6141
8376
5797
4848
8207
2764
9012
2155
5198
9807
1144
7373
9007
6503
5115
11
6462
301
892
3615
620
1040
7542
2004
116
7848
4742
1209
1259
3100
2368
2320
1710
9731
4854
3673
7057
9720
6530
3368
4061
6637
6320
6880
3559
1927
2888
5126
9106
343
1455
6745
8478
636
3680
4222
2126
9594
7781
6575
6968
7181
5029
5993
227
1049
2713
2112
9281
7564
1268
6292
571
9244
3789
4559
3797
177
9018
5226
7357
8104
9745
9418
3924
6412
8823
1056
9847
6520
8192
3453
8500
3183
2893
6127
254
2158
6198
566
7989
948
5019
8382
1325
8100
4746
8937
6531
4692
4231
4036
677
6926
8514
3518
4088
1969
867
3117
397
8760
1117
3149
289
1783
4373
7623
5937
1462
6782
1864
9692
2769
7770
9468
8871
4379
7684
2223
9593
7098
484
8596
3300
5495
4955
4251
5208
3543
5832
580
7150
4982
2425
4533
4029
9036
6134
5052
242
7020
4570
7121
5967
8574
1463
9863
6388
1246
2335
8483
5438
6192
2345
4943
876
719
9583
7739
7218
3066
4642
7775
2698
8491
1055
8259
8996
5471
9812
77
178
928
6157
4638
3536
8231
9014
3700
2263
9009
589
4274
9498
8158
4270
731
3632
3195
3059
313
4661
9055
1661
8721
9758
2254
734
7402
2357
3488
5732
6940
6348
2961
2095
1466
686
3787
8874
8811
2707
9790
2266
840
1988
823
1658
4812
129
1621
8029
9914
953
3277
6599
3899
1602
3991
5440
1637
651
9224
7637
3987
929
8984
2502
668
3960
4014
1681
2039
7892
7985
395
7937
1299
7381
1523
7336
9962
8172
3822
2943
8183
3089
8863
3181
1572
5050
4094
4271
9873
2248
4666
1579
9828
2845
6836
8659
6508
5479
5968
3445
3223
4594
2969
2203
7718
838
1806
9676
3509
1064
9664
5641
6683
6039
3882
6832
9932
121
2249
6897
5316
4879
7950
6006
3507
288
6151
4059
1587
6132
392
7723
3295
6584
9895
1219
3484
5844
2829
1676
2270
8053
9705
5004
1581
9999
3691
5705
6145
1390
5180
6551
1759
9818
6475
9002
2746
9220
2488
6749
7641
9624
5905
5742
3315
4027
1457
5384
1533
8836
7053
9313
6765
6755
2265
1401
440
1023
6674
1902
3978
3619
8735
3421
8088
8886
9672
2382
846
1353
2290
7044
193
89
2402
2082
7589
5892
2495
4192
5248
5282
6911
5058
2211
7561
1915
3083
3923
1813
718
3025
2916
147
9956
5309
8448
1873
779
351
6051
1283
8381
