6168
7026
6679
5823
1309
7714
7272
4096
8273
8226
7623
7043
1103
2803
8599
261
5720
9791
3657
5861
6590
7100
5880
9029
9867
4175
8732
2527
4331
8830
4935
9756
469
3298
6960
1320
7607
1809
2496
8982
1192
8795
3010
3363
2711
5030
8893
3968
8268
6500
1323
9270
5127
4958
3393
5245
5567
9805
6620
6213
19
6835
4463
7988
6312
4571
1706
3208
81
7378
5397
682
55
5744
4885
184
8208
1388
2349
9651
1195
3927
4694
5756
8402
2476
7809
95
8145
1655
2131
9099
222
4709
1282
3417
6529
9261
2071
6621
7676
7872
610
8501
646
5328
9629
3324
9940
2661
236
8246
6169
6119
7267
9443
9516
8007
2043
3457
7476
3079
1643
5740
3157
9163
9500
1220
4143
1519
1533
1145
653
7154
5458
8403
1608
2774
5815
2624
4971
2883
6817
7811
6930
1677
2638
5632
9052
985
1794
5024
2168
3708
6288
3779
3740
7904
537
6408
4153
581
9512
229
7036
8008
6846
7137
4953
2715
458
3892
5201
3768
5908
7668
1613
9056
9539
7395
5470
9339
6472
7919
4062
8684
8009
3234
7095
7032
9454
9075
5741
1547
7606
5751
566
4077
3023
8015
67
8553
5094
2315
4861
6009
2452
9983
4147
1048
4611
5228
2642
3800
4332
7148
585
8431
1564
4666
9461
3700
7966
6721
614
1275
2192
185
9434
249
1439
1193
5336
6281
4818
591
5952
4172
9634
2932
1086
8297
3391
4191
3404
9543
6774
7312
4033
338
6790
7011
2290
7316
679
8397
3345
7847
9734
9326
1899
3582
210
5618
4942
9698
8036
5318
7057
1351
4275
534
3989
4283
3369
4244
6513
2914
6317
2530
872
3442
1922
2394
3256
3874
9824
2400
7206
796
7046
1694
4793
186
3366
7712
155
8485
4180
1500
5601
412
7950
7768
1341
6495
1020
7751
2495
3920
7728
4219
1397
3961
8274
2701
6210
4570
4664
1127
5100
632
2810
1851
2903
6105
9919
5970
4365
1417
7141
4614
2793
1185
7417
4912
9520
7521
6878
3448
6638
7275
7686
5377
5213
7685
1038
2694
9288
3887
5204
3317
1538
550
5680
357
2526
2489
7185
7467
7619
8076
6217
5725
8454
5679
3704
4938
5212
6901
3138
4466
4975
6967
1294
5408
7972
9945
367
4131
7446
9875
8713
3593
2064
7190
7149
8080
8125
2044
4677
7846
1151
5774
77
569
2510
5606
8509
9093
8091
8004
6034
4728
9998
3925
101
8970
8024
383
9683
1695
2112
3608
1952
5255
4766
2958
5808
8178
4641
8428
7523
3994
2068
6599
3983
3891
8619
7232
6299
7548
2740
8660
5935
3036
3792
2780
1997
6977
8800
6572
4386
3703
312
354
9349
9258
4330
8230
2910
2369
6694
1963
7882
2397
8461
737
1835
7799
605
9150
1549
1511
5872
9742
2267
5349
994
445
6106
7156
3291
2285
4595
946
5284
9129
7315
1497
7372
1227
3528
7173
4796
2023
2940
455
6855
7653
3650
7633
7853
3577
1485
4117
8029
2176
1113
9142
8920
7486
7317
8116
7874
1921
6535
3956
2362
1272
8340
6497
6562
3835
3714
4240
4408
4103
3016
8404
5084
7162
6334
3793
2314
290
1577
8296
803
9161
6756
8309
7731
5503
6906
124
6151
5945
6482
3490
9195
3219
5293
1006
5612
6530
6522
5051
4449
2571
637
3215
2250
1260
7835
7482
7419
1614
9040
4599
4317
1490
3185
8926
9601
1425
7352
2193
7554
8722
2286
9513
502
4360
9758
7971
8135
1269
8888
1057
9390
5337
5313
9197
255
1231
7117
4581
330
920
9733
3406
5666
7740
2627
5518
5635
6518
1407
8820
7349
4264
7049
9083
1464
298
7582
4979
555
6549
9859
7796
5113
3003
4600
168
526
8101
8011
6148
9145
141
1681
9912
2218
2856
2786
9289
9391
4135
4289
4901
1146
1344
5662
2546
8314
2455
4754
4014
7687
441
225
3977
3795
8207
2784
5866
812
1376
5747
819
859
2339
561
1728
1413
8
7545
9893
2263
8084
9331
2746
169
2273
323
374
2960
1776
2636
7468
7304
4344
8587
3894
4941
2254
7977
6841
2242
191
8225
9341
1734
1778
5822
6336
8648
1104
6290
5457
540
2354
2065
5771
3339
468
9113
8158
4419
5048
5442
8985
4185
915
2956
9572
9958
7626
83
7769
7936
703
9644
7163
9630
5332
2625
6652
749
1562
6435
4040
715
5437
4774
5965
3136
4997
250
9746
1977
4631
9263
5289
2412
7324
2081
3151
6735
1438
6766
9273
5841
5772
4969
8744
3352
8059
5739
7997
1820
8675
8152
7331
5909
3774
2528
9135
1447
9148
5340
8869
7425
748
2418
4377
8531
3828
9968
5481
1767
9877
2493
9721
2425
7910
5471
8838
2804
4956
916
1177
1085
3664
4991
6615
9908
5334
5065
8702
9131
4959
4338
1140
6219
7737
3966
4276
1540
6701
6479
7923
2610
5670
7451
6867
2191
9191
4536
1421
1798
9550
7852
5513
8635
4770
4025
3904
148
6464
2155
1385
337
6994
2529
5124
3119
1622
2561
1008
3227
1721
901
5706
7365
5008
6905
1951
2164
8252
6165
3687
666
2302
6185
5752
2309
5288
5026
8822
4842
3436
5933
4012
4055
2513
8653
4364
6057
960
4887
3128
5123
1867
1375
9333
2976
8997
5463
2195
3043
5215
9001
6156
9618
4212
7398
9677
3072
9188
2002
5673
4049
3383
6182
5327
5274
7022
8978
4902
4602
4236
5290
348
7500
1340
4977
1598
4218
5608
2930
2428
8132
8237
8712
6956
5031
2592
3282
6171
8105
3464
2876
7598
1115
1634
836
4858
7392
4921
5998
5987
7875
7240
7217
7432
4715
4701
8737
4471
5033
5426
584
7828
2868
7020
4337
5433
5441
9762
7412
7093
594
6269
2331
48
5591
7561
1174
4981
2368
5968
828
7021
1792
1261
9276
6276
1911
856
5014
4708
8233
2483
8774
7589
6040
4202
1763
336
436
8156
9835
6112
3869
8858
484
9327
9127
6533
1189
5573
9580
1645
7824
1362
6954
3438
4416
4954
8758
9026
100
8621
3018
5768
2340
6810
3285
8311
6243
5174
7643
6648
6254
7610
6509
701
1069
2750
8552
8462
6937
8584
5515
4146
5523
6752
286
3168
4646
3932
2523
334
5577
2234
1459
5630
8664
8148
3709
5013
696
7027
4662
4093
3398
4797
3746
2822
307
4643
5190
9610
7505
1623
9952
773
9356
3427
9845
461
2241
2503
8441
9400
5576
3264
690
1787
2114
5539
9668
8826
4580
4993
8044
2086
377
9137
8186
5059
8001
4071
4989
5853
9525
9860
4128
4002
8909
897
9200
365
57
7743
1815
3107
7962
6942
1258
6875
4857
3280
7018
7359
9322
5129
5484
360
8074
2038
1350
6747
9643
6770
9519
7718
7396
7808
8187
3741
3196
8980
6298
7271
3510
3216
2485
6524
7921
3590
8379
7010
2862
4769
5869
9889
2655
4920
5128
3017
5211
366
8062
8381
3985
6566
8109
4524
829
4517
9418
7946
242
4225
1445
7326
7855
4483
8332
6103
958
4290
2821
6321
8551
7402
3940
7455
6870
3724
3051
9918
2275
470
7302
1434
9661
8019
6659
3077
5862
2839
6393
3222
8571
5889
9901
6483
7212
8089
2890
3594
675
4266
5789
5886
2758
6309
622
3614
7683
2515
7511
7498
2150
9549
7222
809
1420
7528
6587
4001
4277
7888
3105
6192
1135
2060
285
8482
252
771
4873
571
8144
5326
2586
2372
8217
3508
5138
5355
3863
7850
1094
9046
6373
9252
1218
128
2566
6704
9946
5206
4635
6296
810
477
9214
1226
1002
6944
2954
2768
256
5780
2507
5173
6265
4301
5674
9167
1579
6470
5818
4713
1262
5034
5767
9948
3686
8940
5203
5351
674
5954
726
766
5713
4687
8071
6577
5000
2789
373
6357
7914
769
5599
3164
7131
4490
791
8959
5339
7689
1696
6000
4472
4836
5474
9577
7023
8293
2438
8582
7322
2296
8422
1609
4933
2238
8640
7833
5699
6277
9147
8183
8912
9916
6164
5711
8468
2982
5561
2947
1000
626
3294
6975
3194
9590
1566
661
5516
4223
9765
3454
9130
2654
5897
7353
353
2847
612
3099
3038
4525
2590
8055
5986
3662
7264
2173
2961
5342
4907
8373
9248
5102
838
2987
8935
4307
1228
6645
8611
6069
2687
7622
4534
8953
4697
8261
4318
3338
6675
7776
3329
5620
6715
9073
2377
3555
971
7830
3434
341
3322
2517
2207
2132
5246
6887
6222
3733
153
2828
5548
2063
8115
9480
5646
7516
3039
9578
6160
2718
7081
1990
825
539
7127
4314
7752
7557
459
1866
9895
8086
4948
911
9039
1552
8746
6900
2464
9922
9394
7234
4229
2618
1531
6765
6200
1714
8639
5486
8705
8118
9773
6456
6367
6834
7541
2111
3475
5151
6452
5707
4784
7756
3978
1829
9111
910
5522
9865
8306
8335
282
4026
8516
3149
9933
1377
6646
8220
3607
8361
4041
1558
4109
906
5421
1346
457
7080
181
4628
6002
1116
9041
7356
5346
9199
5913
1406
6531
6347
9091
4896
4066
2001
3097
801
8060
7650
896
3788
6552
1168
1239
1563
4900
4355
8255
9494
5507
9060
3474
8195
908
5775
5447
5881
5731
8107
3674
183
3579
2639
289
1814
5110
9909
9168
9344
877
4582
9360
7483
1973
9635
1624
3831
1594
5032
6204
284
1300
8330
13
1979
2251
7651
786
5821
6635
1935
9981
8421
2376
7255
3336
6881
1460
3203
5412
7015
7074
7980
8652
903
6993
5611
296
5683
2172
9406
2430
9575
5610
889
8466
7006
4721
1169
9676
2939
7502
2629
4593
5564
6893
5653
5843
5504
391
8265
9678
1585
1210
8695
9552
3798
4825
3189
4122
9768
3745
1182
2560
7635
8897
3572
5538
7113
6477
1568
4560
778
6211
5186
8075
888
1026
5451
2471
7841
3766
3008
5432
421
8281
972
2188
3699
3307
5196
695
2344
2612
1496
4878
110
7305
3004
7863
6627
5667
3241
6242
6138
2262
3240
1205
7140
6607
8809
1744
7535
1521
5995
5659
6773
3941
8170
3162
3532
6111
8610
965
178
8894
8025
3564
2016
1357
8785
969
2640
5501
4883
4480
2553
3271
2797
9640
46
542
878
6613
9247
7767
3922
9306
7265
2391
1752
4069
6416
8383
8768
2570
1316
9211
3626
7136
4621
1433
4190
4584
6815
2341
481
4221
814
6035
3743
7050
6491
7297
3720
2886
7458
8351
3773
8328
7409
640
8814
3794
598
204
9412
2934
7139
2446
6379
2351
4871
7180
4155
8072
344
5793
8770
9291
7822
3184
2537
9692
6807
9321
718
5352
1495
1570
7485
8780
8616
2884
7525
992
4812
1603
4227
7214
1016
40
5469
5394
2874
2433
2881
7183
9116
9275
1724
1535
6916
196
6223
832
9308
6995
1034
6329
716
647
9649
2375
4320
4165
568
1661
2431
5270
9786
9724
4730
574
5087
7294
9978
1583
9910
4620
976
5256
869
9852
5948
3207
5626
2307
4553
1882
1248
9217
9763
4030
8517
5693
5180
7877
8965
9681
7213
9607
1675
6092
8213
7645
5285
2864
7680
1589
8847
2576
9793
7826
6245
9431
7772
4120
775
9451
9120
9037
833
52
8871
5090
4893
4699
2948
563
8048
9667
8166
1330
3145
1121
3499
6324
5388
1217
4387
9769
6280
3996
3923
5489
8014
8917
3126
6087
9999
2419
2567
1302
3829
5146
9121
9070
7512
6854
9959
7340
3226
6370
7196
3540
9934
3630
4228
8390
1507
1784
6176
9774
1273
6837
6680
8588
1586
6717
5833
3838
3992
7952
6940
8209
2662
8250
3521
8347
2936
524
2579
3426
5718
8396
575
4670
3494
1824
9231
9874
78
6918
624
8078
5517
7346
5778
1612
7840
1398
2067
8206
8714
8946
5757
7703
3804
6344
4606
6460
3495
6744
4272
1920
9290
6822
9096
8216
6685
5294
894
3677
1364
8836
1551
3813
912
5527
815
2497
6051
5393
4281
2467
2963
7873
3047
5764
2198
3810
7790
2532
2407
6636
6910
8197
909
3749
7571
4373
4259
8154
4231
1286
7321
2732
9243
2938
8540
3181
6074
4548
7715
1958
1659
6926
5931
302
1301
954
9372
3348
3893
2593
1462
8451
6337
1593
2125
2442
7520
9335
8523
2979
6617
4308
6411
8102
5678
6157
5096
4972
8232
6761
2458
8124
1324
1277
8987
4039
2621
8974
6278
4168
3583
4445
7306
3202
5240
1689
1392
9241
8694
7577
9118
1199
6754
9156
6054
5286
9449
9850
2090
4507
293
4348
8887
1890
4782
6129
5849
966
806
5981
8286
2857
4475
2133
425
305
2909
8898
1871
9166
4748
5734
6199
1161
9757
9608
271
1326
1753
3060
8264
1673
4183
8998
9336
6450
898
7879
4711
6047
6799
6166
2630
7287
2204
8364
6521
6413
4539
2591
7016
8384
7481
953
9281
4556
9759
1795
3744
4094
8450
3756
4633
3453
3005
7142
4455
1209
1916
3430
2608
7871
2717
8994
3471
5479
3263
6036
2843
7905
995
5254
5546
7574
7866
7660
4749
1927
8673
1852
2728
2637
5383
190
85
7587
3673
9074
8285
133
419
415
7337
4200
4208
4119
9953
5529
2727
578
6836
3924
5526
4329
9351
5448
4189
2408
402
9085
2482
1315
6303
4020
5878
9462
3117
2232
2187
6441
8337
226
7087
1518
5202
9652
8612
6039
5322
6133
6361
2501
262
7124
1056
7906
8315
2666
3041
3402
4351
9416
3808
3071
5947
7379
3066
4946
9561
5004
4374
3624
8873
7290
5038
1663
54
7233
6097
4090
3195
1626
3637
2210
4661
9103
6665
1411
1371
1237
3035
4451
2252
1030
4462
596
4863
4322
1584
8645
713
66
7729
4994
667
5604
7488
3652
9427
5005
5281
4378
510
4113
4990
4801
2211
4253
9343
9987
5655
4591
4457
1671
3643
2420
827
1813
3839
7644
4588
943
6349
5060
5047
2345
8804
3613
3644
1672
2091
1668
4482
1295
9212
1418
9453
1966
1079
7780
758
8776
4404
5842
8633
4121
6311
8433
7546
9311
2766
6137
579
8834
2853
4437
7813
1476
3769
895
7121
5460
7586
6828
6625
345
5158
179
5622
9949
6447
2878
5796
7143
3589
8569
2955
9002
211
5229
1615
4679
5648
2287
215
8554
96
7942
2729
4682
8541
9883
982
638
3270
4177
2027
8420
564
4464
3031
9621
2671
5500
3
3691
4106
3058
884
6030
1486
347
9854
3233
2641
5761
6928
1052
2548
5643
7896
1424
4422
1842
6884
4487
4798
7368
9235
8445
7186
8915
1761
1335
1571
1616
6632
6237
8290
8936
6480
8839
1492
5373
7943
1163
233
5081
1545
7771
3020
1399
2034
8219
6941
237
165
8367
6028
5193
6466
235
1733
4278
3763
5784
6029
4198
2415
5690
2598
9035
8419
5695
8662
9870
8359
628
1648
2735
905
2922
9822
8789
9084
1332
1304
1636
5839
9886
8095
1274
5825
355
3963
5420
8212
4024
7929
2355
5027
7303
879
8123
1266
5364
2545
4467
6332
7211
5732
9038
1592
3711
7439
6430
641
3231
1106
6327
6
2777
9098
2854
2316
5710
5817
7151
3042
7786
7138
676
6143
8623
6938
1023
2423
2479
7682
964
5996
9160
4144
6640
9104
4562
5338
631
8600
2917
663
4152
434
25
8267
7507
6485
6244
2457
4937
5746
2300
3834
6469
2432
3690
5879
38
4514
3166
1988
1749
1601
3715
7301
3858
9312
8488
7667
1688
1557
8058
7106
6443
7526
4443
8138
1155
2846
420
2364
6763
2949
2935
9146
1524
7039
1546
1741
8099
243
3075
8167
2035
4309
6839
9408
5325
107
2584
9591
4104
5863
2097
8958
592
1414
3955
2018
8872
9557
5145
5980
295
117
7773
3302
627
2434
5682
1864
4829
1050
3647
2832
4470
3563
3229
1471
3171
4965
5410
6713
933
1472
8374
6016
6187
2330
1081
3914
135
6432
7517
4511
7009
5155
6348
7210
359
9573
407
9444
3998
6224
4029
8510
6302
1772
5597
5813
1429
6155
5257
1631
4247
9807
6982
9223
6377
6573
7575
3050
418
9077
6017
6984
8528
6964
3995
123
7270
7716
143
2912
6658
7161
1368
3251
9332
9696
899
5476
5430
6499
7400
6710
1265
4134
1683
9169
5176
727
1112
9971
5990
50
2235
8069
1806
3408
917
1514
346
2041
529
6650
9540
8597
9567
219
4424
4192
5786
862
8717
4576
9620
9843
8733
2310
1343
3964
1805
7819
6381
8018
5360
9801
3604
8815
4286
8159
3325
1007
8608
131
5636
486
867
8693
1305
6134
3425
1582
5396
790
1965
1850
1475
3821
8666
6037
7564
6626
1430
5654
1607
9745
9315
942
5520
8344
1699
3094
351
8283
2396
9856
2552
6859
9296
2850
3931
2490
440
6011
121
9775
2162
102
7706
3386
1976
5885
1847
9956
2962
32
8088
9368
7820
1478
7216
6273
9631
5700
5844
275
9055
9636
4336
1903
5750
8114
2413
8542
8282
1308
6267
2830
9687
1810
1644
4235
7749
5324
8706
5389
8258
9986
1869
2020
8969
3371
9032
3761
7533
4947
4696
8487
2665
5623
9430
5316
1132
1479
4171
6538
3274
7964
4549
4496
9237
8407
4019
6289
3781
6624
8065
1654
7052
1348
4164
582
1111
9902
3133
7806
5439
1166
5969
2465
1383
2631
7870
1180
5847
489
7298
1725
2737
7244
8641
8027
4939
9072
7584
9054
7654
2032
3875
1293
2572
4495
948
6609
6094
5748
3488
2695
2197
6042
2762
4474
8163
86
3022
6407
4375
6705
2426
7084
408
6915
6415
2365
2719
4429
2707
8408
8876
6534
1483
1352
4895
4293
6196
272
619
8803
7775
1098
7885
450
4976
3973
5792
465
8382
6961
2366
5069
73
9477
5468
340
4705
2236
7795
9353
2731
1263
9858
7987
3999
2039
8821
8901
9225
6067
8655
4814
3936
209
1730
7374
479
9514
3334
313
9554
7268
8131
1290
1845
4260
1944
8184
1148
6523
3764
1452
5387
6946
9622
2875
3806
2622
645
2104
6250
7612
9337
4070
2688
388
2547
1061
6453
9685
192
840
6300
5279
6948
822
4558
1451
9499
6681
8160
1556
6050
9066
4787
4799
4892
6363
7639
3423
5185
8365
6700
6279
4750
8740
5649
1950
4367
70
4632
5163
947
3848
5743
9669
1994
6605
3778
603
4751
2887
6314
7665
8228
7484
7107
5588
1318
6897
5736
8508
2363
6693
4000
8291
6180
3110
6346
7851
5671
4528
8489
9428
6789
5619
4274
7986
9713
3040
1726
2861
5088
2945
3726
7903
426
6611
7949
3772
6426
6783
4118
2549
8596
4170
2245
2785
4816
4809
401
7956
5350
7243
6071
1043
5758
5480
8904
5276
9911
9891
5785
1926
3311
2180
134
2118
3840
6287
3244
3326
8543
3292
9894
3469
7491
914
9482
4085
9541
5160
1808
5162
7192
7343
387
5436
2055
531
1482
7672
8223
8916
9464
1793
6751
5593
7252
1698
422
9555
4061
451
4980
3096
6259
4435
5423
3361
5498
9612
6218
3368
494
2759
7553
6474
3943
1942
6551
7399
6805
4444
9405
714
7351
2691
1307
3210
8245
6553
4516
329
6958
5164
7376
5368
9799
9517
7542
9090
6824
7527
5179
6043
2682
7968
9088
8157
5609
9735
4832
3787
3516
6866
9888
2249
7591
5640
6979
3242
6110
3152
4089
1959
4022
5147
7843
5729
4485
4016
1191
8700
3984
8043
4102
3771
8460
7414
8168
4188
4133
5963
4860
7963
5583
4294
6929
8601
3353
5317
6949
4554
4395
9795
7741
7975
4292
172
1690
2520
4453
1176
7551
8288
4150
5483
5050
2499
3627
6082
8865
6812
9152
5320
2358
5444
3636
9881
3661
9750
3568
9355
2521
4510
7761
7179
8103
9847
9553
7690
8861
3610
7711
1747
9782
8844
5157
6571
5195
6511
2924
5692
2384
739
9841
7562
7228
2799
2487
798
1907
5807
1526
1727
2087
3732
5429
6592
4729
1235
3223
3250
4899
1710
7924
768
7894
831
3754
257
9954
1647
3799
5297
7434
9788
5907
9972
5989
2015
9604
6328
731
8877
4964
9300
6962
3801
7518
5621
2882
3509
8781
7410
5607
9388
6743
8242
4683
8395
1676
6251
2246
4610
794
2918
8112
9753
2474
8829
826
4690
4755
2338
4343
7256
160
9532
8565
4116
7746
5942
5944
5911
4400
3710
7797
1089
5370
9346
9917
8464
1031
6104
8614
8615
3101
5080
2103
4101
4456
1670
1175
8196
7753
2280
4173
2702
7253
3103
6764
3341
552
8556
7595
20
4162
535
7075
9293
1077
6768
1811
1715
4723
576
3088
3124
9672
3623
6419
6885
3056
2145
9240
6856
8279
1686
9324
6907
1366
6712
4291
955
1697
3217
1311
8434
328
2466
2101
8417
9726
362
4565
10
8779
8991
2792
2990
3965
5366
6380
7433
1768
3480
8811
9810
2595
3885
9656
6271
2659
3143
8519
4461
4088
7883
7030
3910
7624
8475
8709
6722
2406
1118
4850
5716
4676
3632
105
1215
1883
27
9087
608
4567
9600
386
8061
8954
51
4053
9502
9594
501
6239
319
3575
433
4458
3822
1630
7876
2308
2320
7104
7044
1542
2677
3421
7418
439
9236
5006
3718
3121
8944
1646
7862
7247
1703
4879
9892
4139
6603
8806
5955
6917
5525
5452
8983
9112
1310
6252
3249
0
3269
9196
304
2147
8511
4035
9527
6075
3725
853
5940
3541
3620
4619
187
4659
6649
4038
6631
4806
9663
1929
2461
5188
7722
8087
7938
6401
3789
3913
4196
42
6320
9422
4859
7375
9082
89
6308
4310
7364
6498
6209
6718
4027
3456
4328
43
6304
8728
2649
3680
9396
3463
6313
7293
6593
9595
4258
2151
9250
6262
7054
1573
3987
671
199
3777
5901
6730
9509
9613
1512
9441
9044
9141
7655
7634
7285
6802
5930
9126
9474
6124
1590
2775
558
3297
9725
8319
9646
7323
1771
8304
2152
4469
7429
6318
1200
6852
6567
7478
8783
5078
3375
6096
7220
5811
2680
2895
5241
5120
2492
7146
970
3543
5015
300
670
6427
6816
4622
1527
9478
7932
7744
6719
3641
1380
1633
3537
1244
6130
5282
4930
7625
4459
6084
7566
3433
2734
9369
3125
6667
3529
7122
4527
3536
6988
3006
1936
3730
5137
3237
9833
4550
983
2329
7849
475
3062
5685
2348
322
474
9143
3140
3496
963
1758
844
2347
3306
1055
2880
7361
7034
3272
8050
9310
2054
9176
1947
2562
9659
1960
8643
3069
2178
3002
1553
339
5438
9398
8047
7300
432
9505
9280
9385
1802
8515
4746
7308
2411
9446
5946
9802
8426
5493
7697
3591
7620
2334
5107
2965
1796
5580
2929
7355
3791
3199
2085
8502
8504
496
1054
9705
7869
6581
6360
4174
4627
6539
704
5949
6420
2305
5890
3861
4484
4287
9785
2256
4790
2328
3452
7426
2335
5906
5041
5988
3318
520
3148
7916
4771
6520
1139
1956
7585
223
7325
2028
2439
6175
9545
6365
6372
3293
7911
1543
2905
2077
6677
6100
4866
122
9615
7299
7101
772
8442
6809
8104
9830
1036
6591
9662
3218
2247
4639
7583
7055
5787
2261
4481
3812
6644
5386
5925
9825
1131
456
9030
7110
5805
47
9708
4523
2223
3221
2601
1503
9885
2663
8692
6565
2136
886
6594
3675
9017
8000
2667
4788
6669
7958
4326
6688
1600
7381
9882
9809
5798
4718
4951
7927
2907
3485
8846
3328
4889
6241
3688
805
8423
8524
1969
4233
6793
536
5703
3068
6540
3246
8141
6654
2417
3082
5061
2587
3599
5910
2137
4087
9108
6291
6873
5068
7435
8260
5037
846
7496
1554
116
463
7411
9488
2093
1349
9626
4086
2486
8755
8650
6232
3512
5072
9521
2898
5698
8444
2033
8028
9213
9839
1855
9524
2017
2543
4716
973
617
5547
2643
993
1422
9490
2824
4017
3981
5570
4945
4864
5392
1144
6031
9245
1198
3389
9989
7056
8756
6102
7739
4934
1701
2778
6183
4624
9675
5494
5239
8222
4305
9442
6528
4714
4877
5197
1894
8405
9316
2915
2414
3976
1998
7164
5966
1441
7576
9903
9367
5074
5875
8678
5705
9172
6404
8595
3526
1303
2997
9648
7787
5624
9329
7025
9155
108
6890
4163
6863
9178
203
6720
2714
3144
1214
6003
6629
2765
5812
5497
113
1255
8665
1017
4949
9770
987
125
5993
4742
6997
492
3277
6757
6061
9081
689
752
7807
8907
5714
3672
4563
665
151
6062
1619
31
868
3106
6386
7040
5521
570
7236
9036
2224
7671
4512
7717
1325
5191
4091
7701
4246
1628
2632
2166
16
4698
8214
3872
6990
7991
6683
1292
8951
732
5418
4352
3092
6723
5300
2995
8002
8185
5492
4403
3958
6297
6952
1370
3413
8045
9920
938
8333
9800
8772
8171
8843
2297
220
4612
23
660
5893
2635
3634
3447
2716
200
583
6099
2123
4821
2908
2102
818
4140
7284
7097
4448
2185
2539
821
5405
5665
61
1470
3021
3780
5669
8883
5974
4436
6537
6798
6238
7805
4396
8439
8622
3567
4651
9997
5044
3513
5831
7530
8634
9699
2726
207
8957
1466
5581
9183
9371
238
9299
5903
6025
9445
7939
1865
8563
3422
4072
1156
4279
8825
6989
5896
1621
7014
9107
424
9751
4888
7218
4973
8474
7457
7377
5929
3906
4568
9181
5603
7060
8937
7471
4250
4410
8808
2048
4271
1285
9470
8972
7266
3349
3150
3549
1064
1331
7898
4350
7930
3752
3645
784
721
549
6418
3118
7282
6889
4494
8067
7401
8493
4966
4125
8136
7456
7422
1280
5292
5161
5064
4433
6263
2988
4640
6651
9051
6880
2902
9203
7688
7656
9379
7058
967
8343
8854
734
4767
7424
3865
4197
6492
1975
6806
4415
1455
3387
4654
7235
8845
5062
2167
2500
1657
5939
7637
8453
3112
3411
8370
6919
3491
4302
287
2574
692
1575
381
9274
6792
3055
8716
97
1651
3855
625
5269
4509
8243
557
6912
3942
1022
9935
2975
1207
9846
2037
4127
4712
3646
2228
5435
6493
6550
7559
8882
2769
7166
3790
7384
4574
1321
5827
2117
8941
6089
82
7102
7462
2599
166
1874
2781
851
7955
453
6657
7856
2259
3415
1642
2012
280
3465
2271
4999
4963
9975
1005
5226
2386
6823
1534
8676
3833
9460
8224
7727
4988
4371
8172
2651
6405
9717
29
3784
5263
3209
723
1742
2019
3811
5502
4179
2745
1372
1125
7647
981
9420
1165
7636
1393
2840
2741
2494
9731
9132
8254
7865
5007
6229
7197
1838
7601
3667
6784
6489
7380
2652
8731
4460
8247
4768
936
5214
8198
9576
1322
9498
2606
9206
9868
1130
7907
3656
2011
1179
7615
1194
6375
7145
618
4214
268
7918
8041
3172
3388
6085
2021
9
3276
4169
79
2664
2892
4412
7770
2607
2274
8813
6953
7492
669
6888
4384
7537
8016
194
8880
7229
9154
6868
7573
6803
4974
8394
7230
5888
7370
157
1800
4890
2920
3837
9821
1617
4950
5549
7678
5091
7889
9092
473
3739
8483
4239
1782
9401
4312
8033
5943
3428
8117
4773
6366
224
3524
1059
8338
8632
8950
3155
414
1233
5927
8644
2165
5836
6708
7892
8581
4167
8146
482
6283
396
4996
4242
2154
5773
6032
3440
4497
5582
5675
3722
4867
435
8521
3678
8479
1605
9204
7501
1291
3139
9714
3356
234
4045
1498
7993
2189
4159
8108
6231
891
1249
8696
1748
8164
7313
8686
9138
4284
744
7539
478
9606
1906
2389
7657
7782
7066
2557
4319
2600
7237
8455
4880
9175
3742
4479
672
2158
4075
7579
1299
8988
503
6355
517
7241
3300
8613
949
1766
5002
3802
5595
802
9587
3052
4779
9749
8368
3670
2816
3132
9536
2205
5049
9674
2589
5384
2782
6170
952
7204
7990
5755
893
4575
5524
6216
6341
5602
5724
270
2604
6457
4882
9706
5874
3267
736
3373
3340
7524
1972
9704
2720
611
8066
1256
8837
8794
8353
2381
944
8369
471
1627
6676
2712
6858
5586
8878
2823
5871
5892
4720
8490
9067
9297
228
3044
3767
7967
9694
142
2451
2783
8532
6270
6212
4731
9627
158
2730
9042
4051
6033
5819
6628
3852
3625
3736
7227
9820
4739
4100
7047
926
7543
8079
7969
3519
4876
4538
4142
6083
5434
9226
9233
6326
3479
3028
6275
9794
865
3279
1400
9596
4184
2480
1049
9207
7078
7549
8573
1924
1046
5992
1561
3897
5260
7948
7661
1045
5883
5264
7632
7454
9957
4884
1028
2842
5039
1649
8270
7592
8307
544
8618
6660
1862
9716
5589
6853
8754
4727
3178
6396
4108
3347
5876
5794
5694
5267
7135
8203
2812
3376
8122
9887
3843
4270
7755
6655
1405
2829
1010
3120
7385
7699
9529
797
3262
9943
4498
707
890
9722
9224
808
4359
7514
1837
3755
2518
6063
6797
9028
3538
643
8200
9216
928
6970
2106
5071
573
500
5557
7257
693
9133
21
170
9760
3459
7261
1242
7328
297
6519
4427
3916
53
4401
371
5092
8052
3381
9711
650
3706
7224
4650
1878
871
2449
1964
5733
2760
1831
5117
8480
887
2473
3899
6060
9951
5416
1736
7176
7912
9642
1365
376
6974
6125
5838
1896
6510
8973
5172
213
725
3239
5242
3502
3558
3278
9589
3301
3255
2577
9761
7335
5702
8908
62
8966
4114
7421
7258
629
6225
6702
551
1396
2322
2098
4919
5467
2278
5870
8661
5029
7998
9897
9654
3879
2689
3289
9814
5721
6406
7019
1009
4313
3850
2089
5335
8472
5403
5150
1834
1606
621
4609
6012
8401
8425
6517
3102
8034
8063
4157
5391
5135
4691
4647
2370
6707
6049
395
3054
9707
2062
2080
864
6073
1674
6804
2440
2721
3953
709
8411
3330
7765
7794
8708
4137
7394
1124
7202
9228
8143
6623
6206
5664
7188
1604
7094
3908
499
5932
8832
6879
1750
2672
1948
7831
7931
7726
410
4875
2212
9421
167
1870
7734
7827
1825
4340
1463
7864
3163
6726
6750
2696
4535
1945
8342
9215
817
7175
1080
3287
1597
406
1853
3684
4810
962
8529
6496
1257
3535
4929
597
1986
2182
1711
6546
5073
99
8657
3238
9383
4324
8056
9682
8840
8749
515
8263
1251
1754
4944
5114
2852
4083
9165
1719
3087
3748
9219
2927
8388
2472
9298
3950
4757
5400
2648
2752
6891
5017
2382
2196
4805
8875
6358
6760
1873
4675
2475
2675
1120
698
7405
5488
3176
1863
277
3946
472
7318
2227
2477
1509
6132
369
6046
7334
4684
5571
5305
5982
8922
6619
8679
5587
1981
9110
2738
9377
6555
8032
7842
3093
3419
5550
6639
874
8121
717
7152
4856
364
3884
2926
8295
3029
1709
6446
8670
6911
4095
1685
5651
762
5936
8561
3049
7225
2443
6936
4296
9320
3841
8738
5233
6745
9094
6442
975
9864
9186
2681
2360
5915
8448
4846
80
5175
8538
65
3816
6568
9684
6343
6371
7184
8642
9588
1042
662
2225
1395
6902
9777
3511
9347
9022
1729
350
3053
4910
9826
2237
3905
1313
4372
4486
6516
5103
1252
2809
2138
7444
1779
5167
5852
1453
5144
7086
1897
1889
413
9584
6368
6622
2119
1881
8231
4092
2588
7033
6882
8947
4064
8975
9078
8913
4210
5904
7605
4136
2126
1454
5132
5209
6939
3431
2749
4112
5855
9433
74
6560
5104
9323
5824
9053
3111
9526
1961
1618
957
9357
1041
9691
9790
4423
2815
4826
5028
8593
6438
201
5922
9043
175
4824
6374
8930
5055
509
3351
5227
1410
2149
989
7369
8334
9439
3980
8656
9766
1877
8266
3517
428
3663
2802
7917
2533
5401
6118
7423
1691
6991
2284
6767
740
986
9985
4894
615
3182
4303
2113
5116
4658
3159
8239
2559
9848
8835
3817
145
6892
9653
4671
506
3550
4211
5419
1389
3859
6583
779
6236
2844
9459
5456
3653
4526
7720
3212
18
6333
5926
2045
2906
8162
7177
8257
8362
658
519
567
5684
6697
385
274
1637
7649
8856
2673
3533
2194
4082
3683
3045
2257
6353
8989
4217
2620
5266
9415
2244
1821
9012
6378
5319
6048
9743
2352
7440
3553
490
7995
4076
3284
8760
9838
156
8278
2057
2200
2974
6150
2318
493
7695
9472
4613
2171
4835
8500
6409
6642
198
8354
6362
9670
4719
9314
5579
2946
44
754
146
3918
6490
4585
1254
3612
4904
2508
9831
1822
394
7762
3655
2818
3377
216
8802
7832
9730
9787
1746
9361
4781
657
4201
8736
7887
5363
2933
5153
5728
3252
4426
6330
3059
8303
3552
7920
4592
600
6564
3873
163
5136
8945
3561
1828
4653
8691
6505
2239
9352
7859
4213
5182
4405
2179
6041
1859
6808
4828
8585
8938
9602
1394
5572
7357
2303
3379
2827
5660
6796
8310
84
429
2183
6598
5236
8672
7825
9827
6481
3531
2079
5830
8083
3851
1147
1522
9569
3497
5779
4913
2923
2229
9501
3601
8522
150
7578
1504
4648
3654
9925
934
7890
5681
3316
5563
8506
9535
3988
7519
9354
4243
2512
4557
8507
3929
5983
8316
3823
1639
3633
6947
176
6024
3462
8890
2653
7165
1196
3901
3323
8119
3701
7226
6383
3727
4195
3177
8272
5224
8562
1762
2928
7438
4489
710
1925
855
7983
7713
4187
7935
5083
4004
485
7908
8068
314
1638
8870
7157
8345
6471
870
683
2754
6431
3782
6077
3113
3123
5887
2770
4333
3605
9804
9942
6959
8544
9779
7617
6019
14
9967
4473
4515
41
9592
4891
5791
2743
2725
5800
1731
2538
8085
3245
5505
8577
1035
2848
8400
464
9128
8271
1717
3503
1040
2992
8329
4544
5369
3890
4791
7221
8459
6844
3405
3974
397
9089
9267
2324
4637
3283
9447
5035
7133
7239
8005
7868
9063
4992
5249
5568
3114
7119
8604
9655
9638
8933
9302
4918
9425
7719
5848
8885
2568
8685
4652
5133
3424
9177
572
3907
9268
8555
8435
2122
793
4744
9693
9256
880
2416
1946
324
132
3544
2127
7499
5221
4406
9623
1241
8566
5232
3061
2343
1188
9781
8505
7130
3770
4960
1408
1072
7693
1474
8961
7954
2387
7051
2860
1918
7194
4834
1872
6589
8161
7072
6840
3888
5462
7103
2014
7387
2253
4230
1530
2788
7029
3896
3919
8609
6595
8629
9727
639
6354
1328
6382
9964
9062
9283
3354
5652
4596
4726
253
4874
8470
1987
2753
9960
2121
5122
824
2744
265
8699
9980
6978
1915
1785
2522
9546
545
1342
4603
9915
1539
8494
6249
1403
8667
6716
3332
9503
7062
8437
8476
6072
940
2678
8859
2699
6131
8720
6662
2800
7732
1588
9748
2107
2243
5891
9719
8956
9531
1
9776
9358
8467
3803
9729
8607
4502
2977
5810
1187
589
8387
1011
2270
2004
823
4908
5045
8140
9106
2524
6459
4983
310
7278
139
1901
505
3666
1219
7788
1234
4909
3868
3313
3705
7926
9979
3100
3001
2953
7565
3493
6976
6264
7976
5218
2427
9991
6044
7447
7129
685
5958
4625
5210
1101
8886
3886
6696
9695
2009
1197
5691
8549
2986
1974
1902
2184
9384
7497
9930
7581
6924
2047
1083
543
2266
3191
5781
9174
5070
8189
735
4669
1499
1333
1138
1158
5510
3478
742
7449
5299
6095
2889
205
4254
4054
9373
8680
2838
4078
3130
7759
3320
5921
8458
4446
8576
7608
7091
852
3243
3597
636
246
2542
9144
1823
9285
7350
5177
1437
511
4657
2042
7118
1928
2967
7428
498
8518
6306
9023
1211
7159
8570
3319
5569
9528
3258
9114
4775
5676
1904
5495
5036
9456
8874
753
9483
9234
3898
5217
9266
5999
7750
2463
9582
317
3970
4421
7800
3273
3930
6547
2569
8867
4986
5314
927
6864
4501
3694
609
3909
6872
8414
5559
9005
5873
2808
6109
2798
1848
5534
2052
738
4249
1404
2619
3477
3281
1327
9064
5951
3860
8792
8106
1650
6612
6315
6740
6862
5962
2525
5899
5528
6090
8575
7279
8591
6230
5010
8513
9068
3344
6738
5551
8070
8594
5374
8752
7453
1523
2393
4898
991
1707
4399
7246
7763
1427
8491
8234
6120
6197
1222
2859
7569
2053
2921
2885
4248
6927
2380
7178
2994
5858
516
4916
4015
523
9123
9878
8221
7002
4300
28
6507
5192
4911
2146
7881
7886
8968
4903
1284
6240
8734
5558
1119
599
2231
2371
5259
2215
3187
3557
3357
1854
7134
2937
9171
4854
8751
4255
6423
3844
8879
3335
7707
1128
3372
5095
5414
678
2454
4673
6992
2264
6194
8778
1229
5052
5828
2175
3602
7391
5304
9350
7764
2279
984
1895
2755
1338
4388
881
9863
7360
5345
634
3470
7158
2647
7860
6053
4831
8862
5835
3545
3954
9932
8914
8932
1480
7125
673
8787
6972
3857
577
712
2873
8133
586
8530
1955
863
4753
9778
4057
3374
1099
3483
7937
5347
9996
3542
1818
119
7593
9633
9990
9828
1208
197
3086
7778
932
4915
3870
2040
9227
8763
4819
4316
87
6208
7724
8376
4285
3689
9664
2248
5152
6108
6398
3134
5003
2421
8721
2511
6699
2866
8557
9325
2478
8300
4844
5536
9929
4970
4760
6772
2226
8784
5661
7817
9780
4572
7348
635
924
4478
5280
454
3660
7503
5961
841
8377
3142
9265
8456
8514
5040
6673
2628
2134
8819
8229
3437
9993
7613
4011
2633
2891
6107
8352
8525
8276
8539
2693
2761
7466
9015
4492
1846
7733
720
4623
5303
3615
7515
8827
8750
9487
6950
3179
1513
2096
6184
7231
743
5717
9851
5296
7628
8292
2056
7838
5918
6724
5719
1885
6284
2650
4822
9119
2456
2964
9031
6056
173
5009
7961
1993
9551
3370
7878
8305
127
8327
480
9671
4178
6359
208
1137
1599
777
7199
8773
4987
1665
9185
8471
5629
9783
214
3030
1369
8767
301
3449
8418
7191
1136
4154
5086
6261
1704
7996
9278
882
2115
5657
9806
6965
4368
7611
6178
3019
4559
4952
7489
9440
4961
5829
8289
2441
6931
7960
6860
9399
7031
4881
9844
6602
7460
9198
9452
4407
8534
5247
7008
7472
2686
4440
9718
3818
7845
6515
3721
2128
4678
1830
9637
8110
3076
9287
2698
691
3290
4998
4811
9221
9403
8976
8993
5984
5219
3173
6780
106
6177
2084
195
4151
5231
4105
931
1337
7443
8884
6172
3815
1510
3506
1319
4477
7522
4777
1938
1142
1107
755
1940
1718
4203
267
9139
9840
7314
1620
6633
3025
2564
1680
5532
1572
1243
4115
4823
7627
4491
7099
7332
7208
332
8807
1970
8771
4734
7320
5238
9832
5804
2403
8294
7677
5
4265
6737
7638
1640
2871
2751
114
9260
733
7327
3420
9140
6066
847
5043
6604
8711
7477
9469
1436
3917
6439
2551
3569
7550
7071
8906
1150
8603
4564
6352
580
9538
9732
3024
4420
5650
1384
7291
5385
875
7333
9307
1529
3205
9277
4005
688
5770
1004
5884
843
180
91
4056
5592
1692
1448
2072
4667
4738
3939
1953
7147
4886
1071
5181
2996
8380
9222
4985
9507
6338
7837
5295
3878
3081
1367
9976
6335
6015
8919
6394
6152
4315
447
7005
2083
6575
2265
437
8253
8981
6026
8427
3127
3180
2970
6342
2787
9688
3183
1267
5696
4503
5183
7618
2361
5258
8003
7893
363
8536
6272
684
705
8326
4268
2913
2030
5519
9008
5265
2291
9201
6006
9254
7922
7000
3713
7694
8392
4936
3757
866
8753
6146
2378
7781
7509
2519
1374
6114
6877
1264
6429
1962
4845
5046
3990
9180
3308
1596
9992
9122
5994
8671
2550
3762
6403
6052
7602
5056
7563
2999
2094
2469
5449
9939
9033
7992
3618
845
9493
8942
9752
8793
2233
7748
3534
7463
9817
2742
6606
3933
5111
263
7791
6253
700
3265
5765
1491
6819
409
7494
8440
8100
3466
4928
6833
6323
8730
857
2834
9689
2660
6255
3621
5440
1039
5766
8589
5508
8211
1381
8626
495
5759
8320
8215
5371
6934
1587
3539
6842
8715
1461
1565
2984
5178
2814
5170
8948
2399
2036
9560
104
560
7181
9193
2007
9994
680
6811
5840
656
3310
5686
2157
6179
7150
7003
7480
8765
1068
5554
7738
4299
5605
3473
5850
6771
4493
2879
9624
2470
5882
9220
9927
1891
8805
3186
1790
8929
4852
3747
4804
1931
2616
4578
5560
4638
3682
6557
6775
9101
8967
7814
6584
1268
9404
5689
4450
2462
2748
2575
4048
835
9511
5803
7042
770
4521
5688
6101
5143
607
3712
1074
3717
2602
7174
556
9603
1184
3057
1129
6791
2615
5019
3616
6689
4097
8446
7710
4339
6682
5415
1786
4668
5379
764
3719
9619
4282
1270
8308
7347
1354
4940
1202
9736
4256
8240
241
3570
5919
3753
5540
1493
5406
24
6580
7536
9045
5979
1506
3211
356
9476
6181
1932
393
3849
5333
9455
3359
8360
5011
9566
5200
9253
1117
6895
4820
1732
6600
3235
3355
8638
9182
1415
1473
8429
7631
3429
5199
3949
9700
1457
3095
6154
94
9941
4626
315
1123
1494
1271
1345
5118
504
8718
8317
2991
6234
6825
3026
4518
9362
5464
9862
1751
2298
2022
8165
2893
4334
6894
756
3115
9259
8964
3659
5330
3606
283
4391
3600
2135
6847
4353
9436
7616
5971
1449
3776
5018
8710
9586
6159
4598
8349
7867
9242
2565
5311
9703
2074
9497
8852
2849
3174
3934
4080
5244
1919
4037
6849
6671
7262
7999
8548
4743
3468
6896
4347
1858
1444
8791
1773
1892
3576
5382
5309
4397
4686
8545
9728
2656
3365
7004
1880
2445
4008
5054
8636
4393
7362
5905
8409
2776
380
4617
438
5154
5788
9448
7640
8533
2981
5914
3750
3935
2563
7085
3198
193
251
999
3032
9871
5353
1154
7249
1062
8478
2771
342
9014
5956
6376
1980
6193
5960
6845
602
9977
1775
4409
264
3565
7760
8339
5395
7354
5022
8358
2383
3288
5098
6820
5864
2509
6725
4129
8620
9410
6556
3928
3571
2952
553
8073
6301
860
3321
8097
260
2409
8853
6821
405
1812
8017
6813
780
8013
7388
2404
8389
4837
7069
7646
159
2160
2141
4608
5535
2613
7263
8704
9364
7597
3971
950
3116
5856
2029
1435
8323
7479
8193
601
708
8238
2100
990
8960
8891
39
2855
76
6010
9611
5715
5894
8486
8094
6663
6666
5912
1246
9317
3960
1781
7296
2674
2950
9581
3396
5877
9239
2255
368
382
6488
4434
8037
2293
9966
3856
4141
5089
7959
1110
358
8447
1153
5783
2059
1149
306
7367
7088
2516
1096
1667
144
5398
7344
1171
2670
1390
1756
3213
8449
7973
3160
3845
3137
6246
6545
5187
4692
8624
2971
6162
9086
5108
6969
5541
6135
1143
1314
8127
5544
1032
4943
5427
8918
321
7189
4758
8174
6005
9767
8689
7766
7692
3642
3098
9936
2088
7829
9492
8759
8321
4224
9900
724
63
6116
1012
4052
212
7534
3000
8682
3842
3476
4504
2900
6093
4618
548
623
4215
5312
6417
6684
9330
2504
5306
8038
3676
240
7083
8256
1356
5411
4402
4341
476
6576
1738
6064
788
1253
8677
3598
7909
5223
5450
1458
4361
2969
5613
1693
2199
1712
3765
6149
7182
71
118
292
4508
3395
8259
3847
2645
5735
5308
2692
2460
6425
2985
5975
9424
522
1999
1283
5307
945
4067
9947
8766
3814
5168
2757
6687
4349
6711
6153
1574
3507
488
9208
3648
8363
56
6285
1109
1611
5900
7459
849
2531
2003
5726
4789
1788
3331
3937
7897
7985
977
3489
5425
8336
4604
2116
5782
6898
1580
6449
6559
9158
4827
6608
8372
1173
1092
2972
4566
9564
9381
2447
547
6945
2973
3559
7386
988
9020
7844
5372
5617
6122
5148
4452
5701
69
7413
9970
112
8210
4251
9479
6147
900
6145
8416
3574
9179
3084
7415
2294
1298
9660
8030
448
8173
8955
3805
26
3986
2536
7880
8697
126
9374
3651
1933
4776
3679
6091
7684
1167
4897
9244
9305
3158
1029
4741
6220
1985
7330
2993
6412
9565
6703
5590
4158
7652
7848
1943
9861
2357
3760
525
644
109
2217
5424
1664
5616
2230
6734
5277
4156
2325
6448
1713
7092
6597
9639
1984
5584
6601
7187
4046
4226
6579
3458
6484
4442
90
8628
164
8646
7205
2156
1516
4736
3580
2105
9218
5615
2951
6786
1910
5141
7513
1317
722
4955
9016
5737
873
1937
398
8355
404
6163
288
8194
5459
3161
9764
9319
8899
59
554
9124
7664
7945
1014
7079
3969
8150
6753
8312
3384
8866
6463
3432
3658
4369
217
9697
8096
9666
8357
6350
9597
8244
1917
9345
335
1245
9164
4597
1839
9419
7342
3089
6022
9395
4476
606
2240
9257
6461
8741
8385
1656
546
4764
3547
7273
604
3716
5445
9018
3224
7978
9723
7461
7934
5985
8971
4006
6007
3947
6195
3876
3445
9034
1183
3451
7696
2865
1669
2894
4725
9961
6189
3131
4063
1581
5225
4795
4311
919
2050
1537
1201
7662
5723
4432
5357
6205
5271
5208
8331
7250
352
1816
4759
8497
7295
2603
5763
1995
8924
7169
9563
4411
2333
8627
2498
9823
4385
3867
5709
8828
759
9585
2594
3759
9702
1567
7658
3214
7111
416
6310
4298
9468
3504
834
6904
326
4520
3864
5506
8040
4447
1225
6437
5207
3729
5496
5745
5485
642
8130
5511
6742
4295
761
9879
2540
9000
2614
9378
2356
8499
5189
7077
7383
3108
9609
3073
6292
9115
8391
8348
5273
4036
8647
8298
4590
5365
9988
2706
8280
1358
4132
7802
8949
2078
4817
6610
34
998
751
2877
8849
6421
3362
8182
1027
1297
1296
8606
1625
5941
9740
7981
3091
5076
2556
799
8077
6055
3492
8999
5106
7630
4786
3830
9614
379
4454
2295
11
4413
9382
5537
3573
7674
5053
9890
4917
3342
491
7115
7193
4209
2272
9658
3629
8053
6554
4645
5924
8841
6785
4840
648
6800
3286
9003
7096
8592
8761
9523
7153
1363
9380
4273
8560
6140
2144
807
3957
687
3153
5555
5953
4780
4772
5139
2385
5816
2756
6506
3900
839
1735
1662
3064
4905
2623
3826
1954
9313
8302
7540
2805
8177
9593
5283
830
3048
1777
4060
3871
9466
1221
308
5066
2683
5025
1484
5491
6827
9080
6814
2605
921
781
7201
8169
7068
3505
6865
3275
8881
8393
3236
3635
8659
6018
1757
22
3385
1971
6256
9579
2436
9679
5738
5243
5409
9294
6268
6838
3169
6921
4740
7816
7801
6883
6758
3581
1159
521
9184
6444
4724
2841
5867
6759
7974
1745
9414
4206
3921
2373
996
2506
2897
7970
9365
9995
4346
3695
5376
2668
8631
5991
8580
3685
9866
5343
5466
8598
9467
6454
7431
9617
4792
4978
3220
1716
7568
4674
8406
2070
1391
3836
7812
5641
6653
6664
5600
747
6981
8537
5134
8788
6128
4441
2796
8251
4601
4616
4717
7465
681
959
1967
2835
5631
8299
8436
9690
6014
5354
7464
686
616
3586
6582
4145
2685
6070
227
3439
8547
1276
9542
8868
4263
6777
3877
1898
7
2099
7012
8764
4148
2580
8410
1172
8747
9913
318
4702
390
9134
9359
2323
9230
6913
115
7373
7609
1487
2684
3881
6698
446
9680
6198
9928
5472
9061
5475
1114
6076
6998
6778
2130
8703
2374
2795
930
6248
1021
7470
1515
4802
182
5253
2825
9363
8911
5512
1740
9065
3967
49
4924
7168
9784
5375
6475
5407
1108
1799
1164
2124
1088
6779
3190
8098
7260
2312
2268
189
9049
3304
1281
1908
1635
2026
3146
254
4839
5126
4841
2283
5642
1914
4018
7430
1204
5446
4851
9537
2904
4732
6161
8192
2049
8927
5668
5404
4354
6319
9605
7487
6933
5119
6190
2437
1339
9021
2634
7792
8371
2867
7259
7861
7442
9562
9812
9548
1102
7276
2292
8810
6861
8625
956
483
8986
2061
9334
7309
1224
7570
60
6746
8457
370
1856
8301
8012
3895
5455
3309
3484
4587
1019
2722
8205
2159
7957
5487
1278
6202
4417
1013
4031
1888
9249
1560
3257
2276
6541
792
8931
1126
6548
5708
1477
343
375
1232
4672
997
7209
6727
7815
2317
1070
3013
4629
8111
1093
4655
4865
5978
1306
850
6117
75
652
7404
8579
4762
7928
4021
6695
9102
2350
1091
3011
7053
5230
5575
4783
6966
9194
4
4689
149
1216
3554
795
6068
719
303
4642
5820
757
6266
5016
3880
4577
9737
1705
7594
8090
8120
444
2919
8492
7798
4081
4932
7758
6692
4688
9598
8432
7345
1178
5422
6999
8851
7793
9884
411
1212
2163
8469
4737
9485
1844
3926
6228
1025
1095
9006
1783
3515
9955
7725
5093
1432
1803
9926
5063
6641
9095
2058
9282
5928
2597
2870
854
5323
9429
8081
6794
1861
4607
3409
266
3820
152
7884
2444
1078
2129
774
4232
7076
3903
4923
1678
3482
6985
1412
5565
8742
12
2066
2337
7588
2073
8175
9292
8026
9815
9229
3603
559
9125
7600
4984
188
8925
1544
5814
532
5453
5837
7708
9570
1666
697
8503
6098
1949
7681
2306
7803
3122
9944
9904
9392
7529
4847
4656
2617
218
6876
7698
9286
4700
9568
8605
4680
6512
6478
8889
4321
129
5712
9342
2288
2092
9574
8842
417
5222
6899
2690
5315
1591
2514
3027
8188
4394
6473
8962
6081
5021
3951
7203
2025
3944
9318
4794
2713
1860
9744
316
2142
8824
3697
9432
5251
9187
3501
3640
9136
4540
7779
8275
4995
9272
3400
3562
4138
9393
3312
3993
4073
3228
1450
9423
2202
5109
7061
980
8995
6258
9641
2076
8092
4130
8816
5898
1934
1468
5115
9771
3337
278
7132
3698
1983
8748
4547
9435
4389
5348
3399
1087
4182
3129
8477
1431
6215
892
8350
8651
4499
3460
9202
68
3785
8654
3991
3827
3546
3945
3441
904
136
6647
7723
2989
5171
6294
4050
5976
2901
7269
9413
1160
7745
4430
6388
1876
9534
161
7857
8527
3367
6331
7705
1857
8128
7784
4586
4058
6706
6848
7427
7441
6614
941
3638
514
2201
8637
7947
1090
9515
4765
1780
7614
6392
3327
7663
9914
861
7319
6729
6113
6486
7659
7933
4778
9797
3070
1632
1386
5799
3959
4074
7754
5514
6428
8602
8325
1058
3188
1536
4747
9340
5895
9387
8042
1044
1923
7288
5859
2978
3254
937
6741
9157
8900
1658
1141
1355
1133
2573
4546
3669
7621
9789
9238
6755
804
5482
8558
5806
9189
2585
620
4379
8683
7691
487
1223
3588
1488
1930
1913
3560
2658
9857
9508
9811
4414
974
4552
883
6144
5443
4465
8051
2704
979
7742
9481
5082
3728
2140
4079
8863
6364
3611
3523
8735
4800
7590
2747
6186
741
7572
5801
7013
9924
7558
7382
7041
247
1737
9547
4370
8902
4357
294
4425
9076
7160
8769
8658
3167
5594
2082
9657
8006
6943
9232
2836
9009
7390
5677
2069
4390
816
4869
3259
9162
4288
8892
3797
8249
8799
3731
5902
4967
7200
1419
7506
279
259
3303
8046
9328
590
4111
2410
3520
7128
9013
2555
392
9304
3380
918
1702
8723
2221
5566
5543
2942
7941
3080
327
64
6247
5633
1532
746
1467
9632
5166
1378
3007
4335
8443
2820
3862
7289
6203
7215
4505
3481
4808
2899
6643
664
3751
728
4665
6201
1508
4763
6325
1401
8463
331
9755
2813
7341
3518
1789
6467
6826
1759
3948
6886
3671
5656
5977
5499
4615
431
8850
6980
1289
7254
508
2269
8590
7277
1203
8031
1875
3809
6065
6027
587
269
651
4181
633
7702
1373
2
7167
3587
4149
5776
7171
4522
8860
1836
5802
4269
4630
6174
2851
5760
6351
7028
5531
6502
3455
9458
6788
7994
9269
7823
902
8235
4663
4519
5937
2481
2596
6227
3681
7532
6733
760
7641
7338
4032
677
9616
7120
3450
7436
8520
9010
177
162
8465
3015
8035
2459
9097
4043
3065
5321
4706
7437
6851
5477
9437
9647
5344
5130
6762
3067
5637
6369
968
1978
730
6013
5790
4194
5358
248
649
8398
5101
88
4366
4830
4537
7407
6387
6286
9048
1033
8481
2379
3390
5413
9923
6672
1760
7035
6935
7675
6829
1465
2773
5169
2299
2763
2186
3639
7989
1765
5964
7286
6787
7336
7915
7245
7063
2916
5099
5628
9853
5020
4693
1841
221
6389
9484
4398
4034
7560
7059
6569
4257
5275
1843
7679
8269
4500
3551
3530
8777
7510
5142
5356
541
8415
8535
1520
3737
5042
5012
3266
3135
2578
3346
6987
3364
111
2609
7112
1992
4381
1361
5131
231
8574
6059
9973
2422
4922
6410
6080
8687
593
2006
3197
4733
258
8790
6561
9301
6574
3584
93
1428
2998
4529
8484
9402
5359
9100
7126
5362
17
5509
1884
5235
5722
9050
1595
4124
1382
8568
745
6322
1402
36
3696
1170
8812
2203
8149
5121
2359
9262
7448
783
1051
2120
6971
4362
2534
8739
6527
3525
3912
6139
6494
1073
9905
147
9907
6468
9849
6257
5973
4925
6023
7393
7207
1440
8979
4099
9004
2213
5194
2304
9522
6731
7358
9739
9279
7274
2646
3461
3014
4084
4807
3410
2811
5140
5390
7281
6088
8191
4297
9982
7366
7073
6115
2169
5490
5957
5165
6903
8903
4068
3889
9965
7552
8151
3034
3628
1084
9264
9251
2535
1015
4914
5634
1722
6922
2392
7473
130
7310
6923
8057
7082
2709
3156
8698
1684
3074
7603
8139
8204
5248
7007
9071
6996
4926
2327
6570
1105
8910
3500
5845
6391
9974
3200
1797
1279
3915
6385
372
5310
6384
6544
668
5545
9533
6226
2260
4561
7925
7783
6126
5278
232
8674
8630
8617
2401
4468
3443
1968
2453
9025
5687
6661
7144
7821
702
654
6563
8823
533
9210
2657
1076
4644
8586
3911
7089
1018
4342
137
3147
7789
6436
7709
9709
2845
5125
6830
1416
2581
8341
6909
7567
5533
4962
5920
5381
1206
7785
3595
2219
5465
7940
7248
2398
8473
403
4065
8262
299
3358
8895
58
8798
1708
7774
4267
4059
5625
5753
3866
30
4968
325
3204
6525
7155
5329
6293
2644
6458
6691
7195
1832
2429
8855
6305
1770
2208
5205
6616
7547
3548
9457
8179
1003
5473
6776
5367
4872
2402
8284
8129
6871
9819
6543
3585
5216
1996
5742
9366
935
6233
7490
7777
6526
4044
2723
595
378
5428
4241
8984
6957
3807
7251
1653
6356
5834
400
6542
1610
7580
1053
978
3225
4304
4363
813
5754
4843
389
5627
6728
7736
2791
8939
4107
8324
7493
7469
3260
5542
4009
8990
1912
6487
3333
7064
3786
6503
837
876
138
4541
939
5184
4205
7735
7090
1700
6668
3596
5997
3154
5220
140
9117
1065
4531
7363
7280
9409
9808
5851
5291
6001
4756
467
3382
5857
9715
767
9271
1060
4704
3832
9873
7669
5614
4383
1001
4382
3486
1240
4513
699
1578
7045
2148
1097
2424
1082
7038
3631
2582
9876
2966
399
5916
6586
2925
2826
7899
8054
1817
4573
3104
4028
1886
9645
3435
8190
2367
1122
3315
4126
1067
8546
5454
5057
4007
4803
9834
3738
4833
3444
1827
1238
4906
6402
9530
4660
6501
3522
7984
2388
5085
3392
1442
9829
530
8578
4551
1629
3397
6634
1443
2896
3556
9599
8786
2831
1446
5105
9741
9518
2326
9079
2181
4161
3668
9855
9673
9471
8762
5727
2558
1423
5156
6514
1840
1941
9057
8923
6058
7123
2703
4327
2174
3305
7902
2258
2790
3295
45
4931
6434
1660
3141
7951
9438
6004
2013
8378
6390
7648
1387
9792
3972
7024
5639
8724
2708
7116
9159
1502
1900
6739
6440
5585
9475
2319
9665
763
7895
6832
7172
5552
7913
3230
6399
5598
9842
2679
5234
5865
6983
3083
4216
2872
2554
3247
3883
2289
4166
9417
3299
3824
1833
333
4160
4695
3997
8831
4532
2806
1505
9386
2281
3527
7475
7834
2959
6963
3472
842
2807
8039
2321
2005
9898
1287
4982
3232
6424
8743
4735
9984
1359
527
5149
9872
5647
4957
5298
4245
8430
9375
3592
8126
2450
6690
9510
6414
9389
5378
2779
3033
7495
4042
3407
8241
8952
4589
6736
6578
9899
4262
3253
6188
7504
6445
1868
2311
9625
5860
3175
6455
613
5431
7223
848
7531
4186
3566
5530
9370
1939
9772
9192
2170
6504
6850
1047
9701
3962
9963
1682
8318
3783
3702
7474
6462
2669
9583
8833
2869
6914
1288
765
8690
6920
9938
3467
6674
4280
4010
925
4681
3037
1186
6749
5361
565
1739
6508
5923
5644
1426
6045
5252
4685
1181
6127
5596
9059
7858
2931
1528
913
5159
8248
1236
5250
9796
3350
5934
5638
8346
8801
3846
2626
174
4530
7037
2943
9803
1501
6925
5795
5967
460
6422
9473
2346
1909
7508
4703
2767
785
9153
4579
1764
320
6678
811
8668
3938
3735
8010
8905
7839
6831
1134
3401
8498
7170
4761
951
8719
2405
92
7292
9950
3734
7854
9465
5959
2911
6136
6395
7339
562
8512
907
3665
2190
8663
4237
8093
2736
7403
2222
3414
659
3693
9754
3617
8142
4722
2583
2837
2031
7067
2697
8896
2075
782
5826
6433
6732
694
281
6167
1720
4176
9151
4222
3819
3692
8564
5287
7642
3343
8992
507
2794
8963
3248
1989
6307
7198
7818
3412
9205
6345
6079
4123
2046
2010
6340
1100
2468
3619
6214
5417
5272
1063
7810
8287
8020
8550
9019
4506
3360
4488
8375
5809
5112
5077
1652
4047
5075
1991
4543
4815
4418
9504
9489
3063
6843
8725
3206
497
8424
2008
1152
35
9962
2206
8082
961
4868
2336
7804
2395
1075
5846
3296
7629
1641
7596
1569
1456
1360
1887
5762
8796
7700
1791
6021
750
9836
4439
5578
98
2764
3975
6316
8176
5067
4110
6123
4234
4252
2544
2502
8181
1213
922
2700
311
9209
6038
1602
8928
3192
8727
8745
885
4848
5198
7901
5854
4545
9628
5301
630
9407
2676
9411
3193
1826
6558
6618
8313
9105
7450
6637
4838
2000
7979
6121
8726
1957
7242
9011
9303
9869
7283
5023
9190
4849
6585
820
2282
7599
4323
5972
9813
6295
2705
8864
3487
3261
4376
7944
384
2214
2980
5097
6968
9571
5302
2277
7604
7538
1037
3609
72
9937
4380
4636
3982
9309
7730
7114
6536
4927
2505
6670
2863
8227
2817
8134
5261
230
4649
2177
923
8236
309
154
9747
6476
2051
2143
8775
3707
9109
8681
8155
7556
4306
202
2983
4356
5950
3314
9069
5730
9426
8583
4325
3109
2342
5749
2024
2710
1481
729
5663
7982
1819
9558
9931
2941
273
2353
8496
5562
2390
4583
6451
518
9450
120
5777
5399
7070
9650
33
2313
466
349
8857
9149
5645
430
9896
6282
171
1576
9738
276
15
512
7238
6932
6397
5697
6630
5704
5380
3165
9559
7544
7048
6086
9969
8757
9556
6596
7098
8021
2488
9710
361
423
4569
5058
1353
2139
2110
2739
9496
1247
8277
7452
8202
9921
2435
7397
4358
5478
6908
4853
3853
8356
1525
7757
3514
7891
5938
6020
6078
2733
9720
8559
5797
9027
9348
462
1893
8817
8943
206
2161
7108
2944
8049
2095
9880
706
9495
4438
442
5574
1541
8782
6274
7065
1559
5553
3758
588
6973
3498
4634
3416
8322
6207
1336
2220
9818
6158
7311
8147
4098
8386
3952
4207
5331
4023
3378
9506
8572
7329
1804
3009
8113
1879
9397
3418
4785
6339
1157
858
6955
9246
6465
37
5079
4392
6818
7219
2484
2209
6235
4013
1807
4752
7704
6173
4533
5832
8934
1982
4555
8818
6986
3979
239
3622
7389
6714
2216
1687
9376
4428
2801
2819
9284
5268
7721
2724
9338
8921
3775
5262
9007
8729
452
7965
4345
6191
6782
3394
9058
8649
3854
528
9906
5868
8218
4003
6748
7416
7670
2109
1190
2153
4542
8153
6532
103
8996
6869
8438
7105
1334
8977
1162
1517
6769
4220
513
538
1259
3902
5237
3170
6686
5001
4862
8064
8848
4261
4431
2611
4855
8180
3090
9024
1066
5556
7001
1769
3046
8201
1849
1755
5341
7666
3723
2541
8452
800
9686
3085
6874
5769
449
4870
1347
9798
6801
4707
9816
1743
4710
8137
443
8707
7747
6857
3882
244
7953
2772
5917
1024
1379
8199
7307
2108
7109
9170
6141
8567
1230
7371
4204
6588
2448
5658
2888
1905
1489
4605
1312
3446
6142
1774
4813
9047
655
6781
929
6221
1555
4238
6260
1679
1550
8022
3078
3012
1329
8412
9712
6709
787
7420
2858
3825
9295
2301
2957
3268
8495
3201
6795
7445
7555
9837
8669
7673
6951
291
1723
6656
1801
9463
4745
427
5402
8797
1409
4199
7017
9255
8701
9544
8688
3796
7408
7900
8366
3578
789
5672
8399
6008
9486
2833
8526
3649
4594
9491
2491
9173
5461
1469
711
8413
1250
3403
2332
7406
1548
8023
2968
776
245
4193
6400
7836
