4482
9932
7823
1992
7945
3414
7644
1001
2080
3756
3539
6733
6313
265
9920
5127
3346
1487
2224
2108
4020
2389
6320
2029
6127
851
5261
6110
7295
2619
8765
5420
4684
3129
600
4130
630
1092
5120
6986
7045
1450
6212
7351
2582
1939
6594
8938
5064
4875
8707
3172
9558
6253
3033
8361
7547
3424
7662
2970
4311
3899
9332
235
1274
2796
9797
9100
674
9209
278
6255
9466
7361
9218
2788
5167
6498
6049
174
195
9426
6169
364
6381
4400
6779
4346
1079
4267
412
9755
7462
2531
8301
7004
9857
1245
1571
6247
5188
2533
2343
2819
7286
5568
860
9734
9936
7271
9897
3974
9266
5040
7240
3166
1370
9861
2092
7327
4730
9247
4643
4424
8954
4316
5876
1339
9146
1592
8093
8491
5019
7378
9872
9575
6172
2904
8354
2248
5035
3468
9928
818
2850
2246
2287
7798
8336
5082
1994
4325
1622
2422
1538
175
4259
1796
6344
8875
1070
4126
1461
9941
8596
2654
5654
5964
7789
3301
9753
1915
7061
4055
2860
2749
4348
306
1235
2801
432
6483
2363
9637
509
705
67
2516
9129
3017
7931
7125
186
7995
3188
995
3509
6171
6199
1081
1560
557
5059
8195
6492
7980
8059
4399
5152
3792
5801
2434
482
1835
1638
1540
4122
383
9870
4740
5172
9300
652
394
5761
7494
7258
9963
1194
9993
2178
1576
9167
2347
8452
2402
2407
8937
3581
5911
2952
3732
5639
5080
189
4356
5894
7260
8670
6836
4458
3204
7402
1609
4440
6373
1967
8019
1489
5202
897
136
5433
9391
7668
7306
5598
7831
4282
6245
5134
2242
1757
5778
5595
8133
9418
2154
9805
1593
8334
4743
1653
2798
9879
4345
2442
9034
1213
8167
3345
4069
6510
5861
4113
1534
3855
7709
1515
784
1028
4272
3400
40
6752
9207
8225
7656
839
3737
7250
2820
8586
4952
774
8251
9159
5231
7803
8764
8733
6016
5296
6429
8616
4128
4931
3781
4610
7868
6426
5865
6545
679
8420
4089
9215
5008
6625
9460
3296
9891
6982
3606
2624
392
6833
4494
3135
9250
2831
4796
742
3103
6555
5089
2208
9171
569
590
6207
3995
9110
1138
8766
4387
559
6098
2622
262
6814
6517
8531
2321
333
4921
3185
5895
448
4562
9192
1429
1676
4764
3231
1893
446
9854
7404
5489
1864
4109
1762
9773
1167
4628
6990
9856
7174
682
7490
9237
9154
7127
8729
2756
8711
2105
6993
2881
328
9789
1987
3485
5868
6746
4856
4137
6816
6458
8351
8648
81
3070
5681
7396
5882
9174
4188
1729
145
7133
3482
852
5795
6698
5079
1598
2882
8357
4919
9246
1168
5852
1244
3339
6902
6288
1782
7665
3614
9473
4016
9593
237
5198
721
5529
1737
4853
1071
372
8291
1614
4329
8544
1114
862
1866
2892
407
8744
97
8429
4470
6461
4720
6735
2403
21
1436
9874
8247
6955
4869
1942
4742
2276
4601
6295
8161
2810
5937
9846
3307
9121
3912
5941
8363
7983
9886
1279
3516
7200
6823
2525
7636
879
4422
2568
6771
9495
4015
7313
6195
5550
8626
1773
9709
5890
531
7449
496
1913
3015
6815
3497
8286
5811
1621
8036
753
3174
9751
8981
6062
6505
1479
5998
6702
5749
3383
8383
3469
7704
8394
3034
3200
310
1995
6731
7154
4001
7390
7293
4011
7535
2369
302
1160
9047
8704
3775
958
8310
4139
4344
1918
9820
3419
5981
82
2312
316
5277
9834
8824
1047
9999
8722
8123
9062
9863
7231
9087
8012
312
146
6665
3580
2109
386
7963
6693
4118
2919
937
1516
2502
1809
1777
7974
7444
5193
3981
808
8706
6906
9537
1480
6622
8017
2317
2769
6495
5211
5178
5378
4727
1129
9503
2727
606
2125
5579
6114
1277
5242
3612
5792
9727
2259
2063
6536
8668
8854
1982
7371
5688
5394
4487
9899
2950
6847
7814
3558
6317
4603
2073
4693
9020
6641
2705
5700
1220
9603
2177
7191
6717
2296
426
5099
3824
8891
7094
248
2599
586
8034
4463
2041
7488
1813
5042
296
8653
338
255
2139
8158
7790
8787
9508
2885
1011
5914
8075
2269
177
9408
286
7754
4212
1632
7773
1345
8702
1828
2060
9410
5928
7851
1658
881
3886
7363
4401
9124
4462
434
7210
5530
6797
9948
6729
9127
6796
6038
4639
8333
599
8127
7095
766
9329
9909
3227
2505
3333
8900
4910
3246
2623
4268
5592
9340
2002
3130
9770
1531
4100
8132
1562
7368
5246
16
4901
1715
7606
2513
6782
406
5113
2504
5952
7426
6710
7473
4225
1049
1377
7946
687
7068
2532
8459
6443
7499
3897
9320
1401
3322
8584
9680
2983
7673
1861
3609
3127
1625
2459
521
7256
7055
4186
8688
7249
303
7302
5626
7079
806
3412
9788
8687
7733
6479
1478
5473
2138
822
2628
1922
2996
3285
8741
5305
3913
7571
4569
6051
3140
4271
3401
9694
1392
4959
1886
9719
2064
2857
2966
5151
9203
1654
5204
6189
8848
9378
7288
3370
4857
9588
3940
6985
7285
7599
6619
4294
4270
7897
2471
890
8062
819
2611
3075
6995
2173
7922
7438
1297
2544
736
3631
3843
7315
7521
7752
4849
714
2424
2010
9065
3258
9306
6707
8939
6794
2658
8698
4478
8466
5387
990
3460
6892
3472
7038
6725
1643
5635
9398
4530
3958
6903
1177
3985
201
6279
858
4042
8580
5556
6824
7298
1931
9454
9716
8308
4248
9456
8881
3862
3128
4010
4792
7148
8110
5669
8582
7433
4421
1586
7619
2954
5602
5860
7229
8217
4075
2101
336
2558
3264
8069
5062
6334
6134
8991
327
5313
7063
8928
2799
6242
1619
6917
1455
3803
4797
6570
7416
5150
9741
1117
9506
8154
3534
1641
5927
6681
1361
203
4717
9667
4484
718
1145
6724
5353
1097
3925
9816
9392
2503
5078
4373
759
7492
593
9254
7767
647
6201
1256
3113
4944
7130
7886
8187
1661
1264
151
6721
6938
953
8647
7700
251
3949
2435
6865
2488
1173
3324
8545
1271
8750
2638
4423
2047
1956
5321
8507
3550
660
9326
3244
7014
6929
3863
9333
8649
6858
2189
5583
8606
6113
3814
8962
9933
2864
9776
6566
9551
8575
1974
5948
8776
4257
5205
525
4492
4527
7335
3772
102
9165
9136
9480
2630
8740
8442
5659
7728
8594
6191
842
844
6118
4956
6493
290
4449
5329
4629
2133
3708
6324
2700
9640
6869
675
6130
6226
7007
5516
1983
7478
757
7960
2795
9677
4337
9177
4023
2219
3900
812
2698
2894
5159
6838
1265
8785
640
9627
1849
8922
2454
5837
3976
1601
5623
9918
5279
9094
3892
4160
7835
4132
385
7011
1128
1003
6150
8138
9595
7485
1294
7270
7911
287
2960
653
615
9954
4612
8393
2182
8166
3896
178
6421
435
9728
748
5721
9605
2054
4107
6211
7188
671
5123
4443
6311
4630
4249
2021
3408
7854
5016
5207
781
9905
5477
9409
5892
4429
7060
6716
5707
2724
1589
5173
8557
4498
8925
5851
2410
7244
8287
6679
3475
8317
1322
142
2244
9984
3530
904
5234
7865
1490
5983
2481
317
9367
281
9689
1833
1884
8717
4095
5363
9760
1818
1716
9283
7422
9169
6112
4506
6533
3531
6
3440
5300
2494
6478
247
9439
442
7121
8560
2065
8216
2849
4589
4051
7193
1550
7455
257
1248
1816
480
347
7150
5017
6628
9022
2059
8585
6747
3327
420
7039
2584
665
4778
4396
8202
9440
4205
1062
6607
2847
5596
3386
8320
2044
9646
3701
2429
4571
8113
1665
3836
3536
9811
8045
3038
8081
8495
2365
4412
8104
2779
7725
7802
7921
7585
9019
3077
8350
3415
7360
1398
9673
2655
1615
4885
8632
8461
3801
8884
8599
5933
472
7847
8523
1573
4592
2316
4635
8918
6827
9242
7508
7759
5661
1483
4038
1496
2757
1482
8963
6572
4647
5625
707
2338
5435
4756
2699
3480
8902
4651
5170
3441
834
573
8437
2428
4552
9214
8697
2121
6644
8924
9489
7134
3499
4541
9969
1017
2990
8369
6694
4642
8335
8821
6713
5458
698
143
9699
5287
9400
2928
1180
4004
5154
7617
5446
610
1596
8097
9842
5503
1462
3417
8046
8390
3318
5966
3819
3416
1471
7594
4253
9103
3300
624
8615
4149
2707
9063
3328
971
1532
4707
8555
2536
8117
3315
6367
7655
522
4198
1506
5881
3456
4140
2035
6233
8074
5115
293
3280
234
3266
7097
8667
8176
4305
4041
5767
4083
730
4889
3665
8066
8432
9814
8942
4233
1776
9444
3841
150
2335
4762
7713
2902
5469
9468
7861
8279
4455
6992
8562
6874
7671
8027
2493
8656
9364
9565
9692
9040
3656
171
1388
9830
9763
8038
1981
6273
5857
3774
4808
236
1616
4088
6494
5886
5740
3742
2576
6856
9287
4757
5029
6894
8809
2934
3625
2374
9390
7877
8913
6613
1084
2195
741
8770
3084
2510
9549
6425
368
2085
6761
9068
7658
2763
7612
8640
8631
6642
3189
9598
7434
5038
2509
4688
4012
3211
1738
2034
5000
5495
667
6994
2726
5834
3904
5622
4667
547
9504
2602
5383
3807
3523
3755
9249
4046
5324
233
5616
4657
4103
6337
1263
9668
1340
3083
3718
6175
5738
413
6953
9911
3265
8321
3062
3864
2408
5521
9511
8201
129
830
6930
3568
5770
1841
5989
359
7129
6014
8861
7810
3702
1252
291
5393
1118
5168
7381
2573
7758
4056
8503
2286
6904
127
8634
2193
4976
4920
1869
709
1613
981
5587
6352
1686
4094
6491
6563
7246
1704
1525
7611
6618
6167
8391
8413
5604
2607
271
3058
6031
9635
8309
3047
123
9882
7456
5603
3436
1972
696
1357
2935
1894
7072
3057
396
7731
4747
9401
2664
1044
2360
4439
1953
7201
1414
138
9975
7692
5776
2292
6577
2681
7310
689
986
2771
6939
3463
7679
9236
4230
2057
9465
37
2915
9086
9335
141
7889
7118
2128
5932
9695
9145
191
7423
3700
8903
9676
249
3572
6304
6640
8206
3504
1624
3798
1353
9399
1914
5392
9481
9386
6095
3873
7528
223
4152
506
8497
7299
5266
1241
2843
4127
7477
9976
1354
4607
7702
1906
6182
7083
3615
9967
6581
4080
6119
6041
2778
8714
2213
7652
2151
3214
602
1778
9382
2543
5223
1684
6530
282
2015
1807
7872
8095
2965
8337
8865
6972
1631
1158
5238
6183
9487
4281
2718
5824
7863
1803
2518
5066
3817
104
2971
4724
8276
7319
4437
8705
2458
9128
6228
1827
1253
780
3107
4972
4947
607
6224
2911
5027
9010
6714
9018
3118
3134
2220
1376
8876
2560
1892
3920
5160
1720
632
2956
1969
6500
5531
2329
71
704
8986
5999
7044
3392
6111
9632
3159
9529
589
856
3426
2900
1065
3433
6947
9393
7297
2657
2112
5273
8151
5314
8433
4019
1544
4138
5961
7809
1709
7035
8018
98
9275
7033
644
2612
2959
3525
3205
6069
6298
8743
6667
7263
3377
441
4580
9058
1051
8246
6340
8028
2298
2530
2268
1178
5049
987
6818
6579
9875
8877
8084
7276
3277
7977
3207
5376
6067
868
8440
9718
4323
1739
8695
9152
6738
2845
8355
29
1501
7366
7009
6056
8956
3553
9049
9609
351
6144
6235
4833
1400
5268
754
5773
8423
5397
1790
2781
1444
1999
6711
6801
9327
7715
5879
4093
2785
7855
4572
7938
5262
8485
6456
7680
3114
3821
5893
1291
7441
8835
5156
4741
7760
5372
5573
5048
5726
9256
605
2523
9624
6467
9262
4289
5470
4074
7405
344
2686
7454
3462
4977
659
6751
3689
1484
2913
9554
3078
6444
1465
6452
4784
4852
1565
3112
343
5258
6843
2477
89
8739
7277
301
9968
8136
2445
326
6361
9957
6617
4512
9137
9118
8200
3467
6680
1136
458
1130
6817
173
214
7895
1215
5448
1112
5543
7274
7137
379
3850
6303
9279
8319
6830
411
8871
7445
9238
5498
6583
669
3275
4854
8417
7811
2943
4518
3520
9944
3329
799
8703
5165
2427
8988
7185
3008
7985
2484
4751
7830
6348
8237
2594
5684
1774
6670
4734
5071
5426
732
6054
6465
2583
5201
2430
8302
695
5318
1888
3868
7382
982
7140
5831
4846
3429
6178
9626
5136
8197
6109
6614
2752
4184
4576
3931
2936
1688
4930
1558
2916
2197
4880
4551
8134
2694
5009
956
9955
7969
9840
5278
8345
2617
6046
4306
6741
3240
8964
3022
2754
479
5396
2577
1269
6180
3443
5855
6357
6319
2593
367
9732
9926
1600
3110
3990
2818
7882
3182
5047
2142
473
4830
4134
2241
6521
4451
5045
4471
6852
6045
8517
9051
5703
9031
5527
8908
3086
588
8031
6872
917
8808
87
9986
1858
9715
3878
900
1157
5
2436
9774
15
4172
9792
3096
8063
2816
444
8612
3435
9853
9956
8304
9295
7010
1966
7515
1273
9164
2972
3537
100
3465
906
903
4434
5782
8851
2822
945
6089
1677
8948
8883
2314
5982
7443
3547
5607
196
4640
2948
8405
9707
3835
8083
9881
5891
3692
7505
9950
450
470
1620
8
5176
8968
1907
2501
7344
2019
9871
2270
3336
497
3740
4008
6655
7403
837
7556
1701
4299
1863
7578
3041
2078
2777
4957
4609
7425
7951
9023
2206
2644
357
6504
3603
6350
3271
6042
9324
6386
5388
8453
3061
9965
2186
7984
2225
2192
2953
7647
7202
7171
4994
2596
1912
4850
4701
5827
3037
9069
3294
6326
2260
8926
3239
3521
9827
1993
8589
4915
340
5794
3202
8967
4334
4204
4086
6218
6879
6537
243
4117
5660
166
9317
5943
3611
6328
9108
7211
5034
4516
4680
7929
157
9296
1741
8230
9877
3865
876
335
9292
7712
8444
3242
114
2159
657
527
2469
8431
5183
519
3563
4238
5645
4981
1198
7757
8602
7415
5578
5528
8568
4804
6605
4017
663
8966
9953
7841
438
6487
2514
5057
4810
5311
3642
452
5945
2209
2671
163
8768
3619
8856
8414
8627
7780
7245
8008
6964
5546
2993
6715
1189
3094
6481
4071
4313
9647
7018
8052
2776
230
5585
6884
3548
1224
7166
4782
5226
5629
5451
873
4367
2985
7450
824
5656
3066
3125
4155
8843
2813
4834
6764
388
9258
8065
9098
9769
7116
8930
3852
1125
1521
8300
8755
9524
502
7204
4000
268
8395
3970
1435
2031
95
7565
5764
3074
5606
5091
4698
4960
4360
789
8682
1670
672
2425
9318
8567
1281
244
4940
3149
2058
6969
8488
5005
7756
4241
7048
2701
4292
743
2099
6237
3276
1358
8305
1229
6808
275
2914
3349
964
3687
3069
662
4980
1975
6187
9908
2897
1149
4438
1046
8906
6839
9457
8043
5237
6296
2886
5054
6516
8219
474
5039
4692
1310
8600
7888
5557
2709
1126
1767
3628
4355
866
9257
2341
7395
9374
8772
885
3917
3005
2575
7661
1556
9806
3853
8947
514
1410
3195
5302
2553
194
105
6173
9080
4958
2764
4823
9864
2579
8267
9498
9388
6422
489
9222
2049
1369
7890
6759
3780
5619
8042
6626
120
3243
9971
9650
2191
7590
4602
8404
1082
9293
1299
2052
1904
4196
3447
5162
6343
6631
101
2605
1395
443
9077
7696
1422
8120
5382
966
2604
9155
888
7812
9927
7195
3169
5512
5535
1834
8734
749
7420
6525
850
3454
3729
7369
2190
7866
9660
4194
3826
4312
7852
1948
3695
594
9041
6365
447
4648
2077
5802
6523
9586
6403
3571
7685
9507
7718
2637
2689
1325
2522
1545
2861
9961
2267
8160
6567
5686
4591
795
2684
5617
9618
9786
358
2804
923
6085
7215
713
2884
6021
4626
5432
8402
863
4860
3092
158
7637
7316
5582
4897
1094
683
5652
6374
4068
2855
8723
3988
2534
8781
9544
5007
9471
1879
7029
2309
2089
9658
4239
6412
8210
8887
1200
3876
9851
887
7287
7600
1394
769
7750
5737
2440
3894
785
7689
4148
6886
4733
1679
9995
5533
2979
1535
2226
1059
2548
7108
6044
4457
1300
564
6384
9109
5335
2441
6358
7961
9132
9168
8356
2474
7990
2289
8303
8257
8840
6846
5371
2980
9889
1507
7729
6807
2306
1074
7475
7781
2297
3546
7339
5012
8454
124
5584
9985
5206
3711
755
2196
2152
7237
8332
7698
2479
575
5418
936
4950
5191
4426
4301
7453
2119
2539
2814
5542
7557
1233
8427
3157
2683
48
9363
7821
4392
7717
6388
6186
5900
8314
4681
6980
1844
7507
2079
2643
8917
9282
816
5331
3890
292
1563
2012
5600
6753
5954
3471
4407
9434
2214
2201
8572
5691
8348
1406
187
6457
2198
5926
8590
8651
1374
9538
5751
99
8839
80
6213
2257
6907
782
9546
9220
3011
1295
3044
3050
6122
161
9405
962
1276
3739
3413
5822
8330
7234
7747
5936
6002
5942
2609
4504
3562
1101
8624
7336
758
9479
8490
2595
8559
7708
4623
661
787
59
9997
9672
6342
8933
2627
4656
6867
7383
6151
1402
5913
3659
5664
3813
508
1518
3933
7305
1043
9142
7580
2227
4397
1655
4231
422
2106
7850
7359
7761
2887
7020
2394
2271
2162
4749
6668
4988
3132
8297
997
1142
2858
8909
5461
6251
6780
8934
5820
197
8677
8811
1546
3907
4070
2870
978
4898
9330
3252
9615
4819
6557
5631
9988
8637
5149
536
7442
3006
4722
3506
3427
6238
3458
1520
8051
7251
3131
4445
1053
7893
1201
1183
8349
7834
2126
8365
2322
7008
4381
4195
7711
9446
1806
2616
7156
1091
2933
2249
7858
5884
3543
2327
2876
8419
3432
3629
4242
2610
5227
4193
4317
5493
1896
8001
846
7071
6258
2328
1211
3673
305
8783
905
913
8530
7323
3924
6351
4859
1503
2046
1250
8462
3164
9799
8514
5355
8323
1713
4929
2222
6712
2371
6615
5672
1604
7124
169
165
5437
6863
6921
2417
5111
2711
5947
8221
616
4087
538
8888
2007
1842
4636
4304
4565
1319
5565
9469
7748
3167
1959
256
7282
2905
8635
1634
4979
4382
3049
972
2517
6595
6502
3312
4072
7634
5987
5398
1607
3942
6369
3587
4032
8182
3095
3893
1175
3902
4031
3783
8528
6755
1908
3170
1184
8816
1351
2773
2556
1029
190
3875
1469
437
5532
4159
4766
4874
2038
3124
7768
7517
6061
3072
277
1433
4899
356
4511
7871
6484
7421
8338
2412
7867
7996
8470
2554
8738
6157
892
9973
8622
4704
8468
3290
8307
2696
8191
1472
3564
791
8769
7910
9352
656
6137
5995
5307
7021
7631
666
2013
1040
5779
3777
8806
8282
8147
7002
8757
9053
8931
9219
121
2053
9373
6349
7649
7792
5257
2976
7541
7693
6966
4968
5334
7331
7407
4161
2055
9470
9163
6754
553
4076
580
4375
648
8535
1873
3986
8912
4302
155
5196
546
7879
3343
5717
6529
9459
2697
2765
2926
8732
6020
6561
3260
3007
597
6575
1
8023
5514
3023
7440
739
7924
2211
3938
2113
8655
2929
1385
5627
797
5875
5405
9193
9581
2311
8505
6030
5006
7688
9235
1502
2161
4615
7783
1423
1591
9898
2160
1446
1710
735
485
400
5741
664
2024
5997
7714
5972
2349
7132
90
8384
1467
5187
2238
3567
5342
7496
3216
9758
9578
1513
4971
6766
1447
7914
8684
1209
8556
1344
6314
9836
2823
1685
1831
5558
5411
5244
929
2082
524
4719
2166
3624
534
2762
1651
5455
8571
1731
5708
4995
914
777
578
5560
3387
1383
2844
8250
9733
6241
5840
8789
7919
331
5481
7737
2866
8825
3411
872
1491
1857
3297
5189
4872
9729
8595
1302
838
6524
6034
5817
6959
4240
1166
6475
706
8289
7887
8306
5114
2809
5229
9663
1682
778
3753
7064
5636
4441
134
1988
4124
5917
886
7376
2090
8252
180
9416
1772
3104
7687
7239
1979
3993
9862
7683
9509
9233
5757
7497
1574
7873
3956
5385
8275
2812
8192
9628
1699
2361
633
499
2731
5356
7705
6658
4009
5968
1583
5247
4431
3857
8822
2940
6629
5369
7860
5214
6732
2285
5869
7569
2033
3286
7942
2409
8756
4942
802
4807
5693
3228
4206
7175
6804
111
6108
5506
5347
7568
4340
8011
9681
634
6609
252
6703
8484
2545
920
304
7906
8929
4058
943
1305
6700
7278
2589
4703
5130
7964
3223
603
1781
5783
2840
6496
8387
7472
2453
2305
9883
8416
3014
9102
467
1945
218
2837
7793
9244
353
5225
8324
4585
2641
3998
9952
5308
4935
6821
3270
6419
8636
891
7987
6039
3490
427
9259
416
2398
2851
8573
7530
4414
7153
2751
7031
5320
9404
8487
614
7465
6551
770
7722
968
4561
1936
3351
1528
6307
5323
2989
4811
4866
9514
3068
4937
4028
219
430
3566
5010
1133
2463
1666
7573
8779
4670
1855
6826
1744
7464
5641
2586
7000
3960
9979
3483
8445
8715
4477
4002
9105
555
7387
3455
6240
8569
7367
57
3769
1838
4563
3795
4115
5728
8299
3676
451
7386
9280
3334
3317
8292
5439
5326
42
1668
1039
2040
9131
4156
6565
3212
9179
484
9199
2741
8504
3829
4523
6133
270
1323
6974
6362
3486
7391
5216
2542
31
9274
4237
1865
3877
8873
4666
3473
345
7907
7509
9251
4705
6727
2747
9841
2649
7772
1122
1657
8657
5679
3142
9156
7301
8607
3682
3437
930
4817
7979
3233
942
854
6285
3012
1880
5520
8817
3060
9301
9048
4652
284
4655
771
933
6477
8814
8494
6083
2963
2791
6643
4533
7787
1991
6941
6868
3987
3491
1147
5195
7993
466
43
7196
8224
6593
1645
4514
6264
2903
2923
3679
6035
2758
3731
4574
3535
800
5499
6612
1390
7553
8621
9688
7575
5835
1997
5753
3116
878
1810
3279
1508
9134
4775
4555
3630
8214
5991
9346
7998
6330
4886
7570
183
1409
1821
6136
6851
2977
9375
7192
3122
9674
7986
3179
817
5336
3394
676
8478
5950
907
2122
7480
3939
8209
5177
5810
9387
1499
8376
9355
4522
8265
5359
3713
8268
551
2863
9277
9625
5031
2868
5525
2420
5907
1610
7117
8226
32
6222
9491
8985
5174
3675
6850
6987
7739
5085
4495
2744
193
1016
5687
6507
8620
5539
4690
3589
1171
928
3073
821
9422
9204
7567
456
6957
6084
5303
6301
7043
3487
5692
2009
3849
5662
1497
5589
1917
8529
3359
4486
4710
7207
4061
4021
6542
2995
1430
4855
9686
6933
1452
926
7796
8347
7664
8543
92
957
8796
6568
8181
9138
1199
2001
974
5873
6010
9542
5243
1239
7825
9887
3495
4700
4916
2549
3858
5862
7170
2879
1418
7463
3192
708
7084
3284
4548
4678
6912
2221
2042
5799
960
1375
6316
4961
3450
655
4427
9691
3405
1511
7259
1424
325
5867
7186
3382
1111
561
1292
8509
5436
552
5599
7411
7920
4534
4908
3812
0
9523
2076
658
7054
6696
2293
5775
2786
9039
717
3870
3428
6292
3542
8889
1078
4934
4136
5186
9855
6370
4581
3744
9429
7891
8448
1585
9116
3707
4145
9385
1304
6372
5755
319
1934
6161
3283
4894
5325
5466
9785
2020
1268
8171
6954
1064
8541
3872
8519
5374
3948
7589
7765
8828
1150
3451
4419
2245
3728
8665
3108
6052
1675
9464
9336
690
4063
3898
7997
2283
7947
8532
8837
9916
3191
7849
8646
2204
6115
3895
8240
8869
1364
5074
1396
8067
2130
9353
1090
2103
7163
5709
9185
9580
8570
4982
5553
8261
6538
1380
2678
5973
8965
788
8185
4037
4943
2279
8189
1449
1458
6652
9884
1800
2615
9687
4082
1417
3321
5132
6101
3282
8211
5417
1964
4043
4650
7354
8430
4794
4835
387
1219
3298
2679
5147
4369
2051
2499
7304
9641
7522
6192
7431
1476
9894
7822
1846
2908
3794
4617
2547
2167
7833
688
7506
5224
9757
9396
1362
4597
5944
6227
4696
7638
5232
5415
397
9170
611
6739
3751
7429
7991
5754
4912
8190
4870
9873
5465
4712
1681
5025
6132
1022
7880
7292
1121
9343
4260
4945
1315
9002
2406
579
9947
5671
6325
1784
8270
4222
7766
7401
6633
9704
4755
4750
4736
5407
2210
8476
7228
4040
8039
8852
1749
1955
3935
7563
1403
9520
3705
7349
1240
5685
6697
3736
9484
8941
1808
4297
520
3851
560
3177
4411
9867
6205
2535
226
1438
1127
6946
1678
5053
1962
2673
3000
8847
2734
776
2572
4491
2056
3811
6459
5946
8709
6091
2482
4621
4183
1349
9591
3178
1847
8673
5798
6064
3951
3788
3908
8548
5097
4244
6036
7532
8121
8410
3565
3198
8082
5124
4529
3570
612
1331
1570
4203
9225
3828
5044
5087
6664
5002
6819
2957
5839
537
7437
8608
6888
4619
6720
1751
9271
9467
3221
3507
1267
6831
6339
279
5766
9742
2373
2835
2826
1371
619
4537
6844
8415
3764
7978
8401
7641
7948
4357
4686
9133
9334
8375
5199
8269
3719
2061
6139
8029
3274
8987
5727
9248
1933
3882
513
9194
4084
910
8450
9230
2332
874
5846
9705
4525
6268
6008
3350
6791
5710
9313
532
3532
5033
6468
2171
6877
1055
1579
7341
6988
550
7346
4838
7857
9981
8879
7149
2730
103
4763
6699
1577
2703
947
1123
3241
1072
5315
6383
5221
1439
1840
8642
6736
4760
7999
9698
9764
9043
5916
7753
6230
8897
1238
1073
1726
4406
3790
6179
6424
6686
6284
1683
5777
6558
4364
7697
7484
2016
3354
5076
6239
864
2028
1750
4432
9636
8496
6368
5490
7067
1789
6202
5567
4793
7353
4473
7828
8701
1368
6802
1568
8983
8089
24
9284
4542
1843
9290
4662
7943
4430
6765
9621
6331
8007
916
9449
4465
8428
1797
5015
9315
3549
2766
1830
3342
9809
3576
746
734
4353
5400
5699
3449
4966
9319
8175
5065
44
6853
9081
4384
1493
8675
7111
8213
8212
6263
2027
2613
4549
9783
7755
8951
6450
7643
8130
7435
9265
6257
7413
3019
744
5930
6832
4732
8207
3698
6728
2768
1973
7183
431
3344
9090
9342
3278
2050
685
260
7345
2486
627
8000
6433
6154
3600
3218
4695
3648
4192
9623
9512
6849
5488
8013
4575
7615
9974
3079
4759
4813
1230
6803
6436
8898
6940
6416
3845
9735
4309
8950
581
3645
3369
2237
4517
6437
4361
6013
2591
8418
6032
1246
4550
4453
1743
9970
5289
5052
4108
323
9978
1223
3457
280
3574
5340
2172
469
6454
5572
8679
8183
7461
9362
9197
3027
9896
811
8146
1581
2366
4217
3304
7820
5051
9866
8266
332
215
6781
8761
7949
4408
1285
6871
3694
5408
8511
2098
9696
4275
2981
9338
4119
4034
6355
8346
3758
8807
6591
1590
6676
7348
7398
7280
7460
825
3909
577
6401
2150
498
4265
8791
548
631
490
5401
9563
3517
6635
2824
6706
9721
7674
3154
7115
8262
4871
2974
5809
6656
7109
4175
985
6423
5898
9683
4226
1412
1949
5267
362
8421
5083
8804
622
6439
4708
6463
3035
516
8435
4836
8079
156
3825
9309
6480
2498
1313
8199
8552
9188
5605
9067
2738
1389
3155
1557
4978
9946
9312
5805
3945
8500
7036
828
7482
3404
5100
8386
5538
3667
3844
9071
238
4141
9771
4821
2395
912
1306
6103
3657
7614
9795
3363
9425
2414
9368
2072
9231
2263
4460
6165
829
6282
3906
869
6552
5438
4502
6254
2803
4660
9570
8339
8371
3272
2134
3975
9059
5725
2853
4824
478
6564
5480
7233
4227
7042
9693
8455
1680
4729
5953
7540
8728
5715
6647
980
263
1425
5510
417
2944
5255
967
7845
6469
9072
3145
1257
9902
6763
5192
3746
7001
6015
989
5554
7966
7632
69
3029
1113
5249
4503
4946
1236
3409
7141
7122
6322
3704
8633
3918
5310
3693
2174
6033
4181
8483
7626
5456
2646
1000
6762
3150
5676
6256
3303
4098
8022
7716
2767
729
8823
6106
8271
518
7610
3488
7309
7092
7801
9653
7504
6743
8853
5375
6684
9117
3028
88
823
4646
4173
7222
3138
1921
2636
5731
4390
9977
6540
3635
4895
3575
8614
8974
6063
951
747
199
921
1746
5141
1124
6445
2629
285
3541
93
3372
50
9629
5682
3802
9005
1745
128
4045
7607
2180
8014
9494
7364
5430
8813
507
3099
528
6926
3966
1214
3712
7471
7885
8026
7419
3152
5821
9532
475
4442
6006
7214
4728
6864
6196
6945
8298
6981
4699
2651
7003
7598
5849
2084
3930
4955
9263
3738
6883
6898
3962
2668
8578
4546
5081
4624
5228
952
2460
1927
6293
6820
9050
6428
7446
515
4111
1647
1910
6546
7013
9268
8168
418
6121
8810
895
4352
6813
7098
9802
8860
2800
4851
668
7389
8920
3091
2351
5457
7325
6522
6745
3618
7213
9442
750
9441
5918
7609
6489
570
5508
91
9015
8232
7701
3634
7824
7972
2984
2497
8553
3184
5220
5787
202
8700
7102
4444
946
6674
5101
703
6962
1360
1332
9900
2368
9402
415
8193
7303
4606
5370
5492
7549
7493
1895
288
221
1646
2760
2924
1851
3445
9190
1889
3810
2068
6333
1822
6472
6586
510
4276
1691
6074
5931
4336
1387
4490
3281
4435
9432
9531
5390
5683
7187
5515
1156
4868
8196
5182
7581
2310
2005
7734
8880
5501
5906
7223
1296
5649
5958
2307
1786
2685
9972
4815
2136
2606
1048
2457
4595
6131
5143
9208
5647
2375
2794
1758
3982
9206
4033
3767
9710
9264
3805
9331
5673
5850
6065
8141
272
1628
7217
5887
9267
6692
9141
6501
882
9101
6769
3527
7057
4702
6587
6556
6413
5309
4605
5155
5022
5157
7164
8170
8116
6944
3528
4718
4310
9868
1093
965
3723
6659
8312
2489
3605
8786
8831
3911
3623
5752
206
5668
6637
7605
8758
5328
2251
4099
8550
7114
1584
8152
3080
3776
1765
4746
5067
4539
4044
7544
3053
9083
6087
4246
6971
6135
6364
2236
7859
2733
8638
6170
9945
8368
7926
5274
5552
9518
3947
6948
6503
9413
9376
2601
5125
7139
693
6875
295
7838
3470
783
9966
2841
6588
8760
5825
66
836
6592
1500
3760
5026
598
5899
809
4416
350
3459
4446
429
3690
2045
7640
9516
6446
6822
7208
5413
8512
8867
8311
1210
7330
7307
720
501
6464
245
911
5117
8773
4861
2181
7338
7206
2790
4590
457
5548
3616
7428
9417
6215
4613
8901
8144
8220
274
2656
2018
3001
9350
377
8463
1902
621
3848
2288
3658
2475
1431
7939
7523
6837
1289
7046
2243
3133
2229
8156
5440
8400
5563
6217
3217
2146
6541
3613
6513
6462
4035
9014
7623
2631
1034
4469
6527
9648
4803
1721
2600
2252
1227
8812
2416
9682
7062
6037
3263
3663
9210
4110
5786
6991
563
1045
2805
8710
5423
7157
7707
5487
1146
8341
7300
5265
7296
5979
7545
7332
7657
3585
4147
751
1524
6435
7448
4284
266
9878
7247
6270
3996
5112
133
6534
6528
8660
3210
6548
8030
2888
5357
8434
7663
9308
7086
5610
9007
4142
2867
6669
4566
4456
3013
1100
460
4005
793
5977
5724
2720
391
3556
4018
1862
731
1086
2188
6880
117
1372
7769
7735
6897
9351
2091
1475
8264
2906
6420
9394
8858
5384
5580
7399
8479
3481
2340
9782
2086
4273
4721
4164
7056
7417
6661
7721
8735
4559
4806
6371
9412
8436
4832
5630
3330
9828
4739
9522
7022
4674
7110
2648
737
5920
6392
4951
4235
8315
7394
1575
6099
6310
5351
8834
8149
2364
4904
4839
9241
2961
3226
9604
5848
6975
988
6730
4826
3391
1298
2367
9526
9435
3289
5077
9285
9812
2598
1336
6876
2006
2661
3889
4954
8979
8049
7676
8194
1242
1727
49
694
877
1742
5643
4496
3326
4802
2123
1872
1547
4790
5729
9744
3599
3503
8088
4013
2115
9009
9801
4461
9160
4283
1195
9844
8708
5978
9589
9245
1033
4050
504
2378
7622
9852
562
1519
8447
33
1735
2308
1935
2688
276
8863
8274
1648
7275
7898
6476
6208
8396
36
4214
1206
8944
7476
4428
9869
3856
3020
2096
880
3573
2325
3978
6621
7502
53
273
3323
8554
3766
2382
8561
3236
7328
5690
8325
7917
9443
3193
6506
9740
4402
5904
7340
2918
9217
2528
2659
9772
3225
9305
6737
6895
3514
7160
7904
1135
3579
4447
3866
954
5547
4809
131
3268
8970
6391
8403
2717
9428
5925
289
1266
337
322
4991
5425
1887
8845
1207
7537
3757
62
7152
3059
7603
3538
3977
3989
859
2626
853
1526
3561
6018
9260
5742
1687
2538
9076
1522
4594
9548
5504
7087
2559
6082
4338
8493
733
1561
3969
4970
9448
7738
2817
3042
4420
1445
4039
5251
8380
9240
7554
1812
1662
7370
6075
1172
2555
4331
1897
5856
7981
7257
1021
8070
6306
4201
2324
495
5137
9328
9922
4611
7646
8037
3936
1900
5013
4144
5841
1536
4499
1309
5789
3147
1356
639
3934
4380
6027
1205
2620
5086
794
8327
7826
7743
9302
3971
2728
7892
7012
1944
3186
7967
6415
3259
5863
1012
5562
8480
9310
8910
3726
2124
9420
3466
9656
6393
1453
2301
9113
2426
1839
1494
9930
3791
7933
8002
5442
4261
4383
2448
8537
6259
977
9252
1290
1217
1903
8426
6973
7501
6023
5854
6092
7856
584
4963
3355
4577
83
8899
64
3366
1527
179
7941
9702
4543
6308
6229
2262
969
6174
7242
6430
635
8534
2925
3143
7178
7551
4936
3054
2946
7273
8593
9940
7596
4584
4840
2986
4085
8666
9561
1437
6600
3678
8290
5704
164
7870
8114
5332
8482
8671
5680
9938
4528
5823
9983
1174
7294
6356
8236
6854
5291
2048
7243
7218
7241
9639
5888
6376
1708
3093
20
1343
4483
3121
2404
2492
7519
6784
5965
5030
2350
2836
4398
468
8092
1421
4907
2358
1103
1492
107
5838
6951
973
1312
7976
9767
9130
4415
5640
1947
1870
9120
3180
6983
6602
4906
6297
6809
4997
9784
5526
810
6470
2721
3156
6636
3357
1916
2023
2140
8137
5337
3677
6176
4765
3827
6124
8510
5158
3926
831
9777
5056
9964
529
2315
167
4598
2507
7660
5519
8850
5541
2081
1441
1115
3961
855
3331
4221
4515
2087
601
9582
5169
1365
6312
7284
76
3670
2772
1946
4185
6770
2500
9534
8366
8996
1308
8388
8372
9377
4342
7075
8473
9614
7703
6859
3782
313
8989
8945
1162
8958
6159
3484
5485
2415
5594
259
309
264
1848
9074
3448
1819
7762
8690
6855
1318
6786
3477
3929
8108
4114
6073
9288
4054
4057
7100
8524
9934
4941
628
6757
8118
7041
4909
9817
2451
9474
9213
2907
2680
4370
8150
7379
582
5014
3747
2526
9843
5345
2326
4293
3249
6405
8720
6220
4531
4349
1119
4677
4254
7261
7630
2405
9032
9958
4965
5339
8803
9339
7775
692
545
2354
318
9943
3254
3662
1216
2667
4410
4256
1732
4307
5380
2739
7019
1733
1890
6913
2230
9202
3089
8623
493
8103
4027
4877
7516
8753
1728
9567
8032
8204
7597
9357
8857
5093
5564
7491
3871
1901
3992
8680
5844
9024
1705
477
6915
1795
7601
8890
5482
6550
3709
5414
556
6899
8360
1509
1968
4767
5362
3874
9807
1407
7813
9123
2587
4125
5283
8726
4464
308
3594
2118
1722
4816
5028
2264
8004
6278
5957
8233
4500
9611
1802
7017
2372
6440
4298
2834
8474
7392
9793
8101
4608
7874
433
826
9726
1005
8245
2069
464
5023
4892
154
228
526
3734
1639
1386
833
3759
2871
1089
3972
7840
1025
922
3085
374
4949
5677
9427
3364
3032
3082
9923
8071
6989
4274
3672
8006
2450
4258
5828
6673
9200
9831
3076
9649
4158
7602
8228
4497
8253
2815
5658
9356
110
9056
9803
5613
9576
4927
7481
4049
4476
4269
7324
6104
8759
52
3253
8056
5509
9144
440
6146
3861
2687
1963
9815
3407
2137
3859
6934
2066
1286
8344
7439
2170
1165
5657
9592
5618
6840
6086
8441
5632
2634
700
4665
7726
9016
5484
2998
3126
8978
9176
1307
9645
1231
27
6407
7916
487
8460
6204
192
4837
5993
5004
4713
7230
5346
5701
2693
1203
2670
6059
1347
22
7093
4769
5104
4354
1337
5818
7654
9030
5734
491
5107
6200
5043
7853
3505
2175
9026
902
2978
2476
9403
342
2253
5938
9289
4568
6718
2833
454
4166
4614
7925
3215
7023
7051
7799
9261
4668
86
1075
7620
4245
8693
246
9685
5252
3479
4277
3839
5588
2215
6961
3160
3522
8489
2770
300
4631
2899
7066
152
2093
6177
4154
1606
5919
4200
3927
3051
2982
7147
2618
355
7173
1689
1976
4024
3582
3141
2419
7380
6611
5549
2520
6123
8678
4326
2883
6455
3860
8663
176
2318
7745
4395
6309
6942
2421
4564
9571
8610
240
72
1868
7495
2782
78
2187
9553
182
3287
5483
2640
4036
8699
3396
8969
5939
4286
7788
2735
7584
6744
54
5263
1859
6097
4922
1485
1083
2793
2597
9276
2083
5670
3944
5694
722
7179
4388
4604
6756
5923
1954
505
2097
5935
5327
7675
3365
3816
8721
2399
642
7559
1820
8280
6672
7791
915
6914
2256
2393
9172
5803
2228
9395
2135
3390
6909
1063
1293
7782
8281
3045
6482
5131
1551
2722
9104
1517
4673
3822
8329
7085
4715
8746
2304
1871
2519
4341
7558
3584
2157
3431
4135
6449
2580
8800
8994
9502
5513
9223
3176
7104
762
3422
8249
9091
8844
1926
9501
5368
9033
393
1637
568
9577
6287
8993
4169
7269
1457
5133
1920
4911
9825
4073
2732
8005
9904
2449
6335
3577
5698
8716
6526
7724
2100
7412
1181
2922
1056
9987
8481
2274
7457
9804
5924
8364
6143
1928
7119
8285
883
8868
4616
9191
8588
1860
3100
6315
1004
9661
7548
5956
2331
7212
1143
7120
4637
7576
7126
8322
3842
1823
2008
3733
3696
5445
1102
6675
3923
9819
1327
6272
7913
5975
1756
1748
3919
8778
6261
1829
2723
9533
7954
1649
3002
6977
3818
7489
9738
8260
3954
3590
1603
9078
6385
7583
2662
1464
4105
5241
6260
2281
6515
6276
9703
7815
9919
963
3144
7595
8162
6380
1950
2455
3101
2719
7912
4234
1724
1050
8229
1342
7678
4508
9810
6147
7900
9990
1334
9126
4007
7199
8895
1324
60
941
4554
4210
8748
419
1329
5138
4501
4472
315
918
1367
1169
58
5330
6719
5041
7538
4844
5270
8797
2825
3916
148
1498
8378
2356
7053
9070
2037
6984
4788
8872
6152
8597
7030
376
5098
3024
8533
2466
369
6704
4521
6129
5264
3398
354
4697
8080
3846
6378
3048
2951
814
1618
7397
3148
5260
4864
2578
7670
8972
4758
2674
4975
884
9450
5614
3761
7101
728
1965
2988
8878
8467
3881
9085
2716
9084
9850
2650
6019
4544
4801
1352
5253
2205
8613
294
3245
5236
2987
2807
815
840
160
7128
4841
4996
8060
184
8316
4014
4663
4404
1629
9477
2653
5365
2467
934
3854
4967
5511
1140
1753
8054
261
1144
8119
4556
307
8047
7686
4199
4689
2708
3332
9599
4096
5689
4006
2392
898
5024
5217
2997
8048
5200
4773
9316
1366
1763
11
7377
805
5816
9496
7878
2164
1805
3560
7807
9750
5301
9198
8033
7625
9093
3588
4358
8255
4389
2692
2873
5566
6776
6068
2071
5377
9832
8551
2168
6695
3247
2608
2748
699
7952
3494
6798
68
8521
5524
6547
7648
9579
2842
7352
6271
9633
4048
9730
3105
827
9372
5785
1179
8581
7467
5748
1106
2797
8793
3021
1539
4596
6726
9574
1218
1938
1193
9299
5128
7357
5295
6363
7534
1854
2704
9452
9610
4812
6539
6758
1978
9893
3403
2388
9925
6153
7005
9620
2380
7006
3980
6066
7384
6890
7142
3402
6438
6387
5959
649
3136
7099
7915
3637
3438
4928
5644
779
9221
9463
3834
1359
6508
6653
2265
7965
4187
9679
9122
5070
7746
6514
3922
5760
764
8227
8406
6928
9942
9552
7827
2144
6011
465
8984
8398
4865
4905
7146
4547
7255
9298
3699
8725
3203
7684
1225
3313
4777
2964
6878
2153
9150
1008
4318
3730
3406
3638
5601
1595
1692
9991
8713
1085
1770
5896
8565
4090
7077
3869
147
5719
4067
35
680
9664
1280
8105
5360
7934
4220
2383
185
847
5984
3368
8855
1919
5139
8328
2280
5069
4625
9407
9
9500
5399
7474
4558
9996
7028
1587
8566
1929
1825
1754
6219
9175
3337
7034
3716
5929
4327
2303
414
3749
3771
1504
9998
1552
428
5722
2557
1599
9414
5486
9205
4062
2483
999
3423
1019
4858
9654
8603
7527
9158
5343
2991
540
3237
3714
949
7956
9743
2437
539
1185
5763
1856
5358
7468
2129
8782
370
2878
5872
2004
6740
7106
3840
9139
7862
2381
3646
6773
1760
9201
3519
7779
4365
6266
8492
5248
1382
9835
4827
6096
7550
9045
2212
2930
7040
9717
7107
2947
9345
7875
924
1108
7503
2432
2830
5523
8641
2239
3953
2418
3434
7930
5716
1747
360
4645
4229
1170
9521
4723
436
232
3668
5621
1260
4264
254
4251
9366
7026
8815
6190
813
7587
1316
3632
1567
9748
1824
2194
6053
3787
9885
4825
5620
1391
8737
6919
1087
4209
7944
9865
6269
9149
8128
4735
5449
6882
9711
8724
7365
4664
1723
544
3838
3901
3090
6997
4143
339
7483
9659
4831
1541
7356
7653
4848
1030
5544
3430
3067
2334
9818
7800
119
807
5597
4535
3847
9762
6156
9291
6905
6058
4150
6554
6749
55
9510
3262
4285
6050
2132
115
8458
4890
1262
8882
1190
3232
1381
2746
9890
8096
6722
1191
2148
6978
8053
6100
6805
4953
2465
8745
2141
3385
1348
7932
6346
3087
5648
8259
4731
9655
2828
4120
6705
9921
3636
9286
116
2588
3932
6574
4881
9493
8112
3146
7267
7650
3887
2713
9781
2570
6404
1202
3016
10
2811
1415
9475
3686
2183
8691
5282
2753
5784
5902
6451
5197
4278
1254
2074
8583
1697
4902
5674
3680
3515
3830
9634
5723
2352
8231
7994
4658
979
4208
4030
216
3358
208
3026
7197
1703
3796
9790
2014
8471
9490
283
9949
4842
6142
899
7216
8849
3591
4818
9006
7633
9297
8340
9182
8090
8792
2808
670
7203
6553
5175
5765
3288
1088
9272
2896
9027
8278
7374
6377
5219
5312
638
1652
9910
9433
1278
6800
2666
3004
970
9766
8098
6996
3717
8780
7968
2839
63
7308
1007
9937
723
4847
3102
3789
253
6410
9115
9278
9125
168
3752
9539
210
932
6398
1530
3222
4882
3914
3071
5119
2571
3040
3256
9228
1378
9096
5874
8129
3773
5878
45
9606
5090
1706
1905
1718
8273
3371
2234
7205
7343
1052
9255
8359
118
5443
1237
3380
3750
4295
6225
9458
5769
9813
6327
9057
4026
3697
6963
5663
939
2581
1636
9438
8598
503
7829
5540
3832
74
2359
8943
8549
4752
2937
4583
488
4319
3139
8153
425
5712
311
6701
267
8921
5496
2590
5986
3724
9616
329
1154
1779
6000
1440
3175
84
4627
9307
5421
108
843
8186
3533
543
1010
5955
7971
9046
9590
3943
314
2302
1226
2345
1660
1671
1314
9888
7989
3621
5046
1755
4213
9824
4182
6486
5366
269
6604
9147
875
8540
1794
8258
4303
3461
1024
3720
5746
6785
7015
8010
4771
2120
2712
6998
1333
983
4250
5389
8277
6671
4780
4659
7279
6911
7113
6185
3968
3552
7720
8411
4799
6923
9461
4106
8525
6799
3601
9038
1186
9612
1428
7749
9348
6138
9000
3891
3201
832
6601
390
2456
6389
7236
2660
8443
2032
6970
8342
2290
1098
4754
6585
8605
7894
9601
3727
5116
1321
7667
1957
3362
7337
9722
227
4394
1572
4706
439
6181
1397
2859
8050
7959
3959
1814
424
7189
5889
217
2104
5084
5454
1984
3341
5402
7955
6861
3439
4359
6209
5638
4174
8055
2284
2370
6184
5055
2145
1486
1961
7070
697
3661
7566
9670
1656
535
5711
5750
7957
5379
8805
5615
1611
9858
8139
4362
5732
1542
3793
6638
6318
7219
4536
3314
558
727
3743
1301
5395
1384
7181
6321
4413
9697
9515
9239
3356
7848
4330
2438
6812
3171
4170
5441
2893
4789
6026
889
3452
3745
39
7321
5739
3229
8654
4489
1006
6908
2550
7518
9847
3063
5921
678
511
6206
5050
6649
9092
5593
2149
629
4377
9097
9724
8107
8977
1597
5322
2095
9114
8238
8381
2787
2273
5239
5144
6418
7542
341
1644
2994
2992
1060
9162
8862
8513
5666
8172
1399
533
9826
5697
6927
6250
2552
113
6590
1303
3338
5988
258
6603
7289
1379
8771
8576
8563
4425
4223
9183
5292
7817
6790
8234
7266
1037
8520
3043
7224
5032
5497
6291
399
9499
8283
5581
1234
3905
5967
3111
3257
9669
5406
1066
3683
549
9455
8244
740
7400
8587
5655
1153
861
9243
3735
2854
8916
2975
8243
8527
5628
4893
8218
8731
7414
6060
4224
8592
2250
6834
7165
239
1588
5367
6396
2131
6896
3569
6935
5853
6885
1338
7342
1002
3593
2464
2003
1768
5235
9583
9492
2447
9756
9794
8102
5897
6473
4066
1764
334
7112
651
6569
4060
5215
3453
6893
7695
5061
7221
849
1695
6323
711
1419
320
7511
5476
3181
7588
3381
3641
4029
9912
5790
7169
8558
9630
9381
2702
9187
8893
4785
1659
4632
7143
1161
122
3425
4887
2261
8788
6616
126
6742
8502
5463
8035
4745
8801
9643
8518
8957
9530
1355
9304
8952
9430
4999
8057
4822
9216
8736
5745
9622
4557
1761
3797
7864
4578
6509
6772
4795
5871
6024
4984
1196
4052
6275
205
7764
8142
1473
8353
2199
3510
6788
4781
5819
1182
2675
5720
5153
3620
8980
4123
4167
5502
4641
8177
1672
3208
9451
7172
3376
7539
8016
3540
500
2901
5272
8370
4133
9989
6620
1793
1853
8382
6252
8239
8802
4296
6666
9173
5185
1228
7424
1468
4925
9369
6519
7362
6887
6141
6608
1243
7645
23
5642
2506
9389
2094
4653
4405
9644
8126
6623
2336
1432
2521
702
6976
1612
8546
7272
9354
5184
7776
3655
3389
3319
7372
1605
9089
641
9821
4131
5213
9631
7281
7520
3888
5634
848
7078
5135
1788
346
5110
4189
3955
2941
5422
8579
6210
3320
7531
6243
2043
8672
2169
2277
79
9700
6090
646
4077
2423
4923
4479
925
7918
959
5146
2639
2774
9860
4917
5756
231
5915
7526
4593
3489
4918
6949
643
5758
6806
7373
5208
8407
2030
7058
8422
6040
3183
8686
4168
6624
3088
1771
9212
5812
3302
9914
3348
3647
3474
2240
7902
3046
8676
4452
3952
623
3030
1258
6107
4737
2802
4709
8886
1811
9079
4748
4279
6891
7560
9541
5148
7155
8506
9587
4480
1426
3833
5073
7388
5569
3311
449
4770
7694
3610
1413
5743
6589
1617
6128
3219
1952
1416
8064
4
5179
2461
6434
9829
8188
8294
5934
4493
1759
2710
9759
8174
677
5210
4191
170
6336
2821
8501
405
1898
6277
7561
8203
9253
4711
7082
1176
3421
1882
6596
9859
7190
9151
9597
5341
5883
7690
1985
2647
9585
8248
6857
2439
4587
8446
6149
9008
3669
3928
2869
6688
7992
4343
7254
2233
2496
3691
4328
7069
7763
8953
1116
6520
395
5491
9848
2022
3187
8692
7774
6937
9423
6442
1667
7050
4101
3529
2862
6332
4081
1284
8681
6162
8377
7459
4280
8295
6828
34
9791
6562
132
4845
6158
211
8995
8542
9895
4481
9798
2642
3500
5609
2927
8911
5843
9003
3
3055
1320
1460
8472
7928
225
3820
38
9488
4243
6360
650
1566
2569
2955
587
6125
8143
222
9800
4475
9513
6682
6055
1990
8526
9559
1031
6007
8115
5203
3151
6634
9406
4263
5256
9749
3967
1783
591
1877
2323
4683
7452
2743
6102
2337
5001
4505
4888
403
7105
8645
3478
4694
867
3388
5908
1474
1148
3213
4622
8198
7742
4676
8173
2677
1259
4403
5759
7248
9148
6072
2039
6400
28
3120
5976
5845
61
3444
408
8122
654
3950
2755
6474
409
8076
6499
9713
8165
7049
4586
112
9060
803
8223
6382
9195
2895
5254
6549
330
2551
8106
5870
1408
3197
2379
14
7074
6979
4879
1674
9787
7290
5403
1925
1533
6076
5706
3163
2299
3009
8073
2962
9161
2529
1232
5316
9099
3831
6460
5018
9153
3660
7159
7618
1204
9437
4371
3626
1725
2377
6760
3316
1555
3347
9739
5276
596
3799
4570
6956
4772
5103
13
2780
9706
6286
9012
9180
3524
716
6691
6004
4661
7727
9901
948
6709
7777
6925
1719
5068
2645
9370
5536
6289
9311
5072
5762
5222
1069
9569
1249
5333
3544
3754
6678
8296
6490
8940
2566
4509
9029
9752
5297
8379
5577
6048
4649
8094
4025
6232
8818
7510
4022
5718
7225
5286
3770
2411
4092
8795
4828
1798
8790
9361
2490
566
1035
8397
494
5800
7582
7958
7252
1282
5985
9017
5354
1559
6402
6354
6687
2163
1110
6281
6627
7982
2695
786
1272
7616
297
9436
5963
6029
9906
7
2348
207
4157
6860
1694
5419
4768
9903
3595
5517
7198
761
1623
2958
4896
3921
5164
3963
2247
9754
4638
8374
3644
7513
398
1971
2232
4510
1924
6645
7059
6783
3627
5545
8215
1151
4974
3984
9035
9269
5832
3598
9196
7771
1899
9021
373
1152
8100
4228
8591
5969
6203
5281
9613
8124
9184
5344
2635
9337
2632
7555
3994
5864
4177
1951
9227
2114
5696
1986
9642
7486
2272
8949
5667
1626
3808
5037
8099
1633
6003
4202
7681
9525
8140
5145
6081
1881
2330
3269
3884
1346
9907
3081
3010
3879
9415
1032
1960
6447
7427
5507
3999
1076
8068
8254
8662
4374
5842
1041
2275
8619
9485
3476
2401
149
2512
6750
2319
6932
9736
5949
1832
9600
2217
2872
9486
2838
6943
1328
5020
2939
8826
7593
940
1787
5788
4315
3374
576
4376
9951
9980
1852
517
2111
1105
841
5386
1222
996
6748
4178
7608
2563
2387
3305
1836
724
5534
5815
9178
6734
5338
9140
7975
2663
8643
2827
1013
9666
1159
6427
8696
6366
6120
6164
6576
481
1714
8777
7741
5140
8457
7409
3653
3650
1817
3823
3003
8775
9380
5518
7642
8829
3512
2745
8998
6511
8078
7628
798
2898
1096
1569
3199
1923
4351
7177
2877
3654
6999
1712
1488
7536
9566
2856
6768
6345
7804
845
3292
1095
4129
4714
7451
9708
4579
6792
2355
5118
8326
768
6441
5912
9556
7073
4545
2478
820
8832
47
3056
7514
7546
2832
7621
6408
6774
4891
5833
7936
8767
3446
3883
476
6299
6140
5909
135
6265
471
6148
8362
3722
2385
2942
5866
6793
5317
8774
6001
5036
8040
7639
3674
5796
6952
637
7466
75
8827
4454
5092
1845
3293
5551
382
1580
4291
8164
181
6246
7322
1042
51
4116
5467
4948
8932
6632
1057
7923
7447
8409
7264
8169
8794
1015
1420
7524
8747
1548
3559
1874
6077
4532
5121
7047
1837
7586
8982
9657
7730
4903
9321
9737
7591
4644
5714
3115
7651
7180
944
4333
8609
7770
4876
901
4332
9619
8841
3158
4146
1054
7512
2540
6234
4783
2891
1470
1673
7839
2344
2258
5494
8936
1690
3937
9419
5428
6093
1061
8399
4791
7065
7818
4153
7052
1529
5713
5974
1791
4962
6825
595
5364
4288
7096
7158
209
2603
4884
4236
5561
6599
3965
5733
8838
1650
9701
3153
7410
6650
8992
9675
4744
6294
4474
5472
3161
2495
6965
389
618
9042
9714
7909
4973
9720
8975
3306
8539
7167
919
3352
4932
6216
1958
1443
9808
9107
4726
7794
1335
8163
5695
2725
4989
7220
7677
3607
7320
5126
6094
3248
2067
4685
8293
1427
6105
7235
6606
7334
6845
2783
204
6005
4324
3768
763
5940
7837
9617
2761
1139
2339
3367
3501
1058
2931
5431
7884
6071
5791
5885
3639
1564
6889
7209
7406
2511
3375
2346
6690
4171
461
5990
625
5416
3586
4926
4738
8749
9849
7025
3597
686
17
5730
2443
9572
1020
684
7470
8241
9768
6214
3557
2967
3360
7836
6341
8522
9929
8125
7751
9075
9935
6648
9344
9915
7529
6544
7487
7604
9505
9445
2266
4300
4862
6811
1404
2729
6338
3578
7574
3251
9483
4526
608
5106
65
5611
137
8955
6597
7311
4633
188
7091
571
1481
6017
9725
9712
1876
5736
3511
5250
5453
6448
4675
6708
5571
9779
2300
5901
242
4485
3492
8617
1067
8650
1454
7797
1477
2999
7385
7883
8830
3973
3065
2254
1107
5350
401
4798
6417
4468
7432
1026
4560
6920
6660
2880
801
3373
8155
927
7262
2485
5129
2938
2672
8091
3397
1826
6188
7962
241
3763
1885
5108
486
4467
3064
3748
3964
8661
752
6775
4104
5352
8313
2185
7937
5678
2391
7808
5409
5608
2706
8927
6022
9765
1669
3234
4800
8424
220
8536
384
5858
5910
5460
3784
5505
5361
8971
9746
1523
3206
9931
4466
738
4162
7168
483
6353
1014
9745
9052
1594
6025
4179
3608
5633
2070
26
7903
6580
6654
1582
5793
9482
756
6560
3710
5468
2875
3410
3109
7577
3715
3295
4914
6518
5181
6283
1693
3230
4507
144
9845
2614
6145
9036
7905
6329
6057
645
6117
8842
6630
4232
2480
5994
6497
3039
4065
1187
7784
8935
5284
153
4634
6881
3361
5464
9111
4883
5088
2625
7355
9229
9358
7950
8625
1132
7232
7973
673
2949
6406
835
6848
804
2397
3052
2147
1740
523
3800
2546
6842
7732
30
9690
8477
12
1543
2874
1937
8318
1578
7314
6379
2714
7896
5500
2390
6841
9061
9088
613
9224
6163
9157
3688
5836
9011
9652
2400
909
5475
2342
4679
3555
9822
9568
3633
8874
2890
130
4938
4379
9143
1448
4176
5161
5271
6231
9796
1554
4992
574
3123
7805
8915
8087
6397
7613
462
1212
6088
9638
2462
4969
7253
8919
8866
9917
5391
4873
125
8859
6080
3308
4335
4774
6870
6683
3267
7564
9684
7393
9608
2075
5171
8263
992
1456
4197
7469
8904
2202
5280
9527
2921
2945
4163
2487
2912
7844
6070
9596
3837
8072
1459
5612
7076
701
7145
7090
1698
5212
6582
4350
3903
6512
8464
5735
617
139
2156
1373
73
6958
9602
5096
9960
6194
9775
5163
7436
9982
70
1734
5780
6347
8959
5094
1451
324
3513
8630
5992
5459
8628
8905
5665
5471
7500
8272
3335
1495
7901
4368
8611
6829
6535
7135
2567
4787
3765
3031
4215
4003
3806
3991
4618
2143
4347
726
4776
6543
4829
8946
5218
4436
2433
9723
3671
3910
9001
2715
5011
5194
5021
3162
9270
8577
8538
5905
9994
1330
530
3508
6777
3551
455
9013
3762
1341
4121
6248
1640
7970
5859
7953
380
2669
5095
2910
8604
8639
765
96
3309
5474
3291
3018
9323
2621
3867
5650
7350
2690
8685
2291
4524
8799
3685
6244
2333
1804
7988
7624
3418
2574
2848
8024
4986
3741
5410
626
3393
8469
2116
908
9112
3036
9837
410
4993
719
6043
865
2107
299
8061
6767
6488
8499
9547
94
4691
3941
1663
9349
3442
8999
8475
8674
1270
5075
8689
1023
9992
7927
4097
298
7326
198
1664
5880
5166
8179
6198
4753
6584
3681
106
542
1943
7710
8486
5570
1537
6414
3602
8109
4983
6922
9341
938
7144
2255
7899
8389
1068
620
8718
5804
402
6918
3250
5058
5586
6924
7027
1221
7375
4998
7816
9594
8178
2889
9384
2320
8205
6485
1442
3778
9780
4321
8222
2294
3651
8465
5576
8025
8352
5293
6662
8208
9226
6359
4102
5903
4211
7194
9294
3137
5806
8085
3979
2127
6559
6960
4553
6431
8762
2362
6409
2179
7778
2431
8392
5003
140
8629
6193
85
2384
2000
4654
7418
7131
1998
5651
6685
7081
1188
8547
6290
2
7935
4207
9135
6916
2652
8009
4385
8719
1980
8015
2218
3220
2585
3684
9517
1363
9462
3545
4620
9371
3209
7744
9360
3025
1911
5970
7552
7103
2313
7408
5269
4448
1411
6394
2917
994
4078
8498
9424
4985
7161
6677
4165
7430
955
6274
8742
7699
5424
4913
9055
1163
4725
2184
172
8449
229
1109
6197
3378
56
5522
7238
5962
109
541
5646
1131
4064
6411
1018
6160
2011
5814
7629
5590
4814
4314
9671
7819
2969
7579
224
1208
1867
9959
2633
1077
375
1251
8086
2789
2036
4393
1510
4433
4786
1197
710
9186
4716
3399
9234
381
4990
1642
7032
7627
3493
7151
1080
585
41
8870
46
9411
7881
361
6968
1317
893
4180
1512
5427
1730
8515
2592
5847
2784
3583
2750
1553
1630
2026
8020
6950
8343
2446
5807
8180
4320
5479
1930
9119
9651
6262
2742
1255
6079
1155
961
1608
421
7016
5450
2564
3666
3804
6795
7682
4322
1799
6789
796
5319
7283
681
1099
6810
6221
792
950
567
2357
5105
5299
2968
6778
8819
2203
4820
7024
348
4363
6578
4391
4459
7088
7333
5797
1549
592
463
4779
9166
5063
1027
5960
4287
9678
8358
4151
6155
9095
6168
6931
6610
9838
3786
8907
8923
8058
8914
8784
3706
8111
9555
976
894
2282
4672
4588
3384
2473
9573
3725
5275
7226
745
6651
9761
8288
8331
6302
5381
5637
7592
3224
7869
8658
4867
1785
3622
6598
9607
9447
6639
6835
6395
6573
8367
1696
3168
8896
7525
4924
8976
2527
5559
7876
5294
8131
6009
8885
6223
7184
760
2117
772
1288
8864
9025
4417
3957
3649
7940
984
1970
8184
8763
9823
7176
200
9064
9325
8145
9211
3496
1850
5830
7672
7347
1505
3502
3721
5373
6723
4290
2231
4805
2444
3643
3640
2973
1393
5624
9303
8752
3194
2491
2158
8961
5142
8256
492
6873
3196
6531
213
5675
9273
9584
321
5772
7498
2932
1514
9189
5591
7312
3310
8694
1192
1711
7123
8159
5555
1635
857
896
8712
2235
8833
9924
604
3117
4091
4219
6116
7080
2737
2852
2088
554
8894
5744
2062
9322
9892
7533
8820
349
4939
7318
3554
5306
8973
4843
162
7162
4987
2676
1766
2155
8385
8564
3238
1261
5434
4520
9082
9379
5245
9421
6390
2508
565
775
9665
5702
3379
8601
5404
1996
2524
2176
4308
2102
7740
773
2386
9939
9232
5233
1989
3526
8425
6280
6466
9880
767
4059
512
2452
9037
5429
8508
6126
3664
8135
1815
9535
6571
8798
2223
8997
5298
4573
5180
4386
7706
5537
9543
5349
2562
4513
7479
7265
3604
1941
998
8659
1801
2413
935
5348
3997
4933
5285
2920
9540
1104
636
4216
4366
3596
3498
9731
8618
1247
5653
1909
1769
5240
8041
609
8408
2682
9365
6967
250
77
9073
9472
9550
3235
8754
5705
459
3617
2541
4112
1775
8664
2515
1466
7843
3106
1717
8439
2017
4600
691
5259
5060
7543
5290
7736
5768
5826
7785
1275
583
2216
8456
4582
5109
2025
1891
6862
7138
7358
8451
1752
4567
991
8683
9004
365
2472
8077
4047
3190
2376
6901
1405
9545
4538
3273
7908
6078
363
6399
9347
5747
9564
9560
572
870
2909
4900
3097
371
445
2470
1283
3261
3815
2353
9497
9839
8751
5209
1036
3098
4964
7136
9028
8574
1878
7317
7691
2829
7666
4599
5288
7719
2468
18
2665
1038
7182
5230
8836
8669
9528
5444
5996
9747
1792
8412
4488
2775
7268
4079
352
2295
6375
7458
2846
8157
9478
7291
9383
1120
3255
6471
2740
1141
1875
2565
2561
6432
1883
8284
9431
4418
3785
9778
3885
3915
9397
4266
931
715
9519
8235
4053
9833
6236
2110
6300
4540
4372
5774
4671
6910
2806
5771
3880
4878
2759
2165
6787
5452
9562
5980
6663
9054
1134
5102
9106
4761
5447
2537
7669
3592
3325
8652
2792
9281
7795
5304
9453
6936
5829
4255
1627
5951
4378
1940
25
5190
1164
4339
3119
9913
5922
9662
6532
9044
6028
19
6453
4669
4262
1326
8516
7806
4247
1287
159
4687
4190
4450
8990
8242
8846
1707
725
8373
5877
7846
6047
2207
6646
3518
2691
9876
3946
1463
6689
1009
1602
2736
7842
8960
366
6900
8021
8644
3299
6657
423
3353
5813
8727
3652
6012
2278
6305
9314
3809
7037
404
1702
1350
3173
5575
3395
4409
1736
212
3340
790
2200
4252
4863
1137
871
5412
8003
993
7329
3464
5808
8148
1977
4682
9476
8438
1932
2865
3983
4519
7635
975
7786
1780
5478
6866
7572
9536
3420
9181
7723
6267
9557
5781
1700
7562
7832
8730
378
1311
6249
9359
7227
453
4218
5574
3779
9962
5462
8892
3165
6166
9066
5122
7659
8044
5971
7089
1434
3703
712
2396
