6435
183
8156
2329
9186
7587
263
6183
8481
4896
1889
2526
7945
8955
3982
4791
2877
5344
5565
6826
1122
4008
8084
2792
1050
9424
317
7814
4526
7263
9915
8761
4542
7079
9849
8990
8317
8913
1695
7066
9661
9235
8029
9188
6466
1812
6314
159
3496
5720
6263
3260
8182
9801
7033
724
5575
2658
9950
6855
817
6664
2955
7862
31
2487
561
4451
8680
2563
8661
8413
1197
5365
4636
937
6700
6625
4580
9456
6575
1499
6899
560
4293
5765
9276
5638
3851
2486
4446
8533
4287
9719
5248
5034
4169
1673
3121
2626
634
301
9742
4208
7389
1514
6045
1181
1436
6750
6233
1926
9499
7383
7954
1127
2660
3747
9856
614
7735
7582
639
1469
1298
1963
1256
4048
5767
2927
6108
3852
4819
4240
1485
4514
5730
2148
712
7034
2368
927
9322
8839
887
2571
5495
8536
1307
9644
8914
8176
3629
1239
5869
2044
7360
27
700
1529
1465
9016
7352
4874
532
4627
7426
5401
4022
8010
6021
7790
2147
65
3819
7987
5167
2863
6007
6180
9102
2949
5532
1280
3511
9133
6057
2260
2063
333
7310
9021
3993
2271
2648
6686
2797
9880
1449
7277
8528
5898
2967
7472
1684
8638
8488
8348
2488
7692
6607
2708
8228
1968
7690
1487
6756
1108
202
7920
7913
1824
9239
8149
8153
6994
248
3379
6412
9257
5754
9636
9699
6160
4059
2954
704
3862
3719
485
8475
7594
4006
9883
6775
5293
79
4889
2641
9791
1327
1349
6346
1854
3091
4411
6514
3666
431
6688
3772
2016
8227
2006
1838
7994
2163
7386
462
2088
1801
759
4166
3679
1278
1657
9702
3748
2495
9520
4308
8590
7422
2132
8392
114
1523
3943
5360
1071
49
8434
9770
3962
8188
316
2668
92
9788
818
2946
4802
9956
8077
8301
7608
3018
2428
1962
9058
9735
5320
25
3546
688
4004
4400
9548
9474
6478
9319
6586
2417
9013
9894
6831
5498
4437
6119
5831
213
3123
8729
5863
4470
899
5146
4801
1925
2840
3797
8418
3408
338
5229
2549
6740
6179
8135
677
4291
8152
6988
8845
7731
4110
9884
4724
3033
9309
7590
7625
9873
4003
3483
4615
4352
162
9141
9957
6674
5558
925
741
915
6345
5608
6196
8207
6262
7082
3502
1823
9336
4566
5819
4252
1013
5182
2573
9064
6684
5666
7393
7958
8048
5403
9756
9527
3865
7362
9592
7969
6759
4071
506
7419
4167
4552
7835
5883
7730
7170
4866
2050
9340
5350
7271
3204
5072
6072
4424
9508
8508
3273
9620
5839
7084
2110
7010
7879
5591
452
5925
1332
6303
3559
1605
3508
2208
1290
6349
4649
4432
3166
8291
9928
4475
5482
8888
9392
9688
5173
3158
351
5590
4009
83
1419
4521
2523
7164
995
9900
1044
6971
2479
81
4631
9249
7327
2805
6291
9651
8014
4380
1101
2231
7660
3690
3355
8426
5387
4683
5108
8753
9062
5154
2358
5004
9195
4273
1294
459
676
3170
7724
6282
2209
8942
3683
5976
5735
5190
6064
7941
6566
933
176
9076
386
909
4314
8582
1882
4974
5911
6963
3303
3107
8410
9014
207
4465
6106
9935
1914
367
7993
1797
5327
1738
330
3931
2357
6058
5919
3818
8595
6999
2912
6610
3730
9407
7549
1595
5637
4504
8275
8773
7563
8624
5316
1940
7811
638
8373
8809
8603
8785
6495
7666
7883
3411
5082
1840
2079
1468
9532
1712
5497
7652
5211
6694
8219
5437
4781
6983
3964
194
2170
20
8277
1352
1617
2440
831
1490
8154
6633
8829
5260
7233
1492
2555
1745
4750
8241
6241
7097
5306
1548
3642
9625
3903
6493
8684
6429
520
1366
8857
5749
3959
9968
9147
8446
6134
3988
3086
6908
8380
2634
4601
4699
6721
4409
6074
2818
4591
5718
268
4162
3513
3706
9690
1566
2878
3256
3090
4210
9701
3930
6937
1336
5267
157
1725
941
1188
2430
3079
6373
6741
8600
1761
7450
4696
1032
4360
3288
7439
4239
7346
878
300
3271
3093
1310
3482
2624
9372
255
2712
1930
2808
2493
3484
7581
7290
7487
4500
4567
3193
5895
6565
1486
9466
1130
3660
292
9542
3981
8250
7873
5555
6534
7766
4907
3801
1404
9589
472
4393
6934
5655
6387
4856
2277
6770
5764
511
1452
7627
5052
1569
4129
2731
9328
5276
8487
3998
1038
8849
7059
8393
7313
9861
8400
2215
5564
8762
2990
3549
6275
8116
7101
4782
8469
2200
7829
2770
1699
4062
9757
8617
1471
8931
3267
140
4199
2883
6518
5879
6673
730
9557
509
2833
2516
5768
9256
122
6506
3605
2389
5264
5559
3314
73
6638
2445
6570
8575
1014
7919
4711
5823
6869
3639
9867
1719
3627
7863
2468
4768
783
5541
3644
4820
4610
6265
8636
4680
5515
9226
9777
9480
414
3584
6215
1287
786
3739
4038
7336
5469
6938
4046
9168
5463
8777
2795
6645
4223
4736
2339
8804
3718
9104
2720
8031
6921
8598
6221
9765
565
4469
2001
2616
5691
1795
8982
9779
6535
8989
3673
7623
8537
1951
8566
3623
4196
7464
4077
8247
1723
4371
9767
2419
5435
4980
5872
967
1924
5438
1362
9229
3994
306
9875
8748
4263
9333
7451
5582
4706
1402
4528
9784
9595
3455
6472
2569
9730
2590
6056
6401
7377
2144
9725
3064
5725
7846
2045
1991
9857
3245
8150
3510
3820
7813
9152
7805
8276
3919
3924
6425
7255
2318
8496
4809
7126
1395
1942
4947
5721
7607
2628
1527
1218
8362
4247
2603
1568
5069
7985
9183
6210
3242
47
5111
6954
4212
6240
7999
6792
3399
2354
143
3577
3320
5096
7733
5514
3561
2869
4827
4916
7442
4490
1869
6813
7706
7299
2381
5263
5736
7839
6169
3457
4005
4939
2131
3654
633
568
1205
3641
5603
1323
3880
4859
1741
7484
9044
8328
4402
1429
7077
2134
2465
7808
1248
335
9832
620
1036
1782
6053
109
502
1479
2881
8740
8118
3401
5393
6849
552
3414
7240
6421
6363
9882
3597
6220
4450
1250
7150
9758
3813
872
3840
4660
2535
395
2709
9369
3022
1091
2232
8043
6140
7264
6630
2950
7466
2509
8366
2834
5802
5993
855
2500
3372
3494
9667
1171
879
1829
5459
4647
1803
8996
2382
9972
5118
1698
7367
3324
935
7090
1233
2060
7915
5269
7647
2650
4098
9909
1503
2322
9541
6780
3074
923
5546
4188
3412
8637
821
4414
6705
6376
1662
5921
8749
5696
4447
1049
6070
100
3249
8795
862
7480
1417
1247
415
5011
7437
1580
8720
1851
6281
2058
7105
8214
750
8
2502
2052
6787
5430
8110
6840
4811
3857
2457
3715
7110
9458
236
3134
6173
8134
6132
3162
820
6417
4021
1909
2534
3139
8308
2704
3383
4671
3490
1082
1309
541
8657
3703
4464
3691
4915
6416
5588
87
7533
8526
1396
894
4394
642
1168
1957
1573
1094
5063
775
9616
2853
9639
1401
7350
8784
6788
5668
1467
9583
402
3607
7923
9177
7053
7937
1709
8987
4297
7938
5517
7604
1774
6187
5824
9242
2245
9506
9626
1907
1786
7253
7087
9563
2335
1175
205
3420
2469
4914
1254
6176
2103
5171
8323
4755
5988
803
9057
9683
2314
9131
1131
3338
1046
7208
5137
7225
5226
5322
247
3773
7261
8959
1532
1155
9646
4165
4135
7086
5645
178
4016
2434
6689
9261
901
9755
9987
4116
3251
6846
3901
3545
2287
7269
9173
385
7323
4093
1061
8133
884
7966
5853
6781
6754
1781
3708
3454
4492
4669
6489
6177
4840
1809
4937
7865
5099
8864
833
756
2696
2137
4815
5544
9671
8738
1993
7981
9362
3966
3128
408
5583
8439
7213
4053
8480
3817
7668
5706
5359
9442
2686
2230
555
8513
4722
3904
6797
3509
9404
7251
75
7221
4154
5001
526
8806
2738
5870
6335
4549
8136
7293
4982
1092
3868
2891
2895
5715
9497
1995
9578
1964
7742
666
85
3512
3376
2470
2849
2681
2086
3168
5126
822
1613
3725
8060
9039
7469
9198
3473
7076
5769
2945
8731
7223
6627
9531
7631
9015
3282
5775
8230
5596
5378
9937
827
8992
3555
4474
6939
1090
1535
1815
8512
84
795
6651
2100
3491
1073
3424
4467
2636
7959
4564
9863
497
3970
5324
1715
3881
5035
5278
2964
5132
7552
2182
2986
9138
9760
6332
3265
7559
5285
3207
1651
4989
6748
8109
5117
6122
434
6758
3360
4993
9055
3104
513
6620
1028
9164
3125
4898
840
3326
4574
8108
9566
1547
9805
56
9695
5854
9169
512
2448
2665
1770
851
8770
7801
3099
2057
9692
8763
1779
5513
6
2966
9926
1590
8794
9825
191
7986
6621
6200
5855
8760
8160
3617
9100
7972
7332
8124
7330
3298
6731
4362
6631
9418
5139
9673
6531
3062
5885
7713
5781
6399
4995
1407
8269
7850
8189
5990
1126
7585
7106
812
2414
5268
980
7547
3254
6095
345
7521
9596
4126
7434
5484
1974
7876
6487
9083
3313
531
5355
7148
3283
971
9005
2888
5757
4818
1198
7224
7486
7461
4069
6746
8416
1939
2098
2934
9455
1773
7643
1717
7998
5442
77
7370
4930
906
257
8061
1305
867
1599
1211
5235
7849
2018
1772
8257
119
5307
2421
7524
5352
2594
5083
2620
6458
1601
2254
7812
3456
1476
6542
7674
2978
1015
3987
5159
2582
3713
2251
2073
8183
2613
9297
9911
9990
9194
5474
1525
4634
2423
6135
9703
9268
88
1160
9326
2164
4648
5987
5053
5652
265
3337
6454
9753
4330
3353
4358
2227
2349
6905
2911
4313
1764
2020
6960
3015
2508
5880
5168
1819
6852
214
3044
9000
5670
283
244
8254
2162
6121
7002
453
3554
5784
8778
1169
2187
8456
4097
2904
5466
6226
2692
8510
9539
8818
3058
9587
2021
250
564
9175
3323
4142
3882
533
5843
3196
9559
9192
7759
288
1870
5642
5124
9925
5643
9681
3467
2480
7247
1915
7182
9406
4466
3589
7565
1405
7770
679
8180
758
9478
4218
4844
5740
1574
7418
8443
3214
6735
1582
7027
3793
7831
3126
9599
9709
5803
7185
5703
685
9869
8953
9594
9969
2124
7374
7337
1755
8615
220
6582
4806
3319
2388
5973
6470
7316
7778
8208
9807
196
1734
5222
7062
2868
9354
9851
1062
4473
7893
1780
6463
9213
3143
3137
7341
908
5873
2262
4448
6656
5270
5948
3702
9576
6396
6004
8019
9778
8175
1526
2564
828
3428
1342
7260
2025
7898
2281
8398
7308
5196
3697
145
3735
8894
9359
3834
5233
190
3378
151
7802
2844
9042
5200
5454
3569
5062
2482
7655
4268
2980
4579
2404
3368
8616
3479
5962
794
2812
1394
8185
4115
2799
4384
5886
4713
8517
1937
5065
7568
1426
5700
9472
6793
7046
1543
7727
4955
9565
3562
2685
707
7678
3669
9908
2718
6278
7292
4399
6892
3005
1949
9903
9982
9830
5920
897
6704
6446
4087
9461
6584
8519
4695
2061
948
6519
4012
9648
9219
3341
8086
1166
249
6071
9312
5820
6067
271
1375
9420
2463
1650
969
4219
5347
576
3599
713
8534
3008
5573
773
1516
7395
7670
9084
1714
2697
7387
7957
1884
6778
5402
6639
2030
641
4570
8592
363
152
2936
8334
8585
8486
1190
9852
4354
3593
2442
6362
2547
2791
7335
2022
8386
4726
7011
6928
5825
4531
3574
3910
7617
755
2125
8259
7717
8222
4255
6949
4010
7249
1588
3576
4324
7146
4622
7070
7676
4841
5375
106
1756
5593
2996
9603
3847
8896
6682
4847
9277
40
5027
9438
1663
4350
507
7476
5489
2683
7504
9031
4065
6955
1289
4659
5343
8674
7833
1985
3328
8470
7417
6189
3449
8906
4128
8246
8694
4975
4644
2
4952
9105
1653
9417
9720
6338
5398
2378
1464
7656
5614
7601
3471
1784
4108
2014
7950
9448
123
7536
4265
8725
1354
5464
5534
9430
6559
7499
7599
5509
8897
5965
9132
6257
1018
5974
4779
6573
9155
957
1667
9342
4083
5313
7022
1272
3996
4633
8504
8088
7636
9741
5010
4406
8203
8651
3573
721
8923
5272
2753
4459
2952
3078
6287
8235
7354
2348
418
398
2723
4279
1777
3625
7256
8786
1550
9294
4725
7695
1545
1438
8702
7069
2143
8535
8403
5318
4522
5078
9995
3148
7113
7296
8237
2291
6216
4228
1775
7025
3217
6641
33
8015
9050
3836
1736
6451
2065
1021
5934
4057
6066
1189
5195
2801
355
5676
9075
5417
9918
5155
5621
181
6194
6219
24
7826
8940
6538
9724
6996
8114
1842
505
7792
8103
7844
3530
5961
9330
38
8589
5245
7456
1896
1403
8887
4357
6743
9634
3189
5595
5935
7172
4011
1039
5644
1865
2174
5227
5679
968
8850
2116
5518
6167
9645
6906
2602
9958
1665
5432
1976
8448
5142
3973
9555
5927
3461
3638
8878
1441
4207
8408
7340
7991
2767
2204
5986
7425
6386
2861
799
8547
6069
6568
975
3689
9669
3606
4124
1086
4418
9885
1536
7433
5000
4040
2932
4541
9927
8196
1629
7711
9860
1655
6442
4484
4954
9678
6533
5741
6859
8164
9324
7215
8559
2238
8187
8611
762
2612
4039
1170
4257
1473
8074
9714
6672
5687
7640
2078
336
9881
294
3278
612
7924
962
8578
6365
766
1632
5351
3369
5129
4832
6548
3029
744
3361
7726
1240
3911
6117
2630
403
1577
1619
2930
2158
7819
6967
7809
5288
8563
8544
4944
6159
2882
5394
792
7712
7187
3709
7467
1065
2184
357
7427
1681
819
8691
4356
1510
6883
6782
289
2610
8692
788
4530
1674
3827
5220
1724
9526
912
6452
7795
2472
2373
3937
9853
2511
6406
457
4001
9941
2157
8757
4317
3295
8979
6171
877
2677
9066
7381
3940
9624
6885
9327
4089
528
7222
8236
1200
5057
708
6933
7045
5967
8825
1834
4246
1666
3564
1897
2916
9134
6755
3163
1583
6658
3156
4333
1739
9907
7760
2766
648
1763
1837
873
2094
623
5981
9492
7899
3532
7887
7151
8879
2652
7320
7762
4972
9413
6392
9047
2527
2072
6799
942
3499
6834
4571
752
2957
6716
9582
1927
9605
6423
4515
6512
7462
6871
6188
1262
8843
3301
2852
3103
2285
1694
6469
749
7103
9790
6563
5068
5106
9850
4481
3952
9509
9018
2484
8191
7683
5551
5751
6082
6250
4283
9876
583
5185
2819
4204
8584
7147
5535
8158
6722
9891
6234
9579
5090
5251
3837
138
9910
757
8111
8525
8297
8889
6202
5446
5900
1978
8551
6480
9500
32
5662
6762
23
8713
1509
9441
2737
3132
9419
260
2261
1972
951
8867
8451
7365
4152
5758
3634
9510
1888
8165
3307
6409
9967
4396
706
5397
3442
9271
8038
2325
1555
3225
3621
3381
2243
9051
5006
4164
9733
9831
8399
6190
646
4611
7509
2654
5342
9028
9628
4131
8604
8594
1788
5548
5951
2860
5240
5024
5936
9222
2128
719
9270
8132
1009
5611
3923
6100
1261
2920
5884
5077
8097
2897
7342
1791
3632
4337
6887
1024
1850
9802
3255
3727
1105
6600
6784
7967
4066
1274
9321
68
2931
1729
609
5906
3869
5731
3083
4270
6293
510
344
4120
1203
4032
2789
3971
1011
1026
45
5796
2754
3433
6580
2815
7391
7749
2321
3659
8058
5060
1385
2907
5165
5584
5841
9676
8000
6356
1400
1716
4104
7691
651
956
9944
7578
441
1675
4423
6203
8841
2886
6593
7925
7267
3281
3048
4254
9682
4892
5210
2165
7609
8874
8321
1234
536
5206
9286
2702
4851
7055
6875
8318
4984
6149
9749
508
4458
5102
594
5115
7783
1750
1459
5507
6697
8082
5047
1251
5695
4286
1281
212
8294
9446
1386
6175
1793
3750
5842
3198
8147
266
4172
6497
8335
7149
9486
8816
9694
4018
5798
2982
595
7474
1533
4758
2811
4303
1113
6385
9284
2377
4267
5354
977
5966
6247
6358
8484
8008
610
2252
4386
8006
9250
8581
2005
4865
5019
2120
2359
3912
5178
3047
7244
6978
6612
8022
7038
7398
5420
4379
6404
8194
2504
1318
9538
5357
2220
7408
1227
1845
2279
3951
3866
242
9011
8571
3197
6900
6488
5449
6344
8516
4594
7553
3270
8377
7109
2785
4141
2941
8283
7289
2352
8397
1389
5166
1570
1626
4588
9106
7096
6011
8853
7065
6178
5315
2453
2422
3025
4697
2786
1836
9560
9450
4503
4262
282
4596
2827
9569
9003
3149
4941
3179
1081
8919
4388
2633
7063
6073
5859
3472
6909
3726
9502
2064
653
7977
1357
3848
3002
8844
3390
6499
9763
9123
7597
8248
7639
932
6511
4728
6592
5291
1873
6390
7219
1961
4213
2553
3941
5801
8880
6650
2798
389
1202
4017
9317
3651
1916
5175
7132
2306
9847
9048
4370
4168
9809
3624
6998
8833
9313
3004
2408
2646
7378
410
3384
5259
5201
2552
7005
3795
4958
1484
1075
6370
696
8385
572
2577
3542
4992
5460
714
8388
1524
4434
7575
6509
8501
1827
6481
3269
556
8478
7947
1857
2666
8648
7975
4533
4581
8007
5192
7494
2578
6016
8412
5445
2497
6789
4798
5456
1508
8304
9751
4745
2177
101
3017
399
3311
9680
8620
401
6420
1288
2327
5045
6182
9454
6445
1512
9254
9893
9379
3681
8270
211
4194
425
5033
6895
318
8311
6680
3764
2201
286
2879
1633
4965
9220
5143
4730
7681
607
9846
6774
4508
8631
6296
4000
2848
3506
9983
2026
326
2923
1146
7823
3883
3386
861
9924
7869
7709
895
2896
1255
4967
6698
4375
8209
6090
102
9905
9360
9160
5061
26
8936
2013
1329
6019
8260
7368
6507
3097
2732
3787
5054
8596
3550
6351
6753
1001
4602
4435
4934
2583
5999
9963
7522
9187
3916
1051
5697
6326
9722
559
5581
2570
4573
6546
3661
8580
4613
996
1982
4249
9428
2403
4868
5790
793
4830
2210
7173
8104
6624
7322
6581
3700
989
2951
5830
5321
5113
6280
4463
1932
9711
3220
550
1224
5396
9839
8145
2393
3188
2839
7939
9551
8035
7956
4814
7574
72
8306
4427
4343
5370
5598
2189
6039
5960
5157
6361
1439
7632
1292
6561
4127
6677
540
4512
8618
5485
8876
6910
9503
7449
19
4609
8300
4766
8352
3468
1304
5237
9310
8892
6310
6368
4225
1591
5064
6545
4886
7301
3600
8883
5838
8847
8576
6462
1154
8690
1542
8407
2256
7800
2462
6976
5794
7739
6273
1434
3130
9288
8205
6427
8492
6043
5252
9946
1372
149
1730
486
4657
4024
6384
5421
2889
8643
5931
1787
5891
7700
2820
4705
825
5073
3404
4153
3501
6537
1104
7156
8549
256
1944
3300
2741
7338
2121
2781
325
2366
5349
7095
1948
5527
1093
5592
5957
2129
8171
7203
7250
9916
3037
6699
2739
7040
7546
7478
1810
6532
435
3885
1460
1720
166
8360
1806
1025
6355
1172
2976
608
2107
6225
4184
8075
7669
8966
6111
8523
6685
3935
5744
4372
6695
161
9113
9345
2884
4180
9530
4181
4794
5901
1687
5020
2783
5625
690
6528
8092
3252
900
4311
3899
1379
8142
1872
1661
4719
6974
2076
8609
2490
5395
3155
4998
3842
4483
6712
7848
8671
6098
5153
4752
784
864
9495
9377
9979
816
1128
5447
1207
3218
8320
973
4326
9859
3115
7989
6744
2694
3276
5416
4565
5800
5716
7715
514
4224
7974
3667
2066
2854
5979
9107
8313
6745
3591
5411
5606
745
7673
3751
9740
6588
9200
3001
9449
2693
3448
9998
6211
849
9574
3779
5779
7186
251
2415
4296
2680
5467
4026
1728
432
4890
1478
1931
7982
2703
17
9871
625
7438
5441
7279
1549
2566
5777
8902
6587
6166
2750
9632
4772
5208
7523
3811
5134
358
5686
4491
8229
9296
3788
7949
3846
2250
146
7242
59
1303
8261
6708
9552
3838
1983
1561
7501
3293
8524
1055
3778
9396
3533
4877
7932
9887
296
3040
7209
3563
1328
8641
2969
6286
6864
4796
4103
1998
2649
2862
8445
8787
7907
6877
1002
3150
1325
910
8831
9522
8746
1066
9668
9939
8167
8489
9433
1428
2554
9350
892
2300
3352
3731
2979
5408
3258
5071
6738
8316
891
1616
1751
2048
4812
7529
1030
2510
907
7012
824
9022
90
1556
449
3746
5243
4499
1209
5163
9079
802
187
7904
4227
6229
5503
7177
6151
1346
2640
4871
8572
5184
4523
3518
1919
7463
515
9074
1136
7890
1584
3614
9656
2010
3031
8969
9124
8755
9041
6255
148
1805
8070
8215
8502
8374
8378
407
3695
8568
7016
6028
8666
7154
6711
1259
2985
334
8493
2975
9892
6251
5041
2550
2743
5325
9794
4158
2965
518
3721
3351
3950
2102
4743
9159
2779
7775
6502
1435
3872
7458
7816
3336
4312
4479
7634
6923
2432
1958
8071
7420
4043
5627
4584
9713
3643
2294
1727
6424
1511
7842
2698
2176
9511
5232
9917
7415
693
8744
262
7570
1900
8678
3711
6618
258
6164
8810
8093
3450
8240
3046
5648
1284
3129
2615
1167
3152
8775
8120
8634
3759
9819
2651
7894
8859
7162
8474
611
9135
7936
4109
3876
22
6236
3960
8170
2093
2198
3528
7366
8836
870
5193
2520
315
3014
8539
3371
3331
7432
5471
8659
2036
9093
2548
2159
9325
6137
9364
4236
9002
4539
2180
701
2433
9163
737
8907
8635
3038
6084
6125
4902
8105
4073
3358
3302
8531
3586
9744
4203
1830
5152
9208
2246
2067
331
754
125
5738
323
5571
2074
5479
3521
6992
1757
8101
297
8468
6334
8117
5433
9052
186
3377
659
1997
3375
4198
667
9868
9427
2425
5972
4453
9211
8752
9388
9343
1885
5963
1839
6865
8569
7961
2362
6703
5216
7895
921
9007
454
5978
7399
4948
3346
5363
9816
3889
1432
9115
3403
6679
7191
5750
8714
9570
7080
9172
1820
9352
3598
280
8290
4572
2740
9299
9821
4029
8206
6837
4013
3938
9814
6912
4289
2764
1822
829
7734
308
5228
91
881
5723
1152
8372
6654
9732
5868
1321
4391
618
7672
8067
1306
2642
8895
2213
6337
2924
4670
9273
6405
6812
1045
1564
3824
5938
7358
5311
2228
340
6266
5734
7603
8179
2588
6598
2609
3157
2745
3443
6339
4138
8438
4378
6038
1057
5578
4349
8946
2809
6383
1183
9556
7117
5487
6091
6329
2655
5876
320
8494
602
9140
6027
2193
7280
991
9623
4489
5007
5702
4850
5380
4221
5530
9672
4420
3159
3758
66
5908
2272
1317
3460
670
7179
7788
2114
4147
3551
940
489
5189
8411
3845
3212
674
8646
9803
7572
1783
2334
8973
7129
3636
5151
3745
4284
3124
63
3858
3757
8177
8737
2248
1074
9080
597
6823
6347
2691
8899
3720
1643
7454
1228
2847
192
134
4762
8497
9332
6838
7245
4431
3890
717
4220
3648
142
6031
4079
1295
7787
3135
7807
1554
4361
4620
1033
4718
8704
6205
776
2763
2269
7067
2151
9597
8178
3531
8881
6729
2296
7948
3228
844
4883
7834
603
2517
4426
7237
8449
1425
3431
4035
3423
7285
3290
3770
529
8242
3464
3897
9514
4511
3417
5188
845
9588
5286
4632
4557
5448
3410
6081
8912
7996
8890
6013
9975
3888
9483
2902
6969
959
2746
1551
6327
6958
3073
9429
5791
2492
2821
417
6010
232
9649
1585
4299
1041
7751
4042
3069
9099
5587
740
5519
131
9836
9638
7629
5309
9827
7007
2831
3154
9518
6456
9130
1789
645
9334
374
7397
6977
4415
9161
9078
2851
4061
2898
1267
7837
3692
5844
3310
8096
7178
8860
6597
680
6035
6941
1748
2541
276
3522
705
2575
9468
3244
5095
1929
7044
1933
7416
3332
8984
4803
2249
2111
2399
3749
9348
3884
3929
2037
8815
6796
5457
4421
800
2522
6023
4519
6120
8017
8986
6503
3405
5312
5904
5371
3112
2242
2584
7562
9658
7188
8383
9025
5694
3181
3762
8239
7211
9607
5576
7088
484
2599
2286
8329
5289
4836
4678
7443
1886
6603
850
1187
4510
5292
2186
5896
1989
105
1571
7212
9519
8036
1424
7663
1565
1970
9434
6714
8163
7220
9416
118
6055
9973
3452
172
1903
7043
9787
8211
767
2793
3359
7830
4869
2444
6037
6965
6097
273
7333
290
2319
1258
3084
2995
3240
3688
501
2154
4348
6604
1333
5912
7868
9663
5612
6897
2684
2297
9233
928
4182
7446
8828
7252
9629
1544
7857
8200
854
9940
4608
477
4727
1147
6000
1669
5713
2538
9112
2806
5579
7460
1096
753
1003
9785
6239
6617
7142
2539
5785
4054
8444
6657
4105
3581
5607
2437
7361
6947
3142
3
3344
6648
4600
916
2012
5414
3609
7049
9402
1174
9285
4848
6786
1563
672
7273
5811
9840
8018
8042
8619
6311
4960
2813
4316
3458
3871
6848
6209
585
6170
4315
475
5335
6723
4002
5940
8003
1
206
2899
9158
2053
8812
7491
356
3440
4366
354
2595
6727
5773
7824
2885
4862
6718
636
1800
1980
6894
7465
7765
4776
2411
3382
2282
4880
5014
6970
5148
9812
3407
746
7064
2557
7189
4160
1443
3631
4966
124
1356
5909
1437
7828
4729
8332
8138
3611
9601
3873
6824
4091
7218
2136
9949
4957
691
8877
177
9761
237
5905
898
9978
4668
1269
6030
616
9971
9659
1700
8944
6408
8123
3292
9938
7859
573
7184
1378
3615
796
4272
7527
2755
3553
3006
1177
9384
7757
2843
7382
7798
4550
496
1225
3932
5221
3133
3958
3277
8767
5771
8798
9630
2981
3444
252
5055
2085
2317
4325
3722
9643
185
7952
9019
2305
4813
8545
5782
9353
8745
1628
1936
6218
2304
3059
7004
1353
8723
7436
1291
8435
8193
7750
8908
6547
2222
8424
7282
7748
6393
9738
7015
5787
847
4864
6124
6330
5783
8161
1151
6471
9564
4030
1158
9991
1802
5678
5996
3738
4485
5910
4599
3215
3985
494
5149
1592
2926
4353
1660
2051
3268
3925
9289
5875
6590
517
7468
5674
4025
5042
9575
3367
643
8436
43
4285
5
5526
2387
4604
444
53
5661
4300
9952
4274
5887
9524
6492
7217
2544
2611
3826
8588
6602
3016
7111
4187
7174
4946
6214
5653
3656
6876
5619
4081
6606
6549
5840
2097
5160
3264
9865
2270
2331
6318
1922
8904
3145
4363
6752
370
2774
3237
6986
1279
4852
1416
3942
6048
7769
2866
3792
4390
5812
7429
98
2706
2826
5199
577
4460
584
4990
6825
2514
3395
126
7118
7356
7133
1186
2576
7992
958
7838
2674
4245
7653
3665
4786
2235
1905
3557
2323
5499
8821
1744
4846
4829
3539
4195
2567
5728
7102
1331
9567
6818
1858
2944
2540
5780
6553
9351
1043
2332
6144
5708
9423
8376
8639
1355
1106
4338
2056
9525
9262
2202
165
6828
3203
6713
5480
4280
3535
5265
2336
4193
9544
8735
7789
6198
9641
199
6147
8791
7914
8490
9004
9490
2717
1208
5860
2998
2320
9125
4712
2581
416
8461
6670
2396
2675
8610
9886
4498
9513
8065
387
8934
6676
9061
5217
5814
3936
5022
1165
5088
7744
7345
4962
5333
5094
4230
9600
7860
3729
596
6482
2229
9746
7496
6932
3645
5123
2536
9843
3736
93
1664
6357
3558
2303
1898
8711
9598
4222
4416
6238
5067
6769
1391
9090
7314
917
7008
9097
5881
7167
2127
5832
3544
4709
9307
3280
2450
6059
3441
5161
9094
1966
7624
8286
1670
2267
7384
4867
6032
7266
3963
2370
9799
5522
5613
6129
2458
2108
7558
734
8483
716
5364
9225
8703
384
243
5379
8658
6993
5295
1640
4429
1928
8034
1517
7141
8917
9469
2333
2893
1052
7201
7845
8903
2330
7145
8432
409
5599
9693
8126
7729
5704
463
4112
3102
2503
7009
1553
6491
9806
7874
5362
8995
1273
8428
8719
61
9314
5556
7294
7363
3921
2531
8298
6288
3905
7013
1382
6728
2255
9349
1644
9974
245
7927
9655
8359
3241
5690
4085
7867
525
368
9823
7475
3798
7232
8977
405
2338
7143
8466
7754
8514
806
3965
2929
954
3136
7300
5374
6298
4344
2340
6078
5893
9479
2343
1012
1519
1959
6886
8201
4113
2710
3800
7654
6878
6086
5918
5174
1180
527
8168
8764
8743
2040
2829
6109
8560
2190
5455
6261
5889
8305
3364
8621
4461
1430
9387
9737
9091
3054
9771
8701
3933
1316
8583
7612
7407
6305
4569
9815
9488
160
913
6913
5239
658
8792
5156
5508
5727
7544
1418
4161
3566
9207
5504
4540
3492
1685
8322
291
7622
3116
8837
2353
976
304
8342
7284
7777
2619
4784
1534
6583
6208
3284
4921
6460
3050
6352
6737
8251
4614
629
1453
5428
7493
3635
8515
5470
6544
3114
5218
5125
6290
5856
8476
4747
4306
2175
7194
4690
6041
1265
7262
8741
3374
7934
5234
7707
307
7723
3247
2119
2871
3030
8788
1742
994
5017
8049
8106
4754
7930
622
582
468
5673
5806
5878
2730
9361
9056
1125
4401
9374
2956
814
448
3534
2733
7964
3434
7473
113
736
6114
3812
929
9412
2800
129
3571
6145
5505
5533
2475
5341
8991
3208
9613
4876
4925
8162
2342
7092
4927
1078
8685
3175
9072
3187
3089
7532
1477
7183
6616
3169
7990
2617
2409
3908
6678
6739
2451
6243
1867
1040
961
1312
8285
860
4666
8231
8068
404
2392
4740
2081
1111
6437
5983
9357
2017
9610
8964
6110
2454
9398
6295
2385
1406
4387
7100
4513
5701
7128
2099
1769
200
4554
613
9024
9988
2239
1767
9800
9568
3662
838
1252
7295
9684
2758
1023
5633
9453
396
3527
3027
1215
4305
7020
7719
6093
3322
8309
6277
6567
553
2126
8273
6890
9721
6201
3860
6879
7490
6459
3895
661
482
4681
9824
4578
4795
5098
8343
889
6530
1350
9687
4340
7412
5418
4911
1992
1956
8244
6681
3742
8315
1263
5639
8683
6991
1631
1614
6692
4624
8565
6804
9750
5051
217
1330
9864
7776
3042
1257
8391
4790
6749
9335
9068
5294
2383
7093
8404
8281
2551
3200
4392
3913
6842
5381
7265
4714
5570
9274
9896
8605
6690
8769
2580
6715
6805
5036
5317
2096
3694
1029
6948
7014
3161
8790
2629
7657
6626
4367
6504
8933
635
3480
3182
1825
8462
3733
2987
1589
2167
7561
5574
2769
5707
3983
6292
5501
742
2752
4775
1656
2424
8091
3972
5121
4963
3316
8924
9964
675
5241
51
763
2828
9259
2032
9329
5492
3560
4045
3118
9026
2690
7576
1196
770
8772
309
8503
1412
6017
3766
8993
5287
853
4771
5331
9300
5271
5631
74
7325
8414
7513
2587
57
4322
5112
7405
2716
4774
5550
1706
9781
2999
8213
5030
6919
8402
7306
6036
9822
4067
5300
7602
6653
7586
2559
4014
5183
9487
9647
4675
4664
4834
3349
5672
3863
4707
1334
7324
2644
1689
3430
6443
7905
46
3622
3066
4685
1047
9817
8911
7878
6193
1070
3523
4183
4170
9291
5624
353
2347
6858
3686
8999
4524
3579
4215
5358
2528
1383
4583
5386
1692
890
4144
846
7933
1270
5093
37
3948
5279
4125
1941
3828
6191
6556
9281
5561
6403
4398
1363
3914
168
3986
6767
6206
6051
5116
9179
5899
3894
8697
8766
8606
9543
3567
121
3011
6284
9716
6806
264
8500
228
5275
1798
9662
9691
9465
1232
8820
8718
3676
14
9344
6536
5257
1722
1844
1489
7315
6830
279
9769
4442
834
197
6866
6092
9435
4788
4605
6663
9906
1277
563
3286
6005
7192
7836
2903
8835
7326
7679
1264
8882
949
8002
4787
2777
9842
9838
1077
5845
2837
9224
5013
8429
1019
6898
8823
1977
988
7718
8721
4684
3741
1381
4900
428
982
3210
7551
2561
6490
9798
3755
6001
9696
4676
54
2850
4901
7738
743
3370
1971
5669
709
6599
1204
9006
458
9604
9212
7061
1515
1604
4950
2351
3013
2657
2196
5770
7057
1635
7799
7124
8427
7725
1413
8441
189
7810
1883
4288
8930
569
5847
1639
3538
7321
689
3263
9686
3995
4629
1920
2874
5436
6668
3915
5975
3763
3053
6795
8112
3110
9685
9654
39
9470
2313
7732
6415
3077
3304
1579
5177
4635
1119
8396
1506
8765
6515
8099
1615
998
7373
7138
9529
9796
4804
7922
4999
9280
6810
5172
3886
7519
7239
5092
865
9248
7181
6560
6389
797
1952
4682
4702
4334
8647
7135
6369
4178
3465
9764
9046
8141
6520
6989
7722
6042
4536
5789
1217
9921
4292
1276
5795
8459
8905
4981
5659
2203
6131
6951
732
3427
7642
3807
6717
7746
5726
1384
2233
9129
7304
9820
3979
4302
2471
1338
5301
8574
3246
9029
6473
6652
4518
974
2984
1721
8081
6691
2264
9185
2948
3575
8364
3230
4486
7864
7131
1701
9618
6304
8225
2011
4933
9493
5310
6589
1575
381
8632
8289
238
4626
6893
5012
1345
4873
4478
1223
726
5475
2310
2361
8629
3023
3878
9775
8886
2942
8357
8190
465
445
8593
4924
9617
6307
2259
692
8266
9447
5452
2212
580
8127
2199
2953
94
687
7852
2977
3974
6181
3870
5846
7861
4849
4749
2537
4917
7161
5660
6272
1855
2046
3954
4107
3476
1752
875
7820
826
6751
4735
4480
6924
6500
530
4653
9108
219
7355
6649
4978
7659
6868
4383
7444
8073
1871
3596
9664
1731
3802
8800
6464
7270
2278
8102
5752
2394
3945
2707
447
3067
7763
999
3291
1934
4278
1048
1612
1244
1017
8846
2283
6725
9165
1846
9504
2172
1893
5390
350
3063
880
6516
170
7197
7517
5797
4650
1501
5634
2914
8963
4044
7115
9119
1946
6063
1080
8928
9580
3131
6613
8339
3927
3347
3841
8292
7032
9370
2760
6683
319
3393
842
7287
1713
4189
7644
5046
8027
7872
3335
2466
1875
3918
2024
5181
7481
8556
442
2515
1796
4403
7017
7827
5223
9215
5215
2518
1967
3172
8758
8032
946
7699
8495
470
9395
3226
116
5922
3321
1491
7122
6217
9227
6800
4506
1894
2293
9866
2027
9316
8670
1618
2161
3036
3259
5018
1064
5799
481
52
5717
5214
5971
1799
778
2015
5813
8302
5580
8226
8327
8338
9411
5212
7205
9209
163
6981
7855
3120
4741
7689
4606
6829
1621
606
9734
970
6953
9405
8529
2489
3507
7579
4825
6380
9795
4482
9706
2679
492
7331
9718
1497
9037
5458
7649
2461
5015
1411
813
8543
7428
2372
4562
7343
6790
9089
8509
731
6343
7978
5029
4235
8046
6961
1960
8370
8016
7068
9593
5478
4983
4134
1358
3192
9912
2365
6773
8614
4639
2959
2776
3693
8119
5373
8296
1178
5305
5956
2071
3608
3306
4546
1691
1359
1676
10
8866
9151
2762
5540
8395
1324
7257
3707
5549
6105
182
4628
1863
1821
9202
8980
9394
1624
8144
9390
5070
8558
3055
5486
6422
9311
9877
2748
4616
4637
2485
9017
504
2735
5594
3380
8371
2150
4985
9197
807
9137
2983
8677
965
6851
3957
7710
9505
4534
303
6289
9283
9635
7764
2292
456
790
1500
8139
1537
7832
952
7515
1638
6133
7965
141
108
343
8727
9077
9071
9085
9339
8587
7297
6394
8803
9443
3117
4717
3588
9609
4487
1586
9697
5954
1528
9143
695
7897
1659
1313
6046
2645
4773
3587
3520
3984
5483
1804
1374
9279
7019
1431
3243
2059
6779
9571
2280
8062
4494
5283
7931
8278
9736
7856
9878
9082
2080
7702
9101
5361
2197
4805
3928
8390
715
6447
774
4742
6785
1117
9828
8072
2356
4826
3100
1703
3744
4377
8567
1602
1076
3516
6524
9986
590
2216
5664
9546
4443
7234
8623
8330
886
5339
6301
8759
5429
8947
5246
4920
7968
7621
2622
8349
8532
7613
3094
4693
4319
1164
5991
2775
8365
9391
4884
7502
3989
3233
1229
6006
9858
8381
6771
3394
6833
7557
9136
5439
8212
7797
7021
1672
2512
8460
6794
3160
4173
8842
2401
412
2558
198
4101
5942
6034
1935
9561
6127
3556
9665
9754
9231
3849
8159
9150
1056
2155
4875
9591
7485
5488
8013
3279
7348
5915
3803
2224
4655
7123
9201
1364
3151
5050
3947
1162
6112
8115
1433
6884
3312
2153
7409
7921
324
6457
8962
1999
8274
3949
8985
567
6945
2711
2299
5916
5097
1085
8288
7479
7353
2991
586
9633
8805
5897
3504
78
7881
6224
8389
2068
9481
6661
6539
1733
6197
3421
239
5786
5929
1035
6372
2431
2405
4838
8284
3177
5604
4837
3185
7704
632
9081
8355
5563
2055
8224
852
9184
3613
4822
6391
6418
7268
1121
55
4656
2637
5169
4738
2596
8722
9253
5994
5827
1622
3877
7703
3318
542
809
8613
9745
2543
4692
8645
7946
8771
5282
9933
9584
7470
7638
8299
4072
4058
2337
366
1901
8965
4242
3437
5629
4232
5008
6557
9054
8033
2345
7144
7402
7976
5319
7001
9572
3051
6628
7650
4007
5336
7155
7423
8625
6957
2379
4630
6192
18
8098
9214
8826
2241
3357
6319
1811
1118
2179
3900
1376
5989
8234
6088
1766
6772
7514
2807
4502
8893
4828
652
9128
3453
3365
516
9244
6660
8956
4191
8665
8433
9008
5230
841
9919
9739
4977
5605
9913
469
2722
9920
9070
3082
939
2673
2661
9410
4733
5719
3144
3481
2519
7052
1860
8146
6917
7753
7635
1878
6644
637
4595
3640
2971
3503
4269
1488
9368
8454
5266
6022
5037
64
1587
8415
6444
4575
8051
4176
7940
3413
1947
8622
3684
729
9205
5003
9320
5809
6477
9065
5792
3317
6929
9845
4544
3637
1969
7882
2695
8442
4365
80
3183
6322
1790
1315
554
6398
7511
7288
2639
7610
3209
8471
5566
5247
8023
5712
664
4973
8113
8220
2195
44
3710
3068
6569
7482
987
95
8747
8700
1414
2705
7796
4076
8174
9698
8768
3398
5389
5542
7344
7388
8078
5998
604
8732
5774
7756
2456
9759
8852
7200
5074
7661
6014
7056
1176
1505
8047
7911
6450
7853
3085
5477
738
7329
1206
5836
1902
394
1308
2070
8369
2887
5874
3620
3816
8915
2579
2892
6766
5150
3540
600
9606
423
5424
3165
4495
3743
2391
5600
7471
7960
8733
955
6944
1668
1596
644
7125
3678
8447
3388
2729
2560
9162
3515
8669
6836
4019
3717
5409
2038
8819
5762
377
4301
3701
7963
8802
5763
3315
3076
7854
9989
2029
1567
8793
495
270
1231
722
169
874
9305
2875
9670
4708
3630
6574
3297
4918
9515
9723
1037
2736
7697
4157
9942
7228
1828
2386
4759
8978
4412
128
5647
9689
1008
2237
8287
5346
1361
1607
2688
3999
2412
115
9611
2669
2496
605
7767
2171
1480
1347
2585
571
684
4122
8612
5039
8218
4425
5391
1398
4858
4205
8891
7078
8030
3463
4817
8976
6902
9899
7364
6015
7414
2426
7317
5711
2384
5236
9962
9923
365
1470
9437
8455
4663
7229
9854
4821
9148
7662
231
9994
4563
3774
227
9679
11
2328
4111
2873
9792
2483
6237
9984
8649
5423
2872
2083
9149
8059
4593
2371
3887
5089
6982
4440
7755
2614
5468
8570
2780
3098
3462
2664
2857
7667
1758
1943
1132
8282
6903
6614
8421
2002
321
2138
3451
6439
6609
3514
720
930
2725
3831
7889
1906
9210
9653
6434
1097
3671
2600
7773
1996
711
3655
1241
4887
8223
9726
3529
5091
4642
5100
1696
8920
6312
480
7318
6184
7942
1877
5462
7051
4389
1923
4590
4117
1286
7
362
4559
3057
4997
6839
6453
6776
4879
2149
811
7903
4327
2589
760
8346
9471
4060
3127
8730
4587
6103
9230
5732
364
7616
6845
4923
6732
9833
3767
9182
9304
5630
4770
3601
7309
5699
6324
8085
5601
7664
8922
7508
2700
3794
2532
8858
6591
1243
739
2436
1965
5296
6485
7646
2101
9523
6087
4436
261
2968
3832
9088
8941
5412
4102
863
8710
4951
3768
4744
8351
3045
1282
9743
8541
5871
6484
9977
7720
8939
4259
3570
3385
1726
1344
8750
7180
8875
8885
2749
9965
4807
1253
1642
9218
733
3953
9748
1447
918
9536
6973
1483
3224
4645
4092
5626
4264
8265
6294
1881
2217
2947
5049
5746
8884
8417
3780
7917
1808
2830
4607
4737
5848
7392
727
8363
9247
1593
6440
544
7772
7530
4964
5209
6809
8668
1360
562
6952
979
4585
6803
4477
7030
4064
7970
5407
3119
2004
8822
1084
4452
2031
2316
4139
6747
3789
8811
15
3618
8687
5203
8628
8521
4114
8652
6094
5658
3809
9993
6765
7761
5698
1271
626
6308
4118
6647
6157
9436
7452
1006
1143
9245
3052
5992
5657
6083
1680
1340
1348
3517
6720
6297
42
2761
7943
8698
3325
3825
6341
5187
4395
9451
6562
9844
7500
5745
7677
537
9773
1027
591
9934
8272
4233
5425
2380
6158
5562
6126
548
6814
6448
5410
1530
8387
1887
8312
8856
1199
8862
3010
6841
6975
3649
4694
9789
7404
1365
4468
1608
7276
9717
6475
7628
9126
8945
503
2880
4216
640
8681
6594
4140
8948
7510
6882
8420
4231
4455
6577
2938
2974
4551
9829
4359
5491
4643
4433
3387
7107
1634
6990
1311
371
8898
960
2307
4323
2727
5748
6927
8553
7758
7620
2841
7525
9898
4041
7512
904
1368
8063
4100
6659
7497
9199
3808
9581
376
6128
5977
8137
5524
1135
8754
4055
6980
5002
866
7048
6353
1156
6850
7302
8779
419
9914
1145
7394
397
3716
6020
7202
6611
8975
9675
7615
4625
41
460
8960
4096
6920
9383
2075
7871
4976
9512
5759
8011
6024
5946
96
8998
3049
4598
5816
1912
5932
1707
5481
7651
7127
5682
6655
7606
2089
1513
574
1697
2608
3991
6245
9393
2369
1686
8463
153
6843
5043
4991
1427
2772
3021
5537
4623
5743
7818
9700
9459
305
7457
1630
5649
1016
1173
2113
1954
9943
3340
4855
2906
4777
8252
7116
6029
8782
426
8807
6666
5281
225
3034
3486
5955
5620
378
7349
3333
8130
1059
1268
9444
3668
6985
8267
8255
2191
7119
8863
2374
2915
4444
8679
837
772
6595
848
5684
3590
2574
2253
1351
1462
6336
8855
339
8379
4439
6309
5656
4936
3861
7743
1415
871
8507
9707
3012
2913
8422
8789
8664
4935
7272
4260
8796
275
5939
3429
1862
9371
9657
1242
3670
216
2376
1541
2494
1890
5369
5817
8830
5760
1451
6377
9462
5075
7605
8350
2090
4052
4942
1474
130
5130
1637
8707
3732
3980
2901
5028
4449
2360
4374
7275
8148
6554
5399
3769
5021
5385
8709
549
5443
5572
6696
2441
3765
3227
7535
8520
919
4903
9223
6142
6601
373
2568
1539
8943
8676
598
3685
5133
6207
4132
5805
188
3541
2455
7520
1754
9027
557
1540
272
8368
4652
599
9098
6382
2413
2521
9408
905
6474
6523
5545
4909
5525
8728
6371
9146
2757
5323
4462
3171
7901
2935
7885
3967
8546
9139
9712
3206
2460
327
7441
5557
9059
8155
413
5521
328
7359
3095
931
4831
6997
8827
4905
7542
6060
2033
8921
9318
8064
9241
9301
1226
4106
8901
3699
4949
3174
7026
4617
656
2166
7050
4130
6279
7307
7550
8333
4149
8693
4793
9501
195
6174
3436
882
2324
836
5194
4792
7018
4968
450
3740
5368
8840
5543
2662
7190
4988
2355
4592
8869
9948
4891
3447
1297
6316
5103
3595
5531
4769
7740
7406
6936
789
4034
8597
2858
6299
4959
4084
1911
5382
6249
9346
779
4548
1461
7908
3199
4226
1552
346
1445
9476
4206
6228
7379
5158
9217
3806
3178
1683
4023
9234
6687
5985
5849
5772
6665
7175
6441
9521
3537
2721
9533
4857
1538
6872
8083
9464
7278
751
4943
9109
6640
4547
1610
8458
6359
2130
2507
6467
1060
7541
3296
493
3425
8981
4200
8909
360
3061
1285
9457
4527
3253
4304
2276
7216
997
8024
9813
4894
9608
1112
4248
4496
6321
7888
1718
1322
6821
3299
1367
2918
8542
4686
9045
4217
4553
1102
7230
7926
3092
5179
3007
4926
7104
5032
1079
6867
8950
2530
4507
7518
4899
3657
6942
538
3922
9043
535
6987
5852
6033
944
771
3843
2973
4342
4710
6050
6360
9237
5968
7507
7207
175
1296
4047
3939
3146
4885
1058
9985
6025
7153
523
1390
2856
2728
1159
7035
1678
843
3238
7440
5913
6379
5202
5636
7684
5970
9516
4698
3201
6763
4145
2865
587
9032
4201
5933
1115
728
8121
3009
9381
985
3330
5616
4192
2565
5554
7058
6320
2178
5810
8122
9494
3658
2994
6397
4723
2400
4174
3422
1973
1671
9389
7705
5944
6407
2301
4654
2670
491
9727
9030
3308
6227
7401
4179
4123
6847
1879
9922
6667
4667
464
7593
2816
9358
5422
8972
3041
2546
5273
5753
7171
4056
8660
570
6950
6510
4761
2724
8682
7843
6522
5135
4662
4677
302
5084
7645
7006
7108
1392
7421
3153
4290
5081
446
4318
9614
1144
8573
3853
4031
7648
6671
2476
4842
8716
8599
7701
8555
204
3754
6306
1337
4665
8688
7745
1245
1841
993
8192
120
9367
718
8926
8151
9797
4763
2989
3409
1732
4121
7227
7618
7641
9445
2606
6107
430
9266
2000
9870
9067
8050
1861
193
201
180
8929
8675
5079
9491
3734
5602
3392
1876
2035
5204
7072
7791
7815
7953
4150
7024
9729
6259
6348
6811
665
6521
4906
7281
3213
5680
3498
8868
2524
2092
7385
589
5476
5733
7980
7477
8925
8994
5038
5512
5705
1520
1457
2142
6366
7000
3350
1134
70
6956
4408
5851
1494
5104
5244
1440
4689
7817
903
9267
8967
3786
5356
1807
1792
6433
6139
7614
2919
9642
6693
8626
8814
3147
7752
8848
3026
332
662
147
9897
4251
3223
6572
2768
467
9341
111
8056
337
9232
4532
209
4839
3400
3675
9835
6926
990
9440
6068
6529
832
429
578
1185
972
986
7906
5303
8080
5392
3285
29
9460
2160
9710
7226
7351
5969
9573
6413
3977
5523
8734
3274
4597
2864
4136
9485
7573
4687
1236
7258
1219
8173
2118
9855
2917
4739
7909
7028
8238
4241
2845
4870
2139
9121
171
7910
8140
735
8271
9888
5586
8937
6002
5914
4961
6896
4090
9786
1022
9338
8562
7944
8001
6476
4833
107
7841
4679
5444
4119
2963
8044
3893
9752
5953
7564
3761
7238
4619
82
2115
5025
601
3902
8005
6733
7431
6252
2223
7794
9191
868
9793
5493
9308
4428
7896
1740
2988
7075
5937
3289
9808
9747
8340
7023
4332
7298
9087
1195
3944
9640
3275
769
8482
8021
1421
7411
9955
7445
6861
3976
9204
8564
2682
9970
1444
7081
2671
3446
5997
6136
1913
3039
2211
2288
9302
3035
7060
8861
2007
4945
6498
4651
9426
4258
3815
5277
1157
6726
7400
1409
7029
7505
9550
5076
8279
3992
9992
4368
8303
4151
4545
3415
4746
859
1560
1283
7168
5136
9930
2311
8954
9936
3109
1266
4555
4854
4385
5205
3844
1212
6222
28
8485
9981
5122
9489
1814
1874
4640
2572
1301
6455
5618
8663
8324
2439
5415
8602
4133
6822
1950
393
9637
2258
224
133
4520
5663
1454
5186
221
7680
310
4309
9477
3219
7955
5667
1938
3891
805
1053
1994
1847
2274
5917
6635
1335
1120
5761
7822
5585
9355
4355
5314
490
233
4878
628
3469
5345
2940
7682
3500
1880
2631
6579
6702
3000
1482
341
9287
3603
3205
342
4910
1502
710
5516
5737
4929
8550
8686
8630
4020
3101
893
7708
4638
6449
4904
478
461
4535
8952
2744
3505
1339
8971
4
3612
4987
2890
9178
6854
9251
6760
4094
5329
6199
950
86
2395
7498
4163
6260
6340
2003
4148
673
5016
9180
2133
8506
3070
6768
9959
6632
6783
8554
9034
424
9120
3028
8695
9452
5892
8699
2870
8715
8090
2464
9953
2452
4691
1986
2019
9627
9540
4767
7806
3180
3435
2218
6527
4209
4275
7091
6874
9553
1123
2205
5213
8706
3784
1293
3075
9818
2714
3087
2041
6734
2842
2958
883
1677
5451
7858
3195
3184
9278
5665
6916
6904
4331
660
5087
6270
3478
7231
6922
7286
3712
5829
3682
6979
3389
2778
6629
293
3459
7137
9118
9001
8440
6642
3081
9826
6501
1446
8522
1142
8591
2146
3791
649
2123
3111
4373
5299
1647
3580
8696
3650
1182
420
7319
4672
7328
7785
6430
1794
2921
8472
2498
5510
621
3879
1302
8256
2438
3833
8431
7988
3583
4037
7157
3652
3663
3850
5145
3080
5597
5520
2525
9380
7973
2804
2846
5538
2344
5128
8079
8997
1000
9862
7390
7774
2152
6323
6736
3752
5440
2240
8854
7196
681
5818
391
3334
8870
4137
8938
287
9528
5180
8464
2598
9243
6374
9366
9400
3677
4413
592
7236
5138
9463
5131
2597
8654
1380
8202
945
4211
9782
7598
7779
16
5890
3737
7545
8100
7357
2855
2214
8561
6764
694
1083
3874
4810
2790
1843
1408
4197
5766
9111
9103
30
8935
9980
1466
8783
2632
764
7880
4050
2326
5567
1201
6076
7821
6870
7037
4027
5536
5923
8367
6213
379
8384
3672
4339
7516
2473
2601
2181
8726
3990
8689
406
2607
4307
383
2042
8673
2592
6436
5231
1220
8210
2659
3804
1702
392
1910
6018
9966
9932
8233
6707
3646
5539
2295
3032
7483
9848
3466
0
234
8198
787
7721
2593
7098
9776
5709
5337
9517
9260
1743
5026
6995
630
3287
810
1179
5304
7560
4346
1979
6802
5747
2751
150
2747
1448
2122
5197
2859
4700
7782
6342
1458
1778
8089
8958
1456
4472
1557
9142
2192
6350
2364
4860
6317
619
6959
8026
4049
471
9375
8608
6165
9622
8172
5274
4175
6246
8873
9096
5405
1866
1737
747
3572
682
5338
2562
4497
7160
3072
1598
4753
3362
3728
2168
9363
9615
5326
4419
1521
4243
6724
1246
2141
7169
7589
4095
1816
2900
3348
7283
6585
4345
4281
4895
9421
686
7870
6118
1213
8076
725
7595
943
8057
2939
203
1848
7372
3487
7489
6062
7447
8557
1611
4336
7554
2505
631
8457
7665
7176
624
9414
2194
617
139
3221
3122
7488
164
8627
3261
8774
4271
2459
953
9577
6555
5427
4488
8039
9976
5176
6619
697
3495
2814
2734
2970
1645
6669
440
7580
1124
7083
2784
2367
3176
4908
524
7693
3235
5888
7537
521
9122
6853
7588
782
2759
4185
4529
1921
7596
2009
9246
2925
2156
6856
3856
2341
9171
2084
4618
1945
2140
7210
7918
4720
3474
8344
372
8394
1107
4748
1762
1184
579
2773
6819
6880
9954
8473
436
2621
6889
9009
8538
6637
4789
1116
1393
3339
1603
6089
7259
6079
1746
5628
6143
229
4800
8232
2997
1688
6832
4321
1710
981
1768
663
174
3785
5367
4266
8423
2226
8672
4516
9049
9315
3173
3582
6367
6891
8983
8450
2992
7195
9535
4732
5225
7569
7877
3497
2719
2188
9590
6168
4970
2687
2689
7074
671
1110
6634
2802
6550
1422
2467
3234
3232
3969
1785
3164
2402
7716
5250
9874
6844
3892
6402
4882
1423
7803
1221
6104
2418
50
6300
112
1917
9116
7455
7747
6276
1759
1222
5109
558
678
8012
3633
9264
8358
9010
9901
5465
4430
6400
1139
547
8579
6915
6419
1705
3723
4986
5388
9292
8216
5589
6116
7591
683
5568
8633
1606
7694
9265
8249
6096
9507
1210
5776
5834
1625
9403
4953
2265
4845
8280
7165
2909
1546
7531
3536
4080
748
2429
3968
804
830
1100
4476
869
2625
2627
5048
4556
2104
3997
2810
6798
4932
7686
2069
9337
3781
8262
4078
3345
6426
4517
3799
4688
2302
352
3065
1163
9498
7566
5340
158
1895
8968
5958
7736
4872
5826
9715
390
9780
8354
1095
5862
9945
6012
3202
9837
7567
924
6285
6940
1463
8331
4454
6231
2054
5328
6428
6943
9240
7130
4086
7199
223
5506
4063
8020
9872
5284
2363
8425
7780
254
5302
6808
3191
1572
5821
581
6918
1826
6047
5714
2225
3354
1562
1087
5140
8066
9323
4407
7312
9306
3356
7410
7396
4756
4417
12
2289
2407
4143
6815
5964
8053
8128
519
2491
3864
8295
6636
1148
8708
3020
2346
2087
3594
2263
2824
8356
1299
5867
2082
7193
9811
655
7435
6230
9879
2043
6080
3705
1984
6911
6061
155
8951
6558
7571
3106
3616
329
5950
9904
2478
5828
7671
3814
6242
5808
5280
4716
2398
1559
7112
1918
6946
4099
6075
7166
173
7235
4913
2656
4931
3071
9889
2943
936
2771
4277
8667
1576
4778
8186
2062
4641
2008
1818
58
1341
8040
2533
3396
5262
9176
7246
3653
5865
1852
3602
5500
6888
543
1853
8361
5431
3024
8125
2933
8776
5683
4843
4214
117
9496
4808
6185
815
698
7555
8028
9705
6431
3547
9170
3056
4881
4780
6646
7840
5788
2443
9439
3294
3552
3211
1377
2023
9585
1237
3043
7198
9425
7804
1319
6508
6496
3934
76
761
1031
5651
9154
499
5722
4234
7583
8817
2643
1475
1004
5170
1238
5426
8797
8499
7099
781
6003
3896
411
2106
7658
1007
1908
7741
2499
479
3519
4310
7971
7637
3229
1658
1109
9040
6395
4603
8268
226
9153
5671
6706
9774
9902
3397
8751
2788
2350
4979
1753
9298
437
5617
3775
2183
2275
6907
9650
1690
4751
2876
6102
5947
926
8199
7453
144
9997
7347
1235
235
9545
7698
1450
1326
1063
1249
4070
5928
8382
5384
8650
5207
6333
2315
6881
5085
5330
8491
6862
5376
8009
5224
9890
3830
3975
3373
6615
7073
2145
359
9189
3907
1129
4422
6113
6328
7042
8326
4341
3696
6622
6410
920
5383
2796
9766
6364
5984
3955
8655
5793
7688
768
1088
7526
4673
8910
132
218
588
911
6232
7577
6248
9704
2105
1005
9033
2556
1747
3822
1054
2410
3363
9475
5693
8918
6411
7120
230
7786
5258
2867
669
8932
7003
9549
9092
4922
2109
8166
4156
487
1609
8221
3239
4760
4015
6964
7303
7891
9677
7626
1648
4329
1388
6901
433
839
3231
8452
2618
8217
9020
8949
2667
5635
4294
7997
6540
2513
902
699
4537
8505
2825
6461
5641
8131
3543
3236
9228
6223
6820
3917
7984
4577
9397
382
8724
1987
5219
4229
9415
4621
4456
421
7847
3419
6801
4382
7380
2835
4658
4568
5941
791
184
8780
2638
1868
2529
3138
2545
6141
7339
3108
9660
3626
8900
9293
281
2838
3329
4701
8824
89
9378
4404
4509
6235
9365
966
615
1507
6375
6378
2928
5894
5107
9166
285
4250
2039
4028
1020
2221
2298
8293
7902
6643
8169
4177
8437
3105
388
7424
2028
1314
2822
5837
4703
6757
4721
7031
2312
4582
3867
7503
7094
7403
3859
7884
9804
6264
6283
2993
9086
857
4824
7584
4351
3477
5778
3470
5009
7158
7369
5254
3714
947
9619
7540
1455
593
992
2506
8375
4853
1387
7254
2112
8865
4919
7630
5255
777
4410
1682
9095
1034
3926
156
9252
8586
4797
9762
8094
6267
4576
5406
3898
3854
215
7214
6163
888
6930
3647
7619
6085
5756
8181
668
8607
5622
4589
1813
2972
2905
6156
1138
6161
48
7114
3406
3855
422
1623
1558
2474
1636
8347
2663
9467
1343
4051
8243
9621
8872
6465
5560
2960
2922
7121
2207
4861
1192
5366
7291
7334
6777
8353
5650
1260
5864
7039
2034
1230
6381
5980
9473
9431
9221
7728
8957
2449
1089
1214
2219
5372
4364
314
137
6130
6065
2234
1833
6148
3493
6077
7139
8341
9929
1072
9156
9895
1899
5822
2257
8129
208
6009
8742
5059
6212
5308
7951
1137
6123
4190
5080
8052
9386
1704
6244
8453
269
2435
4799
1114
8662
3604
5569
1955
3426
2049
7206
3248
1627
9810
2803
9484
6817
8577
5472
3823
3704
8095
1504
3343
5110
443
8204
8838
3266
104
6049
9562
5473
9951
9772
8851
5833
3568
5949
2787
3760
7875
4376
9401
4940
5623
483
534
2247
6052
5253
253
7371
9110
9012
7375
4441
1410
6730
8756
575
914
2962
647
2832
8801
5256
2701
5815
9206
4912
3687
6857
6099
3488
298
4835
9190
5959
702
5353
984
5609
8336
3771
9272
3432
8310
3526
2715
5553
4298
3402
3875
135
7696
2273
9144
566
5147
2284
1641
3906
2447
8041
9181
3140
4036
1646
240
7413
2713
657
5692
1496
7241
5119
964
6153
5023
6008
1735
4501
6271
3619
1193
2397
1010
5528
4956
1099
3272
6331
1481
4888
1760
1320
978
1068
369
7543
6835
2699
4715
347
6154
4938
5688
8548
8498
785
7793
4560
3194
7979
7376
5144
474
7036
451
7611
9631
7506
1369
222
4253
3961
3257
4405
8157
284
4731
3674
6596
9996
1990
8640
9841
3782
4863
4033
1194
313
6578
1493
858
1711
2375
7243
1776
3439
6543
5127
2206
7459
7714
5857
8319
3565
9586
8739
1161
5490
8871
375
7935
2635
3839
5943
5297
1140
5640
6662
1578
1067
3909
5413
2823
7539
5930
6172
9731
3525
8653
361
9947
8197
8601
4075
4505
723
1069
2095
3305
7912
6860
7983
9053
7825
4238
5290
6966
5724
983
8055
4783
4994
5681
9263
8717
1216
2794
400
9783
136
6526
9069
4320
9295
6414
5861
3190
9534
2446
4237
2268
7600
3578
6972
8961
500
8054
1300
4074
5056
6968
1149
154
3592
7556
9399
3524
3475
6468
9203
2542
1275
4765
2647
7781
5982
1988
7534
9422
6675
8087
3628
2908
6152
127
7784
9238
522
6354
9768
9236
4493
438
1397
1856
3438
1371
3821
380
7136
5191
99
2653
488
5120
6313
5105
3366
1531
6863
473
1771
1141
1817
8195
9482
9612
6479
7528
5242
9196
3391
2586
3805
7159
1191
5141
8406
4369
6040
4538
2047
5926
8518
5685
3327
2390
6541
5066
5453
5502
8552
210
8642
6827
9290
4438
5552
5101
8253
8107
8834
5348
2236
3835
9674
2672
7163
2894
6931
1442
6761
650
8467
8916
9038
5332
8345
8465
1581
8477
6256
7089
6155
9193
5835
654
6807
9174
5529
7995
9554
7054
2420
5031
8430
8530
1892
3680
8832
1765
5850
9269
4347
7768
277
1103
780
1522
2501
2290
5907
455
2836
5086
5434
69
9073
9432
7430
7886
7962
1652
6204
2117
6138
8337
4816
9063
4928
9303
6026
5677
5742
8405
963
4674
6605
1420
6486
6571
5164
6742
9602
6710
1749
5577
7900
8069
1597
7928
2173
7492
9127
4996
7538
4785
35
36
2077
3946
9960
5654
6984
4561
8813
2406
6325
5461
5511
9157
6494
4734
6044
8736
4295
4969
7134
9382
3796
5739
1693
6101
1953
6150
8264
6195
6274
8409
299
7851
5040
8307
2623
6388
103
7248
7495
4244
9145
1098
8656
7592
8325
6551
3956
3113
2308
2244
4202
2676
8974
7548
3920
8705
348
8527
9282
1594
8781
6269
8245
3810
1472
1975
3186
5710
3548
3088
9834
6914
2756
60
6146
3003
6709
2961
7140
7633
4823
7071
7737
5044
1835
2782
6517
34
6873
876
6513
3250
5298
110
1832
9258
5807
5404
6701
312
6254
3585
5261
3096
703
1654
9537
311
5615
167
539
6816
5675
3418
1679
6438
1649
9023
3776
7687
5419
4155
4704
627
5877
5729
5450
2605
2481
476
9216
823
545
97
9035
3664
2416
4381
1373
2591
4088
427
3342
6564
7929
1042
9409
3485
835
4558
259
2742
2185
6253
3724
2309
8970
3309
241
3753
2266
856
5903
7152
3790
5400
5646
8037
9060
9547
9114
5755
7305
1849
4159
5632
8712
62
6505
9373
8184
9385
8540
6162
3777
9
3829
8479
9931
9331
9356
6608
1904
7866
938
349
4445
5858
67
3756
922
439
3489
5162
3978
2910
9999
7892
6525
4068
5494
6935
6268
5058
267
278
9347
6315
3698
6186
71
1370
7916
4661
5924
2135
4171
2169
5689
4764
5114
295
274
8644
1620
8143
885
6483
3416
9255
4328
5005
551
4893
6258
1518
9117
246
5952
322
9167
5547
179
9558
8045
1153
5238
8025
13
934
2937
801
4397
3019
2817
5249
1399
9275
7311
6791
4543
6054
5610
8511
4256
6623
5377
9961
5198
3783
7274
1708
6576
6925
8258
2477
6962
1600
4646
3216
3222
1859
7675
1495
3167
9728
8314
4586
2091
4471
6552
896
4261
6302
8419
9652
4276
7047
4335
9376
4971
4282
5334
6719
2604
3445
8263
7685
4457
765
498
808
7448
7204
7085
3610
3262
6432
1498
1150
5995
4146
9666
798
2765
5902
9036
8004
2427
7771
4612
8927
2678
9708
8988
1981
1133
8799
8808
6115
3060
21
5945
4186
7041
5866
1831
4897
5496
4525
5882
3141
8401
4082
546
4757
5804
466
1864
1891
2726
