3491
3401
4162
4595
8930
9821
4127
6355
2910
121
4825
3160
127
7289
4579
8563
8617
2234
9285
2760
3392
4274
8641
8416
7982
4391
3087
1781
3815
3594
1729
2181
2971
7239
2503
118
8989
8964
193
4653
6701
1030
4088
8309
8485
1832
2129
7817
8595
3156
9038
4964
1812
8593
6875
1523
5215
8944
3603
2735
6347
6367
1852
3614
7045
77
7861
7249
9254
4086
7199
8588
8151
5275
8583
307
680
564
4531
3236
8075
2459
4646
6334
7294
4356
1019
9101
7370
6917
9301
1997
1313
6753
4159
7976
2667
386
7970
1711
1142
604
8149
7000
5380
9602
3914
7060
1699
8842
2879
6832
7196
9719
6629
7730
5528
1312
8567
8184
572
5159
9795
3499
6035
895
3688
3809
8099
3067
7978
8974
850
9033
3591
3523
7735
2817
7353
3772
276
2030
6042
5271
1020
568
7894
4096
5308
7290
6541
6036
4119
7422
8999
3590
2192
3933
5907
4079
3497
6624
3470
5780
4746
9813
6145
7589
9557
1877
4861
5125
8748
6076
5981
8953
8857
7161
1147
4006
2487
5946
9843
9091
7465
1714
6565
3000
2839
6460
5095
8357
7584
5168
8383
3358
821
6278
5817
6835
4641
4864
9610
2440
3118
7669
1285
3278
5602
9176
1021
9147
9606
2797
3615
8612
7633
2992
144
2521
5658
6439
5089
9305
2336
8707
768
1564
8777
1672
9859
2262
2604
8055
3208
3057
1405
221
1465
5219
2533
1808
7327
5792
8417
9984
2880
7335
3147
4560
8131
2268
2710
2451
2352
6295
8425
6540
4637
3383
2449
5439
1542
5976
3665
1255
4071
2762
7125
210
6293
6061
4647
5214
7875
2677
5586
6605
8805
767
4318
419
4052
3179
1226
1345
6129
4191
1085
6069
9504
9018
3522
2566
9875
4360
4995
2473
8214
9440
8068
5518
8511
1603
5340
6642
1229
6056
2588
4644
9772
3647
5645
6285
7140
3989
4876
6427
6504
3361
1084
3371
4387
5901
3346
6417
7836
2325
8406
1243
9584
9447
7025
146
3438
7384
4253
6046
4828
4025
8496
2090
1719
9064
4151
7603
5932
8987
9063
9450
281
6881
1553
3581
1464
7080
4116
5969
3025
6589
7495
2183
1336
4240
3650
7549
9061
3187
2391
3479
861
6053
7448
6000
9981
5055
9009
2680
5094
9983
4756
5917
8747
6771
2636
9400
90
6121
9825
3086
7777
9111
9942
9007
5026
6346
5330
9877
4416
9361
6392
2465
7389
8935
8111
1948
2885
5798
3886
2350
5056
3410
2027
5491
2085
7333
8166
9432
7922
4754
9940
269
5876
8451
59
1097
713
3982
5162
3578
8347
3828
2383
3172
7870
4463
8572
6342
987
9578
8979
7085
5581
4988
3032
5381
3960
1959
5453
4010
1803
4720
4492
8998
6179
688
8138
6476
7449
7057
6240
7177
8906
2153
8287
6947
766
5116
6824
8155
9214
394
2773
1176
6765
7801
7680
1899
831
7126
8739
3627
3996
9158
886
241
6577
9133
1203
3716
1519
7546
3425
6382
5807
7700
8172
6546
4662
8052
4004
3635
4256
1894
859
4093
9430
6959
5660
5631
473
4547
4218
8629
1137
7246
2101
9216
9352
9245
7661
4326
6349
5123
4571
3412
697
2224
5718
3037
7211
4917
8092
9259
7860
1627
6944
8090
7991
1817
894
7815
3312
2903
542
8932
7302
9817
2958
6075
4998
1866
1578
4128
3195
5033
822
6831
3534
6846
9226
5369
3994
6010
9173
8569
8474
5042
4032
6724
4269
4263
2574
4983
278
5020
3806
5066
1810
600
9680
9499
7121
148
4801
8258
6848
339
8647
4172
5928
7769
5367
4865
2990
6115
920
1593
4557
4684
6939
5639
587
2933
6734
9964
7827
6971
7712
4512
6388
6830
5205
5022
2298
6197
5891
1013
5735
4169
4223
2385
4508
3962
5628
7132
5153
4796
618
7785
351
6399
3605
6650
1611
6381
4178
9074
5527
2187
3001
7693
6957
8937
1076
399
304
4694
6951
7958
8928
5188
2643
8012
9874
5050
5233
9907
8526
9054
2402
6136
2536
9073
1802
489
905
336
4394
2744
9465
7613
4770
9512
5025
6942
4140
7666
4518
9730
6799
1922
6601
1389
7684
6627
4211
2850
2095
74
9188
3326
5476
1256
131
4638
4628
9536
4060
1972
6304
7068
6356
2529
6480
6228
7380
7742
3487
24
2621
2969
7893
5912
8198
5608
1378
117
3218
3501
1713
8661
9453
6996
2467
2895
7867
7306
2922
1845
9665
3778
1211
7925
9215
8395
8721
3350
5459
9657
4426
3889
3506
3
11
2178
1215
779
9068
9923
8822
896
1241
2472
3582
551
4928
1946
9442
9882
2563
8606
4977
1417
8093
1569
2110
8525
7724
3550
6569
9872
497
7450
1022
7610
1347
1698
995
7905
6578
2424
8503
9203
8233
6863
4380
2048
4562
4535
4877
7869
6526
849
4214
2103
7052
5477
405
6096
302
8344
366
4083
6465
3690
9225
8765
5242
556
4336
6317
8566
7679
4923
5775
9835
3186
2623
2001
8248
8847
7079
7297
5920
9957
3064
4221
2840
9187
5302
9921
6891
4806
1295
7587
2241
4640
2063
7405
1978
907
30
2315
756
1780
5588
5073
3381
8556
4888
3945
3725
1079
265
2038
8230
8497
7206
2765
6806
3867
6321
2770
6384
2233
5696
503
8296
6735
2675
4031
8020
414
6169
7552
3200
1773
6350
1326
2747
5495
1748
6940
816
8536
4117
355
2660
5711
1133
857
3752
1767
8494
3662
1638
5466
1915
5931
911
8714
1144
9671
9769
5972
2844
3617
7139
457
9778
686
1459
1828
6313
3075
436
8895
9119
9851
9748
5562
9628
7257
166
9746
8043
470
5350
9015
776
2542
130
4108
9126
565
5925
8963
9558
7248
9184
2687
8399
5681
346
8123
270
8618
9639
1731
928
9318
9631
6786
188
7840
8672
2668
6074
6841
741
5820
6956
6031
1113
3737
5122
3088
308
3730
5362
841
7514
6988
5538
8249
1749
488
9014
5971
6386
8206
335
5314
6027
6893
5965
1118
2290
2230
9718
5838
6703
341
3019
6937
5719
7373
5577
6872
4
2322
1390
4851
9398
2042
2631
462
273
7639
4278
6361
3317
2410
9274
9744
5028
4963
9782
4194
2186
1334
9151
885
1449
1083
3569
6542
6325
6943
8298
6934
3433
3904
4596
4186
5904
3892
7034
6336
1344
3114
3012
7960
6376
8437
8916
1497
7566
5561
7873
3250
7583
7984
8022
4286
3281
7887
2421
5726
1743
2716
80
7602
6773
7425
5869
9189
3342
6792
4664
2024
5818
2480
7534
99
601
694
3893
555
1772
4591
6230
5510
9315
5352
2825
7149
2484
7847
7105
3750
8262
5624
7856
9490
3009
1294
6266
506
7843
4659
8725
2279
7536
2044
8544
9141
1472
3640
2708
2810
391
3301
9781
9867
1000
2221
4890
8366
191
6280
8631
985
7339
5558
5593
997
969
3400
1247
6760
9021
5319
3354
3432
403
9167
5009
5839
5246
9461
4285
2585
6534
933
6981
9201
7288
9349
9888
744
852
5632
86
8415
1414
9648
6505
6984
6638
4339
7841
1018
8445
5141
1835
1091
1854
2076
1406
4752
4759
1890
9127
5474
2569
6441
7508
9926
2803
8029
9531
1046
6582
7278
7459
2274
7586
251
8870
1608
2983
2812
4702
4504
2136
5294
6757
1941
5468
1574
3865
7101
4885
1454
4144
4634
3258
7716
9169
7760
5492
4823
6592
9159
4515
5575
5772
288
1791
8539
7644
2406
135
3448
5914
8775
5944
3048
9768
3634
8056
2209
9230
758
5396
1839
8455
1354
4241
7874
6519
906
3834
3094
6488
7403
2196
2830
17
1923
5573
7863
889
6254
3884
7985
3051
2170
4533
4783
2284
8293
3596
647
3372
4631
9917
2878
7759
3234
9941
9463
8163
848
2539
3091
156
9725
1992
6493
3171
7320
3297
1861
1060
9474
8619
4229
4319
4733
7035
9970
1034
1245
8604
372
3813
6028
5603
8371
7786
5130
6420
9745
4022
2791
6143
6103
4724
734
3084
7455
4904
1367
1598
5729
7530
832
9731
9004
9831
5787
4507
9291
3430
7660
3216
9019
3100
8640
6762
5040
4837
9309
7687
9699
2337
2303
9190
6911
1818
9081
9546
4401
1524
9555
2043
5790
5489
4757
9924
7844
3345
559
7258
2577
4441
8097
8948
9902
9193
9231
8947
6290
1788
3270
397
9094
4429
1186
4541
3266
6063
9582
6149
9023
2661
1864
7004
9042
36
8988
8489
1359
3629
314
1484
4475
4992
5854
236
9388
4901
6671
687
4866
4381
8663
5357
2288
1950
5642
4008
7464
3514
4101
2897
5980
2614
9288
1610
4374
5670
1841
7703
3975
5788
3101
8678
3913
1408
1106
204
9613
939
1738
5707
3375
9017
1723
5482
6509
5274
2648
6783
8825
3743
2783
1735
6610
4337
7476
583
9207
8869
2993
2811
8168
1971
1166
7008
8137
4164
4836
5576
7472
4354
7329
7152
3585
839
7999
1483
9419
3092
9568
5988
4497
4587
3498
9057
1614
4742
999
8799
620
2367
1999
7116
6067
340
930
833
6344
370
8934
9294
3681
727
5442
8194
3801
675
1594
3777
5195
7493
9492
1565
8345
1990
4931
4320
5805
1349
363
9170
8177
6442
4062
2060
2966
5220
4114
4704
8217
296
3901
1012
189
2184
1645
3062
9569
7989
6822
5446
4479
4822
7604
1238
4929
2203
4482
7237
2833
7961
3368
6632
2801
2305
8270
1206
8165
9299
1374
2540
5993
4009
2359
2162
2528
7442
4331
5428
9658
9464
2589
1717
923
6443
388
2166
364
8246
7009
91
322
5247
9919
3798
14
9837
6364
2392
3210
7577
7299
6440
6588
136
4040
1571
2669
5021
4272
7628
3694
2128
9338
2328
2277
8176
2761
3929
8078
207
2346
9098
6250
3246
1006
4100
8545
7315
547
2382
858
2941
5671
2911
1223
8301
6708
4540
7790
7933
8035
8921
4875
2302
3602
2923
8221
4555
947
2634
9784
4284
4220
695
175
359
7768
9993
9253
6331
9407
3058
1618
6238
371
1430
5745
3347
2771
279
699
4018
4737
1072
1187
7691
8493
3120
4157
5855
2034
777
1889
1480
5994
8801
7272
8809
5953
4377
942
7232
3419
944
7904
7719
3565
9710
9532
7658
8231
4459
73
5503
611
2308
7070
818
4517
603
6805
2211
8728
43
3142
5804
4431
5579
4421
6102
6164
2886
3935
7752
4242
9140
1938
9403
5689
7457
2368
5184
2474
7774
2942
7591
8954
1029
890
4064
6464
5209
6363
1551
9629
8976
9673
1463
9954
2185
8950
7936
6809
7374
9502
6421
9208
3932
245
9121
3877
4333
3897
5013
2734
3885
5949
112
7808
6544
3261
9506
1650
411
1357
5571
3740
4329
1425
9441
9799
6047
9590
7241
569
4835
6163
8659
178
1977
6689
1436
8922
3527
7141
4711
7044
180
8730
8346
2951
6997
9238
3851
9195
234
2134
8973
5312
9236
8832
8837
5260
7402
2861
3917
2978
6527
8509
4530
3800
6634
553
5540
5572
2400
8191
8782
8369
8403
5566
8717
3500
7964
590
4699
2571
3163
9264
5663
9365
7596
6291
2232
3309
471
4167
5183
5417
4351
2002
1842
7268
9596
7212
3976
6365
3116
8156
8472
7318
5289
8855
4266
1462
9325
5119
7097
3734
4586
8377
4910
9767
4264
328
9847
3509
7792
4120
1437
1572
4341
8680
8054
7757
4607
6554
3085
3145
3409
3472
7190
6905
2269
2429
873
594
7728
5136
1870
8320
8931
2965
9011
2444
8814
632
8818
6862
4175
1624
7919
560
2684
9608
7368
1539
1833
3942
22
7656
6092
6192
1059
6345
9102
4268
8277
7677
5550
1517
3873
7419
7902
4143
6128
1264
9323
1011
5865
7799
5532
1510
579
8701
5062
9802
8355
102
467
8783
7217
9454
6489
2012
1095
4506
8848
678
5885
3912
1636
7635
1635
9367
6338
5813
3810
8891
7261
9556
9669
8907
2000
6923
823
1395
3847
5526
6066
3570
7670
9360
8757
6138
4797
3405
4943
5198
8359
5324
6307
6780
2080
1190
1119
8106
6808
946
2420
1844
1960
9297
5074
2427
5863
2201
4297
5964
6033
7941
4146
5945
5429
7623
1139
7269
1164
4821
4434
7073
7041
2254
1996
7520
6109
3306
9458
7106
3284
3365
6851
2653
4850
4259
7706
4593
3604
9905
9953
3521
1234
5979
7570
6667
2696
5834
2866
5410
5204
612
3802
1266
1410
557
9409
6165
8608
9894
3325
1725
817
3130
4965
6032
8854
4136
4409
1671
6206
5343
4478
3601
4265
5858
8991
8674
5686
7701
9667
7367
4663
4921
5708
253
3017
702
5258
4898
4860
2137
201
3139
5557
8085
8310
6078
7918
6211
597
7560
6726
8534
8744
5720
1268
8278
7780
9077
1625
1452
8361
7913
9396
5138
5656
2055
9277
6742
2888
7314
5241
8585
8154
6748
4705
878
5942
5191
2097
6912
1689
7528
1230
5107
3974
1375
2460
6868
7983
4403
5031
6187
7150
1504
4235
1090
2642
8473
3552
6113
420
6612
7744
9374
9824
1708
5866
6170
927
1050
8740
7336
1103
7663
1821
2855
7809
3357
1251
7016
7430
9787
8174
8046
6461
184
8675
404
1765
4695
5304
4288
8312
4577
5413
9261
7264
3288
8712
8889
7632
4315
9076
9932
6159
4435
3442
9645
1651
9530
6353
5692
7897
4612
7280
9191
9256
7949
5873
5939
9145
6366
3682
7312
5356
7323
4163
5128
8186
5296
6692
6229
4398
248
2075
3990
9522
3128
4166
2253
6479
8521
8975
6560
7069
5583
3239
9985
4279
3747
5015
5881
7899
5211
2630
2775
2425
3779
6517
4325
129
7028
9496
9183
1681
8959
1983
8441
2304
6447
992
2688
3170
2379
533
8746
1107
2869
961
1173
5757
484
7027
1917
733
4846
7599
9943
869
4161
3674
2815
5311
167
9175
8323
8980
2980
4853
8413
932
1887
9006
8741
2870
9179
2052
983
6380
9028
6020
9660
4782
9075
608
2821
8810
7273
6105
8897
1239
663
8627
9220
9605
3056
6842
6508
98
2629
1525
1102
7629
9227
3502
8348
9927
8638
218
6999
5332
3829
2757
3535
1155
5110
3533
3903
3888
4886
5509
8527
3143
1554
5551
9741
9756
2259
548
1486
902
2377
778
6093
9808
7310
5888
6233
1101
1129
4773
9113
8341
2229
5554
3205
7865
5937
3460
2478
2904
5766
1531
4277
6858
3307
6621
941
6099
8892
5099
3473
5613
3446
6764
3900
3262
5860
6865
4915
3774
2583
750
5555
9687
8257
1726
5545
3607
119
714
9883
8716
588
8968
8767
9834
8109
32
1478
4247
1306
7573
7849
1538
5781
4758
7763
6487
693
8362
7955
103
3296
9168
9217
4970
4353
4257
8351
1302
7067
9237
4716
3484
2593
5924
3021
5318
6928
6024
8698
8770
6966
294
4455
7391
1489
1424
4727
1885
3608
5014
4251
8225
8307
5325
8849
3797
2047
8410
6060
1426
5408
1613
1605
1355
3066
8475
5100
6117
6823
5909
6931
1224
4794
6370
2665
7524
298
1549
3353
3475
4231
3517
8719
9529
2456
8762
4355
5605
4292
4996
139
1693
8429
5703
8858
9963
2102
9779
4881
6720
3104
2240
6455
2719
8918
2353
5265
6550
5037
3675
4606
6252
8228
9838
7179
5738
3152
4769
4098
6921
7944
8683
8438
6303
6992
4994
8787
3790
2818
7828
2598
6006
1475
8209
1468
7135
9692
2236
7932
1440
6449
7436
7600
1579
4802
401
5441
4382
9327
94
2213
5691
4926
4314
7424
9125
9635
9331
2188
2960
2649
3827
1961
3495
6616
5742
7466
2212
134
6426
1919
6551
7544
2023
9152
1111
7226
9617
6964
507
3744
1794
1936
7109
5591
7145
6897
3177
5675
9242
3047
5270
1963
3387
2972
1820
1351
4234
2601
1940
6967
4177
7184
5537
2405
51
1299
9966
7851
4072
8861
1315
3315
1520
9656
3045
2404
1149
2526
4428
4225
6821
7805
9200
2324
1799
3784
8664
4023
1070
9863
6368
805
4556
7103
731
9549
2107
1379
5397
8742
5983
319
5405
5281
6670
8874
3683
9785
7640
7428
5286
2640
2772
8380
1485
1878
2945
9668
870
8864
7406
4824
407
137
3947
7142
215
9137
2955
4014
6814
6618
8332
9043
1257
1254
9539
7908
7673
2217
3150
7202
2753
8034
3673
5322
1270
6676
5277
6323
2715
2590
7096
4895
6794
161
2245
9444
37
4270
759
9841
2709
2165
7346
4343
4784
1328
8094
2011
9097
3124
5355
1124
5240
4438
3575
1640
1156
7128
356
8218
9229
2342
7416
8553
1813
6672
6324
7115
2902
1172
3251
1563
9224
742
2954
669
9281
6065
2202
5221
3766
5002
4580
6949
3434
2278
4763
5496
4734
4665
8175
4477
8635
9755
7652
4042
5685
9182
3292
964
2365
1947
2752
4465
31
162
5962
2453
7400
8575
9385
6119
338
843
3516
1232
1926
2414
922
5213
9252
6264
1626
8385
3657
796
3554
5812
7916
589
7727
5348
8152
8279
5363
7558
6646
5382
38
5163
1580
5048
8927
107
3422
2650
715
1109
1747
5819
6120
636
8135
2028
3426
6486
9891
9788
4027
4361
4250
7572
9621
7089
5170
4521
9088
6665
6297
8850
2416
8140
2109
2393
5109
422
6434
3437
1934
9884
7496
2338
5036
2625
7133
4246
3785
7275
8577
8456
6920
8401
3792
149
6147
6936
2208
1360
3275
4129
9488
1063
5666
8124
84
2031
577
3814
4474
5298
4363
169
4834
4891
6803
2711
9335
2927
6453
5060
1590
791
1631
3389
5797
9566
8589
5732
2652
2712
7816
3291
9059
5599
9295
7354
3141
7100
4654
2676
8448
9307
550
4718
1009
3020
1756
3977
3031
313
1340
406
6938
7338
9314
376
9934
1560
6107
6769
7363
2800
416
7411
7234
6738
9177
111
5601
3965
3304
9972
1281
8483
4750
1216
252
5389
4034
1080
5664
7362
1377
4013
439
4565
540
9662
3253
2518
3842
3081
1898
8295
519
6731
6379
9055
1185
2309
1404
8490
2064
5801
581
2206
7409
8873
7850
6576
6714
3072
5712
6929
7456
1310
2816
7537
6968
8841
317
8665
1591
1884
3454
6124
7308
7739
2172
6425
4558
5152
2364
2239
7266
8735
384
4826
7360
4094
2160
5569
3978
287
482
4400
3456
3007
2986
4972
4044
458
522
500
4304
8952
4709
8185
1707
7697
8671
4630
3471
6626
461
4847
235
3244
7675
1493
9487
1356
7117
9684
8004
2639
8884
150
8613
2891
7127
5011
6249
6599
1305
5553
4207
9030
1175
1705
9676
9316
3323
8408
39
1676
9636
6656
3217
2246
4812
4237
2033
809
1620
7975
8804
6199
2658
7699
8667
6695
5106
4196
4714
3736
7042
3436
2512
4295
2535
531
7215
5250
5273
494
7954
5767
3003
4045
6827
4139
2754
3090
444
7201
343
1535
5890
6594
8732
8817
4020
1249
1658
8705
829
9614
5741
1311
2126
1680
6853
9358
2751
4011
5423
5938
7609
4347
2745
7678
1064
5519
6079
691
6664
6018
5698
104
243
1607
606
9922
173
657
4979
7282
5103
417
71
6645
23
3661
4925
9700
7541
1589
4189
8000
3099
8996
6390
3636
7882
4578
3595
105
595
7986
6210
5252
3667
5372
4132
3440
769
1683
1352
5118
8758
8189
7614
2935
3693
3488
5533
683
1385
5699
1319
1250
673
5415
7535
2531
9109
8014
6557
4091
5636
591
525
3746
4289
4370
9520
3190
227
8554
2106
6311
5680
7945
8322
523
3201
5975
8409
1002
3198
9047
2448
1445
4736
46
1435
1225
4152
9489
7247
4778
8132
1969
7987
6127
862
2249
3934
1712
1401
1876
684
7580
4549
7029
1543
443
3274
3981
7745
1442
2127
1931
2758
7479
3593
9438
4622
3628
6915
4021
6533
3108
5064
7654
1775
4019
7408
9637
7322
9155
5003
8912
2576
5085
7946
9364
3794
3987
7434
4291
9132
7824
9139
3213
3566
6330
2644
6641
8546
8073
3482
7020
9426
3621
9493
1443
9543
8872
856
8551
5951
4142
797
8459
4282
6776
7483
9618
2455
1932
2720
6150
1218
4348
4065
4472
1448
9777
725
3742
8878
5235
8586
8337
7597
2266
8852
3998
242
4681
1769
5443
8311
5560
7081
9862
1600
8949
9933
7224
7259
2331
644
124
7912
6262
6281
3564
3983
9100
2731
5809
6327
9973
6677
233
4723
1906
5295
5236
4069
7159
1184
5604
7980
110
6171
5018
9801
8297
8933
4485
3289
2176
4089
3546
6396
4543
8104
348
9791
2759
8007
2141
607
1324
5547
6183
6644
640
2829
7497
8291
8232
9386
8914
8843
1331
5957
8942
2554
483
8045
549
5748
8049
8420
8251
5936
9708
2607
834
2920
7681
8112
5643
9948
4941
5052
9129
62
3816
8288
5377
6919
9510
2742
4481
5338
20
2093
7473
122
3844
9864
2471
3162
9848
3553
183
921
3646
8125
4357
9380
4608
8887
1798
6213
7276
9625
8400
6257
7736
877
323
3321
3862
8632
8491
2450
7240
4765
9747
3417
5559
9552
8027
6571
6457
846
8945
9623
2362
6635
6989
238
2858
8254
9435
5483
5625
774
5754
7619
6038
226
8324
5019
9425
5190
8900
3890
2081
5087
5425
8229
5879
9166
3230
6754
2766
6789
9909
3528
7414
9850
8110
993
1467
1288
6470
5424
2953
8064
383
160
2479
1727
7998
1279
664
2863
5210
1843
4959
801
7948
7997
2142
4913
1221
4261
6287
2967
6761
7862
7655
1045
5534
6751
3883
342
8598
8381
9221
2774
4182
8851
3154
3363
5734
3812
2527
6587
6737
9065
1183
9910
6014
4511
28
1174
9244
7033
9989
7371
9570
9518
7615
8615
9805
8467
5166
9677
4037
2394
5982
6998
4807
5768
9876
7194
9108
9547
7429
701
4145
3408
9218
3783
6499
7032
7781
3839
4845
4771
2264
3411
6766
3276
665
2396
8003
5961
1975
7953
2683
5117
6459
2931
4489
524
6054
4924
2638
4466
68
1584
7460
1112
9296
337
5506
3526
1413
9889
3659
6494
2622
1444
264
9634
8904
8535
1513
711
4184
981
202
8122
5084
3390
6698
4869
4908
1967
8643
7924
6467
5404
8729
9422
6974
3926
4544
7399
1179
6225
229
6654
1209
6026
5761
8576
9350
6337
3073
9005
7934
4213
7486
4179
9041
5829
1427
7364
5072
8761
9962
9138
2073
3875
7480
2876
8649
9279
499
2872
6954
1145
514
2144
7845
4755
4147
6894
2785
545
7381
3745
3395
8899
4974
4674
7283
1227
1819
3238
5727
8512
213
9472
4787
1259
4407
2786
2227
5306
5500
8057
3600
8356
7054
1283
3805
1652
7018
6219
123
4574
8532
8304
7866
3818
6688
6009
1759
5903
6979
6289
6804
7361
3146
315
34
8146
2086
6521
8424
1261
185
3010
5878
9186
3155
4927
362
9433
6462
5497
3366
3188
7665
9858
6744
6871
5502
9559
1423
1368
9689
5987
6144
5893
5619
2919
7554
176
449
3462
8053
3652
344
5249
7771
7394
5739
4505
7755
1353
290
5552
1383
1568
957
7540
1152
4406
6268
8803
2252
4594
6475
7470
8498
7305
7877
219
7525
3245
8205
3271
3227
3787
679
1411
3724
3420
6148
9860
4456
2603
5272
1409
6085
1284
7746
1136
7754
3298
8951
2313
8187
3504
5902
6375
9035
6513
2356
4960
2112
8211
3874
4539
4780
2964
3545
8929
3835
9538
887
5113
9956
8688
6993
5695
8834
1316
4563
8558
9842
4468
4551
9348
9976
2739
5991
9031
3536
9567
9010
5007
3906
6019
72
6607
9861
7772
4375
4673
1945
2564
1696
9379
1965
5894
8269
5715
735
5173
6741
2099
9346
2132
3219
8676
9600
2067
2071
6566
3054
1657
8669
4798
2297
6660
510
3539
5850
4516
2431
3791
8901
8840
8292
6212
9308
8266
3314
2822
426
1881
6273
2497
4639
8096
2613
9790
7119
2741
8609
775
2312
4710
400
3963
3525
5646
5418
2133
3651
5640
9082
6604
2419
1548
7229
7499
5041
4918
6867
8894
8896
6637
747
7842
8785
3040
9607
8766
7454
7037
4747
5868
3318
1400
4538
8584
3441
2439
6160
2900
3458
3941
7021
9959
9703
5267
1146
7168
6410
9420
6523
719
7382
8031
1162
8227
881
1733
3699
8753
9986
8500
1507
395
7506
9198
7795
8261
7568
1125
9275
4982
2265
6829
3279
2087
7784
1263
4362
6955
4317
3486
3508
5155
2594
1910
2413
2695
4971
6343
9368
7636
7995
854
6647
764
4376
6029
2763
7901
9162
5539
3731
9144
5280
8446
5008
5652
6785
7729
4461
6013
4703
3853
9833
8637
5700
4057
2499
7914
2046
1826
4155
5714
3891
6403
4373
5023
578
4176
6982
1840
5315
1061
5401
7653
8486
5941
5952
1075
5770
8157
2930
4944
7390
2173
7641
685
3396
5223
3418
8520
3344
4239
6535
4732
4878
5097
3153
9908
70
7553
6497
9724
1757
5728
8329
1420
3910
9616
7372
7309
9289
2082
3469
1762
6309
4689
8697
1998
2220
562
2511
650
2637
4561
1231
5230
912
5543
8139
1937
3700
2674
3374
8537
2415
2079
305
6401
8540
8159
5921
7579
1871
6885
736
5722
8083
977
5517
4719
1177
9897
1903
9320
2025
93
2998
6333
798
709
6064
451
4226
2373
7114
1637
1858
5910
580
3126
737
1874
6702
5180
9868
814
2864
4670
2036
3036
5167
3494
4244
8283
8476
9429
5231
7741
8673
6319
8432
9334
54
1007
5068
7291
9720
1441
6490
3544
4568
7175
2802
5498
4068
1473
2375
3887
2572
5731
7854
7931
3041
4683
5769
2807
8244
1659
1099
330
1555
4625
8910
1181
4611
4217
7848
5690
1058
9250
8469
7911
4599
842
1407
6071
5637
9723
7775
800
4095
3322
700
4867
6617
186
7671
5194
6861
3006
4601
3823
9809
2570
9829
3194
6615
4252
8115
4405
6655
3121
5978
4209
9537
9763
8902
4476
7950
8044
4287
205
4124
2348
908
2423
4744
4572
9716
3324
63
4216
7492
4680
5414
9001
8263
5228
7532
638
8690
4109
1487
8499
1573
1547
6722
2062
3923
1556
4384
6283
6433
4067
765
7104
6205
3340
9070
7637
1892
7091
1381
3431
3946
7694
8338
9595
793
29
7468
8065
2756
4609
7879
3860
4775
491
4934
7337
8147
7804
5826
2926
132
3336
980
8303
324
7164
1456
3513
3176
5522
8060
9754
2483
9609
1415
2154
7608
1438
3838
380
1271
4446
4529
3928
6691
9329
6247
1267
8813
7929
5662
2662
6844
7651
3089
6106
9714
7812
2430
1514
3876
9844
8736
2736
4212
347
3055
4365
4316
3735
8656
464
4399
5431
8587
2789
1734
2768
3113
1240
9390
1673
677
3721
7521
1273
5353
1846
2358
6483
5596
9586
8670
5126
5120
7616
9486
2243
6946
3531
3212
7284
2463
8662
2057
2938
4258
9535
6328
498
8504
3115
2270
3429
6945
1192
4520
9896
6485
1033
452
3313
5133
9161
4774
6528
966
1661
58
4590
9571
6899
4725
7631
2656
799
4597
7723
2204
2999
3125
2018
2619
1214
5744
7153
5906
3232
8941
5684
2678
1783
6373
8800
2053
5654
199
2316
7481
198
3005
4942
9562
2994
5045
2363
9401
9345
6575
1051
2729
6418
1856
2513
2215
6040
6729
9508
4195
7023
8655
3209
2725
1466
5147
4074
3180
5303
1169
6684
8354
9375
4569
1537
3302
9246
4858
9653
4115
3555
3584
5237
353
5882
4118
4604
9339
8492
940
5669
5549
7626
8802
195
5479
9089
2704
1397
9130
3649
4741
4804
2143
2139
9209
9681
2088
3135
9654
9930
7223
2022
5929
2502
402
1816
7385
6157
1739
5079
1806
1054
4764
232
2351
4532
3402
1973
8023
6315
7588
634
897
6788
3406
5661
9408
1811
2981
2199
991
9702
3706
5542
830
1706
6422
3369
1643
9914
454
3956
4154
81
3158
7213
4793
6204
7818
5185
529
820
6329
6248
8196
4298
655
6503
9032
5334
4174
5725
1082
3069
2193
9892
5478
255
1341
8435
3748
8071
2491
8943
9732
6239
7187
9873
7189
976
3136
5111
1718
5884
8611
871
4573
5394
9865
3549
3519
2824
2717
4993
1893
6003
1043
2714
5861
3592
2901
6141
6146
97
8300
247
6
2702
828
5365
3723
9431
1994
8992
2111
4281
7634
4487
5444
5121
8560
7837
5753
1697
916
6335
9024
228
2401
753
7301
4552
5627
1827
5487
6694
1008
9286
8066
3755
5047
5694
3915
5514
4777
4321
5388
8461
1116
5179
1372
682
3384
9551
6836
9428
333
6411
9503
3769
1161
9263
5284
2399
2595
9383
7981
2819
6235
1138
1949
2722
2121
53
5472
4392
5313
8433
6972
6312
3268
8274
9355
6572
5232
453
5399
5234
5824
2580
1623
8875
8786
4871
7170
3520
8917
7012
2626
5808
200
5955
2834
7822
2481
2191
771
9738
515
2150
4310
3687
7630
2189
2366
2875
5764
3678
7441
4070
3871
5516
6272
5239
8405
4813
5104
2091
2016
5795
9050
4066
3416
6710
6088
2026
8871
5291
8136
7598
9437
1365
1204
717
8752
115
501
7238
5828
9770
952
7511
7517
3728
9449
3493
3161
5251
2929
2164
8407
8768
7773
7791
5997
4102
7803
4566
3707
3840
4444
7519
5985
9040
4462
4436
6518
2831
4454
7592
4843
2205
4451
950
518
6669
7543
390
5763
8308
3680
8961
3259
7667
5395
5174
5621
3242
1321
8478
9212
8447
9804
4137
7218
267
1546
2950
6687
5911
6154
3613
7478
5328
1361
5743
7204
4657
9519
7022
4955
9826
7952
605
8654
9516
9815
4745
5419
7564
633
5525
9303
7758
5186
7509
2475
2584
6782
1795
6269
3478
6690
5321
8687
6352
6007
6196
4905
3042
4397
1737
3492
9949
9852
4832
7356
4510
4973
6991
5193
2973
913
1248
1470
172
8623
2820
4156
2069
5999
2295
9589
3803
9300
4919
379
5523
9916
7903
7695
9154
7659
4907
3846
4185
3349
5521
95
641
9740
5484
7620
8990
8040
692
9564
2124
9938
8523
327
4537
4290
8778
7144
6651
2049
3063
8370
7834
230
6985
320
5974
9395
7195
8349
9717
8559
7881
9931
7811
827
157
8386
3480
2924
4243
312
2749
3327
6110
1141
3026
350
6286
2255
4957
7896
6530
2015
7855
311
2216
2418
6125
9890
3137
4701
7876
3192
5143
3857
2163
434
1205
425
7921
9856
1338
2689
1753
5724
2723
6267
5701
6080
5288
5546
575
7317
9394
1412
5067
8533
1908
4827
6175
7557
7891
9234
6882
3096
6428
8481
5034
616
2125
6953
9762
6258
8105
2746
1023
8051
7647
2381
6098
6960
9979
4620
9085
4805
1758
7884
5140
4378
4859
4893
7542
8255
2115
3573
1193
1014
2663
7819
9128
3624
4183
840
3943
1189
4671
7345
2257
5693
6454
2976
3024
9439
8957
8905
8755
8605
6246
1303
4075
6348
3123
7551
5086
9462
4267
3677
3103
937
772
2135
2814
7014
5287
3016
6255
2991
6190
705
6188
5017
4809
1004
2586
1501
6263
8215
4141
8628
8062
2846
7832
1732
4502
5874
3936
8072
8252
8885
6008
7084
6879
4112
8367
8600
5473
8983
6699
7878
5269
9736
6562
357
6779
3112
2534
2957
4090
4633
6118
2578
3948
3761
1951
4149
1647
8601
2726
9172
749
9178
4307
5371
6600
8458
865
9853
867
7714
4897
9688
3050
8763
2961
4790
9780
4063
7263
1792
2732
9298
6818
3457
9389
773
6151
5480
5462
3316
6539
582
3243
1561
2558
159
4180
1774
3078
3776
4050
6716
8510
6620
8642
1634
2275
8724
1122
1834
7423
8547
2500
8789
8121
8070
1530
1544
8972
427
6156
9312
9783
3380
3909
8827
7751
1291
2827
8387
5803
6888
8001
196
5347
4432
1280
7095
3843
6095
1307
6707
3224
8868
1105
8
9587
9460
1677
3033
3808
4740
8390
3939
4868
3122
808
8394
609
9679
812
9698
2794
5406
5108
509
5178
6834
5114
7451
573
2490
6977
7475
6723
1394
2380
8419
368
2562
9591
177
1924
9157
8711
9626
7965
7002
4150
208
8098
7959
3770
7040
5051
5398
8048
2293
8650
1612
6948
6501
1970
9638
9627
246
963
4730
6826
8784
958
3670
9845
151
1782
9800
1995
6609
4222
5611
4383
718
1236
8319
3882
9228
5889
1536
2541
8788
4660
6640
1838
653
6043
5245
6625
5880
3167
1755
8372
6059
2098
2894
967
6358
5465
2909
8207
7474
96
9548
9171
3708
197
1694
1552
8709
7397
4368
8041
7209
8358
6900
140
92
9982
9468
1695
3076
393
3034
8616
306
5333
5918
194
7967
3247
7814
5058
7387
5169
7015
3490
9197
8995
385
712
1366
2949
7621
3065
6755
9104
9935
2286
9640
1258
2691
9727
5822
360
2793
4390
8042
8700
4554
596
7892
5096
4987
9062
8658
7627
6100
2970
2462
9284
617
1300
5038
8760
1633
1752
5752
2370
1716
6652
5635
3763
566
4648
2568
8543
1822
2553
126
9906
8830
6715
5840
1865
8118
891
5224
7351
5262
4900
7990
1036
5383
615
2507
7821
5368
6843
8794
8838
7994
5359
389
6265
5896
9664
9563
6873
1604
4480
4729
6176
7304
6402
5181
52
5598
2544
7036
2587
2321
2727
2646
4379
1494
1692
6030
8581
3880
7547
6585
9649
5282
3856
3030
4153
3950
9733
2161
8375
4542
9951
3060
7490
917
3319
9248
9711
4324
9466
5212
1740
7254
3046
4122
9776
7001
5759
7313
6429
9071
1503
3837
5456
67
552
9258
4271
1505
7726
158
9739
2493
2740
6825
512
3131
2171
6633
4349
8835
2784
874
2437
8282
2778
3547
3804
5848
12
5968
1691
824
5565
6021
6296
8516
9960
3285
5989
3692
7778
7732
293
2681
456
8414
5548
9988
8235
8966
4224
1797
6516
4273
7231
899
365
7923
8430
9579
5387
3719
2291
8388
3070
544
807
479
4501
1092
4536
3666
4873
7118
7823
6083
989
1188
2242
3966
4649
7533
3587
9046
1482
1805
153
5337
8169
6675
8183
6432
5176
2508
5585
8222
5867
87
4051
5301
7031
9911
938
8621
57
6856
9885
626
4445
7883
4863
9240
1760
8738
7489
5730
5590
1688
8086
2007
8134
9434
209
5678
4358
7531
9292
4661
18
4815
171
8795
7358
504
5331
2114
9540
819
5081
8192
2476
7942
4199
7056
5751
9674
2832
3359
803
8431
7871
4692
4800
986
599
3577
8302
7504
8402
745
9647
1432
7624
7049
8862
1750
9929
9143
3930
1308
7413
170
5875
6316
6097
2494
2006
2214
6950
5124
9500
8594
6111
7228
8321
7743
2008
7163
7198
4197
1038
8063
1165
2890
222
3263
9072
4058
4471
2750
2281
9341
6876
7789
9642
948
8839
3080
853
447
2329
2853
1597
5614
6374
5075
8276
6048
1882
8722
656
6797
2657
4676
5426
5778
2207
9836
5374
3866
6057
8180
8790
7664
7676
441
2988
8984
2628
9918
392
7461
7225
9870
3713
9135
4107
2616
757
5827
7188
1068
9816
4087
6226
1115
4903
2292
9705
4840
3921
9219
9452
3474
6023
2692
4952
5777
3556
3653
6906
3576
4260
784
459
8529
2343
1157
7169
3895
7463
7349
3282
8881
7438
4946
8519
4700
8015
5996
5842
3337
868
2119
5940
851
5148
1297
1721
5411
5592
3015
2701
291
8610
2078
9797
1151
8568
2485
5810
2686
5129
1212
5203
2921
5617
8815
8750
6922
6613
6354
2914
2898
5634
4675
3841
2893
7807
9194
3388
6545
8960
7617
5285
2195
4690
4230
211
6222
5039
7233
876
9142
9326
2575
8158
642
7396
8853
8463
4043
631
8926
7064
988
811
1690
3729
5934
2559
5256
3695
49
521
9494
2632
658
5799
2892
141
6910
9913
4110
2108
4721
3144
3352
8793
9580
2123
8552
2039
487
1509
9652
7355
7378
6394
9165
6697
4015
9810
3507
2813
8061
6679
6777
9002
1588
4940
9594
6302
6973
3563
2361
9528
9478
4301
3972
2094
3505
9251
6153
7713
2226
9283
4748
1476
5556
7488
8807
537
2120
8549
8250
1108
7469
9854
4105
7962
3414
7642
3008
5243
9304
1665
9726
3237
1289
645
629
2915
4408
8082
4884
2809
7940
7158
1143
6108
4131
7859
7798
7155
5012
6448
9643
7077
5392
1606
2317
2158
792
6306
1766
7838
7110
7943
9026
6990
3988
3679
2849
6583
9417
7300
2925
1453
4430
9792
1930
8364
9332
4643
7245
9534
3277
8620
925
8737
9336
3382
2301
5930
5339
3991
3767
3133
1346
5960
7453
6909
285
5016
8336
5650
5222
5360
7510
4460
668
3863
4171
35
295
1262
9495
5950
5895
4978
9904
9405
5416
9706
1416
1784
4610
282
6034
567
85
2271
3855
7082
3954
5630
4838
723
9830
6310
7973
7545
4849
9084
2169
8859
8201
2041
7307
6514
3953
3249
4582
7885
2200
7571
7124
6132
6288
7748
3633
9273
9124
5648
2454
1388
4679
3053
1685
1577
3959
9690
3184
2272
3817
5844
7328
262
9107
5774
5815
6194
2466
2374
6221
8865
3331
2131
9961
2258
9751
4359
9701
2939
8107
1581
1200
7710
331
7611
9633
3961
2354
646
9514
4283
8142
1362
2376
3579
7930
6580
5825
2867
1804
5756
15
9612
7059
3845
2610
7977
1110
6963
9418
8143
1687
249
9807
3004
670
7717
2501
1244
1847
5000
5623
6474
4005
2515
1073
502
6584
8502
6639
1722
7039
7251
4130
6558
1491
7593
9311
3303
9823
5508
6393
6274
4880
3599
5057
7440
1957
3028
8317
3630
2335
9880
6606
120
5076
3937
3339
6820
4984
1848
6383
4103
7050
8923
2560
1868
7151
4330
2767
5409
5139
2482
5486
6721
8179
3455
4366
5216
1933
9766
6481
3997
4111
6301
9078
55
1993
7957
7937
321
442
4012
3373
1742
7253
9249
2907
1506
3370
7183
7733
2962
4415
7992
8779
6932
5688
2848
3151
8561
8863
1566
8102
4121
9721
3225
3574
7797
5093
9369
3872
4395
9592
1460
903
9356
1391
2883
5870
4097
7221
4238
785
2591
8997
4894
1370
2318
3759
1067
1220
2442
4669
9476
9027
4678
179
6126
2836
3918
6673
6062
6839
4902
8550
2912
8013
7260
7407
5336
1550
3386
602
2084
8443
1048
9715
2997
5266
4342
3385
9593
4138
1902
2260
7379
1830
5433
7526
40
8100
5677
4233
5620
637
2543
8570
8756
4303
284
8327
1292
8720
8470
6292
3424
1684
66
9975
3789
1954
7926
3068
535
9509
4148
8836
743
8518
3676
6712
782
7053
9794
7522
6191
1895
3671
4605
9694
1446
2738
8599
3343
3644
9881
9328
1943
5851
1422
652
2122
7007
6193
5811
7765
8171
6090
6658
926
8113
2403
4503
7556
6077
6850
7166
9321
4201
3985
7412
4313
8574
1431
2289
286
4493
5135
4627
7563
610
5856
1562
6935
2445
783
5776
6904
9262
3697
517
2344
9485
571
965
6081
2682
1171
5165
7662
6643
3718
3476
3562
9412
1869
7334
4989
1380
2693
5755
6299
7410
1770
5001
4997
8602
3468
5137
2799
8213
5283
6574
3980
9517
2645
9691
7898
478
5297
3248
7740
508
4652
2486
6045
2987
2777
4958
7348
2782
7764
9828
8555
5954
3658
1771
7203
9116
492
6890
1392
5217
7605
3821
9020
5862
1065
433
490
1304
4820
2504
398
256
7705
6784
65
541
892
334
4056
4228
914
6496
6815
1703
3864
6185
4433
6463
4760
9222
6466
4666
1512
2409
5567
9402
481
1664
9971
5762
5046
8691
3612
2014
704
8477
4658
3260
6409
2557
3178
8689
6279
2156
6215
8791
5364
4883
7083
7787
309
5582
7330
6725
3993
8704
6472
586
2609
5673
6044
3949
649
9497
8829
8219
8162
9937
2627
220
5134
8718
7319
4916
661
3338
4035
7927
3286
1327
8079
9131
3655
1439
325
2306
5420
2140
5449
9683
2386
7191
721
7123
1989
7019
8517
1944
6801
9521
8017
9257
7154
6800
1434
6122
3768
6398
5053
387
381
6298
1194
1649
970
1867
2461
5253
9272
9086
9330
3423
8660
2310
728
4372
4791
8342
3712
3786
6810
1451
9846
7890
1077
3334
7111
6563
6706
9443
4205
6181
5697
8798
1005
5461
174
576
6816
6636
2457
2887
4713
5835
703
5471
1329
8986
8148
2320
7889
8005
1763
8389
8038
2573
6133
6961
5935
6969
4340
8032
825
9944
421
9707
8710
214
6318
2145
6452
6733
435
722
7066
4930
9484
3537
9058
9008
9376
3428
1134
7935
5160
1962
8199
1595
2319
7702
7415
3461
9925
2608
6510
4667
5142
8898
6704
6743
9066
4047
5268
1907
8754
7920
6614
7174
4078
9118
6532
815
455
794
6152
9682
5378
3203
3931
6603
8428
6168
3622
6360
3165
1066
654
3925
3571
3645
3231
7567
6241
3638
5427
6770
4937
8141
7267
3202
628
4346
5796
8507
9185
3181
4413
3364
1195
9317
614
5463
1053
3183
3696
7214
6696
6178
1479
7270
4026
730
6502
1952
660
9384
9276
7156
8328
9619
4440
4322
476
4761
2567
3140
3356
3782
3452
3542
3169
6052
7698
6413
6924
5948
1912
9366
4857
3825
268
5132
3984
2498
1246
6883
3698
1100
9351
5261
9818
7625
1253
2009
6243
7800
2157
3756
7342
6728
8271
8238
4588
9044
4656
6749
5641
3656
9136
3450
2294
6795
3273
2913
6746
6653
2432
4248
8542
1219
3741
643
7857
4911
4483
7092
2940
7688
3018
408
42
1277
4743
88
1669
1991
9866
310
4585
1114
6870
5737
9363
1128
4808
1069
7494
7761
3620
2219
5977
4046
8821
6628
5584
7649
8578
6469
8264
3543
3795
9955
3348
6456
8178
1210
7672
5919
3166
4126
8243
4203
3071
6970
1322
8694
4619
8376
516
7072
6216
8058
5845
3848
1567
1402
7972
5716
6711
2600
9247
8751
6395
6747
1309
7252
1120
6790
3561
8265
8081
5589
5499
6431
5305
5481
474
1208
2946
1815
4498
990
7024
5276
9204
8339
7143
5563
6845
5531
2947
2781
6840
2874
283
4626
6182
598
7365
2339
7311
3831
5437
7581
2004
6666
6419
2755
8764
9475
5164
6857
9974
5488
2979
5470
4464
4522
5366
7753
7005
7324
349
2856
463
2273
3971
5154
648
9995
7094
4061
6284
5309
1337
5843
6515
1670
8444
9541
5346
5784
9280
7682
2248
8879
6892
9878
82
5407
2707
8129
7793
5612
4603
1545
7293
8464
496
2730
2865
8259
7548
3663
4418
4854
3580
1988
4437
4862
6408
3189
5830
3117
9560
1785
5800
1094
7749
662
4945
4334
8684
9774
5430
8120
10
3280
2152
8501
8379
3951
9597
1447
1371
7715
8808
5199
6674
266
4215
1987
5832
9945
2664
2697
1159
4125
5687
3597
3002
3610
3264
884
8653
9051
6478
9467
5750
3669
1648
1429
9469
1228
7281
7685
6385
2548
8202
7279
5070
2333
9357
450
4425
4249
6763
9581
9491
7227
5647
7979
9
5933
1278
4192
3332
7136
4841
7648
4404
8880
3061
5029
8237
3632
9893
1668
5005
6775
1015
8967
460
7963
3819
2617
5806
9773
358
3328
9371
9820
8877
1528
3159
621
4059
5998
8625
4077
8733
254
303
2505
1163
8936
8224
8893
5238
280
9855
5257
1057
4467
9099
622
4615
8033
6207
2713
237
1793
5436
5227
7895
8562
7839
3196
5032
5570
5248
260
19
9990
9553
7750
8685
6941
9382
5823
5897
9666
8909
2837
7770
6512
6579
437
8391
3447
9742
2520
8350
4030
6201
5421
1498
918
6377
9260
1301
4870
7074
8024
787
7
1233
7038
2005
880
3269
7692
5926
4976
2441
4495
4686
1642
9039
6681
8743
4583
2917
1724
5846
532
7274
5158
239
3896
7341
6807
3511
9958
9479
9696
8596
3215
7582
3711
4833
9381
1888
1682
4187
3272
3689
2355
2974
5618
6037
1335
9196
7833
6305
6412
8378
8382
6538
5493
7731
3524
8890
2612
5182
904
2116
7858
9704
1641
2340
1966
8299
975
883
8692
7160
6750
8824
8442
6522
9663
9554
1646
5435
2843
9016
3515
1559
8706
1666
7505
6709
5511
8903
3059
7386
9343
106
6050
9759
5793
3702
5831
770
8867
9153
5255
8668
6451
8614
3541
2975
5403
3764
3964
5966
7222
4170
5391
3529
7485
844
9421
6812
1851
6978
5370
9615
7219
6553
4029
3753
7332
7707
3111
5871
8505
7938
4002
9210
3691
9045
7880
6511
2506
5529
7802
6802
8969
8781
6371
2842
561
423
2003
8978
729
3035
7303
690
3199
7555
2532
9477
6745
5597
6994
1047
8245
5986
9306
9946
1918
2314
9786
6055
4003
4629
8190
3705
945
6898
2167
2615
9267
6914
1629
915
8508
3503
7262
676
7500
9255
6622
6719
3754
2197
511
345
8290
2096
1
6608
1522
8826
9322
2237
9533
9857
9900
4202
6492
7974
7047
3119
8160
374
7120
7010
7796
9501
7447
6552
8427
9969
1662
9393
3685
3826
431
696
5434
6359
8281
3335
5629
181
6952
6833
1396
89
3132
1332
1674
9362
8993
7112
9340
7113
2779
5749
9672
3077
1741
8285
6437
720
5915
1252
2065
1728
300
7180
1154
1314
9324
8565
8731
3760
4990
6739
7788
1010
4739
3290
9806
1929
2051
4948
8008
2769
4494
5326
9036
8439
3467
8844
9750
4956
6094
2995
6596
4419
6450
5098
1615
8955
7606
7192
4173
6536
1901
2854
2175
1003
4951
7550
5144
788
8797
6995
2823
806
2937
2100
4799
6958
4092
5651
4385
584
3465
8573
706
2323
3868
3235
0
4600
465
3252
623
7657
2435
3329
8453
4651
3894
4817
3404
2299
9588
8195
2372
3240
8260
8116
165
16
6086
1275
5717
1026
8343
9912
7173
5833
1178
5376
1601
4706
8522
1778
6049
2446
3852
9991
4939
2517
3824
4584
2877
2624
5393
1130
9387
5335
6389
4085
708
8811
5080
8886
7820
8128
4396
1197
3407
1736
8016
7265
3496
6091
274
6177
5225
8421
367
7017
760
1474
1927
6889
2035
6282
1532
8749
2795
1282
8126
7181
1974
76
9344
9233
2509
2718
8220
1557
5859
9527
6648
8360
8915
4036
4496
7048
6101
4007
9525
739
9313
3228
2565
7388
6015
8981
7725
6051
9507
7043
3878
9599
1909
3833
6878
5402
2118
9646
5794
9761
5513
8440
2390
6819
9832
8962
240
424
8268
7515
1857
8103
5802
8144
5327
837
8693
1897
6659
6662
2618
7709
3185
8208
9793
5059
949
6752
1800
9415
6811
6320
8247
5970
2671
4717
3300
9622
2117
1883
9123
1121
8806
1979
8089
4559
2826
6568
8353
3902
5723
5574
5373
5773
1242
289
2934
7435
2387
3714
1880
4423
3870
7689
4514
9069
4033
6877
2705
4332
3586
2862
9056
9572
5010
5655
5254
2113
2733
2694
2021
6016
6880
3618
8412
6326
6416
7501
9103
9752
7065
4073
1369
635
2828
6236
4306
5606
361
3637
3548
3986
7107
6137
9199
4232
3421
1913
6507
1619
4053
9573
1891
5512
6011
4076
2899
5207
546
1093
4602
9624
2384
998
4613
2061
1237
2805
9164
1317
9270
8607
8164
6895
2104
8325
4698
5609
9192
5300
7256
5457
5082
8699
9150
5535
3444
5872
872
8454
8117
8958
60
4762
8792
3922
740
108
1418
1958
1656
2841
6543
4345
7182
4738
5900
4227
8067
8524
5524
6859
8686
7559
4722
6172
1196
2235
7516
2963
7099
4969
3722
3483
258
9202
410
7988
5706
6649
4874
3684
8212
2602
1667
1042
6933
3944
3583
8913
1318
9373
4712
6198
8796
3105
6768
2256
1052
5063
7502
5504
974
8272
7826
7900
3558
6556
2948
6435
1630
212
9163
909
429
2748
4312
755
6869
4685
6131
2550
9110
5995
3967
9090
5520
9235
5705
1398
6220
3038
1616
5004
8025
1709
109
2032
3445
5760
6918
3439
3572
9819
3226
9092
8182
4961
3919
6683
1419
9114
9936
9620
4829
4635
1745
2282
4980
847
6781
6663
8695
6436
4486
6430
9903
3927
2956
6713
3308
5747
6058
7947
6405
4726
1496
7431
5264
8197
5218
7137
5412
6962
8449
7255
6082
1872
142
9268
9886
6471
2159
5913
2179
3106
373
2968
8846
1287
4254
4082
8422
7835
672
810
6767
4210
5633
5349
7645
4452
4447
6758
8919
2244
962
2985
4938
6253
329
297
8645
4816
3672
1779
4328
4523
9644
5390
6837
2411
5587
4084
1274
7102
2285
2341
4488
1904
1056
3435
9764
9542
9915
9115
527
7696
7344
3233
7013
4781
8513
4352
7207
8101
2530
375
8404
7968
9333
9052
7157
430
4200
8833
26
6391
8977
3557
8170
4785
8682
534
1515
1024
3049
6251
3643
7575
1269
5595
1433
4393
2655
1976
1150
3221
2130
2496
7969
7565
9735
2436
7872
6570
277
4731
2296
6162
2146
2699
5899
6595
7350
3773
3355
6458
9148
7376
8084
7446
7193
9685
326
9278
9758
9895
8772
3376
1461
9686
9241
4527
5077
2906
7006
7298
7395
1500
3609
6980
9037
9601
5779
3757
2514
5464
2074
748
3098
4024
9456
2177
5206
7325
2426
7071
3775
8696
2549
8059
1853
8039
3992
6404
651
1700
7852
3378
4039
4499
3241
1488
1087
659
4735
3631
8479
6242
9117
9404
154
9287
5200
9399
9839
4985
4410
9760
4592
5626
5475
9967
1790
836
6223
8335
475
1521
9604
2516
7690
5958
4696
4412
3310
4344
9451
2845
2105
1384
5852
9034
7503
955
1632
9678
592
8515
143
2283
2327
1928
5659
7427
9319
8622
3214
4469
3463
5736
681
6340
1081
9899
5864
8021
5704
5361
8019
9713
3995
6619
5564
1450
3394
428
5317
6135
6012
4181
3320
2936
520
763
9424
8188
3295
1180
9406
5853
7420
3762
6275
1955
2378
4081
4967
7286
1001
9271
2045
3854
6925
1016
8340
2397
7747
4388
6567
3732
1217
2398
3530
1639
7243
4427
5908
1701
5943
3138
4672
5161
710
7939
6438
9997
6661
3197
3398
9347
2263
1824
910
936
7316
7831
495
3771
6623
7216
9223
6630
2438
8603
6901
8173
3305
3079
7295
5877
1920
5837
8289
558
1686
4879
7171
4513
5438
9378
206
8241
8318
4966
4564
4933
7825
2218
1533
9239
8780
2231
624
2868
2010
6378
3820
1558
3095
6598
3222
8580
4099
2066
6678
7909
3715
1078
9471
1583
2326
8938
1421
8253
2792
8514
6189
1653
8590
4049
4889
761
666
6756
2852
2737
8226
3726
2606
6631
4768
3849
7165
6155
6022
2198
3611
3952
1148
1837
6209
8114
2059
5992
7393
9709
8010
8273
5177
9080
1260
7285
3619
1293
2037
6369
2896
7235
3703
8305
413
7491
4300
9481
7146
671
147
2989
2721
8531
1382
5316
6084
6089
9416
1062
1040
5061
3013
8153
1596
5676
4473
48
2495
7200
866
5657
4932
9470
8971
6231
3559
250
2238
8769
2148
231
6200
3451
152
8374
3459
5263
6087
7721
4369
21
9577
5710
3532
8831
1702
4133
4327
5505
526
5494
1862
8908
7076
4509
6468
8592
7357
1031
639
7055
5290
8528
1787
5600
1471
1855
6161
9391
9156
9827
3641
5293
6202
1968
4424
5172
1730
2685
6112
7734
6002
2369
9641
732
2138
4168
3168
1117
8418
5226
8679
9293
3869
9498
1104
4776
4920
1964
6362
7711
2458
3052
5105
5847
8334
1202
5594
530
4190
3720
1518
6549
9603
959
1663
2155
4887
3427
7477
6916
2859
6261
707
1660
7951
8326
5149
7061
7220
9067
1609
4448
9757
4677
901
7432
3780
1339
2659
4106
369
3648
5515
2611
3039
5385
6926
8436
9459
9445
9947
1458
8457
5447
6740
8236
6855
4909
5189
2633
7561
9565
155
9513
6218
4158
5088
8856
3413
7484
6001
5131
593
8771
4618
223
5578
9574
3102
625
2706
3453
2072
6256
5375
3738
2371
1986
3148
4553
3466
4936
7063
762
2519
689
113
125
4017
726
9049
6114
2804
6025
1098
4819
5541
3905
2470
5201
1469
795
7601
5078
8363
261
9771
3206
3704
3940
3134
3958
6473
4417
8119
5071
2581
9796
7369
9928
8452
667
2151
3393
5320
4795
7518
2395
9436
919
2599
1679
536
4000
1678
8368
6537
7864
5990
4255
5622
2210
2054
8723
3861
1801
1127
5157
4236
613
2884
8330
4439
4113
1850
1199
6017
4293
4308
3908
5963
7418
3173
6260
1140
7704
9583
2488
9650
6976
1235
802
6849
8313
3979
5440
8925
5649
6564
7331
5358
8845
9146
5665
6884
1342
4484
8860
7507
6590
352
9112
1213
56
301
2952
3639
224
5006
9632
9290
7087
4914
5607
1704
1182
7003
7910
8240
9377
2433
1981
1323
1622
5783
2013
13
5667
3082
8284
2579
9397
3294
382
2443
7058
8506
4490
8480
5299
1516
2089
9013
860
7668
4016
8426
5197
7452
2670
6686
1296
2228
934
4519
9561
7868
5973
2835
1027
2307
3207
4449
3957
7439
6983
5702
3751
813
7443
3881
8167
5886
7829
7366
1582
1592
7426
6597
2838
1167
4371
9812
9598
5713
4792
9950
5740
4728
203
6854
7618
4457
5501
6902
8911
3257
480
3229
1925
627
377
5927
6444
485
2334
5351
898
5451
835
4803
1387
5653
9448
7915
6446
1875
6217
1364
2796
1715
9670
69
3668
5679
5044
6657
3822
1168
7643
3709
888
6005
6140
3256
7129
6139
698
3850
6270
9765
9505
935
3415
2492
4280
4028
6123
5967
2525
27
2724
8314
2029
9749
3788
2982
8888
780
7178
1490
9048
6134
5069
432
8651
8286
4852
8639
5279
6357
8150
4367
6495
4788
4311
9576
5668
9483
1953
2388
5841
9213
8280
9523
1570
4453
1123
2250
7131
4411
6158
9457
6736
2743
5746
5507
2984
1049
9920
7846
8465
574
7996
4581
7090
7287
2469
4632
3464
5035
332
3443
8077
8145
3623
2703
7444
9515
7607
804
8181
4048
2537
4935
3836
4528
2147
4198
8482
6477
4786
1628
7612
7928
3191
1499
1751
6174
1654
956
5883
6314
9814
3654
3799
7445
9134
9282
5765
2251
3044
2068
619
3710
9737
9659
6555
5683
8579
8161
412
7813
2943
6406
2360
2552
8876
6400
6041
272
3518
9000
4546
5616
8666
9544
4296
3333
2651
1786
1290
9898
4275
2857
3781
9310
9511
8396
2428
979
3083
6730
8924
9585
9887
2641
4855
5923
7917
2808
7208
5791
6732
8633
8275
3568
8267
882
4402
5259
6387
4950
7236
8130
5672
5049
6173
1939
1320
7377
4818
6772
3109
1025
7595
4575
3560
4038
4526
3938
8715
1746
3512
3970
263
5171
3330
3588
4570
7512
4294
1363
7471
5771
275
3793
924
900
1644
8002
1055
8011
5310
3598
8571
4500
7421
8982
4986
2551
630
8047
217
8636
9901
8816
9803
2174
3540
2538
754
164
7417
128
216
2050
9079
7147
8970
396
2959
5530
7347
7971
5
7806
2452
8373
9822
2408
4645
3283
9980
838
7590
5544
4953
4848
4912
9053
9423
9302
3175
5644
7956
4842
182
4691
9753
6791
3029
3193
5458
2083
4949
7138
8713
8203
4309
7906
2788
8423
3014
9661
7392
8759
6774
5329
8216
2647
4450
1921
7197
7782
2056
3403
1086
8460
3367
7708
3626
724
7562
7523
1096
2092
6232
9952
1198
4899
4386
6073
7539
9087
2077
2417
4262
6680
3701
4338
1222
5984
4844
6700
1325
2477
1807
1403
1330
6195
6693
6259
9105
8306
8734
6887
8940
8239
469
7277
2276
7907
4041
418
1160
3606
3832
2728
1071
4302
968
8745
3924
7244
3027
1333
3686
863
1768
4650
2582
9083
6874
8384
4962
9149
1602
8365
7122
2464
168
4617
5467
6852
4443
9106
2620
7650
2407
5196
8352
33
4491
4624
3097
7738
5422
855
845
8819
354
2672
7437
1272
3182
8009
752
6116
3765
8393
8234
378
7767
893
6798
8702
7401
3879
7830
8708
7462
5887
3254
3739
5145
4276
9060
4623
8028
6525
3362
7487
5386
6300
6167
8050
9413
47
3858
931
8939
8812
9372
446
4193
5892
5323
1298
6838
9978
2345
3379
9968
2261
5384
7737
5307
2806
1879
879
2330
1905
2422
4693
6930
2194
5721
5469
7683
5448
4947
929
6500
8006
7186
8088
9575
5568
1896
6186
1849
4896
7051
4830
6860
5127
1789
5638
8133
3449
3664
7271
9977
6908
3907
9965
5292
3360
4767
9427
786
6548
3969
1720
790
1814
3477
7853
1457
8557
6682
6322
1900
7242
2776
2790
3157
3859
1825
4080
4975
7722
8538
3129
9939
7783
4839
4614
2
4598
8037
6866
8223
1526
7529
5836
3391
8333
8091
292
5092
6668
6294
5485
75
2332
563
4636
554
2357
64
9205
1035
2287
9025
4350
1393
3351
8242
528
3023
4525
3916
3717
1276
1044
5090
1376
41
9022
7776
8994
4687
6813
7766
5345
8200
9232
8626
5202
1655
4414
5615
9160
6927
2280
960
1586
716
8956
864
83
973
2561
8646
9243
2555
4856
7810
5782
7359
9473
8450
2222
4442
1153
9545
2889
9342
3043
5536
4534
1980
6423
6817
7205
8316
2873
8036
472
2847
100
2908
7176
3311
9269
78
1017
5821
8462
6166
1982
2190
2673
3293
9353
2654
7185
9096
9411
8392
4299
8127
2700
5083
9728
5027
2635
3093
6214
1358
7030
5922
8193
2698
8484
4550
4621
2058
8095
8204
7888
5101
409
2932
2787
971
9729
4753
8315
9712
6445
9455
7779
8882
6718
6965
4810
1575
3341
1492
3510
1481
9120
8727
2070
9029
6847
954
6685
8677
1041
4772
6104
2510
9174
2349
2871
79
4548
7078
6793
9798
5341
8069
7467
1984
8965
994
1495
1761
6184
7321
2928
9994
6276
1032
3642
477
2545
8726
3660
5024
2524
9849
6778
6372
6717
5849
538
2389
6759
2223
972
4165
6351
1863
1985
6397
3796
7086
6180
3481
9998
5400
259
468
8487
1914
5450
7148
9122
3898
3164
1764
5054
8652
3287
6004
6986
6787
3220
9266
7594
2690
2267
6203
3299
7046
9359
3174
6573
5192
7062
7569
3265
2905
1131
8591
1754
6341
996
6415
1911
3149
7167
448
5091
2347
4751
2168
3538
2040
6208
4335
1829
5229
7756
244
789
4470
3968
8634
7686
9655
4389
1956
3377
3999
9992
1796
9181
2247
9999
2944
7404
138
9392
1089
4188
486
2447
3074
6611
2412
2020
1343
7134
1744
9354
5452
8541
4245
9871
6039
6070
5187
3110
1823
415
5065
7498
7108
5115
4208
192
6705
8820
6142
6271
6907
7576
9743
5490
6727
6245
9697
4135
5789
8256
1585
8648
2149
163
445
738
5432
3625
5030
7458
5785
8530
1935
7011
3567
4811
539
585
5175
781
8331
8866
3107
5342
2605
8411
5916
2666
9789
1037
6593
9722
3485
225
8776
2592
9775
6581
4766
4954
4906
4420
6796
5905
299
1508
943
190
7638
116
4104
318
4655
2882
6561
8823
6237
2996
257
5156
8657
1836
2522
8681
3204
6975
2798
2434
493
9695
5151
8582
1350
3749
3955
7326
5112
6896
7088
7340
9003
4160
4882
5814
6332
7075
9693
4715
2918
5816
8210
1386
7585
2311
5102
2300
1348
1201
1373
7230
8548
3223
5733
6227
6864
4682
1540
8030
7343
4567
6591
3920
3397
9550
8398
1886
1132
3589
951
9095
5244
7398
6339
4134
4589
2881
6491
187
5898
2596
7093
5460
7622
4922
3830
1587
5455
875
9987
8985
9811
2546
5150
1265
6424
1158
7210
2468
3211
8076
5043
4892
5379
5857
7886
1455
6234
9611
7513
6559
466
6407
6498
7674
9840
61
746
7527
543
1776
8397
9093
4576
8087
9651
751
5682
9206
2180
6987
1576
9879
1028
4616
7162
8294
6531
9446
4697
4814
25
8946
674
5278
2489
8074
7375
4991
45
2225
1527
4789
7646
3255
9265
8597
4968
8564
978
1916
44
4001
7574
4749
2916
570
1777
2780
3022
8828
4668
5580
6903
7026
1942
5610
4999
2019
9414
7718
101
6244
8434
6529
8026
4545
4708
2547
9211
6484
9410
8080
4422
3727
5674
4981
3811
5786
1534
5758
1860
4707
7172
7292
271
6886
440
8920
5208
316
4123
5445
6913
5354
2851
2182
1191
2017
2597
9012
5454
4305
438
1088
6224
8468
1477
7720
1831
7762
982
7966
513
1207
826
6308
2977
4204
1599
9675
6602
8108
3733
6130
953
8624
3011
8471
7098
9180
7578
4219
6506
133
7250
1859
4055
4831
2556
1039
1126
3807
8630
8488
4779
2860
9370
114
1873
7794
7130
1428
1710
5709
6482
8495
4524
7993
6586
5947
6068
9996
3973
4642
6520
2679
1529
8644
7482
5956
2523
50
5344
1399
3399
3758
8774
9734
3551
4206
2764
9869
1541
9337
1511
6277
505
8466
6414
5146
5959
3127
7352
6524
4688
1502
984
1617
3616
3489
6828
9630
9480
4364
3899
4323
1074
6547
9526
1809
7296
6072
1135
7433
145
4872
1621
3267
1170
3911
9524
8773
9482
1286
8703
4054
1675
7538
8018
7383
4458
8883
