1245
3726
9188
1821
1907
8938
582
7193
8456
9508
4425
2452
1272
6703
9852
1206
7123
3755
223
8179
5466
6232
7968
4424
9887
4184
2808
4795
2113
3077
6498
2853
1648
7520
4085
6240
287
6492
9898
3642
4162
6337
4547
9719
6591
9968
936
5922
1932
3616
6120
8563
2635
4803
3262
674
5068
237
9812
5577
4635
5744
9750
7119
5400
3051
9141
227
9418
5971
5741
2738
5258
3214
2633
7882
32
432
4956
3764
2912
8840
4281
6207
2460
7012
9190
7608
5442
7106
5774
7837
7821
5739
369
7041
9629
8000
4109
3967
931
320
2345
6587
4290
5580
9507
5419
4391
1979
1561
40
6987
838
9674
4295
2499
8748
7179
2382
5391
5089
5783
3286
6752
6279
4194
4808
8781
1863
2193
1236
271
2093
6728
7306
9734
5948
5952
2217
4282
5281
246
6934
1257
5693
5026
6541
6398
269
9417
9255
2546
332
3844
0
9717
6204
683
3185
1781
7503
817
4327
3793
2477
2313
7737
1569
7692
7746
6619
4634
9292
9172
1152
1170
8954
4067
5418
2072
993
6914
158
1442
4688
5421
2076
667
5609
2736
5807
3040
8200
926
8816
1153
9434
8069
2891
8773
1310
1200
3526
4645
7347
2537
6224
5885
322
1453
5341
6269
7757
1938
6027
3748
4835
481
4541
8688
1501
1553
1891
8447
6614
8839
7436
8720
1499
4179
5479
6330
3549
3648
4586
9413
8683
3288
1521
9930
3864
6317
7798
8203
6889
9618
325
77
4266
34
5502
8997
2560
4905
4603
5083
500
8318
5680
1819
7527
8662
7338
8126
6354
7032
2129
5937
1727
8636
1132
4267
8932
9212
294
8257
4330
6200
7112
157
16
433
2890
5912
8865
1186
7922
5594
9586
3384
7938
5195
1033
4812
6623
1173
4918
7606
3685
3937
3561
9543
5563
9846
67
2825
3712
8864
2401
9303
1105
1919
7435
534
2817
2098
619
5748
4069
5244
7502
6696
3710
8249
1694
9778
4864
5247
8004
3225
9890
2178
7763
7769
8510
100
2577
9447
446
2794
5487
4402
1364
1197
5224
542
6132
3689
9634
2464
8942
5906
8025
1252
6325
7244
5168
3353
8693
1726
1862
8031
5945
1634
6816
4898
3284
3681
7809
2555
4714
7634
4343
6401
3563
2267
9891
4280
6411
6894
4455
9854
6618
9635
8930
4616
6103
9094
3322
274
7597
4881
7609
7315
9073
5552
8015
9886
6911
465
7085
293
3050
7380
1659
5894
3928
7321
7517
4959
1880
3396
9095
3364
2214
1765
7494
272
9194
7447
8679
9253
1515
371
3996
819
9654
9897
2792
5257
9699
8895
7983
5905
9266
4628
4441
3888
6530
9404
3114
6555
6639
9103
6089
6222
698
7351
4353
1994
515
412
2287
2819
5893
869
8042
4475
5344
3070
7618
352
5907
3676
6805
4243
1743
2170
5733
8090
2518
3671
1972
1156
9476
2204
2657
4842
5294
3690
1952
5729
1800
3787
5008
33
8832
6306
3437
4610
9173
9902
4511
8569
506
1372
2654
7022
4481
4231
3659
4365
2575
7227
2360
963
8096
4211
613
2019
3985
4673
6935
9784
2111
9915
3524
4259
2426
9297
131
8598
1163
4154
639
3011
5965
5199
7001
48
6851
1900
8163
1385
6531
1965
1429
7168
17
2703
9475
123
5176
3411
1500
4284
5561
8487
9435
7237
5256
5913
9125
3004
8160
38
3387
4585
3912
3461
6822
1392
9010
8193
3449
3036
6904
2660
8813
9561
7661
2933
1024
9714
9951
9802
9517
9964
8759
8134
8248
5272
3531
4422
7898
1115
6602
1593
121
150
1889
4631
3956
1773
8393
1739
7121
1151
9014
3073
8783
3557
939
6186
4390
4247
1161
2033
2424
2150
651
2056
4832
229
1744
2958
7984
2324
8488
4708
6367
8346
5987
1565
6655
2999
3170
6756
5884
4894
1384
8604
8331
3053
9330
9301
4053
902
393
2897
539
6627
6569
7160
3078
1989
6663
7093
2132
3270
4859
9198
7918
8615
5737
8496
91
2391
2993
7664
6332
1188
1973
2118
6236
2887
5711
787
3057
9652
2180
1315
8122
9944
8336
4334
6907
2634
3680
8199
115
9679
5799
968
9316
6055
7358
5613
5887
8633
2330
894
730
1435
4367
3248
3312
8128
4477
2255
3232
7332
1259
1623
5707
2615
3992
7812
1688
8762
5993
8545
8489
5903
8833
2136
8838
5607
7800
7858
2285
3161
9698
8269
723
753
3496
2948
8420
9971
3356
6291
9579
8909
4556
7708
5369
8001
583
3293
2916
8859
3088
6964
7428
7422
1388
9229
5193
397
2419
5253
9300
9875
9624
2878
9064
4860
5888
9859
2531
3599
7174
7942
847
4759
6790
7459
4818
27
6283
8508
6108
4828
1540
1748
3830
7330
4833
9192
4686
2206
8936
6469
7229
2229
6323
7328
778
6826
8429
9200
8588
4029
6450
8155
3346
4315
2451
5821
4257
657
905
8
1922
4816
2414
3388
6748
896
6878
9307
3242
2935
5882
4960
5520
2606
7566
4583
3750
7803
9461
3196
2318
6342
516
4736
6151
5270
8149
6315
4182
1314
4840
9102
8766
8810
8823
1803
6874
7673
6661
8388
4699
2489
6353
4258
8148
9282
4043
8306
724
6966
1155
114
3291
6361
4447
7342
4193
6550
3068
7700
9723
1079
7376
5541
2492
9118
3439
7764
9127
9527
4052
942
6636
6123
4185
7190
8259
6534
2529
7247
973
3181
7947
8775
4629
1228
4242
9866
7280
6545
3352
1903
8048
6148
6729
1072
952
8070
3731
9246
3454
6274
3862
3639
7505
6481
6917
4380
1185
6213
6395
1859
2471
4124
9113
6869
9122
2209
153
679
3940
3716
254
7971
9106
3487
26
5415
5306
1759
8685
5608
2094
5401
3194
4677
5453
3275
1075
4747
2407
5111
2705
2417
6258
3804
3575
4022
4044
1439
108
8676
5412
6819
8018
4820
2641
478
1768
5389
266
6808
7326
2799
2314
589
781
1192
6050
1741
2561
6504
1724
4621
5138
3728
2930
9425
9230
1464
6785
5996
4480
7725
8194
8991
7445
6827
2320
9917
9713
1470
1266
9463
1745
1416
5651
5642
9687
4733
4566
4984
5228
4399
9923
1978
9341
9372
949
8071
4366
7122
2246
8409
9571
9450
8506
919
2663
20
9218
7973
7087
7346
9314
4271
8220
3491
1975
9293
1056
6488
1702
5979
832
6723
6950
9623
6270
183
2316
4041
5778
6415
489
7650
9747
9468
1477
7738
7308
2007
4048
9825
217
676
1393
2679
4482
7393
1963
6979
7633
9605
9552
1966
6118
4125
5480
9718
8187
1830
3679
7815
7653
9906
7161
7827
5058
3869
1542
7324
6295
7741
8328
2169
1377
9712
3100
6810
2896
1939
4615
6643
8925
5891
5643
4075
6697
7501
5361
9803
1034
9833
6560
2931
8035
6259
3718
5596
8324
3505
7379
3939
4656
5968
9622
146
8940
5548
4411
9132
2085
5694
7382
2268
1125
6428
473
2327
215
561
6380
3414
4337
5823
7169
1993
2030
5696
6429
6375
702
2161
8539
2037
801
1637
7131
6333
784
5695
8836
1766
8522
6075
9942
3224
2559
270
5599
5074
348
4910
2352
2826
8956
9672
107
9649
470
2181
2369
6294
476
5070
541
7134
8291
7718
5636
856
9263
8904
1004
5174
6791
3805
3136
6239
2380
5981
4191
2031
1242
7561
3772
3009
3889
9099
3406
5214
3038
7897
3817
6547
5686
136
7066
7265
6567
1887
8265
4444
4954
2837
6128
2905
9473
4912
2972
6997
7720
9347
8661
7560
6630
6314
5475
1713
7526
2458
6079
9940
6254
4580
1029
5835
7213
4205
9203
5546
85
1427
2233
245
4896
7295
9509
5435
1002
3111
6134
4676
75
2112
6169
7365
9440
5705
9860
7241
5145
1347
6533
6802
7366
2323
3377
6419
8885
5751
9707
863
9004
338
6725
1493
8785
7556
4054
6832
6824
6097
6969
4344
681
9086
5650
5045
6669
7199
7977
7702
6129
394
1369
1851
2558
4777
8140
2686
9715
5191
6500
5088
3522
5243
9216
1404
2822
9467
4101
1076
5703
7301
3442
7577
7515
6861
5872
7281
564
695
5760
5540
7627
1001
6483
6629
7731
8645
1164
317
3613
4030
261
1815
8658
7233
8375
6402
755
5349
8507
7152
9278
5533
3810
4436
3177
2155
3417
9394
901
3938
9865
3049
5597
2272
6796
7877
8933
7483
1091
3228
4361
2078
8405
9976
7522
4016
3513
8287
2645
4913
6977
6992
2620
8585
7357
5745
2280
5753
8378
597
3079
7205
1892
3918
4446
4735
4144
2784
314
1102
3302
253
6081
8412
2490
7339
3435
9610
4662
5153
1005
3017
1762
7978
5901
938
763
9602
5265
4916
728
2963
193
7336
444
1888
2026
6064
5861
9987
4237
4437
3128
7879
3759
5770
170
3930
3691
8514
7078
6678
3183
9696
788
4143
6998
6951
4553
4964
5461
9063
2864
9479
3969
5977
5519
1587
7130
9267
6794
7611
435
4074
9108
1718
7475
3226
805
1678
2565
8206
9510
8471
662
7765
3223
1046
9383
9345
127
8399
8803
5775
1650
1722
7712
8338
2376
258
1945
5157
3021
1660
2760
7639
8247
1796
9147
1818
6235
5899
984
1290
9007
5065
3205
3187
1070
8642
3874
5569
5539
8873
4107
9420
2372
4049
7889
6988
1396
7695
9116
5784
3060
8788
2197
9409
2373
7124
7492
4933
4509
3921
7848
3238
5025
4500
5637
5627
4178
2670
9765
7777
9959
1749
8643
959
2194
9741
2929
134
7847
7571
3548
7096
5800
463
9740
8543
7562
9487
3913
4187
4806
4457
5758
2399
2014
3382
3847
3915
4318
3443
9562
9910
7921
3883
9795
402
4658
7570
4727
3765
6112
3264
7835
918
6700
5578
3855
1012
2388
1836
4042
1203
9443
8244
5801
7783
3277
1144
3623
3806
7930
8977
2675
2710
4035
303
8579
5521
1532
4529
2270
8734
7437
1956
8820
3120
9559
7069
2183
6931
9557
8749
1524
3606
6572
7768
7683
7640
6468
3063
5927
5576
5458
8960
3236
2097
543
3315
2383
2082
7573
5482
7989
4938
9400
7979
9536
8144
4869
5806
7097
4576
233
1127
7451
4118
4633
1528
2543
6268
6626
7081
2946
5395
6111
3789
5261
2348
285
3199
9619
7686
4862
9184
7489
3991
440
675
3280
2508
8320
6699
8309
3305
9062
1825
3123
1698
1346
3018
9710
3198
3535
4884
8281
173
9782
5619
2968
3971
1220
4132
3131
9837
8486
8111
2594
2506
6252
3981
9678
8398
9746
356
2457
484
249
5164
9593
5736
4
2676
648
4377
4893
1716
1450
6702
9851
8254
6344
5698
6542
8634
3994
646
3365
6209
6575
1401
8500
9811
3745
8705
8077
2114
643
5116
6014
6308
9659
4357
7424
1850
6358
4582
2576
1779
1905
3124
3571
5864
8716
502
1177
204
4545
2791
7222
4011
5463
4317
864
9822
9607
3761
8438
3441
3438
3653
6406
6829
5949
4234
9126
1643
9953
7789
276
4244
4429
8795
3423
5416
9982
6043
9764
8976
4256
852
2812
5765
4852
6839
8949
4861
9970
4597
1123
2628
2517
579
8639
4671
5154
899
5427
6625
2671
4502
4058
6229
3413
3857
8079
7256
2135
547
8164
5038
2731
5556
455
5129
4249
6974
6371
5437
3251
4598
8218
6034
4158
9502
9163
955
6921
3576
8323
1313
1391
365
3463
5054
4189
471
265
3615
1340
8020
4114
1580
5179
9026
8355
7074
9329
3472
4804
7369
4427
1549
8715
7911
814
4837
4453
4140
6749
1806
1665
1199
2322
4175
6183
3650
5762
8458
8080
6968
9067
3336
97
757
242
6060
7551
8171
9232
2317
5034
1282
6051
8852
6338
4201
411
4078
8494
4195
8305
5430
2195
186
9516
729
9766
9643
6444
241
2333
7931
706
8296
3458
7550
5407
8581
376
7996
9798
9797
8009
8791
5675
900
4291
7888
5955
3980
2306
8240
6641
4917
7506
7825
1451
5653
1746
6433
6999
8223
2384
8988
6069
2783
6008
2215
4745
1414
454
3300
8294
3165
5319
1261
4116
2730
5206
1018
6952
9412
7742
1906
5348
8050
9709
3687
8213
1861
9427
5113
1130
7334
4575
6571
906
6552
8515
2956
2486
469
4248
1689
2879
4866
5621
7297
8670
8251
1297
1462
9495
7887
7084
4217
2903
7162
2682
6722
2479
8480
6962
6211
2015
148
5385
368
2735
1081
9506
4940
2700
9080
9441
7593
1547
2653
5318
9057
4383
7600
7495
641
6527
3601
4260
8357
1179
7867
6720
8626
6919
5779
1043
2247
7507
687
8233
6982
7356
5368
3210
4824
7449
6927
4225
5291
6918
8457
7137
649
3260
609
6114
9924
6106
8974
6173
248
1265
6486
2772
6189
4883
5634
4829
5255
5972
2344
956
4540
6234
5053
3858
3000
1969
4774
7636
3560
8253
1149
6343
6293
5408
1027
8817
5311
2781
849
721
5345
302
6523
1113
1591
8561
6047
752
3477
6096
5376
7478
7288
7992
2450
5530
9119
1548
73
4704
6833
3972
1108
9091
4937
2440
5815
349
775
8443
3359
3173
8798
439
4338
6476
1065
8423
177
2312
7317
2759
7575
8032
3022
5274
9985
6743
1534
1129
6512
2005
7657
3003
656
3424
4059
6459
5863
8718
971
5790
2259
8040
7648
6716
512
9873
236
4991
773
4670
7828
8137
929
6320
3753
9872
1661
7033
3047
746
9657
3494
4050
2353
8951
7480
4652
2213
111
1402
3152
1434
2698
3952
5584
4690
305
7899
6893
8322
9295
4915
8413
8722
9961
343
129
2906
625
1721
3897
2894
5706
1221
9313
7464
9466
6775
7579
445
6780
8682
5108
4650
262
6576
5673
6557
7278
6763
881
9849
4486
205
4346
3593
580
6033
4180
2466
9682
4886
6253
8341
614
4126
5040
3795
9689
3672
1354
2083
6711
9352
3825
5476
4111
6691
5936
7120
5079
7993
1449
3029
4301
6563
7748
9651
8724
3239
6303
2867
668
5010
5460
2238
8590
8774
3415
7461
2413
3394
5203
2835
8875
9615
5254
8524
520
8531
623
9748
1468
5082
4931
2269
8419
3171
8156
776
4150
3675
6705
9975
1522
6139
2882
7658
1574
764
1573
9085
1497
5105
416
8771
2647
4731
9581
3953
3525
576
3668
8824
3310
8339
696
9419
1816
6463
5474
560
9692
5051
4950
4309
2846
5495
5366
4218
7431
9221
485
1273
9504
7044
5309
8135
6664
5794
510
4572
6448
1886
1226
8397
8755
4139
298
7401
9222
6662
5021
7203
5200
4370
6508
8552
5264
8743
6100
7747
1563
2468
2445
8026
2141
8076
23
4138
5215
1308
2449
6758
9663
2208
9995
663
6846
851
8073
3397
4098
1225
6897
1476
8562
5488
4061
6350
1050
8067
4857
1846
5595
1481
480
2909
6901
8993
5422
7109
1996
9024
1483
7024
2520
45
3829
2311
5212
6388
9580
5330
1041
9251
65
9107
617
1352
431
6263
4725
6458
5063
7632
5277
766
2854
451
5411
5207
5734
7055
4792
6474
3760
2990
8467
8340
7814
4573
2610
308
7071
1154
7135
9452
2021
5782
8277
7088
1417
9751
2379
7784
4962
5523
3586
3156
8628
3045
133
22
3932
3692
5205
4769
4729
8334
1318
3670
5684
2532
1175
1536
5542
6107
5333
1119
6844
9801
19
4855
3608
1321
3707
8465
9175
5514
3207
9912
3162
6885
5287
1073
1893
4476
8492
6136
4024
5325
1172
5582
6924
7936
1797
86
4510
3229
7538
4678
4681
7913
1326
9030
8215
3910
1752
8272
9960
1761
8669
6516
6786
2321
3301
1740
2257
2289
7946
4345
4071
3263
7209
493
2254
5237
5709
4350
1320
5126
8772
2766
1193
5663
5324
9986
3634
5059
1962
4788
198
2162
286
6193
1118
9378
7851
2689
247
2389
3943
6021
9752
6397
5890
2540
9665
3134
2432
3906
2427
1810
304
5931
1246
1647
6740
7448
6757
3209
2758
813
3420
8787
2201
2702
2220
3271
196
9762
2985
4435
8557
6138
2937
6732
7149
2398
572
4313
6163
2523
9876
4235
1572
8173
5824
3866
8533
873
9523
3289
3200
4924
5334
2981
8516
388
8345
7442
9133
4783
9888
6368
7745
8520
9705
7580
9380
2337
409
6899
7662
4348
2020
1448
8364
7206
5759
4761
82
4068
4863
2039
1143
7360
2225
5742
5647
7444
6068
5031
9299
6403
5678
7305
1136
2980
6082
1620
9273
2597
5718
7304
5429
7021
7223
3768
8828
300
2770
1755
1446
6948
1045
5298
6845
767
6059
3328
4202
1295
1288
9501
103
3138
9385
3769
8554
4653
9519
6524
4474
5160
2024
495
8593
89
3959
2434
3498
6424
6744
6284
5292
9379
6289
4565
4764
7378
2977
1058
327
2028
4758
4856
9110
2690
8424
2655
7471
8687
2473
7987
6262
1696
3473
9729
9742
4796
6174
2713
457
7929
5850
4640
5177
2465
4630
986
2691
6741
256
7371
4968
4523
1871
7398
9857
8403
2361
4730
323
6800
7216
2871
4533
7884
6849
8725
6811
7672
6654
2513
7182
9962
5492
5279
9374
1588
8801
1817
5560
9296
5826
9604
9078
9206
9694
6098
7170
8794
5275
1465
5777
7531
112
5382
5223
2721
6879
4080
8002
5044
6037
6480
8944
3636
61
8300
2139
5878
7126
8483
1980
8792
6912
6352
7690
4488
4300
2222
3856
9388
3784
5672
9790
9387
2502
4848
2637
7076
8054
3841
8153
1191
3630
6249
6730
8625
7263
1019
9012
1638
9908
7037
7377
4398
7629
7043
353
3720
3963
4693
2708
4875
7699
7275
6926
8019
7407
9197
8812
3643
2034
6032
3766
8347
3724
9704
3899
5252
8021
5805
6745
3661
1307
7787
9210
1134
5612
2800
7587
46
6764
6427
9540
9438
8473
1754
2115
8982
2370
7258
6410
8846
9918
9978
8377
2815
3574
756
2378
1111
7610
5847
4584
666
2747
7234
7542
4942
9829
1751
3732
7469
6715
7706
8525
823
8158
7819
979
2495
8089
2071
351
6503
2541
5515
9376
9323
346
5323
9129
5645
3782
6287
2251
2563
1466
6515
4152
5249
7027
4752
4817
1792
6165
7591
5290
5940
4845
2995
7908
5923
4081
2750
8075
2507
3822
6971
7961
3713
2964
8360
6178
1274
1335
885
7923
8034
7302
8125
7807
56
5649
6310
1333
8591
5928
211
5803
8641
7083
4902
7504
9150
1844
5941
944
1914
2573
2319
529
1382
988
3982
8284
151
1604
9245
8763
4596
9946
982
3230
5592
7829
1514
9739
7852
8353
8363
969
4718
8622
8115
1757
5409
5534
8898
5845
5967
4010
4190
2828
1663
4497
2110
9606
621
5229
2128
4988
6011
9892
8088
6167
751
6760
5822
3863
8382
566
922
3741
7289
1764
586
5440
5724
5969
7529
3252
7766
7488
5585
4020
4927
8469
3456
8010
4685
3742
6233
3313
8750
9967
1256
7584
1495
2211
6598
5947
7392
3875
9178
3367
4021
9592
5384
8044
1684
3781
4948
5749
862
6970
7824
4333
3983
6405
2374
3234
2983
6632
7132
1490
3476
5378
2790
277
1147
1135
3145
1327
3807
8055
7834
735
156
870
4287
3734
9648
3186
8694
9171
7463
2088
2643
9044
5250
2773
8610
6278
6423
2300
954
3540
2969
4663
8114
4515
5506
6651
1194
2875
2138
310
2202
96
6963
2149
1104
1795
9534
6930
8503
2539
5558
9465
6205
9112
8452
7729
8907
536
7995
6281
6577
1269
9697
5006
6038
5689
2562
5173
6600
181
5423
6840
7896
1736
5115
2823
7172
7095
1738
5555
2266
7261
6384
824
2371
2904
7716
9185
2926
6440
811
7384
5841
6460
7759
4037
1786
9996
4814
5581
6122
3137
7647
9911
7678
3478
6538
9025
8863
915
2153
3292
3444
2058
8317
5966
6073
834
9462
3354
9361
9566
172
5962
1720
6382
4683
9359
3530
3072
9786
6830
8565
2069
5471
9596
7915
1260
1920
5004
8279
9708
2742
7065
9757
6190
5986
4987
4740
6399
1232
3501
1677
622
7002
6288
2605
2547
6996
5699
5616
2902
5141
1566
8146
8609
5146
7164
7104
934
4028
9111
1240
2405
2116
2574
2157
9469
519
3044
8396
139
3362
7671
4782
5104
5528
7539
5877
5573
4757
7676
5631
9138
6360
8387
1998
5251
7181
2793
3220
6908
2433
770
1881
7937
9538
8081
5656
8789
4536
6439
4233
8368
7236
396
9217
3989
1700
6347
9969
8280
1930
3323
9336
1380
9913
9035
5188
1368
9539
4765
5441
1254
210
4164
4004
1510
978
3695
1995
5410
4463
1323
8242
3945
5944
6713
4421
3383
88
5860
5628
3722
2227
5029
7443
7704
6305
6161
3651
7394
9250
377
2861
9870
8892
4847
176
5000
6601
7721
9456
4347
3632
4618
5259
2801
1537
1592
7988
392
1814
8572
2814
5308
7964
7047
2840
49
7950
7541
9037
5984
429
8065
4624
1802
2422
9706
860
4983
4358
4207
2013
3389
9224
8702
6487
5171
3222
2636
6194
1139
7792
6895
5090
6013
3402
9601
8587
2054
7559
3257
3555
8837
8168
7200
3901
4574
8929
4999
9850
1204
8343
5854
6712
8709
9554
7985
5124
1957
8195
2596
4544
6266
1843
4359
8767
6860
2857
2032
5851
6706
5505
5030
8890
366
1735
8051
8576
6867
6684
1699
5406
2073
946
2175
1568
9260
6913
5485
9489
9994
220
8945
7155
5557
63
5454
6514
5918
3319
3598
4472
9645
145
7296
995
7518
4296
6078
7955
3089
359
6838
507
3893
806
2198
2351
4479
809
3037
5648
1300
7383
1753
4355
7311
9208
5935
2274
7413
503
6365
5572
3179
7312
9521
7654
5498
7890
4294
1504
6058
6721
9054
2805
594
4485
7622
7481
7623
9071
7498
1003
426
184
1349
6490
2810
2329
4756
6616
8700
7791
5155
5289
1312
1020
4692
297
4996
4713
8083
4083
2923
8638
5767
4928
1840
8074
6133
9432
9288
5869
7440
7262
920
7875
9092
6312
595
3926
2081
2263
6709
5710
2876
5791
5982
733
4732
7240
8912
132
7411
513
7009
835
2282
5889
3297
9319
29
1491
3189
9410
8919
3833
868
4506
8498
6154
4919
9608
5114
5242
2911
1564
7730
6091
8093
2587
4637
382
8344
4599
8732
9991
5393
1852
4976
8757
3582
5895
8381
716
660
6690
5085
5100
6017
8831
3320
628
9868
494
2179
9730
6418
4084
3774
4923
9631
6612
8442
5873
4929
1489
6613
477
7982
4227
5305
8497
3148
8270
5954
567
8451
7036
5183
644
7156
9620
5036
7204
2184
9231
5055
4378
3802
3309
2331
6048
5875
9286
7251
8184
1655
2484
1028
692
3460
7038
844
7649
8620
3917
7416
1673
7264
3469
9853
2627
9046
3374
5491
1062
9321
8881
4975
2065
4807
8575
3923
3103
3331
3281
4563
7180
3125
8899
8597
4871
6443
209
8205
2062
5677
8882
5714
1961
9135
7797
1455
228
1756
6267
3796
1670
7750
6633
5735
6322
5359
9114
6056
1683
4372
8915
7624
3426
2885
4623
1412
2651
9558
8085
3974
9415
6271
6110
3204
7354
5339
3725
1611
9789
6556
1672
1901
216
7687
9056
9023
7309
499
5046
8463
7239
8869
4395
9302
3621
1657
7709
9166
9737
1526
6140
6447
3518
2521
3884
6237
1367
449
2584
5886
3539
4270
8008
3062
2652
3279
9927
4354
5956
6396
8239
3028
4632
9471
508
4901
9722
1636
9585
5043
1991
6180
5802
4208
2739
2725
3307
1211
2796
5062
1829
4549
7677
5564
6578
9488
9574
1760
960
8567
2491
6088
7703
6331
2420
6909
4213
2684
5946
2538
3452
7410
7107
8903
263
6928
6793
6990
831
815
8147
2297
491
3121
3267
6042
6184
9998
5780
5269
6813
6506
5340
827
324
5669
2719
1422
5732
7537
6392
1717
6029
6831
2001
6837
7548
5246
3404
8454
7111
7269
837
2305
7363
6585
2444
9668
5666
1482
4995
6886
9261
7651
4579
1171
861
4501
4941
2673
1085
3823
8934
404
6852
9818
244
2152
9529
8681
4170
3048
6296
745
93
4543
84
474
2074
6586
2552
5236
2592
1421
6024
6327
2957
5897
2503
8437
630
6667
9317
3556
3777
7231
9152
9997
5230
951
8574
3839
2704
2914
5818
4112
4215
4328
9414
8243
3366
4696
5459
5239
1896
3984
9280
6887
7419
2418
3235
2510
9276
4909
4986
804
6436
8371
4214
3993
9305
550
8041
7660
1857
2667
1088
4578
3133
5197
1813
3318
6220
6412
7337
9154
5813
7248
3250
5849
7277
3451
6070
1306
6818
6855
8142
4401
4466
8023
4890
937
8902
6583
5449
3836
5267
6066
6776
7283
2461
7432
3393
9931
6892
405
5296
9700
6656
8132
2798
4032
4555
113
2011
6792
4537
3776
4738
331
9358
39
6727
2496
3219
8202
1363
9460
2761
7594
2528
3474
6127
2664
3184
7925
1812
2248
4168
24
3091
3851
2042
8475
3116
7210
6617
3470
2724
6010
1929
4311
290
2536
3195
7668
9518
9430
8586
3486
3325
8307
7057
2453
9234
3466
5185
7986
3660
8595
1424
6645
6085
6182
7775
4261
6228
9546
5859
9512
3381
2177
1239
2309
5757
4568
7592
940
9840
8349
8358
1612
4587
7192
9826
5829
9993
2293
606
5107
8105
8038
5804
6210
5060
2892
7100
7052
192
9270
5121
8060
3016
4122
2509
9290
2661
452
2271
5501
3176
1771
2075
7385
8303
8712
6242
5358
2456
4982
6286
6788
9213
5553
3566
4123
2145
904
1733
1128
8696
330
7788
4489
1184
9895
5363
722
5883
5593
1262
9083
2678
4166
3025
2004
5583
7098
4784
2109
9377
3076
5047
2276
8710
3457
9590
6248
6956
5917
1535
3093
398
1090
4971
5352
5233
5538
3999
9096
876
8342
694
1884
5915
2447
7491
5658
3392
6945
6671
9324
8981
9899
5559
8325
6206
5235
5027
717
8273
3096
2832
4767
6777
4970
3261
1879
8707
7713
9884
1876
7799
8505
7602
748
1343
1025
4308
3211
8857
5535
4113
3216
1305
6425
3249
1668
6456
6539
4669
5951
7894
7482
786
7966
1055
3641
8834
2548
1350
5615
872
6374
3592
6285
8217
9145
1213
9977
3385
6313
8169
8726
9381
6031
3268
2849
4461
3142
8878
9637
2880
7605
9281
5679
8691
9770
6215
2757
239
8014
8197
1635
2599
7284
2101
5622
7146
5338
6039
3947
6166
7762
5016
6243
1645
7008
6596
8540
4604
6434
3464
8315
4051
3758
6782
5808
3541
2079
997
6856
7886
4445
483
1031
608
4062
1248
4766
4843
7974
4499
1219
6006
7056
933
8302
3562
4617
2156
5413
1646
8850
6704
2850
8851
7895
2481
1039
6570
4577
4550
468
5667
3369
9342
2049
8348
8400
2218
5880
1686
4320
941
7335
1389
8631
3493
1110
6509
3987
466
4102
7417
4119
4607
9149
5995
8426
574
9386
6772
8953
3604
291
9348
538
7250
7003
5434
947
6906
1423
3002
5570
1060
5668
9105
8618
3153
7187
859
4148
4197
6995
5432
5603
1086
5844
2769
8166
252
3401
5451
658
4106
6637
6101
9470
2295
2749
8627
7735
8271
5019
7796
334
9001
957
8293
5364
4892
124
1849
833
1783
9874
4648
8671
5379
4027
3345
3030
5507
1458
6884
9285
7245
9600
8022
8255
7345
1855
7679
2133
339
4749
6698
9932
4186
1883
6255
8028
6779
152
8274
5925
9525
4519
7349
1069
3258
1215
2108
4491
7408
1461
9189
5225
9053
2346
3840
7090
888
3819
4700
6900
5929
2687
163
2137
3828
1051
9287
194
3711
3824
5532
458
3927
8994
5373
6007
4002
250
9491
1413
6491
7781
1138
5271
4786
1100
4888
2591
2349
171
3122
6231
5793
7373
4141
3537
9575
4887
4019
3664
7253
4351
3316
7870
1167
4117
8052
2786
1583
7557
1581
5166
9191
7462
6981
6581
2928
8964
5602
3554
4060
8120
4349
6942
689
7909
8039
7868
3276
9478
4031
526
9117
4426
8706
3523
5513
7391
3510
3542
1375
8699
4897
4222
2046
1719
5871
7810
1904
9954
7589
6653
7663
3361
1680
4793
3706
4791
101
1916
3467
5825
9639
7514
9939
7794
1875
1693
7949
9458
8518
3968
6261
8118
2290
5297
5832
3595
5493
5087
230
6199
961
1946
3596
4779
4224
8430
8955
3109
4516
6946
6364
7189
3440
5776
8453
2600
8621
257
1631
7387
4830
125
424
8614
3344
3797
4638
2514
461
8161
3834
2283
3669
2974
2593
6404
925
4781
5747
8526
7457
8992
8292
5985
2205
846
893
4142
7761
4469
5525
948
5003
1776
4467
6016
8327
53
7802
2273
214
8445
5769
2186
7362
6984
4882
8177
4458
8928
7675
1196
3629
43
8261
9424
3303
6264
1089
9369
836
3552
2917
6957
7778
9161
1750
2953
2952
5620
2677
4569
4904
7110
5537
9148
1304
659
8268
2833
5028
1769
7588
2619
8117
720
7191
4210
378
4047
9177
4911
1870
6695
6321
6472
8537
1452
7267
5404
1360
769
8484
4254
1162
1708
1268
240
4005
7460
9396
7755
3666
9681
9703
2404
4606
9755
8286
6599
4899
9732
9028
5938
1709
453
8068
6865
7202
7427
6638
1981
3662
7147
4077
3349
7659
3481
4246
333
8730
4183
4647
6985
2140
260
8485
9485
4325
5024
9817
1897
2624
6798
1944
4505
1899
275
1902
3585
8612
8980
6862
1142
6376
4558
1074
1890
6579
2494
807
1117
8319
821
711
3448
4790
1488
5240
9176
2185
8654
3614
5691
9937
1934
8367
545
235
1097
2674
2437
8188
7423
6462
4156
1394
5260
8304
31
284
8714
8356
6848
4694
3584
3988
7749
7972
3117
3727
6083
5073
6871
7991
7029
4666
2278
7935
1606
6394
5926
413
7300
8957
6595
1594
7836
437
1053
9084
1997
400
1654
6238
8180
912
2008
4834
8697
8883
8472
2578
128
221
8729
9594
7843
5798
99
867
7061
1780
4289
1530
4525
7513
4392
8354
6954
6493
6766
4495
1790
280
8297
5398
4559
8728
234
9894
6020
8550
8175
1381
2939
8673
5754
7030
1697
3090
2680
138
7830
8109
2959
610
8425
9754
74
5081
2975
4687
8170
3532
8530
2041
7760
2448
5180
8605
5322
9513
9588
9736
2191
1365
2167
3794
5128
5048
7238
9233
7314
5522
4802
2354
7007
2544
8665
4920
8460
842
1234
6438
9289
4072
2924
62
9168
2292
9121
407
3744
8394
9304
3285
4465
7395
4203
725
7509
6168
1133
9830
3042
7533
3696
3074
1408
6159
8829
866
556
7053
13
2776
206
6372
796
6562
3296
5304
9059
4570
4449
708
7612
4324
3895
772
2795
5531
3709
6230
2642
5375
7438
4800
4679
6809
2754
406
3631
4073
2746
4094
5708
7710
9990
3304
8517
2400
599
9170
5726
672
4742
9040
6346
9422
1608
3624
2681
2302
4310
208
7840
4908
2216
6389
9673
6366
2706
9684
1160
8922
8632
1794
5712
4773
9781
3986
8735
2070
4396
7932
9312
8842
5720
5503
2717
4133
855
4813
6062
8450
7323
3027
1362
2955
8190
3880
883
2693
1016
1319
7452
4064
1007
3832
8558
6726
514
1712
2219
2010
4990
3812
6188
7876
4622
6432
9128
9021
9204
7150
8651
5816
754
3508
9547
3102
4232
2223
882
7178
8826
7613
5632
1923
6949
2228
3933
2554
9614
9241
3559
9871
6548
3738
199
7511
3178
7555
9350
8182
7157
2212
1478
2881
631
6465
8547
2765
726
4406
6724
14
370
3332
360
1286
5023
3253
4507
8329
8385
2146
4363
5332
2421
5086
4331
8490
5716
8815
9650
3936
8968
898
8104
5837
8943
7682
7141
826
4418
6546
994
2944
6680
3814
5283
2443
1834
9533
5436
6847
9274
9640
7549
3770
4312
9957
1971
2907
1270
7374
665
4496
3112
4306
8204
1303
9098
4743
1807
5186
1356
7468
8290
4336
3698
8764
6245
9248
6197
9252
2550
2638
4879
2043
1479
6953
6543
5165
4121
232
2298
4240
9556
6385
1579
8793
5094
6275
6640
5386
2688
3815
6084
9885
8843
7320
25
523
1950
5600
9950
2820
4900
1614
2261
6925
2095
5050
845
2355
8263
2080
1847
1230
8509
8556
54
5011
355
2478
2235
1198
9179
5295
7458
6973
2147
9597
5483
7091
1669
3600
9201
6099
5343
4571
3580
3504
750
5687
1023
4981
6883
8133
321
2601
966
4961
9494
1925
1106
6564
3266
9446
4839
8617
6880
9294
342
6387
4342
6801
1054
749
3506
8918
3058
9364
7865
55
6131
8695
768
6473
1639
5208
5013
8056
8119
1471
289
2787
5268
3786
592
8110
6153
8653
1789
7068
701
6501
8924
7285
8542
1398
2951
2586
5635
8103
7176
1933
1484
5414
1805
8849
4865
8807
6227
9856
9565
12
5833
6604
1217
6701
1869
3233
6280
8176
4620
9800
1406
7028
6145
9120
1990
3479
9573
9353
5809
5337
3617
3085
197
1296
9075
159
6489
9264
9375
283
8721
7586
7254
9883
3283
2856
4870
4778
6265
174
9041
5611
6762
9049
5331
7103
4322
6063
7543
6273
3453
5638
7598
5591
558
911
9896
5526
417
3730
4649
945
5477
8635
7864
9077
7201
9051
7219
1237
9325
3637
3287
3167
9058
3399
2103
104
3272
5660
909
7906
6496
5133
328
2158
2672
1823
4056
2087
8555
3965
3756
3941
8361
522
7255
1008
6171
3534
2364
1431
5509
7406
4464
4389
70
7163
4108
3567
4532
5187
5701
5489
5397
2357
1784
878
9544
9863
5497
9900
6687
7604
6377
1419
5692
3665
5817
9356
1067
7970
9612
3144
8421
7954
8753
549
3488
8106
6505
5381
9943
3771
4946
9695
7976
4936
4204
9956
4546
4527
3405
3459
9542
6407
460
6277
5390
4283
9598
1168
2581
1505
5152
6815
6605
7017
2192
2442
8967
3788
5293
1616
6858
9411
6437
9763
2658
7381
8401
2385
8366
5831
3852
7486
3528
5752
7129
820
335
9226
9320
78
119
4789
3169
1520
3447
5704
3717
6045
9033
3416
8602
6771
3164
8084
7224
4017
5472
6753
8719
9627
7341
6672
6804
7540
448
2748
7138
3059
2035
1410
3848
6257
8474
4381
1035
2838
3368
9322
2847
6593
1651
3427
9551
4639
5420
4819
7641
9130
6009
2813
3188
1559
7177
4642
7313
4719
8819
8911
8365
2196
9988
3034
1767
661
8777
9134
677
3957
9903
4110
2435
3180
9981
6611
1913
4487
8867
6272
4608
2260
1728
5405
2737
5075
358
3701
6646
295
4275
1015
1560
3471
4979
6416
4503
3573
8264
3790
9069
2625
4003
747
6185
498
1036
1328
9660
9187
5618
4914
2107
8511
5516
6521
7242
8611
3154
9070
7070
4007
3743
1014
2604
5360
5916
6442
8998
4298
3061
7352
3227
554
8094
5061
1399
1642
7567
1782
3588
6898
9576
743
169
1040
7943
7854
259
2767
4018
962
3520
5963
3347
7079
8906
6105
2556
3203
4279
2987
5797
414
36
7714
8238
8384
3339
7994
1605
4493
7186
1052
9531
6225
7744
1311
6674
5788
1627
3408
8428
1126
2726
3723
2984
9298
2347
118
7698
2234
6478
6201
7006
4206
8499
892
7195
3896
191
8221
6621
2029
162
6003
5848
7804
5574
7257
8717
5717
140
9087
2888
8123
9664
4329
2762
9591
9947
8062
4462
5209
9339
7211
7928
8464
1180
9919
1131
2720
2099
5135
255
9980
7652
8097
5353
4066
4744
5958
9334
3107
4087
218
3961
6054
4947
6778
9935
8723
4393
2941
1687
570
598
8650
3846
9820
517
3628
4177
2609
9093
6642
2662
9838
1955
5367
5983
3594
6736
6635
6994
8521
336
3903
3779
1150
420
2607
9772
2476
4046
9018
5220
8275
7569
8407
1878
2332
7534
21
6005
7733
1872
9725
5002
3517
7143
2644
3853
7689
9158
7767
7552
9367
3881
4821
7751
6910
1662
9027
2000
511
705
5997
4433
9835
2308
3489
3922
8760
1951
4238
6789
7390
3403
2334
9972
3259
2394
8963
9550
3752
2696
2009
7400
5118
7959
7350
4095
3942
6212
8731
5095
4471
9794
6340
7813
6092
9720
7715
5136
9082
9259
4450
3521
1409
871
3032
5568
1235
4091
7273
3954
1047
4026
3141
316
3868
8432
9337
6689
2105
105
7140
1948
5921
6260
6012
4994
6071
3098
1626
6814
1159
1244
505
1788
4000
1322
1279
9003
8744
5500
4407
1596
8235
8332
3409
8607
6421
2839
2553
9626
2646
783
3213
5112
4562
2886
8532
874
3071
421
8649
1366
3182
2572
7023
1625
588
1926
9702
4945
7785
7519
3256
6324
6708
2063
492
8351
9572
1529
8877
4379
8958
5149
1508
66
2583
3951
3970
5425
7697
8860
5012
4992
5170
981
6348
203
3816
2669
299
3589
7862
3990
3255
7252
3217
5727
9008
9505
8606
6357
7684
3533
9535
3158
7816
6517
8007
4057
6820
5273
1641
7144
5623
8234
5438
5467
8657
3376
3147
3543
1664
2960
8536
1209
5646
732
8973
2165
9828
5785
3330
6226
7080
2055
1811
5448
4410
8374
4375
389
9363
9666
106
1000
3688
2656
9011
143
9625
1195
7536
1294
7790
7114
1555
759
6326
2239
5221
2639
2585
4702
4415
4278
2252
6001
4889
3064
6304
6620
1013
1492
9370
7026
4513
8298
2778
7917
9599
3514
5219
3865
9382
616
9401
4245
4504
6841
8082
9437
8491
5310
3684
6773
634
292
2231
147
8985
9831
2718
879
2860
7885
5222
8637
8493
1063
9331
2341
7871
4703
8092
7500
741
1731
8844
7630
6452
3620
5069
2579
6152
5700
6961
9406
886
9373
373
2807
1523
7418
3101
3115
7217
7674
6198
6553
7291
9515
8046
5934
4001
8893
4226
509
6774
5140
4977
5167
7220
4554
6828
8946
4695
6026
5137
607
5856
1737
4997
7776
2524
4012
840
4253
7429
1707
6932
459
4013
8418
8921
6522
1216
2973
395
7420
2190
4297
8227
9984
7116
1681
3333
4286
6297
4943
8112
9258
9783
354
4701
1584
5110
8391
3638
8236
7372
975
4384
8053
691
9541
4252
9050
2064
1157
1285
3827
8947
9
850
9398
1094
7415
7525
2406
9877
7685
4903
4772
2125
8330
7249
6077
6694
2640
8736
2002
178
8380
2249
9052
8630
761
4614
4963
8183
179
2753
2487
3024
2608
3026
5943
3084
2358
3246
7307
2569
647
1355
2018
2564
6986
7999
4086
7375
9076
7933
8392
4651
1351
2943
6250
3929
2459
8866
7958
7903
4811
1276
68
7479
4827
8923
4626
9265
6219
8672
1444
2683
8058
9949
6863
5812
5001
496
1336
6983
8231
1358
4174
6417
4163
1822
1848
9769
1546
6566
311
7808
2363
1189
357
4974
8095
3
7226
3221
9235
5842
1577
201
7344
4388
2377
9256
1685
2831
1787
5920
9439
7127
2947
72
3299
1032
1954
718
2613
8337
4255
3172
2998
3202
635
7165
4720
9451
9186
8446
7063
4448
1936
7638
1124
3799
6549
5456
5755
4368
340
6965
2650
3813
7167
3023
6528
3052
8222
9929
7743
5335
7058
3395
5610
8362
7268
326
8738
4750
5465
6922
231
3694
2525
1291
224
154
2148
5078
5876
5443
7839
7294
6446
4293
9332
8711
42
8201
9335
5786
7404
8663
1618
2336
8580
9181
5961
2174
1341
9522
6464
1415
1214
456
8139
6615
6529
504
7772
540
6644
8276
5278
3610
7292
4841
9685
5697
2077
391
3902
6940
4785
3105
907
1301
5316
8870
575
4128
1858
2526
602
5605
9484
930
1264
1747
4530
1084
9563
8210
9916
9360
8582
6141
5192
10
315
7059
6666
4230
9277
3282
80
2350
5731
5838
6119
4612
4551
1022
4846
1804
166
401
4522
1092
6652
7040
5286
5042
3241
9354
546
5787
5098
7151
3763
601
3106
1742
7670
1263
5827
243
1299
6682
4025
559
410
1280
7051
5644
2940
3087
1183
9844
6158
9407
3835
2701
6292
9034
9002
2618
9827
2852
5450
6765
3430
537
9925
803
1353
4763
3656
3590
3081
8811
9613
3462
3658
1082
3626
47
155
3067
2967
2303
4680
3907
8321
8314
3800
3166
4872
5953
4721
5909
9402
9390
5980
8913
2729
9646
9636
7965
8143
8408
2203
2060
8145
9306
7666
9787
4145
9821
8005
7912
8733
7133
6718
3654
8916
531
4439
9948
6435
5202
2454
1095
1390
600
4659
3308
8703
5652
6130
8727
3652
9228
9545
913
3056
438
5097
4746
7905
5178
2866
71
1921
9139
7806
8629
4521
8534
2590
6149
9878
7881
3757
8741
2568
69
1454
5238
4949
3311
7175
2873
2982
5072
9155
7089
5999
6143
9123
2230
6390
8778
7139
3746
6422
7853
9568
3314
790
8495
8167
3132
1463
2493
8245
629
4552
5723
6754
2122
9015
9920
7866
7310
5738
1649
848
361
15
2325
914
3118
3475
3850
551
4036
1433
1585
6019
977
8047
2428
7603
7576
9773
185
5740
7962
7553
9661
1725
1785
5988
2472
3412
6218
6000
5066
652
2051
9090
1378
2286
9584
9209
5862
7397
6247
9880
6137
2159
9583
5033
5370
4978
8311
6609
1517
3428
8108
2862
2743
9644
2570
2356
645
9503
8262
765
6135
8780
7780
3998
5508
2910
6864
1317
7595
7194
2339
6441
4494
897
7723
2883
3317
2711
5994
5424
6087
8470
7266
6606
6891
618
3973
1519
7967
1551
8316
4601
3371
7276
950
9616
5163
4314
6
3400
9399
2616
4557
7599
4932
758
7578
6834
5329
7893
3682
5241
3860
7565
8383
7353
4810
6109
2436
4518
1865
4754
2315
3578
1436
9841
415
2996
1457
612
5020
8250
219
2802
9921
6090
9823
2245
464
1287
8972
9344
3321
7914
780
6647
8926
5355
8841
6873
7637
3898
1833
4698
916
4223
5550
2595
2741
4944
1324
6573
810
8745
4734
9060
6164
2756
4039
7355
5960
5226
9864
2393
4403
8648
5262
7399
1653
4385
1359
2057
4316
4921
5728
7953
6470
5892
565
9974
7487
771
6094
5998
5814
1440
7919
6850
3005
9858
3854
4581
9391
5974
4292
122
5625
7050
7142
6937
309
2771
5103
3055
3809
2845
4153
6076
4534
4724
5665
9901
425
79
7616
418
7904
5725
9242
4602
7049
1988
998
2901
5314
2067
4221
6301
8914
51
1430
6648
3831
6658
3780
9834
4753
9958
983
6929
3083
6853
1845
9448
9686
9749
2848
7508
1590
9867
4434
8030
642
2415
8513
4528
4838
967
9805
7614
6144
8422
6244
7434
4664
8644
6485
168
2511
6208
1006
5150
6525
3581
4386
9499
4272
3826
7031
4726
1571
4089
1071
6065
9771
3446
6761
2395
4836
5057
1622
3618
8758
4169
7563
1302
3516
8659
9480
8751
2121
703
6518
7956
9160
4103
9743
1361
1791
715
3509
4369
5288
2120
6688
9433
1911
5896
4404
2488
5730
3422
688
555
3175
5383
693
3342
6896
441
6466
569
1249
4130
1057
1496
9628
4167
5685
7727
2182
5579
3273
8880
2927
6036
2884
5750
9318
3569
3558
6113
2226
1174
4531
8584
5846
8910
1485
6160
5914
4131
1633
9753
664
9683
2221
6590
2966
4823
8675
5469
2868
4129
1860
4484
1918
1114
9869
4374
6507
8434
4149
3536
4605
6565
4440
6923
7786
5879
9368
2534
8678
5388
779
83
7039
6494
1882
1080
2199
3174
736
7510
3155
92
1953
9569
3602
5761
4430
2649
2501
3480
1987
611
2530
7732
604
1445
9688
1690
59
9791
7644
1251
2603
8983
4643
1977
7004
7752
5843
1877
9020
4492
5976
1999
9079
8568
5919
6202
3754
4200
6807
8045
5263
7159
5134
5657
8098
7343
2281
5470
1866
4216
8548
3499
6179
5210
2821
7207
7136
2480
5950
6400
5939
8704
2390
8796
341
972
2397
307
5007
5402
8583
2768
603
1182
6176
4319
4498
9670
3579
3193
9744
7046
4998
5781
1777
9555
3583
5431
6378
5139
9724
8754
2210
7694
3803
3041
7184
4716
6298
7198
273
379
8260
2299
450
2050
3785
7740
350
7259
7108
4771
202
1864
5142
5096
5626
6121
2091
1598
1556
3358
7260
8740
2858
1284
552
6191
6759
5858
5683
5924
9819
709
5035
8601
2764
6881
8551
8900
2368
2237
6502
8541
6256
7045
2997
3859
2
4172
9444
7014
3043
2207
6162
9775
8692
3129
1910
1837
596
488
6156
7701
5211
3168
4873
2416
1037
6821
2714
1371
1826
1658
5766
9630
3849
9632
1607
9999
6683
2782
6061
4321
9029
6768
2774
5213
2498
908
3097
3372
4850
5143
2176
8141
6876
5874
2716
6866
1827
777
4973
8390
225
8282
7850
8871
525
3033
180
9340
935
4155
9220
8854
5076
6386
8436
3657
6484
8624
1835
6369
3948
8189
6316
8433
4966
3605
5624
9310
7456
8950
7621
8790
593
4524
2104
2855
9780
2068
2932
3069
8285
2699
9151
8459
6080
812
2734
3609
7874
5586
5910
2622
5041
3977
4926
2408
7981
1258
1148
6803
6393
1986
6558
4760
7691
7316
8965
1629
8986
8664
4335
1628
2542
1544
238
4014
7020
434
9199
6594
5978
4953
7214
7544
8301
8011
9498
624
8174
9223
3066
1624
2732
3244
2535
3622
4236
5084
3737
532
8136
7811
4229
2142
6933
4268
6453
2751
8061
1426
6223
8619
4627
1968
2265
2127
8370
1467
8414
2629
6290
8435
4611
9038
8178
1277
5009
1703
8299
8920
5975
6750
923
2475
8858
9785
1942
9031
4303
9474
9236
2994
7466
5175
1010
2869
553
7859
3340
2130
3979
7926
5320
3891
8560
9357
7158
5080
8961
6430
390
6958
4134
3163
490
6795
4831
380
3791
7722
1459
8212
1077
1808
3995
6607
2189
6670
5911
7869
1292
2557
6568
2381
4160
3295
9421
3484
6510
999
1330
374
1909
9362
2745
1723
5433
7092
7474
9716
1554
144
7105
2976
2052
7173
7530
1158
7485
5810
1701
4876
8406
5970
8917
2668
8312
2188
5715
6660
1337
3334
6329
8151
5266
8415
7402
8468
2949
2692
6356
3482
8984
8546
4008
6659
5795
95
1210
6155
1799
2545
1243
4241
6719
5356
1828
5598
2744
2685
581
3545
9633
3612
7153
3269
6028
1974
1842
267
1575
8214
5362
6650
319
6580
8752
3500
6216
3649
6610
4332
8886
1982
5077
2777
1344
8373
9934
4451
2623
2294
4675
5771
3808
3655
1615
9403
6499
5201
2522
9761
2727
563
2971
5930
251
7348
207
1798
2241
9055
1557
4405
7523
9165
5092
5866
4262
419
9183
3538
60
2410
5575
6902
5049
5327
329
1935
9428
126
6657
4880
4952
2865
9109
7333
1437
3343
7667
7585
5659
8216
8037
9162
6181
1841
7215
921
7838
8006
8995
2617
6737
4376
3240
8241
7831
4644
5481
1339
7364
3065
839
1250
1480
1541
4431
6608
816
3391
1809
4535
1373
5196
3960
9587
1924
6631
9275
6117
1710
6214
6825
4885
7102
3949
7325
2236
9459
8208
528
7270
8157
710
4934
7361
8845
9047
8455
3546
3425
2551
3751
4159
3378
1486
9384
9326
7298
110
8162
6157
8504
2463
8690
4689
7969
5722
1376
6888
2631
6408
7801
1666
9283
9065
3515
9423
3108
1223
5284
4654
282
9429
2160
5527
8535
1338
6455
3363
8799
2936
3410
3157
9338
1498
1229
6603
7902
9528
1233
3673
7228
2100
6991
1927
4985
9553
4443
7934
3976
2277
880
2187
9520
5543
4373
9983
2707
4209
9249
8417
3135
7842
8440
9992
4470
5870
1630
7717
9526
7243
7319
9537
8024
5617
8479
7274
6868
9279
5217
4251
7454
4853
2588
7607
4323
8990
2818
2900
4420
7545
3693
5312
3920
4305
2441
2954
2429
4340
6381
6383
4805
727
7476
8395
3886
5828
9759
4665
135
4762
9745
3640
4646
8686
2695
5156
4567
4591
3944
5326
479
2519
6482
2851
5162
5231
475
8616
2106
877
1838
8802
6859
6649
41
8313
682
4120
742
737
857
7015
3845
8708
2144
4588
1387
1619
5218
9945
4417
7067
6454
9989
2168
734
9097
841
4397
9882
4590
2143
953
2409
3905
6373
1202
8059
5468
928
35
8935
2296
1610
3119
3375
3502
5321
8761
8372
5517
7013
3646
1518
1255
2089
1868
8680
2307
8577
8154
301
3773
5399
7771
8599
8482
5641
9655
9016
9291
7125
7873
4672
381
1516
3740
141
4780
2979
1511
5836
9395
3885
1017
5317
4088
8449
8350
2922
719
6241
9589
6584
7524
7473
3861
2343
1122
5234
3876
2893
8862
7645
7773
5567
7099
1676
2921
2151
6519
2102
5857
6978
161
2016
9638
591
3450
5052
9727
3871
7642
9680
9405
799
8072
7944
4514
6787
2567
318
6307
3792
8544
1931
1820
1706
5942
2789
1621
8185
7370
627
4822
4755
3511
9690
6755
2264
1512
1730
7293
4751
5462
2275
6561
190
6022
1181
1770
6872
4697
3908
7113
7512
364
9019
6409
8165
2367
9861
5161
9182
615
4045
8646
6597
2172
5964
3703
7034
9101
8701
7282
5328
1178
5014
713
731
890
9676
2119
7340
620
9641
7554
8288
1099
9965
4276
4748
8927
7820
7484
5123
5204
3925
5688
1509
1603
385
8742
3527
605
3911
9922
1992
7386
8289
3801
4055
4895
1895
6733
7628
9237
2163
2117
4993
8874
8099
3715
8660
822
2328
7940
7115
1370
9136
6707
37
530
8647
7388
7453
4826
2919
8192
1801
3719
2467
6471
7368
6086
5172
9072
2240
7470
6537
5604
6015
3958
8806
9142
8827
5447
6413
6074
1917
8333
3149
4459
7739
3306
5181
3714
3350
7849
52
2612
1582
462
9272
4561
1578
4717
1011
9308
9144
9603
587
8573
7963
9595
3386
2359
1169
264
2842
8101
8608
8310
3842
2925
5614
2462
1241
5127
5544
1533
8549
9309
640
5018
7880
4711
1107
6582
1632
4263
8894
2392
5587
9907
1494
9973
2824
3935
1898
1915
1943
4212
9847
2243
4801
3736
1428
3357
3465
7005
2483
3054
9758
1432
9490
5439
5589
2666
7185
2291
8049
1316
5494
917
9617
2516
3887
5307
8835
9048
6739
160
7286
3341
1093
5852
9767
9952
6955
347
81
3729
4033
6328
6540
9167
1912
1503
3245
8258
8667
8379
3294
8478
2017
798
3708
7643
7857
3735
843
5571
9738
9621
436
7279
9000
5280
5457
2598
44
797
6177
2425
1289
4787
3894
548
8805
7035
5354
577
1283
2012
3597
650
8130
1695
535
1937
9914
7736
8640
3733
1208
8196
6799
3892
8779
9137
9486
3039
3197
9905
4364
4490
9609
9215
2723
5109
408
8441
5371
4137
3697
7208
9081
3146
8066
9777
7077
3237
3495
6857
6989
8308
9143
6251
1613
6475
9205
6282
4105
9328
8477
3950
6717
4269
165
5194
4100
9577
3127
573
1166
9247
3519
2365
4641
2173
6781
7601
927
6731
9032
5639
3699
8225
4460
700
1831
4371
3355
399
8256
7145
2803
4619
9793
3015
1212
4539
8570
2844
2945
2438
4277
8876
8891
1201
1793
3468
678
8861
7230
527
4958
1558
9656
1021
2171
1667
1675
2989
638
4082
9005
4093
7367
793
6685
8411
7951
4712
2061
313
6477
6746
9327
7711
636
5064
9153
3705
1824
4858
8131
2611
6679
2874
344
1267
3783
699
7941
5387
5682
1949
6124
1679
1098
5881
6370
4728
9813
2809
4288
3904
9809
7499
7
794
3702
7669
791
2961
8971
2740
1763
6030
7465
2648
4165
5855
762
4432
7631
4181
5117
3900
1960
970
9904
5446
9244
2775
7327
7724
5445
4854
9333
1460
7062
9431
6445
671
2589
7626
6877
5629
7075
7235
386
1030
9808
3218
3663
1176
6142
2950
6334
800
3553
8887
2053
9088
5902
5789
3398
306
2154
4307
2250
7948
2779
2621
5372
6102
1331
7681
4710
8770
9582
7477
6976
2430
4907
4228
2797
8786
8191
9824
1441
8017
8847
1774
7455
8747
8713
167
7620
1165
7412
7497
5056
1832
1674
3007
7855
9464
387
76
5529
3274
2084
5245
2988
8769
7396
5147
9806
5768
5336
654
1867
6592
8756
9611
9254
9043
8959
3914
4454
2908
2733
1704
6359
5655
8782
4709
8211
7707
9202
2722
865
9578
9493
4625
6004
5357
9511
2166
5130
9560
1348
9262
3485
9240
7770
1146
2340
1271
3159
487
4705
3879
7048
7719
1137
5301
9966
5216
1
2728
9196
1778
30
5189
8246
1873
1061
7403
9779
2338
2889
1644
4285
4176
818
7688
9483
1403
1207
4972
7196
4198
5403
189
8444
5190
1395
7774
4196
1357
9239
4360
5908
2806
2446
8100
9647
5713
6823
7425
3380
673
4798
875
6049
3324
8897
9532
9392
795
6943
4135
8814
428
5551
8529
8481
2804
5681
8937
4264
6975
3483
7019
9979
5285
9146
4136
6783
6104
472
2512
7299
1116
1941
362
2326
5904
1231
7064
4419
443
8124
7073
9315
6025
5690
7287
6843
7426
2096
9497
1049
4442
1112
4594
6335
4770
6767
3882
7823
279
8502
9157
8999
2022
4825
2335
1400
9225
9017
4935
9131
7568
6622
8589
6116
8086
8207
8896
1068
7779
697
5158
2697
6980
7975
6035
8553
28
6747
1038
2752
655
8127
6479
5554
6959
1600
2262
7878
2423
9691
1525
4517
1543
5426
5380
4040
9842
8267
4809
9955
9776
2709
9311
8152
5900
7756
7817
8224
8501
9089
6457
2047
3014
2301
5957
5566
6467
5377
3667
7856
7496
1278
1469
3126
8523
6520
3337
8979
6770
6668
7528
5991
3445
8266
6311
9174
9346
2780
5510
5990
312
2482
2304
3075
7907
7101
9564
6751
1609
1190
2515
7872
7493
4878
7782
5132
9814
2918
7860
3080
1964
7018
6196
2836
5444
5840
1513
9397
3192
4171
4969
6784
2232
5282
6665
4015
5299
8027
8989
544
590
8952
8674
363
1247
5159
5151
5545
5959
5490
9243
6351
5486
4874
5374
6426
6363
8578
7532
9193
5588
3964
9436
4147
6309
684
2470
2497
8138
1729
4775
8746
4299
4526
4851
1601
5122
9671
3265
3421
7619
3633
4906
8684
6336
9169
8386
3607
8087
3290
6920
3838
5313
8559
6276
9268
1332
2123
2877
4412
8800
2044
4508
9042
5630
4127
9009
7596
2788
3721
585
7758
1985
2895
7924
992
1342
3160
8888
8476
8804
7665
9219
3811
4151
6431
7997
2224
2566
9936
8655
3946
789
1405
9926
4707
1539
7359
686
3873
4560
4925
6391
7927
6095
7910
8352
6192
9006
9756
3013
3507
637
7082
2986
6905
2474
4957
7655
1474
8029
6589
2630
6341
9862
3082
422
7900
7841
7693
5674
5792
965
4219
2978
4657
7952
2023
7183
9271
8848
8078
7446
6939
8668
1026
5022
7844
9074
5512
5819
3497
8830
8036
3570
3094
3619
9760
5562
1042
2242
1839
980
7094
2469
188
7086
9675
5989
2962
7441
7795
6339
9810
4776
3150
2366
3966
8996
4564
3373
1599
1545
1671
828
3086
2841
6738
1227
7546
1894
6817
5093
6624
8186
2755
5676
4409
442
774
3432
5773
5198
2131
4473
4922
9140
3611
8571
9774
829
3212
5102
1064
4274
8410
5496
7582
6681
6812
5973
5601
3360
584
1874
57
3931
6053
6875
4682
9013
4326
9269
3151
8389
7490
9238
6172
2920
3407
7430
4600
9036
9284
1447
1238
98
6018
3924
5350
6526
2632
6072
7891
5099
8677
6535
5428
4387
2992
3278
4595
8431
8564
4980
3104
1411
2665
345
3890
7583
164
3700
5394
5071
7535
521
1374
427
4092
4423
9068
8198
1420
3591
2045
3572
1854
5868
6349
116
3201
4636
6147
9642
2342
9832
3419
8159
5640
2763
6676
7826
2715
3635
8656
9180
7516
4220
9662
5763
1205
4609
7467
4589
8978
5743
1617
1059
109
9039
2375
7450
830
5549
9941
5455
2970
8652
9524
8613
889
6947
9816
7271
884
1908
5654
9449
8768
5932
3877
9514
11
6714
8884
3231
3006
3778
3191
3747
6217
3348
3113
8889
7433
3577
4394
7060
2694
4362
3547
8603
117
9843
4520
7246
7558
2310
2387
6052
2571
1589
4967
9733
4161
8776
2003
6041
6588
1379
8784
5834
7818
9351
2991
5351
8462
8970
1711
1976
5702
9848
9159
9500
5005
8416
9928
8252
497
1527
760
670
3512
3975
8402
384
3627
3544
278
2279
1120
1083
4352
6497
996
9570
1576
3329
8376
2256
4065
632
4548
5037
1329
8181
4006
6554
4593
3335
9726
1325
8448
6693
8057
430
4684
9667
8600
3008
6093
7705
4070
1141
1552
8931
5772
7322
5120
5067
2040
6023
2602
8230
4741
7574
3431
3031
9426
2659
7272
976
2200
4146
1096
8064
5106
482
8091
403
9721
5511
6044
1218
1224
1506
9104
2455
3190
5101
2386
3568
9442
7188
5276
7656
5671
3565
9124
4715
8335
4408
7421
1443
854
4034
744
8107
1652
2505
8113
8228
3206
2126
8739
7225
910
3564
5392
1640
9389
8821
9548
2439
1550
1856
7793
8689
3867
1187
6125
6628
4951
1298
4739
9711
7010
9022
4456
8528
4079
7680
9549
680
7833
2626
1009
4400
7615
5933
4989
9349
2090
3798
9164
8129
5125
1567
8237
4382
9845
3139
808
8966
1473
3645
149
524
5536
6345
7957
5484
1487
4877
3455
6967
2412
8229
8623
782
7753
1475
9879
9788
9408
8116
5417
3644
7128
4199
9227
9371
1109
6362
7625
2712
2124
6057
6449
50
5148
2500
9445
2938
9731
802
3934
3019
4157
8404
3130
4239
4939
1275
2899
853
895
3775
9701
4891
5365
9836
6536
3243
1407
6677
7329
5091
5131
9416
4076
4483
8905
5764
4613
1691
2829
7439
7011
1656
1772
5144
1253
3046
4413
943
985
990
557
9496
1502
7331
8439
8596
3837
3587
7960
8012
2614
9355
3820
7118
7646
3092
4844
1281
58
3997
9855
375
7221
1940
7318
5464
5169
3647
9881
5606
2059
4815
9472
6972
8226
6854
3001
226
9658
739
7117
7472
858
9492
2411
4023
5664
5661
6870
8808
6574
5232
6175
4667
4104
7980
7389
4768
8853
3978
3390
4099
1048
2396
5719
4723
2915
7572
9728
6461
690
6319
6993
3821
7232
1456
5898
989
8594
562
5499
9100
130
4794
7805
4512
4660
3762
1714
142
3677
1145
8278
6115
6532
3870
5830
4265
8209
6941
2006
7414
8295
4356
3247
3872
7845
6882
1507
6299
2580
7734
120
4414
8461
8908
887
5473
3326
2549
4592
571
7521
8538
6040
3704
447
5015
9735
9804
8016
4965
2066
7892
1928
5670
8809
5796
2288
3379
3916
6673
9653
4304
8427
8825
6915
3298
3143
1103
3603
4797
7846
3739
1386
7920
501
3215
8172
1885
5992
3962
6675
1602
825
4478
2527
7728
4668
6890
3327
4090
7054
2431
3503
2870
200
5565
1140
8962
3678
7726
3674
9567
9207
5633
5853
2244
3529
8855
7197
8121
1595
9066
3012
7148
7212
6221
4452
87
1531
5396
6195
8822
1947
1425
5182
9455
3843
987
1970
6146
6797
9963
4096
423
6318
5346
8818
2362
7218
1705
2403
964
1101
7863
6836
7901
7405
4868
7939
9799
5315
2898
8219
7832
8856
9211
4273
5839
2048
6692
2934
9693
2942
1562
1087
1597
9366
9768
685
8901
7025
6379
4416
1293
3095
3550
94
2859
8466
5820
9669
9792
3035
903
175
2843
4955
5184
18
2965
6960
9214
467
3351
712
4009
9457
5478
2811
4063
3140
738
7945
1222
8003
6903
6414
792
3429
5547
3099
9796
9938
707
1758
3434
8941
9677
8063
7547
1715
2834
9393
9454
9045
8369
9889
1586
6513
3818
7916
3418
2253
8698
4867
2402
5
3909
1692
1309
669
5662
2038
6203
1734
9156
6559
2913
3625
8232
4097
367
1967
6300
5017
7635
6806
785
3110
288
3010
6734
372
1438
5721
6634
4115
7990
4468
4691
9195
137
102
281
626
9482
4930
5032
3254
1538
518
4173
3436
6002
9061
2785
5867
3208
2485
9343
2582
4302
8102
7861
6551
2827
4339
8939
2092
3338
6842
9257
4250
6187
2025
2533
7072
8033
3878
5342
568
5811
6544
3749
187
8872
1397
1334
6686
9807
3433
7754
9477
6495
3955
6916
4722
7303
2863
6046
1983
6420
6511
932
7154
4341
3919
9815
4706
2284
1383
1472
7171
8150
7617
4799
4849
4674
296
9893
9365
6742
5039
7883
6126
704
6067
6355
7696
3551
7822
1066
8043
8948
974
182
8359
9933
2027
8283
5119
8969
6835
6170
383
7590
7000
2504
5452
3492
1345
6302
9481
268
1078
3490
714
7290
7409
8326
653
4038
212
4542
8987
2086
1959
8566
5248
3370
891
6246
1044
8797
8879
1418
6150
8527
6451
3767
195
213
8592
1732
1121
9115
7166
337
8975
5302
8512
5504
740
4737
2036
1958
633
7564
9839
3683
486
4188
8868
5524
2872
4438
6938
9453
8666
6710
1775
4428
7581
1984
2164
7016
9530
1682
6735
6944
4661
5300
991
5518
3686
924
4655
2816
8765
578
8013
5865
8737
6769
958
5303
5746
2830
4192
2134
64
5347
90
2258
533
222
5227
7998
7042
8519
1570
9909
6936
5756
4538
1853
5590
3020
