3088
2907
8911
4249
4348
8554
9119
235
4015
6177
7481
956
7001
3779
7857
26
1528
3665
9174
8700
1355
3122
5739
2725
844
7756
6063
9481
955
373
6668
2999
5158
6022
5600
5068
9732
3361
4098
9399
5137
1232
1310
7697
6584
8398
5484
1201
1373
6556
7254
4879
4614
8321
2516
4754
6653
827
6250
656
4797
6344
9653
2800
3212
9789
4380
2959
9104
7824
6416
3852
7554
2272
4610
3912
1670
7386
5773
3731
6003
9826
1937
8795
2415
6953
461
8268
3829
6758
8613
760
4445
3993
7387
1744
3669
6408
5496
2878
1860
8570
2183
4848
7141
9366
6057
4658
9021
849
9517
3247
3481
6600
7894
5570
4491
1427
9349
5389
9526
8674
1737
2666
4793
8633
1910
5167
7947
5110
2635
1352
7501
8216
2574
9652
3343
8733
7990
9861
1518
9097
5755
6328
2382
6928
184
3893
8300
9511
2129
8673
7166
7522
9050
6984
1300
5628
8424
9407
821
6704
1209
104
1847
4948
3188
243
8702
2513
6820
2133
8711
2733
3709
4589
5207
7059
2478
6088
2381
8297
4591
920
6567
6626
5548
4649
7903
1478
6782
3084
7370
1082
4317
8112
5881
2127
4342
3726
547
5598
6355
8385
5852
6242
6329
5646
111
1073
7993
6336
9143
5361
383
2484
7299
5767
7749
5770
2695
1088
9924
6261
6240
943
6259
9393
6871
2110
2899
9788
7365
2239
539
4185
1078
3653
388
6996
8792
7148
2208
1403
9530
4464
514
3730
45
4507
7042
4775
1657
5892
2719
6930
1347
4074
9309
7342
1464
4409
688
3064
9364
9337
5130
5249
4252
2112
1844
2617
7102
8509
9670
9302
4714
3565
600
6267
3918
8874
247
2349
4606
1301
3733
5798
4229
6280
4733
6010
2771
3729
969
7382
6842
1978
1077
8505
5131
6794
2493
251
9273
4904
8925
5934
1249
6987
4805
2007
5054
7037
8908
7677
5525
6073
9570
4138
1041
2386
6225
1824
5382
1152
5150
4939
3504
91
4869
1685
4543
4333
9731
5051
8796
7008
6771
1294
8048
2159
838
355
2250
9880
9510
2581
1328
4251
6676
4933
2031
5108
3222
6232
2027
8811
992
8019
9458
7405
5048
2224
7539
2254
5251
9501
2361
9869
8599
3199
8251
4194
7435
6469
2490
7436
1376
9637
8691
1357
329
2686
4221
9759
1997
4369
950
9487
6936
73
8259
5845
1149
3365
399
1289
1377
3771
5571
1894
68
6942
9476
3694
2198
9041
5644
1763
4814
2162
5521
2678
7060
6612
5601
4572
9515
7090
3948
9959
6015
813
4702
5208
3089
3220
2730
2144
2938
6084
3795
6659
8119
7992
5736
7938
9774
9849
1585
6390
6158
7473
4682
691
8101
8181
345
994
4776
6030
2139
8364
6376
38
5650
6793
1589
7610
1049
1584
4922
3263
6129
4786
8616
3279
2632
9568
8539
6276
5234
6692
3737
5133
8726
4466
7569
7902
2288
9626
2998
1833
2605
1816
1087
773
4581
6886
8525
74
7831
3759
5184
9962
8172
1013
5161
6579
7611
9406
3195
1648
7259
7081
7700
4367
6239
7605
5729
9256
4602
192
3047
3475
7114
440
1227
5296
339
7567
7533
3227
7664
6975
5691
909
6994
4794
3891
6312
5821
1718
1429
8190
1097
7068
4244
3240
2726
5672
9636
6484
6405
5785
4133
6623
5421
9124
2406
3676
2536
2024
6116
4362
92
9661
9225
4305
7134
7390
1119
5370
303
3474
9957
8232
2742
8490
6147
8160
1535
1876
7593
5684
7240
1865
7174
3895
523
2649
3091
2953
3332
3498
7914
4632
2396
3045
439
6045
7694
4855
1288
3108
3103
5199
9459
949
4201
9327
7022
4618
6631
5879
1521
3606
5464
1426
4114
1148
8683
782
3009
8169
8676
2916
3906
8650
6485
3883
7705
5982
3347
3292
1507
5794
314
4513
8290
3069
4357
4232
1446
9593
6438
8208
4283
4341
7555
1450
9292
3514
8983
3521
391
5001
8789
4878
5147
7273
2260
1050
8349
896
5848
147
4895
4331
8800
2235
9934
4548
2818
881
6295
2819
7304
5345
8888
2564
9131
536
3412
4350
4672
7346
4723
4353
3955
2384
7642
5410
5493
6748
9438
9945
1755
8191
8776
528
3102
9583
4751
1626
1825
3814
5897
7613
2826
3524
6103
4238
7745
2178
6933
6998
8461
5033
9405
4147
3744
633
7542
4676
4777
4132
2076
4212
4552
6552
4134
1602
9807
5332
4245
555
7924
8904
1279
907
1153
6719
9901
4335
758
4666
524
4162
5327
1673
5905
6076
6779
1985
1966
8976
4083
8149
1548
4971
6904
3467
2633
4707
1113
2855
148
7998
8240
3493
1572
5224
970
3182
1796
3373
4843
3602
6926
6983
5462
5626
3281
2355
2367
1319
2776
5062
1447
100
5201
6353
8688
7072
895
217
9157
155
7101
174
9269
5329
4721
6054
4667
2486
5081
5012
6230
1549
9622
4500
3251
1316
543
4764
3651
9782
1904
2313
7315
9408
2877
161
4555
8108
7915
475
7868
9728
1150
4717
7136
5814
9263
5590
7374
3060
7638
9764
3461
743
5377
5294
5642
9904
3428
3423
9740
892
7230
1742
670
1835
4032
732
4284
5752
7953
9217
4743
7987
9118
3074
2504
4758
1200
1385
2068
4767
607
5354
7377
1125
2320
4377
5627
3072
5362
2161
4410
7817
2939
7532
5952
6581
2323
6134
9334
8482
1901
9222
1681
7784
300
4588
2576
4374
2466
744
9195
7049
4453
1896
5513
495
796
686
7493
1960
5779
99
1030
4987
281
9674
9702
8323
3439
6384
262
7540
1582
270
9822
5898
9999
5614
129
2021
8753
7945
9178
4392
5459
1806
8235
857
5883
8735
1221
537
3981
1823
8375
3633
3800
3975
6005
3658
5783
692
5204
3210
4662
8026
5429
6091
9384
4106
6720
7818
4512
7137
9647
86
5357
2787
1652
2102
6651
9587
6800
8285
9851
5127
2241
2736
9969
8194
5175
3121
2146
4332
4644
8129
6839
6555
8209
3353
2944
6853
876
8841
1834
5367
3432
906
3306
5032
8592
1948
2785
762
9485
3838
1142
622
6770
3248
8085
2041
7950
3448
8127
5344
9216
9348
6352
66
2440
9488
1526
5654
7409
6220
9288
7366
4779
9239
1761
8988
1675
8255
8705
8703
9113
4428
5471
6058
5903
1327
8024
3114
852
9673
2344
6654
6872
2348
5121
3969
3637
9523
7966
2893
2822
1873
771
4040
4205
8052
1296
5567
8894
4455
5106
9549
9207
5381
8466
504
8462
2607
9938
1752
6282
4195
8767
2833
6730
3052
7132
2934
9139
3926
7467
6683
3654
7498
3398
3388
8501
2905
9336
6874
7889
6072
4344
8737
4248
1586
6536
3791
3751
8361
2761
4087
9179
2748
7454
1345
4675
6414
6365
2015
1758
7213
2414
9220
200
1942
5823
8889
8699
3298
3444
4688
7630
2777
8969
5748
3106
1931
2444
7113
7032
636
2152
2408
4381
945
3079
4624
2432
3051
7277
2604
7017
7013
3965
8619
5087
1922
284
2690
1017
4827
5616
246
9798
2538
6433
9177
3624
2682
928
4756
8814
4080
3868
7043
5028
1111
9757
8989
6835
5710
4051
42
4930
3477
2810
5247
9445
5444
2445
3429
6178
3930
7920
1643
1803
9908
8476
7740
9993
9531
9265
5129
5256
9718
2885
1730
6780
4082
6275
2375
3880
3622
3482
1029
5762
6944
4413
5287
4394
1819
1354
544
6752
6502
4143
9166
3693
5588
9223
4316
8706
9552
4046
8347
9751
6693
6700
6857
6745
4979
5486
7331
301
6019
4928
8196
1591
2857
5284
2667
4785
8141
9709
9037
3272
8791
3250
5046
6711
5353
8182
7786
7666
9333
8363
5238
959
254
6115
7411
5390
6966
6881
1307
5542
1128
224
8953
3404
381
8274
7486
2204
9697
1607
179
9192
114
7757
2430
7226
7927
4852
6367
2955
5884
9535
4568
8054
2357
3557
9420
5789
2334
3798
8990
61
9457
2343
7753
8032
7325
7253
1472
3205
3564
4638
5757
6594
6308
6868
9662
279
6075
632
521
3027
8640
1787
6197
7795
2544
6461
3531
612
8006
1414
8898
5183
4437
7978
4461
6860
8016
8176
8380
4262
6981
9708
3083
473
2945
8666
2805
9425
6995
7681
939
8202
8725
3269
3976
3266
3707
7909
8372
9206
3303
2562
7631
7912
8497
6564
1729
9247
5932
7087
2210
2764
2923
9533
7763
4444
9312
1181
1920
8524
7047
2488
5440
325
7709
705
4219
7076
7490
7096
3092
3186
4782
4813
556
8289
5740
2881
2086
5503
8585
6516
1460
2048
9284
5293
1664
8832
7284
7023
9890
761
7959
2808
4796
5126
7445
5473
561
3464
5413
7126
4980
3207
4118
8256
9875
661
7863
6303
7775
9152
376
3878
7078
9521
7852
8842
4908
3620
4587
8912
17
8008
2359
5914
9743
5030
701
3313
2363
4791
1339
8254
8881
5156
8165
6854
8808
7127
8059
7531
2806
1197
9158
1795
7926
736
2418
8728
8607
7916
8298
5658
3350
4478
7131
3682
75
8055
9557
6157
1233
5281
452
8459
297
1134
1567
5535
4026
9082
4592
3832
5687
9378
63
5946
469
2259
7844
7089
5036
3424
1975
4897
9864
220
2811
2392
3233
493
6315
1130
7699
3559
2847
4109
2228
3010
402
4324
249
3100
2138
8166
4002
5337
774
5458
4076
8947
9846
9254
5153
6264
3580
19
5279
1715
4811
9692
8221
1640
1118
9315
9671
4578
8450
9450
5152
7177
8805
9744
5844
8340
313
5516
3071
7545
3172
4383
1913
8039
8639
8583
8654
1498
5517
2018
4518
8011
3776
9790
3884
7701
5835
127
7120
4804
8527
9163
8154
1139
3238
7479
6929
4049
6077
3888
1236
6681
6509
5995
4286
2537
6689
6925
7598
2262
1372
7453
4943
6488
4899
1612
8387
7717
587
1967
6543
7294
431
7980
8565
1711
2251
9228
5621
2947
1110
6734
3236
3990
4220
4321
7876
214
4168
5865
2505
8594
5253
3410
2894
1407
7264
9561
1947
9605
8388
9948
7913
7524
6154
1623
2711
7398
3348
7216
6102
2773
5979
5343
6369
3226
7064
188
6899
4468
3590
6764
2845
358
1936
9067
7119
1829
7515
59
2644
6069
3028
2261
1060
9946
4436
8051
6194
6840
8907
2385
9923
4417
4601
8670
6357
9812
9473
7246
1996
5222
7029
3553
5604
3644
522
2317
6834
6605
7416
5451
1418
8580
9668
7421
7003
5428
5872
5636
3639
4828
2615
1135
5185
5022
245
8308
5638
7412
9763
9105
7585
644
2876
5188
6096
4732
1600
6828
3377
2902
5198
8979
7765
9290
4949
6400
2118
8774
4294
9389
4024
2255
6048
8378
2782
1649
7099
3727
1881
7739
4705
4700
4479
3024
9654
9221
4053
8742
8658
4947
9815
5364
659
9024
1308
5351
9813
2243
3206
8110
4747
2336
4514
7928
9509
7097
1895
5547
2437
1495
7734
1838
8185
5045
7351
503
9236
5681
2494
7929
5527
1421
1702
7441
1415
9497
4536
3138
1252
6228
1843
791
3162
5154
3860
9944
6836
338
7438
6778
9620
4339
302
8682
2037
5904
9161
4225
7975
3020
792
1938
474
7258
628
2872
947
7521
4953
9034
2867
3241
8264
8981
942
6607
8919
9074
4605
2852
8151
1680
4641
4188
8118
1276
1537
2351
5993
5004
4788
869
3738
3792
7787
4962
8123
7624
5196
1520
7976
9817
4131
479
2321
7038
4280
2831
3643
8730
9884
4952
8302
3171
6419
8744
8964
1182
8180
3345
9142
654
2910
4704
1211
445
8429
8377
5686
6341
9268
7707
8611
3592
1105
258
3922
2812
5005
2039
1562
1481
9382
747
3433
9191
7520
387
6306
9604
4559
7867
3005
7142
1594
5128
8797
6869
8306
9625
1735
7556
8091
9325
1753
9049
8239
6319
9331
410
6439
1794
2640
9616
7103
5901
3728
2820
1723
2402
7683
6796
6795
5310
9360
9401
9776
3192
3608
2050
5559
5136
1693
8831
9341
273
2917
8186
3161
7449
6729
9723
5077
877
4563
9828
5726
9355
7178
5632
2134
7702
3300
756
6403
8171
8985
5112
8707
3191
1350
4298
4222
6528
2757
4427
2389
2122
3840
9927
8114
1463
9943
8133
4910
1634
1689
5921
4267
3753
6427
5680
501
9164
2524
6049
6652
8587
9471
6892
6620
7967
8146
7881
2637
2803
9532
5765
3556
118
9841
5498
415
6598
1455
4685
494
1550
4263
110
9012
3964
1484
7525
160
786
5236
1642
6450
1767
7039
937
7184
7654
5339
4945
9369
5828
9147
4278
1863
4985
4014
2735
8454
7958
4129
6590
2158
3202
5245
6044
9298
9733
5972
9044
9255
6287
6359
7529
3299
2844
6489
6317
3870
5902
8984
5109
2345
1072
4104
8358
8987
7245
2295
1449
1371
5573
8374
7041
3380
326
9806
9545
4089
9109
1156
4613
470
2853
8980
5551
5000
181
3757
2896
1608
9837
7754
2993
2766
5829
1934
9730
2207
4422
9858
4057
3743
6685
6900
7492
6643
7054
3397
5916
4993
6696
1517
9892
7269
7751
8309
8414
9283
8870
647
9089
6775
2863
3978
5857
1046
3264
5397
1090
4113
6805
1980
9906
8853
6821
8523
5436
7
631
6750
9291
7228
2898
7484
6630
6036
5010
1175
6268
2441
6229
3214
1836
2619
3015
6362
2180
841
7866
6379
9135
9639
6202
7159
2416
2618
1325
7333
2247
5812
1314
3059
6009
3933
7503
3984
4902
7780
4071
7839
7088
4636
8337
4986
2763
2747
9926
3540
8622
8830
9439
6162
6649
6238
7660
209
3507
6323
1433
1864
2590
6065
1309
2526
9611
8641
4875
4849
5696
3329
9186
7738
4729
8942
2047
8869
5229
9701
6021
2066
5605
8247
7667
4907
5924
8531
2489
1363
1317
2940
3076
9230
7873
9856
2409
5406
6330
646
3715
9295
625
7210
1536
7084
4235
2424
3528
3491
7714
4171
5439
2821
6393
6051
1331
5252
4582
7018
4693
7403
3988
4634
1959
3812
1112
2412
2353
6260
8818
1059
1625
9304
9106
511
9929
2332
9352
6475
3636
752
1941
7427
9717
7093
6656
6549
2599
8906
4817
3659
1678
9305
8481
7688
1852
3395
6039
9516
1992
4951
4111
1109
406
1214
5119
5544
4209
6175
4925
4124
9827
1286
3959
682
3179
117
5939
6520
6130
1393
1855
290
9773
9956
7536
3168
6703
5582
958
5530
8304
7719
423
5699
1104
2648
4881
3630
3152
8940
4647
143
6095
6189
5875
1764
9786
8341
6161
4336
8330
4241
7731
3058
3468
4660
158
2503
3029
8590
9879
1349
2622
1615
2921
7509
5505
7728
3819
5980
6513
2784
2065
7721
5515
7426
53
1020
7723
8318
7375
5795
8272
1946
789
9252
2585
5064
8383
2475
5157
5307
8162
6143
6248
3579
7489
6540
6110
2941
3741
327
2727
9795
9911
1259
7629
5056
4709
2752
6206
5349
7036
9433
1260
1485
7661
6960
6640
6768
1231
5858
1396
6305
8609
5143
1213
6618
667
5039
3836
6443
6449
2452
6124
6546
5893
7500
4520
3508
22
6583
7442
7430
8499
8486
3465
6662
8418
1641
9989
4892
8562
6291
4841
2685
8197
3284
9396
617
4988
1255
7341
6241
9722
4570
2789
2117
7122
5827
6425
149
5336
1999
3479
1384
2879
9655
2614
4206
4957
8346
7026
5312
9275
420
1076
2770
9055
2081
4844
1871
9886
7070
3134
2788
1963
9596
3597
6636
9046
5202
7209
5572
3148
1813
5716
5787
6527
4683
6500
3778
1100
750
4059
7391
7732
5643
342
940
8627
7743
5606
6885
2080
2987
1566
3132
2157
3712
5786
7644
1765
4642
7130
7586
6407
6669
5164
2556
8270
7649
9903
998
6675
1619
558
307
3563
1898
5328
5555
347
4558
1303
9172
7244
9585
5346
8978
6615
4490
4961
4973
8574
1063
7965
9484
5862
1028
3131
8698
1284
7353
4727
790
4653
9264
221
9719
6660
1471
4585
5231
2846
6639
1849
353
9843
3316
4079
9563
5706
352
1969
7819
5034
6694
5432
9912
2140
4923
2912
6731
266
989
4107
8820
4231
8954
730
8312
7968
2698
264
2561
3818
6787
8645
9687
9514
7977
5692
3494
7251
2137
4266
2780
4831
1462
2778
1977
6592
7878
7546
8150
8665
2233
2929
4598
8833
9860
2624
2372
3826
2350
8029
8507
8445
3873
3297
7033
3174
5170
9400
797
4378
9243
3566
9060
5524
1952
8664
2551
7989
3278
4967
6298
5888
1248
9303
8206
2548
9852
3574
4165
9170
3499
8489
5984
4768
9678
2961
980
8917
2469
3816
1079
8803
8287
3454
2335
1196
2467
4000
5139
3578
173
8230
6801
2595
7309
5697
1512
7799
9598
1907
9590
7783
2589
4937
6916
1140
6807
6374
8389
1235
5042
8963
9130
7431
7974
218
7046
9398
9168
9434
7336
3974
8331
9189
3944
2720
2168
6504
3383
2718
4042
4941
1253
7297
8044
6169
3939
5631
8005
2956
397
9040
8710
3080
9898
8438
9931
1489
3133
4580
21
5378
2443
9603
9646
9289
1040
4223
9952
8136
8056
7470
6525
3638
8952
2306
8474
2188
1369
3526
2312
4036
1891
2602
65
9202
7682
3760
7504
1360
577
2154
96
7851
2153
9562
5562
6444
228
4861
2865
7355
2077
5807
8395
4781
4686
5703
4812
7153
3200
6733
669
7257
1532
1422
5806
8122
7940
4894
8752
568
7279
1244
2827
7793
6160
8381
4909
4823
5871
3985
986
6595
2371
3767
7996
4999
4492
1456
8861
7146
4802
9354
9580
6789
589
562
7499
2132
1335
2142
4769
3841
3246
9564
2704
7298
8825
1155
4553
1494
4924
1841
3384
9704
9345
7922
9260
8993
4192
6671
289
1444
2055
6038
5292
444
2507
7573
6596
6531
4068
9088
3396
5107
6974
9769
2
2454
1085
2892
8593
2121
9820
3601
5060
374
3853
8566
8631
6456
7376
103
9534
7579
8357
8410
6383
8089
2915
3151
8493
9385
3822
6776
9245
2447
6803
3987
5135
4865
1390
9031
5961
8072
1027
7222
2864
7203
7418
2542
5134
5474
2029
2309
2232
1242
9589
2203
2713
7826
9758
6756
5782
2026
1583
5587
253
7321
5541
7801
2245
3769
9010
4459
1658
1814
9754
5168
1644
5815
6988
71
518
4888
9346
681
4659
6392
2003
918
3890
4299
25
6680
9746
3368
2901
1199
6486
3183
6634
4274
799
4840
9750
9848
8178
9737
6497
9775
7574
7713
3136
441
7592
8093
7179
4884
8456
3017
1165
862
3063
7832
8121
5569
2474
9071
9872
900
5796
4856
4296
9402
2608
9729
1099
960
3697
3573
171
5282
1617
1756
6804
1005
6587
6560
5723
285
8080
5648
9787
8477
363
9505
5309
4617
7399
4906
9609
5698
7204
7286
1857
5220
1194
5545
9842
2420
6559
6133
7161
3861
5609
4060
6100
6263
9136
4391
195
1769
1477
4998
6346
2794
4681
4176
7344
6732
1490
3542
8020
2954
1724
5025
6300
1237
4542
8448
8023
2511
8788
1690
5712
1023
715
1632
8884
9905
2717
6954
7850
4320
5977
336
1014
2970
4748
8515
8923
6173
8773
599
6350
2226
5189
7281
9171
7771
2861
9159
394
5217
6848
1798
3649
1667
5021
4652
6909
7094
1270
7248
3823
6349
5191
2011
6271
4695
3714
7145
9870
8786
3696
7224
3725
5014
6132
700
8779
635
2043
4077
824
7769
7162
6040
1172
8327
9491
7551
7129
2308
7804
8578
4886
1593
855
5386
5909
8692
7034
5095
9287
5602
5973
432
3805
8168
8798
3877
4329
7320
9005
6465
4862
3038
3856
9766
8784
8819
5550
8637
3595
8986
7440
1611
8233
4282
3049
1897
6283
7785
3033
2394
9677
223
7115
976
3723
9391
4982
9656
8920
9299
9232
4978
8854
9571
1315
8840
3527
8521
8015
1
191
5016
9086
8865
7207
4530
7058
1547
5352
3055
679
9066
5083
5967
4630
125
1928
9285
7352
9868
9115
5193
419
8291
263
6026
1189
6181
5099
13
7764
846
3436
5125
1903
5301
6142
9771
8620
4890
8623
320
7715
6521
6025
6299
137
7527
1367
69
2115
8558
5138
4770
9362
4120
2169
8697
6708
7512
5321
7404
5788
8179
9293
2652
985
2346
6677
8655
8086
4822
6879
3627
2089
7061
8034
8602
2712
3189
7789
3963
5976
6898
8405
2982
2093
1127
6327
4390
8511
567
2985
341
2552
8130
6047
9026
7009
9539
6093
658
8366
2114
3623
5842
4488
3044
9823
9950
2528
2665
3703
9427
7053
3977
7266
7900
5055
5463
1686
820
6187
2499
1889
1358
5753
9316
6066
5511
2052
3834
8951
476
1186
3506
1048
1646
2966
8612
288
4566
8548
9181
8187
1265
319
8049
90
2421
5080
8177
9075
453
5079
1430
4628
6614
9756
8549
4356
393
5433
3273
5669
7797
212
6245
9592
4048
8000
8996
6638
7048
5002
7006
6968
6862
1915
2423
9387
6236
6284
4292
4404
5407
7519
2470
5094
5797
7007
9258
7183
2547
7232
9155
1108
6144
1324
3402
8503
3739
4025
6272
1157
1239
7565
7149
7456
1312
7483
9601
7671
2230
978
2601
9173
2750
903
6717
6765
8717
7206
2300
2922
1884
883
8973
3960
1184
6311
9344
9092
8201
3054
5302
4174
787
1469
3140
8277
5617
1423
7620
3869
9918
3777
9441
8116
3501
2506
4789
2960
1826
7368
8403
6547
7647
7575
8747
2645
7621
7010
8516
689
7111
180
4418
9019
4402
9233
7755
831
5277
7197
856
7369
1080
8106
3897
1378
7458
2908
6718
9543
7385
4099
7841
2374
9725
1592
7205
9606
3881
7413
3393
2573
4405
3520
5084
8896
5298
58
6183
4635
467
283
7838
9810
7934
5701
8701
8128
3311
5441
2918
3911
2284
9353
4093
4457
9600
2603
5649
728
6397
1262
1610
7451
854
2291
9997
8826
8487
7656
1019
57
4121
2671
595
4334
3900
893
4830
2948
904
6785
1696
4484
4389
6446
3318
9294
5477
1329
5308
8226
1804
9076
581
4268
6791
9928
5855
5132
2663
1141
2980
4964
6249
3660
1454
398
2616
7581
3847
2708
7951
8175
175
2927
2517
8605
6690
1677
5472
7312
7066
9643
8004
8929
5584
8667
8301
7516
776
3309
8708
3495
8536
1391
9863
8836
144
5482
3600
8210
4041
3022
749
2728
6613
7544
7628
8956
8147
1336
1068
4387
2593
8231
8001
6094
3720
4013
6672
770
634
9442
3782
4506
2373
9125
2611
9888
4155
1506
5399
5146
1295
8046
9100
1468
7685
6973
4349
6924
9242
1984
8982
4816
4763
1706
4680
9710
4169
238
825
2277
7271
972
2830
1519
5203
8334
4898
4170
8671
878
83
6858
4863
6466
8542
2527
7635
4415
6234
5591
2316
1011
9705
4482
8494
6709
4440
9056
584
8617
8589
680
3040
924
2889
1541
4038
7607
2319
5303
9635
1886
70
8400
757
9184
8362
308
3034
3937
2577
5918
4885
1732
1899
3471
9682
3445
4810
7140
2967
8047
4213
640
7474
1493
1974
5607
6078
8967
8348
4596
9951
8810
4184
8159
5341
206
2434
6535
3419
6398
5072
508
4795
8541
2835
6979
5031
6812
8333
3866
403
6121
3026
7050
1840
5676
7523
3170
9326
7218
8500
3285
5941
6940
4716
1250
8258
3831
8615
4156
5947
7270
3894
7496
5647
1714
9416
6070
2689
1009
5165
3310
8916
5780
5867
1878
5624
2189
1656
106
3408
7243
7160
8069
748
1038
7686
1224
7303
8653
1247
8053
9878
2943
105
2019
481
3850
4279
3555
9343
8856
8117
7549
5401
8135
2135
364
9681
609
5738
1305
9735
5705
1954
1487
5481
9835
2194
8552
7332
4608
4393
5543
8960
7803
7762
2078
2126
882
5037
3409
1766
2684
4891
3577
5160
3919
77
5877
8999
2347
6808
6156
1949
1748
4315
1709
7169
5400
8718
2638
3845
2620
4959
371
7319
1370
7979
8866
6818
349
4211
9419
4137
8307
7186
2314
1698
2563
731
8192
7106
5149
6514
2358
5558
2909
8680
6168
348
3689
3550
4713
5280
4110
4424
4412
4615
4540
845
115
8644
4620
2650
4750
6572
8339
1203
5810
5930
4361
2937
124
5843
6324
6523
2754
1081
4481
1443
3219
6498
5666
687
6389
6945
722
9972
545
9536
3585
2639
4669
7482
5766
2145
1738
2253
6351
457
219
9738
4259
9347
8704
6246
5218
9111
1398
4416
6964
8806
6561
18
8074
7827
3181
8787
6609
1964
199
4364
5414
2167
5597
7892
4857
5540
7608
7021
2701
2307
361
8721
9404
3529
2767
5839
4966
3821
4343
7446
6219
726
5536
1750
6941
8748
5098
4126
4625
8066
2294
3288
7329
1136
2700
3642
3575
5974
1191
6274
830
5577
5018
1799
2755
1983
5323
9522
5255
7962
2543
2257
5275
4991
6243
6875
2064
5671
7872
4626
9306
674
3588
4918
818
7865
1637
5465
5314
5360
6896
1392
7198
6682
3672
1496
8077
5223
332
268
386
9804
2327
648
2438
1713
241
7806
8409
1883
8755
2891
5532
4157
2669
5443
5187
2105
4622
929
690
6707
3065
5485
4385
7236
1697
3851
2566
7083
2083
3280
5599
4502
4443
2033
3610
1655
7587
4423
340
8745
3229
2293
7171
9607
3991
2279
5494
9675
1551
9319
8422
9335
8423
1971
14
7589
7107
9902
1817
5059
6233
6658
1603
3340
6735
4519
3046
783
4034
316
8299
7578
4226
3113
8329
7807
6661
3716
6878
4091
3119
5071
6585
3603
1158
4351
5369
5453
7779
4152
2975
7293
7185
6340
1458
5781
5092
6610
6170
7708
1161
438
3204
4715
7193
7750
1986
7423
9834
1441
6645
6799
5412
3903
7024
6320
8073
4277
1736
2824
1143
7429
7491
1479
5634
1872
1779
7354
8467
1234
7514
3105
6813
2001
4538
4454
9686
9208
5423
755
8183
6262
1719
9988
9721
7260
1725
1774
3331
1419
3073
7495
2793
6373
8821
7548
4577
7960
1624
2683
8310
842
3002
678
3828
4771
5831
7176
9165
5058
2737
3218
753
1093
1875
1783
1973
4439
3093
5546
4845
3086
2986
9244
3629
9996
9559
7582
2580
2269
4233
5935
3120
4872
2280
5266
6616
2756
1366
643
1827
1424
9811
7861
8519
8669
9871
3249
8652
4370
6637
9196
4318
8557
3992
9271
6401
9792
4808
538
9058
968
2368
4019
5268
1297
1228
9554
2113
2124
2532
9857
665
6212
1587
2070
1638
8246
6866
8199
4839
3522
8436
2025
9500
6270
3846
9581
1780
6786
3135
5394
7830
8457
6472
808
3320
395
6471
6104
4414
1054
8709
1024
4312
987
8684
7774
3324
2299
706
933
5953
7741
8352
593
1258
871
5518
131
7626
2531
8152
1707
4442
5359
1699
5090
2762
3502
2588
5630
6537
9296
9986
574
5891
5315
885
3137
614
4181
4063
6876
136
5683
9099
3583
9077
2992
9022
9121
1815
9246
2972
7687
2836
5887
1094
8250
9694
9684
7443
6006
5392
3434
6483
6802
5082
6321
6237
5962
322
3389
6386
4376
8022
8897
5733
6034
9667
3532
2333
2010
5523
3705
8282
779
6457
8342
4425
3806
1406
6455
5075
3453
9633
8391
3513
4994
2510
1905
6375
5731
4467
4096
4495
1188
3539
7237
8314
5402
9544
5853
1613
5047
1401
525
1616
2341
8102
8569
2732
1326
3129
1497
8094
464
210
5678
565
3537
7408
3066
6254
7691
8432
6570
7432
3898
7768
4766
5769
8115
9916
7378
152
9577
814
2079
6109
7154
2240
2399
879
9409
3427
1229
6706
405
3864
3484
8502
9286
3752
4237
1892
7074
471
6908
4085
3652
5270
1154
8763
8838
1187
6510
3913
2731
1164
3485
487
7028
1343
5483
7862
9799
4288
3734
6831
5331
2692
1559
7274
2500
3096
1861
2123
4313
7175
6381
6739
3442
3000
442
7410
9859
2629
6905
3117
6068
6083
5049
6086
3549
5006
1527
7652
7082
389
9680
3483
573
1368
6223
2860
4281
4569
9054
7173
7077
3973
3021
693
7716
8463
7288
7595
7135
5585
6619
1034
95
6377
7363
6279
3165
60
4744
8492
9495
7599
8891
2212
8603
5603
5778
7155
3145
9992
4989
1341
7334
9091
6512
6722
8809
9891
5330
1912
2594
232
2060
5419
5395
8045
7335
919
1277
3750
7415
9226
5166
7200
6837
2851
9224
5846
6971
2509
5123
870
5258
8439
6082
8646
6167
9985
1924
9506
237
2379
1716
428
2046
138
8913
8573
5968
6411
4373
9308
5241
7809
8794
6008
8109
2136
3405
8938
3019
2258
6436
4778
7450
9866
343
6458
6356
2403
506
5299
9064
784
2681
2848
9619
4067
962
5358
7510
1218
8105
2058
8296
7419
9415
5717
2464
4217
6166
8286
4069
2354
8694
9921
9072
6819
7552
425
2791
7840
7220
6441
4661
2974
2401
5549
1159
5936
3683
2753
8918
3825
8892
5454
24
4735
6950
1342
156
1778
8350
2796
1533
9753
3476
23
8958
4524
5859
2920
828
9645
1790
4640
9964
4028
8827
4142
1731
1869
4954
7464
3547
5228
8517
346
5398
4718
3609
9613
4190
2661
9053
509
4094
145
3811
6354
4198
3375
2365
2804
7144
5416
4833
981
1856
6388
2213
4809
941
9460
5802
4648
3668
8768
370
134
1365
8224
56
4561
7828
4900
3139
957
2091
2244
6371
1762
7318
3325
6445
3824
4255
6906
6931
4525
7777
4119
9761
277
6301
5529
3815
1534
7800
2491
1531
3830
2296
8447
1553
3163
1868
1448
1510
3435
8491
4001
3379
5707
4309
2828
6378
4883
9008
6576
151
5639
2871
663
7773
7250
7849
4784
6331
5775
7955
8551
8849
6431
4196
735
3675
8335
712
1145
3425
3503
3077
3023
5817
765
4007
5793
6815
6217
5960
4731
1173
3698
7547
6000
8189
2388
932
5682
4258
4456
5720
922
795
8393
6978
4562
3307
5085
4460
2463
3275
717
72
2749
9129
4010
9146
7052
333
6621
250
7884
6012
384
8036
7199
931
9153
7480
8724
8957
5838
5074
2256
2340
6335
1639
260
9492
3827
7805
3346
8632
5248
5771
8855
5804
3947
8452
3686
5742
8170
9272
122
3909
7002
8746
3605
5613
2634
3611
4167
176
5758
7907
1598
4095
8278
672
8421
443
8948
4337
3394
3747
8514
135
5819
1299
6569
5118
3594
1921
7326
1147
2600
9073
4073
8936
8608
3125
8815
5645
7190
734
2072
3223
8924
2165
9167
2716
5662
6864
5206
1126
6171
5254
3469
8873
9395
7437
6989
6437
3128
4330
4761
3352
7040
5076
3982
1217
604
9610
8425
5233
1887
6309
7485
9093
4175
4687
3940
6827
9752
7290
8420
8563
5971
293
8893
1522
9194
6511
6159
8661
7517
6418
1000
7225
1772
3282
6211
5097
101
7568
5811
9140
8305
3283
4354
5910
848
7943
1801
4806
3127
252
8972
1151
1055
2672
5777
8468
9954
5267
8783
6333
7227
984
3980
3143
9973
8546
6447
4914
2148
5874
3946
7461
304
8265
8426
2977
1989
5791
4276
3962
1659
3455
5061
7675
527
4730
7988
4411
5923
3863
8031
7027
9422
88
9800
6314
2119
7358
1749
623
3617
6289
5015
9200
6736
6052
6517
9451
9660
278
772
2705
5011
973
7957
2075
3231
2911
8625
1044
7939
6017
5708
6046
4609
1633
7466
107
2932
390
1563
729
9513
9013
4064
8294
4314
4972
3147
9676
1544
3661
1269
6913
9825
7748
768
9642
9713
6705
1467
7933
5117
2337
4742
2303
4846
3196
5435
8464
5461
6464
2472
5981
1453
6593
9436
7414
8504
3569
7138
7673
7735
2983
4798
4308
9083
7071
9883
335
5741
9154
8642
6910
4942
5890
1010
2297
1386
2515
46
1174
8040
6591
9981
3664
1523
739
2951
113
9301
5265
6062
1499
611
4526
5992
8095
8932
6762
2339
1180
1204
9507
3387
2195
7874
3921
7923
4901
225
7665
2125
676
2512
8731
7553
7693
2315
905
3449
1007
7202
7658
7035
4161
5929
1006
7528
4590
7596
2897
549
7869
8761
8910
7275
3808
8862
2071
3211
5020
2946
7487
305
2631
3874
4242
3704
8799
7782
1338
7855
2014
591
6829
7816
3511
4125
6470
4407
8577
4236
7798
874
1953
4047
1622
1979
9615
6002
9467
804
526
3488
2449
5990
164
2613
8716
466
4995
3773
6273
8944
7478
4472
7636
4503
1095
6014
7679
2722
594
6533
6809
7406
2586
3216
3041
8382
3144
9190
5333
8572
9417
9553
8857
2854
5476
4533
9805
8719
7063
9525
9449
8564
3118
4469
5514
5424
2697
8928
2557
2098
7280
6507
365
7011
1411
9023
54
5575
999
1219
6402
6625
1222
2591
7380
3572
861
1684
3007
239
580
9739
8064
890
4836
5533
3107
4889
9063
3267
2813
5714
8276
1993
9279
9261
4030
6977
8540
9314
3160
4347
3941
2147
550
4018
9727
6061
9579
6372
362
8479
7508
5342
5379
1606
2809
649
4004
5653
7842
3632
1994
7879
5834
6957
8198
7712
8249
1318
6737
6838
8624
295
3598
1651
4065
2173
3185
9895
1597
7045
2873
891
6914
817
3593
541
711
5024
3794
2765
3276
3277
3966
751
1387
6404
2502
1416
5286
953
6814
2530
8035
8522
1067
4243
8131
8480
2862
9249
2045
7888
615
2053
4070
1131
5163
4529
6257
3691
8204
8771
1475
1465
7837
1574
8729
5066
638
1557
8829
330
6937
4983
8966
1786
9248
9910
3570
9648
9444
7767
7930
354
546
1117
5195
4183
8759
9556
6387
6850
4535
1037
1075
2668
2886
6642
5768
9087
459
2839
2238
4711
6251
1302
4310
9081
3446
4141
5730
8174
2555
7151
8895
2965
4146
1047
1121
9932
4935
8184
3754
2038
2942
6894
8355
3647
368
8082
3293
9831
9112
6980
5120
2120
6035
6218
2461
1672
7815
4773
5718
1568
5510
7287
5957
4021
4151
7564
9390
8739
4874
8629
5512
375
3458
3099
275
4547
1972
1102
5668
7720
8643
2174
8222
8107
5257
2675
446
9630
9546
5746
3986
97
337
1845
6406
6074
2841
491
1828
619
9920
8804
8156
1382
165
8576
4172
9253
6127
2009
380
5446
8975
5586
2485
8098
7612
7632
8471
451
671
8326
1210
3480
1530
1621
1956
7123
7999
4477
8860
6902
6474
5637
3548
5151
315
3615
2518
7242
9482
510
3290
1470
6855
4673
2225
6499
1987
7472
1701
9461
3006
1404
8399
3956
7316
4531
4826
1334
140
719
5488
1123
613
4230
630
9455
5878
186
8292
582
2925
9328
4824
1004
6105
1599
2969
369
8584
7306
1031
5319
1395
6774
930
7646
5334
9779
9435
1003
422
5372
1399
3336
3430
3762
8417
9342
3075
5792
2342
76
2006
226
396
8823
8720
887
5959
935
3301
2760
1687
6880
5393
9588
6209
4847
5144
3541
5182
868
5539
261
8057
3700
6213
456
2971
7580
9318
4499
6947
8406
1569
3656
7982
6650
6064
6216
2781
6952
7393
9665
430
2215
1116
645
837
5437
7890
4927
2482
2150
4366
3031
8498
7150
8736
4760
8455
1939
2446
44
1880
4253
2497
6360
507
3030
6098
6710
6863
7627
5611
8413
9443
5593
8315
8722
865
2837
9839
39
3936
5985
3872
8961
6037
4430
8281
5340
447
5388
5864
4178
8267
4934
7282
4772
3399
3315
2741
8279
5568
954
9614
2061
540
29
7310
3958
2435
6901
3607
6760
6186
5338
1176
9629
7201
4703
8451
6721
2786
7343
1179
9413
695
9266
1691
3544
7689
2783
6435
5456
7710
6420
8188
7601
9749
8538
9658
4984
5927
910
6089
4597
2170
4403
977
9211
7733
720
3904
5594
8848
9375
9392
766
9504
6503
9038
9028
5500
3245
6214
6182
27
4821
1107
4868
964
4388
4358
5422
2609
4149
2191
8681
7984
3257
120
3369
28
6176
4557
1015
9689
8394
7448
1388
2193
8025
324
4498
2094
2310
2304
5813
7337
6539
6342
4950
1866
7168
2636
8311
5043
3699
5894
87
3971
8885
1874
8211
6277
780
1488
291
5291
9809
8203
4510
2471
5418
3101
4290
2266
4787
2387
2702
6963
7941
1558
1505
610
6918
5989
8877
9941
4140
5998
516
1018
8630
3646
1918
7594
317
4508
323
9977
3809
7235
7969
4842
132
9939
9377
7158
6033
4122
6203
6725
2958
2103
4594
9715
287
5840
4420
3008
4359
9361
3274
2035
4200
3382
344
7308
815
6986
2546
5263
961
7189
8950
2626
530
8384
5560
9365
4449
4511
8288
7643
2456
3304
1170
7208
3177
2397
4838
64
9477
9865
1661
3111
4579
9359
7543
8161
2795
6589
6255
5670
1167
8441
754
5009
6200
3221
3070
9990
3875
769
3158
3619
1012
198
4050
1304
5876
3322
1208
5655
4473
3882
4302
3774
1206
3392
496
3761
1961
2660
6635
7476
1438
6155
3788
9107
3018
79
2653
4054
7883
2222
4493
8014
7223
9004
7622
4426
834
3512
4338
9814
3381
201
3178
7108
8662
5478
3857
6153
4940
6606
1166
9881
2036
6113
6423
9188
9965
7729
2949
9955
1614
4272
1045
8668
414
1361
227
426
4689
98
3713
8453
1425
4819
255
1542
6644
2242
1036
7511
6107
4265
8927
9542
2674
7908
6256
5420
9237
8319
6380
704
2630
9015
1830
7471
4877
4408
8458
8740
3253
8931
8785
2534
725
9762
1609
2378
4100
8812
6029
618
3790
4853
7217
8914
5491
6716
3533
3001
1511
1870
157
5044
889
583
6965
1668
2128
2130
4517
2477
8533
9219
1062
4285
7747
5948
4208
1039
4825
785
8610
1084
6566
6023
6841
563
822
1556
9541
3115
9084
7704
3155
1409
8526
2842
1529
6783
6313
1502
7324
9503
1888
2919
9421
8878
8900
5113
5673
7899
2265
2468
3849
639
9882
2480
9070
4092
5899
9974
7459
4328
5240
7477
6810
5873
9370
8343
9446
801
2707
5259
9796
2108
1069
1043
1437
723
6318
7062
7276
6611
7811
2218
6542
6067
1820
1565
4745
3261
3242
4765
2739
4307
1340
5239
4180
6184
1482
9176
9720
7211
741
5756
1226
3328
7825
6135
1451
602
8756
1065
2419
3995
624
6348
1106
8096
3558
6385
8370
1925
429
7813
3370
7192
1353
2584
6907
4820
8628
3201
1241
554
3793
8225
7262
4158
5969
7820
694
8766
9760
2187
777
9711
3291
9696
5235
7116
7655
533
1351
5347
2051
2177
1560
2567
4447
141
3142
2745
7659
9051
7572
7875
7946
9998
3599
8260
3187
5997
4537
9045
3618
8678
8124
7848
8253
9767
2465
4665
5754
2751
490
259
7125
7196
7118
2887
7239
5499
3287
9748
2163
9640
4368
1846
2558
37
2870
714
5661
1322
2519
7964
4301
9035
6477
2429
3867
413
7417
6888
2529
9742
2201
7737
9133
6893
8998
5581
5250
9090
379
296
4462
9907
5825
4306
2227
1851
2758
4247
3844
310
8390
6993
5966
4375
5295
3560
2013
4153
5732
2057
6462
7706
4996
7019
1700
9193
3915
5776
8675
4471
4829
2179
534
6163
1320
8902
5442
4573
483
7609
5801
1057
2677
952
6524
5944
35
3255
9608
2823
4027
1436
7917
8440
7619
6958
2950
9479
2521
7016
6112
9518
4603
8801
8943
2643
5694
5522
5380
3663
5917
4419
9669
4433
3854
3401
3596
5955
6691
7972
3961
3695
1683
7505
6018
9128
8621
299
8901
3146
8949
1811
7229
1285
9528
6080
3952
4193
778
2709
811
3692
767
8269
3931
6399
2570
8872
8604
2090
2448
2676
1596
572
7307
6395
3149
7401
9572
2268
7447
5940
3914
8317
2522
4762
9867
4224
551
3335
5833
7616
4728
4631
566
2199
8219
7389
7513
4701
1514
576
7746
4084
4936
4720
3772
9576
8483
9980
4287
6207
5487
1348
1800
1379
8835
7639
5721
1083
7623
650
2914
5311
979
6366
6666
9043
529
9134
1092
9772
8283
847
7530
5115
2450
759
8793
6889
2087
2651
9933
4523
5735
455
9784
8234
2840
1998
2270
5711
2056
6743
2866
8879
8871
603
1410
5704
8968
4218
449
1243
9257
9068
8021
6852
938
9169
3932
1802
5651
3785
9141
5466
8195
3085
2248
4031
8275
9797
8760
2535
5664
2976
8909
5556
798
863
4931
2797
5663
531
8193
5375
8368
3334
6917
4260
1809
1163
2858
8506
8367
2696
6452
242
3568
351
1789
7853
8060
2989
9940
8532
8903
5954
8839
5174
710
9156
9803
4671
3908
6982
6727
462
6290
7858
5492
4123
3516
5105
1267
3466
4166
888
9664
3843
2931
7455
4515
569
5745
2659
9463
3770
6586
116
699
2326
7241
5227
2439
9016
683
8672
9922
7278
7392
8376
1751
1722
3441
9899
8738
1679
4487
8215
7215
3671
8042
2084
4664
1650
7164
3470
3176
3157
6494
1545
3833
9277
1653
4873
5622
763
7110
1207
5194
6972
5837
1575
4646
9259
2005
2560
7802
3509
3681
5693
3150
1405
9094
7597
9612
7577
6081
4254
4697
7910
601
9638
8995
9160
3224
9367
8084
9547
9726
9591
20
1808
8142
5313
2568
2994
1862
1688
7781
5114
234
2610
7931
7255
6856
6932
5958
6798
178
662
4946
3184
8207
1671
5469
8530
3109
9357
8802
6597
7617
5318
7645
5866
9227
5747
8332
3662
9586
2930
4501
8353
5583
3173
436
9700
1344
9894
1282
7668
4056
8550
9317
5913
3848
927
7188
3523
7373
5404
3667
3422
7670
2869
8132
3067
7919
3765
5027
9137
5190
7836
5942
1256
4663
1970
7465
9627
4029
2431
4216
3141
8229
8528
2729
1879
8600
3265
3813
6266
9818
2104
3385
6149
4521
894
6744
3746
3546
7152
7692
8223
3363
5987
5610
3687
4322
9027
3996
4203
8846
585
1061
3252
3780
8472
4621
3576
3159
2390
7075
3525
946
6956
482
9009
8404
185
5475
9714
5933
8125
859
8408
570
519
6943
2673
1086
89
123
3586
7882
590
9096
7604
4790
6633
2906
7847
8971
5408
52
6481
4186
9150
917
8586
2073
7641
3562
1293
7347
231
8758
3957
5951
3447
4859
579
1793
1323
8416
1129
6409
9120
5554
3056
5822
9307
4854
4800
6337
2166
6919
9641
4264
9470
7272
4191
3518
6180
1919
6568
9428
2214
8977
3295
3784
6985
8529
8890
5744
8556
292
3371
8041
177
3355
4850
6629
5384
2377
9558
4006
9498
5355
5271
463
5179
3748
3604
4340
4474
7833
832
8263
9278
8083
975
9101
8010
823
5596
1001
4583
4465
9548
7637
9132
1577
1968
3640
3538
6923
7044
1321
168
2935
9496
6041
2407
4039
6165
408
7772
7191
2211
3621
4654
4081
356
5850
6432
4062
3876
4567
2495
3945
4737
3415
3130
8863
7182
8992
1397
1746
1051
899
6515
2936
1771
3735
4117
9838
82
9876
5633
1955
5116
7760
3037
31
6741
1071
7462
5186
3374
9780
2710
5285
3684
2990
9205
5065
3016
6148
9250
5100
7463
7313
9960
4938
3126
608
7340
7233
5863
2131
6027
8677
1122
150
3571
4544
9321
3169
1115
162
8411
3386
2393
8883
7506
6825
9949
4965
9330
3123
1263
1280
9819
4564
606
2298
1859
240
4400
8242
3631
8013
9175
5448
1654
8933
4432
8075
5300
6949
5615
6265
9020
6684
5889
4992
3510
1797
2523
9282
8427
5896
5689
1662
1346
4870
5552
3013
102
2913
5996
9122
5468
3679
8714
9966
3319
2814
8764
40
2236
1543
9339
2328
6020
7695
47
548
62
8647
1760
2714
2263
2856
3327
9889
4061
3270
673
4090
1033
3666
4708
9947
1821
404
48
407
6726
3505
108
204
8271
6199
4202
9338
128
9411
32
8822
8510
7031
12
8435
9930
7859
8777
411
2172
139
9599
6368
6538
8465
5040
8238
2200
3967
6322
6870
6757
6179
2107
3356
1618
8816
1848
8237
2646
6201
2338
6138
8765
9978
6713
2176
5595
2171
2370
229
6310
505
9494
3515
7778
9968
8126
222
7181
4970
7396
9011
1867
8293
5928
1627
6663
1906
4421
5178
5335
9323
3362
6476
9320
2597
5805
8754
2287
7918
8543
5086
2991
4690
5538
1781
8962
6714
829
2816
3923
9847
2453
6434
4451
7901
484
5659
1890
1842
9747
9690
8012
2190
9356
5455
1770
142
5141
5261
3901
4586
9148
727
8236
4127
7056
7265
4858
7095
9430
167
3271
6417
7985
9821
8469
1383
4629
7557
7971
9565
9824
3702
575
6588
1601
6701
1162
4017
9582
7796
8559
4033
5922
7256
7864
5737
7157
5417
8635
2647
9126
5104
7212
8741
6426
6687
9651
8606
8460
2410
1364
1945
5221
9560
7300
9618
8087
660
6152
8935
3097
3879
5856
5563
6999
9801
7350
3842
1784
6361
2520
7886
5641
5750
1831
9832
7550
6534
3450
2100
4105
6190
196
2462
8103
8864
9836
6146
6125
9241
4749
0
8757
9794
6657
4643
2533
2099
9322
642
385
3372
6032
7776
616
3095
4981
4887
8974
6817
3050
7231
2040
4505
8588
5368
2417
7921
3500
697
7870
1743
6562
9030
9029
7143
5324
488
8732
8316
4326
4475
9262
1908
8547
3462
2143
1026
2849
5026
2625
2422
3228
8875
7744
1261
2184
8360
9412
1573
9475
6210
2779
716
2769
2329
6697
7301
7518
2926
6031
4396
6145
9793
2459
6370
7323
377
2587
666
7397
6773
8241
7936
9201
5760
7698
6508
6865
3341
1676
1957
3286
1230
3420
7724
3554
3718
4136
2028
5965
1434
7433
163
1333
7263
8144
7588
4325
3014
9736
94
1885
3323
8743
6833
7014
4058
7348
1120
9324
1480
6302
4549
1950
901
6453
3802
2290
8345
9914
9649
6174
9149
6522
2996
4116
3094
5169
7672
1486
965
4792
4128
8428
7356
1053
2964
4496
3314
3443
3796
9707
5576
8369
8994
7583
1056
8651
4135
9995
9002
5365
6859
7726
9765
2181
9145
1995
9117
6728
7121
6172
5759
3104
923
6667
8534
5895
4246
1728
427
6582
4651
1982
3938
5029
4476
6141
1745
6053
4199
4173
2962
5950
5509
5172
5988
9423
2062
1513
5826
9300
4078
7268
6004
8695
9551
6922
9386
7651
3862
3781
276
4355
1782
4319
6071
5070
154
189
6454
5242
4920
8508
8313
454
9452
2884
4783
9466
8934
1965
7494
7180
109
1440
5677
812
4835
51
7247
809
3112
7379
9975
9672
9039
9567
8442
9204
5273
3378
267
8845
1792
7752
6382
850
2928
5269
3517
7283
182
951
8926
5751
4144
559
2182
9833
1114
3391
485
7360
9052
2202
3235
4159
746
4189
183
4066
6326
4300
740
1503
7846
7296
7080
8749
3339
2746
3942
6769
112
5531
7640
6969
8485
7395
7703
9628
2598
6948
3053
7684
7949
4674
6670
8003
5809
3591
4960
1432
49
5578
4668
6325
8212
819
6846
724
9003
4741
6482
401
2487
6448
9699
321
6766
5226
6140
3366
6473
629
5824
6226
1692
2642
7690
4384
8248
424
9716
2790
8320
7372
4752
8495
274
6415
1837
1990
3584
1264
7109
7935
4963
3582
897
4399
685
8058
4818
7439
5374
1185
3376
8071
3678
4691
839
9850
4016
8851
6278
6772
3810
3612
4712
2097
7932
8167
8537
853
4657
6247
2101
7252
1727
5316
9033
2331
3625
6364
586
4832
3413
9893
6990
8444
3234
6188
2553
3943
2540
5656
36
6413
4837
6007
9214
5868
3756
1138
983
7680
6506
3333
9691
7051
4696
6571
1198
203
8200
840
2376
9350
3536
3979
9047
1509
1595
995
2324
6205
9970
2481
477
8663
8227
9374
2271
8778
9695
5956
7696
7367
7079
7424
166
2069
7856
8157
2957
2369
5452
2289
1576
971
5396
5667
3437
1571
6224
3732
3673
1958
5225
1171
592
9617
5326
2458
4215
5148
4574
5799
4504
641
5761
78
5679
7317
5688
6430
2151
9180
1682
1665
3954
1306
1064
5093
5409
621
8081
9816
6887
2978
7791
2427
2657
248
627
2196
4379
2829
5519
4271
8434
9376
233
8433
6712
9597
6131
6231
7092
4295
2843
7065
2832
5674
8850
8351
9213
9741
7808
7381
4179
2815
4896
5849
216
3254
4293
9231
7328
9014
215
3197
6806
7112
4197
3721
4
4148
4637
3473
5176
4893
8843
3296
7163
1508
3456
8164
3230
9079
898
4101
7634
3670
2963
2237
2875
9802
4851
9368
3688
67
3497
4275
7291
7877
5145
3994
489
4955
5685
3690
2621
468
3892
5557
6740
4304
2988
5205
8859
1287
4372
1431
5743
3110
5089
4746
2656
9483
4565
1052
9380
4045
3217
982
6487
328
6334
4207
286
9057
1089
1911
5246
2156
7541
9624
9724
988
3545
6624
6751
1923
9069
8218
3203
8412
9432
9791
6641
990
902
8520
4009
8887
437
4097
7944
6746
9971
5038
2008
15
9151
1578
513
5885
4214
7633
2565
4929
6755
2022
6553
3012
5520
9550
5155
6920
2362
85
6363
5111
3786
2679
4545
9372
1674
5102
6463
7073
9465
6601
1098
6332
6519
2455
6575
1935
2859
8137
6495
6674
9429
2890
1988
2693
6059
5652
9693
6253
6422
2404
9486
5970
1882
1202
9197
1647
478
655
1629
3717
2868
6699
2016
5625
3193
6781
598
5870
8220
571
5023
2004
8033
8579
7970
6410
9963
5580
3042
3628
4072
6459
1008
4008
3407
7214
8068
3349
9524
4273
5618
8715
4550
7428
7983
2282
5457
3685
2246
3081
9917
8356
3489
8496
2231
9855
7603
2395
4724
5209
5470
9982
5371
6106
7981
963
8252
5854
400
4969
9218
552
5620
2973
2801
4112
6292
4576
4554
2724
6557
2984
2164
5790
9114
3783
9896
596
8365
6016
866
974
4757
2492
9110
626
6258
211
4163
4103
3354
9578
3706
4871
4458
781
2838
3722
3043
3342
3256
7156
2688
1630
9555
9410
3641
9566
8781
2197
1058
1546
6826
3801
8396
1539
3330
8336
7653
8478
8325
1708
3308
5276
6286
3490
6060
8824
1290
4670
7457
3534
8017
5430
6742
6479
4974
3902
6244
2699
1193
8939
1694
9808
9274
7871
9209
8430
5978
7234
360
5171
5288
7468
10
6939
392
1124
9877
8807
7835
3650
7425
34
3321
3367
5274
9042
6967
2740
9953
4905
8656
6767
7602
1893
6150
6749
5297
9688
5197
9397
9537
6501
8560
497
520
1721
3745
207
4145
7305
366
517
1381
3924
3403
1461
3312
4240
9540
9840
2219
1359
8828
416
1144
9080
8061
2792
2582
9595
2997
6024
9913
8886
1096
2305
8266
3742
1473
230
7460
7420
6882
5050
4917
4204
5764
2691
805
3068
872
835
3164
2278
7937
3552
8790
130
6554
7657
3243
6665
9418
9979
5264
668
4480
4023
3775
9575
4734
5635
9967
7055
3925
6193
7854
9103
9102
914
9854
9469
5356
5383
2095
2398
2059
3487
5019
9520
4655
1788
9078
1785
2428
7618
5502
993
2301
7535
6867
9538
2106
5665
7893
5073
4446
5450
9310
2186
9403
6532
8561
8921
2273
6297
6293
2276
4485
553
5841
6087
418
3087
2473
9783
8636
9018
417
8595
8257
4645
3032
3535
5122
5526
9453
3680
6496
3
3616
2405
1225
5763
7788
1805
4612
8397
997
4352
5589
8173
4261
5695
4738
1733
7662
5180
4780
6440
2606
5
1930
3180
2442
8727
9508
4656
8402
7085
8648
6823
3062
4257
3711
1666
2694
244
3225
6120
4997
6056
6679
4401
6343
5629
7238
6451
3431
4470
412
8858
3677
2322
8937
873
6897
620
8614
5565
2817
3459
8097
3719
4740
2185
5350
4694
5986
915
8601
1212
3167
2141
2364
4958
3905
3519
6307
6822
3789
9885
3858
3865
8473
4679
3635
1902
6890
2880
6530
8852
9240
4323
4556
1439
3418
1278
1564
5830
7600
2030
3889
3357
3426
2223
3567
7663
8111
1178
3416
5836
675
742
6480
1581
9785
9251
9182
9502
5722
7104
3124
7906
7606
6849
6114
707
6518
9887
7091
5937
3359
4604
3198
4448
2655
9698
9085
2623
7845
6715
2903
1356
7911
3025
7394
9706
8782
1246
8431
7625
4678
6895
5623
2501
8817
9313
4921
9844
1839
2082
8880
6723
1254
1445
2703
6101
4270
9650
1002
7384
7718
7790
6119
6951
5479
1292
3950
6695
7402
3209
1976
2220
6055
6753
3244
9203
7711
2641
5925
2514
7502
4303
4692
4522
269
5537
3294
2583
1812
6208
9329
836
421
6235
5215
8324
9437
3935
3970
1818
3400
718
5237
7488
2149
7770
9937
8214
2743
6137
8813
4182
4360
7400
9059
4956
3927
826
2995
1257
9007
8470
7249
6961
4382
5900
5320
3953
4736
2575
912
5983
1720
2798
81
1032
5994
5566
2020
9632
597
8273
1223
843
578
4866
1271
8322
4719
6281
1195
9853
5640
7650
1555
1741
8769
7761
9454
3998
7891
6792
7576
5289
7562
3305
8734
2096
334
5800
8657
9659
7759
3551
6698
4803
8553
6491
5816
3460
3326
9215
6529
2612
3626
8545
6976
5278
4882
9000
4043
9621
3589
3496
9768
1273
1066
4239
4434
8280
5915
764
5385
2433
5078
5101
684
8104
7963
3934
1515
557
121
3917
833
6043
5506
8070
7165
3799
2286
2283
4903
803
1192
8243
4086
7020
5460
1091
1927
8401
2904
6843
8228
1281
4035
9394
3613
6316
1435
5963
9679
3232
9519
2715
5480
5702
3082
5938
2318
5162
1238
7896
6
2264
172
3997
6196
1710
8945
1636
2400
1525
708
2451
5772
8513
2933
5103
5713
2216
7295
9573
4365
7730
5911
926
3674
8899
4722
4551
2426
84
3414
1266
7388
5715
1146
6851
1747
5501
1240
9061
2252
5376
8535
8686
2249
6042
6050
6603
5363
5067
7100
6085
4452
1588
6784
4011
2483
8139
2744
7678
5504
7124
2042
9489
8043
6602
7345
9001
3035
8772
3968
2002
1916
9340
2888
6164
3999
6221
6861
5774
3886
5931
5818
8037
2192
1215
1374
8876
9958
5304
8582
2670
7904
5181
8027
8750
3645
8991
7004
9185
7147
4450
272
16
5820
6227
4880
7289
5964
1524
3581
9683
810
916
1133
7327
3657
4725
6198
169
6884
4108
2360
434
2572
4684
6347
8775
6938
2554
3871
458
1628
7383
7359
6632
9527
2383
8844
8148
6873
8113
6391
8295
7444
3090
2549
7766
3098
6628
9778
3949
5495
30
2658
4497
6545
1917
7364
3411
6468
8512
1981
4489
3451
2579
1103
7590
5142
9127
1704
2054
6551
5425
9238
7614
1777
11
6830
1483
6622
4650
3048
8475
4611
858
9062
6345
4575
7591
7330
4227
2391
153
7139
4860
5140
1754
8415
3736
5882
2205
4876
4944
6962
512
4915
6139
925
4726
6192
5660
3907
8518
2012
41
8092
236
9584
9138
7758
3951
4815
794
4593
713
2550
9862
8028
9845
1631
5387
8997
2525
6493
1168
2539
8868
6664
4600
7537
5608
8596
3390
8915
7558
8038
2680
2311
9942
5210
1330
8867
944
3259
9332
2088
194
7986
1132
4289
3004
5317
6118
7012
3421
6412
8079
8437
8158
5709
1402
5507
5159
8284
807
2952
2017
3344
9909
119
1663
7905
775
2325
3492
9297
433
7560
9456
6505
2067
5063
1645
9116
5403
6136
3896
4932
7973
6574
9644
3634
3438
3972
6824
7952
1705
4386
9936
7887
1016
6097
126
1853
8155
5232
6304
7261
3452
921
860
9745
294
8685
8018
9468
4799
6673
9712
6442
382
1768
2569
9447
2267
1822
4706
7167
280
653
7942
3166
7067
6845
6269
3710
2850
8063
4210
3543
7105
6577
1169
9017
1914
8090
1944
2109
5272
2074
9657
450
3766
8941
696
2883
5749
7925
8555
4968
4164
5784
936
3530
2723
6117
8140
6011
8713
309
3417
2654
5906
6997
1501
1283
6111
9512
1620
1579
9183
1070
7339
3837
864
1540
8062
9
1491
7885
1538
7994
8371
8591
205
4022
4639
991
1604
8344
7956
8659
4753
9095
8449
2924
8930
213
1160
1669
4115
502
9602
7098
8882
2738
8689
5999
8443
1466
911
2807
8213
2759
4919
7362
4539
2160
3803
3910
4926
560
851
5725
6424
5612
7898
2092
2706
7961
9734
9108
2541
3740
4005
367
9212
350
7822
1740
9983
7995
7434
6429
6811
8373
465
80
1635
542
8484
6128
3360
5177
1757
5213
193
4494
5053
5880
6754
8660
9162
6013
6777
7128
8245
3268
208
7794
3406
5230
311
6883
2496
2979
908
1605
2627
6573
6816
8244
2874
5431
4269
1313
657
4584
1311
1274
1275
3457
7314
3011
6580
6946
6891
448
1909
5908
5243
588
1291
3820
8780
3208
4130
6788
7005
9229
8088
2457
7170
2592
2772
8386
298
9414
6460
5886
709
9210
6921
9440
5803
486
3561
737
5728
651
5348
435
6797
6912
6702
5579
6544
3351
1570
9388
6099
9098
5373
6627
1457
6604
9685
9379
3758
1332
2460
1877
4346
2425
7371
1177
8050
3078
1389
5592
913
5017
4560
2968
7566
9961
5427
1552
257
2834
9493
4699
6001
5991
9025
8354
4486
788
2085
5091
1021
6935
4677
9755
9976
9574
4619
9381
3317
1933
4345
5945
1190
9984
6927
8965
9666
4755
8134
6688
2116
5088
5211
7195
9829
2768
5497
3928
5322
5975
8955
7357
1452
884
9830
1251
8099
4438
4395
7422
6934
5052
2023
793
9234
702
2687
3258
3463
5832
5262
5391
7814
7194
6655
7219
5847
6563
7538
4739
2380
3614
6358
5467
8571
564
8679
6548
4571
1807
5919
4801
5489
3768
9935
5003
8597
6992
7860
6970
7997
6394
7285
1554
5657
3887
3648
306
515
1962
8751
6285
5949
7117
6122
3859
33
6738
4250
5528
2155
1042
5216
9703
6911
7792
170
1420
9777
7187
50
3764
800
1858
4371
3920
2330
5244
1474
2662
8143
3175
664
1428
934
5907
7322
8712
4187
8581
4912
4595
652
6763
1926
4429
359
8407
5926
9925
9280
7954
1773
7736
4297
4527
6467
2578
535
745
9781
6428
9770
6092
8419
3989
256
8762
7133
8696
886
2000
357
9123
2281
5219
6955
3302
202
5306
3817
3153
3749
460
8163
7615
9198
7991
3804
1220
3916
4911
3260
9267
7571
8009
3061
875
7584
8328
1775
4977
6759
8847
1245
5534
4052
9529
7452
6151
2044
4516
7722
1561
8359
6090
5260
3763
8217
3899
3213
5724
7727
5290
6903
8687
4055
5069
9006
5200
4160
1362
2571
9373
4037
2734
703
4463
3708
6339
265
2175
2285
698
6195
4532
1717
4698
8770
8959
2721
7725
4431
4990
7086
4327
7570
7559
5415
6678
2413
9490
9991
7895
4291
8626
7674
6338
948
8261
2825
3262
8379
1074
2217
3003
9474
8392
5808
4534
5426
55
1375
5861
2508
1854
8567
2206
1832
1703
4867
7507
637
1412
5943
5490
8138
5449
1442
4599
3835
5283
1022
2034
2292
500
6079
6832
4020
9235
2479
2229
5734
1900
8834
3587
9631
2596
1137
5574
4916
8078
3057
7829
4807
6747
9276
1759
3478
6204
7843
5553
4088
372
6421
2302
8837
1810
190
1025
5041
4528
4483
6724
3807
2366
9448
3215
4397
5013
9281
2063
187
4234
8067
6790
480
5447
93
5007
2802
2274
9623
7534
6541
8618
7407
159
3116
1400
2032
7676
5851
7742
6191
9915
8446
6558
806
1695
605
9424
8946
1183
7302
3358
8723
472
6185
331
6396
5366
7475
271
8065
4913
4774
9897
2559
7338
7561
4044
7648
8634
996
1660
4139
6647
1776
4177
1337
4102
4435
733
4541
2352
7821
9663
7948
3797
9371
8303
4607
8575
1850
9032
4363
880
5561
5564
867
378
7057
3190
1739
6877
1791
8076
6296
8598
9873
1580
1516
8153
1394
3440
5008
532
8100
9199
6222
6126
1413
5173
6123
6608
1500
6550
2221
4546
1951
5727
2234
7292
7897
1504
677
2628
6847
3289
1101
6028
6492
197
4398
6844
5057
7880
8262
8205
2799
4616
3237
6490
8638
738
2981
4633
6915
7812
9478
8030
9270
9994
2774
4075
1932
6578
7015
3194
4509
3156
3036
8568
282
3855
8690
1205
3724
9358
7025
6526
8922
3701
1298
2882
7361
4710
4228
1929
816
2356
4311
7669
7810
9036
5192
7311
5035
5690
9594
3655
1459
43
4864
6959
9383
8338
8544
5508
9351
4154
5325
6294
7497
2900
1492
7823
3787
3364
3154
1726
3839
1734
6991
318
2049
6252
5438
7526
1380
8970
2476
5212
721
9472
9065
7349
4623
1476
3929
5619
6617
9363
2664
1712
1216
5920
6761
3885
9987
3755
3338
9048
5860
2411
5869
8
8693
6599
5700
7221
5305
6108
6648
4441
9426
7469
5405
967
802
498
4012
5411
8120
1272
9874
2275
2895
9431
966
9499
2545
4256
7069
6646
5912
8905
8002
4627
3472
8649
7267
9900
4759
7172
1035
1940
499
7563
9480
2498
6478
6686
2436
2209
8145
9187
9464
5675
8007
6288
1943
492
9919
3239
9569
312
1417
4150
1590
4834
2775
9634
9462
4976
5445
8488
2111
133
6215
3983
5434
7000
7834
3486
1991
3337
146
3039
4003
1268
409
6565
5124
5214
4975
4406
9311
1408
9144
5096
7030
5719
