9861
6667
1152
2885
1808
2427
9150
9684
6029
9638
3457
9005
3257
4601
9061
7607
8652
3783
7265
3004
2663
6554
4378
178
5899
7031
866
7710
4877
2230
1235
9606
7955
1114
8826
9723
457
2274
2184
9500
7393
4995
7617
4145
4037
5272
1271
5440
7399
8738
8183
2856
5858
9190
7934
8440
5896
8827
9894
8573
6018
1679
3249
3523
2112
4667
9174
2632
1561
2749
8065
6886
3119
73
2252
5935
2787
9795
8925
5607
7771
4674
9726
4721
580
1845
1002
924
5844
2560
5252
4040
6124
666
9813
4422
45
3043
8406
6891
2520
399
7280
9565
1715
5295
942
4478
1115
2287
2967
2808
7891
6628
6155
9287
905
842
2662
1166
9038
8253
9470
9380
4453
5448
9333
9867
8597
9734
7808
6485
6058
8165
3877
3166
2779
5578
3464
3568
2381
7691
2255
2448
2952
3358
596
1232
7261
3549
2204
417
7603
13
9449
7551
8044
9
4800
2913
6989
343
8945
7063
4144
3587
5744
9439
6067
6661
7830
136
6811
4993
360
3427
6572
1750
3590
8221
3331
7294
1127
6740
5928
3227
3045
3693
2831
2723
2841
477
3363
2873
8301
654
6423
499
506
5050
9965
7150
5279
4185
7553
2847
3371
3865
6173
59
6020
6403
6788
9605
2542
8726
8890
7494
3103
3821
3672
7084
944
1757
3425
811
4571
1080
4029
7024
9025
9980
1512
3434
5078
2622
69
4928
4240
7538
7407
3519
9624
170
3301
530
4753
2570
5349
8017
2689
3206
9233
8068
8574
8895
8036
3089
2277
7396
5095
2829
9173
3215
2694
8843
6422
1092
9002
8840
816
7180
4333
982
8250
4389
2767
6731
8111
6928
5317
3954
2525
437
8532
6803
6577
1932
312
5109
6191
2992
6370
9719
8997
3202
7626
2350
42
1501
5406
9799
7526
6839
9753
5963
7737
2587
6280
1947
8825
5011
3283
9321
893
4326
2971
6687
4356
4506
5878
8053
3164
643
1584
6010
4974
615
629
2341
5727
3272
7487
58
6397
74
5549
8655
2235
210
4660
6962
9216
6709
7067
6207
5152
2419
2225
1719
3394
2232
3986
2018
404
4238
3400
5251
4488
9093
1991
4518
1887
2247
576
9421
6137
4874
4327
9737
4058
2979
4996
8396
5735
853
7620
9362
3923
3524
2267
5308
5557
104
6492
6342
661
1116
9170
8186
7183
2276
671
3737
4010
6646
7465
9086
5219
176
5335
1588
821
6076
6684
8745
7263
5434
7436
4710
9048
1869
6215
918
5561
6394
1751
3515
8098
6672
6300
9027
5073
9749
8556
6321
8467
371
5567
5684
1511
8883
3606
8166
4749
2625
1400
6717
7816
1187
9793
6273
9235
6451
9551
2692
6979
4931
3946
2163
1713
2020
6045
4952
4093
3064
8177
6255
6653
5837
1234
5385
2245
7145
8108
862
7135
8513
829
6531
1392
8733
6597
6511
1576
2377
624
7852
9469
276
1605
5296
2568
458
7238
7695
8590
1197
5860
9485
1528
4014
2784
650
8136
2295
9837
3659
5686
9125
8707
79
4714
4065
6475
9787
8404
2137
9590
2619
6363
4941
206
8927
99
8737
8160
5875
9004
3518
6998
322
4124
625
1939
999
1647
6537
7660
9383
3213
7478
4963
1341
3349
4246
9531
9622
3362
8634
2057
2993
1430
1594
2700
2359
5101
7391
5436
8184
9640
7807
1552
9097
9869
5026
440
5292
5480
3315
9912
781
1976
526
7062
4535
3329
4545
8461
6184
9007
9076
4760
6895
5334
7008
6901
3470
3191
5170
7409
455
7385
6105
5254
8786
4275
1703
2315
6787
8163
7087
2393
2604
9224
1819
7705
361
7990
3866
9441
7756
1319
7631
907
2269
7656
6245
8330
1278
4288
1431
7713
3240
8374
521
9457
271
858
4895
8569
7629
8566
2693
7512
2499
3974
9250
8810
3034
2189
1071
5193
9755
4470
1987
6359
2086
3841
7846
355
120
9804
6540
9917
3083
3092
9960
8420
1360
3847
1117
1926
126
4180
8271
316
5167
7061
516
9339
5999
3313
5787
1944
3917
4780
6574
8898
557
6271
7997
5286
700
4237
1157
4446
745
3
8477
6534
9563
5283
1786
4072
4886
7
3966
9099
9505
8529
7523
8711
4496
1036
3577
7117
3388
848
8553
391
1466
9579
8564
7199
4792
7130
544
6830
8593
1113
1174
8829
3381
9876
7080
3222
3512
5663
1282
5430
9888
914
385
4283
9444
1687
4353
7272
1314
2926
966
6784
7003
7334
5032
1755
8792
2893
3997
2447
4398
6900
9426
3652
4503
3173
7908
2364
3932
7033
3001
8083
4002
1872
1611
9120
7196
6560
147
2409
8239
23
7079
2696
4164
2991
6169
4235
9044
3091
4015
5176
1685
8841
551
4983
1418
2505
5485
1680
6354
3566
4854
7608
4531
5801
8611
6604
1854
7466
4089
2972
4766
9766
1735
3765
1920
6947
3636
5309
6934
8391
6809
8099
8312
9886
7096
7673
6324
8005
1577
8137
6639
8372
5680
9942
5511
6115
9825
6632
8728
3212
1995
7406
6526
203
1727
9359
897
3293
3502
8424
5054
2920
3390
9898
7926
4404
9267
968
3096
9667
828
2976
5623
788
1281
5905
6698
9702
4329
8565
3428
7565
1785
718
7438
8526
380
5716
3148
9206
6967
2379
8739
8714
6648
7730
8717
8124
329
6236
4835
3228
6435
5487
3689
1868
1142
1623
3200
9131
2030
5546
5229
3914
4284
7826
5188
5386
8416
6283
6162
3621
5739
1580
8085
2528
2816
5415
8445
6188
4718
4023
4515
5273
9488
3721
7493
7658
3977
6798
4315
5921
7889
338
4733
2454
9615
7313
4396
5472
7244
5573
7153
2850
7623
1860
8505
3698
1613
9892
2108
9875
8051
9304
2743
7625
3612
4157
3991
3601
8450
8307
3794
8384
8128
6333
5532
5492
9818
9020
8710
772
2943
374
708
5065
4026
3395
1921
3118
353
1526
1391
8159
395
2497
6856
4945
1923
6708
9272
4713
2047
3595
3869
4201
5513
8698
8274
7104
8319
1739
5414
9006
912
752
2400
3786
2547
7397
306
7268
7644
6603
3705
7193
932
9746
8588
5019
825
3581
1637
5336
4330
6521
4467
5022
8042
4534
91
9466
3746
4544
9988
9075
3317
8114
5649
5092
986
3738
3741
4897
5769
2472
7257
691
8819
8836
7023
138
5466
100
3732
8508
8224
5381
7542
7344
9435
225
3233
5091
8874
2069
6825
2551
6227
9751
6963
4914
8567
7842
6655
3837
4441
3238
3645
5323
2007
2509
1494
6852
8431
1966
6265
1039
4673
4215
6810
18
6022
8132
9297
2407
588
9342
6209
1517
6498
9784
3935
3770
7051
8767
1641
3014
6700
4867
5734
7632
7979
7273
5951
8223
4266
5241
2016
9692
2722
4354
3622
635
2300
3915
1698
9996
6774
4883
4806
4971
6884
847
8407
7845
724
4678
1474
7595
8466
8248
7498
9397
1965
334
3992
1335
2404
3700
4311
9561
5995
1859
4853
652
3668
348
9092
154
4939
9095
1229
3710
3333
4295
1974
2557
1149
8258
308
7956
7935
9785
7437
564
2168
8873
3472
4997
3443
7310
1917
242
525
7699
8545
4977
4027
9464
8394
8671
2748
2592
9286
5832
7563
4107
1375
48
5939
7468
3535
1338
6783
884
8385
2860
4653
3355
8370
917
4113
9995
6586
3971
3671
107
7750
841
9034
8923
5542
93
1578
2124
5750
2911
6198
4865
6525
4890
6696
2455
8476
1061
1068
4593
2102
5377
7327
9141
2672
3969
9945
410
5568
8359
8610
4620
9671
7904
8992
3955
4969
2303
9074
9049
6210
3987
7901
3208
4991
2849
7938
8094
1955
460
2037
4384
7721
7684
7069
8288
5460
9196
3572
6949
2736
5967
2956
6243
2362
6015
9015
1907
1449
7937
5009
3104
7127
2645
8441
9849
3998
993
6134
787
4552
8057
4154
8690
5847
4510
6290
8048
7440
7484
6489
5016
7745
331
555
6456
7899
978
9744
1195
2959
9252
4989
3203
850
8903
565
2591
1836
9712
7872
5451
5123
7398
3740
7686
5340
1230
7795
4328
4679
1075
6168
561
3184
1960
6645
314
8462
6929
7751
7007
8790
3850
9353
8930
9403
939
9107
3134
1666
4641
9231
5590
8016
5525
2351
1267
6388
8928
9752
6017
4060
771
7091
796
4910
7568
6317
4111
6627
6927
1324
4988
2148
236
8181
143
3858
7513
3729
7266
7330
579
6536
7120
2210
7454
2697
2006
3649
1856
3190
1016
753
9248
6738
5978
2534
6640
5303
4415
9484
937
6447
301
7481
4189
8032
969
9790
2249
4748
782
279
657
2026
1035
906
4229
4629
1047
6544
3580
393
6836
6178
3154
1766
1033
3889
467
6377
463
3218
6736
2490
3769
8457
5105
8437
682
8475
9184
6500
8208
9858
4847
2806
2278
444
2961
1468
9331
7491
7218
9895
5547
8961
1455
7328
8609
5770
9273
6163
8152
7239
8231
9498
3938
4116
535
6119
8360
1654
8200
7506
4255
323
8854
6060
2711
1233
6926
8704
7462
6399
1315
1694
4622
2768
2022
41
6312
7430
7675
4370
2343
7793
8398
6128
8388
5539
778
8310
7485
646
1609
8063
1419
7351
4957
6254
5725
7605
7450
3520
6601
9709
2024
9089
9777
4131
2196
4525
2928
454
840
1211
3008
985
9056
2628
3073
505
2165
9679
1585
5892
1353
5368
4901
609
5694
9698
4717
826
7700
78
4393
9773
8603
1929
2564
4943
3834
3474
4034
2264
4062
8662
7476
1084
9812
8734
5397
8040
2704
9581
9819
8620
9155
274
5352
4697
5499
5051
533
8659
241
2759
9532
6180
1852
7786
6913
6931
9446
4746
5920
208
2894
3304
8774
4138
7549
2313
8555
5784
5966
150
6050
6251
9159
9987
4511
4120
2176
8557
6411
9357
9371
6039
6663
3050
1388
4955
8518
936
9955
8849
6772
1823
4450
8672
3230
2878
7592
3163
7537
803
8815
1403
7742
2638
5131
6579
7867
5706
5239
9458
7640
5452
2126
504
5927
3642
8645
1728
4081
8027
8643
4582
9274
7785
3399
9614
1411
7837
677
269
1155
6012
6465
9935
5260
6358
9890
3773
3223
9312
5856
6557
4688
2682
7917
2553
2753
6495
442
193
4918
4752
9620
4006
4484
1672
8049
4349
2074
7274
4578
3462
64
6842
2715
4273
2265
229
3247
1762
6686
2169
3234
4569
7326
2741
9145
767
8339
9279
5819
1065
3093
6580
7912
7099
3421
6503
3680
8348
2483
3959
806
9366
358
5729
4115
3409
2667
1895
7709
5593
8600
1843
9513
2385
5094
5079
2250
2339
2246
6306
2529
3648
3871
5690
2025
7288
6167
6325
2770
733
522
4902
6123
1631
9710
3106
2282
296
9037
9907
1783
2414
5654
1776
6277
5133
7530
3023
1320
3248
5364
5058
7433
1357
9387
5741
2589
8073
8153
4277
5291
6276
2958
479
7759
4613
9515
223
3171
6436
11
5737
9440
7585
1374
3603
6850
7388
3703
4879
6834
1015
5382
8636
5976
5708
2899
1792
4067
6817
8907
9763
469
2434
6034
1103
3900
3895
8024
6330
324
7978
9467
9058
7574
9195
2130
1674
5198
4190
9920
2611
4626
1300
7590
3761
5189
142
2684
6093
8141
8216
6443
2214
623
109
6874
7108
2598
3995
3449
983
8752
1044
1110
275
6257
2071
9166
2837
1691
6524
24
721
4741
7112
5339
9349
4635
9347
4501
9393
8516
6862
2573
1175
328
1953
4052
1866
2292
2615
6629
1498
2081
7921
3862
7633
3775
3961
2132
8304
5199
8047
7236
1263
9643
7782
3463
1931
6665
614
4648
5200
1640
5067
8033
6292
3553
9128
9503
6863
3623
3676
4821
2119
1479
1734
5811
3298
4054
2752
7457
6460
8667
7761
8331
368
6100
1772
3010
6196
4775
607
6216
4074
8492
1562
8937
6472
6425
1442
1906
2286
854
1682
7749
9259
4345
1571
647
7495
4209
8681
9529
445
8656
2599
6459
9392
5740
5232
1600
7474
8799
1010
3586
7884
7423
9033
2706
4385
8077
370
71
2734
5908
4817
9378
8182
4096
5972
8390
7259
1732
1610
1054
3201
4278
923
5977
1596
8107
5439
8755
5563
16
6414
9337
3039
1250
2337
8034
6258
7615
6474
2519
3725
62
9880
1426
4133
61
7604
2305
8816
8884
7109
5646
4176
3471
9883
6102
1601
8571
2233
7893
9542
7178
319
8237
864
1409
5141
3250
3575
6237
9626
466
4057
4466
5717
451
995
6187
3169
9961
1773
8899
4179
3253
2387
9934
8315
6917
6938
2852
4165
4917
3778
3308
9878
6009
6636
287
6932
7189
4703
5502
8419
1383
6374
5268
1069
4864
256
1125
1488
3688
2436
6529
5250
8693
1969
3573
2910
2420
737
5483
8150
5507
8747
3102
4175
8045
8543
6046
8344
1042
9445
27
4903
9893
5554
6096
5692
2755
5520
1224
6514
248
1459
2751
6305
4299
6148
4676
3126
1268
7667
1688
3981
2789
1513
4771
8788
9715
3299
2716
705
3942
5435
6953
2796
6923
3087
502
5701
116
839
3214
3161
86
5333
3743
4708
294
2717
3891
706
7222
1236
8458
7353
3813
4837
289
5044
9165
5441
6613
5302
3022
4735
1330
5709
2462
1711
8759
6176
4126
959
452
2273
3950
3685
9063
9877
291
3972
1524
543
6976
6396
7584
8955
9675
7306
8120
7047
7818
3135
7522
4163
2353
948
1317
1156
3760
4388
8973
8387
6157
1471
132
2029
953
9254
8778
1031
1395
6754
6729
9496
1629
6988
5196
8230
9203
6158
6296
9053
2062
9768
7645
9759
5986
8149
9257
8864
3609
5195
114
5027
2094
4541
9633
9835
8174
6885
1994
7346
4221
5348
5705
6266
2983
1828
8753
6969
6372
7774
8651
9944
770
5345
3717
5237
1717
8975
2661
1670
5610
7041
4087
5226
7999
2830
1814
3780
2574
8915
704
87
1951
4173
2317
5840
3562
4876
1074
2939
4723
5647
8809
955
5266
6828
9663
7290
5361
9468
3983
8852
1737
3510
8178
1453
3675
3440
6617
4298
510
4827
5594
7874
9506
7562
660
6858
8740
8112
4216
8702
39
2756
6778
741
6869
9748
9760
3156
1606
3224
1037
3934
5723
6779
8763
9791
8481
9361
8454
9510
2150
4757
5901
7777
4158
7679
8026
941
2809
9594
2106
462
8578
9178
8795
2450
6362
5023
5357
9142
9104
605
6725
9008
6513
9653
4376
1493
8430
2421
4436
9308
1246
4160
6110
8535
307
8785
2405
4473
7335
6328
8682
6294
9508
4423
4540
7401
1309
889
9864
7634
3075
6402
7138
7827
5891
9418
29
9885
4217
7923
7556
3353
9639
3939
7141
423
656
386
3062
1557
3478
8451
4609
3139
1413
7412
6849
3418
1777
8794
2957
7174
9807
245
6679
5248
1948
6968
8582
659
4984
20
495
2546
351
6194
2243
1067
204
3951
6844
2410
4980
2000
9854
9310
6833
5973
6652
1989
1108
3165
2548
8356
1673
1347
2453
9509
8276
7539
6297
158
4659
9863
8982
3459
7817
8480
6468
6120
1984
2147
1361
2162
3430
1269
9930
7126
4755
5903
6693
9160
9770
7382
1429
6561
5779
536
4814
4193
6054
8974
3266
3505
6892
1925
3592
7162
6719
7279
7431
5992
9815
4289
4813
9091
8781
9874
4232
8863
746
8129
6407
5467
4208
8591
5795
8905
5346
7100
5866
957
8998
6117
5990
4981
2179
4548
7316
70
9882
4639
2164
7630
3379
4161
1260
7271
7715
768
5548
971
9570
3127
5912
159
5014
1982
3080
6510
1356
6670
7833
9328
7341
6062
8851
2111
6027
4338
8251
9583
7989
5873
1231
642
6847
3816
688
531
1088
1132
8528
2712
7657
6074
5081
3477
4462
8235
5432
3677
4233
2035
9220
2345
9733
221
7829
3681
9110
6877
3503
3451
3360
9117
9474
2432
8069
9356
1519
9009
9452
2730
5817
5293
1657
1457
1486
1445
8140
6545
1515
675
6365
5889
7463
8003
3651
6214
6616
786
9845
6301
9648
7536
4324
1581
3366
320
7922
9673
1200
6762
6564
7831
2810
7019
8936
4999
2361
6794
1423
3506
4336
4269
4522
7184
7706
7452
3723
7765
298
6815
2936
3664
3431
7890
3785
1748
2944
3279
3993
8213
6602
4630
9023
7017
3026
2687
2159
9939
2771
2215
3389
8270
5113
8470
6444
1337
75
6005
2822
4219
6551
4313
5959
1726
1323
3898
4614
7230
9318
9646
4090
3131
7811
4143
7835
4866
9243
3108
1372
9932
7137
1290
9991
1165
2933
1650
2522
1820
9480
47
9856
3788
9716
1454
2732
4684
7383
3584
6367
6288
3768
8653
4795
6247
7794
4563
6040
5444
5576
5771
2804
9573
3822
5536
5559
8654
4416
3692
1908
5954
4250
9261
1297
4381
7324
9276
4401
7555
6479
1764
6776
3123
5475
9448
7460
9493
8647
6878
6329
1078
9177
1354
3599
928
6073
8011
2780
8468
4490
8483
1671
729
6588
9102
800
3437
2507
5446
6726
7669
2980
8418
5477
7655
7652
1636
5449
1288
5365
9519
1148
1194
2423
6986
4594
3828
6044
432
4787
5929
4320
3467
6609
7131
5084
9112
263
216
8349
7881
5974
775
5137
7998
5243
7420
8712
3297
8833
5656
5062
2052
5867
6746
2032
4640
8147
6233
1183
1971
4130
8417
9586
7368
4912
2824
747
4123
9367
633
222
3967
7088
4649
3814
5558
981
2131
19
7520
1516
3779
9154
3274
4428
8060
2323
3922
4195
611
6615
6710
1718
2871
5775
4642
9193
6770
710
2202
2668
8708
3756
8658
5764
8692
8109
9218
2541
7350
2998
5299
6666
2535
3678
4832
2677
4382
6594
2051
4103
3487
3872
4118
5588
5420
9739
9678
5358
9840
9135
4166
7369
6480
5585
1554
5082
9137
2363
593
5474
6165
4200
4893
8389
9821
7121
6501
7784
1062
6831
5122
2466
4696
6487
5129
570
822
6959
2445
7919
9851
5000
716
8858
2644
1850
1784
807
2104
5106
2141
7360
5571
3199
3620
4763
2728
1502
9713
7587
1435
7428
8377
5777
3544
7246
765
8940
8900
7746
5724
310
4207
8188
6543
4810
9623
7703
921
2923
4394
1215
8715
3887
831
6181
9559
6021
7557
6706
5453
4557
6192
2386
7283
5569
1753
2649
2676
1775
9584
8963
2705
503
5804
8886
1041
6129
238
910
6701
5634
3901
5321
2925
1532
5688
5038
8801
9906
4606
56
5648
6364
1619
2406
2686
6795
1522
9431
1918
3550
5186
2474
5582
5157
7943
8412
6090
8233
5236
2478
389
4521
2921
9323
9422
7609
2464
6987
4369
1135
9283
6880
6360
874
5178
2968
5937
1531
1954
1826
4533
9427
8617
2289
6478
6990
8954
8787
6859
4750
5659
4458
494
3878
6532
7056
3000
4954
3128
149
7276
4465
8039
2399
956
3936
5643
8495
5151
6876
2955
4562
817
5056
4263
5584
9913
6470
9429
1201
5265
5983
6055
2516
852
4671
3751
9051
8378
2384
1692
5572
6126
7886
8675
8968
7386
3495
2908
5685
2863
2844
1171
1262
2868
8172
2311
7492
6773
2610
5142
3261
6621
2839
9966
4758
7836
5872
9003
1376
731
7876
4694
5884
1560
7752
5392
7405
3747
3919
4508
6973
1481
1520
5145
5641
7228
8268
8720
1292
5743
8866
4482
1381
8474
735
3458
7527
9350
8570
7758
8383
5144
9172
1081
9116
2254
196
3764
376
1070
3943
1303
6578
8685
9098
3167
155
1128
6748
6381
9450
6735
5893
3016
1218
3098
1332
3225
7954
8465
3116
6635
450
8252
7147
8353
1893
2133
617
9046
3884
2382
5478
4773
6965
8539
8000
8273
9781
7733
2978
1830
205
7212
3422
7156
6660
618
8334
1284
3527
8030
9119
3111
844
4362
3275
5534
3953
1022
5677
2904
9602
6311
5758
9407
5833
9528
4896
2583
3031
6208
6471
3241
7933
8613
3145
7355
3344
4520
9627
4214
7132
9481
3534
4959
8572
6221
9134
3133
4287
4737
5411
1575
82
4242
2206
5215
2263
5555
7089
3432
6112
8023
3904
7822
4387
4248
3543
7781
4344
3492
5422
5224
1973
6461
2596
4285
7181
2075
6799
2790
9591
4309
2048
554
1916
1482
4500
1133
4476
3375
7417
9717
1615
672
8283
1441
5970
7776
4916
7583
6957
6242
2540
7740
255
1217
1702
5061
1909
270
396
2877
5512
5932
6393
6424
9229
1662
8830
3269
9634
8919
639
3879
8606
8101
1189
8097
3600
2851
3702
6793
4670
9305
6095
9176
5934
211
5140
5125
1210
1677
336
3330
5589
5876
9714
4459
2605
2425
2746
5203
7726
6059
8812
9271
3669
6568
7504
5857
2238
4432
4001
2480
7950
4662
7158
2120
1996
6598
8624
5870
2656
5457
5682
7473
2559
8730
5704
2392
2929
7387
1013
1542
4574
2207
4581
4706
9180
3447
4239
8421
2532
7616
9317
9655
6569
813
9187
6522
1448
5155
7533
1404
7728
2367
9040
1272
7336
6939
5362
7543
9595
8554
2349
8194
9384
1382
6252
935
3254
8373
1238
5910
1822
4455
5644
9010
1566
4536
6153
3352
8871
4862
6222
7577
9846
4621
940
6752
8933
3469
1914
9087
6637
9685
9215
7546
1892
8196
7220
1193
7029
9736
5407
2304
5166
7576
3719
3489
3170
1101
7197
7455
1510
6656
7856
5380
653
4319
5162
3403
4152
4812
7540
97
5289
2275
8007
4008
9491
5869
2973
9434
5713
5955
996
347
281
549
9175
1970
1899
744
6824
5373
9800
3393
7528
8976
1616
390
3735
9432
2442
8944
5103
9946
7980
9950
1968
2673
9676
3712
7143
9319
524
9085
3696
2654
1535
9307
7275
2471
7048
4472
7413
345
3192
405
434
5240
3944
6675
7358
4386
5772
5624
2823
9822
7071
7558
1222
6596
4171
9956
9143
4663
3990
6972
1212
254
6379
7991
8205
7949
7361
6033
7676
5320
8025
6678
1199
805
9645
5276
5604
9227
264
9101
2635
9862
1091
3924
7442
1275
4136
7354
5437
3824
6807
9265
5678
6268
2397
7613
4231
3905
7825
4196
7869
8867
4695
8670
4791
7060
3571
7111
5148
3356
8876
2437
483
8824
4690
7175
711
6161
3949
1399
7045
5669
4610
4341
7514
1875
407
3499
2566
6410
5149
4122
1043
8916
4855
6796
4169
8455
5173
3784
6344
8013
3461
1791
9521
1447
9857
8639
2947
8562
5328
7050
5006
1796
3101
925
9164
1179
1252
6662
4878
1489
8869
9355
1533
3805
9296
5119
3318
2066
6523
934
697
5174
3820
2443
3052
749
1213
89
1536
8489
2657
8920
5508
6879
5841
8589
9430
9873
6755
6382
2077
7362
1118
1800
3567
926
8913
6106
1733
3476
8500
94
4357
8434
4923
6508
6782
5416
5046
8257
3209
777
5211
5369
5987
3733
9423
8010
8366
7662
2506
3380
1602
57
2688
476
2640
2279
1646
6921
1779
7356
4101
6984
4656
5984
3540
6712
6082
7580
1665
8638
1888
5664
4543
5874
10
676
4547
2963
952
5845
6395
1707
1348
5139
7692
3930
4061
7366
127
2428
1007
6484
5530
8760
7945
4516
1017
4517
5948
2742
6455
6868
988
2690
7435
7711
3168
4156
7597
8804
1439
7252
6366
5526
8278
1184
5938
5179
7081
5523
403
6481
1964
8965
9324
7671
6942
2916
9911
5463
8298
7278
7374
4407
3460
8074
1603
7712
2683
1780
2912
2187
527
4948
3948
6556
4055
2858
2200
3002
6224
5138
7221
859
6238
5213
1915
2814
2408
3853
8793
3918
8779
2310
8067
1105
2395
6327
9794
5715
55
2835
8811
3799
8346
6299
7066
5130
8821
7064
1420
630
4960
4471
8632
4740
880
1699
9814
9747
2658
4705
3048
3264
4434
1351
5190
7967
1530
7115
1066
4439
3229
5500
9198
4972
6768
6832
6625
5592
497
3578
4368
8029
758
9138
681
1938
836
1134
9326
3532
9415
5835
1475
5693
5029
3260
8688
5247
9530
2167
8663
3113
7772
6766
2138
5294
6204
2766
1228
2838
8222
9412
8169
2731
2842
7992
4365
6085
4745
4312
5306
9558
7323
8497
9609
8957
5126
4687
435
5786
5626
3137
8443
3179
6582
2369
5325
8531
5371
4268
3094
7123
6918
686
7125
3417
5005
6975
4783
9168
9550
4811
8813
7082
5008
77
5522
7941
3763
3194
4497
4064
4946
258
5651
5158
3500
927
5115
5072
8332
7169
2834
9555
6816
6887
5356
3791
7770
9600
4445
392
6014
5235
3958
9106
4915
8316
1839
4618
4875
2872
974
785
8187
7448
3488
7426
5210
4464
5622
5510
8668
6590
5868
6035
1427
9284
7419
8291
3398
5776
9425
9301
3160
4174
2626
8796
5088
592
9335
3555
8921
2633
9030
164
7525
9433
5696
4077
3554
4021
7349
7961
4358
4933
5089
1730
1432
4820
5391
5809
2095
2457
8537
574
1283
1582
9971
7618
8292
6996
7359
2465
802
1408
6386
3767
3410
5388
4282
1937
7550
6272
7032
9534
3611
7791
4965
5096
9179
5665
9669
8493
3682
2996
1558
1607
3940
684
6669
3906
4567
1736
7806
5792
7227
5726
2833
8386
1793
9918
7986
2110
9238
5575
1421
7217
8157
6502
2707
6978
4127
8308
6705
9801
1847
4666
3162
7663
7828
3968
4994
6109
8575
2590
7186
4334
3498
6098
5374
9182
7453
992
8991
5918
9094
5652
1018
4634
3207
5898
7148
812
9479
5100
5883
4082
8019
2791
4184
2530
3085
5042
8527
7797
8585
1630
7389
1029
8260
2440
213
7451
7065
9985
6316
2586
84
679
1505
562
4728
7897
9848
4560
6644
6141
5971
8729
7736
6406
5968
2158
9957
9156
2866
54
4454
833
3798
6631
2691
4633
1491
8395
2398
9402
3667
60
8290
9213
6223
6812
1815
7639
3890
1738
1643
3071
2828
3442
619
6840
1104
6494
4097
7682
8070
878
8789
9228
3973
2153
43
5171
5586
2054
9345
5175
3605
4700
6064
1169
7854
1760
4970
5821
9492
553
9202
6341
8743
6904
7216
5877
9900
3316
7329
6506
8460
5518
261
9742
2430
3046
9209
5674
6727
362
8897
2533
7144
6103
4012
6448
6195
5337
3376
9937
2121
2616
606
4125
1359
6135
3855
8931
6392
4711
3561
8842
8309
3716
9461
7107
976
1769
6145
1308
6189
6037
8225
402
3920
3839
572
9363
7322
5605
7166
165
9540
184
8071
7076
2815
2170
8742
5838
2157
2355
9475
6032
6270
4612
7963
7865
1057
2699
3708
8156
498
5683
8721
3226
4091
1286
3406
3827
2221
879
4747
7898
1541
2642
5244
7348
6315
9360
750
9208
2883
200
7447
9524
6936
2240
2545
1618
3650
7738
9372
6827
2227
8262
1548
7075
7918
4654
6761
1696
6326
8380
4036
7821
9300
3276
528
5160
4427
6694
8879
7924
448
6429
7930
8400
7502
5271
1473
2938
3748
722
4611
6721
3629
2116
7004
413
7501
1570
1495
6935
2019
2308
1651
1045
3042
140
4375
6912
1848
6801
8438
9597
4469
6404
6097
7588
7763
5433
3289
1020
2999
7307
1083
4325
5010
9853
4303
7548
6771
7068
9192
2655
8929
9916
8302
3286
4430
7581
5854
4038
341
8601
1998
3811
7508
6437
7748
3880
5881
4889
2470
9016
5710
4206
1150
1849
9042
1924
2794
8066
727
5636
3307
5442
7860
4413
8365
8948
3419
4882
4331
6786
7803
3525
3691
1758
2391
1771
3423
5104
35
9887
7529
8676
3290
5749
6584
6845
7012
9750
3597
129
9925
9970
2356
6527
3655
3033
9078
8486
8633
5894
2001
8449
6389
4159
3614
5047
1304
2125
4894
2128
4849
1126
9032
7940
1765
6171
7496
1151
2543
6689
375
4727
6994
1202
6802
4553
1326
8952
6507
130
9338
9826
8167
589
537
6695
865
7572
8432
539
4318
7380
6570
161
849
5553
3047
3638
9249
317
1761
8725
4646
9459
3453
2475
7850
7659
6819
9905
8519
1277
4682
185
6981
5378
9527
855
9990
8917
6765
1583
8552
8817
122
9013
1795
4932
8464
4828
7596
4359
2114
63
678
243
2065
9525
3536
1500
9381
5002
5936
4373
65
3868
8504
2539
3122
1569
2441
8320
6753
7262
5768
1177
5338
3051
6156
1980
3109
838
9157
5996
1241
8362
5640
7903
7470
4784
1838
6806
4657
887
5969
7677
4964
183
5409
7838
9088
5944
1846
5595
875
2067
7188
6432
1801
3538
2140
6547
6504
1700
1266
2897
6733
9133
6797
9111
6954
5800
8741
713
3003
5620
5245
6838
2401
9067
6228
7499
2344
2134
6643
4147
5307
8125
3256
4402
696
8336
9292
5581
4129
8435
9927
9578
9050
798
5445
5228
3382
2710
7321
4779
4625
4834
157
3386
6937
8340
667
4296
8699
2659
335
8078
1503
1279
5863
1716
5028
6711
4722
9275
7248
1109
4891
5848
9834
755
1621
8456
4736
4809
9124
789
4887
8018
8031
2394
6320
843
6261
1369
5551
3334
5429
9472
6835
7480
1006
2593
6339
8088
6881
6303
4589
6202
459
7647
7910
4724
4762
3800
4624
3897
6253
4513
5695
6138
2461
1293
9568
3749
2865
8100
1543
3159
2985
4785
1406
5
3529
2033
7824
387
4211
6592
6118
5025
860
52
1302
4502
6730
6387
2298
8577
8848
5738
2720
9686
1544
616
938
1857
5118
5747
3058
4794
5919
3040
8139
1190
6450
9613
7932
1021
3277
3569
823
7119
5417
3574
9073
7566
8777
9405
4940
7168
7264
2368
8709
6348
4949
6199
2325
2197
9652
9268
5703
1321
6707
4249
9574
7727
5288
102
8266
9872
4870
8646
9462
1295
7124
2825
7769
1160
3596
4494
2946
4361
9486
4658
8269
1767
3632
5402
8293
9688
582
7149
169
1287
4069
4871
9388
1891
8277
96
6581
8912
2244
8746
8314
1322
8218
1477
1461
9499
2036
4514
9984
8823
3660
4379
7834
515
1301
4564
2981
5372
9463
8333
2862
4342
6690
4643
259
4669
2180
7944
8877
9290
4335
2876
5853
3758
8630
3630
9664
6767
7905
4066
9989
472
5086
194
5993
590
5907
9269
2917
3281
9689
5355
8618
166
9962
7014
1633
6512
3927
5798
8175
4112
4824
3823
1661
7868
9105
3149
4850
2651
5390
1898
7243
2346
8084
3475
2881
6647
5785
5732
6177
5535
7755
6757
861
7253
8953
3220
3982
7101
7225
1073
9225
3065
5124
1635
5031
8295
3484
8847
575
239
1990
689
1122
9262
7571
4565
5110
7787
8261
613
286
7151
8354
8498
7267
7664
5258
9828
7338
4095
2805
7250
773
2330
7219
1993
2283
6608
8058
8640
7560
4256
8902
8802
9438
894
4079
1182
5049
6924
6871
6704
9316
9390
4761
1378
6049
6681
456
4108
641
690
7234
7078
76
6440
383
8828
9270
2786
4675
5947
5781
5462
6764
1604
4579
5916
7913
9729
8860
2388
8207
1144
6982
8197
7005
1310
5822
2234
9260
6718
2718
5782
2931
994
5812
4725
6610
8321
3151
2417
7946
175
8822
4100
4873
7878
9288
7128
273
4777
2623
6405
1620
1214
8719
5322
5661
6116
5670
5447
9399
8718
5121
192
683
4561
6914
7098
6546
4477
1138
2374
2488
2607
8357
730
3404
8337
5998
664
9975
7996
1599
5330
2396
2738
6780
9240
7642
9294
6066
1572
6079
8095
5933
2262
3864
4332
1014
680
5722
518
4786
5965
8615
9711
2161
4187
9902
5697
5207
9908
3006
1059
8021
6140
903
9394
1204
7861
8427
5628
1504
508
1967
4537
7020
4575
3926
8757
6052
2765
352
9735
3074
987
2888
6232
7309
3369
5991
5332
5671
9404
1539
3259
9843
8605
8550
7532
1123
8703
9999
4712
1789
4437
1595
8977
9954
8121
9611
3150
792
7284
9188
5807
8238
3025
422
4140
5797
1902
145
7449
5660
4692
6352
6977
3980
6499
7136
8263
6441
7578
3237
9266
5909
6916
6431
2641
7708
2261
7439
5506
6870
7579
9725
3513
5413
9721
8909
6139
1096
4076
9379
9144
4352
5039
33
558
6361
4305
2937
9919
4339
7015
9162
2982
5069
1480
8838
304
2799
581
2260
9245
7792
1209
1139
5205
886
7666
240
7505
1890
4259
9291
3078
8127
3508
4529
2203
2750
2934
5085
2708
2494
4632
5127
4474
488
6001
8079
8533
1997
6654
7214
3892
8246
3835
9391
4135
2017
8164
5270
9014
4085
2259
7975
7959
6649
1911
6041
5277
8625
3367
6143
8984
7392
5261
4615
5287
3511
4142
9580
4452
1942
9482
9661
7734
1226
3426
1401
1555
3314
5077
4566
2729
6108
3095
2331
2680
5438
3963
9314
2151
2558
7813
5246
8092
6428
7002
7586
8629
5074
2334
7059
6974
6088
8447
113
3343
2845
9637
7331
9855
5600
8243
266
8996
9589
5924
3310
8889
7483
9348
5570
3072
8754
6497
1695
9329
4050
1741
2183
8075
3874
8694
366
7086
1858
7010
541
1342
4236
6992
1349
9546
1424
7364
3863
181
7434
6016
5116
9697
6902
2517
1722
4485
5926
9662
4264
1221
9776
2152
7247
7036
3739
4307
9636
3807
1833
6941
8511
5093
637
2984
1053
311
1140
313
1077
9289
2173
227
2326
6298
2647
8932
7395
7875
6595
980
4204
2012
9567
6565
1030
4715
1009
8892
6906
814
3056
2241
2495
6078
3059
9077
6908
2456
1658
1499
5846
9765
8236
739
8453
3067
481
3690
5759
9681
2418
3640
1256
344
3036
478
2297
845
2366
648
6517
8749
1402
757
501
1529
3246
9582
1242
8064
919
5153
1759
6309
2843
6622
8478
6473
961
7804
2226
1121
6716
9556
9786
8355
2479
8134
3591
9535
4033
7646
3114
123
8765
7443
9115
4922
2041
6101
3005
8626
7902
4857
1444
9054
5839
4063
2487
6896
3429
9411
3613
4489
1837
1328
2451
3454
5059
8673
7052
108
6002
808
5182
2889
2778
8105
4685
4512
726
3654
9194
9325
5625
9647
2930
4003
9167
7035
827
9507
6553
4852
4468
7192
9029
9683
4363
4247
5428
4788
7862
0
4720
1192
4617
4804
2745
4088
5940
3300
6562
513
896
7606
4966
1168
7129
6658
3321
4498
8969
5852
2580
9554
8538
3029
9204
470
6722
5376
6264
6634
4904
6728
6671
7732
8113
4380
4523
2653
7159
9644
2498
7459
5267
80
8154
6966
1627
4880
5616
8602
9043
5184
529
2328
3752
4938
933
6291
5810
2664
7204
3054
1239
8750
8411
7914
5494
9718
5454
7518
4274
1040
2063
3439
3832
4068
4083
8820
3146
7635
1824
6520
2096
332
6356
2004
3445
600
4823
5864
4798
5730
3452
1428
7819
2426
6400
3402
6606
5037
8433
6538
7814
8275
4927
4942
3635
2070
8560
7314
7157
8352
780
4770
3516
7653
9728
7432
610
9163
9109
5401
1440
1344
3258
3806
68
6552
1093
4848
8472
5639
6099
6322
2477
6376
9660
2493
3420
8338
791
3231
8212
3041
1540
38
4859
5630
9084
698
4702
511
8506
2072
9889
2953
4086
5068
8392
7716
5658
6391
5980
8846
133
3873
5994
8494
5366
2801
8311
4707
693
3830
3842
9649
7083
9364
81
1659
583
5668
5815
604
8669
9562
4056
8106
3035
4900
6837
6872
7164
2675
2333
2044
4956
1567
3268
3875
2484
8485
9923
2082
3153
226
4619
8507
967
5931
1559
6031
191
3647
3235
9979
8736
5922
4426
7871
4272
7251
2531
9769
5004
8012
2205
872
5617
8859
9695
4623
1652
3147
3185
1807
9830
532
8521
7866
3546
695
1191
6369
4253
9000
5820
8579
2577
1264
3456
5790
9757
8171
443
748
5721
6493
6086
5631
9596
2336
2714
1240
3759
2915
7302
111
2678
6873
8805
2186
9517
2836
1465
3444
9741
4826
4947
218
3158
2887
6338
759
1681
9293
4059
5711
1285
7925
3364
4228
5168
6800
2703
1797
5233
1864
326
8158
7802
8986
5018
6164
4350
6775
1085
282
9169
7155
3049
6056
7077
349
3730
6013
5024
2064
2324
6985
2724
5613
5746
7983
5603
8782
5172
9456
6179
1676
5515
3547
1752
2172
6197
2986
632
5465
2258
751
9001
3494
8941
989
2932
7877
9700
7717
8677
4539
1586
44
9973
5989
4048
4944
2142
2056
8229
9659
1763
8607
3662
2100
2031
3619
7952
2306
709
8272
8232
8568
764
5187
9237
2744
5751
649
8865
832
2648
1385
4888
425
1624
9981
870
3996
7859
2861
3627
3339
7511
7939
3232
156
7213
9103
119
8368
7235
4962
4538
4279
6409
1865
4220
6174
3699
3521
231
3774
26
6682
699
9365
177
3598
2460
2301
3975
356
6952
7467
8220
4742
2446
9571
2769
2049
1251
6789
1550
1172
728
9522
9687
4572
5301
4829
540
1458
2905
4366
4860
2358
9424
7895
2782
8628
128
3602
6275
3361
6758
7201
9330
1579
464
3646
4839
3030
4291
9298
2918
5468
7490
1617
6345
2023
7570
3925
5090
2503
626
141
8091
8831
9453
5375
9772
3497
8318
5035
2139
8082
3628
9758
1181
7320
2013
9518
9059
1176
4558
8995
9654
7229
3245
5257
4364
5583
2372
4347
1827
5384
5214
3617
8219
333
913
3011
9205
493
3408
7931
2631
379
4803
5427
3608
4197
8247
8369
4025
5988
8189
6107
8382
1318
7841
2760
1452
2884
4765
1803
4121
3564
339
95
9064
5304
7006
3931
869
2853
6626
6072
3110
7384
3731
3583
960
1705
3455
1422
3252
5164
3411
6575
8145
5728
7055
4351
1398
8727
891
9200
1055
1749
9572
692
6905
7461
5216
3485
1874
5619
5097
4731
964
8951
5048
1922
7598
2099
4418
1935
6160
2389
484
7994
7973
9901
6219
2005
7332
6777
3589
4990
9374
2504
2055
5034
4729
2524
6385
8911
9969
234
1831
6200
9222
3255
7258
2115
1706
4573
598
2237
4881
2572
2080
5766
7976
6069
1223
1634
3081
2375
9036
9593
4756
5003
6260
8534
636
5851
7544
9026
4251
4975
139
7414
5354
9060
6323
655
899
2191
8641
5527
8520
7134
5828
3302
5156
7900
8245
868
6349
7599
1930
1245
4739
1905
8791
7648
7621
6319
6600
3205
9978
8769
2251
2105
5579
1587
9783
5212
4568
1593
7698
3021
835
9933
1416
5108
4818
2721
1331
5914
6226
4290
3542
3870
6019
9552
7680
8906
9375
1340
3876
2307
1058
6857
5426
2424
4796
2231
8484
2365
5396
8999
2785
9244
3024
7018
3631
3826
8695
5975
8054
3320
761
3441
970
6677
3616
9992
4035
4976
2154
8780
4583
9019
1019
6790
3771
6866
2924
6930
7209
363
7964
110
2960
394
9223
8857
1098
9884
7839
5234
2855
5540
665
7118
9158
2010
7507
4117
8584
7240
5621
6676
9871
2585
7650
694
6483
5733
1829
947
3124
3679
7095
8946
7339
5601
5503
8956
3012
1333
7043
5635
1934
4261
5098
5206
7757
7547
7958
9844
2597
9071
5702
8509
8096
509
1028
5181
1794
4825
4314
3912
2627
8335
4316
4005
6571
9607
3433
8502
8680
9256
8522
6234
1928
8211
9197
7882
9690
7357
1545
327
1131
6813
148
1950
547
7161
6205
1626
9575
6907
4429
7154
6289
6846
7942
4226
1394
9972
7198
9986
3509
7092
2601
1294
5305
5879
3296
278
9386
3585
7410
1225
3019
8289
7929
585
4448
5718
6948
9694
3324
1900
857
51
1407
4186
7025
559
6331
115
8126
846
4650
3727
1668
7651
5285
2818
3846
3368
1744
5135
5242
3610
2618
4935
6535
5850
1025
8885
8540
4691
7790
7966
4367
2702
6808
9764
4542
244
8151
4790
414
6281
1274
1368
5221
1313
7482
5194
1963
3988
447
4244
1206
2526
7375
3909
2793
1485
8162
5117
819
7403
5514
5591
7718
3323
2312
5945
4028
6080
9974
945
5341
4110
9680
8631
7896
7185
723
9842
1523
8138
8748
4937
1853
8050
5760
2015
6822
3928
7027
4457
5114
7223
4440
3844
9672
1835
546
3271
8341
8155
1343
2296
8604
8958
4270
3776
5859
446
8227
7805
6612
4222
7305
4509
9012
4451
2969
1710
212
8173
1812
436
8818
7879
6063
8696
9408
5538
5080
5036
2193
174
6390
6206
3896
4751
6278
6420
4577
6699
3117
6925
4172
9147
736
7883
7444
6113
5052
6567
4992
1740
9246
2725
1483
8517
280
7070
7788
6673
3888
566
4178
7714
2582
1527
3867
6563
246
2327
4591
106
9619
920
1806
2701
5405
7683
5528
6051
7820
4892
6302
5231
2463
8551
3985
5796
4075
9809
98
9334
6723
1312
651
8563
2795
4802
1048
2962
8731
4930
5803
8323
5165
6213
6332
3709
2198
2606
3332
4645
9471
7920
5015
8259
8072
5479
5227
8410
4801
8198
4013
4799
7561
8217
9123
1985
2008
4527
8488
2550
1367
9998
9977
7701
5222
3560
439
7456
9780
8491
3183
9850
8459
3843
9062
1167
4586
4734
8052
8621
7624
8979
2727
6231
3130
9369
3910
3588
7541
6230
1551
9146
5021
6583
5679
7844
1689
6970
9047
2288
5698
669
5183
6175
8168
3107
6057
8922
7170
9057
4704
5691
8170
2523
5136
1506
5911
461
372
1024
121
7049
975
1988
6894
2514
8674
2318
4885
4709
5825
1956
1712
2412
3999
8185
4686
3336
381
1162
3325
743
890
377
8888
247
3401
3273
8376
5359
9437
6867
6417
7489
9460
8855
3720
9924
9052
2869
1704
1208
9789
5253
6048
3665
6284
105
5765
5185
3341
2643
9465
3057
9677
6829
8644
151
7573
9852
6509
3328
438
4031
6043
1023
4588
2713
8783
4267
4047
9495
6351
7497
2281
468
6585
9302
5886
9065
8773
4968
3136
6201
6853
8971
2021
4280
4281
1811
7418
4302
6724
3446
6683
1299
8950
21
2650
6121
4532
9630
4616
5981
6763
6147
9576
990
5159
1788
3845
5041
3766
3244
9140
1220
6624
998
3280
9385
9263
9782
7390
922
3507
5154
9419
4921
5545
943
118
2280
9234
571
146
5599
8249
6533
2123
6946
1207
6346
6132
2549
7282
9344
3027
3221
7021
9910
5961
5755
5353
3157
8482
8970
4631
2621
9823
3322
5297
8425
9899
9478
4410
1052
5783
5925
1011
384
367
9428
1879
8649
1851
6442
8661
3726
7531
6542
7775
5351
5505
6961
8436
8503
7167
2316
507
6368
4271
6008
288
6263
4698
1565
5541
4071
144
3351
4789
1556
3479
8190
2208
6539
8619
1537
3857
7191
3335
3412
2629
2945
5627
6337
5070
8087
4188
3216
7880
5843
1882
6883
6920
4080
824
5408
2146
8514
228
490
9417
1291
6703
1141
3851
2772
2665
830
2468
3656
4647
441
1553
3861
3327
9039
4668
7982
3211
4699
6307
2089
3195
9186
465
1001
4844
5063
7509
5788
2043
5496
3385
2500
1958
6241
2444
4346
9967
4390
3262
9277
6154
6566
2452
9258
2314
6421
7289
3911
6458
1747
882
2078
1146
4099
1897
3687
267
9340
6791
7034
8523
2079
5805
8870
9797
7843
1720
8616
6182
277
8254
4913
398
3965
4627
834
1881
9544
8015
7427
8962
224
4819
9336
5611
2777
6340
4693
346
4487
1237
8313
2322
5043
492
2561
5491
5482
1941
4019
3055
3715
9993
9964
4926
4495
8862
8062
4491
8041
8463
6630
8797
9447
2319
3683
6159
4481
2236
1137
4651
400
7113
6083
3473
2617
1663
2098
2942
8381
9731
4162
7760
7649
8844
2144
9592
4929
9181
9805
5645
3945
5524
3032
8697
1781
2762
3637
4230
5400
8978
2338
9278
408
8117
9533
4861
7654
292
3757
2602
2403
6971
3644
5255
249
5281
3140
6823
634
674
2370
7046
3188
2758
415
2895
3533
7421
8161
7011
433
7600
2864
5517
8814
7416
85
5849
911
760
1904
2257
9612
9720
881
6951
916
6185
32
6804
3563
3907
4073
4898
3069
6426
2857
4046
4550
1185
7993
3392
1259
2565
8284
6818
8
5598
5791
6000
4306
4300
272
4869
9585
542
5459
1573
9251
4592
5509
8264
6274
8215
7719
3084
8705
3657
1940
4546
797
7894
5501
4778
5177
8358
9295
6496
5218
3263
8426
5470
1216
9866
2501
8894
1095
9090
4851
4603
7864
3838
3278
3819
6279
6760
9774
6149
6166
7888
1986
9761
5778
5146
876
3217
2792
9665
6960
6490
2046
9401
5278
8803
7988
4128
8135
6430
6747
7424
1143
8722
5614
8176
3138
9968
3882
7747
3570
9806
9604
8701
856
4181
1265
4841
2129
8056
567
2293
1644
3037
5464
984
373
6528
5469
1008
321
5753
7685
2646
1492
9083
230
1660
3848
3306
950
1933
9100
3187
7105
3121
5806
8910
1825
9738
7146
5083
1774
1145
584
9668
9708
5490
5053
6371
2268
9247
1396
740
6558
7458
7486
188
3639
4043
892
6028
489
1508
2109
4519
9161
491
1410
809
4982
4431
2272
3501
1094
2042
7744
5802
4807
3576
2685
7171
5762
8650
1743
2229
4868
3643
480
3435
3295
5017
9502
7106
1697
3899
645
4655
2848
7855
201
1832
4132
8234
6225
1397
5431
8623
1521
965
5262
5871
4241
3374
202
9045
4022
9055
8771
9628
2058
6995
3384
1298
6246
3176
6605
3522
1818
7722
1012
4109
482
7519
734
199
3342
2027
9211
6651
4191
283
4683
909
2671
6898
715
4605
4399
5191
4636
8001
7971
9151
4225
6467
8985
8666
305
5953
9126
7638
794
4973
7809
1079
9538
7720
2156
885
4105
8807
5752
1484
991
3809
3633
8191
732
762
5638
5087
5310
8022
6518
9792
1443
1198
4637
769
1639
6318
6038
7762
50
2178
2053
4310
2185
4408
5789
2527
2698
3804
6826
3242
8442
3849
9536
4443
198
9189
7594
9069
2085
1276
14
3979
810
7569
9756
5403
3793
7376
6888
4192
9629
756
2826
7245
9963
7947
2800
2228
2832
6087
9191
1154
1436
9451
3152
1164
8868
7731
406
5923
1219
9332
342
6855
6999
3251
8361
1106
5324
88
2084
1817
5834
7057
8756
6515
7697
3670
9011
6452
3086
207
1725
8206
6068
8282
1546
5533
1883
1592
6781
2624
5344
6446
300
1345
4732
2321
9557
9724
1387
6964
6919
599
6591
1433
3886
8808
5045
2935
3956
265
2636
4907
409
4526
8713
7688
7232
9841
5550
3305
8960
8131
5404
1380
3790
1451
801
5957
2285
7097
3736
8446
1034
8686
548
7242
6734
5393
1180
1885
6751
5943
9523
5941
7160
2459
5013
8444
8524
3724
3378
888
662
9343
6889
1514
1608
1945
4016
9553
9299
7977
3491
2639
7254
6633
427
9309
4146
7995
1254
3673
3801
8093
7739
8914
3795
9113
7477
4419
2951
6269
8764
2271
8473
7965
5143
2569
217
7672
6287
5799
3713
1714
1625
3312
8240
7622
701
8285
4528
46
8959
2997
7233
587
1170
804
7122
4004
6785
8751
2578
9443
6664
3960
1371
179
8772
8993
2544
9836
5504
5161
8943
9066
3129
3812
7296
3893
3063
4041
2284
295
929
426
6310
873
9959
3175
7552
125
8303
4492
4395
7260
1456
2679
5897
6466
7425
2107
6737
5608
9139
6453
8061
6091
6144
4137
9909
2555
1437
9897
9501
9406
6313
419
6094
3666
4479
1805
7446
7510
3105
7363
8776
9940
5443
9420
9409
3701
4340
8403
315
3239
36
9829
3436
1336
3762
9691
6104
5418
4797
6007
7422
2449
7810
431
7984
2776
8280
6004
8471
5458
8046
2747
2175
2827
1549
8379
9352
1798
4979
2950
3582
1977
1362
4348
2342
2802
9476
8530
1979
7270
3625
4092
5489
6218
2637
2970
3593
2681
4084
8891
1863
7319
3097
2554
9545
4754
4805
7372
4262
6081
3808
293
182
2620
34
3350
3618
232
6519
6861
545
2481
9221
640
4551
1992
3088
1975
7847
4
3125
915
7614
9696
3348
1003
2914
7256
3545
1821
8499
2266
8148
7801
2009
9241
949
5880
163
5495
663
4726
3753
8195
2222
8598
9820
4744
7094
7337
5150
5300
7299
4391
1612
7741
8375
4672
9410
4355
8014
8798
6398
6146
1379
2763
7315
2941
3517
6334
2584
8133
7163
9130
7729
5855
4628
9802
3486
5742
8296
7415
9870
5311
6993
569
3607
7696
9129
6821
9921
3414
1358
8490
299
7237
2201
5818
6259
4906
703
2302
9832
6449
8592
2773
6240
776
2177
8115
9983
5204
9610
2927
7985
8242
4304
2213
3604
3734
5543
1889
7911
3416
5982
8241
9313
520
2775
2223
1289
3989
7674
4153
1438
4194
7133
1648
67
3287
5488
8297
1082
573
9041
2482
2160
9657
7693
1487
851
1972
5960
799
134
2050
1664
594
90
7832
4958
8735
9322
2788
2194
5066
6611
7381
8875
7187
8989
9487
7909
2798
5238
2149
6077
4104
8428
4149
5946
2090
365
5902
1770
7535
7044
2335
4486
2840
8279
628
6463
9185
3359
4967
6593
9951
7317
6750
9341
7636
8542
3528
7593
4638
7210
8665
6462
4114
7211
6150
1701
4199
6897
9031
2600
9608
9674
9148
8558
5774
9454
1305
8143
7400
5780
5280
9577
9118
4258
8880
1598
9477
1086
7928
4595
449
954
1049
6638
5913
6170
9641
3017
7870
1946
1518
3028
1243
1861
7479
5111
5577
4905
8415
4449
6720
9396
837
401
5952
397
2491
6909
6130
4925
3115
5653
2383
4549
4400
7670
5906
1296
6357
8299
2422
5756
1248
1119
1614
1547
5529
5001
4919
687
1782
4838
8119
7293
3082
364
9080
8934
1804
5904
8487
7783
972
6249
2670
1810
1878
4168
7582
1802
5471
7074
3706
2373
9370
4009
3303
7394
2536
4011
4950
1476
1026
9436
8835
4017
7723
2485
8192
6505
4343
4716
5298
250
2061
1188
9368
7203
8660
1981
3952
3020
7545
4424
1983
2562
4155
5217
8326
3714
6373
4167
3015
1884
7779
4405
5197
7053
6378
5202
3539
9136
8343
1742
9377
6127
2880
1787
3204
5313
3490
3579
1862
3438
4409
3144
6412
1936
7231
9635
6136
7907
7058
5249
1591
7469
5347
4260
7200
1072
5030
8414
4764
8405
2603
4227
901
9732
1415
9816
2118
6997
717
2892
5700
6854
1873
7286
4772
8896
5389
4507
8329
517
2669
1709
2320
7001
12
2940
7408
1632
4899
7857
5632
1327
6375
1257
7637
2854
6739
9398
9682
6401
1120
7591
7042
2870
418
3558
9547
6335
8080
4053
2239
6742
7345
9706
4425
5484
1675
8972
9745
2919
160
9564
5714
5827
6841
2489
6980
9618
7093
2634
1060
2612
2907
631
9859
5314
8179
556
9541
2014
784
2467
603
284
4730
2256
5666
9346
6343
9976
474
742
5312
9068
5481
2579
9024
2948
9416
6036
1813
5102
3796
4024
9598
2435
8409
3292
7619
9358
220
6122
1261
5290
6464
1377
3744
17
7969
6882
8766
9514
3294
4150
8104
6413
5826
2195
6454
6092
6235
7534
4587
3090
4045
3994
4018
4580
6991
2879
5917
167
2567
3338
3018
1253
2803
1496
3978
8479
1880
7142
5773
3340
6732
2376
719
6715
1999
3937
863
2867
8861
904
563
5423
3883
1389
3236
92
5574
2155
6023
9526
5531
6516
6152
5493
5793
3347
187
8035
2347
5259
7295
3038
2882
7936
8401
7951
8324
5552
8089
5076
6024
8987
4677
9881
1373
1046
4596
9903
4317
4843
5398
738
3694
1130
5997
5012
197
2469
2135
2764
2253
7575
7165
2199
3526
5163
7694
4106
7365
9621
3291
6427
2091
8561
2492
25
6151
3933
4205
2309
1417
350
153
9021
6614
4444
8837
7241
4460
8832
4412
8689
4872
3947
9779
4051
72
3984
7325
3354
4406
946
5602
5537
2166
7140
2666
4858
7298
1949
253
8086
2719
7567
1497
3941
4831
2171
8294
9081
931
3132
8367
9497
9376
5736
5672
2190
4414
8964
1087
4664
1653
6142
5329
7848
3787
6623
8576
6589
6047
101
2182
7176
2813
31
3962
49
2348
1855
5964
8325
7013
8081
2209
6692
1507
7521
3007
137
3722
6958
4411
3373
4371
2486
5208
7016
2380
6286
7766
2811
9949
1952
1111
4170
7030
1534
1163
4934
1173
1693
6084
815
4986
4442
4094
7678
9947
3684
7767
1090
7340
7853
6418
6668
7799
7297
8608
2521
9730
7800
6285
578
3077
6659
7206
4139
8758
6691
2211
1107
5367
977
6061
4576
3537
4701
5057
8328
5225
5318
162
5556
6026
1178
6769
1032
3556
4119
9537
5720
8983
5830
8544
3319
5979
8990
3836
7488
8204
5007
2987
4911
2757
7503
2511
5958
6457
7612
7753
2797
2219
7292
4202
5699
5580
9707
5424
475
3174
9914
3009
6003
3916
2413
2594
8684
4044
4840
5930
5662
6759
2390
5882
4392
7139
8904
7028
6541
4998
895
5107
560
4447
1842
1153
268
6843
1329
4769
8887
8423
8413
9650
8612
5565
8286
3267
4554
9327
951
8966
3504
622
2890
5055
3155
9666
1894
2360
2458
5316
7773
1978
1063
1867
1307
4030
6350
8209
3626
1745
1004
1656
4738
4007
3894
3964
9868
595
4372
215
2059
962
252
7564
3817
3483
4463
5895
429
5282
8706
9082
9217
8918
5609
5813
8581
5263
6025
2429
7643
4689
3707
6865
5099
7851
9839
9896
1597
6477
5816
3810
6915
9280
4808
6250
2906
7690
6439
3742
4598
1112
4602
2909
7249
5707
9603
6314
9442
712
3415
9373
5865
5075
9121
6805
4322
9651
2101
2900
8510
973
8723
2754
8371
1364
6419
3391
1901
5315
3337
251
963
2088
8452
4182
5831
668
8559
8642
5180
3530
3802
7972
3754
1876
2270
1913
1350
4815
6239
2122
5284
8342
9915
4301
233
7601
6620
4234
6702
6607
2954
783
7370
8281
9838
8122
5450
7798
9183
6071
4042
6212
818
4856
2964
9601
4151
4254
5461
7371
3182
4257
9936
7009
5476
4505
6186
5128
9938
5564
7172
4032
2181
7735
2695
7202
6415
3908
5675
8118
5209
7333
173
5731
3902
15
702
4774
7038
180
8305
3013
8834
9483
9701
5350
7960
7471
2040
9018
1746
9253
1384
2188
8142
1097
2965
7962
3653
4556
8627
9617
103
8678
496
7000
1366
9693
4585
424
1352
6756
2433
9588
4456
6642
9656
5642
8448
790
3377
302
2242
7464
1723
1896
7179
8595
357
7968
612
4559
673
8893
7475
3387
2473
4297
6111
6945
4323
412
8942
766
3704
4597
3634
1649
5687
2726
1816
1280
9108
5020
2117
2518
8429
9922
7974
4936
7207
7226
9311
3686
3284
9303
3913
6864
3365
1203
5862
1386
9282
3881
9354
7072
6713
6983
4985
6860
7026
8770
9285
9264
7343
5962
9958
4438
5033
7301
1050
135
3970
9543
6282
4148
117
7768
8002
4504
8637
4830
8881
8103
4719
8908
5319
6875
8146
795
9236
6114
8322
979
7040
2218
3061
8587
6193
6336
4141
1756
5521
3674
1628
6030
6053
8300
6548
8724
8744
8541
9152
6347
186
7687
7281
2581
6445
3480
8193
9808
2994
8055
1574
3142
2989
9473
3466
3514
1346
171
5327
7957
2174
8988
9207
5942
7602
7858
4203
9824
6
9926
4493
8547
7610
7515
5455
9767
5363
3076
6573
4461
8180
2045
2652
779
3424
22
4600
2038
7906
6576
8130
1450
7665
7103
2378
6820
6685
500
9149
2092
3781
3448
725
1273
3397
6075
6353
8102
8664
4846
9997
6308
9070
5667
7840
9132
2903
4978
9847
8059
5754
2217
4374
3976
5950
3413
6943
658
2891
685
8399
2609
37
3120
9631
8306
5745
9389
9727
6491
4842
550
5842
7347
7308
5618
6559
8949
1306
3243
9490
9232
4680
9127
6380
577
9520
262
8845
2039
8691
8525
2060
8008
871
5192
1568
7916
1642
3189
9722
7215
5383
5486
2817
1339
8363
820
1316
4070
7812
4781
6650
7516
4183
3885
7743
6469
1768
3852
9811
6890
2512
2966
1912
6211
670
4483
8327
1056
3282
7205
5719
7195
5519
4604
330
7517
3196
1469
2552
5566
7764
9865
2737
5681
1064
7085
1478
6125
7367
6295
1158
3405
6486
3493
3172
8515
8549
1464
6680
2614
9511
7823
4078
6950
7689
9219
7182
4768
9210
1446
6530
5808
5673
6482
1325
1363
2990
3198
1311
8256
8683
2975
4599
9171
2949
9079
4845
4499
5824
5147
4555
6131
6065
5657
2588
8800
4480
28
2886
5256
2571
2608
7304
5264
4584
1414
3831
8402
6714
1258
6042
7116
7778
1778
7152
2733
754
9860
1525
3285
2357
8408
8144
9281
2901
9810
195
5498
1638
7789
7611
260
3594
3309
8762
3407
8548
5767
7702
8784
2224
5823
1249
4863
7927
66
2896
7707
2807
7318
1270
7110
8076
1809
883
6384
9114
9642
9879
1205
2995
638
4245
4383
1961
2
9489
8364
6355
6814
8981
8546
7704
6587
309
6741
5915
3745
1370
3718
340
3829
3777
214
6744
9153
6438
5814
6089
7404
2136
9705
1834
958
5689
3833
644
5220
621
7873
237
3792
5596
5888
9022
7285
4961
2290
1563
2083
486
2735
453
354
7915
9504
2103
2402
6618
8924
7402
3615
3697
1393
2709
7554
3219
5456
7500
2248
8038
471
2073
6190
3345
8622
4210
3346
4177
4833
8351
2411
3658
3099
9952
4321
4570
5112
6848
7754
7953
3079
7177
2819
5473
421
7441
586
3070
189
8935
6911
3265
2329
1490
6657
209
8496
5223
1186
2846
1729
6244
9743
601
9929
3100
3481
1943
9928
8203
5331
2538
5885
8586
5269
3825
8006
9948
793
4759
1927
7892
6293
5343
1129
5544
9587
7300
9833
7815
5985
7090
2028
9994
7948
4822
8614
4098
2438
235
9658
8599
7190
7668
8469
2332
411
1919
8244
3755
1076
1100
9201
9625
5612
7589
5394
523
9778
8926
7628
4776
5956
3750
7039
2874
7472
40
6256
8267
8839
3548
9395
4530
2898
9616
5410
6893
4644
8228
8287
3903
3496
1
1622
5606
6416
3840
3370
290
7429
9455
473
602
1870
2439
6944
4767
9239
83
552
2630
4909
7102
6956
2145
8123
6599
318
538
900
5516
1462
9255
1509
1590
1708
6434
2371
3270
4743
2761
8580
5890
534
4793
2502
7277
7981
1255
9796
9320
8716
7681
5587
420
9548
4920
8009
8393
9212
5275
4218
5064
4049
8439
5637
5326
7173
9703
5060
2431
5650
707
2212
9762
5655
8501
1365
4953
382
7725
5169
3860
4294
5949
8853
8938
8901
5274
152
7037
3557
6229
908
9803
3044
2002
4223
112
5134
7377
3450
1463
7641
4665
8806
8732
8878
1754
1099
487
8214
5120
9122
4134
7312
7269
4252
7885
8980
7208
9549
5399
1467
8226
8020
2076
608
2216
8090
9754
6006
9904
9413
4816
1799
7970
763
1721
7379
9516
8043
4213
9512
3541
6433
9072
4308
3326
3552
1877
4265
6203
9599
2294
2127
2415
9351
124
7724
4951
9788
6899
1686
4417
5421
9494
2977
9982
7559
5562
3357
1405
9035
5761
5633
2416
1886
5615
2781
7022
9632
9891
3465
9704
8347
4681
2922
9226
2739
4039
3663
5887
416
8199
5763
620
1959
6903
388
1102
3482
325
2674
8856
359
3859
8967
8202
3141
8761
6745
9771
9827
4661
9775
2291
6697
2660
8596
9199
3854
1038
3711
1124
4292
2510
5757
1903
8882
8265
2902
297
6070
902
1962
867
4420
3383
1244
2821
1425
8350
3053
8255
5230
7796
4421
9943
8768
2783
2508
1472
7411
3782
2513
774
2093
8028
9382
1334
3789
4524
4224
4020
2192
898
6476
930
4652
2576
7073
3921
4836
4360
512
3178
9560
1159
428
2575
4607
3565
1683
6619
1844
3177
2220
3551
3060
6262
6641
1731
4608
8317
2476
6220
5201
9931
714
7987
2820
303
7054
4377
168
3112
2740
4475
3068
2143
2340
2011
7661
1684
1655
8700
1412
2613
5560
5425
6922
485
2299
131
1724
3772
4397
9028
8850
6304
1690
7849
3661
430
3695
2354
7194
3197
9953
5629
6910
6383
1645
4337
2563
1957
1840
7780
3066
5836
591
5794
8345
6011
7352
3396
3957
8687
9096
219
2556
4198
1027
6743
8939
2034
3193
9699
3803
3815
627
2988
7373
6550
4908
4102
5597
5387
1841
5712
1005
9569
1790
3531
1871
6749
9230
1470
5040
2595
369
378
9315
6933
9306
5829
597
4212
3372
6488
4782
190
4286
8947
7863
9242
4243
7224
1434
4293
8201
6555
6248
720
8648
6267
4924
1678
8583
1538
8679
8775
2812
1161
7342
9539
7287
4276
6940
8594
4435
6792
6408
9414
7887
6674
8657
5419
2515
2097
1227
877
8116
8872
9798
1051
9400
2774
5132
285
3180
3797
7378
1589
8397
3311
5900
8635
8422
3468
9670
6549
4590
9817
997
7303
3181
5748
2496
2974
337
3143
5861
5395
8994
6851
2859
8110
1390
5360
8037
30
8512
7445
9831
7255
3929
6183
6688
8210
3624
6172
5370
5497
3856
1667
2352
1355
3186
6955
519
5676
5342
8536
7291
4433
9740
257
7627
4403
2875
3210
2537
1147
1000
1460
1669
9566
6217
2068
1564
1910
5412
3288
3641
1196
2087
7311
2113
514
5071
9941
3559
7114
4884
7524
172
8004
4987
2003
3728
1136
1247
53
5379
9214
1089
9017
6133
4000
3818
568
