2124
8913
6219
369
965
8283
1790
5041
9866
8827
4718
4968
4644
7626
5133
3875
8893
6766
8748
6805
1663
9216
3360
1655
7683
2806
7708
9596
6878
1640
9426
9347
2476
1490
4726
9116
2410
6419
6407
6354
6379
387
9288
6228
2693
2441
8760
1889
132
4122
7670
6447
483
5096
1501
5895
5837
1973
9938
3403
1150
5267
3000
9784
562
5672
2731
278
2972
8130
7076
8817
8989
3431
4535
2760
7494
6529
2989
4506
8510
5077
7612
7676
648
6785
7112
5777
1324
1255
3901
4135
4965
2935
1210
9301
5849
3426
5038
9834
4021
8703
3906
4144
9993
8930
6581
2531
5476
5755
7088
1833
5221
8430
1506
3539
1515
5054
3771
1130
7029
497
7918
766
1033
9259
1010
2128
5015
8064
4242
3717
1782
5313
8384
6071
6081
4531
8769
5671
136
5132
5215
2958
1230
1469
1788
8472
218
6066
6925
2258
3633
880
3454
905
7837
1653
1955
6737
4864
204
91
1333
3353
112
6558
675
1437
4642
6031
4562
244
7521
2799
7141
9732
1531
9444
5159
5206
2174
3265
7301
6178
2723
2815
2161
427
4194
6206
8719
871
5053
5526
7766
236
1226
7504
600
8158
5920
9442
608
5680
5211
5396
4370
1504
9844
4224
1825
3503
3248
6162
3511
841
5860
3681
1763
7242
7171
3355
9404
1729
692
3002
1294
8479
2186
2770
3687
1665
6626
22
1164
4372
9114
3986
5506
3036
1209
3924
2689
8706
9479
5542
6523
9119
1458
479
8849
8674
3477
6982
9953
731
9253
4163
6355
891
589
6336
9368
8846
1306
8975
2237
1020
9526
3287
3224
5570
2869
1488
7760
1121
9540
8092
2154
1845
5361
8857
3693
6282
6668
3420
9981
3039
7439
314
3528
1821
8381
2762
2705
5555
9287
9090
1586
311
8382
5010
583
3563
6645
8497
6694
9765
7554
6019
4603
8040
6106
9695
7969
8776
6137
4274
695
7958
3275
1571
1215
4036
701
1299
5021
4495
206
8566
8414
6983
1754
7726
5823
536
1081
4398
3692
4445
3356
2704
839
9391
2464
5743
8201
5760
1687
7253
3372
1569
262
7136
9445
6479
781
6165
9584
3667
8897
4491
2175
9441
6337
6600
9278
5861
6726
7183
4207
9485
4860
265
2831
3082
7426
2696
2573
2803
6
1300
185
1434
3956
3794
622
9718
4867
4158
2113
7188
9933
1858
587
6259
5577
9108
4564
6409
7192
2564
1146
7299
658
9859
1329
9129
485
5380
2743
1208
417
5275
195
8008
9177
6169
8188
771
8564
4955
1410
8317
8955
1338
9551
5244
7607
1129
8739
2106
2650
3148
8577
3674
5610
2005
3636
7523
640
4758
4666
4592
3210
4749
3626
7975
4687
3325
2103
2399
1381
2979
5490
5510
8484
9070
3940
1769
6405
6437
1459
9742
4205
1880
7461
5609
8756
8945
7311
6364
5945
4193
2694
7614
5370
3414
6053
7755
3721
2395
9704
2541
7432
6294
2960
3985
9563
7084
4899
6786
6915
9962
7962
3694
5415
5057
6374
4101
515
1786
3811
3884
8232
9497
7525
7678
6706
9267
8928
8404
3527
2751
4785
4829
2165
9878
6696
1961
4630
2940
8461
4476
2855
2479
2827
2466
6817
9037
5282
4276
6465
4908
4863
3174
3504
3281
3252
6708
3259
541
3624
7967
9762
3366
1250
5276
812
3702
8732
9932
2876
9407
5429
8556
5311
6959
9508
7037
5391
9021
9487
6808
5750
5618
8811
8033
9610
6466
3547
4082
1601
8543
9686
5543
3885
7997
7753
3814
8023
7691
3833
4700
9018
3150
3936
7226
5639
9708
6563
6222
4890
2341
5414
3635
1556
642
1098
1391
833
6884
5092
9003
3031
5231
7341
7319
4641
9898
413
2965
6164
4350
823
254
3566
9226
3892
7979
7126
3238
7822
904
6213
6890
8508
7006
599
2716
2950
2510
5701
4116
2052
4686
1920
9592
6477
922
4505
2767
6733
551
7926
4731
1099
2111
5857
4853
6854
4631
6730
6537
8406
3837
8270
959
4817
3895
9155
1639
5456
1216
7545
2811
5134
3027
875
4997
452
8314
5923
8914
5078
2060
7879
6130
4905
7649
2270
2330
6865
8587
9106
3645
6279
747
8946
627
4595
8251
6450
255
8289
5281
6678
260
333
3061
2819
9525
5334
8532
7142
5350
7593
6428
3515
6787
2339
8671
2249
2222
7804
90
3481
8623
8128
6902
5145
4150
1412
253
4240
2602
2985
6108
7553
7831
5264
5951
5691
4501
5511
9940
6969
360
2333
4403
877
2691
5143
6781
9425
7550
426
443
4360
1162
1807
7463
6115
5072
6171
76
3230
1904
3905
2233
543
5798
4877
3522
3261
1654
9598
8436
6870
7594
5953
2315
5632
9415
7982
4909
4940
171
4098
3052
15
7021
5260
4415
8931
4236
2319
2874
5932
1471
4819
6514
3657
2260
432
7806
6401
615
5998
8238
3685
7321
8935
9011
5241
988
8443
8960
8983
1976
8091
9971
4988
9325
1994
8055
885
6268
6860
1282
5810
9054
3130
6789
1362
9734
363
5757
908
7398
8378
9494
2036
9326
99
4612
7847
233
1978
6225
3225
2864
4180
8822
4328
7168
32
9509
3632
8870
3380
1057
3232
1826
2992
9270
2562
5572
1408
5453
527
6562
192
6474
1741
8690
355
4177
5964
7968
5214
6335
3354
3862
6566
1385
503
8867
1559
1475
9502
1615
1561
680
1634
9499
9398
5997
1093
3112
7483
3323
3162
8417
7197
9130
2317
4480
9475
350
797
9387
628
6104
300
7468
9334
47
5013
9251
5218
8438
5268
2371
8680
7100
3010
8567
1450
7443
6909
330
5239
656
3889
6404
783
2814
1864
2829
7729
4859
8082
3573
7371
3119
3886
2558
2657
916
217
4374
5900
1429
352
1042
9055
9282
72
7529
3153
3213
7821
5569
3797
8108
6903
1647
2120
5178
9655
5034
4578
7368
8120
7322
2098
7694
9597
6806
3921
1768
7267
1390
842
9329
3949
782
2897
9411
7047
1937
9821
9831
5576
2660
9350
8187
1993
3748
1972
1612
3422
77
9942
4468
7357
8081
8944
3350
4235
1887
1500
287
9279
2788
6505
7536
4917
9593
5302
8359
1477
2977
290
9341
2352
8525
5358
5291
1211
4473
9258
9781
4629
2973
1028
4091
4381
9481
7925
5348
2448
5431
6385
9482
9238
4490
5452
1783
808
3863
7759
5737
931
6804
7325
7495
521
3140
1502
7427
7487
4132
4330
9722
2007
7757
3071
1441
9672
9295
319
7475
2824
8197
3
5495
7609
713
2377
6168
4219
8716
7846
6234
2746
7113
4513
4952
2925
6177
6055
7720
3334
5141
4708
1982
4566
5994
439
3880
3095
1555
2947
4418
7713
189
1720
7812
5290
8071
2674
2768
2063
8301
7687
9312
8196
1799
9671
8041
6981
9637
8710
5730
2934
8816
9815
677
1539
9431
2374
7568
8940
7091
2538
9205
8715
6508
8568
2990
1552
7597
9232
6569
7814
977
1330
4604
9677
5412
2757
7888
4434
6502
7284
2604
9893
3327
8934
4741
6026
1144
5579
979
689
8083
8958
2703
5100
6166
9080
117
3675
364
9111
5693
2396
69
7868
1225
414
2939
7747
1185
5876
6112
3768
7819
8978
3102
1351
7082
9010
7425
5148
1605
2116
3187
2518
2241
2228
740
1632
7848
8782
8362
5481
2147
4008
505
4159
6007
3122
6438
3826
8433
8638
1810
2264
4026
240
2223
9092
606
4148
6782
6090
5167
1364
6933
9902
8746
9568
1830
8044
2097
305
9556
3336
6453
7591
3976
2666
9783
8422
3793
6935
4449
8011
7353
2727
618
6768
5821
4337
4926
7783
2539
7575
2009
7278
6150
2651
6158
127
8901
8455
1688
8954
126
1395
9084
7469
4682
6727
9214
5205
2457
6387
5514
1757
3411
7980
8542
4243
8639
2334
6607
4052
8662
5306
1263
7162
1234
9476
5623
6683
4096
6504
9536
3211
4912
6400
1063
2749
2251
2509
53
9421
8368
5887
1670
6003
9241
617
897
9607
9075
983
2389
6550
5286
3983
6180
1077
8349
9072
6740
9016
5378
8136
5629
3669
4861
495
4322
9983
1134
9665
8075
3922
8585
2614
5844
2133
6627
2563
8653
7364
9351
8487
4173
1455
759
3332
5117
9939
5564
2813
2668
1389
3754
2933
306
3127
3820
5807
2195
1633
7896
4904
6143
6813
6254
3943
8452
8219
2095
3971
2031
2898
708
3611
5458
3008
4364
5733
7408
5718
2039
6927
2542
7389
4647
2440
7646
7436
510
8366
8788
67
9625
4715
3067
6207
6773
6126
7124
968
7631
438
1589
6720
884
9464
8796
296
3297
6802
1039
728
8850
2591
6186
2701
6245
4995
9166
8480
6980
4966
9399
4010
4503
8067
5658
367
5147
9392
8006
149
9786
1893
5188
5037
6300
7662
8591
3194
9945
3033
1036
8142
1243
3813
8828
8777
4799
9531
6238
5669
3903
8218
5192
4659
8848
8778
6931
4888
7927
4557
9109
4990
6122
4300
4382
9455
2042
3552
9208
3012
2308
9443
3062
1819
1052
4229
3182
6368
2491
679
1251
2413
7200
4081
1496
8474
153
4172
6091
7564
5257
9715
5909
4542
3719
1253
6029
2633
5958
3100
2755
8353
7690
8861
2698
6965
7634
6237
9515
4436
7784
3440
3045
7372
2288
2617
6734
4139
3329
8926
5150
4142
9373
6648
4556
2944
9766
7890
9986
1524
3338
933
6444
4293
277
4493
603
772
5076
214
684
7767
3773
971
5676
8305
9726
8693
1884
1187
3938
6198
3630
5344
2579
8858
1664
6841
3108
51
4779
4583
5163
1315
1938
1638
6942
9737
3953
3853
9952
8678
6714
5907
2667
9774
8795
2357
2885
3534
8823
5293
3410
6361
2061
1446
9701
1551
753
5682
388
2794
9763
4613
5169
2964
6418
1031
7577
1227
9769
4724
8865
8397
9964
819
876
2142
1411
7695
9869
7314
7841
2454
6774
7777
8948
706
5950
7189
7501
7340
923
213
5808
9894
8615
6731
910
8124
1236
6010
4107
4780
8806
4662
2890
5381
9314
7973
4572
2015
9199
2246
8350
7465
4085
5478
8801
7562
5017
8114
3429
6189
4286
8424
3743
2569
8647
1740
8879
3117
1271
9311
6835
4125
4117
7413
4510
8213
2132
1016
6686
4929
7490
6092
6057
4896
3583
5243
5924
9687
7688
3764
8802
1796
2336
1266
9532
6587
8512
3762
6680
6291
317
7344
3747
567
9639
6480
4756
9363
40
1857
6836
4635
4580
4523
5219
3604
241
9213
7566
2210
7628
5611
9887
7519
6351
1342
1
4567
4488
6310
1522
7829
3896
1787
663
3412
2426
4977
7912
6062
5947
7400
8453
1367
5728
9050
919
8038
444
2151
9462
8898
4944
5502
3381
1986
6940
2274
7404
5890
7186
3832
6281
3424
7558
4889
7224
8517
3930
955
2219
3508
2707
7356
4605
4261
4268
9209
8630
4378
8423
415
1404
6732
9919
9764
8148
7013
3305
1773
2592
7158
5941
3441
4211
9955
6176
9362
570
8560
5667
1040
4953
4885
3278
5388
2394
74
4035
1581
5802
4652
4065
9896
5681
6659
3613
2644
9571
5871
5470
7953
4109
725
2182
6199
6389
9433
4536
6928
9693
1347
7636
9201
4776
9449
6675
9039
2622
2583
470
5825
4610
4187
5875
8665
3415
3289
475
8464
4167
2639
4456
7220
7018
9463
5903
4371
268
7459
3618
4067
3864
2419
4588
6595
1399
2129
6434
4366
6271
4396
9496
4856
6133
538
8516
5105
1960
9724
7889
5925
4020
2661
7516
4789
1852
8482
6506
8157
6454
1932
3081
3846
3320
8845
2467
7944
7611
2086
9973
6312
8664
9135
3828
8015
4903
1344
1987
7618
6190
4750
9358
6869
7004
2686
8212
6999
1486
9706
9478
8165
3101
8681
2418
7143
6056
8724
379
1748
3254
6586
5898
6821
8198
7222
4308
1248
8195
1595
2379
1873
4094
4348
2680
1564
9474
7915
6230
8192
9850
2492
9272
683
1179
2326
7590
8726
5274
1760
2346
5517
6120
1485
4989
7644
4339
3638
3158
3205
5465
2881
6518
8269
9662
548
4552
7101
7779
8688
2180
1370
9439
3495
6755
4248
4408
9767
942
4981
1233
2560
5501
7795
1726
1940
1418
4810
5006
5533
4568
5071
7711
9777
6296
8395
734
3752
4064
5366
9541
8980
4621
2362
9682
8677
9349
3050
7379
5352
1724
6192
5935
1597
2969
7698
1805
3859
1498
5789
5166
8026
5177
2121
6048
3856
5655
6334
5319
4281
2966
3040
4766
2697
1843
1765
2571
7657
7809
9013
9450
7943
209
3375
1538
1322
6094
8964
8360
5173
8805
2226
5768
2809
1135
2656
7706
3568
2196
8226
2293
2595
4815
7421
5719
3689
7664
6743
5331
3292
6697
9122
980
1336
3309
3044
3870
767
3020
6762
913
9469
9874
5165
3190
2534
1012
3711
141
3024
1690
686
1678
9224
5930
1359
172
7654
4227
7684
8767
969
29
6063
4623
4359
7652
4140
5912
7650
6149
4074
1295
4251
7860
1261
7502
7282
4273
6564
5914
8348
6642
3313
9040
573
7623
4992
2608
8729
3011
1071
5047
9079
1297
3816
4774
5722
7532
5222
1242
9189
3725
7227
3888
3123
2008
6174
700
6411
131
7764
4985
8659
7474
1713
1465
6546
7209
3399
6039
3444
5893
3545
4405
2045
6339
9359
7478
7099
7228
7898
3437
4658
9430
5280
5106
1567
8929
9283
7807
5989
5497
7578
7731
8504
5940
929
1562
7107
2664
7616
2239
6449
8074
4723
6656
7182
1656
8606
6302
8650
7771
7208
6828
8073
5603
7423
8657
6929
5840
7580
2793
6547
6277
6554
1484
4149
3277
7153
5312
4129
8243
6216
2687
6172
9643
5407
3019
8947
2747
7472
2216
3418
2054
1494
7737
8871
5430
1109
1005
5460
5761
2891
504
5896
3390
2211
5915
5869
1591
2085
3732
9992
6700
6530
8519
9529
5529
2916
1505
1397
1625
3326
9126
4414
3519
5587
1897
7947
3201
9089
1928
1673
1739
6858
5416
9057
4514
7195
9791
8193
3781
7709
7132
4835
8758
7530
9534
8347
2304
4310
8626
2679
4694
3251
8904
5959
202
7805
4837
9099
3009
7265
2928
4313
4725
4951
1319
4084
7930
1461
4353
7460
6223
4497
399
7215
6269
1959
9929
7338
8214
6285
660
7000
4550
6460
8290
7318
1666
1073
4744
9211
5033
2677
818
4124
1374
9917
5345
7291
9959
7352
3599
6819
4430
6713
1380
3585
9330
8903
1509
8363
8329
8282
3564
8253
917
5758
2029
1575
2931
4713
4055
2227
5938
5289
2171
961
2281
5969
9630
619
1570
1349
795
2598
5067
2481
4424
8521
9344
4918
7484
4100
5125
9818
395
8949
1060
6077
2436
4883
9927
4041
2585
7160
8447
2923
5791
4416
2321
8022
890
1723
3395
9512
6061
5654
4356
9758
9091
2387
4237
9389
3658
3053
5196
5512
3842
3432
4517
4669
270
5948
9215
4764
9656
2373
3672
8337
6442
736
1849
320
1890
816
7651
9608
400
8420
3710
2247
9892
6020
5707
4870
9417
235
7204
1888
3999
8205
4809
9843
7397
2331
2011
7801
8544
3795
6136
1989
1789
672
7078
2310
4656
716
2742
6955
4011
264
4971
1985
8968
3271
5551
7290
6619
3218
1883
2800
5954
3696
1466
2092
8942
710
9549
5931
8919
1660
8473
5130
2852
8536
6362
8230
5976
1719
6657
8056
4106
2828
852
7003
6632
9779
9690
7547
1668
7202
6304
4832
9178
4015
4797
3931
1110
6864
6757
1894
8812
6179
1756
9488
579
4454
9773
9410
445
3574
421
8655
6118
4028
2220
4066
8179
2010
8107
6742
5732
2320
6847
4006
1908
3347
6280
8160
705
6938
8383
9913
5399
2847
6905
5466
3059
925
5491
2125
6331
3761
5607
8351
6555
6298
1695
9233
7392
3405
2415
3241
3343
5082
1738
4796
6872
3272
6378
5229
9458
2673
2189
4334
3972
3098
3525
8552
4481
3300
4852
8601
2536
2725
8268
8132
5323
1493
6622
7420
2901
9375
6613
9634
3620
3595
4009
361
3157
6017
8603
1165
2137
8387
9254
6080
404
5227
6144
5462
5889
7895
7834
1566
803
3075
1188
2343
7905
9085
2688
4735
436
5265
5394
8592
6036
7362
2167
8105
3176
6503
8515
7733
5124
2597
160
5432
4530
3090
9785
8167
1379
3178
9173
181
9237
8621
6050
2943
7510
2845
9078
6431
8322
915
7931
422
4844
6475
2561
4532
7238
8982
8475
8072
8194
5984
1716
9566
5921
3679
5450
6698
6013
8450
4698
4450
3860
647
6332
7036
6812
6070
4263
239
6260
7306
4655
2740
9863
4770
1281
5438
2123
1969
5063
844
5942
6163
4289
7742
7710
9286
5637
6376
4352
2826
8273
9875
4927
2058
6699
1463
486
8170
1346
125
7811
5235
5539
4891
1964
1965
6772
8211
1309
9730
1360
5813
7012
8511
5987
4692
5754
7724
5220
7041
7852
9154
143
9460
1416
2329
3933
9978
3181
828
6950
3462
1732
2902
2393
481
1963
7559
8774
6203
1870
8399
1516
1480
3580
8792
373
5979
9480
8386
5911
2712
1046
7333
5240
8185
9733
4689
391
4417
8720
9810
3533
9570
1512
1682
7399
5545
7396
6776
1836
1614
8794
6954
3374
1781
4875
9768
5262
5513
1133
9107
522
939
7383
7496
6538
7056
7194
7246
430
464
3270
696
5812
1325
4600
4836
7361
9145
1770
3219
4590
1602
7990
2807
8636
1676
6365
2112
5127
2081
9249
5237
6034
1565
6793
1811
3303
6752
2998
5046
9280
3950
3898
1669
3683
9782
6930
6685
1355
4392
9926
5519
1161
6970
4745
9880
9712
3104
8770
8883
937
8152
2833
59
279
4645
9221
5974
6512
14
1254
5346
9274
5363
3407
6867
7293
1303
7901
1154
1794
4812
4529
2295
9750
120
1949
6576
7355
779
1699
3165
3443
83
8951
8151
1124
3509
1774
105
4277
2000
9339
1115
990
6196
4685
5060
9467
1696
3825
6968
699
5389
196
4220
5874
4714
4730
267
7671
4914
6399
7184
1804
3049
8248
4893
5338
9790
8323
7823
8833
3273
5601
7788
6670
4690
631
912
4937
3852
4249
5982
4637
1917
4565
7754
101
2463
6747
5843
4465
8147
1431
7583
5729
6677
7948
9101
2265
4137
2122
2192
8153
7106
8080
6433
7236
1583
237
7378
2170
3740
7668
4316
1623
7773
7354
9856
8518
9644
6141
2504
4344
1995
6372
1065
8575
8117
6716
159
7610
6710
9918
5858
4902
9260
8717
2453
9313
5016
7374
6033
1540
2290
8233
3769
4898
7735
2313
2217
4001
4787
6736
2351
3796
4509
2050
5496
7455
1681
1829
7567
5803
4429
5839
2166
6898
6148
3540
8216
3209
3817
4625
2709
8684
7549
8550
2783
6777
9471
4554
693
9236
1072
3306
3941
7756
6944
3035
7940
4910
9289
3256
4548
2149
4691
9044
501
9266
8459
435
9263
5226
5003
6548
56
9816
8217
5028
343
6852
7479
7217
5503
9489
6527
1905
5783
5213
8885
3824
7096
6208
2758
8281
2311
9735
7042
7513
2600
5008
5786
520
3978
1122
9636
6589
5386
9666
6041
2911
8864
2791
1642
5303
9454
4673
7120
3250
4460
2645
9164
5405
3307
12
6515
3291
4823
8607
8234
3269
4803
5199
6018
1624
2089
1606
1265
5371
7152
2403
9780
687
7241
5216
8429
9889
9923
4935
7161
8735
5176
8418
2843
1872
6473
5142
8996
2347
9192
5985
5826
7280
6054
4769
1881
396
4906
5578
5154
1217
9074
3668
5904
9187
1839
5042
9437
1400
5254
2118
8997
2404
2214
5520
2408
7551
6147
8500
2759
9395
2342
7476
3955
7300
4930
390
1388
321
1078
5883
178
1002
1045
5113
3655
7555
4318
6545
6877
4545
5304
8140
2868
3815
3590
8590
8053
7785
4611
9883
3006
9680
2580
316
3790
6701
8612
7570
6045
9958
574
3670
896
2025
211
835
2107
9369
4843
8704
592
2870
1445
9678
2305
8617
3882
1239
8531
4956
1451
3654
8032
2764
205
377
2437
9748
883
950
1166
9235
3079
7147
7904
892
3285
3143
8374
9239
2474
7170
6779
37
3268
7518
5567
5000
5232
7445
8412
334
1476
6705
9723
5224
4078
9778
9576
7313
3908
624
8370
3783
870
13
1550
7526
9461
4964
6381
4309
9629
8385
1037
7825
4638
1462
1503
5820
9428
5630
7978
8285
6892
7647
8712
8279
539
1692
5706
3968
7055
7462
2255
466
6105
6525
3147
9615
2425
4471
2930
6135
7206
8764
664
7877
5659
750
3701
8227
5700
5425
6822
3348
729
2428
9406
8115
758
3282
9156
9582
7295
5834
7808
8394
3934
7179
9182
792
6775
2043
17
263
9059
9093
6394
9968
9663
6770
898
4945
9149
7370
8855
594
8046
5322
7817
4970
8410
2616
6974
5919
8907
7862
8413
3133
2325
7193
3409
4264
4775
144
3331
7079
7565
100
1525
8986
5445
9047
7094
3785
5762
6723
3096
5767
4234
4278
9147
704
8689
4189
1076
8987
3132
4475
4879
9559
639
3137
2475
6893
6421
441
6425
9941
4982
3751
6417
6712
935
838
8570
7573
5524
1004
6314
697
3043
4830
7377
4171
6301
351
2735
8561
949
8586
9379
8012
4543
9864
8976
164
2109
7349
1851
8111
864
602
6201
9292
2066
7541
9045
104
6224
2294
41
1482
7116
3144
2771
3715
5978
7859
1464
4394
2277
7761
972
4367
5891
9652
2611
3486
7211
4406
7155
1447
3142
1067
5340
2355
7005
8915
6047
861
8090
2076
6448
9560
9413
9801
719
9204
2033
6672
7999
5294
8223
7987
2140
4577
4948
3214
633
1224
5051
671
256
7665
1706
6825
2421
2354
2225
3156
7098
1910
7384
5245
4054
3844
8514
412
8299
9331
9158
7276
8709
6119
7015
5128
7505
1151
5863
6491
657
5549
4739
9905
4894
5279
2596
8141
542
3198
4246
5483
5854
8995
371
4413
5
4934
6319
3072
7803
8020
484
2350
9408
8809
3455
1274
3126
2023
5255
1806
5463
1617
6461
6840
2646
6874
9377
8721
3965
8332
1710
9019
4179
9328
934
6200
5129
3792
7471
4632
1694
9824
2505
2872
3139
4996
5538
9179
5726
2654
3601
5409
7191
6611
1163
6317
4033
5788
3499
9761
6834
5879
5441
872
561
4390
2551
768
9970
3959
3236
6524
6937
3212
5397
8131
9073
9967
9711
8747
665
8808
727
3728
3869
9060
1468
5918
3358
7663
3021
3267
3900
7899
2975
6637
6197
2206
3818
366
549
2493
941
5325
8651
9845
3222
3463
9321
4973
116
2900
2499
1844
7582
7680
6155
8740
3627
6341
5741
3276
9909
7151
2204
6624
1573
5591
4459
1616
1831
4738
1499
7869
8421
5187
4833
3233
5934
7556
8405
4851
4570
6976
1292
6717
5694
566
7820
9418
3990
4845
7234
6082
843
4913
2962
8260
4911
5613
5160
7442
1866
744
245
9001
9285
9721
9261
5842
4589
4301
1284
5735
2416
5605
2450
4455
108
1599
257
1584
7539
9697
4285
6333
5283
6481
1050
1925
1384
16
7596
8426
7159
1607
5699
4401
4533
5913
2519
5261
8346
1751
3417
5114
7669
1519
2535
1258
219
4305
6377
6975
2655
1302
458
6620
107
6939
2924
3382
7032
7488
4147
7243
4157
9961
9291
4153
389
7826
8537
5197
563
2365
9667
4323
6798
2647
4701
4265
8994
1104
7244
7231
1809
9543
1492
3032
9066
5712
4582
242
6718
4000
584
2976
4921
5242
4326
822
7201
3650
148
7833
5001
5689
7727
1541
2397
8551
9105
5751
8742
2974
3782
6997
5045
6306
8391
4516
4182
5116
1257
7245
6579
5897
9065
8616
5155
616
5328
6305
8393
3607
7875
6823
4230
8649
6932
741
7223
2866
6352
5447
7109
5362
8800
5557
3013
2056
9222
1473
7127
5665
4555
4597
8100
7359
2490
9891
8933
1051
9579
7046
4435
115
2152
7343
9303
9921
3823
9051
64
9180
2273
9327
817
1191
6414
6170
5892
3806
6844
1785
7466
6391
1659
3644
4709
3597
8017
733
3883
3877
8476
7065
8973
1507
1310
6594
7721
5305
298
3612
7770
8361
4393
4936
6628
3822
6255
636
4615
8847
8977
8868
2991
140
2487
7256
5377
1105
7977
9356
7885
3881
3913
4980
3260
6556
4013
1426
4484
5936
3203
3642
8246
4868
1222
4195
6452
2836
8297
8786
3352
1644
6960
3756
7648
8304
8449
3925
2262
2501
1316
2093
901
8853
4169
6507
3916
8030
6371
6113
6673
4294
73
9976
7406
2356
9689
2670
8886
1228
774
3116
1159
8099
4262
3915
7456
2858
8138
3987
8442
6161
2860
6945
1304
4646
9038
6973
3866
2215
8292
5355
8569
9277
8520
9427
9447
4767
8921
2378
9836
7214
1886
9928
1032
7009
6916
2375
7444
4802
2672
8019
3981
9982
456
6459
6493
5509
5939
862
9805
6191
930
6004
6807
5769
1436
1984
1526
4422
3154
2578
8513
5198
9161
9771
3927
6900
4358
5233
2069
2524
6128
853
6195
5044
3502
9999
9127
5715
7603
4275
8178
2641
7123
9097
7323
7350
1800
297
2640
6520
5009
3902
5901
44
8761
2131
1582
9020
9121
7970
3807
8319
5083
5435
4283
4507
8528
9095
3663
3993
4920
477
5642
6432
9434
6392
2312
1702
5599
6262
7936
4622
5973
8396
1977
482
9477
3541
6614
488
4882
5171
732
2957
9319
9879
1635
2841
1140
1422
2941
8637
6987
7144
7935
2382
7576
8965
2243
8335
9797
2634
8992
5708
4079
645
8810
5884
8059
6236
7261
2344
1021
6123
1772
5602
8765
1280
5202
867
4639
815
9419
5819
9539
3302
1375
8228
5805
6096
3335
9621
703
2420
9984
517
7053
3385
1147
9635
6476
1895
8887
7470
9144
8002
8880
1383
5540
2146
9346
2778
6373
94
6344
2621
5403
7040
6961
3456
7050
4453
4115
9521
2552
9112
169
4206
3317
2892
2074
8583
3400
9752
4368
5731
4986
5692
3854
3821
3557
8013
5908
2444
4754
3105
146
788
5288
4168
6584
5963
4254
9725
228
11
974
7150
7154
7422
7218
9796
3830
7619
339
8176
5066
512
7363
6072
9558
3802
9165
4181
3724
8222
7854
2484
7738
9747
4
1345
2148
1574
902
9385
8676
7063
9691
9798
1875
3228
3617
3185
6989
9206
309
1203
5027
6212
1990
711
6658
8034
6746
5488
5995
9053
5081
4524
5406
1926
8922
1267
2545
8834
1912
3086
4409
3125
2384
7048
6647
735
138
6853
3262
1922
326
1112
4086
3041
9814
3712
3286
9535
7090
130
1855
8559
4569
5710
3149
6427
3028
2460
2550
7235
3370
4618
3750
3388
4696
9589
2699
1941
2134
7069
4788
1290
2157
3812
4670
124
1246
5797
568
564
4255
1318
9064
9024
7057
2955
9720
3871
5531
2752
9587
3836
8076
5787
8937
2995
4813
5115
4649
652
7842
7883
2853
9838
2786
3623
7303
7887
4198
7700
7832
1170
7681
7019
666
1874
646
9951
9006
9438
3186
802
5588
609
3202
1775
7212
5684
1971
3714
879
3935
9969
1530
9043
8588
8220
1247
1204
4060
8364
7337
5162
9333
4057
6702
8109
1958
4519
7062
3439
952
9557
9083
3063
3227
7086
1675
4362
3485
4295
6913
9007
4317
8358
4822
9170
35
5317
3505
4004
2682
810
7989
118
2676
531
4369
2285
7581
9647
8891
1082
407
9077
349
8161
5709
9029
2271
200
4479
2745
2593
8327
401
7758
31
4462
1711
8818
8116
5565
9229
9622
9808
8340
1049
2635
4477
9603
7178
3780
604
1167
2787
403
5704
5136
9619
2472
8714
220
7689
6535
2587
3755
9026
858
1784
3789
9729
6293
7661
2546
5740
6358
3737
2442
8506
595
9806
6420
8129
743
6229
4166
8683
5781
1366
1929
5856
182
4379
6601
186
4719
7058
8403
2963
9081
6907
8927
4795
3070
102
8589
216
5881
2019
8025
5316
3283
9318
2144
6684
4464
2784
5236
5360
6886
3064
7375
9950
3128
2877
978
5585
8711
137
289
8495
8402
8312
6242
5367
38
193
8643
6021
3575
998
1975
1715
6290
2289
1088
2893
2432
2358
6037
3578
6848
3542
410
911
5688
5285
4463
329
6369
8576
8200
1517
8209
6121
4331
4088
9304
558
5563
691
2199
7643
7682
5855
6544
3093
1291
6297
8670
294
7749
3991
5007
8598
5894
7403
6412
97
9514
2363
970
9617
5273
9498
7630
5573
4302
4648
2017
6899
3301
3452
5137
7264
6735
157
9565
9067
722
8910
315
2605
806
5498
2485
5259
8785
528
9799
2724
2984
9244
2470
4720
299
8614
5583
3048
3324
65
865
9830
8763
5775
3333
2720
8962
9991
2618
4742
3535
418
1262
3868
6978
7115
6911
5194
8042
5546
5091
5745
9658
6923
8488
5910
8856
7702
4404
7366
1214
5992
7034
4880
8122
790
5365
3646
453
4073
8112
4023
1074
4969
6811
5019
8003
6767
2875
8595
2423
8054
3215
4574
1863
5885
6127
6639
3628
5955
7028
8888
6275
1269
152
232
4287
2422
6764
2637
8175
3344
5201
6470
3735
9034
8061
2797
3507
8156
4031
9611
6102
2798
4485
2649
6132
1439
4683
1331
5981
2769
1828
8169
8365
2865
8501
9495
2482
2016
6956
8255
9061
1737
6829
3076
3274
3659
492
4688
1428
8905
6783
58
9087
2059
7557
4032
7552
5662
1560
3447
9674
5005
3428
2240
6098
1148
4049
7791
82
9103
5619
3918
9793
7640
9886
1238
4217
6366
5335
2465
281
133
7108
1762
7365
8372
2540
1568
5723
344
2207
7271
6456
5739
1747
6088
4183
3705
6799
9638
6348
1813
6887
2110
8462
4607
7857
188
3975
8288
6353
986
9688
6623
238
7867
4855
921
903
6729
6588
544
2581
7512
6901
2370
4457
6288
8284
989
508
2937
2812
4121
5020
8771
2835
2886
9899
4320
155
8465
7718
5175
3529
6536
6472
8069
2497
4048
2202
7719
5853
1613
266
2094
3310
3208
873
9685
8524
4280
5204
3961
1026
9624
894
4811
1326
2070
6153
1356
9585
3299
409
9837
1029
2064
2801
5528
2684
2932
8326
9841
1405
1343
7956
9775
8972
463
165
9128
451
1962
2256
4960
1672
8494
9620
554
5641
24
5818
8633
760
5423
8628
4047
1172
2366
2544
4333
3680
2683
7939
4798
6051
1413
2402
8779
345
5742
8604
4051
8752
1454
7856
1689
8663
9181
6832
8943
2078
6049
1824
179
7233
5928
8611
2512
9904
3827
5713
2848
7922
866
6689
6043
5422
5252
4029
7232
650
8084
5697
3546
5933
3038
7586
5640
6590
3114
10
7247
2386
6557
2090
4932
8963
1621
8505
4439
274
1386
9702
6250
1132
2278
5865
3577
1837
4707
2884
5455
4315
6608
5395
9227
2400
2022
9813
3470
1735
7110
3917
8271
5690
3661
6068
8723
8045
68
8190
7454
8264
9343
9703
4351
2398
261
3749
3763
1491
5877
7739
4807
575
1414
1618
821
383
6522
4063
8166
8171
8027
1816
5270
4321
951
7140
9910
1967
6669
9493
3500
5600
1743
4037
5247
2328
4526
715
4012
1444
7960
6175
1780
337
6850
43
8918
2138
48
1946
7639
2299
4862
2761
9360
8014
8043
637
4214
4312
9660
7482
8451
2548
1542
7873
8790
4650
3378
2068
4561
8787
7900
1328
5829
4941
3416
2951
2537
7305
3330
4044
2706
6592
9819
1066
3835
6570
7588
4349
45
4558
5085
4901
5832
2576
5505
1152
3581
5493
9997
9588
8708
995
6676
6083
6654
5065
27
794
4105
1006
9848
1213
2159
5161
5822
3920
5287
1842
5026
2163
6552
1626
4865
5212
173
5472
4266
1980
322
5494
653
967
8602
7906
778
5314
1394
8318
2282
7358
3247
1907
4024
5968
8622
8909
856
3558
4428
4752
6467
9473
6820
1277
9675
7778
7219
7601
5146
3779
9191
9710
9246
1157
3402
5847
1892
8377
4016
3077
2212
9429
3097
9337
2369
5873
8814
1369
9749
3474
8807
593
5835
6501
7599
9194
9169
1684
4005
2101
8952
5645
3164
212
1931
4728
493
4231
3226
1094
385
4778
2726
7367
6875
7845
8049
532
5297
9849
7673
4515
3022
7387
1288
374
9183
3318
8618
754
1272
786
7851
8759
8485
4252
5336
4201
4335
1137
7286
605
2981
4627
2114
2610
4874
571
1237
9152
3765
3179
8267
9234
7966
2714
889
8150
1184
2483
9400
3435
9200
8401
7412
7198
4145
8276
2522
9795
7794
1572
6040
5748
8843
2636
9548
9572
446
5301
5140
3734
4747
6463
6131
3473
3733
168
7629
2276
1339
6469
7486
4586
7473
964
1752
4963
9562
3171
2314
258
9264
6326
9664
560
5833
8247
1398
962
7135
8434
9835
2079
6517
8832
4022
85
8696
1196
7415
7815
2057
8389
8471
8762
2554
7693
7181
8673
2919
3484
4706
3766
2754
7660
4470
1543
7111
7122
4152
1693
3445
6492
7458
4553
6636
1707
1588
6578
6922
9960
1979
6895
7751
7686
2449
8502
1155
502
2575
4547
6316
5776
4341
151
2728
1950
6845
1118
947
6258
8137
9713
3216
5828
7453
2168
3849
6691
6868
5653
9168
6526
8644
3984
5487
928
1245
7645
8804
7262
2702
3688
440
9936
1620
5559
2652
6625
674
6724
1095
3588
2599
3129
3639
5052
8367
5309
8057
6744
7748
9995
3311
3788
6494
3458
5473
1313
5156
4469
3512
3757
954
8999
2135
147
5383
6994
5544
6926
394
8874
8441
5324
2910
8534
1951
1627
9269
8722
1286
2431
9653
139
6226
4757
9974
9275
3891
5850
8768
9491
6468
3029
1592
6674
9605
8155
3810
9966
429
4050
8872
4458
6181
1415
8294
8530
9352
6261
2242
7149
5440
480
9545
4253
7334
447
3855
5011
2359
5120
2879
7836
9606
4185
8900
4916
3170
4710
4521
3952
303
8894
4154
8635
4594
9252
5827
4511
9414
7838
6276
1629
7998
5149
4654
7563
7793
7216
6483
301
7146
7507
7167
6345
33
7585
6008
2685
992
1802
1472
2088
7176
2087
6949
4397
8652
7441
7641
3584
811
1201
7864
3018
7633
6233
1645
5410
5099
6249
8339
6972
2303
3183
1035
6140
1749
7320
597
2766
3977
1877
6499
5387
5621
9847
215
9988
1156
2044
6728
5272
5725
2130
830
1153
9538
4221
6745
6953
3393
8254
9041
2279
3697
20
7467
7386
1911
4213
110
1915
5086
283
6722
1988
8477
2139
3678
7401
8103
8338
6154
9381
8186
1059
3799
6315
7768
580
9228
2609
1189
7207
4325
1489
1368
6002
7044
2075
9342
8024
7543
9255
1361
5562
1193
5663
1387
4155
1314
5135
1273
5228
4053
5035
6531
9890
6616
3487
5337
7210
7411
7560
1529
8578
1544
4791
9581
7177
9058
1079
814
5766
6030
4324
5586
8541
5426
6114
7273
9504
5993
4203
2967
2427
5208
2528
7007
8415
8523
6738
1091
1734
9298
318
8306
4575
2515
4716
9575
1180
176
1934
8820
9741
1177
6471
6760
7446
7326
6861
208
6655
2040
7744
7001
8
3805
5347
3909
1865
834
8734
1442
5926
4579
2695
2268
1598
2102
9142
273
3379
3572
6078
4768
4793
2051
9925
5374
3167
6295
1371
4412
9162
1312
9922
5550
1083
3401
1231
2774
9792
7924
2832
5648
4340
4373
5068
8070
2197
9367
5489
4120
5094
1709
9160
7335
3879
5248
4461
5852
5790
3004
4151
6792
9586
1661
7059
5451
5080
7827
5965
9631
9015
8562
3404
7642
3160
8661
1116
6621
2632
5036
6979
1657
98
4239
9979
9374
9623
6012
3245
4897
1942
8162
2024
7257
6749
9293
8000
4842
9383
5571
5332
3083
1521
8700
1106
9323
4933
5746
3195
6322
1832
406
2244
3970
7103
8202
8302
9174
6157
4939
5906
4848
2257
533
2543
5417
4974
2153
2502
5326
9744
3408
9394
6986
199
4387
4961
1957
6205
5327
398
3861
4881
5793
7049
8906
1173
9403
1878
5379
8863
9102
8780
2401
757
3690
9048
6327
2053
1596
272
614
1435
9231
2412
8325
1745
920
8991
6265
4200
1117
7946
8062
5195
6653
7023
5382
2489
5784
7087
2850
162
4216
9302
8727
9633
3184
2582
2411
4783
2179
1891
6060
7993
8540
368
5999
3109
6991
9897
1999
6000
2792
3192
8164
8878
6076
5443
6014
6606
5292
4442
3526
6662
3206
4760
5087
787
4347
3665
7981
4884
2099
3135
7572
3777
4307
2455
1697
906
9265
975
1259
2882
1171
2648
2188
5419
1107
8507
8444
6649
1646
984
4678
6998
9906
2
3982
2834
6519
1378
6651
2434
7818
1003
4191
2155
2073
1024
6395
9648
6791
3359
9348
8755
5561
4354
6283
6741
2221
2306
8803
9738
5624
2065
4826
7497
9800
2176
5183
5055
5967
8204
4759
7963
8682
6908
1861
1679
3489
1178
6318
471
9627
9870
60
3707
4238
3722
6827
7515
8181
276
3634
2523
1717
9175
5794
9739
857
476
3397
5258
4059
6308
8428
6338
3907
4771
3890
7250
1671
4291
881
6436
5439
1580
7656
1440
450
4634
8699
1449
8089
4296
434
5815
7621
6634
9694
3204
1563
224
7440
1064
3926
2021
7892
742
4699
4772
973
4538
2820
9578
7074
6646
9470
2776
9901
6256
4732
5095
8877
5144
1198
2488
9131
365
1727
4298
1520
2796
946
2690
963
2949
1197
4841
804
9366
2912
6612
4702
52
8580
5952
4272
6958
3738
6788
3199
7294
2555
9082
1767
9554
7598
4705
846
7951
2496
5831
3377
9934
8256
7416
6846
3532
431
9159
194
9787
4781
8037
9673
2954
3559
8086
5957
3945
8773
2736
3155
4923
8093
3491
868
9123
2956
9975
4677
5651
7075
4820
1402
5238
3351
9276
3939
4222
8241
6498
4071
7424
4258
9357
1557
1930
613
4560
6415
2623
8489
4282
2888
3876
286
1287
957
9124
7627
4661
5079
1952
2658
7229
1123
2982
1382
4831
845
8295
342
5372
944
7937
5056
5454
2899
9300
762
6921
8675
8206
18
7279
6025
848
9728
5480
9049
1791
6357
4034
8862
9382
7685
2091
6129
590
8021
86
2200
1457
690
2462
1061
2790
2926
4522
3803
8262
2620
2424
288
8819
9684
386
4127
9900
2772
4520
4679
8478
649
5356
4534
1944
7017
9943
6429
7104
7380
8356
6286
6631
9432
827
3660
5558
4486
8854
4114
1176
8085
9028
6443
3969
8439
6511
2506
6086
2988
6993
4587
4343
3459
8829
5023
4975
6549
1009
9884
8691
6329
5785
9989
9914
1357
1430
8629
384
4444
7304
6446
4437
5986
4954
5018
6580
7994
6101
5486
4499
9268
6458
8679
9305
2185
3384
393
805
7285
9832
712
2568
3056
4270
4420
7524
9459
6593
1847
7910
8467
9393
4212
985
3361
4993
3151
1953
8971
7418
6253
2006
7351
581
4400
9457
2414
1340
953
4269
4256
3342
7743
8135
958
3992
5765
825
8750
381
5848
8039
7675
7974
8244
9756
5590
2291
163
3787
8895
282
9996
2072
5656
8902
8095
2567
9281
3088
6599
5217
9193
638
8291
3801
7452
9646
7332
1376
478
6408
2452
7992
888
499
9451
1047
9994
4178
3554
3490
7417
6439
9740
6416
9642
2183
114
4427
927
8048
8409
4090
8979
2245
1421
3193
3729
8558
6990
3994
7542
3651
4704
8539
313
7428
1120
9134
2284
8245
3555
4755
1317
1549
3453
3914
7790
3442
2430
5308
7180
4931
3887
9153
5207
3235
6784
7274
207
2218
2887
4711
6185
9063
6715
5644
5230
3684
5427
7270
7589
472
8101
3089
8793
3746
8293
1966
9649
4805
4190
2830
4483
8180
1183
494
21
1096
7493
6910
745
769
5816
4131
3030
7587
2266
5683
5870
1321
3951
6350
3831
8839
5089
6363
1240
3911
4338
3514
3538
7187
943
2643
2407
2194
8876
1168
7786
8953
3928
4426
6384
1097
3357
9853
4614
2822
2038
4821
4061
4141
9855
4410
3874
5724
8481
2283
9250
4651
7799
8448
4541
8959
4585
4786
2730
79
3497
514
7986
2439
8174
4018
5384
2547
75
6641
5845
81
4342
2469
1474
375
3364
9854
4279
4288
4502
2936
6001
3376
3586
8210
1478
9839
1113
161
4175
3314
1731
5674
6891
5492
3736
9140
4433
555
9138
2946
3910
9132
1547
7730
3023
3897
1759
123
596
1108
9422
6218
4438
4218
4849
7579
7148
1523
1030
6803
8380
7762
7430
4512
6100
5686
1585
424
3840
34
6239
30
9322
4188
5595
749
3069
6663
5031
7258
3060
7071
1260
9616
5250
8058
2253
2309
5111
2028
6513
5800
1348
1307
1352
2338
8005
4599
3290
670
4113
5073
2733
3753
6347
4210
4419
7035
9143
8557
3671
9310
4440
5320
5922
2037
2741
1823
6541
8121
9195
9833
7635
8781
7538
7498
7894
6495
6079
5059
7863
8007
9530
3904
8917
304
718
7450
2080
3804
9340
9714
4299
4900
8815
4425
9242
886
525
7230
8445
1611
9600
6367
7269
7933
5650
2971
3643
8547
500
5886
9550
6568
5859
9804
5677
6643
1885
2235
4108
4999
3550
738
158
3629
585
2348
4640
3829
2559
6116
7431
3699
459
4839
5223
347
7169
7125
3448
8851
3614
8490
370
187
5696
6567
2627
8419
9317
7499
4174
7571
6204
357
8548
8609
559
4411
2840
9881
9088
9380
8001
4332
4657
1511
3461
3055
9031
2234
777
1902
9248
1014
2381
9025
534
7914
7893
2529
7916
9139
3280
626
8984
6695
6016
5698
7252
7878
3800
3937
4304
1452
6093
25
2184
7923
6671
467
3530
6422
4103
588
2662
5069
1728
5961
6328
9120
8860
2047
3847
2948
8939
2014
7342
8102
2821
4496
2527
6885
340
1943
784
8078
5436
9954
7517
7942
8336
7388
491
4984
5811
8139
2461
7853
9384
6490
7725
545
6413
7376
4800
1913
3562
2263
9770
9828
3172
7824
6487
5830
1048
2164
1936
1212
3094
3189
4581
3467
6934
1409
9679
8407
6457
5434
134
9364
1138
93
8035
7263
2478
6943
3298
9547
8728
5734
4199
6028
4245
9486
6146
9290
6704
2458
7391
7310
6349
7066
7674
8757
8826
7033
9544
7787
7093
7592
8018
8840
1924
8889
4998
6330
837
8766
292
6006
3551
5736
3919
9023
8483
7255
7331
1685
9332
4653
2917
9297
776
8343
7393
2445
4717
1419
2236
8956
7945
1401
529
9365
9719
7025
3294
7433
9977
7840
6635
8694
535
8701
8096
8252
4076
4866
4003
7128
1337
4907
8400
1537
2572
9125
3973
2345
3560
5210
2681
9412
4527
3536
8398
2150
9888
2013
4895
9931
5172
9564
442
9946
1730
6977
119
4871
7402
2322
611
5990
6838
9420
71
2556
2003
3037
2889
5263
3591
3312
2500
2846
5118
8249
1896
3565
1649
6087
8066
5960
763
5612
6343
9908
6918
9396
1100
8974
2261
9528
8126
7213
8563
6849
2953
878
9448
6666
249
7932
4743
7902
678
1232
1923
4892
9654
5022
2895
1206
5628
2435
6111
4399
3731
9401
3479
1305
8189
3958
8296
1069
4571
8908
3465
8998
9683
4991
556
2710
2653
55
8106
9294
3510
1070
1000
5660
6837
5298
6182
4628
2638
9594
6278
7600
8749
552
7329
1848
4118
7414
9577
9822
8087
4385
7763
6247
869
3058
5716
2837
2773
454
9948
2825
8463
7769
7409
5437
5622
7448
2520
1921
89
6763
2046
4311
3471
3034
4712
9492
7011
5943
5606
1603
2675
2269
7464
9035
231
498
1470
5636
6183
6220
8912
2096
3451
9256
2909
2181
3279
4097
3046
3745
5888
2993
6560
8594
1085
3600
1906
1708
577
3373
2203
5714
5097
7849
874
6042
448
6664
5983
2777
7938
6644
4722
3498
4292
275
4943
4030
9524
4925
4336
3295
2717
6156
9817
6995
6602
798
3513
4017
7745
3843
5617
4763
1879
3640
9136
7537
1145
1062
8798
6818
1998
5457
3421
3065
6388
8263
9937
3718
6241
8738
1901
3398
122
9956
1433
4395
408
2630
8242
3556
6551
1141
5554
6873
9150
1956
1241
7163
4681
7792
6145
8772
3582
5064
1534
9315
5357
7920
128
8985
1058
1323
5678
8287
1190
3365
5330
5652
5061
2250
8371
9118
5499
6719
7782
4271
9820
1610
7259
3369
2849
490
2586
9829
4002
6024
8751
6598
9207
201
7330
6778
6824
1202
9069
8545
7381
2857
7260
9676
2574
8572
909
8261
8938
6134
8215
2719
1755
4596
1593
6591
9257
2368
3666
3177
7131
6583
2601
2775
9308
87
8486
3677
7022
4102
7407
4014
9032
7638
6289
7903
4876
2659
1801
5278
1619
7165
5553
4827
1945
2823
5400
9628
5025
2929
2619
9555
1334
8341
1283
6769
2997
2035
2738
6375
1803
3531
8278
5616
2231
2513
1218
7080
7637
6011
2980
6383
4967
3110
226
8184
7796
4584
3772
6988
6667
5404
5203
5916
1101
6284
2324
7173
7119
6682
9284
4225
6889
723
9115
291
2983
4208
5393
9435
2062
9004
4804
2628
7511
3263
5107
5225
9520
540
8754
629
5329
7105
7117
3014
6406
8631
6516
644
3413
2782
2340
6110
8496
5170
9017
1914
6221
9030
1022
785
7703
9613
1939
2372
8527
5392
4544
3446
2417
4537
775
1054
5966
1365
1119
9705
7666
2514
4019
3099
6816
6855
6214
8669
4126
2030
4244
9641
5364
3450
1019
1275
6679
222
1677
751
4319
9760
4765
9811
2942
2119
6709
1080
4546
9591
9068
3544
5664
6500
2873
8884
1453
6478
3716
5547
9190
4782
6359
5988
8313
807
57
5464
7774
6871
6992
1200
2084
1628
4259
2229
3255
4976
5646
7297
7085
5759
655
5193
3141
6095
1680
4947
3223
2763
3460
8970
6244
6430
6211
465
8553
2859
7692
6307
1372
2447
1812
6539
755
6559
1722
7707
4736
5296
7156
3963
3197
3406
6005
1301
8373
6914
6759
2810
7780
2385
5774
5103
2160
887
8932
5123
5477
197
1149
6962
537
3759
3579
6633
882
5518
7800
4447
1308
4576
8315
2126
1043
5359
9196
3315
7679
4068
8961
3998
3686
5778
121
840
5780
7625
2032
1053
1871
3791
4043
7097
6571
4846
7677
5484
7480
6044
8333
6489
8784
3967
6753
8899
3138
8775
6215
3995
2945
8457
7835
7911
9424
6638
7595
4443
5109
3727
863
2302
3873
1750
8687
5814
9944
9094
3989
4857
323
8047
8836
3631
308
1721
1766
150
3433
1590
654
5772
8981
2443
3845
2012
5122
8753
1725
3078
7068
8237
4123
8379
1327
6984
223
8392
7988
7608
9456
6370
433
9876
1090
8133
1700
1576
9561
3134
4816
7449
8458
9590
2663
7934
1363
4508
4092
1420
7976
9361
9915
1219
5508
2287
6246
7203
1278
5670
1818
354
3092
4854
3524
2018
7697
7485
8275
9912
829
6771
7205
302
3131
6248
1718
6264
6482
7728
7765
1139
6257
4467
7740
457
3217
5349
9316
5747
9696
62
4928
8698
9225
8307
7584
7438
799
7723
7653
2765
7891
5956
8144
5604
9071
9490
6085
7500
4834
2158
2307
9542
3619
4777
924
2272
8533
2360
1761
2286
2252
1840
6117
1296
3518
9354
7716
4668
356
402
765
4818
3111
6650
5062
3168
3720
9759
9104
1587
7196
4329
285
5411
3003
2507
1528
1882
2959
8425
5899
1373
5271
5446
4922
310
8725
641
739
1643
4858
3622
183
2748
5157
6574
4233
7429
1131
473
5902
3808
1285
7983
2516
4878
601
8990
6187
3383
6575
8574
5467
8177
1970
5185
9324
1776
8063
6346
5575
8707
938
49
5523
332
3308
8841
2729
9345
3074
7266
7941
1192
5385
2486
8988
243
7632
6561
2026
2927
5158
3387
4994
6464
9935
987
3106
9453
7308
4840
6756
8146
3188
9133
1947
6488
960
8183
620
4667
5500
1018
7130
7133
2987
4608
1055
2004
6880
1631
2108
1127
3249
295
5679
4156
8686
9157
9223
9296
8331
229
2105
9727
9772
5753
1798
8051
9086
9612
3567
5024
8159
5310
993
5074
3576
1483
9882
7950
2566
8916
4250
5975
860
6124
3169
5795
1712
419
7275
7843
1636
4357
1916
1103
4451
411
2669
8127
4045
7810
8923
336
5668
1533
4727
3776
6857
1899
3778
8125
9096
7249
7870
8844
6075
3649
9002
1983
6324
6309
7531
1686
7741
6027
6397
8345
8736
9507
3966
3553
4474
269
7613
8355
7858
4626
3841
5179
9167
5138
5534
2612
4257
576
770
8499
8110
3703
5872
6801
3264
4962
2779
8969
7030
5402
376
9552
9376
717
5806
7489
2367
3809
4165
8065
7437
7921
981
8642
4924
9423
4958
3191
1142
8881
8966
5525
4104
6609
3296
8492
4482
5300
4602
9574
506
809
4487
9466
1604
8118
3770
9245
2907
8685
7789
9985
6795
8431
945
4942
3468
9907
3979
2968
5589
2756
4746
259
9745
4380
3196
4525
7527
5625
1630
5050
5560
8493
5638
1554
397
3367
669
4601
3496
3957
702
6398
9717
8600
5703
7064
5675
8334
907
4080
4801
8229
3706
5182
8199
3173
2921
5949
1084
7884
780
513
5770
2526
7897
3258
7339
4478
496
2429
1545
4223
2665
7781
6065
4672
8852
4950
5851
5186
3288
7533
9062
6009
3980
3932
5119
6396
789
2851
3596
7185
6765
9484
7026
9580
145
3152
6690
5401
7828
3561
4494
9307
936
1600
9911
8052
6851
3322
6810
9669
7016
9659
8892
1068
9877
9506
4128
425
9949
461
9709
5315
2020
5615
4814
9903
4643
3948
8328
7199
7701
607
6534
7606
6274
9987
8581
6486
5049
8896
4773
1256
586
2913
7775
5039
2785
6814
1320
9141
3593
9857
9210
1918
487
392
5269
5598
1736
6866
6340
8298
4087
9651
610
8143
5946
5705
1092
1034
5110
3608
982
3419
2224
3475
3392
5341
156
4007
6532
7534
455
2177
4828
8890
7949
1089
6703
8239
5433
1558
5507
8737
7175
8466
4887
6299
4228
1553
895
6881
2533
668
6896
9998
9243
2498
3662
5088
8300
6424
9184
7736
8672
9519
7054
2739
8535
1013
926
9172
3103
4697
7237
7602
6597
651
4039
1011
3340
4377
9370
4391
5685
7865
7327
4761
3396
3391
3537
4847
899
7302
2205
3974
2390
698
9468
3616
4143
7138
1044
7345
7139
997
3362
2903
5070
6251
4573
6630
7190
2603
9335
2557
3118
4919
9731
9788
2856
2867
4751
3708
4075
9517
8408
1608
9840
726
3472
1704
2862
2503
4664
6652
6565
800
6660
9553
6985
7722
5090
9309
9990
3175
2173
3026
1683
8830
5917
4170
9803
2083
2938
2115
1808
9503
1927
5151
6952
3476
2391
2232
8744
2715
7020
3389
3087
428
307
3730
8599
5029
3016
6688
1536
9823
8646
2480
7067
1703
598
7039
9299
6912
6485
8718
1479
166
4056
5251
5351
8660
3001
9809
2871
3145
198
8648
1850
9338
8957
851
3723
8634
362
3742
8311
4306
7699
6287
547
2590
9802
6188
7477
893
8941
135
1594
8321
850
9567
6862
4284
6311
1853
9842
9861
724
7095
1199
8593
4915
1546
1350
6894
210
694
6484
3243
9699
5408
6509
1207
7239
1814
1981
6059
4226
7844
2863
1954
2187
3664
8316
6231
3521
5763
7254
9022
1518
8432
4559
8029
177
7073
4040
2584
8509
6585
3436
7714
39
2380
0
6084
2392
2337
437
8522
8538
2335
7134
9230
338
2292
1846
9306
2248
8546
3328
5284
9009
5574
6610
5647
2844
578
2198
4355
2349
8172
9110
635
2805
3464
9171
4077
449
372
5420
9895
3865
9390
9825
9972
6023
4297
9753
5764
2300
9212
630
1771
9916
2961
7157
7732
1160
8873
420
5093
1514
3798
3944
7750
4384
1495
4072
7102
9008
8791
6441
8119
8369
9812
9518
8866
3603
1298
2473
5867
1038
5515
2854
3239
9402
5342
6815
5075
9148
2624
6240
154
4431
9405
7347
5246
9416
7712
2208
2692
5661
9320
328
7435
9957
2839
3207
6263
8654
2906
3025
2996
6451
6553
9716
1535
1548
9595
5878
2361
8437
813
6996
8050
9217
6342
9336
1182
4314
8821
8745
6577
7907
9378
4062
832
8309
6941
5253
8460
4204
4069
8440
6582
6193
6496
3257
5727
6325
3341
2254
4448
2383
6876
5779
5799
8324
6272
7451
7546
1705
7434
3758
9865
8469
826
111
7296
1662
3047
9146
2625
8203
8565
9963
661
8627
7043
1778
3091
4733
6751
9197
5977
7061
8733
8813
6097
8554
5527
7929
4808
550
6904
8529
8695
2280
6936
8258
6052
1817
3237
1311
2141
3739
4119
991
5084
3850
7336
9776
5131
8632
2642
9273
2905
4361
3159
8286
7395
748
3839
1353
2296
3698
5014
6761
5354
7070
1332
8498
7604
8624
4850
2316
6038
1764
516
4386
6971
2191
9661
230
4383
6528
8257
8730
3161
582
8869
8702
5190
3492
8010
8031
6015
1481
4784
2970
6320
3569
5058
2193
6386
4466
7027
6826
1403
6796
6758
9500
9372
5164
2737
9262
721
7522
8641
7072
6107
7315
2802
1396
3506
855
5040
8967
4540
2169
4983
1698
7882
3960
3146
5905
9599
824
3647
8658
2405
1834
6947
667
4762
5687
2297
5635
1169
6210
3571
4133
1835
7952
9052
5566
460
8668
7077
2446
3962
1527
2259
9533
284
752
1744
5991
2213
9523
2629
3163
88
2477
8266
3648
1992
7972
4959
3304
1996
2908
572
3494
9755
9965
2071
7655
5584
9198
3878
8605
2894
7251
5482
5002
7024
7118
5032
3080
4660
3066
6139
4869
2001
1714
8342
2914
70
2530
6390
4160
8173
9743
5448
8036
3656
474
4665
3641
19
4345
3587
7038
4978
7605
2999
3284
3386
3704
5461
6074
4232
5189
8656
6510
9862
6267
7672
9185
5608
2781
4138
6142
6138
5744
8596
9614
2002
2721
7092
6167
2753
6445
4161
6920
5929
7287
3015
9436
730
3609
3007
1667
4500
6125
2549
3819
7288
4957
6797
3517
956
5375
5720
6721
4872
5972
6542
7289
5782
7390
3775
6967
6964
3652
1658
6573
6099
3988
7348
293
3602
8208
8924
4184
378
5627
1856
2318
3319
63
8274
1407
9163
4111
6426
6521
9754
1249
524
251
9872
8113
2364
3594
509
7816
9076
4136
9698
109
7307
5181
2952
1417
5126
9573
6303
325
6462
7544
5004
7734
632
1041
8207
92
1609
2275
5112
3466
1859
1007
1377
8068
1935
5773
5752
9980
5299
9483
1341
1577
405
3478
1903
6069
3221
1264
5756
7717
1822
3592
9388
4972
3912
1136
1691
1443
462
5168
7535
6160
1777
8154
5098
4215
2327
7620
518
2136
3085
7328
2162
8388
5471
5152
3346
9650
5868
5174
2607
6919
8094
6543
7871
9789
9176
3857
9920
2041
1497
2301
7481
4609
2750
9042
2104
5597
6440
9736
9353
3947
7909
28
8610
7405
3923
6227
2594
3848
4192
3349
5927
2049
7959
6830
9452
6780
341
5368
2433
8526
5880
6323
2409
2606
2700
4134
2532
4046
6859
7772
1406
7624
5846
3427
3872
2521
7667
7954
1075
2238
1293
1997
5804
167
9609
8859
7277
8950
3434
1289
1252
7172
4753
2613
1205
3234
5996
5191
5108
6883
7268
5209
1876
7164
7574
3493
6842
2511
9692
7622
6966
1056
9583
3480
9670
6750
2734
1795
5474
5442
1869
565
8235
1270
621
1758
6360
1898
6754
8357
7985
1125
4446
4290
3570
2808
7839
9446
2678
331
4070
7509
2230
9746
4093
8004
625
7346
9885
6184
4740
1650
8145
1175
5634
7880
6035
4616
3774
8320
673
3548
5343
9569
5796
7866
3068
6151
2332
7312
1221
5532
3893
2553
3229
1793
3438
6640
8470
9794
9751
7861
5516
2789
9681
4684
1427
8579
5666
5012
9858
106
4402
7419
676
50
6617
3549
3120
6604
9511
8573
831
8582
859
2818
999
3339
359
3598
9868
8925
6924
7
6692
5418
468
1001
8911
4549
5937
2100
4598
3610
1968
7746
7797
1641
2718
6046
9618
5398
1114
1354
4721
519
546
3371
3113
1753
1424
1087
5643
4025
7002
8468
7615
2471
5530
801
1919
5882
4636
1432
3316
6321
1792
6897
7658
3954
707
8191
1746
8875
8571
1158
7752
6533
2922
7137
2027
9371
8640
348
8123
7060
4089
5631
4675
3057
5626
4327
7520
3673
8625
2589
6615
5841
7704
2456
4202
5633
191
523
8993
46
3054
1510
3997
469
507
3073
5421
5376
5771
4375
1648
3042
2896
6739
6403
854
3501
3709
7283
6243
4247
8344
1637
23
4703
1862
80
6856
6235
2883
5101
1023
4260
9
8667
6209
5449
9501
2994
940
2795
7802
8390
6252
5318
8920
737
5552
6232
4164
820
8446
3946
8221
7225
9645
6605
8491
7221
1086
1423
659
9000
643
1579
1268
8079
26
4729
4824
9516
9113
2878
8009
5043
175
1742
5548
1467
1779
8163
3136
5030
247
3469
6423
9397
8028
1860
3220
8277
4209
5180
8555
9871
6794
9601
423
6809
6629
8308
8789
7317
5568
5373
8303
1838
6382
4671
7928
6356
4095
2861
3394
4146
8240
2055
2708
4038
7874
3246
84
6963
5792
5468
6270
612
7014
9527
7855
6103
7248
3589
8182
180
623
9203
6906
5413
4197
9947
3244
5339
3483
4737
996
1868
1174
9386
8620
8236
4617
416
7174
3838
900
6707
914
2156
8231
3423
312
3899
5717
976
4176
773
6618
7971
6948
4551
9537
4987
8741
2127
7491
250
2495
9012
4058
4949
5139
5428
4794
3430
5593
1128
8330
9220
7382
3784
3124
96
3115
6596
5801
8613
1438
3457
9700
530
8824
2713
3786
1276
3363
7850
5970
3767
6073
764
1102
8088
113
9826
7776
7272
4027
5333
9100
7617
8310
5479
7961
1393
5962
2631
4346
3266
324
3605
6879
5596
4806
9852
4042
4563
2209
5521
4695
9827
6725
7410
7514
1909
6693
3321
3682
6152
526
1017
4441
2077
6194
4528
6435
4241
9014
3543
8225
2468
7129
7830
8456
2732
6833
1025
8838
2459
7373
9546
3964
6273
9472
4593
1235
4099
8416
2918
1991
6313
5353
6957
4620
54
5307
327
746
4946
685
4886
6380
2353
849
1015
7083
7957
7955
7991
8265
9522
5321
7995
2525
3726
3760
6540
5592
4606
1335
3345
4472
3084
353
9860
1651
1111
7506
9657
36
4492
1841
5424
6064
5695
8411
7984
6863
6800
8259
6109
2117
1578
5649
8454
7996
1867
5580
4663
1143
4267
5702
5535
142
3482
9707
4112
1220
6067
8250
9602
5277
9924
2034
1244
9005
4838
4748
7121
252
7051
170
8016
7508
3851
7659
5862
6687
5673
7316
8799
8060
5556
3741
1820
688
248
9873
7705
6173
1027
2172
8375
5234
5824
8597
7385
6089
4407
61
9247
793
2494
221
6831
2178
4376
78
6951
3606
8835
9036
4734
7457
5390
8797
634
1392
6402
5864
7081
7813
95
8936
7965
8354
2438
4432
5295
1974
3834
3858
380
246
234
5537
2915
1195
1425
2048
9604
8842
190
6497
1900
3637
4162
6266
227
2388
5866
5104
836
5838
5504
791
7492
2626
3449
9219
6032
9409
8168
2904
2711
8837
9465
5200
2577
2082
5522
8272
2978
7913
756
796
9846
358
7114
174
1513
5256
7917
2816
4186
7798
9188
8435
7031
5444
2986
5541
8882
203
3523
8097
1456
720
5944
280
511
66
8783
2145
7919
2588
7309
5184
681
335
5459
1279
3700
3368
5369
5809
4196
3929
5738
2671
714
4498
9355
9240
9510
4825
2744
4674
7145
5620
6159
3713
3695
9851
3867
7292
8376
6665
9505
7298
2565
2880
8584
6603
1008
8149
7240
2615
761
1532
1827
6217
6058
9098
7052
7696
6946
3242
4873
6681
5614
3942
8549
932
4421
7886
1358
7540
129
382
6711
103
9757
4518
9033
5153
1487
4489
8077
847
4680
7876
948
7715
1797
2323
7394
1933
1652
2817
2780
5048
2804
3520
7447
4619
9056
4110
1448
2267
7324
4365
5711
9632
4979
4624
2517
5817
4539
9046
6410
2201
7528
6917
5971
7503
6455
4423
8224
9137
3625
3996
3200
225
7569
3017
9027
271
5536
489
557
1701
6843
994
3166
569
3121
5582
8619
1815
1126
3615
8352
9186
5581
6661
7548
3180
9218
9668
5102
3051
2451
4790
4633
7010
5721
1508
7281
7872
42
5980
1674
3005
2298
3425
8503
2508
4504
9640
7964
4363
5266
1181
4452
8134
7908
9626
2376
7045
1622
2842
6790
4388
3676
4389
4130
1948
5485
8697
6393
8280
9807
3744
4938
5836
4693
4591
6839
9930
1854
3293
8831
2722
9867
8705
1186
1223
8666
1194
3337
6882
7008
8645
5749
709
5657
3107
3231
9151
9271
3516
4676
662
8713
7369
1733
3240
346
7561
8098
7881
7360
4303
2570
8608
8743
682
3621
8104
2406
6748
6292
8731
553
2067
6202
2190
3894
184
7089
3253
5594
3488
3691
591
8427
966
9440
5469
2143
1229
3653
1460
5475
6888
5249
6572
4083
9117
5121
9513
8692
2838
8825
918
2920
4792
9202
6022
7166
