1589
2895
2673
8449
5905
0
3182
5529
7233
3318
9682
2496
4955
481
3245
3886
3117
6176
4538
5425
5078
1186
7972
5455
5380
7057
8306
4883
5009
2037
7486
4570
7597
5927
4226
2191
4690
1109
6886
5111
4322
7414
610
1413
5975
1833
783
546
6004
1816
2500
6471
351
4747
7606
70
8437
7571
5865
910
4736
6147
3258
9049
6018
1782
1751
6407
2516
7112
9862
4715
8177
3298
8525
7311
5909
7171
7137
5480
6275
5137
9184
5844
3299
8569
7778
1722
200
2248
5869
2531
3622
4966
4089
8034
7164
7802
7670
5662
4485
7204
5875
498
9249
2070
9968
1469
9610
5034
9619
3677
8432
2370
1942
9633
2692
7524
4633
6675
1746
6193
1895
3718
2922
3992
924
5897
1692
6946
8712
6884
6596
3724
6024
7570
1527
261
9809
6851
9310
5195
1047
4645
739
2753
5181
5017
4472
1867
6230
8368
3759
827
915
3923
6060
2820
3763
1902
9314
8772
6786
2404
5060
1444
2608
8179
5466
9244
9781
3468
4576
3996
5599
3623
623
8860
730
8285
3562
9765
124
7720
8091
9391
9214
3526
9327
9951
1786
1568
3604
3682
9246
3128
5461
1443
1275
1243
8785
8781
1366
3635
7168
4953
8013
33
457
9602
3361
765
7565
799
5663
7839
8622
7848
8629
79
8625
5932
6837
1957
1461
4705
2463
8787
3898
6034
1968
3266
3746
9933
330
1585
6184
1381
6218
1981
4223
3118
382
2389
1270
3152
6430
6497
8137
5297
3561
3289
2925
5783
748
2859
390
935
7461
9746
1934
9611
1762
4289
1567
9885
3976
353
7380
5981
3642
8340
5
5842
5218
6719
7894
8479
9400
4989
5938
3255
4335
7951
4128
8894
7206
1140
4722
4295
7609
8515
1213
1174
7275
4283
3941
6935
8529
7590
2736
6342
4810
3278
2951
2457
2211
5653
5810
7649
126
2413
4066
3686
1320
1260
6310
4855
1606
4169
1963
9590
1451
5585
2259
8917
9759
1673
7767
3804
4211
6333
8409
7918
5884
9816
7362
3528
5729
6365
9895
6929
9426
7695
219
5858
8387
1046
5221
8138
993
4107
5140
2565
7432
1162
7274
1030
2075
2994
9729
9166
3450
854
2871
5082
4773
4177
3929
3625
7462
2891
8243
5942
2127
2448
7331
9800
4795
4424
6003
9283
6778
2829
134
733
5951
8825
8755
7800
3920
957
3458
3973
2655
6273
8999
2612
573
1018
643
7092
177
7058
9565
4159
3363
991
4902
1991
5010
4834
1228
8195
2254
8123
8756
2429
1841
9627
7136
2169
2267
8797
5081
9353
8350
3600
55
7205
1680
6679
3928
3016
2479
2615
4978
7454
5098
9187
8006
8151
6819
914
1407
7511
499
5654
6340
2236
1756
3256
3094
2729
8555
7383
5330
1556
3216
7947
9017
9530
661
757
9748
9596
1285
7528
1032
3343
9322
7846
7553
6848
587
8889
7628
2772
8323
8577
9730
3955
101
802
8546
1417
4627
440
4284
2570
8370
2704
6017
4400
7433
1834
3492
1151
1802
5710
2195
5882
6997
1950
8453
3930
7655
9789
4076
4663
227
3557
4638
3795
4458
5723
8369
6496
8026
3098
4462
7069
9269
3743
173
4401
7782
92
6214
2034
2638
3305
1771
5750
2235
4360
352
6853
7893
9523
4194
2585
6103
4522
1492
8140
4578
1803
3783
7259
7821
5689
6748
8685
9769
9575
7785
5424
933
8527
4099
7242
7504
6445
9333
9644
8163
2347
8601
1365
6180
9285
2927
1534
1929
3609
9979
6447
5095
4324
8845
4624
8544
4553
4017
3203
459
5374
1611
5930
2197
5244
615
1483
9947
8983
7405
9011
791
6488
3069
5268
1066
151
111
5290
1835
4271
9325
754
9686
5285
293
7935
8235
973
2453
1989
4745
6476
3257
2800
1804
6162
4299
7838
5314
710
9105
1173
2023
6970
1918
9582
3054
9815
7923
3208
8589
3969
7547
3044
8332
7096
1203
8440
4461
4979
5672
7896
8598
6195
7882
4628
4035
5847
4530
3131
5609
4032
6738
564
2876
3860
1730
7801
5988
8518
1634
9089
7025
2208
3134
3848
2179
9852
5072
2402
5354
8018
2738
1956
5943
1665
9811
1192
5179
7299
2138
9479
4075
3680
7372
5681
7886
1301
2285
7522
1763
9802
1609
66
6839
3586
8770
8827
7109
5216
9495
3124
4550
439
3826
967
1305
1399
732
8665
5394
3473
6519
4010
8035
6418
1329
9280
8484
5832
6872
8718
9316
5108
1441
8738
3248
4661
5027
2884
3074
7709
364
8420
8899
8764
4586
5908
8859
8193
3558
7027
9292
4407
4419
4558
1100
3052
1414
3921
1205
3552
1532
6416
2709
6126
7933
2355
4156
7509
3085
5205
4004
1104
7988
8436
8949
9593
5968
7792
8938
22
9963
4554
6073
8492
2749
7201
7469
6655
9992
583
4234
1979
1759
5996
9647
1344
6385
2868
3421
2198
4258
4341
3463
6399
5258
4153
5348
1718
1082
104
8186
3770
2970
4063
9704
8729
9527
329
3111
6571
5612
4431
9240
5732
3714
1735
4793
7971
7300
3948
1524
3615
2823
409
5259
6190
6710
1582
4046
1519
9879
7312
8707
9752
4451
8365
5389
1507
8247
7177
7258
3971
2641
2473
3899
56
8628
2616
9664
7817
9003
2441
9791
1459
7059
6952
3043
5745
9591
6319
7825
3786
2360
4297
3384
9798
9287
3227
7111
5083
4201
6426
7044
5573
7054
5822
5645
3059
2027
2968
2001
3399
6922
303
4709
4945
9156
1672
6836
287
9672
8134
8299
7329
4787
1387
224
7611
7791
2688
8519
7446
4814
8810
9521
6687
1215
4351
4995
7744
3368
5477
6969
1603
9499
8121
3435
7974
4651
2107
8455
3099
652
5692
833
9163
2310
3396
1480
9211
5521
7161
5411
1084
5023
9924
8487
1900
1830
3888
9072
4325
4717
824
1870
6408
2589
6119
2135
7149
7186
862
1392
9877
1885
9826
5306
687
4983
5431
9689
8579
6622
7174
1134
7250
6020
8726
8849
588
80
244
3328
3550
2464
3041
7831
4639
556
1571
1321
4463
9236
1797
8591
4367
4037
4191
4031
3733
1408
7574
1536
901
4781
4662
1983
5426
6458
3288
638
667
3353
7325
9094
8861
4893
3388
6433
8161
6811
7786
5293
7804
8717
5120
264
3949
8512
4701
7542
5486
8984
5489
4256
6683
3251
3859
8701
5007
9065
8954
6995
4083
138
4593
9323
214
561
7146
974
8192
8919
5292
3812
5980
803
8039
2478
9171
317
4656
7913
4763
6390
3447
8993
954
5262
3645
6110
3156
309
9552
2707
2120
1478
1939
5502
7123
2552
4615
8814
1311
3741
4356
1826
1199
60
5368
448
7270
640
1163
6713
98
7065
1068
84
646
1709
9337
3369
1315
3346
6726
8281
4043
1985
2767
7942
6567
2983
1494
2059
601
5570
2119
8424
3339
9505
6115
5782
8596
6256
2400
889
7471
5161
9861
818
8971
7428
3815
7359
4195
8419
348
1430
7892
6302
7997
6151
5630
137
9441
569
1026
1693
8538
6949
6747
4370
2443
240
3214
1538
2026
9348
3163
5491
8288
9027
4024
1290
1031
1081
8669
4018
8253
2039
1265
5784
5954
3350
7314
560
3856
6016
7685
6609
8743
4899
7298
21
378
7158
1337
4514
9732
2234
114
7678
8389
1183
3376
7322
9603
4434
5977
8324
8987
8773
6253
9623
2046
7591
5862
7851
9046
377
181
5539
1505
2368
8265
4136
8408
8001
9717
8019
6008
5708
859
5122
9321
6374
9706
9212
1896
6207
3391
1119
1062
250
9157
8203
1913
9472
6887
6366
7476
346
306
30
9477
5460
5099
1096
3656
5433
3892
567
5625
4314
8678
6918
4927
4317
29
9286
186
8072
6955
2390
6957
551
395
5540
432
9549
7505
6270
299
2459
9680
7674
4202
7619
7815
798
6356
8157
2467
7278
2507
3180
9629
2408
1601
5150
88
4886
9370
4866
5077
878
7318
3940
9606
8286
7927
7086
7364
476
1557
196
9906
7319
7127
2439
4355
6114
4685
379
1650
1416
9465
6731
9126
1351
8113
3014
2693
9028
4844
7592
1526
280
2014
8446
8696
4610
6095
8930
5668
3431
9763
3253
4402
8582
4943
7056
273
3145
7134
6511
2115
2221
6916
6681
3176
9515
1852
6657
1170
4981
3885
5094
5522
5478
6070
7005
2296
3987
1095
709
9301
7930
3805
7485
8614
2331
102
3019
4510
6146
2714
5016
9770
8853
3666
6921
3765
6223
1472
6680
2426
208
1548
7455
5632
8042
2188
344
639
8927
4119
2691
1608
3862
2247
9934
388
3521
175
4363
231
3785
8164
9036
4437
7382
8522
5324
1992
8423
9571
8473
1581
990
4155
1541
6716
3701
5436
367
2321
2183
7398
4906
199
5454
2362
3867
5812
9613
2525
7625
2224
4384
7252
8570
3748
4410
8065
8843
1882
6960
3802
4664
461
2129
9620
8139
198
7263
7091
6030
3297
5614
6857
5309
8611
8242
4215
9817
1695
3086
4145
7551
1752
3334
9144
8826
4925
2365
3422
1780
112
494
6482
3249
596
852
6844
9175
5739
7159
5280
1943
5044
2675
1230
3966
6200
7212
5796
82
5272
8995
3379
4720
2837
6135
3335
1268
612
6101
9474
5148
8597
8482
9851
1245
793
8308
2583
7643
9032
9987
1431
9209
9223
4580
9588
2613
8585
5615
5974
8862
9953
8223
6121
4239
9646
6456
7357
1042
4210
9893
9376
5468
1107
9420
5991
8920
971
7031
7391
3730
3013
6259
362
1753
5249
1086
7452
426
7342
1707
1482
5310
2229
1298
252
6286
2640
1721
9940
4187
3344
9567
4565
3513
310
9437
3223
7498
3408
3381
8038
2054
9231
3986
6075
2472
3527
7208
75
8728
2303
1572
4291
109
8521
5232
835
6348
3505
5497
8231
3179
2658
3669
5015
7376
190
7439
6673
8254
6642
3956
236
1592
9497
8820
2569
487
7956
672
2703
3994
7962
5448
3320
721
4006
9707
2006
8198
4874
7937
4471
5225
1876
5376
7870
4816
554
415
7843
6451
5445
6842
8391
9263
5494
3985
6297
6428
3632
2548
6646
1307
4920
6744
9418
5666
4865
9203
8716
2186
7456
3689
9248
3524
1398
1495
2132
9969
4097
3628
2836
5063
7783
359
4935
5535
6763
9174
7018
6794
8317
1450
133
5014
6220
3319
3221
4634
3079
9328
3776
8657
2273
6475
8858
400
6928
7131
1754
9239
2086
9795
902
969
8556
4217
4091
4748
4047
7837
5182
6133
9649
9284
6545
2470
6822
5024
5792
7
1517
7067
9419
3261
6923
234
7979
73
3636
9563
2318
9352
6590
5356
8445
4181
1237
89
334
2969
2444
9324
5785
53
9643
4932
347
3042
8709
3018
4654
3703
8564
8374
6413
8041
7743
7479
6347
725
2637
2460
8466
5579
7554
8586
2042
4666
6142
4109
521
2412
7178
904
4288
9720
8702
135
2210
2462
8918
9830
2512
8092
3356
7006
9572
515
3092
7224
1807
2251
1207
8520
2417
7656
892
7352
9093
9493
1262
4707
8675
4408
8733
8587
2465
152
9475
6879
5184
3475
9665
3757
2874
2190
2173
3222
7789
7660
2599
7029
3088
2268
1476
4563
7958
849
8654
4740
1181
8903
7264
5721
7413
9071
6424
3655
9008
2293
3161
4700
1439
8968
8677
130
7079
64
9107
9917
8017
9259
4551
3325
7090
2241
3516
7576
8868
7251
960
7852
9448
3205
354
4521
1999
1012
7599
3146
9257
702
3144
5821
1088
9063
8653
5384
2674
4009
2052
9740
9135
6071
5469
4261
3649
6436
5956
9067
2896
6578
3247
3712
3307
6633
7665
565
6483
864
9432
288
1955
6454
4287
3614
4013
3002
5678
8633
3238
4891
4497
5506
1691
8630
911
1858
3811
4520
7559
9288
8560
5353
1014
7712
528
3415
4696
4643
9091
6391
3791
5164
7682
2687
8687
4912
5286
1626
1064
9059
3456
8185
1549
2340
7332
9218
8739
4029
4596
837
4499
108
773
3723
9564
1368
3579
384
9454
9090
7766
7753
2079
6843
7416
8932
3302
996
6322
8742
2580
1383
5159
7166
2566
4655
5595
7883
1216
9731
4829
7499
943
9835
4457
2999
5331
4518
1279
5371
4150
5987
4361
8311
1760
8100
2833
6568
3414
1092
5031
7144
7032
6277
5675
8550
8049
8886
7371
6203
4940
7400
4794
5202
6994
8112
7268
3032
2494
2105
9311
2194
7994
6910
7185
5742
7934
4488
1496
7975
9698
372
4348
6370
3263
4474
9181
1091
1171
9411
9141
9191
7388
209
8344
9494
4830
3958
9274
6678
7490
4452
1529
1761
187
5695
4333
4084
1139
2455
508
6205
3020
5298
5213
4620
8510
4625
7583
7693
9294
1675
6668
9076
3239
2377
5496
5458
8552
3871
5532
8964
4175
333
814
1824
1810
9675
3049
1299
9339
589
7084
8486
5134
1853
9957
4584
9785
1656
8915
9492
5323
5757
5800
9690
2474
2588
1361
8061
6904
5946
6175
1966
934
8547
2586
4114
6213
813
6764
1490
5698
9258
2890
4857
7858
7103
1189
5643
8838
759
2201
7566
2774
127
8933
4414
7009
8744
6558
9874
1662
8352
2740
4074
5788
1067
2113
8854
6341
4393
7875
4612
322
8537
8059
3895
4157
5735
2077
7645
8196
320
2882
3333
3136
4990
5746
2284
1446
5207
9496
604
5607
5994
3700
1001
1564
272
9456
3618
4526
5439
4652
7240
4788
189
4641
6500
8495
4073
9716
2212
5037
2672
1977
9055
6742
4428
3998
9048
7015
2315
7237
2346
8051
776
2989
8271
6725
2156
6198
6867
4875
5088
7197
9293
8435
7771
1594
7126
1535
6325
2339
3469
4568
8840
8536
4614
8366
5303
4539
9039
8491
7248
3140
5584
8410
7853
7752
1248
6684
9409
3934
8008
131
5500
7097
6889
3101
2669
2523
5507
5945
7596
3735
2277
8848
8813
9463
4581
7738
8363
9700
6765
5325
1266
7324
2403
2610
6047
817
4426
3639
7584
6279
5342
6550
3023
809
4053
866
4896
1029
894
8300
4711
4603
7503
7765
3687
4218
8566
5940
4158
2367
7651
4427
1681
6893
5396
6166
1349
8401
9362
421
908
157
6364
8507
5644
7500
471
5526
9443
1022
7600
9775
7487
8588
1784
9642
9674
6261
45
1743
8981
3739
8116
1520
6384
5965
6647
1425
392
5907
7022
5299
8030
9445
2560
5561
7002
1498
9451
3508
360
9555
5278
5008
413
2689
2923
3745
9676
2514
6894
6877
2907
2978
8636
7340
2499
714
6076
8609
5531
9278
4674
1200
172
786
2620
8490
9262
6570
6137
3282
1610
1312
9970
9449
7184
808
6192
5177
242
4769
9357
3403
1607
3026
2719
7313
5574
1273
3784
4982
875
5949
2017
7062
5171
7036
5829
2214
660
3491
6808
4221
5546
7823
4998
7970
9529
7515
1247
4014
2881
9767
542
3769
2348
6379
3591
5438
5270
4433
9887
2015
3017
8282
110
5430
6536
7689
2665
9397
8246
7049
8608
6441
3371
2111
7868
7261
1382
5052
8501
8857
906
6068
8033
9084
2625
695
9115
40
4917
3827
1593
3544
2483
8011
3946
6518
9848
2963
410
2231
2025
4186
8811
8090
9806
8318
7396
2668
4448
3840
4026
5482
5357
2087
2276
5665
1453
4797
819
7162
7769
3554
5779
283
1868
905
2745
9085
5055
3476
7008
1732
7367
9035
4695
1654
3705
449
1185
1493
2818
941
5165
3392
3881
6242
5084
9930
3091
8638
2557
6564
5700
5399
3691
3706
956
1201
5563
6249
2834
2264
5982
2644
1844
7683
4470
3433
4475
5151
2363
3954
3676
118
830
5336
2128
887
9727
4242
2791
6007
1712
3692
222
1325
7053
6873
782
5440
2735
1562
5035
7799
7713
7128
5187
6736
9255
3904
2821
8327
7181
2391
6805
6427
5731
6257
7964
9534
6702
7555
1678
1433
9528
9850
3292
6493
4751
4052
4152
2831
1434
2122
1512
3836
7243
5498
2700
2899
7467
419
2597
5002
9952
8297
1415
9975
4684
4708
9193
2336
1097
1148
2421
6362
1150
6459
174
6543
9808
5319
2916
422
549
5978
454
5825
548
4887
7139
7925
7412
8015
1303
9484
4958
5814
6595
4523
2317
139
6088
4257
2020
8836
8079
1690
4880
5903
5777
6305
3914
6854
1793
8213
9782
1687
7399
9153
9189
3590
3004
5714
3858
2737
5898
3073
6562
5629
7911
3607
5920
4923
9387
5036
6294
1229
9687
9338
9173
9948
2671
1190
2757
5192
451
9594
9433
7917
5464
7642
940
1623
778
1027
8714
2921
8397
4307
5664
9827
6917
3624
5138
8548
9146
8031
669
6199
6954
4214
3675
1911
3833
6224
545
5944
7303
6480
9382
962
9281
2894
6129
1499
9890
5931
3943
7585
1302
5413
9557
156
9066
3663
2050
2634
324
2406
140
4813
4209
5416
5680
7736
9883
5816
4900
2980
2955
3509
3175
1217
5429
8371
9566
65
2760
3200
2038
6280
923
6069
7578
3478
9001
7719
8074
2667
9219
2084
3970
857
6508
8279
2013
4303
5606
6219
2409
7154
4415
5727
1622
253
7612
3001
8888
2680
2097
1111
9109
3575
6686
9455
3467
9188
4752
792
5676
6216
3109
8004
5970
3397
2423
8147
6504
485
8502
5889
8209
6038
7722
9012
1842
7226
9303
4479
394
1967
717
1129
1214
8414
8612
6435
6618
4888
1411
6094
4389
5911
9615
5652
3959
9297
7539
2345
338
6950
8462
1598
357
597
6608
2504
768
2699
371
5962
780
6196
2068
9359
6850
4913
4279
6031
7083
7246
662
7859
1625
4988
895
4872
1175
536
3847
4440
7545
8883
7113
4611
2144
6947
1256
7544
6409
2064
5404
2848
4311
5798
1633
8799
3326
1166
5751
6688
3443
2155
4646
5887
781
7194
5641
7636
3915
7395
2801
4733
9541
1020
4336
9725
4493
3514
3793
3945
8341
3114
5819
523
8943
4575
9408
6164
2812
7884
4973
2387
3171
2728
5406
9081
4208
2381
1819
1065
7216
4259
9618
4980
1543
9100
6465
28
6756
3950
927
8407
3816
1330
1363
9221
6044
4127
9101
3084
3321
6897
4848
5794
6865
1300
6784
6658
1224
6810
7692
8720
7684
1234
6125
7550
5029
9345
9110
1632
580
5446
5347
1457
6181
3051
4922
3332
1464
3446
7421
1397
7676
1132
633
8503
6317
4730
5883
1584
5067
4971
3499
8574
5352
5890
1010
4649
5542
7125
165
8395
2947
7899
9640
4126
3062
8670
8335
8902
1838
7834
2533
8517
2941
9954
7879
3304
331
7732
2685
3027
7334
420
5706
4789
7622
6986
5146
8595
1187
418
6232
4319
7481
5337
5891
2225
820
1996
3172
5145
3348
2134
4205
5419
9636
9560
3672
2794
1358
5722
8345
5564
6244
987
5311
9658
6074
668
8816
6532
3138
8016
2316
8922
2619
1426
9233
1165
6505
106
1620
4743
2491
4777
9920
9553
6781
7198
1776
6321
1808
6733
3395
741
9684
7151
8632
4182
8135
5592
4504
9034
54
8646
5917
4070
4300
3660
9558
9833
5103
6631
9412
8375
2796
7973
8275
6589
3141
6262
7010
6516
513
8447
8805
2553
8790
989
5808
9152
4556
8155
2088
257
2350
9943
6730
7833
5761
3487
8057
191
4585
2425
701
2928
7581
7598
1814
1856
2292
6492
1445
4820
8133
2053
8497
3525
8480
9000
4340
4423
2971
1154
1862
1879
7272
7730
3529
8084
6486
7900
4864
6973
6901
2877
7991
5581
2103
3540
4873
7763
8144
644
3196
3602
6425
4672
6943
1291
8096
2830
8207
5307
7658
7949
1271
6870
3290
5594
1828
9367
1462
4263
2334
6307
2153
1223
2290
3947
6745
9679
4327
8683
1710
4281
3679
3201
5157
3610
6383
4305
6938
5070
5194
3143
1723
7746
468
1
7007
3939
7630
4495
6783
25
740
8361
4430
4961
4996
4491
1881
7637
5039
8607
2802
2755
4321
374
4619
9243
1887
9921
5283
6466
2975
1103
8946
3115
5178
366
281
5320
9009
5738
4266
2981
4162
6138
401
1251
4394
7045
1778
4141
5147
4616
58
3715
3890
8458
593
1699
3316
9812
4657
8206
5947
6741
9097
5691
2592
5806
9728
4116
2036
96
6591
6373
5447
1728
269
7983
3853
6204
9051
994
7393
3876
3580
3573
9870
5321
9176
6263
8499
8798
6796
9381
8671
4250
3210
696
7489
9268
3619
1281
774
6412
9025
9745
4678
9910
4738
9302
1927
4903
2855
5300
9932
9318
5773
2769
9691
7662
2376
4057
7173
5686
6105
4246
1040
7569
247
8485
8044
11
2373
6676
6081
5158
3183
1466
9915
2527
6378
3387
6248
1060
8884
6882
9761
3717
424
6825
6799
8978
932
1404
4909
4947
6293
4970
9444
9030
8648
8066
1463
3918
1071
5317
8384
5401
2845
1706
7420
7406
3539
7742
1364
6793
9291
4374
9006
6663
3926
3597
7708
9177
6803
8923
9525
1848
7901
403
4540
1946
3250
5536
4149
2511
7561
2193
2181
9117
1990
1437
6346
3064
4185
651
8043
6431
4881
7768
6487
3351
5790
3423
1783
4629
8700
7770
4441
4879
5239
1866
4992
3130
3849
3981
9543
642
6414
3951
1880
9037
8293
6751
650
2972
654
4216
7977
7835
5019
9823
6268
926
7533
5534
6041
1169
8680
9478
7488
3764
5355
8273
5743
9179
7107
4206
7336
9849
3726
8136
4142
2386
1142
6295
2639
6991
3917
1452
9306
9871
7513
3457
2286
5999
1964
1400
3285
6058
2045
570
7623
7087
8898
2297
2717
4148
3511
1962
9299
8948
8220
3953
4200
999
6285
6974
4806
8268
6260
9309
2082
4413
3497
8523
9713
4093
4889
3727
8298
3471
4929
8762
8972
6834
4942
1342
9405
1736
7330
437
5484
3884
1406
278
6152
3653
3850
4397
6093
8909
4409
4212
4094
8294
1317
975
8641
9225
9264
4765
5764
2033
7179
1056
7764
237
2789
6875
5915
8400
734
7379
3338
2850
4315
2466
5409
7180
443
9829
1801
8405
2130
3364
417
4511
4276
5170
6953
8708
9372
9158
7675
6258
3071
3267
1770
6403
2651
1831
532
4071
435
6625
3167
9581
4050
6444
226
8963
4597
7494
1005
8590
2418
5976
685
8957
7667
9064
9473
9587
8210
3789
6022
9254
4658
8960
5269
5892
296
2982
4345
9667
3855
3813
8969
663
8227
5567
265
3993
5372
6528
4346
6981
8266
9912
3683
9712
2988
1805
4125
4477
2062
9113
618
8357
9612
6468
1043
5313
9702
6345
4885
1487
3817
7733
9810
4106
5744
5555
6467
3021
3606
9927
3050
3242
1455
6422
7327
7085
5124
9622
6524
1386
7387
2394
3293
8765
4727
6971
7120
2919
350
4541
2510
194
3442
5568
1458
7540
423
7905
6339
8730
7985
5694
6939
7640
715
14
4528
9414
3596
3090
266
8182
4569
7292
3828
4110
3188
2808
1016
7626
7280
2275
5836
9980
2258
4436
3902
4579
5553
1984
6692
918
2141
2395
4131
5983
4946
8866
8457
980
3708
4954
9019
7615
516
3280
5238
4910
7389
8215
6685
3662
6461
4936
6233
8509
335
4993
544
2902
2003
6506
4924
3913
4602
4161
9002
7064
7601
7807
4390
737
8167
8
608
3531
2590
5476
3121
2071
8606
9436
1646
5085
1711
6798
9228
259
870
4417
761
3306
9256
3080
9935
5870
1787
235
3372
2502
5921
7647
2295
9182
9374
4818
482
619
300
7098
5741
7004
1883
8754
9108
3449
6304
5326
4771
8058
5549
3942
2886
5716
3620
6919
6652
9424
8885
7966
585
8276
4691
2112
1198
707
2175
8221
2311
8022
3495
4778
4090
1789
5998
2242
5547
4552
6896
4382
4255
7960
1537
7070
1851
9561
1546
8250
4750
5261
3722
4272
4846
1861
4353
1057
8511
7169
7333
8662
8438
8202
860
9639
8187
246
7517
3112
5282
1403
5557
3077
4562
5718
6701
8020
4058
8545
9159
4168
472
85
3891
2401
7338
2657
6158
5149
8710
5768
581
2263
3178
228
3055
3083
2559
8465
6823
790
7932
3105
2535
6283
9518
3213
6577
8740
9385
8048
763
5966
7871
2018
9914
2452
3230
6470
218
2914
1817
722
1864
2489
4843
5113
4631
9355
3578
7043
9605
3911
1702
3040
9394
9692
3243
4331
1110
445
4337
7463
103
2541
9936
972
2643
9202
6809
9822
4323
8241
8847
1773
1741
823
9390
408
7266
5797
430
3195
9112
5318
9805
3322
1717
4559
3768
4165
8912
8307
184
436
271
6563
9060
4007
6634
7175
7133
7795
1748
9847
1184
7828
369
5684
8062
192
1246
720
3232
525
4260
211
6544
2747
489
2320
8291
6326
5163
5189
4044
5065
323
8108
8794
1429
8052
3418
1362
5565
3060
4203
8333
5631
3688
7729
8290
1648
8863
1475
491
3226
1052
7273
1652
5370
7411
6225
5621
6699
7586
9331
6651
7384
9253
1682
5191
9583
9373
4298
1679
9470
465
8792
1716
1750
8541
4129
2123
5928
7287
2852
5918
5910
9111
4038
77
9180
4418
1089
490
3999
3988
4277
1827
6001
938
627
4405
3820
6469
3259
7816
1143
2399
4613
8580
4020
9551
9855
7304
2222
4378
5648
4648
4459
6983
6388
3731
1072
9511
6189
9749
6776
5838
1877
6284
7519
7944
5969
1525
8573
2074
4598
277
8067
9962
9510
6522
6087
882
3782
365
7523
9701
1843
4724
2526
1781
5551
2763
7999
7990
52
8947
7034
3454
4005
8970
6674
4275
7946
6703
2793
2016
8725
5936
6289
6569
2993
168
1573
8367
5435
8991
6581
1669
4318
1855
8832
2344
2748
8425
1647
2333
8175
8094
1530
5341
2177
9960
2312
1297
9172
9295
2549
7593
5552
5061
3385
3630
6212
6049
2810
5236
9161
6432
9958
7819
5250
6274
8864
6942
3197
729
6349
8351
9608
7558
8647
4861
7495
5358
8122
7880
2744
4525
3523
758
3164
2454
9598
8852
6359
5685
3654
4926
6972
144
7183
2434
197
3648
6525
6389
3989
2232
5260
6208
3219
7530
4023
6490
2628
1739
898
1796
9232
3452
6632
3882
850
5512
9369
9714
675
2061
6327
6840
5627
2233
6472
5967
3053
4369
6835
9797
5198
1888
4741
3412
8076
4759
2094
3313
9635
5229
8699
2670
3150
2787
634
609
4642
7211
3626
2008
5169
2611
8237
5638
405
6495
3479
3576
1978
8769
5923
4950
3375
9378
3202
6291
9841
8867
2185
7229
7210
9710
6750
676
5291
7082
20
9199
8386
2002
1272
4320
6992
2958
7152
9401
9814
3125
6318
7247
9298
9859
8145
9844
2933
161
6371
6588
5851
7787
1795
3772
5026
4976
8244
5315
2550
1410
8233
7633
3240
4894
8882
1628
1587
2469
4273
1553
1767
2870
9386
6046
9938
572
1023
8169
3515
1958
2846
2271
5481
8895
4839
9229
326
4776
2269
6975
3864
3185
6167
9718
3490
2359
9227
2262
6078
5364
1257
76
3979
522
9226
3613
7244
5813
4228
7451
9270
1098
1355
2342
8925
6278
1004
1373
4028
7094
7150
6714
5953
3841
888
1069
2148
6215
3281
3868
8934
6900
5683
1276
2864
9853
2940
617
7074
4174
9972
2419
4941
8703
3347
1115
7035
8916
6241
9655
9584
5068
6186
9988
1402
8295
9688
917
8804
8878
2723
9154
3594
2149
4143
3031
9267
1973
8689
4204
6830
8287
2352
2956
8667
9102
5893
2732
8985
6449
2030
1340
4768
8069
4898
9461
1629
3832
4092
91
9548
7532
822
7317
968
9080
8216
4574
1704
1073
6501
2114
942
4817
8950
9651
9407
3076
46
8531
2482
2682
327
5253
4542
4482
501
6602
1726
2555
1688
7603
8951
2124
7638
7012
8893
5647
4939
2601
6812
1164
5490
4948
7669
1395
2840
4734
6311
488
3315
8190
3191
4732
7145
4840
2768
2765
4566
4919
5209
7639
4770
694
9224
3794
6395
2648
2089
9247
3236
6694
4068
5369
7472
9050
6021
4546
848
5215
7840
3045
4067
8347
3837
2121
4969
7408
3445
9708
5840
2329
8489
9839
3778
9326
2584
9787
9423
5605
9279
8396
6231
9290
8674
478
9361
7176
4689
8905
4710
2476
2695
1050
7355
4087
3944
7121
411
6833
4755
3406
4198
7841
1645
5301
7998
285
939
8257
6025
6513
7876
6767
9831
8326
7167
5114
2898
3366
6473
6670
1051
3224
4224
3103
3303
637
8334
1264
2756
2942
2278
9077
503
8025
6085
666
8319
289
5602
9343
4173
9213
1465
1240
9053
9368
9653
223
8023
8127
751
4847
3865
2118
6653
3075
3126
7627
6601
4916
4534
9537
6792
1874
4975
1907
9857
2990
5361
6136
7445
8141
6914
8232
6769
574
6481
6878
274
3096
4237
8454
736
4385
2078
5418
7941
907
4635
1747
2690
4785
9875
6051
1449
7373
3533
1348
3906
7634
8054
9863
7459
6140
1345
5754
2490
2341
3207
450
4667
1635
965
6303
6826
5271
2083
5115
1267
1274
7260
1769
8778
7502
1055
6818
8353
9491
6484
4380
4758
605
4808
8642
4702
9900
2364
4048
4965
8212
9604
1917
1758
7706
1341
6210
3337
7618
959
3400
9320
3199
6542
5831
1597
3460
1112
2096
7862
2710
1292
8053
6709
5948
4444
5711
8831
7377
7220
3725
10
3166
230
9481
3116
8635
8553
7577
2912
9022
1380
1471
3272
3634
4041
6306
6222
6247
6202
2985
2554
5872
6757
1788
2199
3693
7427
1222
708
1149
5523
8904
1516
8125
6637
4908
9013
8973
2822
5659
9482
5656
3830
5475
7529
3159
9251
6149
970
1489
3975
153
7306
1277
552
2498
2066
7926
8682
4391
8496
2962
4712
4688
1640
1683
5934
7394
863
23
671
5495
2266
5913
8412
6005
2388
2649
4213
4231
7608
5109
2600
5190
9075
3598
7480
4170
7572
6065
9305
3588
9147
6572
9506
2797
7078
6084
2785
2486
4045
8081
680
3831
9652
6159
1566
9026
3670
6420
3894
463
5360
4395
9014
9074
9780
9939
6782
6628
6446
9771
5734
6831
4853
2851
3569
1837
8613
3089
27
2656
8549
641
1370
5344
6645
8476
1576
2131
716
6236
180
1873
6788
3755
5247
4476
3517
1486
1809
8896
8443
2595
4113
9595
44
147
4876
3702
3274
262
912
6561
930
5705
8277
3215
8572
8906
2572
4328
7845
8111
2081
7354
6682
4557
2908
342
2092
7514
7213
2606
239
2984
123
2433
2104
8222
843
5963
8759
9238
3819
8417
1785
3978
4933
5556
629
5509
4293
3331
3461
3035
2495
6368
6797
5559
6539
2322
5771
3879
5843
3295
6387
4065
5462
2813
7073
3234
215
1161
4914
7341
2244
6592
9421
7232
2998
9955
8329
571
8261
9868
1356
6871
8672
2301
6338
249
5752
9568
5939
1470
444
2279
5059
5097
961
5912
1901
5610
5737
363
122
5058
550
1937
3678
7721
655
955
1916
744
5208
1049
7534
816
6099
7931
2446
1624
6194
979
5367
6127
9801
6082
5196
2168
4803
9834
8477
2182
3800
6111
1659
5053
8540
8255
132
4673
8939
6930
3377
8652
7776
7866
7980
8470
1359
594
4490
5590
7957
6815
7089
4501
5028
1545
1338
9986
6650
7774
7989
6956
5688
2010
2468
3754
3565
1346
9134
9828
8796
7214
9656
2047
5550
3061
7390
6
2932
8047
8109
825
216
9585
6772
9054
8124
9540
2661
3038
838
7725
3149
8103
3170
4334
1456
9446
9694
9130
9726
4537
8461
9832
7780
9402
3352
7493
9820
4904
3872
9186
8846
6615
8681
5345
9106
858
4930
8077
7316
1367
7283
4590
6440
5868
5091
7358
9531
2892
5005
7589
467
9666
4051
7407
6892
9483
9020
1360
8086
3842
7620
5346
34
4517
3982
2762
1045
2217
2931
7239
6163
6959
2815
6376
2375
325
4669
9637
5651
243
1208
1485
9793
1641
7907
6337
5305
8643
6627
7474
7978
5582
1238
71
2041
3699
7921
9312
6662
1033
4243
6109
9628
7236
4105
4825
2795
3587
2623
8191
7794
1423
3107
433
2551
3405
2093
9790
6028
586
7745
4025
9488
3753
6598
5420
1126
8403
9383
90
8156
3991
8783
2775
9261
3829
5775
7538
3997
3696
3512
8095
7163
5395
7339
6988
4144
3806
3246
7063
3570
8148
8444
5276
5541
7614
6977
1686
3493
3960
1766
9416
3640
9183
2883
9431
3536
4589
6092
3029
1079
7023
2281
4577
8252
5267
2147
4411
2501
210
7484
1424
8483
5174
1569
1083
2954
3685
6968
6113
6672
9403
8627
5835
867
9201
255
4804
8230
5079
3846
136
7172
657
5398
8178
7249
3990
5995
8393
6375
6980
6989
3740
3485
496
4102
7077
945
5791
7661
9638
9300
5704
2237
1921
3883
7898
4532
6269
159
2953
2289
5338
1075
8879
804
4280
3933
2230
925
7556
2437
2676
3585
9539
5245
8283
8691
8962
2786
2108
2145
2280
9344
5057
9997
4167
4486
8676
2192
7160
4286
7710
9245
3621
2843
582
869
6400
5958
254
7996
4647
2814
7253
298
8679
3429
1003
3877
1944
1108
7256
121
5837
1077
6621
9660
6329
6239
976
6442
9220
7423
7130
3336
149
5922
6926
3869
7225
6462
9016
6410
8621
480
5302
1328
4241
2304
1696
3611
2330
1335
4952
268
8812
6531
5101
682
16
4064
5141
9208
8914
1638
742
4683
164
3393
9836
4078
2867
2803
9908
1854
9846
8996
4496
8383
9467
2937
8427
647
9498
72
6455
630
8911
7595
1676
460
8856
9984
4460
5933
381
1146
7527
5859
6911
6437
1080
1155
5332
1372
3503
6153
4095
7076
5657
7688
3494
1374
5839
6086
8901
9773
9577
510
9185
5499
3270
7477
1570
997
4799
4112
7829
1479
4737
789
2681
2477
8891
355
9119
1949
4749
7535
6357
120
8533
8924
7705
8997
5102
2730
8459
8245
9384
9617
8834
1631
9753
5197
3382
6791
2282
4842
9275
6172
5459
2427
7281
7541
2080
1897
6401
1141
3732
3608
8315
607
2043
1503
2663
4686
9307
6062
9824
8362
1518
1920
8070
2451
2327
1350
2520
2807
4196
9104
1998
1147
9165
3592
1930
9872
5417
7429
7854
6491
4412
5877
4513
1993
414
5604
6209
5284
2484
5453
7026
7779
558
8469
4251
7241
4248
4811
4543
9929
4225
5687
5175
9516
397
5959
3132
1960
6996
5107
2758
2598
2069
7020
42
9462
2579
8844
8494
543
1898
3488
3078
2162
4735
429
8571
5295
1405
9018
8926
8280
2875
8278
1912
7048
7510
6660
1666
2929
9428
5935
3184
5086
8471
5571
4713
9062
8055
6320
3507
6040
4079
8782
1580
7959
9304
7613
3721
794
3204
7671
7039
7141
8099
886
5064
4731
1219
2911
1757
4383
5316
4019
4247
1028
8567
9332
620
5492
3931
6925
7478
1460
3977
2493
3984
5444
6150
7809
3762
7095
704
9898
762
705
183
341
9547
576
7014
9277
5240
6858
9554
3345
936
162
2299
2938
2576
5388
3123
4449
3093
9535
9901
896
1744
7165
8229
2627
1428
1288
313
8828
5511
3416
3818
337
7579
1286
6944
5428
2220
5474
2879
3373
9210
3110
2184
2917
5690
8146
7501
311
4483
2524
3744
5143
648
5756
3410
31
4425
632
6907
6795
6640
8959
1227
8217
188
1878
9657
3545
9360
3237
3775
3874
1178
8823
2205
3668
2827
1727
1159
8205
2594
7857
6185
4519
1823
1561
1314
6066
4583
2471
6964
8936
4931
8448
8199
294
3341
1087
5365
8451
9735
8226
6052
7093
3102
6612
5254
2578
5591
9634
9140
7889
3327
9103
1714
7860
425
6669
7425
3584
9170
2573
1318
9783
7052
4723
3006
8620
4082
8976
2575
315
4016
8063
9195
7401
1755
6863
5463
5172
8337
9058
533
4544
6026
9205
7773
5452
8075
590
3034
1653
5724
5041
3309
2556
6512
7756
6122
3681
1575
1954
9945
5925
3308
622
1233
3658
4772
4719
9772
5381
6179
6849
6392
6287
9222
5042
9371
6664
5441
7040
8704
811
4352
6616
8292
5040
4676
6718
8181
6705
1768
6523
8974
9041
4827
4304
8132
1210
2436
8583
2430
4895
5637
4104
8303
2754
1436
7936
6517
113
2099
8508
8007
475
1034
1015
9096
6948
6883
6510
3024
1923
5805
8404
9681
5033
1144
621
890
7060
3907
6251
4003
7604
5407
5136
3070
7013
6649
2888
7321
8734
5227
7740
4591
3380
4687
2992
2698
1177
8557
2219
964
4432
8475
5517
8312
1740
9453
6976
9216
6626
8274
3612
6827
8452
5899
4699
74
1442
872
9897
5200
6012
7696
1988
9685
7984
658
1235
537
1731
7902
4617
3880
6335
6312
160
368
7124
6859
2133
7279
4359
9375
8664
6417
9427
3480
7617
7968
4294
8101
3154
9648
7818
1965
9907
202
6271
406
5117
1886
2
2715
6820
5828
8780
4103
5635
7939
3349
5224
7202
1909
812
5153
8441
847
1078
4403
4997
7588
9756
8944
9526
2534
595
8955
5485
5472
7827
3177
4422
6238
125
4822
3104
9843
2824
6266
8982
4240
7610
5979
2270
7573
677
402
2356
6966
4653
9573
9395
6643
7506
2826
6358
9711
5257
760
514
2645
2063
4000
6979
6749
3244
307
6541
7228
3268
7895
7650
3155
3510
4030
5465
4608
5544
752
8184
6098
6691
8270
7680
1668
5658
8267
5919
4991
6457
5583
5538
984
2272
7403
6240
6336
8818
1604
2842
4779
2256
2485
1560
7701
4429
5646
343
5312
3835
8188
6555
179
4618
1123
6369
3157
339
3135
1891
5774
8663
5047
447
1506
9116
7512
3137
4253
7903
6434
6832
6314
4622
919
115
8354
7691
8349
258
2319
1775
724
8118
9774
7047
3127
5715
4122
3047
6743
7129
3912
2287
6503
986
8839
2713
5763
9886
5766
6117
5266
7777
4244
8129
2558
5051
7346
2414
1792
2450
3964
9892
6924
9779
9289
4492
7217
5131
2051
5849
332
9996
9342
5618
6712
6077
806
4786
8989
6141
6197
9347
4008
5841
3139
399
1779
5415
5508
4500
1832
8624
7909
8402
2725
2366
4833
7409
492
3797
3780
9916
2326
5308
9458
2398
3046
3426
5457
4637
9683
5219
5725
8421
1017
5076
745
9438
6557
7967
7602
1791
2481
6711
5748
6951
5682
2746
9399
8715
9601
5130
9413
9891
5726
3710
876
7055
3995
4571
8251
3481
5780
3566
692
1310
7028
7271
41
5960
6464
2996
2475
3908
2844
9308
6234
6350
4870
7381
9693
8977
1287
3402
4512
349
921
3893
7832
3807
3927
4478
7153
8835
5069
12
5397
6804
3572
4805
2139
9068
1048
9579
5105
1376
3360
1220
5830
9703
2449
2835
8747
3301
9866
5467
4455
9514
4877
1772
4756
1041
4312
3843
3887
2563
2537
5322
8750
6728
8615
2072
473
518
260
4199
8488
3542
8771
3037
5596
7648
1892
9631
319
3935
4698
5753
8388
3108
9447
1106
7891
8616
723
8935
4800
4190
8211
5636
8481
7038
456
1618
43
3358
3781
2632
8887
9976
691
7257
6566
2906
5393
5770
7374
1800
3845
8236
7016
8071
9266
1422
9983
3448
4754
7735
8224
6587
4252
1278
5846
1063
3233
4118
5387
8305
6654
6415
2456
5228
4124
8568
8830
1504
9670
4446
7686
9796
8500
4310
9276
4999
506
4406
1531
9709
6332
7518
2857
4387
5866
1145
1734
5804
4235
4404
5894
8142
8176
3311
6846
6888
233
6779
8428
2935
2957
9807
5985
3863
3909
2866
6352
4849
407
474
5989
4364
4791
6552
5386
3844
1933
6659
1379
2215
6201
176
5173
8381
2539
5736
2227
2142
8158
9545
3671
937
2839
9896
2060
2291
3330
8120
3522
3225
3674
5156
1357
5896
6323
5012
3657
5719
6182
8325
8088
8102
1160
5003
7718
5524
6717
700
9200
6053
1742
1253
8045
6641
7867
9918
2828
4396
4011
6043
1085
8328
2930
785
8565
1327
6520
635
5104
1903
2065
9522
8430
1491
5243
1588
4545
2005
4274
4290
6032
251
4968
6507
3638
1061
3028
3483
301
3359
1987
6898
5515
5129
1550
6700
7466
7297
4357
2587
9356
3647
5118
2505
6961
628
8673
3296
4801
9856
3838
2424
7262
6639
6290
8036
988
7943
3148
2705
4744
1938
5693
8713
5473
6638
4505
3873
9125
9520
4680
7351
2140
4716
3198
6586
8822
8855
5279
2024
5762
9757
2593
2200
3736
5781
764
2752
7305
7919
9317
5671
777
5834
8165
7003
3974
7101
4332
5639
1261
1660
2966
8817
4229
3749
1239
3003
4039
4232
4398
981
756
6067
6548
1226
1118
3192
2253
9138
6814
4135
2338
7147
6535
2397
7808
7657
4860
7290
9654
7580
8426
4358
9699
2028
7361
4480
1468
9778
5537
5294
3571
2865
3777
8105
3354
8204
7323
6019
9755
8966
7417
8779
7483
8330
1511
6934
5527
5046
1113
8660
4934
2708
8439
5001
7496
7368
9192
7397
7594
4292
4828
4905
7482
3713
9632
9574
9840
7847
1076
5713
7536
1595
1435
1011
3555
9230
6576
3896
7200
7235
7813
38
2893
67
1839
2862
6546
9880
5087
8745
9792
2150
8385
1035
711
916
731
19
9265
6824
5493
767
9599
6423
3466
7254
3750
1872
6761
6002
2764
9042
9145
4072
5864
3861
1774
8450
9363
4278
7702
8027
1326
3564
8953
9864
6551
4567
9129
2858
5139
4096
4267
5277
2238
4815
6737
6967
2880
6880
2939
5950
4188
1583
1236
8907
5789
8464
9272
7365
2609
1997
3160
97
7385
2743
4594
245
8376
6828
8626
3932
7881
5203
8342
4343
7426
9538
9092
201
59
3436
8623
7307
2255
6636
8767
3365
2067
626
726
5874
8900
7227
507
4061
9559
4086
1850
3162
5634
4154
9546
1168
3235
6243
6353
9695
8605
7697
3486
6502
8024
9057
5728
7415
5888
9794
9624
7215
9127
3173
9905
1980
6169
2106
2252
5022
3937
5772
591
361
1124
5144
4062
3905
7820
9033
2515
5997
470
3218
4262
4531
8339
6869
6300
169
292
9982
5289
1863
5479
4783
8952
6623
5795
1847
2167
684
7654
6821
3851
7230
9821
9194
645
7378
1289
1193
3264
3357
1663
6965
5856
2920
6732
5577
1347
7723
9366
947
7690
1925
3808
874
7046
3684
9457
1910
9004
8289
2137
5201
2591
5937
3455
32
5470
4547
5880
4728
7635
1664
4456
6770
1283
9330
6556
4309
9626
5679
6010
2618
602
4207
9047
2261
7441
8837
7694
3629
9609
1354
524
5611
7793
5032
1353
8795
815
8269
9442
3269
9045
1044
1206
6771
7104
6131
6331
8256
8763
6235
4285
458
8160
3922
9143
9993
1137
2724
8775
8697
509
2949
7193
276
2513
9160
8399
9971
2540
6537
4587
185
4533
8724
880
2861
1467
7191
3506
9625
4956
9235
7293
8050
7560
4445
9237
2385
697
4365
4560
1705
204
4775
7473
4782
4606
8170
4856
2961
2712
678
13
3496
2218
1099
7790
6393
3390
9459
3814
6054
3310
3011
6450
5127
9999
6644
2647
9766
6565
6355
142
5242
1401
8504
7434
6661
6170
5275
8634
291
9389
9507
538
7115
6861
9083
6817
5304
2546
2739
4233
8248
4679
9070
5383
5206
9881
4085
769
7190
7457
2614
5375
1555
9696
1002
9124
868
9137
3583
4595
575
4372
5281
7982
1613
7922
8690
2384
1915
966
4498
3972
6057
519
7726
2885
9977
8514
4921
1114
2960
8416
6945
3271
7652
5132
1857
613
6920
9024
4123
1481
6072
8126
4034
4694
1621
1319
9919
9
7269
8238
9021
3262
7119
7448
3595
9904
2562
154
5854
1818
9758
4764
3822
8942
9410
851
3420
1919
6841
796
7245
4100
4033
86
8842
9512
9858
5560
6573
4911
1306
8841
8208
7672
5820
3294
3133
4928
8644
2782
885
9404
600
6677
8356
1684
8692
2869
7755
8073
2095
6617
9776
3169
5916
5220
7289
951
6787
9589
7963
5620
7873
3440
9114
4762
9663
7345
8505
7582
6168
9533
9578
2778
842
5855
3560
2536
4665
1191
6774
7734
8800
1105
2152
3690
8201
9950
3404
8029
8551
7836
9517
5720
1671
105
8406
1241
1438
2480
3147
119
1094
5701
7564
7188
8631
8093
7727
7888
2721
2841
1908
9168
3787
2090
948
8784
9764
6217
2172
7157
7295
3957
8910
9350
8433
5188
5510
5881
1948
8760
4481
7805
2788
1952
7061
8313
4508
555
145
1931
7699
3952
5362
6985
1670
4984
9845
4002
9733
2098
6597
4535
1432
5926
9894
8411
7826
1025
995
3857
5895
7811
1427
1269
6344
7761
9364
1000
5235
6579
3383
1221
7757
2819
1922
1500
5799
2887
2683
616
3788
206
9490
7470
599
807
2170
9169
2545
7218
6155
2298
5902
8114
8172
3430
8060
2602
5427
3500
2995
855
913
3428
7114
2629
3825
9751
5296
6708
7525
2506
6264
2442
1024
1865
2196
8870
1596
6613
5633
9803
2701
9734
9149
5350
1121
9990
2733
9038
7363
1765
5045
297
6161
2622
462
6039
1101
1258
2378
3543
7219
7068
2323
221
7450
2187
7170
7631
2603
779
1116
1513
2314
4774
5288
8382
5617
3661
1156
6630
6993
877
8431
7075
4339
6386
598
1812
8803
3734
217
2904
1558
2012
9989
9502
2325
4296
4516
7810
4338
2777
385
958
7431
2571
7267
7904
1578
3417
9148
5093
2781
3774
2621
9425
2283
8880
8980
5025
5853
1128
5616
6704
4838
6534
2860
9354
8869
8194
2731
8240
4027
7677
2032
3799
6856
4388
6554
9600
6398
7286
4354
7751
51
1764
4858
5241
6477
5349
2664
464
4435
6178
7404
4506
2530
205
9460
3534
2517
8986
6762
5776
9967
6860
2307
9217
3342
743
2991
713
9697
1375
4179
7986
4503
6885
3437
6801
1157
1204
5505
1509
728
9341
8619
8618
4115
6367
3066
8474
8506
511
5879
3095
8014
61
6874
8908
6802
5339
220
7337
1447
2847
2759
2048
4349
2213
9242
3582
6382
6139
4442
2203
2538
158
4350
841
4826
502
2617
6958
5554
4268
899
5957
4644
6903
9838
4421
8746
1484
946
7050
493
664
6998
358
1343
686
5443
6538
5199
8872
4222
6759
6330
6429
7021
6697
8603
7928
3664
526
9501
9040
9044
8988
6813
8809
9576
8929
321
2697
4592
4851
6165
7458
3520
9819
5162
693
5513
2750
1420
9922
5758
6036
1176
9804
4660
5990
1036
8851
2246
4308
5018
1209
2567
398
9799
441
2487
4012
7711
7754
977
5075
213
203
8442
2164
5402
5106
5329
4282
5340
7869
5519
7370
7422
784
9614
375
1280
6174
4245
8260
7081
2509
9464
6937
9878
2432
5622
386
4439
6148
7353
4163
2306
148
681
8890
3589
8373
8979
9207
6048
6027
7221
8310
1294
7668
6144
2202
3209
8032
2817
9396
4183
1947
8617
1194
8173
9319
836
665
2076
5287
9336
8154
5011
1926
5373
3283
2415
1643
578
7437
6902
1703
3312
5992
8098
6758
9133
2805
314
8087
7864
8360
232
3254
920
747
805
6494
4347
6526
7447
9586
831
4130
7207
2206
1421
2652
5378
2974
1637
6489
579
455
6343
8639
6707
839
4659
4176
5901
2926
2720
6272
9937
6009
1334
5593
5845
8068
2300
1378
5533
5809
4473
5237
853
9377
1719
8871
8698
1884
8659
9995
1019
2243
8228
8956
7366
5518
5709
4987
5071
7231
770
469
3983
1906
6755
1639
1969
1928
5412
1994
3252
3695
7195
689
6582
4515
3631
9043
1600
9998
3087
9315
1007
6720
6629
8967
3704
9985
1339
3854
279
5818
9942
3063
8789
3228
2420
8578
3546
2410
4326
6620
8534
8897
2435
6029
9860
2353
2924
7822
2596
4600
2085
787
2337
5516
8380
6134
24
412
3519
4465
4960
78
8028
6035
8711
6768
2741
6124
541
3798
6089
8873
2445
2997
3378
7856
3067
8723
7605
1577
9673
1391
2371
7849
1008
1324
2324
9087
4675
8392
1904
1523
8757
1661
393
2853
7872
7310
3773
2250
7890
2257
6724
7953
340
6267
4464
6227
4767
2950
4219
7621
6160
2380
6250
2654
9556
170
982
7687
4809
5414
7011
7664
562
3518
8975
9959
452
5449
631
8768
3965
5674
8284
9398
256
7436
8940
9978
9736
396
5089
2863
7914
5487
5246
1811
5471
9504
4192
8152
6096
5152
1590
2872
844
4301
7187
6405
3738
4227
4132
4467
5528
8296
356
8865
6845
1945
3707
5186
5827
4878
8705
983
2936
3605
2354
1212
3758
389
1559
7587
6635
8009
6838
649
2393
5787
9073
2438
6800
706
6777
4792
8264
8766
2624
9487
4101
442
5601
7788
6011
1059
316
2727
178
4139
6868
8806
6296
4443
1820
8104
8649
5263
3866
4060
1630
5769
6059
4054
3553
5366
167
8355
3870
7961
6498
3498
547
3980
2706
3767
9099
2679
6927
2176
1846
6050
376
7155
4837
6521
2447
6354
4761
4081
4836
7285
4171
653
9466
9724
4344
3459
891
611
2696
4670
2166
1698
4725
9015
4868
699
9393
9031
7138
9762
2770
2411
2361
5786
404
8684
1875
8078
3577
284
670
5972
1389
3761
2178
9005
8937
4726
238
3771
6282
9536
7830
944
2288
7906
4069
3193
9580
2878
7704
1563
4972
7288
2711
1282
9380
9260
1390
6000
978
7328
2832
6402
8741
1694
4166
3603
9010
9721
7714
1135
1497
6560
2431
7460
1313
3439
8761
6665
9508
7781
3097
3574
2126
6100
7844
6479
553
2521
5080
5214
3168
5778
2607
8056
3231
5572
801
2677
2440
5871
5543
4962
5226
8338
6585
8528
7192
6091
6696
4379
1332
8000
606
2838
2766
9197
7265
8171
6866
9677
534
5021
2734
6191
8961
69
7861
856
9668
5231
9854
7196
4862
2009
3464
9903
3374
7549
5655
6460
5437
7041
6308
5661
3039
4790
2004
9616
5392
2351
2577
5558
6806
6228
6177
5642
3275
9966
9118
9925
3033
6752
6912
7449
3444
6033
9973
6547
497
6746
4502
826
4766
1152
8498
1579
2959
5183
3477
4249
5649
7739
7238
1293
2160
5382
2157
5600
7562
1295
1941
1070
1574
370
4184
8168
5180
7908
2792
2249
8786
3673
3616
7301
7929
6313
8532
6773
3650
8824
1054
4706
4189
5155
9007
5878
1488
39
9434
5504
8732
17
9150
963
2422
7976
5335
7343
9621
8040
3314
6982
3451
517
5548
5807
6123
9136
8748
4650
7037
2659
2240
2165
2783
840
95
4918
6090
2022
698
1522
566
3900
1117
1231
2547
4302
6061
1951
7017
1627
7760
2019
6360
9784
94
4399
8875
6515
592
7531
3165
4524
3963
26
5096
286
1259
6656
6377
9964
5116
2458
928
2529
903
7356
3036
3792
7717
1905
2189
656
8965
4884
4450
6014
4757
4509
2522
9739
9544
3729
7992
6847
7758
3434
2604
7731
6881
5986
7071
7772
1737
821
9542
5749
9503
6962
8189
4140
2854
1474
5900
4986
9122
4178
1130
9082
383
4796
7148
5984
520
5613
7142
5450
5343
2702
7762
7948
3462
5677
8422
8558
8753
4636
7106
9422
5971
6605
2382
6265
8219
2722
5422
4151
9123
6396
2021
2964
7453
5456
3910
2091
1586
1822
7410
87
1749
63
2503
2694
8037
4632
8736
5670
163
8931
6171
2372
5327
535
2073
6735
7375
7302
1869
1125
4137
603
9164
7775
9476
3300
9296
8379
6899
8003
3329
9329
9705
8581
4704
5876
8686
9570
1899
446
3386
2519
1685
6689
5952
5020
6693
9132
9630
3072
6984
4120
9215
1961
4812
3260
7440
428
6187
4015
4172
8472
7320
3538
6106
7277
5210
5628
2790
3082
7797
6463
8833
6478
1249
8776
3441
4077
5204
3667
829
2581
4819
530
1514
9744
6108
6933
1840
9056
9981
2900
9750
8594
6102
263
1182
9439
6509
1396
3839
9095
1377
8788
5123
8467
8602
879
1729
9440
5793
9120
9659
5066
290
2309
4957
5850
8516
129
9741
2716
7033
7850
8801
6666
6292
2718
2952
9313
2967
4693
3474
4963
9768
4609
738
9131
5873
5640
3875
5351
36
8304
9500
1120
6156
6406
7916
1136
9388
9178
6594
3287
6237
1006
2461
483
5442
5126
8593
6575
8850
7349
3398
1196
9052
3432
1745
1393
6453
8721
8584
3
500
871
2100
3810
2582
8174
7784
3779
117
1935
5234
8336
4049
2407
2653
8807
143
1914
5168
35
9641
3438
810
3823
2216
753
8429
9965
6188
2044
7715
3643
4453
3878
4375
8599
8737
5823
8513
8575
5740
7276
9737
4160
9198
4640
4098
7143
7940
8668
8791
2374
2518
2313
3187
9889
1385
3007
3627
7912
7924
8881
2058
5587
766
7629
5833
7443
8166
4601
3190
6334
6083
5006
6698
9406
6540
4854
7653
7030
9121
865
4021
881
2779
4368
9650
5586
527
2492
2816
5038
795
6394
6404
8359
1932
4146
4964
7435
8259
5166
9678
5802
1615
3217
1616
625
9155
1412
8661
248
3286
9869
909
4371
2049
7497
6221
318
7309
2809
328
9818
788
7568
4507
8994
7438
312
9351
5503
1936
9884
5626
8320
282
683
7965
225
6611
5712
8819
7543
3897
7110
8610
6604
8719
673
195
1845
9926
18
3711
50
4974
116
949
7315
6603
9956
2976
8666
2633
7885
15
3220
6485
5597
8543
5062
3206
1058
308
7548
7915
5815
2987
5501
3424
1644
47
9743
495
5410
4487
8656
9392
7105
8600
5211
8752
5248
5624
1409
1539
3697
4254
797
4056
4607
1701
7520
9923
3567
6584
1127
4859
7716
9941
4949
8829
8539
2650
4746
7234
7806
9747
8272
7209
4468
1309
4042
9452
563
4901
3938
8463
9098
2357
4572
9671
4604
1322
3752
5363
3120
3229
8200
1122
8309
9078
8218
9813
2040
5619
2358
950
1510
3186
7464
7516
1651
4469
5391
5914
6474
9061
6530
9430
427
6255
718
3559
4621
5423
9876
6583
477
9882
1871
3537
9340
4798
4111
8921
6107
2660
9888
3637
6298
9196
614
1440
6361
2686
8693
2228
2305
2856
5043
9417
1501
8735
6600
7475
4489
7824
4897
7557
3968
6706
5434
1860
3803
3742
861
3022
5580
8640
8343
8258
1829
6940
1053
1836
953
486
2207
6574
1352
4780
9349
2159
4938
4330
6246
5223
3065
8990
9786
5993
6419
5483
5598
8301
146
4850
8604
3194
2678
7024
68
2903
9825
1388
5759
8197
3556
5961
2544
897
7952
48
5092
7424
6785
5863
416
4133
6607
5112
5955
1552
434
1551
7950
9250
2631
9788
7842
7616
9669
7116
9974
8731
2332
1636
2751
1167
1131
6739
8554
3790
7360
3962
4599
5767
373
7987
2154
2564
2245
4863
100
1799
8302
8478
6045
1542
3809
8877
4623
2528
735
6079
4362
3482
5589
2223
6760
3030
5030
9415
4985
2934
4959
1889
1689
7728
6372
6671
7644
3174
2873
4376
2773
3425
5545
1252
2057
2574
690
985
1642
3367
7803
2946
83
1296
1591
9086
8002
4915
8815
3535
7284
3824
6309
6443
1724
505
166
6932
8655
6183
3601
4529
3694
800
1798
6614
193
4313
2428
1284
7468
3106
5588
755
6862
7679
5703
2666
7000
828
1602
6855
9471
2349
438
3407
2294
4852
952
5608
3129
2561
2761
93
584
8378
8119
8130
4230
3617
1658
3504
2405
5673
4823
5575
6895
3961
1333
3901
7135
3651
9662
2811
6610
4036
775
2102
1172
9873
6143
7255
7546
3737
8777
8262
3801
1419
466
3502
3852
302
5154
8413
4454
6145
6619
6063
7492
4671
1972
3484
504
8358
7567
7189
4677
5359
6351
2497
873
4381
3489
6667
2909
834
6729
6527
4270
4753
6876
9273
6864
3068
5048
6987
1986
3277
1655
5904
1794
5390
4447
1153
2125
7326
6328
1369
5699
7282
7402
8802
6624
107
1544
4714
2116
6438
7507
845
4605
7955
7294
6891
8749
4937
7080
270
9738
7887
5760
5252
529
6056
6599
6690
8941
345
4197
9742
4784
4564
1009
7641
1790
9562
7491
9949
9480
5403
4549
6549
2630
1959
1733
6206
7673
6023
2011
3659
5274
7575
5885
1037
5906
8561
8456
3009
5924
5520
4742
3241
7910
5801
7392
5857
7796
3967
4147
3541
7099
182
5667
9645
2508
7102
9079
4718
5264
6734
7072
2849
3323
2117
9429
712
2915
6908
4977
8524
1617
4022
1138
141
8576
5941
5817
1090
7812
9961
4527
5603
3465
8998
5973
9524
4117
2945
3924
3728
3756
4108
8751
6514
8526
6301
1038
9190
1859
5623
4269
8468
4821
7624
5451
8106
577
2662
9128
5185
6411
3889
3284
6766
9946
931
2343
1255
9162
8390
7707
8542
5328
4466
8107
5811
4630
2973
6533
128
1195
5119
8183
8460
1674
3005
8331
636
1974
9569
3936
2913
1825
3113
3720
7042
4080
4386
7954
7814
6723
6381
771
8645
4138
4739
9597
6780
8225
2101
7223
5400
4220
512
2726
8688
9754
6080
4561
5408
7995
4681
2986
4536
7051
539
4845
9991
6229
3530
2007
3760
8322
7537
7724
7122
3291
3008
8162
5142
7552
9532
3153
7632
479
5733
2646
832
6722
5000
9204
3719
9252
4951
5377
772
4193
6593
1218
267
2532
8153
8650
2889
2056
4265
2568
9867
5432
3599
4871
6064
7759
9928
1013
9435
9909
8559
8321
2369
2542
703
6580
8535
5730
9271
3821
6042
7663
7222
1540
8876
5488
2944
7747
7203
7465
2416
9715
1508
5333
1197
8249
2804
7748
5848
5530
8530
3119
7291
1713
4824
6154
6397
9519
7521
8758
6816
7877
3058
7296
1102
3413
1940
275
7508
3355
2605
9513
5217
5747
9023
4994
8874
8913
2396
8434
8658
4760
6252
1849
7386
2209
9777
3279
5852
557
6281
9607
5090
6226
8793
1970
1225
6037
2948
2328
5929
9865
3472
4180
3411
5860
1815
4703
3453
8958
7969
6941
3766
2488
5569
5212
6448
998
1619
4134
2799
9760
2635
7607
6529
4264
1971
4697
3211
212
1894
5964
6754
2543
1254
207
1521
5073
559
7945
4832
3919
9931
3796
727
3903
4882
7920
2383
9592
5128
4373
8082
8945
1982
992
2029
8021
5121
2780
1039
4377
1323
3593
5222
1953
9234
5514
2642
3548
9142
5167
1179
8046
2977
4869
7199
7308
1202
9719
8085
7865
3751
6789
4088
8316
2000
150
8377
3581
7749
8722
5702
6299
900
1180
8774
4
5050
5176
2742
8808
2784
6990
1331
7118
4890
2918
1806
7700
4729
922
7132
7698
5013
1473
746
6104
3547
7019
2626
9241
9994
5824
1777
4626
5334
37
8180
6906
531
5054
4682
8348
2901
3340
3419
4236
9346
3646
7703
8398
5867
9379
1975
4164
3122
6324
7108
1554
3665
7750
2825
6006
241
9139
5578
1021
1316
1384
3551
2226
6807
7442
1448
6890
2161
6116
3925
5385
3015
3142
8651
884
8131
1649
3181
5765
7369
2943
3010
8010
659
3563
6421
3394
2055
7798
7066
9335
6606
3273
431
929
9069
8150
5717
2110
9485
9029
1477
6439
8372
6128
1725
2771
2806
6915
1565
1133
6905
2979
5251
304
4420
2636
1188
1371
6829
883
8089
7418
5826
6452
7666
9509
8143
6931
1612
4892
5074
484
5049
5886
1697
6721
4055
2035
568
6936
3568
2146
5669
4040
5133
7938
5273
9842
4555
391
1418
4121
6013
4416
7897
1502
7156
9661
5379
2335
4392
1720
3362
3000
9450
9358
1232
9911
5405
1976
9334
4494
8695
305
5707
8080
5256
2151
2174
2392
9151
7347
7993
8418
8562
7140
4944
6363
6999
1708
49
5525
4967
6775
7737
1738
8394
2158
2171
5421
1715
6211
6380
3025
7001
6245
6852
5193
4668
4573
5566
2897
7350
6648
6288
4831
4907
5861
3409
6753
6097
1821
1093
3716
5056
8012
3317
6120
6727
7981
2905
7646
5160
5255
5110
2274
8706
8992
1605
1158
1244
295
3747
3012
4802
4867
7348
7659
5004
3834
7526
7444
750
336
3641
3501
7863
8592
3644
1700
4059
8117
4721
9550
1211
4438
387
1677
8415
1336
6118
2684
4588
9167
3100
7182
1893
6173
6132
8064
2798
5697
57
7741
3470
5125
7430
1250
1528
4484
6157
7563
3427
8314
2965
6315
9468
6499
3652
4841
1813
2910
8563
3081
3057
1074
5576
2031
81
3056
8637
6715
1308
1995
8128
9902
9913
2302
1890
1304
8110
9837
893
5755
1614
6316
3158
6909
2143
9088
749
8005
6130
2308
4001
2180
8097
4366
8263
2776
3698
5265
6740
3048
1515
8727
6276
3401
1394
2239
1657
9206
4306
8928
62
6913
3709
6553
4238
6055
5562
8239
846
2204
5135
2265
1242
453
2379
4342
3276
8083
8821
8115
3532
3916
7855
8234
1454
674
1667
1533
4329
9944
9489
4835
5100
3151
8694
7874
688
1547
9899
7117
4316
4692
4807
3324
9723
4548
9486
6112
9365
5803
5233
1263
7419
2260
9282
6978
7681
8493
5696
8149
7344
5650
380
8346
5660
9722
3549
1924
3633
8892
3389
624
7100
99
8159
8214
679
540
9469
6695
7878
1599
2109
7088
4582
155
3212
229
6559
6015
6963
3265
171
6790
6254
2136
8364
7335
2163
719
3189
3370
5230
