2048
3812
5355
9306
6429
9875
2644
5487
9731
5359
639
1248
9269
2500
5782
6445
1421
1408
2530
7195
5588
4675
6254
4606
4950
5217
9590
6095
498
555
861
1668
7110
7132
488
5827
5396
1297
7823
2832
4880
313
3505
7815
3776
5637
686
5707
1309
5706
7088
9072
3676
1227
3502
1424
232
812
267
6423
1596
8769
6357
8446
6104
4143
5894
7363
3159
7483
5590
3191
4165
6734
2277
9753
3127
6553
4206
2449
7640
7890
3265
2532
6087
9401
8971
6903
5280
226
5418
5990
9202
6476
782
1165
6014
5705
2385
9567
1566
7028
2187
1471
5218
3546
4610
1414
4908
6194
7767
6827
5031
1756
2761
589
5340
6911
484
9621
8218
1088
2140
181
6683
7002
2921
3805
8456
4006
1795
4726
2545
2426
6311
4853
5106
8447
7910
8358
2476
6355
3483
9806
7440
4628
8808
7814
3348
5207
6185
1032
2419
7477
1013
4860
9815
3354
9466
5400
1272
4056
7584
6626
4515
8134
4927
5214
6414
4429
9635
9074
4862
4100
4797
2963
902
8928
5072
8794
1699
1665
1881
1741
6518
4551
2183
9013
8225
3570
8542
6965
3631
4439
3259
3200
1551
510
8492
5681
3229
8803
1257
7493
6682
7434
8807
8030
8256
3792
4026
3650
1070
461
2332
235
9396
5723
7983
5285
942
8189
3690
8859
5191
3498
2480
9392
7551
1673
6395
2666
2306
2125
630
6289
5919
4826
4919
692
9359
7059
6593
541
770
5188
4376
8005
7646
7199
7991
3763
3902
3868
4133
5842
476
9458
3771
7406
9941
9761
2269
2991
7661
7171
3071
4319
5103
1815
5331
1207
7447
8699
7621
2609
9325
6526
4753
1299
7103
5424
287
3287
5469
7566
5073
3279
487
2383
7463
3290
444
4452
1189
9956
5897
9469
5027
4833
5215
3048
1964
4701
8914
3977
2090
8398
1388
9502
3277
5251
3398
3548
4928
5625
9787
9784
6085
4731
5295
4592
6957
3522
1935
9384
2315
5654
5287
1118
5319
4696
5376
420
8746
4333
719
8583
9564
3612
8506
1569
5296
9449
1185
9554
6257
1991
2790
2698
9038
1758
9588
8397
8390
7475
3949
3312
5760
8324
3919
7259
3639
9361
8786
5767
2154
5379
9358
9625
4384
9655
1599
2014
3112
9934
2453
6916
6838
1028
5697
2156
5757
9818
4852
6919
7787
1253
6657
1406
4458
6418
9752
6200
3527
2053
3876
3890
5936
1331
993
3572
1223
7738
9495
1042
8761
9943
3007
9892
2330
5197
4337
8392
762
4183
8144
9702
3779
3681
7158
5088
5497
532
9697
2474
6610
7432
2843
5096
1271
5407
3549
2916
4173
3382
6938
8433
714
6061
4615
5784
5234
890
3956
8059
4403
2263
5444
3951
5567
568
9307
5756
1101
2759
7042
6478
8560
5109
5336
2910
1169
5898
5876
276
4720
5957
3541
9675
9047
9516
4808
8406
135
6540
5247
1888
4669
6298
3679
2182
9452
7329
1229
4708
1805
6433
6251
3389
6769
1018
4508
8135
7382
5880
9935
514
2674
7600
438
7497
3702
4718
5657
4655
9526
4893
2833
6132
8929
3995
3867
3338
6243
269
2999
2032
7580
8341
3346
6448
4160
5725
6059
171
6823
1469
4032
6646
7246
1920
8266
6533
772
7659
3931
7245
7641
4968
2976
8330
6103
1614
6642
54
6847
4258
8381
5870
5401
7209
452
223
2109
3712
9069
7156
2381
2579
166
2485
3417
1514
3944
5311
176
6702
5421
4097
7220
7733
7030
561
4974
2847
9134
3761
1958
5000
8685
4314
6675
6321
2708
1043
8380
427
5605
6772
578
8736
2099
9320
9871
7530
2336
8907
3862
8343
4545
7932
8237
3991
1069
8402
4770
4864
3978
7727
8328
5540
8143
1582
6962
6197
8634
4535
7801
5525
3328
8236
1378
7617
9256
2517
6542
1752
9191
1463
977
6670
4470
4370
1459
9298
7994
75
4492
3557
2057
8538
7496
9057
7528
5563
4146
5904
3169
1094
6135
1649
6619
3173
2958
5308
7984
1850
3621
5220
5719
6026
7917
8965
2425
6902
9171
793
1325
4454
7221
2056
4154
695
7546
4023
8106
6963
1158
8748
6699
3715
9087
1770
2001
1586
1751
6179
8489
1427
7
9645
6870
4839
2610
9455
1503
3960
3424
2114
9736
883
8959
8076
9251
301
8384
9967
4072
3250
5589
1345
8281
4240
6198
419
9431
2975
7355
7144
6366
3592
6666
5128
16
2233
5082
1314
6611
6511
9367
1394
9913
9981
3055
5406
9654
4792
2036
5212
1637
8966
1871
9259
9901
6346
6031
8227
9200
4605
9738
5561
3560
5499
7034
5834
2063
6464
6093
1621
7492
7197
3391
8529
6974
9789
1936
8055
8586
9162
690
5636
3409
5
8520
1992
4450
5984
898
9085
7887
2744
5938
1740
4909
2902
3049
8916
4799
7000
8300
191
4622
9677
5498
8690
1110
1726
3166
2827
9420
9620
1283
62
114
1123
6825
3356
7508
2741
595
9143
4080
3017
2686
4717
82
6242
7474
6910
5061
4942
4220
8572
7417
1713
219
4527
4407
6143
1644
4233
7915
7012
1023
1455
785
7194
1458
385
4226
523
9383
5482
8751
8605
3195
2504
7582
4995
2026
1875
1429
2808
9898
4987
6956
9799
5378
4600
4236
1317
7672
5274
7581
3563
29
6603
9783
2712
5922
6455
8203
8899
9412
618
1990
6272
6338
271
2378
150
6534
7407
874
6862
3187
9349
3955
403
7870
5256
9053
1536
7162
7760
5023
4102
7235
3372
5037
4644
7480
2525
2260
1695
9260
9895
5318
4092
8496
8010
2329
8938
8107
7193
10
9704
2627
6638
8295
852
9044
3332
8872
7328
8199
2961
1933
8722
6793
2065
6017
4276
872
2042
6041
8898
9553
6396
8692
8659
8149
7776
7803
5227
6674
2198
7903
5140
1418
2677
1172
4027
7683
6009
2541
9041
6191
2846
7348
1045
6811
2813
340
7101
9587
8423
2351
4175
1376
907
233
145
3082
2200
9150
3727
4997
8647
1083
9347
3289
246
9798
2237
691
4760
881
5101
2322
4859
300
841
7032
7115
40
5612
143
9144
622
9989
6465
9224
4723
3226
8317
7185
4045
8011
3802
1731
9489
383
9767
1803
1419
8173
94
4104
2289
4081
6384
6567
5912
3526
9530
3134
2607
4101
6148
470
8726
1853
1691
2420
4474
1259
1500
7716
5978
641
8361
3533
8551
604
5057
7145
773
8548
2842
7071
3562
7651
6116
5448
3716
2635
2656
6193
708
9684
6158
9379
499
1222
1089
3585
7578
9356
4007
8668
678
7397
2733
6457
119
7825
4199
2815
8621
2771
50
2739
391
37
5115
3334
9887
5231
8479
5147
3510
8157
4345
9506
981
6258
2142
8277
969
7189
4279
3418
3442
6074
2865
1488
9754
5375
2121
6849
231
9433
2333
7717
6580
9656
6267
6789
9632
7093
9972
9225
6160
3711
3157
4049
3893
9112
6800
2477
1531
9902
9725
5787
2436
7056
2586
6551
9589
9797
2505
8556
3027
7996
7602
8826
4670
1572
6613
5615
1837
8069
4261
5879
9945
6839
451
475
745
5292
8853
3059
8922
4665
2784
8133
7248
4510
2578
5735
7900
5412
5993
1294
3710
1630
9663
9850
292
4935
2600
4021
6788
1315
8368
873
8099
79
6115
5300
7456
6572
9321
2015
4193
2020
7571
5679
2190
9926
8452
5791
6057
4584
2869
1747
1187
4272
6187
848
5985
1383
681
7744
3576
7134
6358
7049
6152
4262
1210
6552
1982
5573
1361
3781
3454
8925
8765
5836
3056
5279
130
146
7317
9996
5114
1280
8511
9198
2214
3496
4298
956
4923
5097
4838
8186
4681
4579
7649
4477
6386
9234
9490
1972
1578
4121
5807
6983
1040
1809
3182
2444
878
7369
6427
7694
1946
9644
4769
737
8342
6892
7685
743
2743
3209
6473
8000
3472
7311
7750
1130
6654
6690
1700
5437
7231
8394
2612
4978
4550
4745
3342
6621
2340
6971
4932
4443
5788
5202
5924
9515
1086
9628
2763
9480
8740
6359
2137
6550
8710
2984
7817
3773
777
9148
8532
3499
2440
2005
3881
1728
924
1971
6937
6672
6799
6256
5167
2249
5910
9846
5445
4695
5484
9372
6671
2136
5844
6843
8721
6720
5887
3941
5136
5161
769
7555
6314
2814
8052
3180
7512
9319
1119
2901
9215
9129
389
7674
6295
4759
7200
6820
1497
4791
3877
9149
3921
2576
2606
6981
2074
9021
9540
4158
402
3219
1588
9693
973
1847
4671
8989
4920
347
3217
9124
7892
5947
8967
3722
9595
413
6097
1233
5507
6627
1
6166
4994
2971
3624
6990
2766
8282
5216
7501
7362
7297
9791
9368
1869
1548
6230
7523
4588
1688
3422
1760
575
2007
6832
6405
2357
80
5044
3019
1838
1598
8985
3930
2458
7117
356
5914
3615
9123
6169
415
7084
7074
6469
6320
284
6231
2313
8915
5600
8241
1381
4807
2911
4601
1053
3012
5908
8063
5862
967
3380
547
8195
8298
5345
8887
7897
9279
3302
8351
3816
4427
9733
5011
6369
455
5314
2634
1657
2877
4404
2413
6291
1170
2434
4993
8007
6211
7773
3341
182
9629
3520
433
1090
6726
5332
8299
1133
4132
5557
4956
5039
4798
7705
8053
7878
3732
6129
3888
8630
4500
6929
1215
9659
4988
3943
9476
2265
9864
844
8759
7048
7550
8346
4455
3768
4711
5790
2411
3423
8426
8934
4940
3900
8620
961
4739
2907
7446
8078
6092
8136
2433
0
7541
9745
1711
2035
788
7176
5671
5420
7591
2314
9979
9196
3843
1525
6101
3387
8582
8367
6651
5762
2942
8644
314
9394
7764
85
6444
8329
8294
5881
829
9137
2285
1324
4203
8357
2034
6775
6697
3677
8815
565
1003
4047
2398
9058
8278
9107
5720
1420
9436
7487
3584
8409
1719
2392
9111
9779
6276
8132
2066
5613
8781
2787
8453
8027
6715
5996
2046
687
5550
1512
270
4577
9831
9817
1255
2335
6647
7545
3501
5602
8079
1685
7843
2727
1303
9054
9631
3158
5669
1171
8488
8223
779
4651
248
4282
8474
6107
1149
3972
7354
7330
7861
9872
8753
2889
6694
5323
3300
2928
7537
6378
8454
3399
7703
5863
6213
7256
1704
7181
8359
1680
4922
5237
9357
4946
8847
3040
9575
5009
2310
2303
7435
5799
7624
5087
2914
1775
4710
5502
816
4565
5559
786
2906
1146
2171
4801
643
6615
1191
3649
8315
9285
1359
7865
9911
9795
2817
7127
7786
7629
4019
6227
46
9500
494
5425
8901
759
558
7912
1646
8996
4112
9022
8877
6489
8036
8031
8018
439
4419
3427
3626
9474
2473
8141
2384
9665
9344
107
8418
606
637
9385
1037
7869
2445
3494
5722
1773
1353
4540
2693
1270
850
1874
4312
4896
3411
3898
3238
2736
1515
2023
7015
3162
2561
9933
8405
500
1738
8545
3181
1312
3432
8503
3026
266
3552
8344
1338
2492
9360
6352
5439
1430
8758
4611
6662
7712
9757
5872
6393
2772
9246
1764
3241
8913
6924
6131
64
9153
5670
3091
6539
7010
5176
8500
4967
2624
5091
4099
7413
9001
6420
440
7092
9974
911
126
1026
453
5321
5070
5515
4804
959
3573
7559
1905
6819
5501
3571
2179
7740
6501
4343
3889
4511
8403
5297
6630
4514
8812
7810
8502
2252
5889
9457
963
5384
6988
2162
9262
5911
5726
1024
9627
2725
5545
5474
3365
5017
4383
6437
1460
790
6528
31
228
583
8353
9706
2299
9904
2293
5348
8728
5143
6138
3622
4882
7345
9741
5198
8326
2075
2087
1097
278
2301
1425
9885
4456
8723
6794
866
3733
868
6901
3051
6868
3775
6607
3347
1560
448
9878
3457
5320
5213
6692
5249
2275
2141
8450
3954
7069
3253
8573
2641
2882
9571
6840
6569
3130
3823
4009
7623
4881
1573
9092
2854
8809
9773
3855
2951
6260
8888
4803
371
7186
2680
68
4639
4476
8259
489
6520
431
1504
6400
9946
5596
2105
3958
1722
4680
660
8531
7429
2450
6571
8675
4953
3170
3035
3672
5382
7540
5663
3746
5085
8187
5668
3757
9376
2723
5456
7522
853
5965
5068
6488
2753
9042
2143
7111
5971
9311
6394
3493
3791
2806
3239
6343
5975
9995
3741
2878
4400
2535
8789
2041
5164
682
9204
1796
4268
3976
4756
3813
4542
7721
8339
5593
5838
3383
4982
4283
7433
5455
7933
3083
5121
2932
3714
8662
4290
7095
8732
7611
8974
1780
946
3688
3344
4517
704
9160
8599
372
1537
6941
8289
5339
3009
7905
342
966
3662
1052
9281
5797
55
2864
5168
5313
1802
1434
709
843
8416
3014
5768
9283
7436
5272
5032
7352
7754
6635
3271
35
4966
8467
5238
1899
6577
8575
8900
4328
7574
1732
156
3345
8477
1527
9429
4259
5248
4782
9410
265
4035
5205
601
8155
7637
9101
6882
9242
7697
6686
111
9755
3934
9173
9936
5029
7021
7205
2202
4087
7169
4480
5402
6976
8855
1840
5511
5582
1370
9977
989
9039
4617
1530
8954
2394
4785
1555
984
9845
9581
8633
634
2547
4916
8643
492
9762
8717
4861
5620
3246
9035
7783
8312
3542
6333
9982
9421
8234
9086
8041
7213
5095
1006
7223
5542
355
2646
817
7167
7153
8980
3294
2010
2563
7552
5992
9723
7855
4934
8279
995
8428
8797
9893
2653
9052
4212
341
2101
3295
368
7096
1690
1154
700
1030
2203
1889
8505
2868
3866
424
3538
5935
8345
169
6999
2852
9115
8247
685
4947
1182
6016
8439
200
9548
8376
6434
2077
9976
8828
8591
7713
6266
1959
2855
1924
3176
2608
3797
3125
2630
915
6070
8322
9820
4280
179
1402
277
7232
7880
6487
5805
7082
5860
4809
587
244
4418
1493
4599
5189
2297
4013
3004
33
648
8653
9964
357
2254
1113
8451
2809
5026
6994
9209
938
2811
8656
6594
7914
9747
4856
2705
6492
6765
3141
7378
9884
903
5995
9560
805
2791
9407
295
102
1708
8355
9870
3245
1000
3742
4899
5527
4041
7462
7734
7918
2359
2936
1829
1122
4039
3470
296
9671
2395
5544
365
3834
1547
6741
9120
8255
9091
8799
8159
7108
2067
6068
2509
6184
5918
9328
5428
6930
2302
6248
7824
5328
4732
3137
4468
113
5010
2552
3832
8468
2598
5008
3446
7857
3303
9271
2919
1605
4150
1675
544
1107
4077
3050
3525
6466
4036
9201
1714
5928
2070
9229
7239
7579
8622
6969
8631
5676
2045
4187
7542
3078
3269
3912
204
6944
4243
3479
4305
6109
2113
1064
9808
4813
6859
8375
3146
1765
9969
7979
1044
7332
234
6431
9610
2812
8874
2613
9823
1999
3190
5973
8701
6203
9380
259
3997
120
5704
4363
8829
1450
2047
7524
7686
2150
717
4672
8043
8588
2295
7684
7647
7818
5453
3698
6644
5033
4185
8482
1528
6178
3619
2241
6852
4330
5429
5158
755
4845
9668
9263
5024
2215
434
2130
6517
4486
7216
4068
9243
5524
5414
3280
2247
366
5659
3606
9855
9083
8823
9176
2820
4509
5505
5925
74
7775
5063
9615
923
3247
9609
3133
8219
6180
2875
6556
1692
1852
1413
3401
1535
6762
5607
6747
7992
950
9026
298
4410
5624
5232
5883
2785
3225
7322
1954
5427
5022
1965
7851
7114
8009
8747
9459
4008
8537
1529
4613
2747
9080
5685
6330
5921
3839
3556
6219
8941
980
6006
3918
6001
6064
4108
4958
5687
1016
8883
3709
6122
4288
7252
629
1945
7270
2207
9528
8249
9468
2369
7692
8994
1709
6900
7974
594
9140
9794
1155
8626
4245
9046
516
5129
1379
9454
6390
5025
2307
9591
1372
4901
7180
3661
5585
131
6407
8498
134
8919
9873
2867
1666
626
3707
3439
4558
4787
8273
24
5999
7603
9890
6133
5845
2092
9
9786
501
2009
5055
7913
8947
9393
8774
481
1798
7793
2594
108
2583
149
9544
6604
6022
6665
6780
3220
2959
5882
2192
7375
1260
7807
991
9840
9430
2206
5804
6401
2044
7228
7514
1241
9886
9576
6565
4621
6456
8460
6474
3894
5278
5201
2557
3161
6167
6202
8632
106
2544
1301
9000
6468
6516
810
4257
6139
7275
4643
7005
4011
3852
203
1828
3597
6960
2844
9990
597
2397
1896
5948
621
2948
5769
2372
9300
807
5733
214
6985
9294
7990
192
7467
1908
3590
58
2884
1184
7488
2795
5901
8430
9680
2633
1595
9249
7319
4423
5786
7995
2826
4746
3665
679
6964
8388
1887
3266
4491
3769
8543
5853
8013
1587
4347
1785
9425
7710
2839
3084
2703
5794
4469
3105
5235
3495
9652
1916
19
1553
6559
838
1981
2682
4918
5273
2409
826
5275
1179
1816
1727
5019
2835
7724
975
7929
4652
5800
1978
4566
9166
6961
1678
9792
9662
6065
5344
9513
9810
7051
4075
9363
6851
2325
7561
2276
7560
2591
4365
7635
9683
1865
6841
8487
7036
593
4385
5492
2512
2201
7844
7367
8661
8895
3359
3799
8097
3975
9501
1790
5059
7701
5528
7592
3474
4155
6698
8114
563
9497
5698
5257
7682
8836
4786
6329
5081
4275
8462
1389
875
9503
1886
2945
1631
863
6005
9442
2374
9329
6778
26
4218
7543
6745
1943
6972
4735
3413
7876
321
4520
3633
4442
3011
4713
5610
5337
9592
9556
1435
1597
1604
3434
752
2029
6271
5172
7969
803
1111
378
6000
4118
8471
5139
916
7394
4794
6035
3869
1323
4215
9159
9324
1029
972
3940
4604
274
9274
5606
1679
9667
5343
2221
5408
5038
4878
343
3436
6718
2891
1273
3343
4914
6629
8025
582
3697
8012
9841
5480
697
9182
7955
5107
8391
7748
922
9411
5413
3097
2687
7448
8969
4289
1145
7680
5142
9966
2514
1320
6714
1810
9858
7946
4658
9470
556
3072
2908
3700
1377
1219
2824
465
8601
1269
9413
8612
4433
6932
7853
7618
2472
6114
3957
6463
1193
245
6240
8371
414
9213
1284
8171
1507
1900
5716
93
3414
572
5316
4180
3364
4704
5199
4043
7875
2755
8719
1540
6106
3861
7466
7040
4209
3323
328
2468
2551
8319
2972
6334
2883
1766
1658
4854
9763
5763
8850
3754
5823
9316
9653
7409
4405
5868
1405
160
7605
6347
8166
9648
8642
3603
6078
2017
2574
1716
4863
1904
1047
7762
7325
3544
7858
8045
2350
2174
8122
9268
3385
4005
2943
3021
6349
7836
2821
2623
1518
1112
6004
9122
9471
895
8127
3028
387
7885
7027
1682
9012
5802
8246
1098
1774
7269
5983
3669
8494
2548
2688
4390
6190
9598
7281
1490
4885
5852
2256
4274
5035
6301
5537
1240
4095
5715
718
2675
8841
1344
9164
4485
8188
2479
5614
2531
1120
9244
5381
6909
1705
6946
1787
5994
5592
6808
4467
4921
7698
6477
7845
2209
5486
7389
5242
4683
1712
1628
9125
7155
1517
4190
6942
8558
712
1921
6165
9252
162
2526
4664
8067
6504
4595
1356
1608
1128
4686
5277
6863
8962
1674
7792
2632
5875
623
5899
3801
7174
9768
8252
9071
5493
1019
1011
9008
6764
7942
7771
1039
3396
5866
5380
2595
3835
8163
3582
1910
5370
3967
2170
2483
3445
2168
3227
4871
437
1938
7143
7063
3668
1183
3736
1103
7457
2401
9868
6954
1827
7718
2188
3126
768
1033
5700
6146
7026
8930
4048
9765
8137
4313
4827
3920
2794
673
5855
1173
1050
4082
109
8787
8593
373
2484
1205
4645
571
8021
2096
7342
2661
151
4264
5878
3598
564
9381
6415
1156
5001
2567
8871
4426
8755
3063
754
6326
9070
3131
4496
9432
8569
9277
4955
7123
8846
2615
5734
7128
5431
2888
5120
559
1153
6754
7888
8564
6535
7502
7936
422
741
6303
3233
3255
3184
8878
3188
3559
4609
7827
1725
1793
6597
2573
9703
1390
5547
76
3723
7247
7503
5858
2160
4076
4866
735
9998
8083
9766
6232
2218
7385
5166
7631
1380
215
8084
5692
9146
8231
5686
309
2003
5286
9839
9284
5772
6053
2757
1151
8268
5084
6491
940
3534
3117
6881
8568
9758
2311
3429
5954
750
7201
1835
5604
6509
5076
493
9971
5265
4663
1663
1267
7539
8100
9154
8507
3336
165
8563
7782
8885
1203
7426
2923
5472
4070
3168
8519
7862
8473
5366
4875
8802
2128
3020
4504
3617
8733
3713
2267
9416
930
8637
6673
360
5806
3288
8541
9400
515
7899
9650
2734
7666
1335
326
684
3069
4810
5837
6858
121
6984
6783
1340
4549
3840
5354
4415
5080
9952
9861
7481
462
728
5093
2678
6873
6111
9669
6691
9318
1235
7507
1755
5028
2584
7430
7020
3075
7251
1739
5134
7588
6731
7981
294
5586
4679
2155
8209
8713
3923
3878
5325
3795
5770
8849
4088
6318
1937
8578
2918
2683
6067
4591
1616
3905
9557
2853
3386
6947
4176
9448
506
2645
9132
9221
3392
1339
4413
8210
6685
7531
6362
1010
1929
9378
6305
5012
7278
7911
7538
3567
1564
7952
9312
9748
4849
5825
9646
6293
5703
4225
4618
9438
6828
9498
1720
7442
2816
5958
5721
627
535
1181
3167
9374
7831
5476
7222
8033
3058
6854
941
7287
919
8814
3251
8197
560
7004
41
1139
7964
5874
3057
6945
2361
8162
9265
1934
4632
3586
6815
6708
1687
5483
8678
1479
2222
1667
9732
8973
5519
3330
7728
1629
4805
4141
5616
1495
3699
4156
8669
1436
9657
7260
9689
7346
6545
2934
9782
4553
6737
5417
8651
2667
4359
8793
7950
297
776
3611
8926
904
9965
6606
702
7420
5312
6233
1407
6561
6856
3787
1761
8202
4089
4773
7485
7708
7136
8607
8911
6212
5765
6181
9510
9692
985
9462
1983
2376
8090
3749
927
3478
5939
1601
8424
6054
8287
2721
3029
6461
1114
5283
3452
4018
6710
5155
3314
8109
254
599
6502
3512
310
6923
1067
9484
674
7384
9955
3092
9067
9948
8590
6617
2435
8619
7533
1902
8549
8730
8580
8995
5377
646
6282
7116
4189
1329
3
3605
132
1611
8054
2341
9847
8806
6049
3484
205
965
5094
2040
7732
7509
7821
886
5776
5930
6837
7927
9082
4954
9882
794
3645
3969
6521
1116
5629
994
1348
5014
2030
6183
3420
6170
1374
4216
4029
6920
1352
3822
9770
216
3859
522
8697
6652
8495
1433
6010
6215
5506
2224
3404
2825
1332
8379
8676
3475
8792
3355
7747
6660
2629
4608
5150
9116
4868
6082
6274
2316
4996
4250
8140
7761
6709
645
6155
1038
7749
1636
6895
138
8709
9910
5244
4249
1327
7109
9461
4815
9205
9574
672
870
9175
4119
9531
477
8003
530
4058
7075
1784
588
1997
3652
9546
4020
1697
9849
734
4636
5062
5122
4381
513
5442
5258
819
6192
5514
9585
5683
8603
49
8552
7383
4781
2722
5119
4616
9081
8763
1676
5290
5753
7491
5338
4
4338
6659
1963
4977
8307
978
3531
2107
8884
5288
8019
987
6048
7589
3350
1218
2639
8714
7284
8788
3673
1449
421
6460
3042
6207
2145
1876
5230
4172
7373
4144
1654
4637
6546
8686
9248
7568
8485
7371
335
2909
8724
2370
2451
7924
6309
1161
4648
2760
3206
9335
3438
4952
2538
8955
653
7173
9099
6578
457
5092
6936
9181
2519
3990
3922
174
6229
2153
8979
8112
8098
9869
7391
9879
1526
1277
9566
2601
9388
8363
7230
534
346
2752
3706
5886
73
6723
893
5409
9447
722
4285
4929
3132
9597
9565
4446
3163
4568
7418
1640
3664
396
159
5046
3916
7784
3980
8176
8181
7331
5299
6245
7873
3870
4448
8303
9061
2338
8739
3696
5932
7678
6149
3047
3270
3936
2463
136
9169
6280
4832
5203
8457
2841
5737
771
2312
1448
7795
9142
2742
9095
1661
4292
5462
1912
9131
458
4116
9348
7274
7896
5397
7953
8767
763
2701
1606
4678
6563
5276
7675
3128
9315
3815
72
2287
243
5503
4969
5086
4533
1554
7511
5144
4556
2922
2618
9377
3373
9024
4557
9639
6485
3333
7874
1544
5171
36
4278
2399
6222
5907
5209
8990
9365
1275
2857
3680
8816
5833
3089
3653
8818
4594
7833
6081
4824
9473
834
6094
5530
545
9050
362
3476
9133
5963
4926
7583
442
1263
5358
4093
7043
2769
6991
9618
877
9332
3721
5959
4294
8103
1104
9774
8400
483
2343
4060
7670
273
2964
7188
6425
835
5570
9395
7347
370
9289
8921
4437
25
3248
2031
3904
4321
7959
7737
9199
4295
1549
4377
6513
5193
2274
3235
2418
8338
7794
4554
3298
8518
187
7024
4079
2365
7191
8126
9076
3062
2245
9838
5516
6896
612
1285
9113
6967
655
3993
8881
4191
2717
6290
411
8602
1768
6939
2581
5310
9110
6564
88
8858
251
4783
2903
1519
9594
7381
7060
6879
1960
2246
6261
7218
3513
1619
913
939
9809
258
1478
842
7593
7828
7847
337
1477
3286
3202
7872
3467
4528
3566
6033
847
5463
3463
1523
6432
5490
7045
9404
9355
3913
7800
8991
6953
7785
5298
312
8958
3116
6450
4369
7294
4924
2442
9511
4963
1919
9055
5040
3079
7450
6757
333
9488
8624
2685
3737
9661
2251
4395
1831
2489
8903
1941
2356
2580
8646
6451
693
1804
5002
3013
7359
2664
2027
979
3362
3275
6443
66
9569
9676
665
2373
8960
358
241
7988
7364
5677
858
3828
1856
8224
8867
1974
6419
5347
8775
1125
5433
5809
2291
1848
8057
7966
4393
887
7829
490
894
7273
8497
2950
4202
8220
84
89
6284
3119
1776
8804
6884
2344
2089
7070
869
625
4524
9521
7066
1826
730
7975
4069
9237
7335
4352
6544
3283
3656
4959
6508
1100
7709
2424
6480
577
8513
6496
3793
2000
2904
5828
7632
2620
118
386
5690
3945
3637
3687
8862
6027
430
3553
3829
3324
3421
8152
6002
8267
2347
4366
8065
9848
4887
5309
3039
8950
5867
1411
7500
5174
2758
6855
6596
8645
1176
9223
5829
4229
6392
2970
6136
796
9187
7166
801
6076
7679
3847
2501
2012
9487
2915
2774
110
1473
2828
3808
2636
4879
5043
3882
1779
306
6195
654
7018
1117
8089
8708
6426
6695
4576
212
8796
4061
8449
4777
6490
8780
2282
1400
4948
5909
7802
7596
478
9460
6234
4238
4661
9780
5387
1702
3743
7091
3515
1906
6530
837
3568
7945
293
4307
5581
21
9063
2955
4362
2729
3588
9896
9894
8658
926
7516
7399
7372
7486
5656
1627
7099
1791
8581
2298
6307
4151
3629
4624
7379
4905
8830
9916
5689
8184
9118
8695
2503
5944
443
1794
9245
2469
350
2628
5826
9819
8585
9507
9362
6586
8415
5005
7941
6829
528
1565
9104
7489
8795
1197
1786
5730
2119
1489
199
3086
5255
7494
6591
5529
8211
8972
504
574
6727
445
4874
8536
2496
4435
9874
1800
8824
6867
7452
6738
8212
4169
3254
9524
4129
6159
1431
217
6372
5976
9939
9145
7835
9718
1664
5571
2568
2588
9822
9664
7343
1590
5123
6252
2582
3306
8483
8674
6299
9037
1730
2262
1247
3659
9623
6904
7612
677
4181
8735
7650
4031
6331
2873
3045
7250
800
2164
7336
2849
8463
833
2319
1633
7395
7889
6776
1706
3403
4117
9418
6949
4411
4269
1031
45
173
6113
5599
6908
3240
3073
6752
6259
4408
4302
2539
5496
5390
5159
1316
1643
2403
2104
953
9117
3371
6958
2954
4633
8889
6121
8116
2938
7866
4211
4586
3085
8879
3272
7179
1542
8280
7788
1955
4046
2288
525
2106
7470
3144
6486
6915
7907
4204
2481
2788
7521
9226
2989
4371
2572
3139
6051
9771
394
6866
124
3778
2523
1508
5241
3447
9451
2471
5184
9276
8269
7376
8671
7217
3165
3052
1157
3147
6385
8712
229
5694
6177
5846
8205
3518
831
2890
9308
2475
52
2659
6406
4790
4196
5758
7238
8596
8635
5045
1966
1496
6684
6168
449
6987
7121
5041
5206
2702
142
5980
3517
7113
7315
912
3632
5717
4445
502
3390
3730
1262
999
7149
334
2439
5645
8700
4847
9218
8029
4315
1453
7366
9295
8981
644
6722
8831
7842
5510
3663
432
2896
5386
5260
376
2460
9900
7781
5536
4157
291
9275
9641
7864
6753
4747
5923
8771
4703
3406
4884
81
7227
1806
3841
3376
8244
4603
1224
5467
4649
2737
2177
3054
9851
4634
3319
6024
3708
2589
3671
6182
726
711
2807
7085
6013
6897
1159
9220
6120
4401
1567
2131
3907
3468
899
1914
7402
6137
9778
336
6025
543
820
6020
8918
4513
2360
1807
9343
8001
221
1557
4263
7986
2837
2226
2979
2897
5946
8270
3735
5740
3236
4743
1451
4917
7203
3987
3909
2086
3845
7676
4402
7972
3667
5664
1942
8
8852
8070
1214
6995
8147
4692
8984
9801
9803
4555
3320
5138
7985
6667
3927
4938
4836
3405
9477
2746
7459
5461
2286
4697
1996
2731
880
34
7746
1445
7719
8228
1492
9303
4516
7387
4057
4207
2506
9551
8937
2422
2427
1541
1754
1880
6917
9899
7356
1005
3613
1105
9403
3164
4641
4729
6848
4239
472
6588
7112
9712
9194
7011
8436
7780
6071
5079
4210
6264
4751
1693
1656
2724
2614
9288
8757
7064
1322
2184
3992
352
6524
4107
201
1977
9920
9141
7770
4412
1913
4391
7881
4806
7138
7920
5796
4687
7122
6409
6205
1349
1894
7307
3060
3684
3703
4482
6375
4466
7702
3610
1027
6842
1468
2767
473
5388
374
4763
9973
5058
5137
4195
5053
2939
1213
6959
996
5169
8544
6541
948
3149
4499
6296
5633
4776
9651
1901
61
6324
6210
7663
3932
1443
1127
8904
5210
8085
1082
4213
551
6442
2139
5116
1008
7695
4666
7930
7424
7086
7822
2253
1581
2236
263
9030
1254
8893
5385
9207
7495
8625
2178
7948
5281
2393
9499
209
7340
5831
2516
4673
7902
9696
7558
100
5895
7280
412
220
6069
4478
5566
7202
9834
600
9622
1174
8636
7556
8665
4090
6805
4502
7931
1498
9336
8501
2781
7547
1137
1987
986
5634
9889
527
8015
1062
7893
536
4201
2002
3875
8410
5643
3507
8389
8175
733
6696
4128
2151
1546
7638
9583
4138
5759
4961
4329
7388
3537
5818
7569
982
5962
4463
9984
8813
1384
3579
8440
3394
8040
2115
4253
7848
7643
1368
5042
4843
3318
4260
7586
9405
4431
6246
2194
344
1211
4740
2062
2423
8285
5991
9958
929
3101
8956
8997
7105
7577
1842
8383
4561
2836
7184
3177
3357
3212
1068
1855
1962
3490
98
9028
2380
9708
2966
6527
7898
4323
6784
3731
3018
8987
8305
6933
6886
4630
5243
3196
4241
6906
4738
5266
3106
2371
1200
1417
4546
103
7894
8087
218
7087
8429
5728
4010
9961
8478
2937
9534
6018
256
5392
8851
8857
4851
5018
238
7119
9398
3185
8425
5208
6008
9626
5219
8251
5638
764
8533
3874
997
998
620
1723
2144
3860
5813
2043
2956
8204
3370
6241
9824
3917
2290
7451
8682
9235
2726
3952
1375
8131
7094
6268
6744
6525
5578
30
2118
7210
69
4152
1494
6735
2642
3465
7940
222
6566
1650
9314
1670
7614
1836
7065
3043
4131
3118
5291
2550
3830
3539
3353
2894
3175
5848
9599
1771
4382
4255
3252
6430
193
3276
9128
5640
8664
2294
7390
7172
1891
6100
4033
1749
6371
4506
9535
7229
6439
3774
9937
9280
7264
9147
5364
2977
6483
9978
8304
3886
1148
9183
1091
9883
5350
5060
3488
4494
7832
3030
4217
5451
5579
6512
4980
1131
7658
3601
129
8611
3450
495
9508
7562
6253
7339
9642
213
7939
7677
2694
1970
5333
4066
4789
63
2714
4821
2571
2559
5673
9467
4583
7570
7268
9744
4534
316
168
5016
8822
5609
4721
8198
6679
7711
2059
6186
4662
3408
8417
3148
5964
1261
7349
8193
6743
5324
351
170
1217
5696
9006
1351
1072
7977
1363
5423
2342
7046
9924
1659
3609
766
8908
2283
2560
2051
4214
2764
3759
715
1895
3299
3492
5353
8951
9997
6980
5989
4309
8048
4684
9417
2431
1350
7730
8006
1396
5450
3449
6733
8526
2386
4145
3237
5182
9860
6519
4623
7014
5608
2024
1694
680
3719
8192
9532
7453
7957
8837
2349
6218
5821
3516
8046
3718
7338
9562
9065
1976
8555
5974
2229
6574
671
6766
148
5125
3268
8933
8897
7799
5470
4409
4771
6306
1437
5764
9950
6557
3038
821
2268
2071
9537
196
4123
7301
4627
8284
9011
7943
2197
5597
1470
4380
6447
6728
5621
4451
3010
3740
2193
6986
3644
4872
6786
5430
3087
724
8696
6278
7009
7140
4335
8689
3261
8554
2497
3720
8431
2339
798
5598
4358
9666
6676
2072
8750
3891
5531
5013
9450
6377
153
2352
7192
1036
2457
949
3095
6982
4015
9970
2461
6977
5552
7882
9214
1228
1622
2622
4702
9921
3675
3820
935
2801
5940
3607
406
7681
6921
1059
3682
5056
8124
7118
3466
2499
7980
9007
117
1289
2008
1949
6270
689
1968
7774
1180
3379
7478
9389
2414
3884
2930
299
5262
9323
2223
2095
2778
7102
197
2078
5403
914
6912
96
1563
4992
8257
4898
8864
8261
7805
5793
1813
2663
5933
4001
8948
2180
8707
6128
5246
6998
7276
1226
7998
3506
1046
7816
1196
891
2520
3384
6782
4507
5713
3441
5982
5163
5151
7243
2748
4178
2638
4812
4818
7654
3504
3950
7518
9105
5732
1286
4985
9660
4563
5724
4602
7949
6779
210
6075
8404
9437
123
1054
9735
1671
6532
4436
7498
1484
8920
1444
2081
6713
5569
2802
1511
7652
7305
7690
4247
5145
3296
466
7031
657
9734
9031
9478
5884
1201
2407
4949
5495
5074
7454
4357
3313
8539
7482
1717
8061
6925
5124
7813
2800
1858
6156
4972
9812
6979
2331
5335
5432
7657
8892
836
5708
4855
3361
9561
901
2239
5824
1441
9888
2169
633
1579
5178
698
6312
8434
8863
5803
4310
1867
2947
5196
9929
3070
7054
5555
6730
4223
4327
9016
6223
186
3786
3231
4548
3935
1926
8327
8704
2862
8444
2228
5623
7444
1632
7285
7131
1892
9337
5754
408
6700
1216
9688
6616
303
6127
9364
3547
5943
2518
1298
6216
7963
4287
8810
8117
4073
2515
7505
5192
6134
658
9905
538
5361
2124
5149
2337
1947
925
7532
2658
7797
6056
5695
756
1830
7083
4646
8491
7575
5513
4139
1862
7622
8074
133
6360
3453
2387
2728
4130
9811
8600
8161
1022
9643
3658
7908
4873
147
8650
8172
3989
8525
537
3635
9127
2527
5509
5349
42
4690
7572
9550
7404
1748
2355
7357
9138
2643
8235
751
485
7152
4265
5576
1446
632
7769
1288
3809
9833
958
9408
6824
9616
7506
7752
7826
7168
13
6408
3717
6
6989
5798
2467
8044
876
5395
4054
9172
5477
4441
4392
6493
5903
2756
1570
3604
7272
5817
3577
8222
2227
7634
128
7879
6302
8860
4962
2021
4002
5113
5662
5075
4570
1863
5289
9020
2084
2216
7067
3461
4830
8432
9987
8589
2280
8411
9406
6045
6951
2917
7038
3201
8778
6864
2416
1194
1575
3140
4780
4301
663
521
9685
3895
2354
6538
2466
1839
6380
1199
9512
9494
713
4989
3627
7919
8158
6806
4505
4205
4939
3145
9419
1192
155
6225
9029
65
1466
4071
2626
9781
6955
1777
9714
4197
3550
6996
2840
1824
6598
5015
2786
1442
4970
716
1885
6770
3074
5572
5847
3108
1092
5111
7944
780
2259
11
5953
8764
8016
4674
5416
9027
3963
185
8401
8835
5680
2502
6144
1141
5447
6034
6402
9558
4063
8459
7778
4951
2273
6342
5099
2899
7079
3041
5479
2750
9633
5356
3794
7525
2068
3129
9640
3911
4159
9233
3456
7077
2320
4254
253
3643
5961
9519
8597
8354
9186
7704
3789
7766
4572
2710
8311
8715
3966
889
6079
2318
5549
2126
101
1012
5653
4230
1857
2845
8258
3554
6756
8868
526
9427
8945
39
3179
8528
3939
1499
4067
2920
1994
5399
7050
3412
9114
7961
4137
774
8104
6846
1652
8896
8208
3204
1202
8734
4754
359
1164
9788
5284
6042
4581
2304
668
4635
1403
5468
666
8693
6189
4857
1660
8194
8229
8362
4166
290
9951
1898
8499
163
7598
9769
188
1486
1677
3462
7967
5731
2345
2592
8595
8288
4495
7261
5521
7333
2447
349
8470
3469
9177
5221
7159
5699
8705
8615
1979
2996
921
7633
7601
9397
9903
2234
325
407
8688
3197
2988
8535
4800
1393
936
1993
5426
2754
7175
7756
6090
9584
2117
8906
3224
7263
3753
2186
9036
2271
9737
5743
225
7052
7597
8782
446
683
1464
8840
6600
305
8002
239
3249
905
4406
6089
330
8217
1358
1574
3524
125
542
8660
428
5789
9179
4353
4396
7667
3961
9739
5173
5739
4065
3872
5435
6340
9366
6609
4316
6322
3337
4449
15
5693
1168
5471
5591
5373
6928
426
6047
1049
3929
2858
4778
95
6482
7225
5211
6767
1276
7691
3221
6237
7527
5556
5688
2507
2838
540
2913
9975
6263
2534
3777
3154
9017
5864
3564
8207
2848
8438
2421
4730
8118
6374
6088
9694
7237
8861
6052
2577
6110
7567
3838
9165
2668
1487
5650
1750
3642
2566
9785
5112
8839
9077
1474
2887
1623
6871
7707
6876
2173
2973
6481
8988
2740
20
71
2765
8310
1021
6628
7178
3198
860
6555
3491
4085
3593
5036
3006
6235
9255
9743
9593
9399
9963
8448
784
4378
8051
9190
1645
8455
8737
5512
2455
1480
6816
5438
9679
8882
5830
3760
8566
6060
397
1718
1109
6790
8420
2208
2672
4184
675
2430
2348
3096
3102
3849
2498
479
6639
5977
1686
2871
6705
971
9089
4349
6801
7160
8323
1020
9630
6831
8961
945
9549
5810
6878
6997
2564
1035
1392
2152
2879
4460
9485
7884
6363
2033
7271
840
6575
2437
4850
9188
2537
3521
6927
1115
2038
882
7146
5236
2892
5532
3846
28
8986
3497
4103
4841
7519
7233
7164
8876
6669
8805
5485
8598
9446
398
2696
1135
8770
2695
6543
7182
5478
9520
8349
99
5067
5644
4612
393
8014
721
3790
1944
3983
8325
7630
1603
322
2093
2308
2441
2073
6649
3153
8655
9354
5066
4389
7437
636
1683
2699
4501
4134
3036
3973
4539
7968
9106
5303
2998
9863
5539
9690
5488
2127
2300
285
1592
4709
8185
4895
2625
2797
6063
9239
6883
5186
4248
8540
1485
4320
9119
2097
3836
566
3561
1995
5369
7412
7772
8020
1585
4170
992
2780
5398
7841
5102
1870
4231
429
4823
3725
7763
8022
7314
6583
8165
2931
7469
8075
7240
6601
7987
8905
7100
4308
6922
7025
5194
1736
8527
9914
5130
3558
5523
5832
275
3694
3686
8673
8064
7962
4462
4367
5180
409
8233
2321
1721
1811
3335
649
9075
738
1234
2651
8694
3825
4904
78
4944
8745
7341
3551
9759
7722
3602
7365
4219
846
6275
5047
7789
7423
1395
281
4182
1851
6872
3901
401
7293
4890
4434
6802
2992
1521
7299
6199
1306
3831
1231
1409
1576
1684
7410
1505
7973
3641
6818
332
2432
4271
9208
435
1792
4004
2822
6023
6656
384
2482
4706
3222
8214
8292
474
5709
1063
3088
7660
2655
8749
8791
2231
2676
9231
7886
8827
4733
5774
4059
8523
725
8983
5491
8419
8559
6650
8766
2940
3156
1307
6365
1763
3093
9796
1757
970
2079
6973
7755
4354
105
3033
8606
9309
272
3608
9232
2617
546
854
4471
4379
8062
703
4521
7445
6750
8142
1812
624
9291
1651
6748
9100
1932
9178
897
7290
4547
3109
425
8049
6582
7563
8604
5647
1975
5105
6505
4200
8638
8466
2603
3473
2946
5465
5666
7599
3257
1956
539
3374
4774
2745
1438
1833
5998
739
1506
7316
7863
2652
732
4694
3908
6641
9415
4559
1491
7047
5750
7846
9346
211
4930
18
9211
5050
3023
6869
778
6804
8977
8720
4153
5906
7819
8866
7398
8458
2452
4910
4344
7741
2793
7226
1304
5154
8902
367
1354
1428
5751
282
2205
7628
662
906
6993
6880
8408
4981
9947
7604
9830
8385
7177
9746
7313
6592
9852
5069
731
2789
5293
4148
9475
806
2616
8927
9705
5481
51
3031
9881
1295
1950
9350
7504
7993
5098
8350
505
3267
1545
8334
1138
2522
5916
44
1925
1177
7415
8421
4044
1236
7465
5404
2810
4417
519
9636
3110
9545
9015
9003
917
951
9709
1391
3435
5843
3620
7104
2022
9257
592
6269
7928
5341
7937
9504
4208
7081
469
4277
2611
6403
9375
280
92
4734
6310
7796
5942
2768
4676
962
6117
392
2019
9423
3068
4536
4252
8316
1244
6853
7706
2782
4052
195
5446
5822
9428
8372
5771
825
6472
5054
3724
5931
8321
5327
8374
1246
2805
5127
4825
4831
792
1589
2494
4775
8435
2088
3291
2110
48
7422
7989
1743
9018
9297
7644
4543
947
5131
2511
1878
224
5761
4750
9292
7211
1501
8949
696
5443
4793
2428
5926
651
6797
3307
7460
1278
1078
8056
9505
2711
1065
4306
3369
8313
8703
8145
2925
9681
5179
5951
1989
5441
3415
3674
6142
591
8521
7779
6503
3887
7090
236
3317
9756
6361
3111
3988
3443
7978
694
2080
2876
8093
9441
9829
8340
1539
7859
1366
1928
6351
9097
6522
3692
3477
6807
5969
3393
783
7976
2605
2159
9897
6648
8230
7639
6417
2163
2558
1282
5815
6484
3481
6279
503
5934
5952
4422
5972
3458
2284
6688
4650
6554
3654
5960
585
5003
8088
8060
3678
6102
3425
8557
2400
2870
9938
8091
1799
3000
8130
937
2776
2232
8356
4125
8616
2255
9440
7236
1041
7386
8512
7548
9772
6141
9802
1290
7289
4937
375
2317
8445
2554
1772
6475
1268
879
1538
6379
1930
4752
8684
8716
5950
3397
1175
6774
1099
1953
1015
1256
7739
6140
8524
5603
6500
8301
4736
701
9048
8516
7129
4303
2049
1561
7408
1330
6605
4106
5252
2983
9522
1212
2161
3032
3005
8570
5652
12
2486
6643
7411
7277
8183
8206
9533
2257
4224
5225
2270
3857
1198
1412
4700
5891
8348
8148
871
5021
6717
3695
9816
5368
8609
4142
6247
4642
5346
4186
9993
87
3858
7472
3636
5457
7513
7013
4660
7921
3486
5117
4654
3947
127
8274
533
8102
2893
3076
9828
1346
1432
9049
9240
9151
8081
9614
729
3569
4889
3591
3523
2650
4461
4589
1882
4483
8115
2679
6036
5665
7303
4484
885
9563
4053
8838
8086
3459
5200
9740
1399
1336
3046
3407
7753
9749
7736
9805
7393
2510
8998
5304
7895
9751
8940
237
8160
1510
5611
5574
7137
5415
6341
3844
464
1513
9579
9090
6636
4788
5841
6317
8486
1220
1076
382
6151
2570
8982
286
6126
2637
8318
744
6162
2720
5755
3833
6888
1911
6398
8801
1973
4518
1362
6091
6236
261
9040
5449
1618
2881
9156
6422
4574
6707
4960
5873
139
5342
1410
550
3121
5183
4447
1559
760
8335
3331
7868
6228
5548
2
471
3311
5594
9793
5956
6201
4682
1129
9056
2697
7165
4368
6410
7309
5729
2363
1701
1986
8754
9954
9002
1594
5711
2212
9600
2980
3691
918
5682
9217
2981
2016
320
9045
3388
3416
3752
2102
2585
338
405
8480
5162
7745
7971
3996
3325
3807
9552
1984
91
189
9088
4324
7068
5228
4903
8253
7510
7033
2238
9032
5156
1613
1208
6531
4084
6062
4657
7377
3747
5678
318
4593
2488
7196
7163
7613
164
4691
8369
4779
5282
1209
8101
9278
2028
47
1452
3555
6438
7720
8129
3256
2464
3762
2952
8039
6507
348
4037
2596
7909
264
6732
9877
8364
4003
3514
3532
1225
172
4162
5071
8023
5533
1753
1302
9326
4503
8584
9568
5937
934
4766
2969
3780
8395
968
1729
5020
7696
1922
6664
9813
7585
952
964
1591
3440
8510
167
9927
3614
4569
6367
2604
8702
7765
7626
7133
8110
2689
524
661
3034
4091
4177
7265
5981
1106
5618
43
1742
6413
5917
8190
3575
2779
1834
7023
8073
3142
9695
144
8108
4014
3796
6368
9093
2935
8975
1550
2895
319
3203
2417
3349
2619
2829
9424
9856
6523
9711
6208
7298
6244
9158
7759
2912
6821
3910
1230
2631
3104
6304
2967
8264
4122
410
9891
832
5306
1782
4846
614
5968
581
1310
688
6494
3946
4375
2960
7668
9167
161
5795
9333
6749
8677
6622
9729
2673
3864
1080
6147
4051
4074
250
152
2465
4526
1279
3321
8071
1178
5362
562
3985
3178
4629
1465
4741
8347
3284
7610
3964
5701
1360
814
5651
7253
183
5792
7351
1759
8465
7001
4522
705
9059
827
3464
4620
1321
4394
4267
5749
3262
9637
707
6072
6498
1163
2181
2944
6204
1980
4575
9949
5945
9296
9570
2660
9826
7906
441
9414
2543
4834
9254
5885
5857
8963
5330
616
1250
5317
4078
6514
2553
4432
8331
1281
1186
2261
1160
3851
3305
818
8932
4523
9422
4361
9529
1558
9880
6391
6755
2542
1562
8113
2225
1571
1866
8811
8096
8260
9710
3155
9523
5352
9426
7126
6771
789
8562
2900
8493
9915
2328
815
7120
9647
579
3351
1461
8976
1071
8756
2454
4820
3826
7687
6625
7286
1077
9573
4174
1237
1762
7867
2120
6174
4387
9227
7073
9051
611
4757
2196
2640
4796
4331
5893
2872
4802
2528
9865
7449
4578
3647
180
9596
1166
6471
7587
4631
7254
9064
8970
6624
6376
8066
1568
4373
2448
3842
4722
7999
2204
3211
4725
5661
2443
7606
5089
8992
6785
3726
2799
1195
8547
2004
6658
615
3814
6576
7396
4840
2292
8407
8248
2116
369
804
8275
7934
1265
7627
8191
6028
3634
1066
1890
2529
2368
1472
1426
1584
2459
5526
3824
2069
7107
6689
5816
5738
7282
1483
7806
5639
3511
3428
1007
5454
417
3885
7715
8427
1653
2250
5190
3657
6725
5181
9525
2986
2323
5411
8742
3616
557
8034
6655
1524
1681
2058
7688
7035
5979
9842
811
7856
1789
6678
2994
7401
3817
1778
8296
1239
5394
8475
6549
5752
7076
9084
8370
5888
4867
9988
6724
4728
8553
1868
7468
7743
8151
943
3123
6589
7334
3024
5877
4936
6966
8875
2657
8178
3880
1846
8891
327
511
6560
1337
9919
2562
8360
1814
1204
6350
4017
5148
3578
416
9634
9238
7072
4848
2111
5064
8718
5508
3784
1917
1318
5811
1951
90
7302
9686
4688
727
8038
1093
8649
8442
2094
5083
5226
4842
4537
1126
400
4698
3263
1334
9483
1084
7006
8221
2863
5185
1034
7361
6389
7016
4532
2602
5691
1308
7151
9402
5372
520
9547
7244
2210
3273
9444
6043
8377
7327
8514
2055
5268
23
4933
5160
9184
4614
9843
7078
4749
5630
9876
4489
4115
7204
6608
4124
2018
7565
6826
9282
1206
8623
6171
57
3223
7809
9193
9931
8800
6037
4149
9370
5915
9339
6812
3750
5628
5030
8413
8387
1121
8283
1232
795
4334
1292
339
8263
6711
1845
8250
3242
2783
3962
5538
9247
6822
6640
7757
6066
6803
554
2272
4590
3879
8610
8441
7106
242
8640
9857
9624
1843
2997
1844
8286
1600
2112
3115
5363
9832
2692
4819
4083
140
4911
1715
570
115
1136
8302
154
9463
4668
823
2926
7664
4147
2993
3925
4564
3260
7324
7557
7665
4109
7214
549
6817
5132
983
7830
4719
6663
6970
5920
4297
3400
4111
4114
6003
7731
5315
8337
7609
988
3856
388
9717
9286
1096
5966
8308
7951
8821
8196
3899
2123
1634
3426
7350
9541
177
4598
4772
5250
4286
3660
2052
4284
8291
1615
4858
3367
9721
6044
8105
7358
8245
7219
486
8670
857
652
8240
8762
7380
1655
8094
4311
8910
4906
7839
8729
3264
4244
3625
262
60
17
8123
1669
8869
9185
8727
8681
4232
6506
9330
4817
3770
9722
7490
6112
8614
8752
2490
6287
8571
59
3595
7300
399
9382
9342
2138
5854
1061
4976
2132
9206
9578
252
9844
7768
8666
4748
7403
2405
2266
4457
3580
2707
7673
9062
279
576
1048
8476
175
1014
4022
1102
9804
6634
7353
8182
3755
9203
518
8931
77
8050
8817
6382
5177
447
8306
5565
4647
6907
9983
9991
9518
9777
6300
4317
8146
5577
9250
6273
2258
7669
6877
6703
4677
5746
5660
5152
1821
8154
9014
361
5259
6701
6283
5233
7947
4869
7304
5475
7370
7212
1988
609
1300
3734
3986
2091
706
9212
5655
9272
2597
6898
1580
3022
353
5269
7997
610
2025
2965
5896
9174
8437
3080
4424
5518
8271
9992
3998
6124
9004
2281
9542
3100
6918
7258
2649
2751
3800
1167
5141
8894
4897
3358
9959
4336
598
4638
8834
7374
2129
8484
7535
748
5626
6038
6176
3924
6440
4042
3308
8167
6073
3827
8336
1355
5780
9163
7266
8412
4844
7392
2478
4814
3959
1893
9853
2037
7308
5452
9837
4016
6668
3896
6931
9716
4699
7564
2158
749
2103
6459
9492
6515
6356
6529
5440
9672
4296
3098
4356
1639
5674
6579
5110
4625
6573
3596
9742
249
4902
990
1817
8856
6328
6337
1822
6637
1642
5459
268
5357
5684
7439
4465
3594
5006
7479
6452
5077
1313
9906
670
4983
7758
9079
3982
3738
8820
6746
1897
6238
9720
1004
4351
3215
7554
9479
6412
1140
3765
8515
1734
7190
5632
6249
2593
194
7625
5473
5239
1251
2819
9369
7360
851
3487
2100
496
608
3892
974
7312
4712
3581
9322
9189
8574
4626
9391
9923
8760
3366
3232
3292
1543
8461
656
7267
1144
8200
9327
9638
7834
9908
9005
3745
8017
1781
7735
2880
5779
5517
7443
808
8935
2006
8592
3228
7811
2990
867
4397
6874
1287
3751
900
6587
208
9577
9273
2367
3640
2885
8042
227
8667
3530
7573
8396
6890
1859
3589
3685
3381
1150
6453
5745
7970
3999
9136
9821
7148
6373
7464
1415
9509
1371
7812
9456
4281
8680
6153
5619
4767
9290
8772
619
1238
1328
6404
3329
4580
4640
8382
1398
4487
9814
3883
308
3419
418
6861
5504
4488
83
8978
6428
2590
4755
602
1532
2738
2415
6595
1556
8565
3854
2176
552
6547
6978
1746
5100
8939
6813
5564
2941
3953
1190
5583
1142
976
2013
9197
9219
1333
8366
3871
6007
1401
2974
9390
7849
5949
9266
8843
3915
6680
3914
4221
6011
4126
6792
206
7954
6470
1769
9673
5736
2715
6721
6857
7960
8845
676
8731
8952
315
9103
4438
1422
6327
2135
3623
4246
6992
3281
1696
1365
1915
4416
8352
1883
3301
6716
580
5558
3194
1969
2172
1439
2157
2770
9691
2243
6899
1369
7041
3897
3704
8092
6558
9482
7616
463
9287
198
2719
9195
202
9728
8776
5175
8077
4012
5967
8216
5622
8672
2898
456
9953
7124
9264
6277
5675
1854
3821
7662
8232
6795
8993
6497
3587
4164
9152
8886
4990
7241
6381
7904
7242
2536
3339
5781
9302
9139
4421
1534
7471
9464
3258
9310
5489
6950
8024
9790
3395
9334
6760
8942
3316
9409
460
9994
7428
9611
8213
6239
2366
5153
5970
2555
1698
4530
1607
3363
6286
8880
1085
2866
6537
5617
1873
4493
2859
9025
9130
7636
3160
664
3785
3508
7130
8504
3090
4795
1305
1737
1188
9539
830
3431
1985
7318
9258
2408
8627
628
7400
3444
1249
849
7295
3274
813
6098
573
1641
4870
467
659
1903
9261
3094
1454
9439
2191
5927
6099
4567
4984
5118
9555
6294
5520
775
5635
1626
1648
1326
6585
1552
2953
5419
6206
5294
2375
2569
2382
6424
650
1825
7838
4571
5052
1797
56
6943
5849
4587
9538
240
116
740
3933
2213
8550
7142
8522
9486
9980
2217
4110
7883
4256
8679
6568
27
7262
4140
9241
1440
6620
4105
2495
6370
5466
4835
6835
6325
5892
3375
5955
747
6891
260
6058
4999
9776
6729
1416
2165
3981
9800
7520
5801
4028
5560
1788
529
3150
9493
5819
7549
9313
5133
9102
910
6163
6499
2491
9986
2732
2402
3015
4829
3628
5913
7037
9338
7198
7097
1055
2691
3120
8080
3282
9373
4064
8201
2353
5460
7161
3214
5500
6467
7416
9726
3113
4127
2404
5360
8639
6196
3782
765
7529
6108
7080
4837
1364
2982
2296
9866
9033
6761
1593
4251
9514
8508
2860
7170
3278
5988
7553
2599
3599
5856
8164
1001
8262
8870
1638
6777
4811
4876
1509
5766
2133
5783
184
8779
9060
2831
2438
5727
4931
2684
7249
2379
4024
7840
3340
6030
3207
9867
9607
4414
4784
9750
9353
6032
6913
2818
548
9719
3067
3136
6388
1296
4473
6164
4475
459
1617
7323
53
9572
9854
4228
3460
4973
1744
5987
9649
1482
4374
5224
3297
8037
6893
3044
364
8648
2244
3798
7594
9066
5575
7053
3811
257
802
331
329
4941
9687
7476
1952
323
1051
3216
8058
4340
9453
5104
640
9985
7791
4428
957
324
8121
3077
8386
5812
9491
1672
4168
2148
3234
8725
8936
4724
3500
7187
9331
6335
9096
2968
3810
5562
928
6154
7850
3804
3670
3638
5646
758
2242
9543
2706
2185
7320
2388
920
7922
9517
9930
8890
584
5263
2082
1872
5522
3352
8654
2305
2195
2189
4222
9580
7671
2524
4705
667
5649
7590
4030
822
9340
2681
6791
5383
4188
2334
9301
8613
2927
5422
6145
5778
517
5642
4459
7935
6226
3489
1808
9098
32
9170
7615
4607
6399
1108
2412
9825
7576
8741
7536
5580
5744
5391
5302
8832
1457
9222
3903
720
8946
3183
2985
617
5929
436
6948
3739
1056
8243
6479
302
8768
2762
5702
7139
2076
5458
5305
3293
6836
8170
6758
8683
824
7150
8226
9536
6319
4326
799
5601
2851
8743
5126
933
7154
4025
4915
4179
8943
5839
4816
856
4529
596
2248
3942
1074
1520
4120
9760
6019
6934
7820
7729
9078
480
2546
3565
9918
6875
7699
2730
2850
8265
1245
9445
5648
8698
4235
767
4585
9496
613
6845
4237
14
4894
2716
5871
5534
5941
2957
1367
8490
3937
4453
3451
4062
954
3968
2146
4198
7877
864
8179
4163
454
4325
4979
6150
4707
7019
404
6584
1404
2324
2798
2886
1724
1823
4304
6865
3430
5367
4912
7619
8652
3783
4975
8150
7860
4742
2219
3138
8777
1385
7956
884
7098
3152
3535
9602
8156
761
6172
742
7725
9009
699
6130
3186
8168
1143
8825
2621
8032
3455
8238
9601
1243
4685
6285
4096
1609
7208
4055
2874
2773
3174
1132
6281
5551
4907
1961
7925
638
450
605
7234
9253
8783
7292
4744
5267
9727
845
9612
4531
6255
1522
1939
2358
9925
7455
3574
190
5861
5777
6105
6353
1931
3819
8819
8530
6221
9435
3529
6118
8912
6889
8968
862
7837
9341
6940
1252
931
4552
8290
1147
1386
2396
9582
4420
6123
1467
2083
1423
8239
3850
482
8641
497
7655
7058
468
1818
4293
5004
4656
1060
8276
6905
7526
1918
9019
1957
9928
2166
5329
6339
5710
6677
607
6250
4136
1940
5254
1343
1347
9216
6834
4273
2264
9387
3948
1057
8773
3003
381
1703
7923
3189
4386
380
9835
2211
3651
6602
4716
3037
4497
3402
5301
9962
2230
3705
9968
6614
6742
390
5270
8095
6348
3326
4573
2735
8706
6345
9371
9559
4525
3213
6952
908
4425
3600
7982
4342
8028
3002
3965
1860
1783
2175
3433
9351
1373
6435
6446
6687
7368
6083
896
9043
1476
1357
7689
8957
1017
4828
631
7215
137
6798
9807
1447
8309
1502
1923
9230
9465
8517
9527
1733
5365
307
8333
4822
4242
7157
8790
6623
5905
3758
1274
2670
7008
5554
1948
4765
7022
9135
4171
6773
2648
491
7648
9010
317
1291
2749
8072
531
2134
3583
3218
4350
1841
9619
944
4490
4372
7473
4322
3064
8373
6332
6077
9305
2098
5865
9932
3081
1075
5835
4768
9912
4519
8663
4865
9942
5587
5997
4034
9236
5747
9724
6581
8687
5464
5434
2905
3193
8180
9707
7916
7777
5393
4541
3509
2199
7656
5900
757
5808
8320
8422
112
8297
158
955
8924
4689
3979
635
3315
723
1849
6416
5322
4758
8848
6844
4266
3025
5869
736
7653
3016
8119
553
5748
4479
9909
888
8293
5078
5271
8628
6759
2279
4596
289
5223
3099
1635
7700
6548
2662
9192
6860
6096
9073
22
8138
8314
2389
6084
3327
569
8657
1481
5307
960
7326
753
6308
7534
7055
1475
7620
8177
6833
5245
2978
6830
8169
3984
9352
4512
781
5584
9586
4113
4892
4161
1258
1927
2309
9670
377
7296
1342
6536
1124
8026
3172
3729
5371
3143
8594
7808
7344
1095
4737
8128
6495
3767
1707
6217
5902
4094
8111
2406
859
7057
5785
2665
5712
3748
1002
345
3788
7044
6763
7714
4727
3766
3928
6012
6590
909
4883
9944
5840
2830
6781
3545
3974
7337
2777
7125
8393
2039
3648
6704
4715
8738
828
6885
3701
855
8481
8618
2575
97
7484
2987
6288
746
4877
4943
104
7461
8035
4318
5641
7742
311
5170
5051
7207
4888
5264
642
1662
3482
586
1620
9126
3114
7029
8414
3837
395
2709
4925
7891
255
6344
9161
2803
9957
2390
6632
86
2278
5135
5157
6631
2856
1612
6397
2470
5065
3806
5204
7499
9917
3485
4430
7901
4498
9701
7958
8711
6809
7608
9434
5543
3061
8153
4364
8854
5986
3001
669
1382
2235
3543
3480
8577
3103
2327
6706
423
4538
3285
8865
1832
70
9108
8068
7291
141
7854
4582
3008
6887
4300
2796
7804
2011
5405
2346
839
6894
7421
6040
4332
2462
2933
6125
8798
2493
6436
3065
5253
2700
4167
6681
6175
4481
5541
6935
9859
3310
6633
7419
9606
6645
1079
6462
1387
8842
892
1397
1456
9658
3693
8833
3437
3053
6080
6740
3377
5546
4339
2167
1710
6968
4388
9678
5718
6449
7798
4886
2054
6029
3618
8365
3540
9674
7414
8873
6039
3970
9481
9715
8120
7595
4464
710
8139
8784
304
1861
7965
8004
8125
8561
6814
8587
5595
3122
7061
8378
4346
9922
1081
4000
1341
3818
3764
4544
9608
7310
3360
9299
5240
4964
1293
4440
2654
6354
3151
9472
5850
2690
283
1735
4693
5627
6612
2669
3205
2429
7938
9603
9862
7089
2085
4560
8464
9613
6421
5820
7607
7642
7431
4360
157
3199
6850
8082
7288
7003
3646
7726
122
4270
5146
6796
3230
9698
2823
3756
8909
9068
2410
3448
5034
2718
7438
4399
8546
2556
7425
2513
1745
6316
230
7255
4764
2995
8744
7135
1162
1266
6599
6265
2792
3863
2487
1877
5165
4234
8272
354
3471
5410
6661
3066
7441
5049
1009
2671
6161
1909
3378
6719
5773
6315
791
7279
3243
1879
5714
7693
9267
4086
379
7458
4192
2861
2377
6364
9940
5535
4355
6021
6050
7306
3519
1242
4971
6736
8472
6975
7224
5672
6209
38
9907
7515
7257
6562
2108
8608
7751
2704
3728
6313
1311
9270
3368
6173
3304
4762
8509
2713
9293
3666
2446
3853
509
6510
9386
4135
5658
5108
4050
1647
5851
3208
603
3971
4341
4348
5859
5389
2240
3873
9210
2521
8691
5048
4667
6810
5374
7039
3135
6768
2362
5741
5222
3410
5261
5229
7147
6693
8047
3503
2149
4038
9157
7926
787
67
512
9764
4619
7871
9960
4998
3124
2549
6751
507
9317
4900
247
1533
5187
8944
2587
5553
8953
1819
9699
9094
6411
2220
6787
2147
7062
7283
4761
3938
7206
4891
3630
6224
288
2834
2122
1221
7723
6086
1884
8617
7517
3683
9713
4398
3322
9155
4040
9604
4957
4291
7321
8254
4194
9023
8576
3926
7141
1264
6926
7405
3528
6046
8785
7852
2565
1801
6214
2540
1319
8332
9999
8399
6618
3906
207
7790
7427
1134
1073
7183
9345
1625
9304
178
4098
6015
1767
6297
8579
508
1583
6157
4227
1462
9168
1998
6292
2064
4653
6262
4965
2050
1907
1967
2533
6458
8629
3171
2775
1152
6653
1820
5351
4986
2962
6119
3655
2949
7017
8923
9775
4991
2060
6739
4299
8844
2391
4472
4659
647
3192
9109
809
8917
3309
1864
6220
8567
3848
6188
6323
6570
2061
6387
9730
1058
2508
1087
5742
6336
5007
5494
1602
5890
7007
567
1577
4444
3689
6383
2456
9121
3744
5436
932
3536
1610
3772
3107
9180
9682
7645
8999
4913
4562
3865
1025
9827
8008
5195
8215
1624
4597
7544
4945
590
2326
3803
9228
6441
2364
5568
8242
5326
4714
865
5667
5814
6454
5631
8534
1516
2924
5090
8964
6712
8443
9034
9836
363
1689
3994
2647
797
3244
8469
5775
5334
8174
9443
2804
3210
6914
9605
6055
9617
2929
9700
