8327
103
8921
6618
4704
4415
2754
6594
4811
2397
3088
7447
1066
8121
6057
8055
4619
1673
3349
852
731
3251
1796
7821
9782
1242
3342
8547
3016
1380
2258
7127
3501
7848
8359
3098
433
8106
3547
9099
1141
4480
2839
9901
7324
3630
3685
4434
5337
7075
4925
5329
7716
9886
4598
329
572
3656
5864
5064
8587
5327
6806
1255
6003
7726
882
4009
9735
9777
4113
9454
3605
7672
7588
5733
8482
7407
9502
9968
938
3739
9152
4083
8061
1679
6718
3099
4051
970
2152
7642
116
7683
375
9922
1359
2611
1089
7723
285
2282
7008
3078
9275
6094
3114
1173
6856
8271
3945
8930
439
5539
1657
1447
1651
2531
9336
1353
8491
2680
1005
3678
1417
7061
9114
44
6835
8287
3382
5718
5640
2960
7800
2140
2465
5577
3117
6527
4809
8678
9718
5442
8726
2048
7758
2561
9322
8600
2237
9030
2985
2329
8439
9945
382
1230
7872
7863
485
451
9520
7618
9128
6810
7561
2762
4712
6796
6201
3880
6327
7282
4406
5265
5740
6731
2928
4201
1678
2578
9977
8657
7419
2456
9326
4501
4233
4591
8576
6656
6302
3947
438
1763
6852
4860
5763
9329
7277
934
5601
6298
4072
9527
6473
9708
9177
6733
8475
9141
6362
8139
9685
9887
2890
3186
1422
5584
9749
5622
7896
8010
2927
1240
9730
1941
4721
3515
2843
8575
4517
4746
4453
3778
3371
1942
5084
2040
8459
9881
3050
8155
6221
824
4242
2460
3419
4101
254
8566
2448
5978
3322
4185
3955
3650
3431
255
4989
1783
1881
8447
7737
9780
4733
3275
2721
3029
5964
2322
1144
3736
5141
6944
235
2442
7112
1757
9126
2805
3498
9159
3828
8573
1977
5946
4886
3625
9347
4959
5522
5438
8874
9930
3207
8751
7582
7740
9012
7203
6750
8285
957
6479
2772
4564
7289
7600
2353
8153
2681
9359
4525
2200
1068
8588
6120
352
9781
3933
1060
4558
2773
7487
1815
7645
2710
6960
7350
4656
978
6545
4054
3428
3907
3470
8219
8849
2271
2520
6551
8315
5331
2226
1407
6229
2752
8647
414
294
2330
7762
2574
1745
2792
1781
7747
5067
411
8188
2603
3039
9747
1210
3151
388
2644
9709
4818
8056
6105
422
1391
2481
8772
1643
3691
7286
3726
8164
1471
1206
2951
8910
7182
1832
6382
4894
5390
1948
4541
8546
614
8615
6961
1723
3849
417
2870
3417
1366
4107
6889
8280
2264
3854
5992
7114
8548
119
9514
8119
6207
8339
9593
7927
7455
2597
9321
7227
1294
2343
5820
5717
4440
6195
6239
1821
6093
8088
2266
4549
2820
4455
3962
8244
9662
8430
9729
3617
2982
636
4588
6583
3017
2031
6427
1272
6266
6887
88
5672
2222
6159
7959
8706
4371
2514
2667
1774
1642
127
58
8492
5138
4172
9404
1795
4571
4599
465
6762
3408
1170
4141
3683
1104
8508
3887
1621
2104
3060
4675
6955
3966
9308
1128
1692
6276
9186
4979
8024
8104
2342
4457
6328
6098
3894
7133
886
7932
2570
2251
7590
99
357
8988
6768
7695
9804
591
6993
9435
3309
2473
6222
893
8394
9785
981
6164
2781
7024
3573
8309
2089
9883
5871
2684
2427
565
4079
929
7016
8736
9032
1970
7410
9443
358
7860
6112
2881
460
5446
6747
857
6707
4176
1814
2834
244
8611
3832
2892
9325
2447
8484
5512
8038
5537
3311
9786
582
6754
5551
5739
4187
68
8949
3518
4487
5588
2354
9679
5473
372
9875
917
9489
2926
6456
4098
4530
3701
122
6834
8618
3097
9106
8187
2613
1975
1953
6016
3531
1581
9676
2908
4941
1328
8434
7553
2770
8878
4066
1198
3352
4944
6241
5421
1603
9003
1048
7279
2094
8429
9211
3964
7578
3306
7243
5082
4730
4605
9915
6007
9239
6911
5980
9143
6021
3815
6736
3213
6800
6431
2339
2701
8596
9486
9288
3563
7177
2973
571
7097
4585
2412
7891
9300
9834
7161
2876
7952
8626
2871
2079
7027
3274
5877
1573
473
5573
3146
3217
8420
1851
8299
5783
6162
6219
4556
9105
2253
9045
7751
5940
9433
3886
9337
3126
3051
6542
6489
2318
2316
8504
5427
9183
370
3567
9999
428
154
7924
9503
9353
3299
9340
941
377
1949
6373
8483
752
7803
6710
5955
600
333
8346
5968
1120
9880
8141
8610
755
1569
6013
1512
1374
3733
1162
111
4145
2101
3206
49
913
9109
5730
6793
6945
4071
5944
3801
3012
1124
7739
525
9206
7449
2359
3877
7802
9365
4366
6422
9633
1364
3915
5624
9392
900
8031
5207
7402
5611
3668
3077
7572
723
6134
8840
9174
5000
5593
379
2277
8288
6827
2245
7838
1824
9199
184
5780
9750
2127
206
5288
209
7632
1147
4377
1527
1285
3315
6055
6078
5183
5081
252
4615
4551
400
316
9196
9362
5068
3174
3864
6914
8905
9098
3469
8742
9573
2963
1675
8419
3488
739
264
6323
7979
1810
6723
8779
453
2474
7519
8353
4036
3917
4804
1427
1448
459
5935
7512
7736
6620
2331
721
9013
9350
385
7547
4088
914
3188
2374
3890
7787
9247
5875
9089
9566
9363
6378
163
1045
2195
9895
8559
41
8118
2369
3307
3804
846
7085
7233
34
6591
6056
1304
52
7363
6590
3412
2941
9408
6699
1246
4192
4943
4890
2010
5759
8818
233
4327
7597
9135
6086
6145
9938
7020
8811
2689
354
9889
3539
5686
6175
2988
6990
5354
4969
2669
9208
1351
6875
3999
2470
9615
8071
6000
3211
75
2029
484
4670
3970
8205
5666
2529
5455
1467
7522
4340
2394
5085
3892
884
2575
498
9303
4531
4038
7416
9618
7834
2293
2476
1400
2205
3914
5153
3503
8961
392
8496
5056
1707
9496
2623
3963
2616
3094
2229
7748
6444
5485
8756
5625
9154
8428
9627
2885
9538
2540
8846
2292
5274
6490
7523
3995
4056
8079
3885
5761
2537
337
9823
6230
200
8627
4370
1201
7953
2664
2425
6698
622
4677
9153
8463
4343
4713
3562
1938
4936
3746
5861
871
5394
772
5839
8352
8574
4752
8117
5472
9040
3272
6042
6371
224
2268
7735
3221
2677
9366
4622
9270
6438
1334
6636
8485
1650
5664
9510
1237
2913
4649
6483
9571
8685
9586
3647
8250
8747
7357
3422
8249
4194
8882
9943
5753
2437
8356
2618
2296
9965
2948
1135
9691
7105
634
7650
1192
4228
6203
6443
2891
7631
6075
5545
1764
4603
8128
9331
2582
2184
1769
6451
2344
2525
6123
8894
2849
5028
5037
7295
8764
943
8210
9981
7999
191
4607
3463
5556
7909
9638
2173
5375
342
3179
1370
9980
2141
5195
8784
8551
4613
1540
1531
212
7501
139
6901
5414
2081
5838
9037
2136
9772
7704
2810
6726
4661
5398
6495
7084
1453
2688
1432
9947
7583
5786
1131
631
4091
6179
4994
642
2247
6650
6324
632
2217
4167
6063
2091
4720
5516
8914
6283
9412
1049
6163
6411
7756
2415
6071
7092
7799
2782
4971
4940
8332
3164
8770
7256
7312
9283
1132
135
9914
5388
3141
125
2558
7432
7936
4793
7603
9185
3944
4557
7859
4828
8803
7030
5403
501
8599
1969
1524
1122
7314
515
5305
5722
5226
7940
1816
7115
9678
1449
7026
2726
241
173
7404
3533
6684
3586
5986
6466
6579
6281
8369
4777
1741
7151
6085
2751
9903
8700
6054
301
9450
7573
6708
6291
2970
3898
7878
8122
63
2711
2111
3238
1244
5919
6789
6246
7472
2978
5851
6130
8870
3720
9378
599
7348
9994
8984
8381
788
6977
2367
8903
4446
667
6846
1587
7018
3906
2025
3521
555
7529
9801
8015
7321
9809
8060
4562
36
9244
7033
3997
9160
883
785
9754
7430
3411
5667
8676
9205
1340
3003
6703
2850
665
5943
2309
2244
5243
9452
3232
2577
6322
6582
7218
432
5788
4917
7988
1316
5620
9673
5526
5594
1354
1148
3671
6070
5942
1826
8867
7448
5322
6872
6347
8126
3652
1931
315
2809
1462
542
8324
8539
2403
6336
5024
3410
9163
3551
177
476
3399
7470
2543
6646
4249
8540
5399
956
9680
8069
3156
7987
9753
5804
3070
3441
7412
2142
651
1699
9394
7125
7453
4826
5001
8979
2078
897
6038
8166
8987
3677
8018
1248
2386
5610
8194
9189
9540
2912
4768
4812
692
8965
4077
2544
8158
5017
6790
7475
969
608
3852
5855
9405
9062
4089
6616
1476
3520
9997
2169
7053
7139
9625
2193
3496
4229
5591
2180
7659
1181
5660
6092
9459
211
9124
2955
953
1883
8527
3949
8225
1296
7392
4155
7271
7118
7343
4264
3942
2464
7202
2580
1002
7293
2777
7107
3785
8993
4996
2395
6453
7957
724
1434
1718
1009
6212
325
2334
1693
3868
6270
9007
6727
6041
9176
630
1080
8012
5744
7137
3623
346
3987
7250
1918
9473
5782
2620
8975
5044
3190
4741
1464
8358
1436
6186
5278
4822
677
2814
4869
8231
5990
4627
4360
5534
5166
4767
5353
5168
6701
5282
1974
101
4325
9293
1270
8132
5547
6854
5891
8609
4166
6804
2651
6967
8519
7162
271
2112
5004
7308
974
9650
3391
1319
9401
3323
4004
8495
1623
2313
2778
6204
9647
7830
481
1809
9716
9714
9584
9742
6603
1493
5618
8814
8418
5830
9441
8449
8605
801
1333
4410
8021
6975
1090
7608
8807
8044
9610
9578
8507
2551
5634
9198
836
7579
9121
2541
2682
3183
5858
710
4491
787
2831
7769
3334
668
6335
8076
462
6417
8855
621
845
2612
1598
8797
5005
2090
8765
4710
3479
5668
1300
6318
1317
3446
2939
783
9279
8284
945
5925
2532
2904
8180
4003
8557
1130
1812
4164
6537
6792
3931
5435
2273
2765
9376
2530
7746
7405
5809
5883
9184
2423
9512
6329
1889
1150
4850
6375
2758
7147
5538
9488
2499
6310
8401
8305
3612
8016
2869
8815
9812
9016
8338
2740
1644
9863
657
5171
1091
9298
2431
2584
6209
1979
6033
2735
4317
6946
6528
948
3769
4955
6775
9081
9241
6610
2654
661
3514
9944
5430
6639
3766
2006
1756
2321
9193
7612
6735
8841
3902
4816
8223
2061
5810
3442
1687
5208
561
4830
2859
3037
7438
1106
2093
7606
7755
7713
4858
6200
7134
2076
3236
7145
619
4484
979
3937
8866
9844
704
5217
9301
1550
4082
700
3071
2557
2118
6543
672
2436
8127
9599
4074
9494
455
8446
6367
9389
9058
1856
6117
7228
3585
7902
1739
3643
8432
6383
61
8853
6666
7890
6414
686
6172
8643
910
2201
6971
4059
8258
1293
5126
7971
6847
3215
5576
5206
9102
5852
7733
4246
874
3959
8813
3956
7189
6104
4217
9022
2191
6467
155
3545
6630
2402
2340
2137
644
4715
4401
7610
1677
8923
129
2057
5188
5585
5106
1876
5315
8003
9472
628
5532
1541
3466
3621
7009
1039
6271
538
115
3940
394
1534
5928
2607
936
4041
3772
1058
6876
8441
8996
1752
5411
8895
1180
931
9431
5633
3093
5182
3960
2585
359
6883
717
3407
4094
8699
8460
508
6624
933
3096
8860
4222
2119
9076
3660
8311
1321
2906
2446
2739
5176
617
2131
3867
9837
1195
9532
3435
1758
7812
496
7318
2764
9891
4516
2678
8498
1021
911
3052
8933
7141
834
6815
3749
7858
4156
8934
5154
2416
2159
7476
7320
4567
6128
3459
3291
5679
489
4888
7148
6605
5038
1956
1562
3698
5557
6544
8390
62
4643
4966
6029
9064
23
4754
1305
9909
1706
5410
178
6445
9848
8489
3450
2462
7973
3076
7317
5431
597
7712
5766
2434
9132
1482
4283
853
6897
7997
2933
2968
769
9763
7513
7658
6657
1857
6137
4729
6757
7780
8384
6586
5014
3583
5033
3139
1576
1588
575
647
997
8487
2030
9397
7967
7731
313
3704
4275
6676
4000
6673
4069
25
3537
706
9879
5408
9893
1171
3086
1454
6416
6916
9621
6613
318
8748
6783
3328
5303
3710
4580
9854
65
6406
5086
94
266
1755
6150
3354
5114
9057
7101
3000
662
8144
796
8850
3626
5495
4939
7841
4040
4737
9018
1223
2046
8791
5528
2587
4427
4478
5800
6213
7330
2275
652
1419
7905
8652
5571
9178
982
8881
6896
360
4357
3865
1740
6822
1302
2692
2503
10
8046
3026
5049
9916
8947
2724
3495
947
1952
9832
1732
9589
606
3728
6393
1547
3740
5486
7931
585
9202
2289
5310
1153
4701
663
9721
3253
5489
3317
1358
6903
6802
4473
5039
1940
528
2796
6573
4191
7082
1779
725
8708
6998
5869
183
9033
7923
3781
6756
2643
5636
6059
7234
611
7754
2952
5122
2921
259
5147
7906
3212
7711
4178
9962
6892
4902
6309
5583
5191
609
5380
1251
2021
7422
9852
878
1309
2109
7297
5932
9054
7738
6729
3575
8378
9877
7181
5356
4445
2070
5225
8928
5054
3202
6516
366
9563
2897
1226
331
4411
5676
2041
7714
1357
95
3611
2466
4907
4389
2502
2914
2932
815
4462
5401
8817
2290
5957
403
1203
8541
9422
6256
1626
4244
6420
2642
133
8243
2725
776
5493
3976
6457
696
1730
2494
6619
4136
4468
6615
344
50
4230
2424
5318
2472
6753
7948
584
3512
3210
1189
2822
894
8995
6316
592
2848
3375
7132
9011
991
82
9349
7021
7699
2100
2265
735
1685
5802
3243
9587
4018
5966
7741
9268
6354
7574
9591
792
5116
7744
3561
9225
3377
5805
5186
4515
5063
995
5480
7437
7880
761
144
4127
1686
5002
9265
4824
1914
3089
2186
5812
9684
2234
2824
5095
1035
3249
8528
105
9799
5654
3168
6787
371
7090
6853
7564
4375
4379
8179
1081
4644
5090
247
356
5903
1094
814
9464
937
5021
743
6001
6048
5831
363
3279
4221
3163
4430
2176
9820
1463
4748
6976
7782
5960
6519
3131
6321
7074
4689
3491
999
5612
4342
4633
6915
5405
1161
1564
4090
9140
6381
9608
4391
9746
8245
5723
3998
7229
9826
1483
9839
869
4563
9190
670
2552
9991
4916
1561
8264
7500
2398
6428
9741
8973
574
3403
260
3984
8000
2734
343
4640
436
1982
1308
3713
8171
5988
7613
5466
9523
9448
7096
1520
9783
9451
7366
3084
7839
7719
1267
3263
4170
9775
8723
7466
4215
5051
3451
4919
4937
2179
1666
6553
9940
4871
4921
9461
3653
3648
9194
6644
3246
5072
8113
7791
9739
786
7028
1924
6510
2696
4699
3572
6867
4220
569
5752
7577
202
9000
4035
7678
500
8702
6669
3074
7206
8425
1290
2469
8256
3732
8450
1722
2355
1553
2674
317
5059
5105
507
4963
8040
5241
2113
5185
6277
4801
5151
750
3092
4005
971
4043
9222
3477
4461
5971
1092
8064
6442
7423
117
5931
6113
6816
7520
2949
3090
3755
6011
3790
7344
607
8423
1555
5244
7623
9044
5170
2862
1496
8445
9453
8234
6264
1220
889
9831
4538
9525
1830
152
1859
4646
9416
6601
9088
856
8896
4458
1922
5496
1694
6312
726
295
1867
1024
2571
3548
6234
3360
2233
2299
7989
3166
9463
3019
6290
8758
8084
8184
7533
4019
7172
167
5814
9616
1126
7835
2895
4060
1990
2661
9581
156
6497
908
9287
3432
5342
319
2627
2167
5790
6880
1841
9970
187
7204
5174
8918
994
715
5271
4837
4814
8176
8052
6405
1215
2905
6385
7336
7742
1843
1168
307
2937
2308
9850
6606
1273
1437
1765
557
648
4118
5406
8769
2753
2776
7223
3615
5347
4336
2745
8437
1228
4042
193
3994
6890
4314
469
2480
5773
5863
479
505
4771
7439
7326
9582
6008
3928
7807
3542
2483
9309
2634
9200
1504
4825
1256
8408
5769
9232
5285
6355
7198
861
6696
9323
5212
5746
1026
919
6531
2625
8859
4234
7468
8744
9212
5899
7140
741
784
3358
5954
744
3936
3198
5150
4885
2794
5290
9444
9681
8922
8578
5060
4240
3975
7660
7790
4835
5162
3108
6803
8900
595
3642
339
7558
4988
3513
5695
2900
676
3913
7047
4016
1511
8457
1864
9771
1083
8066
7025
9617
9427
4978
1212
9757
4080
9923
8837
9797
5504
7505
7794
7291
4368
3764
2803
2847
1306
8025
4792
4309
3619
6547
6331
2034
6909
3702
734
1597
413
2383
4394
4745
8254
1266
1802
7207
3011
5859
3020
2346
9170
6477
3344
5775
6709
9485
5351
7910
56
8146
3910
3235
2547
1519
9639
6874
6861
1934
8901
9736
6994
3523
7163
2103
8638
8028
534
5748
8295
1695
9967
5770
816
1536
4279
5030
8263
3247
1468
6581
1601
1544
2860
5231
1033
7131
7442
2337
5323
1025
6487
8890
8272
5675
21
1854
3325
6386
3871
5404
5344
9521
9602
4561
7543
8687
2124
6250
8355
2377
3301
7160
1800
581
192
5878
1311
169
5302
7537
5119
182
4905
5684
1086
5139
6843
4815
942
7135
5279
6392
9149
5882
1023
5392
1385
7563
3541
4250
8197
541
6941
1704
9484
7007
140
8696
4123
5248
7898
8414
6047
7634
946
8402
6517
4671
2536
4097
4173
7129
3953
2576
3809
3075
5914
2670
1890
7486
4147
9299
6082
9029
3631
6795
6512
2959
1097
8970
9705
1653
8538
1882
5031
7098
7685
4026
5312
4320
9855
8085
4581
8521
3400
6077
9585
3224
6987
472
7100
1526
3361
5156
447
7436
7496
134
4620
309
2218
4983
7580
3278
6985
6671
6398
4134
6272
8583
962
8410
2983
1075
7057
2879
2513
9969
5951
8092
7383
3129
8366
8856
9853
3002
3388
3729
5252
5366
4808
5506
7638
5409
6674
386
4586
4843
9976
6126
5965
4119
925
1418
2477
976
1113
6121
6830
5569
638
5565
4920
4395
399
11
1365
8129
4351
6087
7136
872
8649
207
7749
6103
5058
4496
9759
9737
6361
5491
6918
9014
8426
81
5911
1792
1602
8580
7745
9859
4817
3102
4189
8569
5694
5793
6530
2399
4471
9984
1963
9671
7510
7585
9005
7497
8773
8120
7333
6496
8185
6595
6410
3425
3505
9659
416
7662
1500
5309
8679
2305
7947
1495
6125
3001
1726
5916
8964
9866
7833
3525
2992
1664
6244
5076
9951
5791
1950
993
8581
6377
5708
6231
6464
5263
9722
214
3696
3584
409
7384
1410
5083
7261
1580
118
6811
8871
4750
4875
5009
8754
576
9692
4727
4045
560
1234
9913
2096
7984
2125
6289
4031
2655
1368
1862
2325
551
6469
3359
1438
9549
709
5266
2143
6002
4346
8290
108
7427
3800
3900
9115
2962
3823
6532
8879
1639
2281
3646
5602
9294
1245
7077
9093
4048
3714
1445
3893
6773
5194
1683
8967
5093
6009
8644
1907
3676
6882
6894
4488
708
8645
8938
7244
6320
8969
3178
782
7374
5163
253
3105
190
8804
8020
7385
1753
1863
9522
480
9539
8861
9576
3791
7411
5714
2858
8694
2679
3083
5184
4763
9818
8237
9315
5562
9334
2555
9466
1835
2924
2538
8333
1636
6267
1919
8196
1923
6873
1962
9235
5025
887
5451
5055
9964
7313
2220
4100
7615
5541
6572
7303
5843
7023
1797
3664
4986
2797
4481
570
3393
3667
4108
848
5969
4596
5876
7370
8625
4893
7831
6667
8029
6799
8570
7426
7881
5130
8816
6258
7775
7367
1399
8757
6107
3449
7246
5043
7093
9937
7727
5687
4039
9027
398
7029
9164
1167
3122
3223
3797
7599
9214
5815
4058
3008
8241
8771
1993
9276
1043
3846
8980
9688
3068
548
693
2966
8035
4764
9990
6907
5626
6690
5721
885
2028
8616
6447
1499
8545
8543
4583
2139
170
2126
3120
4120
9808
3935
3305
9028
7187
9021
3200
7285
9418
3374
2972
4254
2032
4698
9592
2049
9926
8690
365
2036
7870
9641
4602
8159
5127
3509
1711
7287
4046
3592
1274
3721
3825
2812
5508
9278
2586
2486
1394
9513
2826
289
7706
1554
944
210
6181
9077
4524
5857
4997
4025
8331
6568
7639
5934
7674
2989
5386
3555
2511
2301
7276
5994
8306
9517
348
3549
7183
3385
2668
2958
1259
5570
8107
2790
423
7692
3845
5475
6798
9892
1646
5306
3290
4498
5117
964
7267
8848
7963
9031
9388
6506
3041
3087
8579
602
2994
9547
4055
1197
6635
8278
4654
4277
2175
7670
2633
8186
9256
8226
8316
3724
87
3295
6067
960
5867
8481
8391
238
1375
7199
2202
6463
6294
5692
8929
4065
1098
5201
1612
5478
524
2841
1423
3034
8473
9280
3231
3402
1586
9497
1518
2146
9789
7462
1921
4645
8968
8022
5236
9606
567
1416
6184
1099
5652
3629
7778
4760
3844
3878
1435
3355
7767
2999
8935
6396
5531
221
188
5041
3510
6912
3294
3418
3475
2232
5755
9499
9465
9240
5199
3847
6781
7686
3990
5728
8595
1738
2614
8776
7925
6801
8364
3579
7072
3289
3125
2980
6284
5674
3149
467
1105
1641
5499
6794
1444
5828
5022
689
9821
5725
1985
7433
4319
4373
6893
1225
9768
3028
2707
7560
8385
5011
1216
3461
6099
8562
5958
7595
9371
1790
6526
7757
4364
9733
9719
3144
3820
5904
5572
1637
3699
4494
4188
5720
5377
7691
3839
9491
2326
1754
8438
7388
7483
2106
5833
4303
901
222
6692
774
8808
5646
7216
1442
8509
6097
1038
5482
12
1748
4618
3517
6215
7153
1700
7544
249
4999
5509
7310
6348
7819
162
6305
7345
9626
2274
8403
5511
6785
251
8899
2918
7179
1613
522
8200
4252
7346
3673
3448
8502
420
4537
2441
2011
5905
8623
3082
6752
7874
4666
5481
6459
3085
1345
9507
5643
6018
2489
7625
7327
4014
8743
3645
1747
9229
2002
4022
2197
1713
2836
2387
4296
6311
6974
851
8027
8982
2043
8190
832
2658
7050
8325
4518
3872
1682
6560
8465
8142
3035
6751
4554
7640
7705
3123
5111
2223
7862
3458
9857
9672
8230
9613
3112
8415
3032
1852
2417
1278
9743
3248
3106
5215
9123
176
7598
5335
8091
2896
954
8994
6050
9761
9267
4355
8208
5471
3803
1475
3694
753
7479
9958
2405
227
5214
8334
3923
703
9476
1254
7652
6777
2161
6238
8480
3723
7173
4152
7205
8490
6389
6554
5600
146
6772
9213
7982
8469
7587
867
6504
2976
6356
4447
7331
6352
7219
9493
4776
9391
8589
6817
440
8659
324
4676
1568
1820
4590
5985
4495
4128
6879
1457
6252
223
3485
701
627
511
3538
6948
1906
645
5467
3347
3814
7664
174
9572
5719
8124
6837
7399
2640
5374
6749
6202
9436
1868
7039
3378
6828
1798
3481
6133
4414
7828
7772
8157
3577
8312
7120
4483
4577
4358
4321
1393
4213
6141
338
6983
9807
5297
6825
986
1389
7263
5420
5959
7473
7516
2649
2759
687
6805
705
5137
1578
7593
9101
1523
8130
519
1414
806
2519
641
680
3737
1607
5890
3511
4961
6809
518
5915
1674
4662
2051
4592
8307
2058
1152
4103
7240
2838
5987
3593
1238
2940
1582
1521
9233
1893
4061
586
4840
9112
292
2114
5734
9667
1392
6966
7299
3576
5488
2215
593
2528
3304
3369
5371
7340
9939
6413
5144
1441
8582
8680
6408
277
9430
633
8204
3292
7901
6604
8051
5221
8534
4402
7281
8407
3680
506
3752
8917
2007
6664
9429
9628
147
6437
1384
1895
8335
7278
4206
9793
4841
2957
1984
9130
7004
2461
4442
7073
35
104
1583
8008
2439
136
5589
4528
6079
32
1071
760
2774
5735
8451
1151
2471
1915
9870
2671
7703
6426
7907
6401
7377
5984
6761
2727
401
2317
8319
5661
5680
1833
3379
5608
5704
1488
7046
5020
3706
8
4105
384
4251
879
4774
2902
3157
7852
3312
6832
6040
9694
1363
5670
6791
3731
8173
9304
3343
6182
2128
4660
4913
2429
1954
4879
5836
8564
7390
9498
8268
3194
7605
2349
2993
4208
4513
4437
8037
8443
7393
9020
829
6833
6958
3046
4381
7956
6275
1986
1873
1156
5047
1760
1514
3891
6884
6342
7491
7702
6199
598
1618
2769
1669
7538
4903
3922
5362
9305
3560
1858
4231
7403
1224
6734
6034
6232
1000
8350
9537
8937
7508
4722
7409
8404
6169
2230
9393
7770
1055
8619
9311
8614
6877
9474
5803
963
9648
1478
4388
2974
3453
1746
7094
7154
6821
6474
7441
4638
675
6303
250
4641
6261
8847
2018
8809
8715
4284
5604
9059
425
737
5169
6012
7647
9817
486
5907
4509
7845
3143
4116
2722
2934
477
3659
9765
8635
60
7504
2579
7857
3904
4278
6484
7596
3100
8925
2421
4247
395
6500
1484
9187
390
716
2362
2401
1731
4183
4334
4926
6334
8839
839
2683
5220
8825
7167
5249
5035
5970
6248
287
1955
3862
6074
6390
8911
4883
2508
6788
9462
2228
8379
2501
1019
7976
9458
1705
5523
1983
9885
5758
4245
7624
5998
7849
8830
5062
2637
7188
9460
6738
9297
2498
8673
9867
3415
2280
955
793
5131
4290
1869
6869
7434
3637
5638
7635
273
4075
9515
9061
1322
5554
130
3901
8907
8898
491
4918
5336
2084
3899
891
185
529
9751
5136
7977
6458
1013
7850
729
3159
3581
2225
3821
6885
8972
9699
9172
1894
1145
6004
7265
9345
5165
5908
6233
9425
3218
7359
5463
3780
2742
7155
9201
6935
73
9100
6110
3614
2832
9162
8832
678
8195
3023
6680
9779
1966
5658
4578
8862
4635
9249
45
2160
326
6124
864
8710
3014
4984
5261
4726
3826
1112
9266
5260
1477
5637
2009
8828
6066
3553
3500
5152
4050
9643
1117
1470
7041
5247
8950
410
7283
1825
5023
2350
8470
5979
7255
4685
3620
8714
8806
9373
7867
1558
5219
7498
3225
7875
3649
6668
306
6315
8956
8877
5379
4151
7981
1849
5349
9117
7665
275
3329
1967
9983
9439
3489
4924
3394
8927
6450
6090
4904
1330
9006
6640
8762
3430
8529
2705
7300
4807
8326
3590
6136
2835
983
7943
1995
9411
9217
9296
5237
9250
9246
5384
3004
3540
2283
89
4609
7914
1371
6211
1837
6436
2213
3298
5796
9728
5889
4629
8885
8433
7661
3066
720
5997
2276
2880
2713
393
6779
3493
3857
5281
2929
16
8001
6165
320
5707
7247
4552
9664
8412
4506
862
8393
9683
916
2598
6089
5698
7292
6535
8304
5376
728
3516
7818
9355
1491
3526
4673
7654
213
8097
4404
2604
8621
6746
9071
157
1430
3903
8467
7196
5933
1872
3658
9557
521
8594
1870
7371
3734
7887
5450
2348
6631
912
7104
6114
1662
4160
8793
8873
3663
9696
5952
1850
5419
4024
2019
2256
7231
8729
4267
1379
6924
3707
1778
6166
1395
2211
9847
3695
3651
5819
1446
1218
2170
1743
7549
965
1339
2336
7725
3725
1205
1061
9654
1659
468
6102
6485
817
4575
603
4974
5382
6174
2729
9640
5280
5449
4946
9594
1360
6224
9125
9607
6682
3939
6713
5518
781
3633
2569
5841
1719
4316
3559
5061
7562
6609
1595
2172
5974
5198
8349
164
9556
4934
8958
5434
5678
4922
1377
6198
798
7066
6908
2492
2419
7451
8488
7514
1537
688
2911
286
4465
270
1896
2108
6518
5760
2608
1059
5365
1356
8805
7248
4702
5993
3073
6129
748
3255
2709
3036
6351
2356
6340
6357
3456
6384
7306
5529
4140
3594
4030
5099
4341
1930
1691
9079
6807
1424
789
545
2479
7178
2257
5330
1443
6072
9868
8072
5015
4412
658
9624
6724
6402
408
3689
4064
2055
5400
8493
9894
7521
1037
3786
1874
8555
8260
4647
4235
8300
694
1658
4470
1566
7087
4300
3558
9248
9805
8533
2407
5977
492
5273
2887
3569
9399
2199
1556
4952
4507
1114
3636
4570
5224
4418
958
3925
1742
9150
5806
340
48
8102
1960
3420
1735
6743
5647
6353
7575
226
7781
9550
3318
1087
9574
1413
387
9015
8734
8282
361
3319
7397
5218
802
7372
9180
754
2235
6969
9979
1100
3968
1378
1157
4443
3897
5372
3806
7355
3261
9798
7916
3269
2017
5991
8308
8347
1842
4703
5741
7406
6409
9228
426
9151
2147
7013
8476
6905
6043
2410
2406
7545
8115
5125
7877
2830
7970
8215
6149
2409
8212
7732
5590
4216
4987
3297
2418
1082
3508
6296
9380
6106
9181
7557
7667
9271
3765
2380
1050
4770
4606
7373
6171
6628
2260
4683
3858
510
5416
3283
5663
8337
3566
9710
8684
6866
5894
7556
4096
5358
8202
9906
4784
7938
381
124
161
1509
4263
7903
3793
8916
4544
5070
9902
9800
7054
2026
601
3025
7480
539
4612
2665
6539
9918
8834
7222
1932
4802
3632
1590
6260
5561
2269
4104
4207
533
7855
9505
6208
8103
9920
2877
9346
3067
562
5756
6934
5389
7789
6254
2748
6621
8909
7185
7067
3350
7941
6927
5253
8872
3971
5950
9481
4111
4002
1301
7920
3121
8598
7873
5938
6928
9760
3697
6972
1714
3703
7005
1911
6661
8705
4390
6588
6593
9907
2720
5123
2886
4224
4536
5230
113
1489
2500
3946
6567
6778
1614
5444
6818
6269
299
7362
7710
4138
7456
5425
3762
5701
9127
4085
5639
1785
2512
6339
9354
2107
9770
5332
466
4962
7939
8952
380
6180
5559
2068
6235
7201
823
8383
3132
4359
828
9687
8955
1204
5619
6412
5326
5069
6183
2422
2675
5743
9158
6658
8858
7871
4553
2333
7294
4684
5605
4306
6711
2938
6064
3293
4257
9328
5
6425
5650
7192
6612
1252
4497
2995
6069
1119
6552
8511
596
3709
5902
4297
435
9727
9827
9668
7272
8802
7070
7071
1425
7980
9479
6299
1183
4099
1734
3711
1101
1690
2656
446
2806
6471
985
8963
7006
559
8455
6913
265
5497
4785
8501
5227
2491
2647
6714
7121
7866
2388
9828
8042
849
6683
7707
3427
8884
5456
9051
4948
258
968
4693
7844
1017
5865
6227
4711
5818
175
1381
7477
1136
7627
7037
9884
7653
6388
1655
3528
2609
8023
5027
4574
4794
69
9449
1313
9090
3796
2694
9701
1046
5673
8293
4954
4202
8275
5311
1107
2622
8713
1751
7567
9986
2518
9446
7972
6862
7961
7342
7358
3362
9695
3777
26
8193
166
7865
9368
1973
3353
2766
3363
8026
9660
7629
4508
1480
4810
8505
1261
350
7784
8544
4403
5502
9824
3788
4380
5635
9195
29
7257
6020
8730
2263
2617
6784
7633
9374
812
9242
9440
7236
9281
4422
9423
1077
3142
3133
5956
6439
5816
3507
8063
9025
9956
4365
2799
7696
4265
3197
2996
3409
8780
5870
8472
6665
2827
7776
6520
7602
4260
4839
684
2490
4624
9094
5929
5346
2392
4386
9216
2676
2936
7851
6400
7840
5053
4419
452
8516
1349
3669
6158
3260
9258
681
1965
5203
5697
6766
8303
6337
6481
7197
3030
9403
7445
9482
38
9139
2819
4838
6273
2238
690
9645
4029
9377
4013
3881
1947
8382
3905
1992
2588
6842
509
1249
4780
2117
6638
3974
7555
7616
5320
8761
2987
8062
3199
2224
7003
4259
4486
2719
5104
8365
9175
7641
5503
8131
5724
4705
2706
3837
6157
6330
1848
1991
4274
5764
1543
6929
5036
6465
1056
1292
2506
8112
4332
7958
2743
8836
7
9778
6951
1185
5822
3798
424
6191
3222
7457
4281
4292
5440
2376
4146
6031
2210
2728
6486
4914
5180
5340
2780
4337
9677
8344
7060
9372
9674
9998
4363
4255
1016
1925
6546
284
738
6534
1665
1174
4690
1680
4253
5700
514
4420
5018
7698
3524
6491
5566
6418
373
6871
9600
3992
9524
6028
2807
4460
461
9924
7994
3830
4268
1980
6255
7836
2463
5963
2332
9666
8960
7566
2882
5437
4867
5313
8452
959
2712
712
2188
2760
3483
9910
7701
8135
8235
2015
4520
907
4791
768
3296
8695
8800
1594
9119
8844
5284
5103
9053
110
5228
4861
1386
8320
4608
4505
9469
7868
8217
2922
1241
3115
9167
4227
2168
5927
9261
1936
7750
7810
4426
4568
2196
2699
5564
9555
6574
920
6151
3241
4322
8602
4210
5868
4109
4209
291
554
1998
293
205
6035
512
1927
2020
899
9876
4775
8216
126
7601
445
7915
6265
7978
3490
3300
7968
3834
2449
9953
6143
553
22
1803
7671
6982
8915
70
7150
1332
7305
1811
6522
6939
5913
838
4396
7974
4813
770
757
4533
8267
3875
5821
1818
8740
7322
8959
3853
2363
470
9927
6730
7461
2390
9382
2878
2909
1557
7274
1452
6904
9306
8036
3506
3751
1599
9651
5300
3015
1281
9978
9657
2610
5459
9609
1073
5283
9935
7656
1303
1093
151
649
4203
8178
72
6745
3136
3259
5881
142
3135
6363
3053
3140
5113
3802
6659
8154
9351
8253
7607
8590
9871
6049
7381
7808
3331
6868
5972
2801
9413
8049
9023
673
6109
5324
3474
1479
8211
9588
9605
4204
3779
1546
4021
8207
4842
3006
9428
5426
434
328
844
9846
5464
4632
1227
8360
2373
6645
5549
7022
8183
4856
3618
795
4876
8629
822
2659
8945
3268
7774
1191
2931
9072
3152
3185
9570
123
8229
2286
7894
7889
6930
5947
4692
8398
7801
2686
5983
3550
2961
4432
9010
4399
1362
9236
5727
3919
2203
9704
5779
9702
5096
9542
1508
8228
9107
8951
1929
3889
8689
8136
3423
8167
4308
6521
5308
121
7443
6380
4352
9816
2663
5193
8892
3191
132
6461
3784
7176
1565
5587
6068
7991
9420
312
3040
7589
7962
3743
9966
7734
1773
8169
7490
691
3770
540
4286
4256
1782
6997
3467
5715
3330
7592
2718
8760
2262
6433
9131
1552
5691
8163
2080
86
3672
4995
1127
4821
535
179
5962
1498
7559
5614
5699
8532
3196
3954
6580
8073
7620
904
6841
7435
8977
6571
7687
6346
8612
7467
6721
4142
5785
3530
6675
4214
6549
9554
441
2314
669
5710
3666
4717
7335
6923
821
9711
1160
5844
1589
4572
9697
4223
3372
5211
5381
2602
9282
2166
7015
4133
3321
6132
7375
8162
8577
5598
928
464
7969
430
4504
3022
1517
4153
5982
1179
654
6419
8781
629
1533
808
7424
6632
4749
5441
4594
5874
2455
1115
8851
3208
8992
3337
7210
550
7080
3760
7103
7224
415
8138
19
6715
7886
4521
6728
4769
5948
8789
9068
8152
5827
3941
3390
6292
9197
1199
1525
8246
9049
951
9319
7530
7884
3519
811
6607
6161
1178
7489
4593
1239
5856
2629
5287
8330
8672
8279
6300
8819
3381
2732
3843
7964
1004
9663
3686
3829
4734
2212
7668
7226
8047
4372
6957
3644
4787
4272
549
3827
1767
7542
3969
6167
8782
1600
8078
3452
3054
5967
5794
3254
6771
9207
263
7675
8096
2074
7089
3851
9383
6538
1065
2073
9490
215
5250
1176
9067
5901
8677
8340
4165
7681
7619
2105
5731
1404
6964
7546
8134
8904
1535
1567
6978
1415
7245
4131
3013
3983
5536
9320
7064
6514
2687
5705
3536
1716
1501
7440
9774
989
2056
3588
6824
4305
1910
8707
1901
8727
6218
4576
9262
8824
4157
2903
1799
8123
3568
7708
1605
3061
7806
9597
8745
1593
1807
4891
2294
8603
8479
820
4333
6797
922
421
4626
6240
8957
5454
6424
3705
2157
6541
2526
5128
8653
610
8755
196
3109
8985
8053
5632
9332
9973
9390
2954
2527
7379
3918
4312
3758
4324
835
1355
9825
7166
8746
773
896
6178
5845
3979
8218
9822
67
1159
4778
8510
6979
9056
5149
4773
588
8192
7827
4700
8768
3789
2516
1028
9790
3482
4063
1606
2453
9343
8842
7420
1926
4610
4195
8348
1871
1282
9253
6429
4604
9833
74
406
7715
3047
9327
4651
8563
9561
3148
3738
6774
6138
1619
4759
3184
5164
7499
7146
5272
7630
7673
6449
2249
6080
2844
4476
383
225
1888
3069
2788
3387
7820
9237
4800
66
6895
9173
3062
8370
623
149
1891
3580
2605
1801
1839
3021
7847
4331
4616
4789
1398
3
6223
6288
46
6403
2853
7368
3484
2823
8821
1062
5460
2786
5521
1976
8182
625
1133
577
2854
3302
2459
6155
9569
6737
181
9992
4846
4472
7690
7933
6278
6415
5158
683
4735
6740
4519
9223
1412
5544
5257
2504
1570
7126
9179
4273
47
2151
8944
6725
8798
5397
90
8549
7929
8172
579
9002
1121
6770
660
5355
5181
9946
1142
9748
3180
3916
7387
8542
4782
530
2130
4084
475
4956
9713
3119
9603
5525
3404
7280
7211
2240
7351
186
8796
217
961
2562
8277
8891
1997
9269
2560
9623
616
4932
1063
2365
3787
314
4184
5825
2382
2102
5121
5345
4991
1978
7990
3951
1369
6135
8571
6700
8526
4600
8785
4285
2071
7341
9796
7110
5013
3805
3819
5465
762
8503
9264
9755
5065
556
474
8145
4716
1916
4527
2539
5824
3472
2003
4168
2986
7159
5501
9769
9841
9047
18
5922
7666
8317
7677
6910
2328
1784
6282
2250
3277
6819
2861
4910
4295
7809
2185
3357
5246
3792
1886
3973
5603
1265
6599
4845
7031
8175
9508
128
4798
5173
2133
9917
1264
7694
4998
3756
3932
1352
5333
1243
3741
1315
7273
1072
8065
1545
3341
2014
9723
3761
1689
4129
7091
2779
711
4863
8617
7391
6507
9019
5120
7069
3264
6448
1182
2304
5981
4190
1909
4158
6576
6851
8829
800
397
2535
2775
9385
4653
4790
5961
158
3273
4898
9285
9773
5350
7380
2981
9475
91
7485
8591
2533
8371
1492
4747
3444
9272
1458
3996
6642
758
6160
7761
7208
194
5317
9655
8693
7709
8322
8440
3386
9471
4459
3554
7364
3768
8388
8206
5492
6478
3285
6196
6365
4848
5757
5945
5229
389
589
9898
96
8731
3169
9231
9732
8875
7853
3150
3776
201
1736
4511
975
6831
3884
7611
9851
7002
9934
9192
8701
7337
1750
5823
7454
5653
3079
2565
9230
9442
1268
1698
9148
9942
5259
4930
1287
5132
6962
2291
6633
8718
8601
1276
6096
8170
8704
274
8733
3638
1
9530
243
1314
9519
3429
3924
6808
4012
6058
3982
9579
3811
6600
4582
6476
7338
4648
7824
308
8636
6712
5617
282
7684
612
4906
2898
4912
3988
4636
9900
9950
6570
4298
7813
6702
4980
8094
2821
1780
873
4493
4369
4731
4672
2509
3497
1286
6602
8794
4384
3286
854
3340
7365
8486
5423
8565
3929
4200
1656
2873
3116
2856
8989
1688
7764
9001
4942
8553
7482
9291
5682
8270
1233
2889
1403
8108
6902
9226
8019
2440
2278
9009
1513
131
1625
7955
2888
1712
1559
8075
8697
8634
5155
1194
7258
5167
114
2917
6836
987
1902
6844
6999
7389
1943
3627
7795
7311
106
1845
9052
4261
4007
1772
7918
7965
8301
3392
5832
5040
6558
9568
9292
8006
7386
756
7328
779
2698
8224
8251
2863
5448
1460
2785
7911
2432
4499
53
4093
497
2174
4901
2564
8656
3440
6760
1696
1622
1103
5953
3824
860
3333
8039
2272
5555
5716
9731
7017
1390
4652
5052
1548
6533
5359
6695
5251
6820
3687
6194
3486
1118
4546
5080
431
2360
5304
9203
7995
8294
9215
5596
3057
2443
1920
1008
2038
3424
4938
3439
1202
2884
8783
1668
4243
8854
671
7079
5737
6614
8413
7586
9811
4326
4844
5101
8607
6455
5795
2542
1367
3395
9302
637
5172
2619
8318
6301
1522
4714
653
7122
7316
1528
6027
5254
4540
9908
8788
3991
2554
1836
7842
9381
5893
1431
4367
1994
4439
5483
9387
8593
1768
2497
8236
1725
9838
7088
3730
7773
7398
150
2389
7609
8213
8554
8464
8199
9421
5592
7012
3063
2438
6569
9487
8795
2648
4628
3727
3081
2120
6829
3193
6622
8971
2947
3351
9598
4695
3201
4679
6037
4614
2154
4329
2095
7507
4859
7899
7946
5568
890
9830
256
6991
8247
1628
5607
8387
1793
4611
2323
4849
9050
6470
4150
2763
6765
2750
5880
6776
3229
5148
2666
6287
1279
2189
837
2338
1794
59
4017
336
112
8986
4534
2064
6314
330
1376
3599
8252
3455
6228
5910
8843
8981
1654
5469
9361
2259
3176
1409
4502
407
4008
5189
5613
3219
2771
6359
5926
8778
456
1207
1708
3719
4438
1428
799
2628
6981
9370
1615
2164
9758
1078
8137
1405
9313
8395
6938
1640
236
1076
6888
290
4532
9144
4477
2115
3239
3348
2991
5771
527
4719
7768
4226
353
5808
2893
9375
8774
6083
499
4935
679
7230
2645
4143
5772
4723
2714
2135
2626
487
7164
5628
6084
8242
7032
6492
3855
2092
8329
8416
9129
5776
349
6694
1217
3356
6434
2842
9017
2829
9784
9
3460
3049
8357
8351
9097
8336
7917
3688
4469
6091
6440
1761
5662
4020
9861
7235
7697
429
6989
9552
6503
6304
3546
160
5681
4387
8766
180
2566
3838
2733
2804
2715
2004
2738
3027
939
268
6460
9814
3635
5110
6045
2631
3242
2063
9632
9580
8523
517
3831
1110
7200
5368
2062
3005
7360
935
2054
1584
9415
9509
8302
8017
5256
2261
8524
3468
4125
7861
8168
875
5074
1022
2231
3957
9155
9341
1652
8110
5091
1172
8125
9899
7056
2730
9118
1494
6131
7266
5458
8077
9410
1647
2400
1439
1787
6947
1343
1211
6845
7191
9324
4529
4067
9975
5630
7992
9142
8522
9188
5393
7209
4070
6719
4833
3967
6127
2098
3055
9274
7083
8386
2559
9631
9690
6561
909
5655
7531
2910
5161
7682
6325
8161
9134
7334
8098
2148
2171
1828
6706
4831
1010
7481
8990
9210
9960
8239
7253
4565
9004
6307
6906
1350
6441
7604
3909
2935
2319
587
3282
6744
4110
2646
6015
3742
14
5071
6394
3920
915
2027
1729
780
1193
7919
7730
1232
2066
2944
1933
7307
6243
4047
1289
4092
1143
7816
5200
8584
2445
6597
3812
8624
1034
9665
1827
5500
4758
5514
7190
8683
9656
7401
9693
8735
1771
7882
1935
3930
4378
8720
3233
1310
7548
9791
2534
1697
4691
9364
4408
419
5552
4823
5094
1497
4015
1831
8887
3160
427
2548
5378
9912
4547
4779
3010
5683
5457
1847
2069
494
5307
2845
8283
7532
2818
5462
5363
3436
2
3835
76
3833
3376
2747
7431
2916
7826
9084
7488
1505
9065
2883
3346
5102
6308
8633
3445
5115
6053
5669
8889
2315
1788
5784
9284
9535
9086
6499
9218
232
3107
4981
1280
7637
4258
2488
8799
5645
4744
1823
558
332
5578
7076
3744
9802
5016
2110
5269
7885
3624
9670
3958
2214
6395
3308
6505
5223
3033
8640
1166
5918
3281
3822
2969
7296
2553
7570
3457
2784
2467
5792
1840
2255
1596
4106
234
1346
7428
7693
3438
2475
1485
1749
5157
8454
6992
6881
3817
2946
5524
1939
1069
8082
3502
280
9204
2942
594
1469
4852
7143
2050
5487
8674
5179
8913
9989
2600
583
8669
9840
9220
5657
4543
355
7347
1208
7354
1592
9312
7469
1140
1325
1539
3977
5146
9406
2736
297
8422
6968
448
3860
8399
810
1900
9191
1295
7576
9087
4732
1608
9897
1040
3602
8354
992
7378
8786
2813
8070
3712
5597
7996
9113
9533
4601
6452
4900
1336
80
3203
2915
1188
5575
4665
3464
6555
1610
2590
1344
2783
9396
9434
4266
8232
5631
3258
4829
4049
8361
3031
3195
5644
5726
83
1229
2024
3314
6432
9417
3324
305
5703
9888
7042
7680
6686
8292
7158
8198
1175
749
5656
8686
9035
2632
2194
8835
1507
4881
1860
5651
2894
1579
2635
532
79
7302
4474
6387
7051
8209
5895
203
6596
2016
1989
2121
2964
626
5494
2756
5787
5145
6249
3639
8372
1957
1388
2523
3938
2082
7811
8515
9712
7174
3209
1262
1125
6052
7113
2943
775
5898
1047
6423
7688
2190
9221
97
1123
2761
7760
7254
8174
7515
1291
4435
4873
7876
2997
7729
341
5826
9477
898
8462
3437
8719
4617
7854
7408
2295
7663
5325
5754
8273
2599
5510
9865
7922
1724
7142
9971
4416
6263
3080
9957
7908
6253
5540
9590
8238
6025
6051
2496
8954
4868
6556
5837
3753
2572
6782
7157
6681
8089
3748
2930
168
4001
8525
7284
9726
5535
6617
6954
5797
714
6689
988
5088
8034
8886
5264
6529
5232
33
5995
5930
3589
5418
4162
4664
2744
3128
4362
1137
830
6360
1067
2697
2307
4949
6814
5989
1878
8296
4374
8663
1459
4482
5098
7149
7130
6153
4130
8845
732
797
1165
1551
9767
1429
1036
7065
1481
9333
7309
3266
4725
2825
4174
8919
5677
7242
2837
1032
2524
8160
2998
3598
6672
7062
3610
516
578
5574
3613
4076
7951
2099
3774
6720
5807
6379
2044
1401
5840
5847
6950
1219
3170
3795
1945
3389
8946
6176
698
2204
2396
5209
8191
4820
7063
4909
6147
4122
6364
6139
5050
3065
9620
9836
4806
8341
2953
5886
2755
6643
707
6670
7934
9698
4970
3134
4897
5580
5204
1051
7396
6210
2791
2065
6225
5685
7052
7892
4968
7783
3127
8011
3045
6608
3863
8998
8650
2347
3873
5348
8999
523
2851
5293
7676
9567
4878
1260
5798
4728
5003
7290
4179
8262
9048
2008
7743
9055
6498
7626
3257
6863
4755
6061
2013
257
6148
2178
9794
2252
2243
1577
3240
1620
7700
2695
4451
6704
2975
171
2236
9963
9039
526
6032
2086
8912
5542
6088
977
5751
2022
7361
4385
1880
6333
3465
7879
8375
5417
1299
6679
9551
1988
2901
6577
4762
8537
8362
2840
2672
8926
9104
5745
1648
2144
4448
6705
6022
4569
8709
109
5558
9314
6932
4965
7655
2116
2746
8560
4933
8367
7123
4010
3807
3578
3993
8812
1003
8852
4057
3187
4205
7415
7144
5641
143
2454
7035
8068
335
1917
228
3494
767
4361
6205
4882
5436
2864
3557
3840
8953
659
9224
5543
5319
5006
6697
3603
695
77
5835
4992
1887
8893
1879
6900
1702
5517
6286
7792
1341
6010
8535
6343
4761
740
6984
9653
6641
2457
3252
300
790
8787
5352
7569
6073
1382
4452
892
7304
4854
6285
5383
520
6488
8585
9419
159
3622
6732
5238
5429
1074
281
4908
4688
3104
827
6891
98
4523
7591
3155
2358
8932
6435
4805
9165
3921
5190
5424
1116
1672
5834
5196
8059
7912
8149
245
8261
9157
7621
1250
7765
1928
2428
6870
9500
43
9869
9764
4667
5854
2153
1964
3434
6739
2478
4199
2653
4424
4797
2420
5649
2267
9245
5097
1258
216
2875
8908
7238
3237
8506
9806
7463
1054
5364
5042
2221
9426
4349
7960
4738
6741
5595
2657
4037
5515
3038
9577
9447
9066
6525
2563
9724
7352
1158
7937
7797
9835
6247
402
5089
9559
7517
7214
1633
4398
5765
1169
1944
1335
1616
288
580
5445
842
9070
4490
4338
3856
5295
2965
302
6767
5842
7594
8966
5490
1235
2381
4053
7888
7184
218
8105
4027
5289
3443
1908
3544
8100
7921
5912
6589
3757
2798
9437
2239
9342
3270
7679
5159
204
7045
4795
4431
4834
2591
1186
6652
4923
6953
6952
8086
4307
7985
8156
4135
3912
5906
6849
771
4081
6685
650
8095
6190
4287
847
2368
7014
8424
7260
2757
5696
3747
8983
8032
7086
9386
1877
7382
6565
2345
1503
412
2408
4421
367
5690
4545
100
1012
7194
4631
7124
5548
269
3111
8067
1981
6259
5884
1630
9601
1102
973
7010
405
747
5777
3204
9286
6812
7524
7822
1996
6306
1084
4512
996
7099
5341
7315
17
730
5140
6598
6886
5778
85
8675
7495
4139
5892
3767
2181
6857
7220
4345
6217
6687
5712
9919
2357
4291
9995
4182
9596
4953
3072
8630
1070
8513
9400
4112
2967
624
8558
4783
5412
4579
722
7212
3682
8920
4872
870
9544
5032
4788
3745
3532
5742
311
2594
1451
2042
8421
2208
4985
2206
9565
283
165
7753
5277
3228
7249
7156
351
2507
3024
4945
7534
3655
6026
4293
8897
4696
655
2521
2641
6848
2793
4400
3398
237
1383
444
1338
4584
5175
2811
804
8822
3750
7376
1604
4304
2192
8177
6780
378
2716
7395
8033
9042
9467
4271
544
8499
172
3587
5581
3226
6019
1324
2857
148
9338
230
8550
5447
7400
5885
267
6995
2302
7550
4625
3009
666
921
9553
4682
5135
7945
3048
5533
5888
9996
5073
4895
9116
4028
2971
30
2414
8637
5210
6536
9034
3735
7804
1875
9630
3859
513
3700
240
7644
9424
9409
1575
2379
8389
8978
7766
8409
4639
4177
4392
3842
4642
1164
8936
9161
1681
5370
1015
64
6214
6397
7011
8717
4542
3607
7239
2703
4095
4522
8406
6060
2426
4757
9182
8266
8048
6407
6100
5479
2012
7926
1660
9795
990
8648
605
5142
6062
2150
8974
2433
8826
7217
2673
6509
8631
1629
8703
8883
1222
8411
7527
5609
3487
6344
2451
9905
1096
5811
3320
2592
4466
5642
2037
2284
8661
6611
6472
5108
2458
8651
7111
6115
6430
2550
4301
7036
3808
3271
5087
1635
8682
195
8827
6095
1961
5216
3145
9661
2624
5334
6187
3571
4289
966
1971
3985
6197
9941
1661
639
3640
7649
8222
7993
5415
6956
8670
2846
7540
2375
7954
1387
5738
3679
8323
8592
1421
9949
5314
1271
4323
7429
5143
2246
9993
4405
1138
3927
1474
3396
6317
6899
7966
5078
6722
9931
8728
3534
568
7417
71
418
805
2310
1538
7049
7983
1510
1011
3462
6421
8343
9026
8030
9873
4535
9335
7298
4068
1903
2227
8392
9122
4464
9260
3543
7425
8792
8712
7270
7536
9526
13
7528
4977
4335
5996
5240
1052
4947
9649
2484
4441
4171
927
8005
4181
27
2248
2979
450
8114
7846
7241
2945
5693
9849
7044
6634
8721
3316
4417
6462
4853
984
9933
6236
8759
3473
5813
859
6919
463
7040
1108
4548
376
4832
2083
6220
881
334
6637
4161
9788
9209
2545
4489
239
4887
2704
2129
6189
8833
8536
8342
6629
198
5453
4623
2919
2717
1200
2156
5470
2207
2303
1999
6587
1490
8471
7109
2925
6376
8857
6116
1885
2795
8646
8221
8753
9583
7058
6297
6716
3661
5750
5387
3018
4663
4294
2067
9146
8568
8906
6662
242
6237
7492
6678
4350
5213
1515
7264
4742
2351
2923
6185
3591
697
1007
809
55
5395
1088
719
4124
7904
4237
8868
8377
2638
3095
8007
5848
9438
8405
9495
4086
3972
6564
7180
5999
8752
9745
3175
4975
8289
9103
189
9635
2487
646
6592
3056
7446
9168
4674
4175
7617
4044
2187
6625
4500
9263
3965
967
7551
777
9612
1187
877
6293
8298
9073
4436
5422
9156
6065
6152
9024
3044
3182
9075
1759
2060
9277
2052
8658
1972
1817
7138
5709
1318
2001
564
7535
4972
763
8297
3896
5616
7944
369
3220
819
9367
9936
8281
5385
5736
2364
1634
7301
2731
6557
5396
5129
6653
7823
1861
7752
5296
9974
8530
5477
9611
4354
1805
531
9504
566
8664
2556
9369
4032
5896
9862
1506
6341
3674
1327
4383
1155
6475
3989
6562
3934
7869
1720
9560
6017
4555
9111
8431
6623
4836
310
2219
5026
2413
6024
8606
7171
9700
1502
5648
7108
7814
3327
7116
8380
1855
9330
8057
4397
3303
2984
8711
6350
6274
8863
906
6943
9644
2145
2601
1838
4862
9717
3874
9904
5177
5853
9398
5433
6006
3181
483
2077
4114
3480
120
3836
5205
6763
4889
4680
2808
7565
0
276
9604
6111
2868
8083
4159
5338
9257
1111
537
3616
8058
1549
6508
1770
6921
9357
9792
3401
303
3552
3043
4957
3504
5092
8941
8133
2907
93
6717
6651
5262
107
8876
4929
7262
3172
3882
9874
8101
1813
8151
1440
2072
374
5301
8165
1134
7356
613
5949
3662
4950
8265
813
6515
1042
902
9558
736
8831
6188
1020
7646
5688
3336
9637
4756
5975
794
2990
4827
5012
2311
5747
4915
2741
7421
1129
5286
9041
153
4668
3763
9379
1987
28
6660
9360
8363
2270
643
2977
807
9138
7493
3708
6649
5019
6823
1532
4694
5029
5872
1247
9928
4315
6142
8500
2802
3718
1727
8608
1631
9254
2817
2767
1342
7502
208
640
865
7215
7722
5109
2660
1822
1277
3326
5530
5860
9890
2517
5923
1701
6206
9858
5941
1472
5134
9259
615
5729
6338
8468
1744
5192
3216
3406
1904
3162
7793
2391
9819
7805
7796
5133
9529
2662
3961
9534
322
7213
6326
6688
2567
2833
2341
391
7369
4709
1348
272
9669
8002
1913
7117
1585
4450
4052
5357
4262
7935
1361
8997
3948
620
1312
3173
3064
5270
5267
2589
8313
345
702
8725
321
5321
2737
7817
4347
8517
2297
4687
2123
1154
2134
7332
7484
2378
5474
9776
3137
3171
2581
3405
437
6764
1331
3950
5909
699
6584
905
3634
3684
1064
9358
3167
7043
6251
1591
8939
6046
4597
2087
6039
9634
2708
3675
2815
4877
6044
825
4456
1433
818
8368
2568
1617
2149
4479
742
1253
3692
5627
1776
4299
685
1710
5233
7525
2132
7232
4669
9120
8140
8737
7471
8203
5373
7329
1420
3754
9414
8790
6036
1139
8461
4899
5008
9227
3535
8453
3986
3715
8962
3165
5659
3205
3582
3433
7856
449
4425
8181
9085
6173
6257
7349
543
1937
1456
4117
6996
4637
6986
9734
9843
5222
4560
6654
2546
1095
6374
57
1337
9317
8109
5689
3280
7252
7055
7724
8586
7474
78
5799
2690
9864
1307
6081
220
2855
3058
2549
9092
5079
6280
8220
9456
6005
4239
7452
1829
9766
4958
6786
8427
3380
4892
2155
6949
9725
8763
5973
8227
8448
5407
4148
2621
8738
9468
1196
3130
2005
3722
9636
3471
4428
4736
8622
9707
7119
4196
7728
7001
4799
3478
3565
3888
24
9137
5045
4964
1283
3794
635
8214
5924
3876
1053
9531
6769
2085
5124
4115
8080
6140
4330
840
3227
3628
5077
9562
7186
2372
6226
9706
5316
2361
7785
4707
4311
8054
6864
327
5527
656
6548
8041
6748
5292
7518
2279
5921
4409
9339
7720
5774
2138
6575
2522
4659
2867
7843
6023
9402
8681
443
6168
8013
4121
7068
6156
362
6170
6926
7193
6922
8444
2452
1221
9675
9356
6454
2691
9307
7444
9043
718
3978
866
5413
950
4219
7169
4485
7414
9038
5519
5107
8417
4657
1320
863
7759
92
7413
2495
1530
5299
972
8435
932
4282
7718
4753
803
6755
2053
7900
3527
1574
2606
9046
8931
7541
9060
4078
9720
952
1041
4407
1777
3499
4429
8948
4238
9290
6368
8641
1297
7459
7458
4073
9752
1288
563
5197
6349
3338
3416
3267
7893
8716
1298
3908
8660
1027
1408
1209
2593
2059
1667
2482
2370
1214
888
9872
7128
8043
5920
8116
454
8888
791
6965
7394
9219
7319
1791
4976
3332
6925
3608
3158
9988
347
7509
2865
2652
4681
1455
1684
6146
1213
2366
3665
3384
5178
1846
3841
9352
3601
9238
4313
3284
5706
826
4697
7895
1329
5711
3782
9171
2800
547
4288
4874
1177
8838
1715
5057
9078
9478
3810
765
1775
4310
2165
4655
3606
5846
4276
4678
5567
7494
4218
8688
3007
4751
3256
2615
9407
4589
1236
296
478
490
1461
9506
1898
4595
6840
5665
5402
8943
15
2327
1109
5629
7883
1571
9457
5850
9813
3189
9642
2468
745
4149
7614
2768
6860
4786
8514
4743
6858
2209
5461
7913
980
1284
7552
9548
5075
3911
3980
4587
4658
5235
1624
5732
9845
8090
8655
9815
1676
1396
3154
40
573
278
3042
8147
8397
4765
1184
8613
8321
949
3556
6493
4225
7526
2828
9703
6742
7325
3287
4951
7038
8233
5291
2163
4739
3641
8442
6192
8810
9543
5484
6859
3773
8087
2158
9147
1804
8240
9929
4724
3690
1269
6655
6268
4772
1473
8248
7829
3234
8880
552
5976
4960
442
4503
2300
3759
4126
368
7275
9110
2088
8494
8823
8692
5671
4011
733
4475
458
5239
4454
6482
2596
5242
6524
3368
4212
6563
5599
5560
246
6647
5579
766
3447
3310
8991
5900
5245
5468
6101
2162
5443
5767
2874
4884
6759
9096
2385
5887
4865
8628
5829
2306
5917
3943
4328
4630
6262
3883
5817
3413
7584
5582
8477
3609
8201
8724
2639
5546
5268
5361
1372
9133
7268
54
9959
8572
2039
9234
1946
7897
7657
9095
6898
8286
1001
7771
590
8665
2371
1572
495
3345
5749
1231
4463
9432
618
1959
6295
9622
7478
9810
5428
5476
8328
261
488
8189
3816
231
9955
8865
9384
8671
84
6216
9595
9987
9961
9652
7628
3574
6942
8620
6511
7095
6391
141
6627
4864
7815
8436
6838
4232
3716
138
2435
9243
9511
5007
7059
5255
3654
3681
1717
7195
1275
3113
6502
855
7998
6626
9310
8552
4526
3595
9541
6540
9803
4211
1542
5713
7721
5258
9492
6480
1402
4023
2816
9108
6345
6855
8642
4132
6193
3250
5586
8093
7777
6959
4033
5328
4803
3861
9083
1892
8111
5937
4796
3373
9575
1786
8269
3124
9516
8373
9658
3059
5369
3866
5276
4467
4
2335
20
248
2312
4006
1645
1079
664
7353
219
8801
5234
2650
4280
3771
4102
5432
5367
4034
137
9069
4197
1968
2693
4163
7864
3101
6
8667
2485
8478
7554
1323
4866
7942
4982
503
4931
841
4993
3564
8045
7949
7019
3870
6313
8662
9316
5866
6865
2685
4911
3245
3879
9878
323
4449
9911
3775
3276
31
850
7788
8739
2636
2182
8255
6523
1347
2583
5505
1663
9091
7975
3895
8143
8732
4344
7837
8639
5936
8940
6677
8466
759
5879
1737
8474
6826
1326
7102
2510
39
4718
5801
5553
4144
4248
8314
7648
9740
2254
4348
8458
7034
6369
8531
4382
7259
9842
5360
5187
2595
2000
8004
9470
6920
7081
6370
843
833
903
5339
2023
3262
2384
6076
9252
1030
1450
7152
1257
2411
6648
9169
2298
4819
7339
1397
6963
2393
4137
6245
2515
1146
5048
9689
6404
5615
5034
2324
8741
4766
9344
8924
6693
9921
6399
8150
5507
2177
3153
1018
1149
4847
9501
9289
37
5702
9445
1789
1762
5391
7506
8666
7798
8869
3426
3192
8274
364
727
764
3604
3926
7106
6119
2033
8820
1728
1808
7539
6014
6372
3118
2198
2787
9348
8257
2404
404
9738
3414
6144
9528
6940
8014
2866
4318
7460
7786
3339
6980
9629
9972
930
9545
2097
4062
4270
2872
3177
3476
1703
1426
1529
8561
5294
746
3367
2183
7450
279
682
9787
3161
1029
8374
3365
751
4180
7221
4539
2950
998
9008
6242
1163
6813
2920
6937
4880
4087
7225
8942
6446
1044
9715
4186
6279
7418
2352
9145
7669
8775
9686
2702
7078
7825
8556
1806
5606
6691
3657
858
9646
9856
2216
2430
262
2287
6122
2956
6566
1951
8074
2285
9255
9518
8750
5849
7651
8497
6358
3421
145
502
3717
3214
1006
3138
4269
3869
876
2122
8567
3397
7000
7175
3288
2242
9954
7170
895
1905
2630
4896
7689
229
1014
7643
604
4241
7581
2075
6468
7503
4706
1958
42
3600
6154
6917
5275
3454
7986
1897
6559
9546
51
1486
5550
8376
6973
5762
6585
7464
4740
8632
5452
4444
4169
2450
5046
9925
4708
880
4198
7717
4154
6933
8976
4781
4423
8654
2852
831
4857
9860
3952
5118
1632
3529
6878
923
457
5160
3813
9082
6663
8668
3597
3230
4851
4339
3981
4236
1638
9483
1406
9619
1733
4870
471
8259
199
5781
8310
868
3799
1611
8518
1866
9480
6936
5010
4353
9036
1819
1465
9295
1844
8009
3848
9682
1670
6839
2573
1766
1865
5939
7928
6513
8291
9251
5343
7288
8081
5621
2899
2723
3110
1709
674
9756
5768
2288
7165
9762
713
1263
3335
5623
5298
8722
1834
5862
8604
4393
5202
3596
3850
1899
4433
2493
926
8597
4927
1609
1627
8512
6931
4514
6030
940
9932
4550
7622
8050
4990
5520
8400
7950
7323
778
304
3091
8148
6319
3492
6332
2700
7930
6988
1487
102
3313
5897
7571
504
8276
5066
1190
7636
5100
8767
197
6550
2047
8749
1057
4973
6970
3370
3265
2444
4559
9273
2241
4967
7511
9074
6501
4686
6118
918
1031
4193
1466
7269
4650
4510
1373
9952
482
7237
8456
9080
4928
8698
2045
2320
7465
9829
2789
9318
6177
2035
7168
7779
1563
3670
7568
3366
3818
9985
9536
4573
6758
5513
396
3570
9063
4413
3244
4376
7048
3103
3783
536
1085
8777
7763
1516
3364
4356
9455
4634
4492
5112
5563
7251
1853
9564
9395
8099
298
1649
3693
8902
8691
2749
5873
8864
1411
6366
1721
6850
4566
546
6494
9166
7832
6108
2505
5789
8520
4302
1912
9948
6578
5439
3147
8345
1884
4621
493
9882
1671
9614
9896
9136
9744
8396
9982
3383
5498
4855
924
3522
1560
