3361
5944
241
1472
8724
6664
6900
5780
928
2815
1160
9730
156
5444
9358
1331
5009
509
1513
6557
4971
4929
9121
6949
7042
1193
8939
4065
4074
9962
5026
6673
8410
4468
7886
8268
1589
82
7815
7701
5483
1328
8046
2683
7931
1091
261
3030
3132
9176
8139
216
7793
51
4671
9758
5740
8622
374
340
3056
9424
4188
677
5854
3022
485
1474
979
1387
6
6878
1874
3824
7722
8011
9932
8435
365
1076
37
6516
561
6731
8062
9336
2207
2602
3648
3431
169
4256
427
5253
1573
3279
7235
6543
7165
6918
4264
1791
4522
3105
4280
779
2063
8516
915
1761
9608
1460
1831
6795
273
9719
4637
2566
4567
4898
3180
6074
6221
4404
2295
5044
5568
3549
1904
4090
4802
6300
8195
5297
8640
757
342
843
8044
8187
3199
6460
6289
9590
844
8331
2490
5049
3086
593
8839
9874
6192
3643
4042
5504
6530
5152
1922
6137
5843
4701
3065
2982
2387
556
2222
1999
2649
2100
8976
4151
1115
1763
9103
9305
2842
8292
7387
7985
5167
4627
5062
5608
1086
1579
5703
3385
5352
4747
8798
664
4428
6993
9969
7818
1157
5015
4447
8975
2250
2209
7277
9350
122
2808
1847
1451
512
4410
2435
1269
5694
1067
2709
6304
6149
7950
6737
623
2859
2726
402
9862
2869
9900
3053
57
4500
7741
9601
7718
53
3346
9968
9580
6112
9329
256
2911
5431
1018
8713
799
5715
5342
4458
4935
3087
6654
1743
3786
9993
9560
3242
6689
9108
4939
4999
4193
5228
6565
4658
2783
3412
4119
8199
7209
319
6640
8763
3664
758
7092
2140
4108
8309
9300
6332
3785
381
2841
356
3272
1022
1687
2789
5326
7910
3456
9166
6647
701
8213
1692
3526
67
6055
4337
18
4760
6641
5661
5859
6029
9004
9732
1925
2852
77
3276
4153
8262
4538
6657
7528
3690
6173
7732
8414
4440
9557
2529
3606
4554
3804
4366
3232
5626
6251
8283
7178
4091
2046
5625
4570
8024
9845
1588
48
9481
7201
6784
8693
1291
4914
9192
617
9750
5919
2176
7849
3111
5797
7238
7981
4828
1766
590
2089
3371
8443
3871
4973
9979
8183
3603
128
6435
189
540
9456
8994
6241
7004
6385
7971
9224
7488
3108
703
8480
2922
6447
4030
3168
9542
2112
1517
2981
8057
7377
9274
2782
8921
2618
5882
3774
1407
3659
1083
1729
1832
7393
9989
3979
5675
5904
5251
7030
5016
2751
2596
2571
6160
3980
8561
4409
2840
2494
1862
2822
5845
7601
2522
2839
2474
5470
5045
1945
9168
8961
7596
3192
303
4560
7769
7795
674
2558
3698
1679
549
6847
6402
2731
9869
828
5640
5462
1282
1089
7756
6841
3749
7321
554
7519
6227
4474
2914
2989
1309
6070
3469
2254
1220
5298
8401
4911
4697
2039
442
2505
1304
5000
5658
164
9986
4579
4857
9518
8169
7090
909
7975
6495
7313
3368
5169
9946
7304
7343
9061
5557
4687
8865
5283
9180
977
8388
9834
6012
1486
5418
103
9637
8582
6630
7120
1631
3704
7520
2098
8000
3004
8365
5750
135
2409
8017
3794
5902
4609
714
6730
8536
7735
2048
2131
3402
364
3057
9137
7824
7401
2858
3341
5784
9499
1778
9530
9741
3331
8012
9480
3896
9450
2816
3449
3297
5937
6057
8204
5239
286
989
1313
2637
5244
6572
5627
3901
4246
5555
8813
729
8756
1565
3420
7943
9479
297
4804
3968
1629
2968
1722
8317
9767
9069
8948
378
5149
892
363
8551
9510
7203
6710
5998
1255
3033
9290
7858
7315
4703
1120
9231
4878
1800
8512
4435
5544
2155
6078
5028
6810
6383
7916
4436
2311
142
6128
144
5915
4218
4082
4497
2218
2418
756
6327
5900
898
8330
5558
8788
2628
5839
7307
5842
9132
1259
3191
5855
9220
2556
3153
1558
1614
8308
2018
3481
6197
3636
4144
1013
7483
8286
3535
8793
4186
3228
4876
1079
6510
1819
3184
7155
8474
9333
9808
7835
1704
5303
3954
3516
9062
6284
4925
8029
3497
4920
9686
3908
6032
9179
3374
668
8605
4344
5514
3993
6015
6326
7217
5265
5219
8785
6645
1869
12
1111
4298
3996
7197
7010
1701
1652
5896
4514
560
631
7621
1482
2143
1548
4219
9125
6185
515
331
5648
6593
941
7252
6897
272
6685
6750
9280
8140
5127
2880
7810
7548
8767
9842
8903
4271
5730
8153
4779
1366
2017
3578
2130
1245
2285
3148
2111
8768
5480
8849
6562
1421
5190
8981
9145
7829
3584
8211
4708
1253
9373
6369
9522
1192
6807
4695
5819
2718
7031
6885
302
4130
9754
2105
8377
7746
7446
9627
5507
6341
4552
7350
8598
2365
7978
4811
3484
940
1554
1845
8909
3778
3918
2134
94
5459
9853
4959
9124
538
1759
1735
6536
419
9704
4790
627
2700
1835
9035
6614
4663
8773
9257
8325
1082
1069
7687
2693
825
4699
1049
723
4638
264
49
5890
3425
2878
907
4589
6860
4009
176
9133
3846
5646
1258
4138
1202
7842
965
6764
1325
4265
4981
6181
999
194
4742
6094
3714
7760
7171
2339
4676
6420
4547
6816
1375
6271
8646
1720
7342
878
3256
4453
1491
5825
9727
3215
3837
4326
6028
8650
5371
5584
317
5988
2138
6967
9006
7127
1808
9247
428
6663
7947
8822
3766
7437
3039
2781
9546
5155
7720
4069
6507
2314
8329
6165
537
4545
9015
3645
2309
7346
7033
1137
8386
2910
3182
6118
4710
6286
4226
401
3047
4835
5255
3544
4989
2316
4854
5638
3171
9503
5382
3674
2650
5307
7576
8556
6170
4648
7111
7813
4667
9547
9765
8587
521
8648
6952
7248
6891
8888
8051
2579
4765
8542
3032
2678
7458
2079
8355
884
7408
9553
7664
4829
422
9532
3470
6549
9666
5356
3139
5596
939
5476
3447
151
6518
8450
372
5185
139
3801
4821
3878
4872
7588
4571
6758
3650
7522
4794
267
9961
2750
5907
5404
3637
3899
2485
3777
200
1484
9738
84
2038
9473
5033
4397
3814
5982
6570
3613
1907
817
3991
6525
8666
8723
5232
2217
2835
3560
9982
5866
3473
4586
5861
3287
576
2076
5650
152
2034
9415
9217
2791
1334
1768
5419
7489
322
6505
7516
9030
9880
9619
5446
8229
9357
8445
8411
3850
2889
5551
3176
9728
1171
9615
6076
8034
7837
9907
8030
7641
8703
4712
2146
602
1619
9971
7852
3304
6646
9326
4018
694
6491
8998
5769
836
6845
239
9056
6155
4321
4985
4813
5223
8823
8951
2983
1824
5743
5002
9005
4926
2373
8771
2230
3082
5957
3096
3812
6338
9031
5874
7048
3541
8171
3347
9289
4896
752
7089
9476
5237
983
9402
6365
9975
9764
6856
8454
1934
3710
792
5147
8848
6176
7363
6252
4005
1906
8008
1391
2357
7669
4208
9622
5136
8511
4363
4033
9135
9631
5973
5577
8924
1709
1542
2179
3078
6153
3052
4103
6769
7825
1369
9648
7802
2296
1134
453
2511
2438
7851
1936
568
7309
8257
5697
7472
1492
3994
173
9543
8215
6297
8326
1702
2029
9806
5610
7609
8630
8301
293
8358
1116
5398
5331
7900
9398
3769
3953
8174
1642
1707
4439
3753
1603
5832
9251
307
109
3740
3277
8035
2235
5238
8427
2443
2545
5935
9559
6246
7162
6672
6613
2467
3120
1551
3534
8050
7375
4718
5170
1680
8649
5796
6922
3066
830
2626
9237
3684
770
508
3594
5545
8485
7884
9185
5580
1797
9775
5910
2949
599
7694
5329
2769
6399
133
6321
9475
1342
8971
4795
3579
2994
9457
3985
5918
895
8964
1126
8757
7737
8190
9508
2337
9259
6393
166
6622
6248
8083
1598
8638
6625
6240
550
3026
1271
8089
2389
5952
5961
6838
8984
6361
9859
4814
3440
1900
8877
2024
4056
2624
4557
1867
8091
7779
6765
2604
7328
8300
1946
5621
6976
7791
1960
2055
7653
1247
2011
995
7168
9393
6398
4805
1596
6281
7213
7453
9240
3162
429
1033
6768
4184
7853
7427
3295
6561
5172
2739
5905
5765
3892
366
611
4970
6290
2205
6919
2538
6249
3738
9190
9434
3847
3661
9720
510
357
1434
5059
7232
3463
9347
3059
1278
2975
1441
1830
2318
4510
5822
421
592
1355
5030
4215
8293
520
9877
1329
6802
532
6541
7979
8607
5708
476
3418
9501
8295
1243
8520
1891
1633
2441
221
131
1777
626
4031
934
4127
2824
4163
7940
9270
628
4051
274
3367
7945
6558
7290
7876
6041
2811
7676
7533
9614
5126
2464
1740
931
9020
3776
1503
9338
1004
1627
8780
2496
6473
4817
6581
4928
9777
5029
9390
6089
2664
5071
6989
7071
9051
7822
8709
9554
794
92
578
2419
5818
1818
1339
9059
3023
1322
3746
2956
4955
6424
7828
3130
8604
4345
7380
724
7568
8306
1147
4166
1508
6408
5950
841
2033
4946
8232
1468
1410
2080
819
6790
7930
3471
7586
5506
1856
4651
2195
9756
4242
7651
6198
6503
4675
7937
8260
8786
6779
2812
9505
4444
9774
6709
8241
6364
3694
6929
4626
2681
9931
9315
7796
4190
8207
6722
1716
8117
3458
3403
5246
6035
9678
4034
4285
9406
4328
2378
2071
7430
446
6484
5992
8126
661
9074
7341
1651
6669
1500
4024
4496
6236
6004
277
3003
775
698
2942
1870
4678
2061
588
7538
1968
7780
8134
6313
2632
5263
6884
6234
739
4900
3164
1059
4647
8644
3849
184
7241
249
4745
5496
1376
4148
9567
6358
3196
2821
2589
3079
5289
6175
711
4897
4508
3568
4774
1437
649
9694
2326
4692
3330
3041
9014
6950
9823
1429
2010
7957
7312
621
8580
9038
4886
1365
7189
5771
4826
2537
4450
7449
1199
3437
6110
243
1632
2973
8611
9095
1422
9360
1494
6499
3395
2184
1051
1172
5130
5231
3601
5975
7381
1515
7627
8527
5102
9987
9867
8487
3169
7176
170
8346
544
1215
3978
252
3248
7585
5929
6092
1597
4941
9654
640
5310
4848
5394
6531
106
3623
9136
3177
9517
2699
4364
2275
938
9283
7973
6974
7266
7929
5181
6789
7056
5282
1784
5539
838
9509
6501
6851
7125
9952
5754
1354
3187
4466
750
1454
1043
4223
8963
4978
9675
935
1864
4233
2451
6174
4060
5412
6229
8626
7376
2868
219
263
7996
6168
7915
9733
2721
5212
4948
8899
2194
8432
345
5976
9143
16
3464
6100
1231
1038
8500
6448
2733
5550
390
881
4509
5578
4456
7644
3633
21
3874
9497
2715
4476
2887
7344
5826
1577
8620
855
5815
2276
8803
4383
4189
5508
6178
5499
5501
9747
4912
5375
5118
1567
8539
2385
1602
3084
8189
107
9152
6353
8065
3102
2099
1084
2646
8533
4430
5215
9748
5073
3666
3543
8143
1027
9689
5397
7302
890
1371
8158
8147
231
2591
6653
1510
5424
6098
347
1855
3514
5576
8999
1273
1272
416
2108
431
3076
6302
9981
2133
879
4086
9653
4011
1584
9687
7899
8588
4530
7634
5206
280
603
9281
3063
7351
5590
2648
6713
2587
7565
1706
9947
7275
6344
2576
8349
9032
4156
9724
8149
5085
4657
1213
2779
5604
2539
8253
8129
7177
1307
5669
5808
5163
4236
9322
2951
7723
2212
5901
2172
141
7561
4213
7481
6823
3956
2764
4293
7215
7464
6679
7322
5124
2623
8509
3106
6719
565
375
6624
6214
2252
1308
6778
6134
8683
1928
2269
3019
1146
9229
6051
3275
312
7478
2150
6990
9985
6871
813
7510
2832
7982
6459
1540
3841
5779
7334
6959
8700
4438
4418
1414
4110
1541
8766
2359
6429
8991
2405
5716
9657
6994
5214
835
7210
1087
8333
7766
2440
3672
1442
5400
3771
9913
6476
6723
3214
1534
2551
9863
6412
5490
7894
1881
4764
8636
5145
5292
613
8116
3759
40
3265
4690
3734
3364
6607
1090
4660
348
7108
1347
1605
2473
9564
6450
5599
9459
8066
6135
3362
1127
1488
9632
8764
7623
3668
4423
1081
9431
641
2200
9303
2305
1175
5500
2360
4350
251
2665
3018
2096
896
2897
3855
441
2053
8425
5556
5363
2336
1754
2635
1071
4917
7914
619
6589
3423
8137
9600
1295
9651
5131
22
1529
6738
4536
6384
722
5008
6470
1058
2802
2129
93
3237
8110
5747
6299
5736
5351
5140
6992
1511
9346
4230
5464
2237
5019
559
7599
2939
6864
6272
2132
8936
8887
8027
5156
1201
1000
5689
32
6812
4905
8025
9555
1947
1908
9788
8267
2315
7969
1010
2472
5305
5050
2446
4484
6714
3193
4028
8515
1582
4769
6957
5137
474
5587
8710
3165
4282
8314
8048
3816
1506
7190
9610
732
5025
4053
3692
9797
4373
1356
8045
3333
7928
4593
9818
1330
4921
2548
7318
5407
2375
9539
7124
6158
4067
1353
7703
5614
5402
7428
9238
6979
6138
2427
4713
7160
5912
3660
1951
2298
5109
2236
1002
6395
4258
5414
5004
5433
6305
6855
1
20
1585
8789
6282
7562
9749
8353
7379
9825
9940
7354
969
9581
8417
6877
6798
8496
1072
6020
9013
5722
850
5824
7615
8407
6454
4374
3950
9646
8442
6413
8464
3890
7267
1914
208
6782
2853
3767
9964
672
8631
1464
9304
430
5991
5615
4947
5302
6522
4392
5636
470
7591
9487
8632
5473
8882
6455
5290
7204
2292
7556
1792
5841
821
73
8284
4704
1122
7
4555
8477
9607
6602
8563
3975
3209
4403
2094
737
5314
9707
4803
9490
675
753
3951
5354
6493
7082
8857
8380
3008
4380
4085
5413
8850
3611
6423
1130
1349
9488
8469
8965
782
45
284
7497
3409
1964
4738
8242
6066
4461
5540
8133
9187
7413
2581
4187
6766
9781
735
622
2720
242
3642
3010
2202
483
6071
8747
4412
1180
2136
4312
6822
4485
9578
9154
5013
9244
3580
688
1374
8431
4197
5877
7668
6665
4039
1587
8983
9471
5481
5270
3817
8028
8235
6844
2280
2820
8922
5892
2740
4229
1993
3426
8619
8321
6129
1979
6566
3405
1660
1466
8866
982
790
5897
3719
5864
2745
3986
9816
913
8826
7932
100
7095
2508
2272
3468
6924
9461
2059
7925
9770
11
6207
8390
8806
996
4748
5639
832
7511
2634
5426
558
8968
4384
484
2049
6933
9465
1390
52
3657
1762
7987
7582
8831
3879
8671
5340
9933
4767
3093
6643
8894
8572
9397
6512
2932
8372
7282
1008
5344
5757
9504
7515
1360
3163
3542
745
8318
8615
1065
6874
1154
4607
4333
2621
2060
7748
960
3695
8179
1463
9454
8915
9291
4292
3566
5411
2282
2256
4093
4641
3706
9531
1620
4016
2743
3226
8243
5279
9960
3322
4253
9536
88
4646
4441
5230
9956
5451
8725
5943
2106
526
991
3810
3500
8928
7617
6366
337
708
2938
9343
8185
3784
8054
4691
2139
4209
5801
6560
7553
7505
5182
6045
4261
6785
2555
3128
6815
5091
4158
959
581
8830
6655
7352
8880
8731
1005
8239
744
8988
518
3757
3170
1338
7439
5355
4737
6656
574
8482
7626
9647
547
4017
1321
815
6639
7317
7008
5250
3610
3307
1266
9310
4864
7412
4592
8364
8228
3060
7614
9463
86
8601
5863
7629
7431
8960
4365
3
4203
3768
8554
2125
6324
9355
3457
2991
740
4269
7714
8304
1923
2028
6732
9066
8196
3507
1622
4116
4002
5078
5766
9668
9882
7684
1659
6987
9980
9009
8106
2509
3406
9075
9763
223
2113
5684
9703
7078
204
2927
1644
5458
4300
9493
1937
9507
7951
295
7783
3465
9876
5165
2445
6482
5756
6287
2737
9984
1607
238
7869
7871
7006
4234
4743
9367
7419
9392
6486
7137
424
8905
6225
5837
9804
3617
4968
9645
2142
8846
1415
445
8738
7392
8867
9629
4932
1892
9998
1181
4614
3910
3718
3034
8491
9279
116
6195
2794
1879
4731
8458
9320
353
8633
6059
6166
2484
5005
154
8876
369
8463
6226
149
5076
9337
6600
3210
9642
3722
4733
8168
583
3683
4688
7382
6514
3851
4075
2736
9810
3581
2915
1493
1944
9659
2899
8479
4109
8273
9528
1865
6116
9403
472
9440
3699
3505
2774
2710
7622
4070
9027
2926
8344
6970
5262
5772
975
2943
3222
4467
9379
1851
334
2097
6898
8661
984
632
778
7421
351
6406
4602
1107
8006
9002
7924
764
3045
3923
8337
6937
5985
9115
6208
403
5916
4853
6584
9139
4617
7678
6759
3877
9196
763
5429
4454
4757
920
597
8085
8716
9000
7153
2672
6418
8131
3373
6231
8354
1098
2009
962
9515
3313
5735
404
2355
7658
9321
3547
2470
6808
3903
2523
4301
9085
4171
1574
308
2738
4879
33
1782
3197
3389
415
5829
7647
747
8363
3818
3234
1686
6343
6148
946
5196
5946
3016
2617
6082
2168
8904
5361
7557
8382
7838
5095
2476
2471
4036
3716
3235
1954
111
1985
8990
8799
1246
1737
6697
6255
1723
9307
5497
1007
7216
7867
798
2190
7461
1153
8558
5035
9435
5241
1017
4812
9453
6772
8571
6400
9036
5225
8299
6502
4830
7918
522
1981
785
8107
7196
8197
6605
4961
572
5039
1726
3037
4132
5563
5792
4160
6696
433
5611
1326
5589
8735
6184
3129
9175
3989
3629
4162
833
2616
6872
9264
9477
3240
1656
5018
8098
8765
2854
9134
5183
1303
3305
7721
9090
6569
9195
787
2855
66
8701
9904
5532
2304
6018
2950
3842
1133
954
3532
7509
636
1430
1712
8315
6698
4182
8102
3326
4810
6374
2711
6036
5767
6727
6000
5187
276
823
2590
1559
3150
8762
4506
5612
6587
609
5334
3379
4041
6073
50
1852
8941
9096
2856
4546
3528
190
6545
7948
3212
4904
8842
4694
7219
9586
6046
8832
4252
6682
2192
9078
860
3649
3781
1790
6755
6821
9914
7298
9376
1785
4437
7992
8271
9409
6996
3266
4353
4275
4255
1610
2544
2947
2248
5895
3819
8373
4176
7370
8820
8706
2877
614
6800
6201
7729
1976
6674
3155
7047
4491
7775
6649
9097
1166
5993
7011
9958
2565
1241
746
1485
225
659
1412
1495
218
4415
5447
7581
8061
155
4832
7817
695
4202
6870
9832
6434
7811
3278
3797
7740
1842
3038
8038
1177
3208
9992
2025
9955
2723
9613
7149
3167
8214
1285
168
5125
1535
3696
6068
9562
6757
7704
236
6099
1825
8802
7927
9999
9201
1364
3697
304
1143
2407
1547
5798
389
5605
1097
6291
8691
5911
6695
6524
7432
4105
4768
658
4378
7301
3286
1873
1312
9602
1749
1544
5374
1205
1350
8166
529
9636
6786
2183
5452
393
2652
19
2014
7185
8220
489
7753
6951
1809
1001
99
4680
958
710
8176
5955
3995
2988
5036
6485
5846
3299
1772
182
9548
7094
7724
7429
2799
3239
1846
9221
2706
5978
8726
3269
8741
5108
6143
2040
4081
3708
811
1031
6379
1178
8010
3792
3393
5086
9709
6053
4616
4316
6550
5350
101
7518
2966
2274
9563
4499
6736
1741
8370
2595
2331
7086
9352
4685
4605
3089
8216
3597
3983
4448
8812
1838
1469
3522
9226
6744
864
7807
9755
4134
8777
2964
3934
1393
6588
7289
8319
9043
7130
6336
8523
759
4324
5077
8935
8019
2352
9189
7017
910
7539
3434
8074
8908
8942
6721
7865
4823
9910
5425
5046
5023
3748
5962
2075
1658
2488
6859
5799
3852
1292
2906
1483
3453
3243
6350
6577
8816
3756
8874
7493
5572
6274
9388
9287
9941
4816
1458
6519
3099
8224
7320
6026
6419
837
8938
9726
2081
6735
6189
4610
1919
2729
9959
8246
7222
2695
9856
1696
1409
5245
359
3936
3351
4673
8233
4395
5189
8962
4529
8570
1198
9809
7225
9207
6007
6124
2264
8521
9927
5284
7547
6834
600
2321
7590
647
9664
4268
8210
9241
8957
9394
1119
1427
6595
6056
1636
874
7877
7495
8490
1643
7804
3474
1400
5192
3146
1159
4396
3068
3909
4556
2504
2978
3131
3572
8599
4844
8858
8907
2702
7577
4480
3927
6115
7707
4558
5343
2350
8261
9937
3864
6926
9538
31
2469
499
9170
9857
3888
6193
978
8384
2466
6830
6316
1536
4390
7227
9677
4006
1732
8203
9592
9879
2778
3813
810
6347
9410
8992
1186
8712
7274
5724
4008
2319
2084
6044
8810
8734
9597
6941
1361
8796
2327
8623
6180
7114
458
5814
2697
9339
8484
6690
4871
2243
1810
7487
8194
2153
3048
187
8739
6954
6474
1645
432
3251
451
4727
789
8504
6553
9579
7256
6048
7234
3432
3932
8920
7132
3625
2043
4309
6742
6777
1498
1323
5617
1764
9309
281
9712
9942
7846
9482
147
3806
3031
6210
3512
5069
7504
9344
7270
8236
3501
1841
4323
1233
7988
3860
6430
8144
1545
8545
2234
5072
2461
227
1987
3007
3960
492
1816
2610
5564
6761
4756
9717
6367
4624
1188
9611
7939
5101
1984
5673
3042
887
1078
8754
2934
6751
9194
2196
9945
6908
4588
7002
9082
1195
1781
3736
848
5395
1721
7778
4048
8596
956
9213
851
1099
7259
3838
5482
5054
9205
6024
2206
4649
8898
7751
3445
8781
5593
9886
5380
9442
8911
2421
9091
481
2302
6307
1795
3571
5022
5777
7841
3107
3123
9120
8356
717
4952
9885
7386
2669
9430
414
6836
4551
2546
6239
1531
4302
5651
4442
9318
563
4479
2747
567
2145
7220
2335
1905
4533
7154
2748
5087
8120
2042
7832
6869
4778
7726
8252
9828
5887
4357
4601
4669
5256
1774
6542
9128
3705
5932
6391
9438
3285
3181
4424
8943
6743
5820
1913
4621
888
7145
7442
1654
2277
3608
3638
8436
9887
8020
3118
5405
791
6913
420
4088
1496
9311
2449
8324
1760
1738
3958
6579
2923
3676
2267
1151
4837
6265
9089
8350
3940
8910
7016
8667
9685
511
8779
6794
6200
3071
6283
9485
3225
7637
9790
3365
163
5247
5588
3064
6608
9752
7523
5466
6480
3220
5969
9708
797
2255
2851
1788
6677
3194
6688
4683
1256
2639
2201
4161
7327
2657
1990
8497
3372
4884
6257
8385
5437
7470
4170
5582
3189
8621
9575
7425
3370
7685
9149
1113
2603
7857
2156
6468
5990
3830
8851
1860
663
3270
1646
8751
6421
7863
8634
9916
6465
6422
5667
5505
3427
5726
2406
6925
7159
5144
684
9740
7112
2056
818
3391
7371
6368
5512
7821
6164
7508
9571
211
7787
7179
9228
371
2677
9773
2185
8279
9661
4772
2790
3125
5467
8459
3461
1530
7919
3417
3486
7003
4931
1114
6432
5914
2972
9432
2410
2884
3467
2622
8499
1383
736
9198
2442
6451
9302
5339
3760
2045
2121
9723
3861
4548
2834
388
9380
4964
228
5048
5528
4507
8366
645
4604
3667
6445
4421
121
3040
4619
7862
5392
465
1827
4167
6011
3669
9441
5024
5823
3429
3014
2171
7670
3398
1311
2890
1576
2798
7469
4686
9676
1880
464
7172
4630
8689
300
5079
6016
4597
2477
1032
6466
301
4143
9448
5453
9055
3390
8396
997
5881
4839
2643
2631
4311
2400
4464
9169
5879
7118
3025
7174
3119
9308
8402
447
573
4714
9391
5821
5381
5521
180
454
316
709
9836
7103
8037
718
7147
333
4751
2283
6578
816
6686
3441
6733
8281
1062
5498
7308
8863
1916
4021
5252
6946
8871
6108
4583
9443
2041
8795
6609
1238
1168
5386
9296
6285
9587
5753
4994
1921
7830
2584
1678
2022
7357
9870
1821
2793
9276
6298
7228
1703
2455
2260
3681
8569
7414
6277
4473
4426
5399
8753
9272
1998
4728
8959
7882
4711
3345
4483
2662
1487
713
9284
6753
2215
8821
6906
17
500
8814
1804
3483
2162
8583
3354
1507
248
5723
6443
259
1626
3518
8852
3652
4855
8989
4562
5591
720
3673
9858
2871
1184
6806
1465
3443
2931
1189
3101
3592
2554
2242
5844
7399
5980
6632
4414
3140
9953
2756
1219
8673
5852
8039
4052
852
1814
517
8067
5335
5536
3997
8104
7544
7093
8146
6063
883
8594
3596
5455
1546
2534
7067
8437
1561
1183
4135
4782
6309
7898
1041
7291
2961
3558
1748
2682
6846
3074
8072
6488
3380
207
4351
929
8022
1164
1747
686
7121
6616
8400
5691
6139
7776
4224
7521
265
2900
6278
7199
3656
1021
2159
7406
5220
6008
196
9649
8695
7283
2969
2704
4808
9861
5925
4254
1056
8892
1257
9468
5068
9831
3590
7062
2240
5541
2907
3644
2460
6826
5872
5830
4907
8675
2393
4283
8041
9827
3939
2921
1717
7524
2161
1727
4977
2167
2860
9371
5995
6971
2465
7231
3124
7331
5959
3454
4371
728
5323
477
4260
4537
1235
1630
6359
5530
8413
5197
6716
6262
6253
847
7105
4238
3262
6136
3475
566
1204
9421
9792
5341
8302
7087
206
1457
8958
4471
5264
9446
8077
4012
1380
7422
6556
8557
3557
2619
2929
1419
4861
1108
1655
4645
5549
8441
4990
3203
3069
2531
7620
482
2908
2180
4773
7034
1075
8172
580
5096
9963
7814
5598
1443
6603
2666
4338
1461
4367
2166
846
7607
449
5618
6832
6213
5092
9957
8853
7482
1456
5939
5868
1963
1572
7364
6288
2152
2728
8335
4664
3381
4299
4972
3257
3344
7789
8843
7074
1368
2965
8595
8188
8818
7602
671
2288
8064
9640
5074
506
4277
5513
8311
1288
172
3260
8439
6634
183
8225
3891
4759
5624
6701
6809
630
5014
3835
504
8128
8375
4951
9080
6446
3779
925
3444
3725
9017
9944
6159
9277
6352
9616
5171
5749
8653
973
6638
8639
589
4822
9167
1249
480
3795
1135
7698
2403
6825
1228
2894
6464
4668
5436
9699
4432
9802
5409
6948
3586
3832
6691
344
7600
8685
872
5248
7881
406
6075
3707
4159
7106
3615
1994
191
2497
6132
309
629
4862
5104
6483
2772
7773
9498
8052
5870
2198
2013
7570
6623
9679
503
8031
8859
5034
4739
2674
3283
1965
6494
6042
5665
950
4022
3928
2568
5312
9605
3233
4310
7860
462
1525
2837
3882
5699
6145
4040
214
970
3479
398
3655
6397
2574
5828
9401
660
5472
7440
3724
1966
3021
245
7276
5641
1057
8833
6920
7540
56
5649
7279
4420
4758
5128
8627
7955
5367
9147
5389
4771
3723
9093
4322
323
4590
2432
1537
2578
4422
8749
5360
751
6296
3438
4528
8473
2157
1471
7597
5734
2002
9489
452
7330
7652
9796
6930
680
5288
7143
4656
2862
8514
5664
2936
3098
923
4949
6717
4419
9665
967
1428
8834
5725
8063
7719
863
5257
7023
6232
9092
919
5645
957
1581
535
5427
9052
8162
8170
5721
5064
6462
7496
5065
6998
8698
2701
5880
2836
6626
6449
9573
2828
2137
6043
3743
4636
1394
2971
5983
9970
2948
5574
4715
1473
6401
5999
5706
6597
8838
3780
1586
7403
9312
2987
8672
2214
8997
7240
5733
4054
6636
6773
7261
2182
6590
1890
3765
4050
6618
437
8737
2437
7061
6670
639
2221
4066
4858
1690
7360
9722
2391
2519
6712
1885
4890
3872
9225
5966
3442
9783
2420
1438
6868
3324
436
1972
336
7101
2732
5151
2114
8684
9923
1408
1992
1016
8250
1203
1413
8198
4820
6617
7480
8465
4038
5416
1103
7535
7316
5107
6087
9384
8406
2074
2493
5304
555
5913
6130
8637
5695
1123
3036
8931
2036
9574
2362
4707
4980
8200
3790
1967
9411
4503
1613
3800
4797
2918
9706
8455
6917
8362
3848
7450
5494
8944
942
4940
2801
14
7032
7677
1509
3551
6380
7164
697
4565
5234
3585
3796
7636
5406
678
8657
4111
1604
3630
5931
8699
7902
6375
7785
4388
6780
3213
2429
9776
2827
9915
5205
9812
5164
5727
9467
5903
1939
5349
355
6942
7278
6065
4709
922
120
5873
1423
9583
9033
1961
2480
9156
1593
396
4775
1744
178
1739
5535
7921
9667
9153
5552
2675
3529
2647
6104
7395
4247
408
873
7457
6077
6142
9399
3282
6606
1306
8617
5922
136
6748
413
7613
9275
6580
4010
2976
1528
1653
9416
8405
3628
2035
8156
867
4100
6169
1566
9838
6774
829
1250
5345
7657
682
3701
8448
3949
7043
9513
9826
9171
6702
6438
8476
7068
1635
478
5885
4998
8844
3017
7958
2795
9682
9054
8112
8462
4553
4117
2753
3073
38
3249
5561
3377
949
9500
7799
7020
5178
3924
8602
814
3327
2238
426
1807
6230
971
4173
6883
9588
1211
5001
3555
5207
8278
9893
733
8341
4319
6711
4195
5755
6292
5592
4061
7823
2417
4532
3343
5773
5422
7564
9327
7007
5657
5537
5519
4996
3472
1221
7812
3640
138
4079
943
9353
4478
653
9292
2492
3273
1117
5917
4793
6331
8345
1497
6064
853
4276
6103
5994
2557
2057
7558
5759
5523
2800
9114
8209
8152
7700
5388
1833
6040
1252
148
1657
902
6863
6594
687
4192
1401
5391
5445
7271
3680
4924
5862
1599
9003
3721
6351
7041
5977
1020
9451
491
7374
4446
4521
9492
8526
8004
9813
7492
519
410
1745
7604
4177
4762
6927
6888
450
824
3422
1857
5133
4834
1502
8493
2833
9107
3411
332
1526
335
7532
7989
5835
7781
8600
7757
6965
9780
7665
439
4655
2863
9844
1688
2645
4083
1357
2384
7956
3336
4629
5752
3227
2891
7648
7326
9098
9286
670
7394
6171
3755
6267
5632
8529
2468
5484
766
727
4164
7990
6039
1882
4943
4719
5634
5509
754
4026
6728
7268
9698
7612
5663
9046
4112
8890
3688
6928
2875
1395
9742
9771
3561
1957
8395
2636
9683
6850
4431
6675
1034
8398
9157
6461
7743
9921
5926
4831
4469
2396
8165
8123
5203
793
8296
3961
321
8378
2668
7935
4777
2777
9161
1265
150
459
4133
606
5281
7891
1615
4046
608
9104
6217
9234
7616
699
1969
6125
8076
9
290
2760
9840
4411
457
2518
9267
6102
8042
1683
5619
2439
6879
6276
7335
7097
8930
6945
2879
598
5548
497
3836
6090
4591
1616
9262
9811
8328
646
8018
1478
5566
9626
8923
1105
4600
5800
3945
3147
7864
5728
8154
329
6914
2563
9769
7592
1695
8815
4493
2962
7128
1372
9974
3319
4211
9641
1396
9791
7833
5786
2225
5353
4470
6345
2122
8538
153
7878
5346
313
3605
2104
9084
3631
5979
7772
8825
5117
8433
6905
9696
3827
3110
2450
676
2431
1148
8223
1378
9656
4007
8985
3670
7792
6873
6915
8612
6196
7000
7358
8265
2281
3906
596
4974
112
2006
4634
2151
5718
5457
6586
158
2093
2550
1047
5475
635
3151
7679
2462
7134
9023
5586
1129
9282
6006
6775
9731
2997
2227
9537
7138
3540
2329
2091
7893
1995
8471
9815
4146
2300
4725
8369
8256
4122
8409
2356
5857
5594
6988
2377
1315
9782
986
346
1812
6592
6387
7901
4382
8807
548
8312
2364
6676
654
7681
3160
9935
7610
2363
5680
494
2119
195
8613
8614
6106
6472
2673
6944
5488
6591
9265
7847
6660
8913
5211
2019
3157
7423
3376
2204
9977
2110
1324
4180
5428
8026
3881
2334
8794
6323
1297
9506
5204
3870
3080
4501
9849
2970
9024
4827
2219
2223
8255
114
4682
3663
4577
5968
3035
7963
9294
6916
5741
9850
2998
4749
6259
8517
39
8589
1110
6034
271
1836
3450
7015
1973
8778
9123
5213
8862
6969
7436
5122
662
648
5679
8201
4903
8421
1938
2640
2898
5951
9129
4284
9389
9705
5120
5042
3916
34
6122
6121
2082
382
4097
6244
9413
9086
4877
1943
1504
669
4194
2569
5886
7994
5956
9739
9736
988
7333
2684
1920
2199
6911
6747
9330
7768
4568
6980
1672
1006
2197
4988
6022
5884
5296
2651
1564
1625
3853
9444
9930
8270
7998
471
6567
2186
8508
7977
2717
4620
1556
275
7953
7332
7733
2016
6083
904
9799
262
2937
5432
9883
6867
6881
9663
8576
4331
9445
6824
5538
1335
1229
3831
6509
6037
1319
5336
7122
4665
5442
1912
1553
5906
1053
1669
2015
8969
8141
8682
2708
6002
9854
8043
9040
4037
679
3399
124
8577
1550
6150
5965
2806
7475
7297
3758
4895
2980
188
1959
2872
3825
3802
3829
6791
7119
2261
3898
5221
394
7262
8264
9007
4511
8518
4339
3798
1470
6544
6245
5319
8564
8534
5793
8426
8973
2857
4752
2559
9928
8993
5628
7300
9680
5878
8707
5373
4587
8068
7754
5947
9595
7942
4308
901
7070
1341
8540
4157
7390
1424
3306
1563
6805
2401
8827
4287
407
3013
2644
3735
2514
3826
6683
5317
3869
615
2687
0
7923
9556
4359
65
8787
2004
1751
7541
4870
1674
2955
4603
9140
595
6477
5330
3348
9366
1125
8752
8836
7920
2712
3138
6219
681
5971
9695
822
3731
7554
8347
3763
9582
1634
6956
3072
8379
167
7110
9293
2353
7861
5631
5531
456
3388
4788
2655
7242
4013
6537
8860
955
257
387
3712
3686
5941
186
5080
5970
5662
1406
5795
7691
3490
3289
4698
9212
1216
6907
8013
6582
9202
4761
6935
4295
3957
3527
8635
8932
2654
9598
8548
1710
1232
6306
2388
9425
9888
1522
7819
2512
6997
8776
2680
2716
8359
4923
1287
9268
4561
8248
6895
7026
3811
8451
3154
2
8566
2244
8486
4372
4992
9427
7552
3337
3188
897
4417
702
5981
3335
3386
7063
780
4398
2925
4723
2525
9878
800
3488
4145
1475
3865
8979
8722
2414
8122
3525
6342
4196
6583
7263
6770
5668
7798
7471
9478
4922
27
1715
3539
2354
8394
2220
2540
1888
240
7037
3121
3492
7040
523
6904
8643
9130
6678
9301
5802
8221
5006
1750
8391
7211
2588
7398
3404
7917
8891
760
5142
9872
1046
5191
117
2714
2661
175
1698
6986
9199
8507
3136
2796
392
9155
1281
643
4032
8503
7566
2426
1970
9798
2175
4181
6724
7662
5986
6943
1697
6963
7514
2752
4720
937
3562
9022
3730
5082
9159
5682
4200
5309
9718
3349
7236
89
4084
4975
2482
1064
4129
3880
7806
3981
8586
2940
866
5936
7628
6294
7073
4228
234
8883
7589
2258
4792
2707
4296
5787
1608
5768
7848
7365
8127
3061
25
1700
839
8670
7750
3538
4118
5249
2759
8467
4486
2787
1887
1093
2935
525
7285
7001
4576
9744
2123
1145
4000
8266
8665
9899
9351
2128
7536
7734
9087
7049
6237
2688
5996
350
4368
326
7109
7058
7598
8783
8996
994
4405
8430
6708
9407
5764
2415
7102
5112
1834
6760
8361
7462
9549
3253
9924
3858
7695
2599
9939
1518
3967
1771
6849
8307
2436
9050
871
6151
4789
2809
9151
5053
6194
7372
2633
3575
7797
9926
3687
7396
651
9643
5834
605
4343
7131
6270
7038
2850
8901
4303
24
5287
6247
4407
3424
2312
5083
6211
7995
6172
370
2510
707
3751
5011
5644
411
4523
8603
8342
6404
7152
4369
4595
3000
2371
399
1724
8608
8530
5603
2719
8759
5067
5953
3834
4993
8075
7525
6280
7656
4077
5851
5987
9436
657
8808
5461
3329
5372
1736
9328
9254
6792
6939
7272
903
9496
6405
3588
4865
6910
7039
4608
1897
54
9232
6120
7324
1571
1848
2605
3408
3085
118
7339
2163
6003
1505
3301
8115
444
3965
9118
6258
1279
7649
3508
9117
3350
9319
8694
9141
7868
2933
5347
3122
3397
2846
9419
4327
7494
4198
7218
5671
7688
5948
3685
3100
7355
210
7794
5332
2663
1144
1452
9063
964
2620
7686
8415
400
2386
3135
7255
6437
4346
7066
1840
349
5524
8525
6019
4840
3713
9211
1030
62
2023
3267
842
6680
1212
2489
6893
2428
4113
1106
7378
8161
5261
1859
6796
7051
2667
60
7244
1871
2553
1671
70
4599
6865
2369
6817
9635
7897
805
8408
5579
9671
9345
4888
2503
4563
1194
2395
5173
6235
6985
1432
1156
8447
8721
7253
8231
7839
3883
3587
8873
1440
4120
3530
768
5089
5554
1609
6431
8418
6707
1388
502
9820
9359
28
9843
2766
6571
7762
2148
7527
4995
4979
6776
6923
8916
185
3911
3356
3658
5134
7065
7388
5114
9349
3340
7730
552
8729
524
3433
3046
2573
1179
5043
1167
2570
7133
495
4661
8597
8686
1048
7643
3088
4860
8925
8016
2541
7933
5273
6268
8878
2458
4766
7184
339
4838
2224
570
4251
7420
584
5573
2087
383
4564
3635
9772
8303
8824
488
9784
7295
4205
8502
4347
9715
7014
2831
4958
9072
9405
6301
4389
9025
7583
3867
8145
8884
299
3338
4241
6141
1268
5871
5129
3028
5021
5224
4640
2107
8676
4983
4073
5812
2755
4623
6725
9253
6354
3728
3012
2916
7699
2990
7187
8005
7391
7166
3833
8624
625
749
3219
8069
3783
6453
7513
7400
7660
6890
1661
362
8854
7157
4400
1640
3400
9193
289
5940
808
3843
2170
4377
767
4572
5174
4976
8157
5924
6119
1085
652
8758
5184
545
4504
5867
4451
2818
6629
3244
4495
44
2412
911
4866
3889
820
6803
7407
2232
2819
2967
7709
2691
7501
8383
8861
8285
2189
696
3931
7715
9342
7997
2727
1817
6243
6633
9122
6489
5456
9700
6554
7150
4115
2771
5963
6938
4543
2456
1251
8986
885
6014
7959
2757
8178
5268
1100
5533
4541
7859
6293
5742
3211
8616
8461
385
6490
1623
1426
3519
2506
3224
6729
9386
755
8132
5061
8934
6093
1955
5366
9111
4232
1521
3782
7659
9716
3574
9423
5285
4631
9545
3202
6596
7088
6186
2032
801
7466
8841
7229
8568
1277
2149
9209
9566
5601
3789
4967
9835
1624
7546
3291
5984
1682
932
1206
4969
354
9866
9109
5633
8567
1003
1055
1839
6811
4833
7338
2459
6376
8708
6025
4149
8118
1197
7731
6972
4677
6146
1481
2210
7348
826
3339
6995
4575
6320
743
7555
5100
5186
656
9484
6417
3005
2986
2920
4498
1210
4329
9746
761
7463
7081
4178
891
7603
8111
7434
1876
5401
3511
6340
5492
6061
7786
4172
5410
6182
7713
7725
3480
6378
4055
6117
6681
4755
3143
177
7574
2026
9323
6661
7060
3183
3943
8868
9585
9341
1124
5209
9034
1929
1775
2679
9855
7944
181
2585
2430
3747
269
83
3077
9824
6441
6627
9064
7980
6568
8805
7584
7221
6843
3595
3727
4379
963
1520
2330
108
579
8060
7742
8081
9851
4518
2725
8135
3537
379
1927
1332
6880
1453
8660
1404
2876
9112
6209
2348
5637
4729
8835
9428
809
3284
5997
7465
9526
5441
5198
8519
4472
7808
4165
7417
7200
9762
5138
577
8305
5778
7763
9948
7135
8452
9361
8592
9525
7459
2117
7036
8423
3142
8420
3126
2457
4169
877
6706
5090
6648
9639
4842
1896
2001
534
7104
8506
1730
6762
5597
6101
7091
8674
4015
2345
7072
8510
79
5849
1628
7632
6086
5623
213
4128
3895
8456
2826
5007
7247
1854
5450
3976
2491
2627
4618
1708
2086
5711
8840
6428
4150
85
7129
741
4342
1829
7443
3915
9801
2178
9743
6912
7952
7411
405
5869
9256
4722
9841
9010
9385
8748
8237
320
10
2397
4307
3839
8498
75
5687
3186
8690
7831
2249
1351
3159
4776
2614
6540
46
2287
4909
3127
3739
9325
9520
3745
4304
1023
2228
9186
2481
2031
7946
8828
533
3845
7728
9214
6876
7075
7323
384
2268
2564
1131
8902
3363
5803
5683
4843
6080
352
5899
4481
3647
4488
3900
7661
3665
6382
2392
7257
35
2746
9576
2946
1820
5057
9609
2786
1815
8320
1734
4740
8547
4542
704
7578
1770
1811
6982
4290
3823
6828
5701
9912
5479
7498
2404
4136
1649
4893
5051
575
7758
3618
59
4401
4635
6978
9316
7329
673
8893
1262
294
4706
3654
6953
5717
1207
493
5731
2070
1523
3565
4101
6576
4281
8167
1301
3675
7349
6147
2448
8769
2917
8434
5379
6001
7208
3359
8177
1403
3491
5143
4965
9814
6079
4784
4781
325
146
4125
3281
7151
6740
5243
4257
198
7273
7874
2253
4950
2127
3521
7624
4092
2698
1539
4611
5278
9521
5293
9437
9239
4516
7968
6442
2792
5385
3912
9759
2805
7954
2797
7949
6991
9950
4705
2823
5017
418
2343
3407
4944
2320
9160
7076
8036
2307
8745
8501
6852
3015
3332
5177
4689
8338
2000
7573
8073
6783
8575
1446
7115
3264
9495
2593
1320
361
7195
4487
9100
3113
7500
1802
6127
2383
1061
1345
8298
8732
2005
8593
1274
2613
7245
9729
4095
4717
7506
3917
2524
1691
7567
8977
4123
5712
1109
3941
3702
6471
8669
4201
3311
5809
2092
7286
3217
7680
9994
1276
6734
1684
9001
4020
3982
947
47
6599
9951
5031
2762
4140
3793
3646
3894
4297
3413
6436
4519
2979
3689
1445
6763
2259
2299
3342
9669
3280
9624
6564
9551
3671
43
8287
3593
4068
1261
2051
97
3809
8327
2901
4819
203
7820
5655
98
5420
1875
9544
215
9067
2027
3320
9449
2575
1714
1044
1601
6348
2211
9943
5469
5942
246
8513
7816
157
3294
9737
1191
8125
571
6966
78
74
650
6534
6425
4942
7752
5449
8896
7805
3504
7022
8114
9725
2073
5260
143
8097
1843
6700
3987
7875
4550
76
7895
5359
5522
966
2164
1226
7292
1327
3510
4124
1236
6250
4361
6889
1580
490
1780
8217
7397
8181
4291
7389
6504
6023
9076
769
4045
2993
7984
8642
1080
4841
7625
6573
9541
6212
5364
9197
7269
9868
5964
553
6310
7368
905
7936
9269
8332
9138
8040
3955
8440
5121
610
7755
2358
6256
4527
4933
1242
6295
5322
706
2349
1132
5865
7484
6330
6072
6896
1699
373
8202
7175
8573
9049
4807
3378
4078
222
4210
7052
9216
4174
607
6947
7840
5210
5119
5325
6427
2020
4455
5474
6909
4175
7224
5729
7631
859
7233
9830
9382
7499
2995
9340
9218
3302
1300
8579
8775
3254
528
254
6407
6720
7879
2284
5390
7069
8481
7503
4025
9070
7029
8819
3161
9655
3523
1450
7265
4791
6964
5686
4087
5161
4512
7736
513
5438
2607
8797
2425
3502
1035
127
3862
8687
8399
2322
7167
8033
1155
3952
9494
6936
6887
7666
7028
7018
8357
7486
5692
1377
2913
1370
961
6899
8099
2958
7991
882
7960
5652
8007
2902
8206
7460
3913
3156
3460
6163
2536
7595
4314
5477
6835
3428
2829
8585
4534
5383
6955
5052
774
3822
8541
8625
1237
8954
7667
2625
2500
8972
8205
7287
8945
5515
4317
2560
7563
3856
9210
8919
8869
1664
8856
3288
2776
6126
5032
8001
5791
2886
4754
9295
3011
7250
914
7549
6279
2919
5860
7021
6311
7650
2810
9512
2231
1240
5607
6410
2007
5894
9821
8191
468
1926
6692
2245
3493
1621
689
7711
4596
4859
6049
324
165
1477
9378
8950
3761
8084
5789
4868
5534
9922
9697
7961
5311
8885
8681
633
4628
5583
7369
3893
7384
2532
8829
7161
8343
7223
6533
5620
1036
5502
2291
1162
8817
2567
2985
8352
3448
1989
2543
2068
5696
1755
8801
4505
2064
1681
4064
3271
3369
6903
3930
5660
6694
8136
7765
4582
2502
8389
2895
926
6218
9206
3109
7834
7258
9188
9519
36
6771
8058
9846
5547
1532
6746
2507
5070
255
1949
8348
952
1676
8655
2517
237
8088
6328
1290
916
1901
1971
6439
7012
3717
8702
8544
2873
4107
7887
8677
7710
3051
2744
4305
8628
4126
9618
7692
5274
5836
4168
1948
7606
3303
5393
7744
8159
412
1150
4850
3415
9524
4062
5157
7885
423
1316
3622
2062
4883
3616
6096
7976
212
1214
557
7809
3223
6058
9381
4376
5415
6523
7790
9794
8288
3049
4214
4780
3857
3353
3604
8688
6357
4098
7418
5176
3314
5516
8711
4997
4465
5705
9395
3925
784
8272
1161
3752
1169
1789
2813
8095
2486
990
6528
3366
3764
3770
4139
7906
1019
7404
3742
9558
5113
858
7605
8163
5806
715
4581
1209
9106
582
9058
3620
376
773
3050
7019
327
3247
8003
1940
4482
440
7361
4502
705
8291
7761
6264
6999
5709
8322
8094
541
7433
9236
6548
486
1823
7800
4644
9008
3570
4612
7803
894
6362
4736
5417
5666
9895
3430
6827
6388
3489
5055
8875
3296
2660
1118
1899
5195
4334
7050
8565
1260
9047
1174
9839
9976
377
3583
7180
2077
2144
2293
4639
6799
5194
6837
5200
5003
8966
2372
972
618
3360
9701
4753
7580
6604
7873
5259
3552
1136
250
6346
1042
3352
9101
569
3207
1382
7569
7080
7260
5027
2147
3268
9065
1569
2463
7362
9711
4248
8182
2526
1666
1983
3808
7251
3092
3626
4385
4785
4578
9288
8148
1222
6797
1813
9795
7485
6162
9466
1185
6414
409
4913
3582
4910
7053
2788
7966
9313
2735
1773
4633
4544
9263
7788
1878
5094
3937
4014
1225
7880
9491
862
8555
1793
906
7083
1436
4492
4104
5175
6500
6317
1583
8746
4227
69
8664
9972
4524
4681
4231
5738
927
6547
514
3873
586
9127
9800
9936
9917
2174
9173
9949
4362
3973
9898
3576
6463
3024
8269
5831
8837
7888
507
1310
1805
5408
4700
6749
5454
7771
9053
1549
3134
604
601
9148
1560
3974
3496
8100
81
201
3355
1187
7192
4566
2271
96
7305
8656
3744
4741
2609
3006
9314
6857
7367
7619
162
2580
244
2447
2273
3009
2054
3482
104
9713
6107
8987
2452
7009
3577
1991
7206
1980
4726
6921
8294
7085
4094
8543
7117
2885
2952
8096
3677
8995
4289
765
3083
2612
7426
3477
9374
1448
4212
6215
1543
992
4452
1673
3316
7836
1411
193
4849
6370
7702
6047
2370
900
6961
9420
9766
2825
5040
6496
5560
4076
3498
292
9184
5434
8663
8717
8160
1675
7844
3238
4918
6882
587
6457
4027
7035
2065
3709
4434
3090
4259
1962
1733
998
6818
2586
591
1397
4318
2279
7575
8056
2037
918
5762
4806
4945
6260
9561
247
3948
5020
9672
8259
318
2382
4650
8234
7663
616
8535
5115
2881
6598
9439
9469
7141
3499
802
5670
4325
4315
6269
7226
6312
435
5489
4288
9255
2866
9026
9365
1996
5099
3384
7845
968
5254
2290
9364
8982
9757
9146
1662
7534
2600
8376
6839
1930
3700
260
5150
4057
5058
3844
2694
5571
9041
719
8809
6960
9261
730
2676
4262
1227
3152
2804
8629
1668
9016
6585
9652
8336
9570
1884
8444
1289
3166
71
4652
197
7005
5746
2582
9334
1933
9829
2088
2229
1776
3711
8470
9404
4155
1077
3358
4801
3548
5909
5503
8978
2577
3029
3104
5805
5781
8743
2177
5146
3962
2251
5148
5348
4023
9630
1418
8
9163
8855
4869
5132
9422
126
9116
8446
9204
9884
5923
8537
8059
6529
8249
7630
7100
4049
1074
9991
9822
4096
6968
781
9354
5553
5338
5630
2413
134
742
9048
6062
6932
4982
7542
5581
2611
9584
217
6574
7777
7099
9077
7126
3536
9693
1911
6021
9660
6726
1783
8581
6027
1302
5921
5439
1112
8870
7962
8186
5629
226
5602
7770
9903
145
5440
4672
1317
6403
5299
4004
9966
8108
7854
2120
9670
3612
7148
5794
3095
2067
8927
6440
6085
7941
930
7764
498
3550
2118
7491
3691
2924
7705
4270
5776
4642
7170
2213
594
912
2713
1433
3250
6894
4693
7633
9260
5202
5443
7139
1101
6940
5495
5160
4986
8524
6222
8240
2361
5856
1333
4594
8740
7655
1142
7336
2347
1467
6433
6456
7079
4080
8334
5179
3988
5098
6886
2867
4142
391
3875
856
8933
5732
397
9540
4354
6415
1363
7727
8247
283
6273
4349
4221
6615
6538
8872
6458
7782
253
1490
889
9483
4222
3506
1176
4463
8736
1650
8792
612
4957
6620
9662
7642
5654
6831
2905
1305
2424
2533
8428
4320
9604
3439
9568
1444
4152
562
9623
6866
5493
3926
2187
993
8449
4930
2475
8647
6203
2115
3452
9638
6223
4278
3866
6303
6511
3020
1384
5606
5276
102
9734
132
7314
7903
9165
1050
4585
1190
1095
2173
2483
2257
8230
9633
806
665
5751
5967
1480
3621
6416
3091
9012
6152
310
202
5378
2941
1924
1826
8138
2069
8150
807
7183
4058
7911
5949
7530
4217
4408
987
4043
870
5111
4183
9803
644
4580
9779
3992
2340
9911
5357
5707
6038
2158
908
8130
8155
4341
3451
2999
7543
7448
9833
5233
8032
5525
8251
9684
7594
3255
6862
6360
3149
1798
7281
6515
3410
6901
8412
9753
5674
9426
691
5774
8245
9692
9021
8371
4531
4875
4863
4654
4744
4099
2912
6426
2960
6031
6013
2487
4406
951
7502
9243
7856
5193
8208
5316
6793
7909
6611
2892
1950
2411
9901
9593
6659
5838
9768
8180
9644
4387
9203
9511
2542
7156
3310
6204
3639
285
4457
6787
9535
5930
3462
6363
4653
3599
7146
3632
6741
8719
2102
5358
6829
55
5158
9890
1978
235
8727
8970
9131
1591
448
5123
5063
4549
8393
8101
1910
5110
6205
9786
3115
3944
9414
933
7169
9625
1850
5047
2058
5201
5487
585
4515
6052
7057
5543
9119
6355
3964
6183
2992
7738
9068
9486
2085
8714
4960
9760
834
5565
1340
546
4206
2052
2638
1476
9306
8770
7892
1787
6017
4613
3703
1152
8466
3933
2849
487
9751
1028
258
2642
4513
7359
3938
2606
771
531
2366
7912
2686
6010
4393
6861
7468
7479
4106
1362
8416
726
5227
1416
9252
161
6563
8244
7507
8494
690
4889
5569
8645
9368
6981
4927
9298
9864
8949
4235
3921
3651
7311
3133
9356
1799
8429
4786
4381
4185
2499
9060
6097
3002
2241
5218
1677
9612
4809
5463
9250
8079
4267
9529
4272
2323
3966
8505
8397
7158
7537
2670
2116
1158
2216
4399
6666
6091
6060
5368
1639
7264
1555
2444
9102
475
5688
944
1073
7452
5720
4279
2888
869
1524
1286
3116
4263
8772
1575
3455
6975
6254
3919
6842
5810
3905
9045
7054
3904
2265
3293
5153
6651
7024
2165
5954
5280
358
6005
4029
6532
8124
8559
7843
2561
6931
6123
1224
9245
5811
8475
6191
4250
417
9997
6635
8222
9417
4770
501
539
2344
3312
5139
3876
4375
5066
9674
395
5888
7967
2785
9460
7243
8080
8263
6715
9871
7477
1149
1012
4239
8917
4540
4266
8419
9369
2141
9589
3446
4475
2012
2188
827
5159
7517
1346
3733
1336
9105
6546
7055
266
9433
7696
4356
5229
5850
5908
2208
3321
7908
7986
3715
9965
1606
9721
6177
9094
3573
7455
1163
6767
6756
3382
6517
3436
4881
5106
2864
2930
716
953
3513
5698
8774
2398
5958
2689
3067
5847
3897
5370
3772
8226
7618
4696
8889
5934
3325
1385
3729
2598
8584
7706
2659
1986
3200
5785
5600
849
974
1975
209
1294
8974
9113
7745
9954
530
9681
7926
5486
4963
6526
7113
4825
9071
1752
3081
4584
1731
6131
9178
8193
5056
1893
9875
5714
7529
306
6478
7409
3884
4358
7970
2317
5369
6394
3567
9472
5465
4984
4003
5460
1170
1942
788
7922
6339
6631
1121
564
8560
9978
876
5235
5041
2109
1648
9735
3236
4225
2346
4445
4851
6156
1909
6133
7490
9594
3598
2552
5510
2758
9088
6619
1267
3775
3178
4670
1024
1094
980
3907
6220
6506
3054
1663
7045
9523
314
5327
7142
7438
6188
3970
5575
2191
1200
2520
1952
4937
1217
4179
7207
6662
4787
1894
1611
9219
7675
2562
8552
3258
4625
1753
5430
2513
4643
5403
125
9018
5613
2390
1140
2730
3174
2734
6105
3179
1931
3998
5037
4916
1402
6308
1562
8742
5271
5816
2266
536
7059
1358
460
1713
2547
3886
130
7712
5272
8574
3027
5893
8980
9988
2953
4891
7883
8680
9967
4348
5790
4386
8782
7383
9873
4867
1367
8760
6668
3820
921
776
7325
9266
64
1173
2367
6497
5012
2333
3487
5320
1977
7671
738
6318
1837
1479
5333
1381
1459
9258
9714
5770
725
8967
721
4919
1234
473
4525
875
8914
8733
3252
9745
4662
8472
9894
1953
2658
4216
7999
6704
3600
6113
2169
845
8864
5678
2671
5468
6167
1594
1767
4102
5974
3863
3103
6030
7296
7173
8164
7254
7140
2928
6781
3230
9363
7983
2044
2974
3229
9787
655
7246
8654
8847
6973
1352
9691
2351
7697
7907
7870
7774
5236
343
924
8086
8679
9596
9057
4956
8049
8424
6187
7198
2325
179
9317
3394
2135
9534
9702
3815
2181
8192
1527
3094
1296
9793
8750
4240
4882
3241
7182
8238
268
981
6349
3044
2297
8422
1399
6114
8175
1218
8879
8590
4991
4962
9235
4313
5168
7767
2865
637
9174
4306
4559
8277
4204
3946
3750
5876
4574
893
5758
3137
2845
7294
796
3323
861
7559
748
9370
9452
9710
3117
9248
4892
4632
9817
1293
1705
4520
7913
6228
3920
8730
3308
2861
1746
4539
3274
5448
1725
1040
1066
4154
1872
2761
2653
8290
9569
3859
8947
9044
5760
6521
1570
5595
7938
9891
1694
4796
3682
5188
8121
9983
9249
6520
9502
734
4352
8651
3720
6140
6854
2313
6539
4734
6637
9837
8009
5775
9458
2763
1757
3969
5075
1667
5478
1489
7682
8705
4477
129
3787
4845
2843
2072
2838
624
7890
466
4243
4019
4402
5387
9183
4001
380
8092
1769
5093
7337
7447
4721
5804
3977
5562
3375
6202
9278
8289
1230
8483
6161
9881
7571
1765
8313
3383
7353
5526
4763
4370
5676
8227
2549
338
4874
1557
3929
9599
7123
4147
9516
5927
5337
804
2893
666
6333
1009
6892
1455
3788
9865
9081
3185
2641
8403
3298
5719
1439
4934
9908
5423
1590
9896
434
1786
1182
6853
2742
2724
3416
3564
8900
7340
9848
5713
8495
5643
479
6754
6109
7801
3754
8070
91
8755
2977
9332
3216
2103
1670
1903
5269
8784
1298
5308
6487
4220
4684
9909
174
5883
5807
6699
516
9324
2008
8532
5321
3259
4121
6322
2095
425
5737
6154
4716
9690
7608
4873
4059
8212
2592
2957
1045
3509
7194
3414
620
2124
3466
6275
6671
2807
2379
8310
3607
2996
5527
5889
8109
854
9778
4063
7473
1514
8610
9162
8553
685
3807
868
8093
5739
6610
4824
1932
5972
9996
8119
9375
2768
42
9565
2090
7405
7163
1348
6977
4573
7759
1025
3218
1988
4044
1141
29
1462
3653
1918
7205
9383
2478
2066
2381
7531
2847
2696
6667
5745
315
4902
1512
1060
6054
3556
9230
7551
4818
2078
7850
4953
1958
6411
8804
3309
7107
3058
3520
4887
1828
8956
9789
7046
8549
2883
3641
8404
5396
5761
8618
1435
1405
4427
6840
6555
5710
1538
328
3401
4332
8668
7044
3195
6469
1801
6527
1343
1318
9905
298
3198
8360
985
5898
4460
2767
9455
5704
5928
4800
3175
8142
6392
8522
6628
1883
205
4425
5116
2239
3292
3476
9470
5324
1499
7013
8528
2453
220
8546
5690
4936
7872
7214
2203
4915
6819
2904
5081
7284
3263
2944
3290
2954
1779
786
1398
8790
1641
8906
3221
6984
1379
8696
7441
3627
6386
3435
5642
6848
1026
3357
6902
8053
1533
3396
6088
1431
7096
6315
9673
9447
7690
5609
6739
9658
2341
1284
3914
1280
8492
171
9620
886
3563
386
2521
8151
6371
7993
5681
1314
692
1070
9039
1844
1689
2754
6983
105
2535
5275
7410
8047
5744
3545
9400
4901
3591
1139
8704
5291
1796
8002
6314
2780
9919
5677
795
4141
6373
2630
7645
5491
5616
880
3001
7424
5511
4894
3868
1595
3515
2817
87
1104
5853
5763
7293
1685
9591
3419
2870
2528
6389
3317
9099
4273
463
9222
1263
3840
2741
1196
469
3679
3990
7550
4938
8219
9223
3114
3190
8323
7345
7965
7587
8895
438
4724
899
8658
6652
7717
6335
7280
8531
15
2690
7467
9299
3741
5084
8460
3172
461
9920
1853
1941
2479
7202
7611
9761
1417
6934
7077
6958
8381
8078
9807
7249
5471
1915
3097
8761
762
4847
1794
6242
6650
9892
1138
7239
4526
1935
4615
7646
5653
2233
4244
5672
1344
2294
8845
1102
1895
6601
857
6067
2101
3245
5813
6479
4735
1039
1208
7974
1011
9973
3887
1917
8367
5060
2021
4245
6481
1054
2597
8023
1425
4191
5485
8926
9042
3885
4885
1849
4391
6069
7319
6319
5817
2803
7673
199
4207
9938
115
1359
7866
41
1420
5858
3205
5141
2882
7904
1861
13
4294
5783
1868
1088
3828
2394
9418
2583
7193
2226
1858
3261
3559
5162
1637
5656
6833
3799
8082
140
4535
9029
7347
9617
9011
9126
5945
2775
3055
8014
9150
7635
7098
2903
5240
7972
6820
7593
5659
7689
3984
5362
6644
5542
8340
7708
1029
2324
3942
3334
4906
4517
6875
6703
1248
783
2247
831
7181
551
5258
311
6381
9110
4489
8678
4732
5010
3959
3963
9246
4394
6801
4880
2278
1866
1665
2765
2498
5938
1015
9172
8339
4330
4852
6788
496
1386
8886
4494
2246
6334
4702
8103
3693
772
5559
1592
9785
2003
8652
9297
4846
5827
3773
5848
3762
1877
6199
2422
3478
159
4047
5960
6705
3634
368
9164
1863
5097
30
4750
9412
4836
5384
2945
7476
1600
712
5788
9083
6033
527
68
8258
95
1693
9285
8218
5266
6372
6814
642
3494
9387
2454
8800
2848
5421
2722
4954
6452
1449
26
224
8562
7749
2160
7416
9242
3524
1299
2572
9527
8791
2770
2530
1337
4449
9990
360
4360
7144
1806
2338
6179
976
3112
3318
3619
2615
4355
9372
2515
9902
2896
3043
5622
7693
693
4462
367
5208
8184
543
2516
7896
4237
7237
1165
6813
8055
4746
5199
1389
3070
8918
9650
9628
9429
5328
7186
467
2399
3531
2874
5920
8374
6261
6804
3569
7784
2685
1711
2495
683
5180
4798
2416
5693
1728
8912
443
7366
9860
3206
2154
3387
7716
777
8316
9606
803
5748
80
2433
4335
9331
7640
137
3392
9462
8591
700
6329
8550
1618
8090
3737
1638
7084
7191
8953
8697
8718
72
3678
4659
3803
5088
3935
9158
7230
7064
542
7402
3999
3821
9634
123
7303
2909
3602
1719
6263
8659
6224
9805
5520
3614
4966
7639
3947
6190
8952
2263
1552
6390
5301
8368
2306
812
7415
3144
5517
2784
330
7964
3589
8940
6409
6238
6325
8946
3246
6081
8071
3553
7672
4089
4598
9177
6752
7306
7136
1803
7826
2629
7188
1037
1373
5294
1052
9377
1997
5242
7934
6492
9929
8021
3231
7445
9144
4114
3732
3805
8457
9688
6498
7299
840
1568
4286
4416
1822
8297
4606
8811
634
5529
2601
7435
6444
7905
9181
7739
8578
230
5226
1092
4490
9577
4433
63
9906
9273
5222
6559
1254
2656
9348
8468
7116
9233
1647
3315
4274
4783
232
5833
4071
6642
1902
1974
7545
4336
2423
9215
9552
5277
6858
9079
3972
9925
6095
9852
8351
1519
7356
7451
61
4908
731
2376
865
1270
3971
2814
3503
9028
5782
9191
2030
7747
2270
1982
1612
5154
7456
9819
2289
5166
5518
6009
8015
2844
3662
4815
1886
5647
5840
3421
5585
5217
8488
8453
2308
7560
6206
5
3201
4035
9271
3609
8438
1223
6621
4340
2286
2126
4131
7385
8720
8280
3328
1898
8728
9603
8662
3902
8105
4674
278
9621
7512
110
2047
1889
7855
2303
4666
9889
4899
1264
9037
945
9847
2692
5989
8744
3624
4429
3300
2594
8606
7683
9335
2050
936
2328
9897
3533
3854
2332
7579
2501
7444
5570
3141
58
1742
9464
4799
667
2984
6050
9474
6513
5318
3546
1718
2402
2830
8937
9227
3062
8392
3158
305
1068
1096
8609
9019
3204
1758
2301
6962
7454
1756
8478
233
9362
7212
9208
5267
5295
5891
5567
5376
6266
9995
6337
2262
4569
6612
917
9200
2608
5933
6745
1128
948
7310
7638
8387
23
7572
282
6552
2374
3459
4856
6233
5313
8929
2703
6658
9572
8692
1239
2959
9514
5635
192
5315
8275
2342
8282
2434
4413
8254
5135
2380
2193
9934
3517
3791
7889
3554
7474
6535
4137
291
2310
455
6475
7373
6684
5286
5105
7654
2527
296
6396
5103
8489
119
3145
4622
279
9408
2408
3075
7288
1578
6693
6718
113
3495
3922
9142
90
1956
229
6157
8087
5546
4443
1014
5685
5306
9073
4199
9550
9533
6356
287
8641
3726
8715
4
7526
8897
1447
6575
4459
4249
7674
6144
1516
1275
1617
6467
8881
7025
2705
4679
2368
6508
8955
505
5038
1283
6551
4987
5875
2963
7027
341
8173
2749
5216
2773
6377
5300
9182
4072
6216
7827
270
6084
1063
638
6687
3173
8113
160
5365
5377
9918
1501
8274
9396
4730
5700
5435
1244
288
5702
8276
2083
6111
1392
3485
