2517
8984
3560
2165
7736
2161
6983
4208
819
2572
2590
1061
6220
8034
9617
6273
7504
1439
9239
7301
4541
6509
4162
5150
8908
2894
6921
9697
7028
6698
6932
4730
7697
5572
7758
8299
9430
4770
2754
7229
2276
1738
3249
555
2177
7752
7421
67
7340
471
2317
5219
226
1975
1274
2700
703
6331
8261
1638
8636
598
4941
1324
5878
8032
7866
5012
5273
2189
2011
6729
2117
2526
9785
2063
602
1952
4142
1011
6630
6838
1090
2064
165
2259
618
4028
4661
4577
9089
1371
8006
2326
4
843
1664
3211
1935
5397
9214
405
6791
7378
4623
5378
3260
9599
9665
2053
4304
8597
8547
9001
1869
9079
6987
522
8382
2920
1770
6531
7914
2812
7321
4403
7145
3261
3382
2506
4952
6482
449
561
9906
8084
77
742
6563
3961
3225
666
4477
1860
3913
7414
809
5901
9515
3115
3193
9923
5626
2229
4174
1907
2269
5706
4303
2691
6942
4504
5722
494
7092
2977
4644
6771
1625
3503
9325
56
5225
3448
7860
6310
1849
1158
4490
5470
9342
6546
8152
950
275
7495
5588
9423
2460
9311
4312
3134
6002
2060
7700
4133
4146
4883
3741
643
4624
1758
4662
2869
4410
7417
2101
1517
5402
9027
6324
3368
4156
2805
276
8969
1210
9287
2263
9066
3350
5930
6376
7731
5193
6890
8815
9343
8016
8061
2257
1349
29
9008
6949
5180
2217
4239
4777
702
7176
6136
6538
7939
9314
141
6116
7934
3533
7972
553
7446
6609
532
5618
9749
1692
3077
5727
9577
8760
3730
698
1902
8139
1312
5094
8714
3427
6608
6271
6415
3520
7000
7888
2367
6353
2325
8875
1287
4073
3154
1550
1866
5623
2923
1443
5457
3655
5298
1328
1694
877
2825
2671
4251
1295
452
5446
8481
9386
2148
2707
4200
437
6463
2498
7737
32
9809
4191
4350
4844
6777
2579
1380
3096
9907
1495
2125
2358
3656
65
321
1990
1808
739
2061
7597
4380
2155
4710
1334
4287
675
2781
3306
9364
6593
687
8786
8860
9992
4363
6871
9770
6750
5612
1357
2614
9612
1726
504
4918
7781
4603
4589
9383
7383
8607
593
7083
8697
5545
4339
852
2502
1776
3333
5803
9878
1714
5561
1340
6830
798
300
4704
3822
6174
4588
8359
6799
4969
5068
6961
359
7287
3968
5790
5658
4388
4793
4378
3451
5550
722
9849
3213
7845
1145
9081
7259
1962
2330
2577
3383
8148
3916
6580
241
8565
9082
8543
1302
2427
690
2685
7812
2241
1226
8097
803
6903
2196
80
8783
8011
1923
4180
729
1967
535
3970
9116
7283
9658
9470
1046
7586
1815
7356
4982
5906
923
37
7027
6172
8904
7018
528
3089
9674
2481
469
3189
3984
1930
648
6996
6077
8940
6911
6649
3593
9092
2191
5148
2065
6938
3056
4015
3867
4617
6170
1206
2877
4052
4690
5665
7646
9800
3415
1101
7958
6389
4390
4296
8093
3210
5309
2814
7468
2642
7889
9784
5011
5613
5772
590
2374
1438
3663
1894
3708
4608
9556
2536
704
6194
4024
2622
8702
5567
1797
4956
7906
7070
3795
9080
2434
8840
9836
9009
3065
6693
8453
9954
519
8195
7001
994
6396
5961
9914
3620
592
2407
2082
745
9278
8027
9864
5935
1330
5533
3285
5927
518
315
5743
1993
4864
1097
4064
6908
8469
2618
7015
6481
3099
4043
1476
7240
6260
3302
1277
286
6689
9199
3074
3243
8374
4822
1267
3347
5020
5141
8986
1887
3191
9727
9814
6914
2576
2896
5365
4599
9694
5098
4726
3871
9329
3721
3363
3950
1836
3216
615
7628
9321
7133
5597
5327
6016
686
2857
5866
8073
3770
8574
3450
5120
20
2938
8724
7348
9982
832
9893
2542
1834
1535
2927
9053
5025
5166
2237
8823
5339
4175
5566
4981
6947
4787
6577
3609
9139
9160
3697
9838
5968
9221
9660
1240
4418
5282
1760
3524
3031
6788
8096
8916
1329
2072
7814
3985
1775
4976
569
9498
1870
670
8063
3424
7789
5106
3791
2094
7227
5780
9253
7193
3097
1433
600
965
4536
2084
584
1120
5024
9473
1257
9371
5549
249
2097
7965
5675
8775
2070
3498
3244
6701
2254
4209
3321
5955
2582
7192
6277
2455
3817
170
1689
647
1913
620
5430
9710
4612
4752
9804
9968
4596
9483
2591
1382
3335
1058
7497
3823
5338
2654
9368
9326
3636
3994
1998
8979
6916
9541
3706
8310
2963
845
7788
980
8749
1577
9475
4904
9543
1292
661
3235
9965
1104
1028
1820
6060
4858
9518
3080
7831
4744
7043
7097
81
5759
3058
6238
3079
5985
3404
3238
7658
633
9567
7215
9377
7706
757
3130
7175
7713
7671
2422
6945
1278
8277
191
864
5903
1723
9411
2199
1737
753
7371
4485
7184
2243
9043
5092
308
4994
4926
3857
9837
2984
5963
4594
2949
2735
4367
8389
3900
2244
8392
1320
733
7764
7517
1293
6758
1690
3
2928
1086
9192
3043
3986
2529
3989
2032
5372
5379
7088
1188
4714
4698
1546
6022
1933
3155
2116
7159
4717
2866
3737
1200
9129
454
8485
8755
5773
6776
587
5690
2340
3501
1047
3666
9268
9170
2238
2986
4634
9476
4444
5804
6611
6384
8578
5213
671
7452
2449
3595
3739
7074
397
8072
394
7555
1938
3788
3109
9723
7691
6226
6299
6941
6633
5719
4819
8796
2748
5220
6833
6237
5733
3274
4165
3038
4549
5411
7338
6854
1358
274
3545
3993
9270
3044
8365
4089
7116
4538
8712
6567
396
1056
4743
1137
9216
440
6792
8735
2527
2633
8401
2712
2792
6672
929
218
7270
8352
8685
2564
9678
3844
1743
8029
3629
6176
3365
6953
5916
1539
387
7578
5385
5755
2160
3549
1981
6901
7129
4151
1176
4260
1506
8477
4979
568
16
1419
3396
4890
1426
1454
782
7979
6240
6125
9587
4500
6928
7943
6113
9099
6066
8966
1719
5074
9189
609
6588
9870
8493
3874
5238
2442
3063
5981
7155
4261
1530
5185
225
5032
9702
8001
9554
650
200
3271
2752
8722
203
1858
1979
8452
8169
9535
1543
5846
4712
5635
2475
9699
6059
7759
3371
7997
335
8782
1268
8617
3064
1367
5911
2823
1856
8609
3102
2473
7342
106
2489
728
1130
8062
5946
8450
2463
5488
9571
1193
3523
6605
1793
4404
8706
5814
831
7470
5231
6990
6173
2282
9224
1100
1092
533
6296
4023
1500
1180
2837
7372
6385
2287
8545
297
7955
6868
3769
2168
9938
6023
2704
4614
1148
1017
2875
801
8174
6126
8009
1415
1385
4387
7806
8245
2765
1508
9606
4879
892
8290
6759
769
8639
564
1103
2802
7480
2182
5973
6651
1405
8087
1266
1478
8897
7726
6849
9439
7654
3702
8427
2904
483
7861
3150
2108
7072
3242
9850
1481
1661
5251
4796
1949
219
632
1794
2355
6042
2600
7412
2147
6450
5086
267
9852
8058
5699
7884
9716
7212
8121
2710
8335
8739
6120
7434
5647
147
874
846
5766
62
2041
5705
8094
257
8701
2372
9940
5823
5226
2543
5844
9252
9734
8752
8511
4666
6904
517
2534
2324
9844
5291
3715
4129
7084
6832
8257
8418
4527
1321
2030
4814
374
1144
8287
9915
3540
7026
5849
1850
8071
3832
1466
8378
5637
4592
451
4416
3395
8958
7068
6229
6478
4481
5384
4738
492
7699
4139
316
5861
8631
7355
3946
7450
6711
456
2567
6855
6779
5956
6499
1639
2020
1
8059
7551
1222
4848
6761
6532
9840
6081
5487
1291
6523
8709
1023
4160
2729
9600
3050
9032
8534
7387
8955
110
36
2763
8684
1941
3559
6881
5271
2860
7796
5188
7542
7487
2387
3146
5996
4372
4611
6940
4245
8828
382
7887
616
3892
4415
2109
4716
2766
9196
5893
3705
1281
8217
1810
6231
8743
4492
6199
8188
9867
5887
2226
7819
1360
9318
8975
7091
7600
6301
5178
7308
7614
1687
2919
6413
5412
5195
1024
7419
7539
9604
3406
4008
4907
3754
6186
453
6448
109
2991
4932
4646
1940
7811
6054
1835
6579
9028
8404
1784
8457
9385
893
421
3032
1874
6056
9014
606
325
365
3120
1658
6122
3138
2227
8429
6743
2362
6540
9177
8473
736
2815
3974
1050
2566
5292
5405
5917
3352
9575
8678
1000
7852
9889
3527
3119
388
5775
9395
61
9949
8507
4740
3029
6439
3816
2307
3296
2520
2394
3773
714
3998
4685
1379
7783
2689
9704
8952
5871
2135
8318
8884
1681
5819
2505
4343
4653
7069
2871
1451
9601
2829
8572
2647
4000
8236
5514
7516
4766
3845
5061
9067
6064
5592
3292
3422
6140
9010
1847
8677
3420
1027
2281
5603
3921
6431
3277
8530
901
7472
2734
8929
790
9901
2456
5392
1984
4094
9672
8108
1943
7037
2450
984
8998
8488
6104
5460
5677
2010
4377
5564
3308
6435
2482
9171
5284
2635
2181
2703
9376
304
4195
7695
9236
1677
7735
461
9616
3510
1175
4587
4572
83
7121
6124
8961
2100
6281
124
1018
7967
2121
5041
4018
9290
8161
7683
510
7194
8377
8818
4150
9184
4068
4987
7422
7953
5270
1177
9038
8205
8052
4633
4301
9434
9120
9060
5807
4788
7688
2347
1065
5977
530
3081
5926
6785
2361
3445
7206
713
9298
6370
9990
2668
4308
4422
6992
9707
3105
8963
696
2930
8082
1308
9774
4237
8454
8993
8515
3518
3928
2870
1551
2761
617
9197
604
5548
8566
8102
1523
5628
3918
5422
721
6219
1754
6470
4136
5486
9744
4853
6468
5246
860
1774
5932
8502
6142
9706
2692
7090
2073
5129
3616
7565
3145
5939
1908
5437
5221
1483
1465
5925
7968
626
5953
6465
612
9793
2284
853
7808
6999
6314
4764
5879
5135
548
7013
3207
6131
7624
8158
5484
6335
1655
3057
3558
4845
4757
3869
3935
9393
3733
9913
6511
1004
3072
6553
9313
3610
9304
139
6262
8386
2058
377
5462
5044
5330
7132
683
7519
8933
2996
7029
6015
5822
1201
6515
210
2887
6351
1510
7543
7927
411
5832
7272
5513
9132
6337
890
2464
182
5023
2559
4100
1880
7750
6315
9245
7326
3926
7309
9496
1516
5653
3295
6343
1060
1574
7476
8846
9648
9085
4266
192
772
473
9769
4794
3364
5250
900
5933
3602
5791
54
8792
9178
5167
5136
567
6924
8878
9468
8141
734
2936
5410
6393
4727
4169
8808
6696
3592
8107
3534
6352
7918
4811
8932
7203
6313
9973
9753
7441
838
9232
1654
2327
5967
4512
3362
6662
4579
5396
3129
4164
5063
8550
7310
3693
1512
836
6444
6725
9347
6789
7751
5700
10
4425
580
6573
3539
4292
6859
4924
1069
2446
6926
7464
672
1099
2995
380
6603
8437
378
3877
8491
1087
9012
5008
7172
4565
5532
5409
3914
9846
5920
8747
6978
1684
248
7289
9219
9651
9615
7408
8136
2848
364
6012
8013
1325
1359
6423
8863
7865
6272
1602
4331
7294
9017
7521
5064
8334
389
43
3497
7508
2688
1225
1612
4054
205
6975
1586
6959
6892
2909
9980
5333
5660
7186
9761
1147
8358
1721
662
6585
9926
281
6451
6674
408
8615
1395
4098
4604
9211
750
8156
5417
6906
4366
8122
8637
7740
5692
6762
9909
5696
7951
6625
2749
6115
1265
4917
8189
3330
1033
4950
4517
3016
8297
7786
7924
9491
413
2797
2295
3257
2796
6394
7179
9367
3399
6847
8433
1376
4590
5439
5509
9647
2881
4925
8465
7455
1971
11
3492
692
5500
6534
883
1553
260
9755
4049
5157
7763
4003
5075
1561
700
6165
4671
7433
168
5100
8727
6000
465
398
5286
516
8641
4886
7208
5609
9401
1833
9049
9539
6269
3473
3482
436
9212
1578
2416
2462
4053
4074
3911
167
4155
9406
9673
7217
4629
4559
4461
8981
6728
9279
543
3200
6360
8529
1801
793
4916
8252
9055
4637
5797
8350
5994
120
6346
693
6187
2306
5123
9499
8541
212
7260
7004
6782
858
9380
8713
1417
6739
706
5037
9546
1498
5877
6521
3679
2224
2026
9737
627
7513
9561
5709
7137
3671
960
4463
2794
1208
5931
870
6584
2052
4488
3799
1982
7169
3474
4533
309
6063
9998
1434
3441
2676
2629
6601
7150
5812
7800
8542
4203
8355
7094
6461
6619
4412
1897
8526
6568
1968
5507
9130
1792
4479
7397
3401
6638
2435
3344
9340
1786
1178
4277
5615
833
9195
7587
4881
581
3489
6321
9858
3397
5419
7940
7902
5666
7872
1149
1911
9020
6397
4025
9191
9526
8439
265
4120
1805
8994
4355
5176
9657
5895
3731
2899
8868
9621
9257
780
5189
2480
8338
1790
7405
6751
665
7469
8064
9863
1151
3925
3631
9334
3312
8050
2341
4152
1055
4328
6035
9365
5954
1311
2680
4322
4526
9791
2275
2291
1910
2709
4338
438
3771
7266
5857
7324
3618
5622
5217
5553
99
7818
1533
4933
6249
8468
4172
3589
7077
4119
1673
3454
7933
8476
5159
2516
9502
3141
544
1242
3904
5349
9222
6920
814
1595
4751
8717
6678
4957
1227
8888
1715
2046
5481
8134
2958
5571
3587
7376
1854
1253
7418
1816
7265
8833
3905
3413
5519
5999
1374
31
4732
511
7698
1882
7046
9688
988
2964
1479
1560
7393
7524
6826
2239
7904
657
2546
3966
8516
664
4627
2562
9421
152
502
4470
3971
3643
9970
5815
7589
3195
2675
3820
7226
6887
460
5896
9045
178
2438
8243
8395
4392
4357
9618
4065
299
5318
6258
8306
2885
4737
6203
3699
4135
9897
6727
6041
1418
4101
4664
6557
8800
9373
8342
629
2816
2751
7678
3831
6067
6787
9297
4682
3505
55
3011
4102
4573
6716
2560
8019
330
3035
8249
7686
1650
1915
7591
6825
1469
6492
9339
8964
6424
3175
6251
1212
4111
4695
6453
1301
7558
6749
2069
6909
8681
1363
3098
2140
3431
2661
253
8381
5400
3149
7793
974
5998
1531
8524
4768
7720
1391
1812
3366
9202
6564
4449
7641
1139
7448
9323
3700
8155
7165
2966
3471
2947
8540
1668
7024
1456
2693
2157
3635
9686
3567
7520
5151
4323
5399
9880
4066
1651
8579
3794
8750
8546
7701
1867
6026
8548
2831
3995
3137
3467
7665
8337
1125
427
9220
9910
1486
4325
7200
6377
959
2588
6062
8949
3532
9031
7870
9288
5983
402
8503
5786
7453
2925
872
8926
5131
2258
4640
1108
8845
9230
524
6432
8603
922
4943
9677
3133
1571
5134
2665
1865
2786
5874
5359
90
6676
8460
3807
3180
7285
489
6731
9592
485
7680
463
8988
8781
4882
8399
5374
6169
8569
7456
371
4313
5394
6161
8841
2166
2532
1804
2992
8769
8478
7552
9018
4447
806
2421
3236
6441
8852
9276
7117
9231
1718
5108
8817
6583
3304
1076
6449
5958
2970
6244
5347
6544
6350
5522
3846
21
2379
4773
957
7161
4171
373
1536
7343
5355
8832
5302
6550
829
8408
7458
2817
2201
7912
6790
3475
198
2048
8198
5300
740
4446
9866
169
8567
4278
4241
7474
9317
3547
2001
1963
5902
1580
7044
4091
6278
1559
4585
8140
9016
5265
6997
5197
7235
1343
6657
8967
6243
4189
2444
6536
9111
9830
3300
7681
9754
9655
9741
5040
9074
2261
621
5052
3600
5036
4077
3723
6589
5951
2491
2658
8142
8492
1634
3030
5456
6484
9404
5580
6031
3902
2119
7373
5582
1102
6325
4841
3714
9916
6804
8872
5467
5090
1567
1381
383
2365
8434
2530
6160
953
78
6856
7644
4953
5071
1629
3598
8528
4407
4473
4143
601
3480
4958
3446
5974
7507
5118
3960
4913
820
8699
2808
9260
6933
9778
4972
8827
6332
5478
8731
5948
4187
1048
2625
6164
6320
4748
7113
4109
2033
3232
3412
4910
725
4399
4945
4229
8874
4508
8190
2708
1759
4244
491
1917
7035
4745
8328
4041
8
5869
624
3790
455
5065
4221
349
1698
1932
4840
6755
2616
4460
5605
1168
6865
44
7334
7506
2158
5060
4182
8729
1813
6746
8588
5110
7275
7629
8505
3515
9872
7110
9661
2419
7708
3698
9692
5602
1643
1393
1337
1241
4186
4225
3309
9047
2573
9620
4121
9894
797
8887
8838
5043
1809
1123
1397
4220
4032
7454
9296
7733
2445
3519
474
7484
3973
3980
312
1504
5945
9087
8645
8262
945
7331
1237
3506
4650
4555
873
7205
6232
558
1260
497
4780
2922
766
179
3131
8746
2659
8327
8853
4638
3398
5792
6093
3841
6737
5138
9634
327
3626
1229
6021
5211
7766
9631
5575
7703
3678
6951
4808
4386
9942
9451
2128
1621
6103
6878
8490
4030
1335
5976
2593
7745
4936
1706
8126
9036
1872
5002
4210
8336
1670
8721
7659
8595
7846
1505
2183
4556
8441
8472
4010
2906
2924
6889
3010
9135
9969
8232
3126
3477
9463
7923
3041
805
3104
1490
9275
7855
9712
2695
699
3152
3623
6958
1273
150
3403
5715
5458
5109
7180
1803
3707
1106
3484
2447
1697
5835
2660
6025
8048
7630
8069
9440
9746
4753
2186
1372
9426
2998
4856
4274
1185
775
8470
501
7071
8250
4728
2059
6349
6670
2539
8040
1703
271
8784
7815
8170
7017
8451
5415
869
2719
3573
9428
3468
2105
6437
6091
3329
2213
8582
537
176
9076
479
8867
7329
7394
22
6930
2673
3692
1787
4228
2451
9128
4535
9235
4931
697
8133
2285
2356
968
7403
8487
2004
9110
5808
468
3045
1611
7307
6197
792
2111
8000
5915
7640
4269
1228
343
6891
4393
9142
5975
4635
5638
1827
5941
2430
7879
2400
8937
9023
9097
3218
5631
1700
8510
525
2309
8894
5860
7440
1819
3749
2123
3452
2663
3258
3863
3931
4795
1722
4605
9408
7585
6873
2833
1837
3188
9614
5474
5785
6835
9667
8705
6960
4051
9300
1526
7319
9315
8627
6412
9040
5621
973
4299
6985
9041
5277
8886
9528
3811
4484
9929
595
7435
6150
2086
246
7916
9193
1735
7330
6001
881
2002
5716
7847
1059
4141
2884
5828
6957
6570
5420
7625
49
3287
1432
5845
6420
6734
9019
2839
9506
1946
8658
7347
866
2878
7048
6311
7714
5962
2732
7595
9107
3511
291
1848
6971
4813
4804
2834
204
6402
527
6007
6529
1499
2750
8241
9570
905
4522
5673
7854
89
5969
7840
4345
8266
6328
9238
9145
2905
656
142
3615
9078
6839
2043
6724
154
6502
7216
2842
849
305
345
2785
5321
9472
5695
6597
5391
1818
1974
1453
5682
6043
5664
5798
7867
1660
6995
4906
1375
9978
3815
7761
5779
840
7177
2170
4419
1075
7009
2983
4927
8258
9773
1272
4340
4583
2253
8788
5842
6738
8304
7799
7078
5652
6976
2302
3884
9229
7604
5325
1942
9654
8716
6214
9971
5096
7897
7613
8228
1161
5770
6526
7725
6857
9352
8167
102
8725
9758
946
7233
6100
3108
3858
3894
756
6496
3637
370
4394
3987
5390
8051
5778
7899
2308
8145
7946
57
513
9200
5257
156
9432
4921
3017
1298
1167
4632
8594
2294
2637
4427
9320
7711
9659
5995
4984
3349
342
5268
7402
5382
7345
6426
6027
1978
5029
8302
190
3013
8665
1772
2784
8759
9972
3847
4297
6040
6628
4518
8901
2711
3269
1832
4914
9874
8819
3301
8798
6090
3848
8160
8387
3755
133
5128
8777
6190
6312
3481
2154
3546
1613
855
8067
8263
7928
8790
730
8078
3934
162
4276
1368
9187
7353
7794
5744
2406
6416
3992
8044
3521
1663
9680
6019
5004
4046
3125
6554
4825
8694
7992
599
8331
7135
1966
53
3606
9986
3462
8149
186
1183
3158
3676
4104
8910
5049
228
4349
7086
1022
3298
9589
2854
4075
6962
3325
9890
6458
7360
9563
8417
2968
3177
5524
7362
1347
9478
1411
233
4489
8632
9021
2057
3008
2585
749
6671
4989
8990
4306
1236
222
7651
1088
7042
3555
4551
8895
4505
344
5984
8115
969
3779
6213
3798
5079
6177
392
5095
1216
1001
2957
5342
1857
9865
3252
7316
6493
6627
5839
4486
2067
2969
6167
9821
1002
882
5547
4320
6858
7139
3764
4843
9781
8247
5406
7616
7368
5551
4702
3763
8626
6338
3500
6735
8824
731
9527
7769
161
6195
583
6013
5416
8332
2051
9924
3345
8344
768
2045
4580
5274
727
9185
2375
5761
9131
6356
4769
7185
4851
1271
2483
1545
3485
7093
9975
6560
4895
1414
6057
2431
5335
2694
3241
6970
7936
7462
8313
5763
7391
4472
3359
3862
367
6900
6610
5436
979
4441
9459
999
175
4080
4144
8367
3159
3920
5323
5045
5701
9952
2390
6086
8222
8118
9119
9272
9586
6575
7561
3843
9504
9619
5344
9957
4964
8581
4876
3756
4610
3237
8640
4307
7124
9795
6673
7592
5993
794
637
6192
9756
2965
6658
9113
1181
915
8380
6228
4212
3355
4371
3499
4227
1436
412
4072
5516
8689
2568
9799
9286
9173
630
313
2628
603
6366
4475
5886
5019
9883
1558
6606
3088
6802
1195
3583
651
7797
3282
8369
66
355
1669
9064
9817
3289
269
1066
197
7359
2296
2472
7962
4284
334
4257
3605
9413
6317
1431
9103
2
8939
2737
7510
9736
3457
5289
8206
931
8431
4316
7201
6507
826
955
4736
6147
8649
534
8373
3092
5477
2718
6915
9025
2245
6614
1555
7787
5021
2742
8521
2461
2019
3568
5014
8333
6647
2212
488
3734
95
1675
407
7427
5304
8629
596
9138
5026
507
3316
6128
5196
982
6910
4235
9424
2555
6783
5351
4402
70
8165
2190
4870
1463
3322
3801
3370
1133
1262
9782
75
9596
1209
9370
4495
8211
4381
8409
5876
9544
8568
9312
6925
9578
7652
6336
2322
8976
4935
7833
7877
8396
824
6149
1194
3865
9820
8254
1213
4725
4311
8030
8301
8688
8268
4082
5387
3813
220
7623
8201
6643
9156
7663
2075
1802
6073
259
6282
8031
9738
2024
4686
1030
9455
6923
3783
7605
5192
8024
4087
2535
4877
2547
4797
8918
7054
1861
3722
9789
2767
3426
5027
9354
891
6436
1251
2273
2047
4070
5686
4552
8647
5297
5459
6559
8982
4772
9845
6476
9643
6242
1124
5873
174
6964
2898
209
211
4382
9051
8974
8862
3085
821
9484
1019
2910
7156
688
4733
1143
8847
8347
7649
4478
3650
131
3419
6705
538
7366
6850
3020
3628
1020
754
3509
8802
4337
939
4170
6635
8756
2376
6650
673
6767
9857
2493
9728
8859
7322
7363
2604
6088
5006
4408
3381
6631
2649
7191
4048
1619
4353
2149
1585
4108
6408
2740
9438
9247
5153
2487
9829
9834
2791
711
4247
17
3525
9251
2820
9653
9512
3641
3073
5418
9780
7910
2503
8385
9825
9292
4310
8593
8130
5205
9115
6274
8837
5987
7274
9226
6966
4193
8181
3978
4110
6968
9316
2146
9307
8707
1366
6819
3005
3965
8791
6682
8028
1846
3107
2354
7573
9207
2584
2192
6011
1544
5168
2655
8965
2357
3407
3839
3410
2018
4455
8273
8900
3800
3231
3786
4114
5629
8113
3490
2332
743
1244
7959
2337
6264
1527
5546
5266
8154
5982
433
7277
5503
818
4553
8319
1322
1756
2144
9490
3215
3339
6339
4158
6267
8680
5440
5754
7679
3263
8213
4636
3762
2937
298
9501
6922
8311
6690
3808
9391
8822
9687
8227
8520
329
6797
5313
8856
506
7580
9381
6182
8902
9703
8666
8956
5059
6442
1947
4417
3930
6747
4370
8356
4347
7685
3340
9510
2163
283
5337
990
1781
7568
2167
4558
8591
1617
2617
3440
2228
5401
6245
8584
7869
4426
3972
2841
4368
5181
4376
7922
2868
2926
9953
3777
3748
2914
4807
4262
3569
2096
4272
3711
1493
8081
2874
2417
8305
3672
8231
8869
6694
8696
6144
4574
1501
138
8532
9147
830
8527
5115
7716
7256
2929
6663
1485
2044
2342
4178
331
791
9182
1207
8890
7821
4679
1255
9098
5511
7429
1596
5986
2916
5241
6652
5435
1707
3061
2862
3386
4428
944
2289
6270
6443
1755
684
1783
6381
1128
6154
8430
7822
8741
5639
3814
6876
6193
7618
3959
8771
4467
51
9495
4429
4270
3689
6740
2083
1844
5146
3716
1927
5521
4722
4625
5530
1537
9215
2760
2130
4854
8661
8652
3082
5713
7098
2606
9488
7684
7891
6500
9273
8345
5515
7281
2522
3745
8226
2486
4613
8274
8364
2643
5126
7790
3022
7643
3852
4656
4706
3280
42
9183
5800
9558
9967
5693
4369
4665
9346
9150
559
6058
9605
8047
9717
2336
6355
2759
4510
7079
2943
1778
7485
8397
8693
7382
2037
7426
319
8219
8326
5001
406
3997
6578
2363
6879
9125
1398
6587
4179
3981
3156
6427
3124
9461
5132
1449
937
7778
3872
1105
1217
5627
3173
9812
2364
7063
2876
3658
2950
158
7012
8719
2714
6495
2533
6486
7575
4401
2601
4939
1710
9609
7957
7986
1309
6648
781
2982
3530
7661
475
9457
3944
2216
8224
3885
9783
1083
1973
1448
9919
8871
2255
4944
7290
6224
1782
3766
9489
8864
9851
5170
4731
348
3391
3652
878
907
1062
5529
7676
9154
8497
6445
7896
1945
4655
6329
3326
4723
3806
1740
2292
1259
7523
5395
7344
8360
9429
2352
8794
8730
6428
2554
7675
1959
3142
4543
8675
7279
4749
3964
8773
1507
6591
3951
4069
1646
6298
3192
3293
865
8934
1482
7719
9584
268
4516
3052
5236
7276
3761
1764
8256
3071
7312
828
1429
1154
1620
4005
7473
4389
7569
9166
1753
2134
4022
1957
2378
9344
145
9284
3290
5468
4834
4652
8602
6956
8178
2933
79
1618
7674
4125
635
5124
3009
2274
4059
6866
3007
1591
7908
6897
6004
3948
9026
4281
3947
3110
7964
5661
232
9711
5838
4452
9722
6722
4154
4021
9029
5562
6479
7325
8898
9493
9888
762
7120
4548
5315
1528
3979
236
5360
8056
1563
2621
180
6099
2942
5732
7082
3496
6330
9464
6955
8354
1452
5332
4545
7804
2329
5865
6188
3542
1648
6114
4562
3988
989
2459
418
1316
1556
6261
8506
8101
9101
5942
4846
9330
4673
3564
1444
4735
9607
446
9153
8416
6623
5748
8789
8406
6359
6208
1013
6572
6795
1250
1825
7222
208
7559
7556
4264
5847
3196
6239
3660
2235
9771
3019
7019
9899
1686
5403
4198
4701
9828
3544
6505
8583
9427
6939
3949
8171
3166
8848
9011
6284
6969
1455
6225
8147
7151
6803
6109
2972
3434
3782
1720
4040
8753
3204
1823
5269
4206
897
2544
1637
963
9244
4106
3785
7756
499
4035
3068
9792
4342
7479
9777
2531
6556
223
2511
3901
7010
3821
9127
35
3792
3094
3701
908
3338
1425
9237
1199
4011
2174
678
7921
227
375
7339
5073
8405
4137
9050
8518
6518
7130
1724
9668
5889
6297
3351
1400
9826
4147
2350
9409
6931
6235
5875
2917
5471
6989
3206
6183
3047
526
4242
2865
1936
3607
3168
2495
1928
5697
5491
3797
234
1038
1313
117
1345
4948
7948
1840
91
7041
1171
8663
9134
2391
6636
895
7862
8806
9764
654
8447
8772
6020
6882
8885
8475
9932
8558
3717
5227
2932
7409
2127
3780
3556
2605
2602
7436
2686
1931
4079
5242
9093
3851
5711
6078
6333
2558
4468
144
8103
1132
8309
263
6316
4501
3140
8726
7704
8643
7134
2650
9962
4801
493
3599
1172
7296
7262
2886
9572
5353
7038
8442
5104
5881
680
2050
1238
4336
5147
7278
5830
1270
6874
4746
3246
9714
3696
6620
5317
6051
3288
7291
8265
9267
5796
8912
8432
8925
9456
24
6309
1279
7984
9641
7250
285
2027
2521
3648
7673
7064
282
3059
9057
284
3819
7777
2706
8376
5525
3891
613
4466
2900
134
6668
4348
3135
3042
8325
5654
7246
4001
5760
1401
2467
185
7518
1184
835
6842
5569
4669
2852
9735
5432
7057
9757
2277
6548
2393
2040
9309
2038
4755
7055
8007
5659
1608
1388
2359
8536
6699
431
644
1921
8270
2122
18
9013
7572
5888
646
1156
1471
1799
9104
3331
50
3336
8428
927
442
6108
9819
3051
5856
2892
4282
9725
917
3577
1566
2211
2452
1761
2778
2935
9118
6422
6295
3268
8124
3608
7754
3376
9209
2353
1290
6292
4930
7709
5764
3805
8630
3430
961
1934
8999
9642
5576
6409
4006
9360
4448
5610
1074
5093
3317
224
8682
1160
1749
1026
1628
7267
6241
6236
3411
4852
8159
2206
4940
8906
7178
5498
2000
6477
362
850
5003
8127
9833
6209
685
5489
9950
6640
2349
9859
8383
1701
8214
552
610
19
4126
9930
8654
5862
4683
4443
7907
6201
6345
6189
1205
9772
2271
1423
9250
5929
9374
6760
9392
4131
744
1187
7075
7224
7810
2612
8146
6200
1515
255
6765
9745
5341
6840
2231
2826
360
6806
1899
9984
2478
1841
800
287
5750
1985
2769
9319
7895
5805
4530
6844
40
3742
6616
1604
3662
5729
6950
5601
9369
4606
6800
3649
8239
2641
1750
326
6259
6425
441
2129
4222
6405
8042
2627
2016
4827
2679
3458
5818
4437
8095
1889
1307
7300
9007
7582
6250
6334
2774
6503
4116
1885
5161
6883
712
4132
4217
5319
4332
9332
2388
8320
8435
7836
2474
778
4705
4330
2811
6730
5162
6786
5224
9995
9759
1263
4929
8715
6065
5101
9492
8703
5949
6371
9121
7909
5295
6893
4113
3513
5824
7369
384
9768
6404
8695
3027
8340
903
7021
6853
7237
3000
2392
3328
2565
7111
1929
6490
3640
2090
5599
1599
8005
7527
2648
5943
4002
4778
1520
6827
1383
7920
571
6411
2426
2404
2851
8088
6375
9227
5662
5204
1221
8927
2424
9666
3267
4050
105
9445
5596
4398
8943
5393
6813
4715
6133
7341
3803
4810
724
1467
8322
2351
5007
5490
7143
5577
7461
1730
4878
9454
4832
889
4333
2403
4839
5540
4246
2985
9341
1394
6695
1557
6212
8795
6303
3855
5783
3483
6159
4563
2636
8370
5087
2789
6256
6952
4554
4544
8535
2249
7337
4271
6087
8830
6717
7106
2076
9174
3169
3688
9402
206
4230
9679
6907
1603
5133
7816
2415
7478
9263
5455
2656
7085
4115
338
8412
4947
9530
6276
6510
1220
6217
7105
9161
7128
4351
5758
8942
5579
817
8616
6982
3735
3873
1766
2185
7576
9862
1529
3694
1768
23
6533
7016
2507
4905
358
4860
7511
9494
7336
5187
30
7849
898
2133
978
3594
2193
5698
1828
6984
3691
8012
7590
2373
4103
215
9149
611
7420
5022
9310
3638
1169
3969
6773
4991
9762
1635
1352
9203
9856
1164
3868
8648
851
295
8092
9124
5232
1565
2638
1831
1964
2684
4693
5913
3167
9302
5616
2397
9146
5811
3069
3354
4542
938
8443
2889
1317
247
3736
5260
3456
2303
9417
7328
9073
6143
9308
3856
2580
7138
9305
2745
9945
1314
4081
4458
439
1203
6843
8002
6075
3834
8720
9285
9983
6221
6801
6655
8075
2726
235
5669
5836
807
8083
5259
6954
6342
676
6289
9022
2152
1218
2946
560
1614
7243
2951
605
258
1152
5352
2115
9410
2398
5749
2078
4329
7258
103
7223
9407
34
3469
9450
7570
4356
546
9416
3917
2247
3543
9669
6514
9358
4709
7579
9918
4205
8128
8090
7140
574
641
4358
3199
9808
7335
6894
2827
2429
5737
2890
3054
582
2477
6654
7828
7008
7213
4528
787
4434
3983
1564
1109
3194
3772
2677
7638
813
3418
7901
2538
1089
8089
3185
4687
7981
8286
9721
238
8718
7136
9176
9939
4806
1258
6304
4946
7732
1688
5885
7944
1581
6305
4056
913
1012
6736
4421
1873
9345
5523
9987
444
3416
5590
6661
8422
8271
3264
1789
1084
3908
112
2997
8187
976
6047
8987
3234
3512
9976
2470
2551
4643
9748
8509
240
5717
2723
7104
2137
4949
9471
2385
9675
8605
7496
9966
8835
3101
3178
5426
8899
1294
143
2795
1636
5312
1280
443
5028
7471
3724
6618
4762
556
1852
586
6946
9048
9198
7209
2022
677
4288
425
6697
3281
9635
5817
5427
4721
9465
6162
8315
3680
3384
3937
6145
7942
7364
3284
153
194
1107
1155
8623
2845
6138
638
8614
956
7871
5620
3870
2594
7755
3645
2722
4597
4373
3886
3612
1678
1007
3303
2103
6294
8023
5223
2893
5793
3255
8575
7785
7410
4699
1288
717
8037
3375
2716
9797
9841
181
639
2690
5978
14
5837
7202
1389
3975
2098
8930
5957
2556
4078
5267
4511
5703
6254
3903
7311
2586
9394
7999
2971
2408
420
2230
614
8483
4300
6446
5707
6266
9523
5539
3895
3646
6769
7982
5169
774
2940
8091
5158
1988
9568
5640
2479
4211
4803
2343
4874
1976
9255
7499
6369
4118
3565
6323
1010
7880
8351
9137
4992
2250
2021
8873
7249
173
4185
2821
7540
7824
2583
6794
404
3034
2915
7669
2880
9460
306
589
4007
4581
6045
3584
7390
3526
9594
6279
6005
760
7181
4869
1542
3582
1355
1127
1788
7952
8183
9550
7292
171
3686
1403
7413
4937
5670
1711
2508
9442
2931
5810
7358
6452
1039
2911
9633
6417
4831
6917
9084
3028
5114
1303
395
8323
5202
7728
8592
350
2036
7415
340
5633
8580
2013
2313
5000
8923
738
3945
5769
7858
104
928
4711
6488
1094
2993
5262
3675
2236
307
5504
9105
7851
5035
8671
472
5499
6539
2433
4582
8362
7299
9388
4184
9664
3681
9482
2178
6745
8035
6935
7762
4453
3740
8225
649
5619
4243
1875
3190
2383
1977
1679
2828
1659
6665
4167
2832
9088
8346
417
4259
5630
6374
8080
5383
8394
4767
6233
1731
9327
9695
3342
8861
2297
2662
859
3824
5788
9733
6387
4440
126
7730
6110
7830
4497
4514
6191
4689
8765
4521
6457
9676
640
7885
3208
5765
7560
5821
5966
1480
788
8891
1925
4977
4291
9190
4148
1641
4894
7536
6132
7060
3922
6494
7667
5687
8613
6403
1091
5308
8218
2678
4327
7039
9583
487
4016
9205
5742
6068
6852
4785
8950
6586
2162
3286
8184
8036
4531
5218
4055
9802
9823
9422
6896
6069
6719
1396
2631
7119
2553
2513
4600
9338
8889
3744
2049
7765
914
5936
6768
4809
3537
8812
996
5253
3182
2939
2912
2107
1780
4980
5177
386
6302
457
871
3002
4961
45
947
1702
3683
7148
9585
2409
2316
5924
9083
4584
2962
5584
8025
4317
5738
7639
1117
8876
2151
2907
8757
8638
7772
715
5894
3093
6300
5604
323
6286
2319
2918
7080
773
6875
8176
619
7971
7535
4818
9593
2624
9123
8691
2724
9444
7606
9322
8008
7424
2225
8246
7162
7898
5950
952
4779
2437
2523
9933
2775
8604
8486
9701
4887
8608
2110
4823
5258
607
5593
5247
9861
7
4833
4995
5111
320
8116
8294
6530
5988
7620
9269
7040
7768
2204
429
3541
1243
748
1348
3409
3774
1067
2017
9194
9886
7702
2494
48
902
6796
3276
69
2782
4578
5736
6562
6083
4684
1003
9896
8776
3425
4719
7058
9282
8461
5598
4474
2613
5979
7988
8816
5431
9590
5578
9750
3909
5066
9143
8390
4616
5261
6680
2809
2476
1605
4821
8879
3486
8989
7963
3356
2448
2323
7947
9937
403
8363
7775
6994
689
8549
8960
7710
2293
4866
8291
4134
1264
4838
8045
8807
6872
9963
100
1583
7980
5479
5208
6549
1189
9574
6715
5172
6185
3958
8659
7385
8244
9447
539
6363
2908
8289
8662
9790
3879
2411
256
9396
8704
7742
2921
166
8601
642
5900
6293
3393
5386
1647
1920
8809
8996
5442
9466
290
5751
8230
9958
6475
1554
1496
7350
7829
8039
1592
4707
1163
196
4566
7617
3657
7596
7881
7882
876
4226
7954
5475
5694
3487
1045
7636
6621
1705
1390
9831
1970
4315
3522
5674
2314
3367
9378
5107
242
7594
7407
3459
5684
8655
9477
2360
5728
7633
8573
9824
7189
6459
4432
4413
1922
5142
5103
3442
2545
1732
3812
4557
6669
6810
4595
912
3759
9941
2080
9122
3861
8248
4911
8010
2652
5174
1891
7978
2412
6566
7650
1492
6552
9167
7141
4128
6613
3910
2813
8801
844
9794
7926
1704
5787
4667
3580
9419
88
7856
5046
9960
1354
6576
3001
6973
7690
2012
802
3835
918
2368
264
8424
857
2657
9071
9507
2338
6535
5070
3358
8026
1524
1365
3907
5863
4234
12
1057
1112
4697
9437
7404
4253
4696
770
597
7841
1269
6044
8343
6764
1665
302
9876
1538
512
2819
658
4420
7550
6018
6828
4236
8674
1767
3466
7261
6899
3421
7395
3550
5322
3160
9549
7612
2552
8761
7599
7528
679
6372
7903
3253
5756
2159
8633
4451
7990
7066
7813
2234
9927
6429
1890
8732
9730
3314
3100
9903
1315
2194
130
3880
4498
8525
8284
577
3465
5361
3390
565
3838
2210
1773
9266
5714
1568
2578
5747
6112
8202
2173
4620
1234
1817
9479
786
140
6319
4631
9548
9481
6006
6679
5734
6508
5469
2331
6820
1179
2807
1725
3223
2721
6048
122
8398
2126
7089
8935
5850
6867
6055
2858
8590
5938
3091
6666
1895
346
2725
1584
6615
2260
7593
7753
6812
135
8415
3006
6845
9900
4903
4898
3224
7493
9581
5116
5483
4013
8941
2913
7115
9293
7447
4815
1871
2104
9425
7332
2380
3828
5681
3830
1863
8946
7122
1991
2514
193
3121
1747
4792
4090
1606
7722
6677
8951
6723
529
2687
5997
6127
6497
7892
3305
3171
1892
5334
8710
4086
9243
547
5678
4519
7610
6106
2453
5801
9480
2619
8650
7993
6688
5552
8066
8135
5614
5544
5825
7530
9186
8425
8462
3334
2195
6622
767
2967
823
7876
3377
38
7515
127
3112
5156
2934
3313
5671
2681
7715
1851
5510
1440
3514
5350
4309
6340
5279
7915
2240
2370
9842
4998
7286
3956
7443
2608
5010
8288
8280
8622
9892
2903
4285
7263
732
9646
4759
6864
868
566
4978
5055
9414
8667
496
1630
8132
129
1096
4026
2975
7749
8882
9405
3176
9724
8599
8531
6811
459
1488
8479
9140
1470
7657
2143
906
9039
4598
4112
2830
4265
7214
9591
8683
5276
8997
1843
9796
7118
5414
6574
2953
8953
6216
6965
578
7006
5155
1230
9052
478
9822
76
199
3695
5502
4465
9551
655
5691
4502
6988
5965
6280
3369
6754
9595
9356
6118
4324
1326
328
822
4459
7314
6778
8341
5642
3332
2198
6418
6466
2145
5366
114
921
5199
119
9656
202
9775
2651
7477
2733
5186
6561
5053
7969
262
5450
8537
7985
1437
9885
3713
741
8120
3617
7598
7231
5173
376
9891
1410
4159
4900
636
2645
8459
909
718
9206
8825
9336
7096
9696
9271
7807
3548
7269
5039
2698
9281
7238
1683
520
4965
6082
7252
783
5314
1709
486
8368
811
6744
550
7913
5512
4799
250
6629
5611
7303
1318
3062
361
2439
5781
3528
3597
6137
4602
2603
8216
9895
3502
5813
5203
8253
2901
1769
9763
3437
2088
7247
9726
1594
7034
2727
4922
9390
3495
8421
2626
9126
3952
1256
6870
7631
347
4383
8552
1624
4153
8563
393
1082
7868
7645
1548
4096
1353
2541
2999
6211
1757
1800
3644
9805
3727
6861
8077
7379
39
3353
9249
6664
9951
6014
3919
7061
8372
6927
5668
4214
6815
3685
458
1672
1204
2989
9004
1370
3999
351
4445
2599
8049
4207
7666
8698
2315
3768
7545
1937
5506
972
5160
8522
5256
8197
6660
8238
919
1733
9234
3538
7566
5306
5454
1503
3209
4571
5726
8207
1420
3810
47
842
1289
4798
3443
8419
951
7170
3147
2222
254
3123
3703
2838
7531
4771
6456
1746
6516
6037
8348
4967
2219
8736
9162
1063
2233
1924
6993
5210
4680
7428
6675
7160
92
3226
261
4019
5656
1261
1674
7109
8810
6263
4959
6898
73
7494
5237
3012
6344
9003
2312
966
6646
3170
6471
93
87
9259
3114
6206
1903
1884
3622
1331
5152
5465
6726
3954
4352
3898
6720
804
7045
217
2575
4033
5072
9148
6204
5934
9168
5058
8237
2847
1052
1763
8053
7306
3184
4677
6184
5534
2386
8109
5495
4161
1939
3915
2141
1197
4708
2771
6474
3248
2798
5841
5085
4020
5255
1489
8448
7826
121
653
4960
6107
2596
3217
8621
716
5127
3460
2744
4974
2755
4647
1459
3924
9843
6590
6472
8494
1435
8922
183
7653
5741
3256
60
3157
8150
5482
5310
1211
341
4649
1071
4975
2074
7874
6379
5452
9532
1779
6178
5122
854
2867
816
4215
1965
3494
8329
1691
2321
3653
1919
6626
3174
3203
8267
6784
8970
2528
3476
8915
1877
8628
2873
5031
8182
4480
3327
4835
8414
3239
5034
8523
5883
9201
2092
7264
5381
6974
4433
7254
6681
4783
6814
2377
2007
177
9597
6624
4824
5574
8285
827
9868
7961
2581
5272
8379
5721
7503
1166
7492
2960
695
3614
2288
8881
3219
372
6146
5171
5651
5473
8512
6524
9172
3278
879
8733
4430
288
4163
904
4789
8292
4515
4734
3053
7327
6913
5746
8657
4672
9529
4423
7707
2418
2499
2776
2822
7218
5872
8070
9540
5904
8971
5191
2344
9839
8426
381
4968
2023
5033
3163
1464
4954
7512
8185
6373
7502
5657
9760
4741
4955
4817
1196
1569
8166
3581
7557
3262
4630
1999
5377
4868
3341
4140
5663
6347
3633
9905
9732
7374
5182
3014
5833
9624
652
7571
9689
1522
7784
7682
435
5563
3436
4912
3428
9944
6148
1254
8361
4454
8551
8324
5165
155
1079
2497
8111
5809
7377
9827
7995
1549
4213
7791
3829
3066
4248
1509
3319
7996
3860
5320
1362
2184
5531
6105
4575
7776
9086
1442
1798
7152
2768
7273
5433
9690
9337
7632
9241
5992
981
8920
930
2770
4196
5097
1224
4279
8669
5912
8947
9985
9002
422
3923
8085
6498
9024
189
7293
221
1472
7047
6808
7609
751
983
6555
9991
5921
7399
3752
4344
6248
4509
6119
9117
5972
3037
8233
1450
369
5280
7548
5820
424
1728
3374
7401
8413
5206
9046
7526
5852
8917
4892
1460
6283
1824
9536
8586
7648
4520
2496
9582
1202
2015
7445
545
7204
2079
7974
3557
3516
8223
7465
6829
4615
9698
2952
84
8283
7149
8576
4897
1878
2272
98
6522
6163
2879
4181
7158
7195
4619
9520
2512
3143
5429
2490
6017
551
1159
9516
9869
752
9559
8138
9443
5209
3070
9403
1093
6809
9165
6823
9254
9258
694
9
2124
7099
6473
3479
5448
2179
2757
7774
5829
6117
6072
8821
8438
4359
9500
6943
5776
8086
7125
6919
3187
8711
7023
9816
137
1141
7991
3929
1332
201
8168
356
8445
8196
7164
9349
8317
815
4037
7002
2066
2954
7930
3726
3346
1064
3433
2549
6050
9265
1627
5854
1327
4431
9435
8619
1153
1373
3888
4663
1428
4354
1231
9602
948
5130
8959
9474
6222
7664
7475
7333
2620
7501
4659
2882
2396
9813
5704
3273
6046
3893
1751
2009
7694
623
7460
3561
6380
1111
5296
916
7842
3405
3343
970
107
7288
591
5595
8954
1339
3778
1021
1645
4364
3337
2266
508
7672
9225
7945
691
9815
1043
9242
4252
108
4071
400
1615
9810
6817
2310
1513
4928
3055
7352
5708
7389
9670
6464
2525
2401
1853
8033
6407
3704
5816
3632
8100
3251
2948
6094
808
4626
8560
6714
1073
4493
5735
2667
8384
8728
6816
9256
6700
4039
9989
7182
4532
3977
4718
1005
5641
8763
7323
8924
2783
8229
428
2843
2283
157
7103
3372
7514
9452
8180
9114
8754
1888
481
4756
7601
4334
8774
1745
631
5944
5720
9096
1598
4482
9348
5646
2664
2849
3625
9882
3630
336
863
9902
1408
7381
6447
848
8458
5774
6085
8282
5264
5184
2773
1378
3566
4550
2731
4411
3229
7295
8104
2717
4487
7349
987
8787
4576
3585
6991
6357
270
5376
5624
399
2440
3291
1989
9091
8199
9576
6569
6756
1276
2081
7112
5018
7770
3787
6052
5444
4250
668
8235
4224
4747
5625
4124
229
779
4805
5076
3076
8240
8041
1406
2895
163
7430
6582
71
1699
8060
8611
2753
3578
6151
1473
4507
1540
1427
6265
245
4400
4525
3604
9350
4183
9956
8423
7619
7126
8679
954
1297
1323
7976
1223
8446
3574
2436
1521
1119
4085
4915
1987
3387
3579
1626
3938
2587
875
9743
4609
4218
128
2256
9627
1296
8017
7941
4314
9877
1785
1014
8570
9467
4826
3864
5591
4047
8403
5356
8057
1997
1356
4319
8407
6364
1053
3611
9108
3144
3962
8269
2095
7873
2701
7197
9283
4456
5067
7154
4168
735
2824
8983
4346
5078
4893
6275
7386
4642
5799
6257
708
5451
8020
7406
2978
3940
7905
4202
8484
277
3802
2976
1173
3086
9573
5198
7313
3667
9100
3294
8242
9873
8793
322
9054
2205
9436
4231
3084
1906
4083
9382
1248
2961
9291
2897
1235
6401
6944
6153
3118
4219
6709
8673
3320
9462
7642
1121
899
3878
5380
6032
4567
5373
7541
6491
2395
7432
7760
1562
5054
7163
5910
2200
796
3388
7848
3654
8208
5724
1607
1914
575
7863
3299
5030
9355
8587
4029
6419
1430
6558
3228
6732
2561
2164
2803
3897
1300
7305
8464
3221
7459
3789
1068
8106
2738
9112
25
6599
3164
8571
7637
3746
3491
9075
184
5891
5980
9372
2945
7196
5644
759
4294
2672
9884
6718
2699
5117
9525
9497
5505
9779
6421
2891
1541
7567
1826
8391
7525
7919
1037
8388
8192
8977
6009
4816
4194
8275
272
3563
207
423
2223
5428
4326
7894
239
6008
230
6963
4996
9832
9977
562
5348
1656
6135
6361
5307
5288
3247
5908
6003
7431
2034
6834
9015
28
5581
6884
1868
4564
9006
3674
8173
4990
3750
1955
4503
7498
837
7257
1958
4836
1795
5608
7900
6367
3710
41
85
6770
3453
7463
1078
6936
9979
8015
7705
2267
7234
9069
6079
3967
2320
2138
971
3850
634
1136
5038
3025
8854
6434
3576
2959
9626
3976
4298
6836
289
7253
4561
5868
2132
8357
9720
6863
5447
7655
3117
3613
8137
1589
9155
5201
3113
5081
3198
1421
5497
7437
8589
1416
8668
466
7734
943
6395
887
2801
3796
4258
3060
6227
3021
8738
5179
9469
7687
7627
8480
2207
3562
8099
1162
8471
5346
6683
3990
755
2468
6130
5154
6210
1842
7108
4569
6327
7977
3889
2454
812
6399
2268
8314
4395
1129
4391
7486
6607
4062
4335
4729
5782
9449
2640
116
3943
3825
6748
9638
1916
5884
7183
339
4017
9363
8836
6098
9056
1886
9000
3784
2093
4657
2176
1198
9931
701
7622
7298
379
1590
1610
7491
3348
1552
737
7825
5263
554
4873
6757
2153
6848
5718
985
2980
5731
9645
4570
9144
3826
2102
8054
296
7188
7304
9538
4513
3272
2232
2574
8748
8455
4540
2806
4688
7911
6600
8945
1034
9855
1881
6034
7423
1972
3394
9375
467
4384
5009
5645
681
9418
3478
3227
8466
6506
7549
7693
3575
136
8234
7532
9458
2653
5648
7779
68
936
5573
3389
450
9158
3963
1275
7375
5907
366
172
4676
3866
6246
5358
6687
7635
3690
6634
7049
3318
1477
3601
1446
8544
1829
9324
3941
8911
2114
3439
2335
2846
8179
1622
2758
9911
9524
2485
2743
1245
2270
5542
7003
9719
416
4199
6981
4302
1716
4088
4560
8164
2856
7757
9613
9065
5239
9887
2106
862
1239
8517
8764
7805
9713
707
4781
1948
9860
6986
9151
2746
4601
9629
3449
1876
9709
2299
6390
3619
2150
2779
3461
9565
5882
4988
7773
958
1838
3957
462
9362
2666
5245
746
1286
7563
6766
415
4951
3463
9928
3939
4966
7529
9569
3571
8767
523
5643
834
2492
3165
6742
5443
9751
7444
7457
7022
5555
5795
4568
64
1862
9366
8962
9513
3738
9959
3627
2853
5389
5252
4802
4983
5594
926
674
9453
2003
7187
5139
7553
3259
9361
4166
6741
1576
58
8519
6036
434
1961
6525
992
7067
9521
8295
8500
1170
2466
1954
6247
4117
3067
5062
1570
4038
3151
5249
1140
7166
7255
1441
5890
1310
2762
2741
5345
4724
8780
2589
2872
1299
1122
7780
9729
540
1657
7398
3297
1051
4668
3379
799
7232
2014
2788
4973
896
4027
4361
9742
6517
1680
391
7073
4812
8931
4012
7975
2039
279
7966
5326
3757
2736
932
5113
1736
6637
9359
5370
3324
8883
1402
9798
6253
505
8766
6798
6033
4406
2156
500
7207
7838
3136
74
3201
1717
464
4971
4678
5215
5149
9106
7739
6467
4739
4076
9705
3732
4173
5560
1387
4628
318
5676
7059
46
5991
1896
3361
3529
4275
9094
4660
2697
7198
2764
5947
7107
8980
4424
8400
4321
354
1070
7392
3429
6594
8850
4829
4523
7425
7171
7297
9505
5216
3414
1110
1115
8834
4691
8995
9141
6998
570
8449
1822
4249
4044
867
6905
8272
2739
8928
2286
7211
8513
6632
1341
5853
2382
7844
6902
9946
9511
111
4476
9169
8151
2328
8293
4871
986
2077
9188
5016
563
2518
4837
8098
542
7268
9560
7065
9853
4654
5042
1986
9519
709
7577
2569
4790
5285
7727
1652
4031
4061
7123
7357
8255
6207
8606
8055
2099
5745
2203
6288
6880
5357
2304
3896
6010
2333
5243
6285
8564
1898
2611
4593
3955
8129
5672
8436
7621
5453
3220
7853
4891
448
4385
5960
9102
8843
4639
7102
2501
52
925
9811
476
9431
2188
1994
911
6039
4901
292
856
1116
3760
8371
3040
5222
2863
2006
4842
8004
5971
2345
6168
3181
1186
6877
6230
1351
6102
9917
9486
8553
3809
993
244
2979
1593
2780
7032
252
3275
5283
9061
9223
5398
2035
4360
5527
2180
151
6111
2674
8046
669
9448
3139
6702
6706
4483
3719
8172
2800
5752
8644
2087
1475
4618
6166
8635
1727
4092
7835
4963
5194
9217
4097
6181
7931
6869
3953
2548
9179
9806
7384
2973
7053
1904
9807
5827
1142
7837
9248
3023
7174
3912
7634
7998
8909
5324
6134
9353
9522
9948
4774
6708
1118
5287
8444
6028
5083
6831
1080
4254
2670
6307
7832
3172
4060
7282
9175
6763
5244
3183
27
5145
9517
4095
3283
6218
2570
6513
1609
8200
622
9848
8768
1344
1304
3083
2264
5472
3586
8831
795
9588
4986
4820
280
4157
8499
7843
4534
9608
6121
477
4888
5848
3214
885
7087
5461
8708
9398
6612
3517
1306
1494
7033
149
8210
3729
7490
784
8143
5229
8411
6410
3753
3323
495
7803
6406
531
7741
6326
5918
2610
5413
63
6543
4885
7802
8672
8489
3634
4396
4830
6824
1748
6565
1573
7827
8175
7011
9328
2515
2646
4694
9514
2720
9981
5909
7365
6354
2787
3776
4859
9947
4775
8646
8278
1944
3596
5463
7488
7554
785
1741
7020
3932
1491
5636
9640
8556
8177
5183
8554
8892
7315
4786
5667
5712
9555
5207
7574
5303
1016
8215
4537
8751
7056
2861
4362
4703
3385
7167
5077
3859
3854
8905
4457
8186
1484
3360
9639
6038
4997
6948
4645
7792
998
9684
2139
6096
7723
2747
9534
758
6537
1777
2859
2818
7144
1006
113
5228
964
7925
625
8281
6485
4267
4192
311
1685
3853
1547
5331
9610
4494
9446
2113
1284
5543
3996
2420
4138
6179
1588
1511
9240
1305
8660
1285
9801
7199
2242
9208
9485
8353
6686
3392
2702
6053
6542
7500
8799
1600
9685
4776
5702
8745
9090
975
549
1214
9747
5538
2220
7230
9218
7451
2457
9357
7483
3127
4034
3677
8339
8664
7956
3659
6029
4760
7302
278
1032
9671
9818
2413
2713
1752
2085
521
1666
4256
3357
8625
7509
5870
8119
9708
4093
8504
214
7271
1350
5492
9531
660
8596
1150
1980
4469
6400
7878
3266
3279
1424
6781
7748
5112
7280
4255
6469
5777
2318
4464
2348
4204
4529
8938
9542
4374
1814
5650
1623
4849
1696
6659
7051
187
9233
7239
7839
747
2381
9557
2634
303
7544
9663
9037
9920
3767
8811
4177
4414
1095
3039
6084
9625
3818
1072
5565
9611
7662
6308
3202
4942
5013
125
5937
9879
2251
1632
991
4004
3444
6440
7127
4439
6462
6967
6504
6391
7743
9213
3161
8877
6141
8577
8079
3408
1951
1534
2031
7611
8330
7533
317
3793
3758
5806
5600
8948
498
7626
1839
2278
4999
3265
841
3554
2888
3488
8193
594
8308
5125
1983
2471
8474
231
2441
3827
5082
294
9767
5989
7834
2458
4800
9164
8018
8914
3103
3687
5091
160
7005
1712
1054
4014
3718
1519
6929
4506
132
3709
5739
8896
2632
7346
1409
6095
4546
8858
1333
5047
4591
9632
8936
5105
9389
8805
2804
7602
5517
4273
4058
8014
8903
7546
7994
7210
1926
5476
3553
1174
9912
5051
7983
2071
1616
7538
4865
8501
3927
3936
7050
7076
1098
839
7173
188
480
9921
6157
4899
4290
8463
6158
8467
7668
8598
3621
2696
1950
5084
8829
2524
5336
3572
8303
432
710
251
5048
995
1744
1682
8785
164
7142
2682
4268
6818
6433
9898
1445
9072
573
1219
5496
761
5234
7131
5730
659
3642
8021
5445
3743
8220
1572
484
2290
94
588
9159
5914
2384
9693
1457
7482
5757
146
3254
5855
847
6139
6821
8919
9681
861
6541
5964
2705
3417
8495
5235
9994
6713
3153
6639
9077
9545
4861
5859
5617
8038
2414
2029
3720
7146
7670
8770
7245
4216
9399
9299
3531
1190
6602
3624
3049
723
5388
2301
1131
72
9433
8538
1461
4720
2311
1821
2410
514
6414
5293
115
977
5363
4670
8870
2883
2346
9964
6595
3881
1693
1049
5163
1960
2595
9068
5050
4435
8296
2955
9997
1487
2902
3982
9715
9034
3026
8375
9623
9961
2005
1859
1642
2607
6252
5520
13
7886
3883
1413
4499
2609
8114
8307
8600
4045
8973
6097
4938
9847
2639
6076
503
2091
3836
1113
118
1042
7416
9136
5275
1135
5831
5340
4828
8676
2202
4188
5768
7400
3036
8366
9630
4681
6290
726
3402
7970
6268
7937
5143
5587
2510
5767
4791
3781
1009
2500
4063
7547
419
7031
5710
8992
2469
7689
9683
445
2298
8204
3504
4784
368
3661
7583
8737
5867
9996
3122
9682
3205
2987
8744
363
9603
5329
2598
8723
7949
2068
5343
8496
4240
7320
6487
2715
5725
6710
9035
2836
8778
9662
3162
9765
6070
3725
5200
5568
6430
5586
1532
1879
2756
6071
4674
7588
3400
5119
5362
6592
579
59
8690
6383
4379
5088
5583
7782
5607
9650
9095
2054
5425
6
8957
1384
5364
7724
8618
2557
5407
4036
7030
482
4436
7744
997
9274
9881
1739
8762
536
9786
7036
9999
5254
4651
2208
6454
243
8251
3712
301
3665
3470
1025
3435
1361
3311
4107
6358
3197
6196
8857
3464
3307
9943
8410
2214
2550
1640
8559
940
1031
310
941
6362
1041
4130
7973
5959
6775
7014
3751
6368
8003
8670
8456
8561
6341
2571
667
5940
8191
7284
1447
8734
1912
7489
9058
4909
8803
1422
3840
5017
2425
4765
5368
5632
2850
2941
6519
9922
5688
9351
2136
5585
7248
7219
6152
6074
5371
3310
6912
7481
6807
6703
1575
337
8849
1336
6846
3942
7795
9062
2790
4442
9246
9871
8260
6641
5685
3315
1282
1667
4658
8022
9993
5784
9622
6388
4761
3669
3552
5069
7354
933
5898
3148
6455
3075
1232
9691
5970
1676
6306
4341
6977
4872
5164
2215
608
8865
8985
3551
6793
9925
763
6733
9766
9228
8349
8634
5233
4197
2844
5771
7864
6692
6386
6653
9487
2118
1386
3639
2008
8065
1695
7820
1734
5679
1502
6123
2131
5175
1283
777
3991
1864
6545
7396
8804
8508
7562
2810
3837
4547
1845
7466
6862
4462
9988
8539
5464
6888
6918
1134
3535
8157
4471
5305
4067
8700
6438
9637
7225
7522
8813
6215
2300
9875
4607
1474
8068
2799
5057
7850
7747
6512
7746
3240
6291
1631
7439
2428
2399
3423
5424
1518
7615
1138
6644
5680
2623
7157
7950
5843
789
7917
237
273
5558
2175
96
7438
8921
8913
3380
1995
4286
8692
3090
515
7608
3018
2793
1649
447
5121
7361
1126
7251
9030
894
8855
2405
9277
3106
8779
3095
7729
9700
9731
6080
6691
764
6489
7007
385
2305
6255
9788
7236
1855
776
2835
1653
159
1909
101
8820
7220
8076
1996
9628
1081
771
5438
1182
5740
4123
8125
1085
7717
5485
7817
3128
3132
3887
886
8562
1392
1811
3849
9787
6979
5802
9306
509
4263
1215
9387
2988
9264
9384
213
0
2840
4875
2644
1582
5328
2055
9152
6378
4450
470
9181
4105
6061
9974
3651
9005
5723
8651
9303
4855
9935
1157
5212
2246
4176
6598
2615
7318
8316
7771
4375
4758
26
5606
2484
6604
4763
5928
97
7351
314
6934
6318
7221
949
4293
4863
1458
2089
1742
2056
353
195
7935
4896
2730
6180
682
4902
1708
2728
9294
9533
3493
5354
8498
3212
9163
920
352
6980
6685
4742
5190
7442
2221
1035
2944
4280
4524
720
6528
7801
6501
3682
7938
5851
1901
490
7738
1342
6656
8105
3876
8264
6860
7537
6774
3455
3186
5056
5480
1319
4675
3933
4238
8144
1587
585
645
6092
6684
2509
9579
4009
2432
7228
4934
426
2142
123
7893
7317
6805
6348
410
4782
1644
4713
7242
5005
5294
9718
5922
2112
5952
6024
5501
1399
2248
9397
6772
3507
2519
8797
9649
5311
4970
9566
5408
4847
3875
2981
6596
3670
9335
9503
4099
5554
324
934
4862
5559
4149
3250
8300
2252
7677
1249
4438
3842
3111
9835
7798
5537
4622
9180
1671
6483
3882
6156
5762
8117
7190
3015
6101
1412
572
9379
5557
33
8279
4232
2630
5278
9295
1771
576
6822
7607
9331
1077
8844
7692
5923
5089
6617
8642
1762
7534
5290
7823
6704
9109
2265
7875
2042
5423
2279
7987
7370
6707
6175
8758
1633
8893
9262
1765
8742
8585
3472
6780
7890
8653
5535
3747
3684
6049
628
9934
880
4057
3373
5634
1900
6129
6886
6287
7100
9908
967
2683
1146
2025
2956
2504
1806
4700
6480
4621
5240
5518
7505
3673
3233
8839
2592
5404
4190
401
5080
5892
8112
266
1525
6581
5369
3906
430
8610
557
9740
5897
7718
8298
4867
8162
9904
3647
1883
8944
6753
4127
7932
1036
8321
4491
5508
8276
4920
6895
705
7095
3087
7101
9776
9752
82
5466
3432
1497
4962
3179
3603
5683
5526
2563
1807
1601
5570
8624
9854
1191
8402
8842
8074
9803
2465
6202
810
5794
1377
7367
1369
5316
2366
4496
2864
1918
3046
5367
3536
8420
3004
8620
1468
1830
7168
1114
4889
9652
1008
8814
6551
942
8907
8259
3890
333
5301
8440
5144
7114
7062
935
6089
5281
5919
1514
5826
3003
332
8212
4295
1905
8514
6171
1992
6365
1246
6234
3664
6721
5536
9644
7696
15
3590
86
4985
7581
7767
8393
7411
7712
5099
5899
5789
9301
9400
1407
1893
6841
1165
3833
9580
8991
9157
3230
8656
5140
9070
9955
3775
9508
1713
8533
1364
4042
6392
7467
4223
7647
4405
2540
2974
4201
9033
5834
8153
3116
5689
6322
888
2028
6223
4908
9289
5753
2209
2120
7241
2772
6885
7721
2280
663
5102
4692
8687
9261
7883
5556
9936
4919
7584
2339
1404
2062
6972
3270
3378
4993
3591
390
5589
2669
9042
6527
9553
3078
1579
8203
5230
7929
5493
541
8557
8043
3804
5541
4084
2402
8978
1015
884
1597
1040
2369
2597
1953
1969
4857
8612
9044
5434
2990
5449
2334
2423
5840
9280
6520
962
3033
7859
6752
2187
4318
3245
8163
9636
4283
1029
9412
9333
9059
7052
3570
7081
6198
3588
1338
4397
8131
7603
924
5299
6645
1247
7449
2389
4145
2262
8110
4409
6030
7857
9415
7388
8866
2169
4539
6205
5864
5421
2371
5214
9204
2488
4233
6460
5528
7660
8312
1796
5015
4880
7989
1252
2855
5137
2537
9739
6712
3222
3668
9210
293
9564
2443
7380
9598
6382
5905
8123
414
7025
4586
1729
9441
9552
2777
4850
2172
2994
825
9547
8686
9509
357
9537
4750
6642
5494
1662
3899
1956
4122
216
4289
3728
8972
1791
7244
148
1462
3048
3508
7147
1192
8851
8482
6837
9063
3024
7960
5880
7564
6155
9562
5990
9133
719
6398
3438
6851
1233
8221
7809
5
8826
5655
4365
6571
8209
1346
8968
5248
4923
5375
7656
7153
8740
4305
2197
6667
765
4648
8880
409
2218
8194
6547
4884
6937
3765
2171
4754
5441
9420
5649
3447
1044
5858
8555
910
4641
