772
5417
9127
4608
8283
126
201
2557
644
193
8413
2150
6786
8200
9489
8478
5623
8165
327
539
3303
3990
5402
1001
1995
4036
4883
5742
3147
6752
6369
2191
4096
4602
4510
4173
2012
8251
6640
8489
2500
6316
9247
6553
6122
5702
3020
9408
7572
5157
3772
7211
414
3750
3669
1806
881
1968
1665
9966
2313
8645
1538
7944
7275
1338
6834
6142
3394
6075
3722
5950
2326
1246
999
6647
4588
176
7160
6307
8998
6546
4337
7441
8486
2825
4208
3184
2145
2763
4125
5348
1554
1753
7843
1098
9421
7674
5199
5422
7220
7571
5830
4332
3029
1205
8038
755
3035
9494
7208
6714
9540
942
2563
5256
8420
2214
525
5421
4759
7046
6162
7409
3657
6661
82
2533
6998
6668
5887
4523
3142
1767
1195
7601
391
2487
5026
39
4711
3747
4835
7343
7779
5773
231
2620
9311
239
1043
8602
9371
5752
7606
7309
2005
6276
7112
3274
9521
6902
1524
454
3718
8703
2426
5781
7579
8325
1745
114
4077
6613
2581
4963
5802
8318
3857
906
938
8362
5387
6456
5779
4690
3602
7212
9832
1170
1787
7701
6897
9579
521
9139
9973
9768
5070
4765
7131
4399
2171
5108
1085
6042
6221
7948
8492
7995
878
1525
2894
5933
6642
7346
1688
5853
298
9651
5009
3141
5797
9427
342
2768
2335
5894
6585
6408
9445
1411
6862
5889
3040
754
4832
81
2976
3497
1440
610
5763
6580
5118
5505
9708
9798
6966
9812
995
1424
6737
6480
6704
8985
4039
4898
8747
4183
5572
9606
7017
7834
3815
5888
569
66
3419
2345
7148
1333
8036
7029
35
5993
706
5426
6566
1030
9955
6541
5765
8751
5762
1086
204
3967
2217
226
3249
8278
9566
4637
6900
6830
1526
3429
3319
1867
9793
6115
7557
493
2595
9079
5288
7128
9639
800
2503
3784
7651
6159
4372
2136
5226
7386
9942
8450
4991
3422
220
174
8779
269
1428
7744
9850
3104
9030
1825
5413
2995
3451
5772
3771
3324
943
8317
3232
6822
2750
3650
6192
4661
1282
9377
9274
8839
6487
9213
8819
5586
8040
7076
1573
1094
9402
9257
3045
5140
7186
5555
8773
6092
9720
7792
972
6979
4338
8606
1284
7467
1114
2133
6145
1780
4301
6333
4210
1355
6498
7078
4822
3551
895
7317
7678
3880
6114
6073
8568
6844
7093
7790
2767
1694
2613
9202
3428
7781
2856
8254
2636
8637
3085
6104
2344
984
1912
9659
8806
1342
8863
8010
3515
1585
2351
168
2938
9171
9572
2264
450
3966
1162
1889
6350
8871
7437
4843
8382
5683
347
9276
3221
9753
3844
9701
4797
2787
4153
36
6852
1239
3814
2720
9250
2274
9594
6048
6433
860
2913
7723
4266
7731
4870
6031
7647
6185
7342
9855
186
1059
9196
5976
804
4248
7200
1133
7650
33
9839
9834
4298
1035
3072
7836
3289
4002
2819
4008
129
4688
4228
7561
2793
3812
6765
6422
1220
1294
4032
5886
3796
6931
6112
816
9801
2169
5665
6288
2669
6348
4812
8544
2922
9318
4834
5054
3787
752
4693
9537
9416
3007
4526
8367
4207
8341
3461
312
3418
5701
6473
2438
3163
2140
116
4360
9140
6132
8150
3957
6649
585
436
1115
8595
1204
8960
3888
3376
2433
4936
9578
5012
2592
7037
4155
5178
4416
7295
782
7389
7246
1868
7515
3981
8853
5750
2890
3259
1111
1422
6489
287
7803
5068
6756
561
7085
7039
6349
3462
4087
7747
8534
5584
762
4755
1017
3563
1908
5430
9574
8037
2729
1907
5241
1558
2704
6246
7541
7672
2257
1152
6251
6418
209
7367
8488
6611
7481
3409
5299
1190
5453
3228
1349
9033
3581
5454
456
1819
5863
547
9689
6222
8357
5961
4154
5255
4049
6989
7121
2921
5301
7096
7348
8463
5671
2737
2449
1593
4072
9490
1612
9262
8082
990
8041
3196
7272
2521
3039
7349
945
7634
4436
8583
8784
1604
9347
899
34
3503
9515
4186
8845
975
4363
1158
7014
6184
8137
5670
6639
9075
9058
1074
7919
5089
5195
6851
4533
4067
7833
6390
7999
4043
2197
9527
2505
6886
110
2436
3977
6807
1601
9830
4482
1491
5116
8334
3120
1095
2060
8843
8646
7577
7598
0
1303
23
4494
3358
286
3348
1240
7722
3791
9209
4220
5052
3754
5965
2116
8195
16
3585
6999
9356
4837
704
1291
3423
8642
9828
5243
4516
3213
8246
1544
3480
8319
3925
3322
6174
4773
9456
8131
9843
8436
2559
4829
3572
1919
4465
7462
8424
631
9785
2999
4824
4856
7447
2574
8300
5008
5804
6295
6594
5025
6277
1903
2830
6314
5424
6616
5418
599
7204
820
7434
9622
4078
5941
921
6090
3204
2927
1497
6177
6676
2468
8769
1473
8539
5931
2429
2241
2134
7911
9766
6951
7273
5346
7083
2464
7513
5041
1803
7252
1637
3449
5706
992
9138
25
3746
7362
7861
5547
7269
8461
4479
7417
4306
4491
7551
6759
6439
4654
7508
9682
5170
7288
2849
3266
180
7774
8270
6037
6523
1635
6190
7798
2925
1961
2666
5289
2289
3282
845
8566
4284
9943
1180
5316
9653
5162
9556
8647
7593
479
4850
1277
5181
7315
3288
7523
1046
3413
6315
5302
3117
1485
2684
7933
1954
8882
9060
7132
2375
1390
8855
6079
9680
3570
9412
1082
6028
8034
7356
5997
6708
7100
2522
3617
1655
1702
3236
5081
2414
3823
3686
159
7830
8671
2382
2547
5040
5989
9624
73
504
8862
1590
5901
5183
9154
6680
5314
6445
9851
9656
8698
3397
300
7707
5578
2402
2789
3757
7511
4318
3836
6858
5761
3703
31
2633
1466
8381
7082
7445
6632
9697
9410
8391
1247
6072
1410
2159
5746
8621
622
7565
9607
9997
5449
2661
5349
1430
7388
8235
5233
1501
3377
4522
9036
7769
217
467
9442
9991
1136
9322
8879
8026
6598
4492
9883
6630
9146
118
8951
7044
9296
9336
2998
4281
2876
4270
6669
6837
6602
4720
6377
5946
6080
9741
9632
8680
6155
7696
7717
7536
608
9646
4437
7198
2383
2276
6403
9345
9663
5100
3047
7114
5581
4163
2303
7749
589
4791
8605
4674
9626
4411
4384
4164
5412
395
7621
3002
8818
1429
2743
8543
6603
4062
4189
1203
2565
5687
3532
8307
7019
7254
8271
9756
3111
9532
4185
2258
5884
6683
3652
5442
3243
973
5204
3360
9977
6330
2017
9073
3833
7785
6344
6806
9586
8127
3279
2293
2125
9952
6753
1167
5686
8846
7464
8982
1496
2026
6379
4954
3999
2165
733
112
7918
1989
6018
920
6098
3350
4295
7002
4624
564
9878
2417
7616
4627
5267
321
6701
7018
7396
3596
1159
9206
6964
7501
7041
5594
646
8987
9415
9749
8198
9511
9899
9631
2899
1970
314
4377
6010
1325
95
7035
3890
853
1871
1899
2223
956
760
5440
171
3207
1751
5798
7298
1621
5707
9055
9587
1198
4429
1947
3278
8627
5132
8562
5811
1624
7174
498
8643
9191
8913
3093
8948
9046
7570
8160
2578
3326
6795
9362
8505
4973
993
1386
2696
5072
8802
4085
5101
431
7339
9086
4051
9759
9013
4131
6063
9796
7991
2762
9619
1990
6318
4865
8358
2189
1312
151
4269
4358
3517
2002
511
9863
57
3643
7787
4673
9809
7116
962
5558
2579
4394
1316
4574
3626
6025
6544
2955
9892
2308
6785
5441
7377
9205
4556
1703
5637
4513
6078
2249
9853
7900
8087
9332
5407
8167
6839
3160
7629
439
7966
5538
4257
1347
8151
2096
3341
7471
6113
8741
2034
6666
8886
3
8303
1057
4651
4006
5535
5988
9243
146
4472
9635
8311
3988
3162
3762
7681
421
9790
3023
1687
2648
4585
4038
3818
5500
6917
1189
7395
4421
7530
789
5202
2668
5029
3906
5691
9446
9100
5491
6843
275
5980
7656
4310
8878
2932
194
6984
5780
9974
544
9465
8850
4114
1654
3790
9637
1892
1103
9873
4084
667
1731
963
4802
7976
9040
5852
6477
3668
9050
1885
6150
2732
7957
354
9533
780
4330
2940
9354
6885
5563
4764
4964
6071
558
5991
8950
1929
2305
5532
7103
1684
2271
7704
3199
3642
1692
5836
4679
335
6214
4874
9488
2810
7067
7925
2352
6877
6508
2185
3224
4178
5614
1881
7433
288
6178
8345
4862
5697
2058
4100
9702
4519
9084
3865
1836
5085
1649
8619
4014
3186
1977
8688
1957
8838
5985
4378
1006
4903
488
4110
8990
7926
7540
7972
8234
7431
2387
4795
5270
3197
9677
8503
2482
2558
6361
7310
2495
7299
2939
6179
3593
58
8518
9198
4003
3702
647
8587
8194
616
3108
526
340
6788
1169
9182
9037
9342
157
3000
4197
3964
2588
9309
3569
411
5641
9271
8820
687
8152
8438
3211
9926
4705
2088
6624
8514
6236
6547
5869
8245
6117
6351
1421
6481
1245
8205
6282
459
8729
1723
5929
8185
2542
2478
5975
9990
6446
2739
4852
1121
9074
32
7998
2663
4241
7729
6039
4701
5163
2071
9510
6013
2475
1254
4188
4335
698
870
6933
6982
8028
172
9871
8814
5846
2573
1843
8983
7401
76
8045
568
2431
1791
6198
5531
7897
9245
8967
5974
5392
1653
3555
9081
4884
2499
661
5037
1855
9234
775
8799
6200
4457
9460
5875
7277
8495
144
8399
5149
9381
1358
2261
8466
3662
555
1445
619
1140
2508
9483
7226
1769
4282
6347
1888
4167
8139
7249
5958
8091
5492
7146
8969
8100
1183
8610
5951
2370
1446
4601
4198
968
7255
7775
9035
6070
1627
1155
4606
113
6635
2765
2252
9367
9869
3164
8002
9965
897
9233
9404
2593
8196
2778
554
5230
9788
1773
5461
7048
7286
2212
4819
4909
9641
1075
2821
260
8095
8233
9588
3368
8592
184
7095
3126
7397
836
5616
7588
3501
7857
1218
3096
4404
5755
4930
9567
9629
7051
8109
4975
4118
3942
8668
559
2216
4251
5608
5854
362
1567
9666
6468
7623
233
5799
2196
7519
8546
8110
2290
5151
7040
6152
3509
8926
5206
1181
3681
6567
5435
1385
9693
8578
5113
5785
9554
1472
4959
6832
2752
3404
2852
1916
8854
7081
9112
7338
8953
8326
8589
3078
8984
2832
5194
3877
3553
5393
2611
389
2450
7962
3879
4274
5148
8638
4799
9110
2614
7893
2053
3545
4848
5161
1695
5173
7622
1969
7411
7631
6084
9767
7178
7382
8531
6799
279
7308
9747
1165
6991
4872
1415
64
8049
4271
3531
6887
4283
5342
3556
6910
4933
900
6627
7137
7461
8077
9538
5561
7250
8914
9380
3896
896
7070
1918
4692
8690
1423
242
6213
7653
8230
7937
9968
6946
4044
862
6773
4599
2537
7140
7247
3202
2811
9512
868
4029
7301
8330
7168
134
9964
2372
5599
8015
5939
8535
2937
3452
9936
4729
2549
5943
5725
1119
393
7684
1184
2430
3959
295
810
2564
253
9178
7061
7332
2222
1293
4319
5928
310
9840
4478
6258
3542
4151
8617
1564
2380
1395
2791
5295
8898
3325
5612
3785
7052
214
2421
3036
443
3114
2063
5335
1943
259
4521
1742
4305
2353
861
8344
7975
8727
7908
2610
6960
9122
9638
1223
2462
3187
3831
4191
9810
3862
1927
5305
3349
2677
7011
6660
4107
3038
9746
3909
3190
3996
222
9780
9291
9039
8537
7585
1516
166
6675
5276
7418
4461
1600
4609
2525
125
6749
4631
5760
6474
6136
9212
236
9599
1259
4958
5514
796
894
4020
422
6880
4781
289
9958
3383
7969
6732
331
4366
6674
6505
4258
1020
4172
1616
7883
1662
1999
676
934
7101
6874
6565
8885
6337
9211
8612
9194
3292
5307
4286
7626
3941
4451
1816
9820
8404
1487
4615
5408
536
5523
1034
8895
8448
6879
692
695
5
9199
4222
2777
768
983
9266
6237
8256
6026
8837
2892
2024
5969
9620
1444
9976
7640
466
365
9776
3466
7552
4443
7584
4796
2904
206
140
7463
1308
3870
4882
1274
717
3144
6313
2601
8976
3287
5099
9320
5512
4343
5174
580
473
4867
4278
5754
1704
5937
7981
3535
1176
6622
2957
6558
4133
1629
9986
5627
7892
4165
3646
5122
9757
7951
495
2415
9226
2312
2857
8573
2244
4863
7384
2660
8746
1124
964
2977
9927
6845
4547
672
1138
8728
2213
3801
3139
3749
2918
29
651
4470
8994
6534
9363
5334
7099
9188
3678
2847
9963
8252
5807
4218
3145
7457
2208
9193
1719
1973
7089
5676
7334
3950
2021
5896
2412
5720
8829
1756
1200
7473
8651
1420
2023
4073
8657
9386
5150
7673
2642
2858
2717
7984
9630
5344
316
6860
9133
1310
6687
4754
2863
4634
8168
1547
8816
6912
3518
8792
856
7660
6191
8272
7987
1779
577
2678
5743
3599
3400
7216
9019
3904
2639
4724
6376
402
4277
4156
8957
3954
6225
9667
2250
8608
7092
8398
4387
549
3493
8663
3169
7057
5495
1738
6014
2459
3074
8384
9934
4099
2029
1605
2714
9737
741
3793
1502
567
5205
9523
1768
2788
9145
1091
1690
7143
2842
9017
8521
4501
1110
1019
5134
3852
1827
9369
8567
6049
3794
2065
8693
7353
1067
4359
4475
2177
5657
7504
5774
915
4369
4998
4550
4230
9420
593
1129
8721
44
3320
4302
9105
6573
9838
6579
9344
2867
7617
2301
7695
7624
6943
3780
2773
3359
727
7490
3992
5303
6849
3496
3308
5351
7385
3565
1790
7489
3799
3293
7175
9062
7344
5841
974
7870
7632
4253
5883
1777
424
8669
4140
7569
1519
2562
3263
8193
4816
2183
1863
3062
6167
1492
9297
9448
2980
7532
6069
3655
1739
9944
6934
9285
6871
2736
349
4112
8447
175
6654
4676
7296
7706
3635
9994
6187
4396
1928
1615
4464
6358
1279
7047
2121
2045
2808
9239
3037
1003
4194
315
1051
3463
6914
8108
523
8803
7268
2621
8338
8686
2986
7661
3115
2232
4687
2155
3307
8977
827
5129
6016
8314
2493
3665
4992
3584
2209
5666
8212
2315
6833
8323
355
3725
855
9552
8584
5340
1213
8822
4612
9852
5251
6362
8312
8440
3081
5767
10
6279
3119
912
784
3357
8522
7549
7147
2075
228
2524
3540
8067
9811
7702
6987
4254
8541
152
4272
2900
4134
2804
6717
1503
6046
1356
5262
9715
3336
517
7527
8000
7365
9665
4346
671
2615
4158
6695
98
2428
4498
9237
6882
2461
3158
5738
8561
576
5851
8356
8734
2158
2111
4971
4984
5258
4000
7412
428
9645
4226
2997
581
4245
7583
6327
8754
5219
3469
2404
9589
8427
9536
6617
2761
1556
6319
5485
5383
2492
9895
3382
4380
546
6988
3143
4424
1078
379
1992
1448
2909
7438
3156
5248
7931
2891
2590
492
8487
7964
148
3765
2868
7027
7970
9405
9627
2831
381
1048
2221
4563
8939
364
8635
1163
7505
5590
6586
4605
306
3554
2338
5185
9856
7139
6005
5935
8114
734
3025
2233
1210
2423
28
6462
4894
6027
8313
885
5175
634
6804
6774
8154
8935
9541
3351
437
8875
5191
5540
9310
721
6605
6868
7270
5848
3077
4095
3175
3507
637
8136
1566
5936
9604
6081
8945
290
7155
2149
265
4016
5826
791
1569
6242
7080
8236
5700
2647
9612
2394
811
5477
6539
9248
9287
5187
4344
8141
4462
2722
3446
9617
4950
4146
6219
1164
1317
1361
7922
7956
2516
7363
182
5107
7415
1486
9777
2292
8798
1721
7683
3052
4696
5444
7318
6478
9161
8472
8417
8296
8731
1275
6171
8710
3622
8376
7767
6172
8451
1380
2544
4381
1707
6581
5591
2031
5439
5878
8079
8396
3887
3054
5023
2783
2972
5759
247
7230
11
5056
3430
8223
7304
9505
6531
6147
8265
1481
2440
3291
8264
7788
2712
1741
5274
8070
2897
4728
6526
5829
4961
6504
65
4568
7079
6052
3693
5549
7402
3203
7421
9988
330
4630
5027
4528
7110
2037
2385
2740
2416
6726
8869
2949
6970
6303
4467
5277
5328
3575
594
2039
5350
5046
2657
3557
1298
9053
5728
902
882
1315
3719
2207
8360
3927
2286
8881
8744
1336
9432
9419
6002
2041
5518
2509
985
3161
6396
4805
2572
2210
9217
1661
3460
6606
7251
7853
292
5373
1209
4279
1004
5323
7899
2884
1102
6985
4671
9197
5320
3824
7778
154
5658
5588
1072
4391
7392
595
5160
6667
7850
4681
1683
8662
1837
1260
6459
6963
857
6006
2057
5870
2623
5576
368
5042
9277
8653
3903
8058
9813
8215
9333
7314
353
8437
7024
8890
9176
9170
6548
3014
4425
2117
5038
6883
7890
7912
7030
5837
4814
5814
8328
8096
8374
8162
4355
1532
935
8864
2727
8143
8687
88
1455
3899
1883
2950
6535
9487
1238
261
649
2879
4918
6007
1226
8471
1979
4231
2458
2674
4731
3166
6414
6631
5121
2152
1861
9411
2710
8187
7645
6206
976
2912
4801
6050
8007
5748
2692
4946
7503
8963
5813
3328
6957
7
940
5249
3441
1862
1139
6925
1805
2102
9268
4694
6846
9576
341
8189
9227
9784
9789
317
1367
8634
818
7242
2004
670
3905
7741
2916
426
7474
8588
6275
202
5069
8901
9299
4966
1596
9837
7691
4957
4234
8005
9439
971
7058
2646
3225
3878
7000
849
9583
5215
6662
2871
4714
237
4402
7201
1522
2878
361
5655
509
2964
94
7026
6969
4917
9063
6780
2161
5110
6596
6503
953
6278
8214
3817
3172
3272
4065
1640
1847
6158
4322
703
3640
15
6170
537
490
4181
1352
9618
7124
5355
8494
9119
7817
815
5622
2961
5895
7756
2726
1270
3363
6782
1187
6866
4747
9937
3234
1331
850
3651
7205
2248
8856
4445
6383
9128
7145
5812
69
9898
830
1923
2550
4177
4345
1464
4808
7802
7967
6592
1036
5938
1542
9996
6589
7978
9409
3464
9324
123
5865
7336
9755
7982
4514
6034
313
5606
9978
8066
2874
9321
1925
879
728
3813
6484
3598
7558
5573
1572
3302
4420
1952
6891
8942
9493
372
5228
6231
4672
9904
5127
1471
2131
7055
343
8142
6438
6986
4081
5628
6087
1192
3609
7854
4625
9434
9858
102
3573
7979
1289
4525
2350
9949
2008
548
9004
1754
7735
7427
2978
5049
8750
4117
434
3127
5111
8365
5973
8755
4646
1271
6513
8021
3846
1311
2454
7518
4891
7217
825
5076
1257
5727
4789
3945
3253
1007
1495
2672
8547
9341
7768
1668
2043
5158
478
4626
2236
4326
328
8581
9041
9739
3995
6168
951
1483
7630
2371
9452
1574
1710
5397
5877
3562
2708
761
238
1285
2873
5978
7368
1849
1533
3932
8757
4015
6494
7406
2366
1292
7120
6076
6354
8123
2379
4176
9662
2176
5401
711
3112
5271
5232
9258
370
5618
759
2486
2711
9230
8630
318
1705
2586
4059
8483
3826
524
3786
6083
9022
6212
2447
2599
7424
3937
3304
8229
8241
5414
8308
6820
8927
9717
3331
9568
2323
1543
1031
2073
5521
5019
5240
7608
4921
783
6331
9819
9200
1193
2278
4061
9373
821
2576
7680
9189
7375
6600
6741
2086
3549
9045
4413
6620
2279
6335
8988
9998
2032
2365
4552
9960
1958
2556
8787
2781
1536
2511
5250
4441
5735
3456
1920
7537
5475
6557
2896
8216
5633
7759
961
562
8604
9435
5726
3026
2427
965
8704
2418
3427
9184
1936
7805
6899
8221
2033
2443
4628
3246
9108
831
1632
4143
5528
5770
4219
6907
2598
320
5803
4069
7522
776
3327
9401
3634
2771
9531
946
1221
8135
9857
2399
6838
6974
97
4873
5986
4244
5458
9458
5088
2693
8607
6286
420
8912
455
2091
1237
1766
6819
2072
5963
5509
1225
9454
5082
9370
2915
8564
7516
3564
4650
835
5224
4761
2346
5405
1474
6266
5757
1470
4045
429
6802
5200
9647
3334
2042
705
7284
4853
5517
3947
4074
3353
6004
5602
1869
3227
7414
518
4565
7809
5784
6082
2526
5860
9302
3366
9085
508
1028
6516
4749
4233
8781
5712
7954
1458
898
6491
8179
2730
4024
6294
851
2744
1914
3989
4892
3454
5464
2862
1005
2627
2823
1039
2893
79
3683
5133
3741
3106
9658
2237
4659
371
8941
9909
7450
7592
7535
7838
6739
8917
1746
8431
4375
5247
8661
7181
2466
2584
6811
5384
9581
9078
2470
4012
3426
8061
59
6710
4969
3015
8585
7568
3109
6125
8870
513
9734
2067
8406
9024
3017
7234
1763
9144
5398
8883
1630
4611
2003
7889
7166
925
8894
4386
348
8060
2577
2907
2095
6472
6356
4182
9636
9393
7006
6306
5960
7765
3919
3710
1940
6211
9102
4736
2307
2794
6434
2632
1776
4374
1118
8063
5312
5064
5044
5645
3130
6655
6146
891
4336
749
4209
3262
7194
2218
3889
1053
9072
5394
5949
6720
7649
4392
7245
8971
1636
3521
8310
8576
6835
8232
3242
8899
3447
3742
5801
9083
1794
6450
3367
664
9868
7773
4618
4584
4320
7324
6913
1079
8504
5758
744
6727
5659
3854
8684
1447
446
491
7256
1625
1830
1196
7398
6919
1845
2504
9010
1752
2124
8512
3760
8203
6064
5806
2016
798
7108
4148
1287
1379
4007
2234
7542
1032
3157
1720
5957
7326
4097
6924
1673
9210
713
5126
6135
6781
2626
9605
8208
1864
7373
8298
9289
7440
7529
1670
7881
1488
5104
5481
1724
224
4225
7709
8134
8280
645
4447
356
574
5396
2700
4868
8852
8128
3714
3994
4970
5498
7290
384
6126
3283
9995
6903
7875
9407
1521
4071
3962
9038
4666
5649
5135
3695
8737
9711
4505
3592
2452
6267
272
7156
8979
9496
3487
101
8656
8905
7941
7429
8616
4807
1771
4329
9835
5035
276
8211
8813
7439
5952
846
5710
3566
883
587
2373
8116
121
3524
9506
6058
4960
7305
3788
5714
2128
694
1084
6670
1024
5166
7351
2038
7783
6906
5668
2707
9382
2837
9772
9654
346
5902
84
3797
4473
8453
5582
7372
3902
2968
9664
7355
1304
4758
8054
6467
4710
7458
6593
7950
2746
6364
477
9842
6139
9888
1557
3459
7693
9106
7689
7485
506
3723
3006
6776
6128
7359
9114
5152
8228
3483
1587
1233
2138
6464
8068
8237
21
8024
6855
53
1107
1383
6103
5992
7604
9090
8659
9269
3946
6610
2107
8733
7627
4682
1663
3043
6850
2553
4535
1052
2413
149
1872
4806
3837
8057
3089
8388
5238
4911
7733
4939
7307
6762
806
9319
1639
5544
6458
9378
6744
1073
4341
445
5059
6394
2709
9907
7279
6939
4082
653
3056
5867
6975
4166
5677
397
6884
4400
9279
5693
3567
2311
4407
7997
6240
3171
2437
2220
1669
6956
5546
4103
4912
3016
7370
6346
1967
2085
7480
7699
5184
3275
4941
2840
4575
9848
1699
5084
7865
7493
5912
598
3701
8933
904
1414
5603
6460
1451
5849
1761
1978
1413
3608
2465
9817
7776
1686
3457
3346
2881
3474
9203
7033
1743
9740
6265
6583
6601
2828
9962
7708
3649
6511
8351
1401
3869
8430
9681
2960
9204
1268
8107
719
7603
7955
9183
8800
7276
1056
6413
2723
4860
2984
4886
377
2025
4782
3886
6374
9948
9941
5434
3620
9065
9141
5734
7009
9580
7020
5793
1772
4770
3215
6435
5983
6926
5451
3951
6828
3697
918
9425
7281
5098
4150
1638
7757
2682
7596
6570
2841
7442
9125
8085
4034
2229
6238
4216
386
909
1359
8752
2834
8277
2393
3883
7646
1782
5432
1188
709
5034
5747
9613
1313
4303
5190
2263
2845
305
4545
9390
6409
2132
8579
8644
1109
7203
6761
5499
1685
1865
5648
875
8897
2855
2401
3704
7102
1168
6365
4766
7036
3822
994
8761
7327
9724
4340
3385
2546
5857
1201
1696
6373
7636
1256
8156
4828
2153
9181
46
4350
3059
9103
5565
1113
7136
2758
7199
8599
9928
5462
4011
997
944
6297
9748
7679
4314
8481
3165
1909
7517
9687
7161
9703
5169
2408
7786
9805
901
3305
5007
7158
6968
484
304
497
5030
2589
2167
8525
4925
515
2518
1351
8596
1408
7657
2273
4842
382
7077
1381
9560
7782
8613
4881
9492
1229
5482
996
3603
5017
7602
2528
9778
729
8848
7718
7618
2340
1528
4768
2952
8227
3088
9340
2628
345
7306
5452
4187
3847
7823
685
3930
9076
1160
3751
1478
7010
8507
4748
9031
8050
5329
1656
5231
5123
8996
8924
199
8474
5370
9731
6156
7763
5619
2295
5497
869
1540
5337
5844
4509
6249
841
6490
8790
2030
294
3938
2099
2079
790
5136
3477
5717
9905
1283
8171
8538
360
5688
8907
4740
8
5217
4474
2193
9545
8940
7243
8506
5057
6679
1402
3589
2548
6428
3066
6658
8336
7210
6367
9783
1944
8825
4398
7885
4798
6536
5715
3663
5459
1150
3318
3656
4170
7419
8673
1465
4289
2141
9571
6552
2052
4582
1241
9615
9507
7694
9959
1157
8069
4927
4844
8981
991
8726
351
7866
5764
824
2113
5611
358
6412
829
702
6252
9087
3627
8826
3482
5600
3138
4018
9116
1151
981
6461
8170
2245
4502
7771
6591
6712
8597
4578
1667
1996
4348
8297
809
716
6033
2011
1038
7383
7638
2875
4312
5745
1272
2435
1882
251
178
9092
1228
5744
7586
3920
9970
4368
7686
9383
423
2606
6497
4815
6911
2211
3094
7261
5716
1804
7851
4438
9068
1353
2108
8359
9897
4517
560
2502
7292
7599
9348
5510
3740
190
6032
8962
663
4149
4316
5751
3571
9825
8707
9544
726
3105
5324
9143
6321
6576
234
7745
1507
3533
8867
5556
5789
1457
802
1002
5437
2463
2040
6068
2157
679
2256
5024
9650
2420
3479
232
8499
6441
6965
9475
3406
6120
8991
2691
9694
1364
3692
1116
697
8526
9361
8347
8415
5879
4520
6339
5155
8159
9134
8423
4504
7589
2958
8407
162
1950
8276
8372
786
7986
1577
3330
1276
5279
949
6209
3132
9461
5142
4242
9648
2087
249
2552
4667
9343
1418
170
3936
9389
5364
7213
7820
743
9208
8807
3173
6582
1646
5733
4468
4932
3118
2262
7381
3055
4849
2715
8350
4339
8947
5722
6022
4733
6540
8412
3605
740
680
8611
6794
2321
2945
6341
3861
7331
325
9596
4353
4333
854
4490
2514
2186
1775
2047
8164
2965
7751
9473
621
8696
8093
6023
2539
3450
1946
87
2650
4459
7126
1265
8191
5838
1463
691
4635
2634
1904
1437
3949
3875
1697
9355
2006
7049
8891
3934
8293
7135
1323
9300
2987
8705
2044
7728
9602
5290
9935
1579
1735
1852
9827
7001
99
4783
9469
1295
9640
7209
9280
979
8243
9449
1058
3763
7187
7818
1393
5508
588
618
571
5890
9012
7491
2609
4562
7648
5406
7876
5079
9608
5198
5087
8965
4406
9655
7104
527
9987
4645
4990
4476
1902
1018
5947
8071
2801
967
277
147
9126
2898
2566
2846
472
2859
2378
2190
6896
61
8496
8320
8354
4875
4632
3265
7829
2188
8395
9548
5463
3339
4771
7197
586
4895
5427
7405
1142
7149
6512
8536
1027
1273
501
9124
1851
2554
4558
5317
7737
2653
1534
1250
4726
8759
8510
5893
1468
4944
1620
1948
6165
4328
3378
2302
8476
7088
2527
6143
8409
1562
9649
7992
262
4586
5283
4982
7453
415
9346
4600
4746
5171
1561
442
7863
1145
5325
1964
7746
7810
8321
8586
8464
6810
7235
1732
4453
9924
2120
5252
507
2082
5583
2151
3396
385
52
9428
2587
2829
6529
5234
8018
7777
9163
5922
6444
7564
3767
1319
7423
8158
4978
8003
6465
4577
3675
1029
8119
4715
334
3495
3516
6310
7560
6555
9307
6747
4215
4349
6805
1299
8459
1037
9273
2364
3475
5930
3354
9564
3664
8014
1560
9735
6160
1407
2201
4063
3401
5011
5818
7635
9794
8716
3724
9981
387
7333
4809
2705
2419
26
4124
5269
8052
7127
1726
333
6326
235
1302
6245
4817
103
4947
1535
1594
4439
9426
6493
2780
7544
3233
596
7920
1186
2300
8046
1983
893
5721
5176
7042
6041
128
924
17
9222
6329
4633
5455
941
3986
4382
6250
3252
7222
3498
8172
6893
2062
8375
1550
8460
8866
2009
5575
3174
1728
5525
4546
8681
5786
3176
3444
1840
7934
4129
7358
8709
4280
4268
4684
7173
8569
4362
872
4090
4139
7605
5467
1217
5109
8834
6475
1439
8623
4412
3709
3735
8418
2200
7960
2835
9539
6623
3412
2770
5137
188
9256
7403
3621
2484
6371
4540
742
130
5343
2979
710
7639
2545
4557
1701
5345
4247
9696
3193
8624
1880
309
3257
9447
2137
7988
4989
1841
8876
2358
6299
4553
3534
4591
8603
6317
8029
1427
2339
5105
9846
764
8519
4455
8909
2640
699
5664
6106
2635
7074
42
1844
6829
3410
8664
1438
211
8833
714
8402
9406
638
4597
6443
7710
7008
2683
6653
3247
3830
6978
3206
4607
2400
6311
4168
2933
117
6470
5695
2254
2935
271
487
1365
6287
2015
1014
6102
8966
696
3727
3968
641
8777
6983
8993
7391
2269
1514
1802
3513
9762
4180
2048
8550
1894
7507
1258
5362
8479
8851
3491
1346
8877
7667
1922
2182
8269
7514
9228
6509
6941
7499
1255
533
3753
133
6268
3315
2538
4732
5218
2135
3629
7846
9305
514
8013
3980
4745
7614
2105
9466
4915
5604
8889
2175
4091
9159
8758
1801
9831
7084
378
6482
545
3897
3097
8080
4811
1506
8083
8097
9014
4818
7762
7548
1626
8711
6230
843
9365
3976
9781
4869
3125
9600
7003
5800
1642
409
2664
3859
6769
4923
1833
978
9391
4794
5644
3369
1580
5353
2520
6713
8697
7065
2889
3031
5898
6920
1606
8202
5304
3314
8043
3153
3807
948
4157
89
5962
2445
9034
9590
8008
6873
8571
4321
1045
9786
8349
6789
5399
6864
9509
4042
3843
3201
3915
6650
6452
7750
4450
9807
4259
4056
788
542
5740
7151
1576
284
7566
3522
1618
4285
3520
9201
3917
1660
792
8904
5465
3770
1224
8039
2219
6746
3744
9130
7907
837
914
1857
9841
5996
7591
7045
9417
9388
3800
7428
6066
5971
9482
5820
55
3538
2944
8004
4315
3975
7144
7835
7097
8558
127
1403
9673
2930
4823
3866
8176
9463
9366
3092
1609
2662
2297
8582
2688
6427
2272
2942
5808
1671
9061
137
2319
8692
9773
1823
6100
3583
7468
3685
6815
6894
3414
9914
666
3129
1453
1856
1343
5635
4709
1101
1799
4240
9829
8469
8972
5090
3389
3254
2962
8880
5669
9438
8130
8089
7669
5864
9290
5832
78
7862
8775
3134
516
6923
8989
2571
1672
2671
1994
6590
8632
6293
195
2877
6945
5835
3943
8076
529
4663
1915
7238
6825
636
7321
9364
5287
8609
538
153
1469
5708
7828
8801
4567
8001
9710
1400
7633
6389
5496
5223
3151
660
7263
1698
2080
9253
3329
7938
5791
8369
8184
8922
9398
563
1070
3060
8708
1614
1335
2596
9195
5180
1815
4488
1362
3851
8120
9286
8887
3580
7860
1454
9246
2956
7063
8631
8859
2983
2362
4418
8563
4613
5833
8970
9517
5524
7888
2920
6411
8416
7801
5537
1071
5156
4859
6030
4530
4772
9683
8433
758
4664
2381
2162
2483
1248
9067
1657
2872
4026
8352
8560
6545
3730
7734
1128
2469
7800
7207
1942
8285
6758
5551
779
3944
5595
4854
977
7086
910
3034
2369
5542
2180
8842
5315
6947
2851
373
9216
6528
6157
8112
2597
401
2630
5661
982
4573
4088
6949
7113
6971
4825
9464
1456
3625
1854
7357
2901
6824
1963
3448
6197
6814
2970
6715
8153
366
7952
7878
7374
7364
3374
458
2230
1555
739
9803
3251
5128
3728
9123
1935
9582
3180
4119
9932
2341
7466
1650
1504
2993
6940
7993
5911
2446
6686
1179
8508
3267
5225
7476
6517
2718
5237
2655
3437
6181
8213
8371
7719
2734
8955
5609
7754
2786
5984
2506
8689
2926
5284
6888
8748
570
6283
4213
2160
5660
5153
3209
3660
5948
3993
4820
5769
7816
5071
9441
3809
8732
9761
9718
1066
4534
8419
1023
4735
6194
3445
2174
2638
4089
5502
4275
3214
3154
8666
8738
9467
5065
6378
6771
5788
2990
9902
5296
4955
8778
4762
1012
1931
6077
2531
2178
1809
8125
3876
6993
3431
9945
6619
3069
8840
4988
3103
4121
8273
4144
3270
3748
5585
8047
6628
7025
628
9714
8262
5995
5093
8739
8118
4885
8498
4841
216
9232
8454
5796
8791
9352
748
812
6699
6587
4265
5713
770
1371
246
6857
4655
3003
5855
3829
4948
4223
5682
3381
708
8422
3527
4953
2941
2282
4580
1219
8918
2275
5039
51
1591
6921
6707
6944
1062
5031
9815
227
6254
9736
2255
1122
959
14
8717
489
9992
5164
8874
9187
3299
4910
3928
8242
3568
8361
8174
7369
3705
4232
6140
2543
5395
8315
6388
2448
1926
8117
4415
8804
6300
1939
9879
1131
7929
4774
7896
5264
5310
1951
2227
8625
5632
3311
7909
4221
8679
6429
2242
6706
9471
1789
730
8465
4238
8762
3971
7176
5994
1042
8178
8906
8760
2799
8763
4621
4579
605
6803
9592
185
2398
5998
3033
3845
9298
7628
303
7642
9077
3230
6089
7420
6370
5053
7688
4524
7755
9283
9032
1305
4942
3223
4649
9894
8930
3654
2049
4836
2850
5574
3217
7812
5705
5805
6417
9939
2575
9621
1040
7871
5601
4543
3178
6932
50
9094
1814
2713
4804
8736
785
4224
8408
2689
2772
604
6304
5987
5703
4610
6451
6572
5391
5979
5055
6233
5663
6530
4304
4979
5503
6568
550
683
374
2094
3731
7538
3628
9168
191
115
5010
2035
4706
4619
6425
1252
3008
5447
2405
1980
6193
4994
9152
9503
3720
629
1960
6074
3811
5347
9437
9395
367
675
6909
6643
9158
8279
8190
2959
6550
8385
625
9431
187
4373
9357
7685
7502
7770
1089
1173
3734
1955
3028
9867
888
3403
8287
9695
8857
7005
4005
122
451
2607
3189
1530
3148
494
7090
2489
4013
502
6269
5486
2975
6875
3361
8389
5999
4793
7726
3050
7760
5940
7703
5834
380
9
4913
7215
5823
8042
4675
871
9244
4833
3244
4790
1598
4255
5674
2822
6763
7794
1817
4697
9149
6981
3519
5050
7495
22
5634
3827
6742
5981
8306
7610
532
108
5967
8260
7902
3268
9301
5022
7597
2534
8030
2000
4235
7543
1714
8919
8355
440
5386
1357
988
591
4629
4977
6151
392
5921
1326
8675
2523
5409
9304
8155
1545
5698
5033
4239
8441
9293
8337
5684
3277
9006
3075
1778
8023
6648
8373
9026
7380
1065
732
9474
2673
7196
6831
8868
5003
2924
1215
510
519
4920
5724
6937
2367
9376
6141
40
4527
3417
85
5685
5650
9514
9705
793
8012
49
9670
9760
4537
7923
1631
8992
7500
1641
8943
462
6440
6685
4541
842
6199
9284
5300
8275
6099
5404
6972
4486
410
9771
5680
8011
700
9113
3867
3729
7884
9887
1374
6823
8831
6430
3871
5662
7512
2827
1513
4515
9267
4861
3182
2914
1500
5416
1930
6527
6750
2296
4896
1206
2694
7822
2769
6927
2389
7469
2130
2906
1137
5652
9462
3284
8222
9910
3135
430
3819
4744
7545
3940
8928
8106
8995
396
584
2251
718
1394
1945
205
4763
9896
2195
3392
2361
678
6096
8590
6501
7904
441
5831
7620
3194
6865
6514
72
5066
1529
8299
183
7059
6308
7282
6697
9814
652
1207
8092
297
5580
1859
8342
5179
4414
6518
5529
9457
9528
4887
919
8201
1337
884
8946
6453
4691
7844
1161
3670
274
908
8577
6561
9272
4639
8670
7945
7274
1774
6271
8937
6942
998
8380
6036
3297
9292
2759
9707
4106
6296
7236
1866
7738
1770
5526
907
9476
2698
7337
3638
6766
9931
7677
3044
1874
4737
9972
2115
6688
9009
2061
923
3756
5589
6067
1747
8683
3205
3726
5236
4738
5060
2567
8366
8250
947
4356
1147
4405
4385
5092
2981
7141
4023
9044
2441
2199
9221
8811
3623
1647
6340
6061
530
9481
470
2390
8259
8126
3473
7821
4506
6189
6274
603
911
9443
4576
9392
413
1405
6398
9270
4471
6008
2411
1652
5141
71
4351
2928
4211
9957
2259
3736
3526
3595
2853
5630
8872
107
1166
5593
161
8929
2168
4779
6215
9249
48
6407
5083
5197
6040
9225
3286
6420
6312
1174
3768
6682
8098
9550
4195
3547
7806
4079
6298
1679
7590
1376
2391
9891
3630
6454
8378
2235
6612
8177
1330
1253
4569
7060
8253
5607
19
4127
1578
7206
3049
5615
9400
9495
4184
1717
620
607
722
8439
3891
1127
252
2658
419
9865
1344
8405
9396
6466
8593
7165
3948
5378
8832
9516
2902
7506
3222
9020
4033
5690
8626
196
9884
9007
2327
2139
6510
7435
1607
7496
3490
2354
5560
5816
1658
1512
2291
6651
9326
5968
6976
3458
4022
9743
405
5915
1467
7454
5139
6264
2838
5002
38
8956
1583
7224
6928
9738
6260
4756
5051
7134
2020
6085
4417
75
2491
5587
6057
6401
8511
2392
6718
1838
4204
5972
2790
1366
1382
2988
7824
4027
8884
8113
453
1509
3502
105
8027
5257
6608
5006
74
6745
1262
70
3453
6755
8088
575
2206
5768
5275
5954
9752
6284
5564
7891
3238
7807
8435
2203
1785
1008
9764
4680
5443
635
3982
5483
5920
7125
6577
1691
886
4583
1828
465
3030
1781
4141
4031
1222
3687
8053
8572
9153
9975
6571
3690
3101
4699
1835
2266
5388
7483
2839
8810
650
8911
6169
3752
2325
448
1360
3098
9822
5530
1153
5489
2187
4734
3612
9080
9623
4440
3548
5058
1449
8081
3738
4175
1734
3009
1041
2284
7075
7498
1848
8281
4070
5311
3713
4593
1227
5944
7446
6129
9836
6578
5336
2477
1054
5339
4422
5410
4040
832
8598
3195
1368
2479
7087
3063
6818
9015
457
219
4370
6210
6175
9921
5620
2007
7652
3860
4703
3159
1416
6289
7105
8730
1435
4652
905
1988
3245
1280
3761
1375
7921
7637
2541
8620
6059
9754
5501
6228
4290
3041
2081
6309
7939
2331
6280
4367
8841
2013
9911
8462
350
6163
6328
45
5273
3983
2497
5120
2969
7117
5790
1716
4454
3512
7265
3091
5861
4653
9733
7285
6556
5822
3985
181
9088
192
4132
3839
1597
720
7797
7676
5792
6953
7575
7784
18
5756
3672
3679
6955
4365
1459
3300
4252
9498
7534
1750
5369
6664
5916
6176
5043
2396
7297
3546
2247
3616
1875
7184
5470
3434
6604
2735
4695
7983
2374
7159
9295
9546
8475
8199
1796
6681
9394
8220
6554
1712
3505
68
8468
980
5356
6449
5942
757
412
2148
6733
597
2104
2568
3894
4496
1329
5420
3781
80
7905
3068
5749
3610
5817
3484
6644
7056
311
8301
1993
5239
3500
7935
6352
3835
210
8545
6889
9397
1568
5438
9338
7520
4914
2815
9372
8767
8557
2355
6322
5729
1149
9070
4500
9716
6950
3973
9584
179
9644
3958
3177
4616
7479
3393
1460
7455
9525
6840
7915
1409
9559
8934
4993
1328
9317
5828
7413
3188
4551
4055
5858
3149
2697
3440
9215
3764
3390
307
8594
2865
9018
6133
3544
773
7202
9192
9946
5577
3774
1553
7098
5924
3607
5597
104
7316
3537
4587
4902
5624
735
1518
5131
2687
1839
922
5810
1412
5819
8429
840
1879
9885
5294
3912
7465
2239
8921
5775
136
9027
2814
8145
989
6793
1682
302
2456
3624
1821
765
5839
4246
4595
2517
1737
3539
4446
5927
5095
6542
7613
6537
9728
1461
7492
5880
156
1318
601
221
3758
2240
7886
4983
1527
4076
2498
5376
6533
9218
7289
8207
668
2591
6393
6574
1060
707
6543
4877
2706
1740
5292
1194
543
3489
3619
2332
534
9231
9961
673
2748
461
1341
1185
6751
9983
9005
5598
8770
3716
1860
4483
6904
1873
933
4212
2637
874
3618
4792
7233
3373
9595
3065
6700
9281
3667
1309
160
1651
3969
30
535
643
6817
1433
5125
5643
8377
8713
3192
2931
1387
6302
7259
5557
7291
5460
6055
5260
7218
7607
863
8456
9440
8658
3561
630
4452
7748
7971
6149
6118
1432
8944
2656
613
4931
2721
7177
5476
867
6783
2270
9359
3536
1878
6690
3424
6673
5533
9135
8700
1208
4264
5900
8554
9742
8393
4357
7022
7150
6521
2051
4643
3929
9294
476
3834
1290
8650
1910
8676
9956
4938
337
6056
6224
4787
9315
240
7526
3582
9671
3071
37
2046
6702
4669
5130
3370
5433
1090
3789
5919
4104
2473
3972
9275
3465
7407
4549
5825
7880
4725
7379
890
2146
1391
8823
7170
8291
7761
7563
3673
3884
1154
1479
4142
8121
3639
4160
2695
3200
4273
7169
7930
7240
7335
1490
5112
6990
2074
47
9562
2376
3386
7730
7443
4596
1477
5361
2569
5731
1175
5298
177
7378
1834
5795
9238
7229
7842
1244
6003
6436
5146
5955
1603
8513
9558
1748
1599
8455
2885
6615
3637
7740
8756
6054
658
4389
132
357
9353
3136
5196
3604
5859
566
9255
4831
9732
8776
4300
9214
6813
4323
6195
9918
5078
6869
8766
3591
9173
4561
5541
1370
6892
2306
9534
5263
3805
4493
6455
9351
3632
9450
7323
1700
5730
1877
4122
8749
7831
1281
2424
145
7654
4297
9104
7393
7294
4708
6
1551
7758
8764
8353
1595
1965
4428
5327
1559
626
6020
2322
1104
5613
927
1345
7682
6332
2179
9329
6360
7772
96
731
7567
5689
1434
2989
8309
3216
9915
7410
6015
6784
256
4529
6263
2068
3391
4001
8714
77
9765
7129
7573
4152
1425
7841
9350
6281
2824
7452
5905
5906
5047
8346
6772
2948
9609
7555
5159
1399
6148
4379
3345
3910
9709
5874
8527
2652
5272
8099
1736
12
2843
2887
7278
3965
4518
9984
9001
8701
2802
6796
8706
8975
7425
9877
2690
5188
9151
8363
2535
2854
3594
2205
2625
9423
987
9157
1130
7808
7241
2795
6618
5360
3840
322
5903
4276
7811
4021
9049
8148
9288
9008
1730
2992
9101
7007
6801
3468
6044
848
5073
9082
3648
657
6723
469
7852
6336
5672
8902
2784
2406
4559
5840
8383
4647
4876
7943
4821
6764
3113
6045
4951
3379
9327
6051
4879
917
2943
3146
270
6684
4135
2336
6929
970
9025
3499
4742
7004
6859
212
1450
2826
9180
2224
90
9849
1725
9821
9429
3420
93
2304
9706
9833
1000
3868
7180
2513
954
9164
4169
5868
8048
3167
4116
7898
9504
7840
2228
4463
932
876
4926
3067
169
7345
2766
8390
3102
1829
3220
7228
4594
939
3316
5431
3411
3387
7716
7488
5843
6410
8652
5850
6961
7879
1887
299
4060
5642
6705
7253
6395
67
1956
6954
5419
5015
7714
4311
3918
6180
7054
3185
1278
665
8073
8267
4727
823
9750
7576
8629
3631
3312
9115
7612
1634
6754
7394
737
9477
8961
1846
6405
9111
3550
5559
3641
4497
8247
9886
903
138
8477
3795
6285
6421
7460
8712
3364
1713
4334
612
9669
4250
8204
3061
2570
7073
8217
5891
4019
9751
5550
9919
9219
9678
9575
2612
7927
3402
8836
9155
9174
2078
4086
3691
6391
6876
624
9349
3005
745
7034
7539
4767
3778
2129
3873
8274
155
5539
3552
3872
1853
5280
1586
1982
5647
6532
6431
388
3530
8411
1934
5694
9424
4668
3298
4236
3248
6021
3365
1063
6787
2395
7152
9969
6392
9727
9611
3579
6559
9098
2515
9331
774
8173
9524
1648
3087
864
6320
1077
7815
1126
5400
1689
6895
3777
3086
6878
512
6757
8392
8618
8218
1388
6399
7700
8520
339
2618
2820
9235
1135
1489
6257
9625
5704
5610
2745
8827
1172
7021
9688
500
4115
8210
8294
1959
6607
4037
5908
9951
4094
2883
8892
483
8327
1762
3295
3455
6725
3529
9470
4830
2608
4307
4800
3079
9685
3048
2923
5918
9603
1202
9792
9719
2246
5638
8529
6207
3137
293
8548
1681
3514
7302
9021
2947
4237
6353
712
5562
336
6995
6721
8231
6861
4294
6638
8735
5897
3012
9947
8169
2439
6693
7071
3653
1693
8774
3470
578
213
7283
9109
4423
8065
3384
1050
2963
2719
4564
3661
4539
2675
6108
4721
1321
5471
1676
9330
2934
689
143
9940
7814
142
5568
2580
6775
5021
3011
766
5771
3715
2659
2403
7641
9797
4009
8952
5341
6709
3022
8386
2844
7989
7712
9679
4880
6119
4775
4508
4908
3600
1563
6381
9542
5490
4433
2204
5856
9804
1123
8923
958
4448
8824
2919
8414
8343
8288
5579
7658
8188
1177
1810
8458
8290
3122
2090
109
1120
701
2098
3438
3783
2519
5013
1061
4532
7192
5436
7449
2624
8828
6305
9769
5881
4388
3825
9870
4943
1234
4780
7422
2751
8888
9912
572
6024
3916
5377
1972
9486
4200
1537
6416
8849
7171
3123
7399
9800
2298
5847
7914
6736
7595
406
2882
9413
5138
5086
8248
681
2260
3850
950
6973
8938
794
8517
2181
6677
4010
4751
3559
4685
6719
1363
1891
1443
8649
1232
4035
2561
5739
3506
1377
9387
4410
9674
7012
852
4847
6166
3848
4162
2320
960
3737
8226
6599
3974
769
257
2347
9529
5001
4786
3558
2645
7329
4047
1482
4719
1322
3337
1297
8812
2603
4997
7924
3018
6872
163
5815
3375
7179
3743
41
416
4109
2886
6234
4227
6086
8302
2951
767
5048
8639
1068
8788
3689
3019
7940
9314
7258
2480
8633
6397
8682
3294
9889
9880
9763
56
5882
7928
9652
6186
7780
6848
7947
7031
839
7594
1494
7562
3010
4730
7547
5484
5281
6595
2388
5352
693
8175
4435
2294
8936
3408
9142
3821
9177
2583
6406
6220
817
1666
150
1015
8368
6958
807
7319
838
5515
207
9316
4376
3658
9824
111
6385
3816
2457
6323
3674
8249
6116
8980
9147
9573
6711
5553
7720
858
7990
6809
7953
5732
9064
1515
5569
7387
2028
6821
5904
9526
9862
2050
3893
5359
9179
6549
4432
3864
9000
6692
2100
5211
4640
8723
6235
7882
4105
3922
9002
2679
83
3155
1354
9095
844
7115
3399
1901
6380
2929
244
1261
627
3250
9745
3739
463
2910
7659
7064
4249
9861
2349
7122
1813
6223
6915
9056
5469
5673
2864
1236
2106
7300
6343
5216
5448
7611
8490
1263
1893
5415
2243
4113
5925
5709
5374
7028
4753
8768
6357
2126
7906
2644
5319
9864
435
6525
2114
8699
6488
2665
8509
3998
3732
1571
9430
7946
669
1842
1711
1832
606
1301
2529
4589
5390
9264
6182
3241
4308
2432
7980
5723
936
7958
9726
2813
8340
1243
1087
8915
6672
6735
9723
6663
4126
8295
9091
7877
1108
3832
8197
6476
6890
4598
7867
1324
3901
7214
2287
2605
2869
7510
602
8559
6060
8244
7482
9699
9339
4642
2680
1541
1348
6457
6797
6959
6262
3769
2654
4503
7032
3601
3258
6131
2755
5075
6779
3511
1876
3706
4057
1974
889
8672
9922
8239
7408
4202
243
6870
344
282
8224
7231
447
4658
8765
6256
7727
7341
8206
6935
3042
8591
245
6564
6154
8724
7119
4743
3776
4267
6562
7663
9713
3467
3082
7267
7864
9223
1264
986
1112
9930
9565
7280
4120
4075
4617
5871
928
3939
319
8722
3863
6101
283
3255
164
4052
4968
930
8268
9929
3472
9048
165
5379
4620
3321
6130
6768
2971
8555
7371
4704
4408
3647
5330
3051
4481
3708
482
9847
8370
9519
6905
3269
6053
5466
5145
3179
4718
1807
3261
4855
6908
5626
5278
1373
9117
7264
8677
7994
4456
3963
5493
1758
7188
3671
6248
7470
6134
9744
8133
8163
8183
5014
5147
8449
9252
3666
9610
2316
7546
2083
7172
7484
4866
615
688
5062
2299
6748
557
2779
1025
8533
3273
8261
3978
5102
3198
7303
8115
8640
268
407
241
3586
189
452
5474
7062
9593
4171
803
1675
13
7091
329
92
4101
8124
376
7574
9634
4778
3070
2318
6847
8258
7665
464
3855
7791
6012
1191
5177
4383
3841
4331
7472
91
9643
7509
5956
5953
1182
4999
1811
4686
3615
8628
4707
6614
1949
9261
5365
4145
813
5268
5631
4531
4054
3931
5235
1327
2754
1350
215
5809
4560
2797
2363
218
3696
5932
9167
5286
5411
6522
756
7487
135
2064
1197
8292
9985
7666
5291
4623
1462
9136
1431
5845
9916
3984
9953
2530
1013
4053
3645
6507
4397
9120
3352
2084
4657
2585
8600
9003
3405
2643
3858
5679
7521
7619
7133
8753
4325
1047
8615
4638
7910
6656
4899
2953
6272
2764
3481
3099
3021
2170
2936
4291
7796
2702
1339
8925
4900
6551
3219
9107
5473
2724
9917
9229
4317
6665
7804
4760
2056
359
552
1733
3046
873
6270
7894
3828
892
1729
1921
3191
4395
9236
1199
4460
486
2903
7856
2164
8622
5308
2747
6375
2101
418
9549
9459
6641
4401
1511
5018
5711
6486
565
3110
4214
7400
404
8452
6432
5696
2093
6366
6324
7655
8865
2848
6217
9444
1800
1870
417
9240
8467
7848
6415
4102
9730
8025
771
9499
8847
4570
6597
2360
6575
2908
2226
2860
2288
1369
1987
6777
5172
4
937
3343
7525
5372
966
4466
1286
9890
5182
3260
4904
9379
9325
1498
326
2667
8978
1941
746
7916
8986
352
5552
4130
3721
468
5522
7825
9484
3766
7743
5143
4889
9675
7742
7581
6646
4058
9795
7968
8540
8530
5358
1069
1242
6301
6144
9455
7963
5966
7360
8104
5446
8932
1549
6292
225
8858
5536
9043
9938
5094
5244
3782
8908
609
9598
6463
2455
1064
7901
9265
3355
7257
1475
4347
6621
3680
3239
7715
9500
3309
4839
640
7013
9787
8694
9251
931
267
1520
7287
8786
4840
4683
1266
2641
3476
1539
208
7271
8289
8379
9175
9543
2267
6253
6138
2649
7528
1436
2985
3317
7556
4906
6800
2490
1765
877
7223
4928
2676
1722
5479
522
520
3271
8033
955
929
1917
4689
8844
6502
1611
1419
3344
2760
6093
6563
8400
5242
7903
7347
1083
9468
9722
1033
642
2604
8304
4769
3306
2277
9802
8702
4722
2485
9513
8501
777
9799
7799
8335
1426
8062
1178
9023
2280
2409
8428
579
7578
8129
6359
8641
308
7366
5080
8964
6097
5005
3013
9433
6515
5782
1406
7432
8931
8094
4890
432
5117
9908
1664
9190
1933
1022
7190
124
1505
3779
5548
383
9399
4025
5293
4826
6936
2
4776
1141
2144
8147
1645
8105
8861
5885
5425
7376
826
738
6729
9071
7524
4442
9522
1588
5982
200
8238
2888
4965
4901
9691
2407
4203
2397
723
3229
9066
4614
9668
9616
3688
9028
4945
203
9614
3080
3442
6382
6853
7847
8720
4430
9721
1602
9684
5208
9166
8017
6204
6404
9207
7795
4554
2342
5016
5322
6290
4571
8263
9259
1508
9913
6519
7625
4313
6980
1932
9881
5534
2467
9118
6029
433
24
8896
1981
63
3956
1570
8332
8181
4136
3898
5457
505
5259
4419
7895
6626
8552
7845
9436
9901
2330
3313
8140
9900
4698
8122
3027
2631
1143
323
5380
3759
8665
6227
2097
3684
4662
639
5629
6901
8815
3856
4004
5554
273
9782
5004
1619
5209
2532
5326
9148
8101
9328
926
8903
4940
6065
8949
9224
2806
4538
7069
1565
6734
9414
8209
9375
9137
8446
5382
5045
7142
2089
6691
3682
690
4838
6338
2551
4542
6496
4981
3773
9854
2471
2880
398
5282
5923
9241
7111
6109
3121
9059
4128
7227
8873
1044
4050
5229
8064
8551
4723
9925
8516
7193
6105
9385
5934
6569
3953
9334
677
5403
2143
2314
8565
2818
1452
9547
3842
3332
7185
4199
5899
6524
3372
8305
4636
3808
3970
859
6948
6938
5265
3523
9220
9875
4083
9165
2699
8443
1397
3371
5876
3310
7698
6355
8016
3116
750
4499
7662
6689
5651
5309
5245
2328
7819
5253
3395
1622
1144
5478
8006
1156
8674
2324
1249
7390
7690
8333
9096
7225
2309
8860
3443
3997
9989
8324
8830
7789
2019
6952
553
5186
4066
7478
2253
5699
1850
5667
9016
865
4935
9263
369
7531
9563
2444
2184
2027
9520
9479
4677
4123
4262
3991
8575
427
1788
805
1744
623
7130
8959
4922
7266
7038
6205
7600
9692
6842
7832
9254
7232
1093
3712
9597
460
6492
7977
7874
4603
2809
263
4555
1011
8570
3152
3613
9185
9278
481
9601
8032
7195
5656
590
3090
1757
480
4261
6696
8182
2800
1582
5367
5527
8132
8473
2076
8553
1296
7494
6977
3264
5423
1235
6499
6698
7459
1659
9577
9660
9686
1055
7736
1906
3128
9553
8523
617
4371
2055
2110
3064
4403
3380
1900
3803
4976
6241
4919
5718
3435
1985
3810
5777
6471
7936
3659
5653
2425
2946
1404
6447
3323
8410
27
4713
763
6110
2194
866
5794
6094
6423
7350
1300
2792
8999
9162
7426
3073
7183
1708
3281
9712
4757
1016
781
528
7094
2384
1442
1288
2991
3057
3083
496
8144
5227
3133
5354
8795
4288
3492
8445
4449
4511
5254
2077
2775
332
8444
3574
363
4985
6636
7559
254
551
6035
2066
6760
8667
8180
5494
4949
5154
8809
7664
9368
1306
2803
3001
6996
3699
2127
3494
4980
3058
9312
2356
9876
4905
6778
6808
6728
1269
8660
1134
8255
1997
2010
1755
8974
8900
8742
5385
2238
8019
4644
3140
3935
7725
2460
8542
5959
1389
5873
7072
1146
8074
8685
1808
4354
684
6918
229
7497
3804
7949
9971
1628
3478
9418
1937
1480
3590
3525
6645
6827
1793
9282
6334
9131
7023
819
4952
5926
9954
503
7164
5646
2866
5567
9057
6247
7244
1320
4648
8146
9633
4660
1575
674
3510
9826
2753
8782
7609
2202
1117
3560
9129
583
4916
2742
3900
8331
4888
5520
2481
3433
6448
2816
4046
6483
4937
2560
8059
7697
139
5168
2616
3881
7436
655
3755
7221
8086
8780
3700
324
8051
1581
5617
4217
9099
2451
1125
4907
1709
9823
9497
400
6062
5506
7262
2733
9569
8556
6273
1584
438
8470
5212
120
4190
2036
5074
4409
7312
1962
4986
6671
2911
4229
1795
8614
6479
5096
3084
3924
5213
9360
6916
3914
4810
4512
3124
952
1097
662
9557
6153
1076
4897
6791
6047
6659
2215
6992
8322
499
4137
582
3347
8397
787
5675
5220
4342
8090
9779
7687
2334
1384
5203
8910
2310
1786
3032
296
5504
7533
753
4477
167
3432
4390
5570
5970
471
4851
6469
1608
9661
4480
5545
8524
6637
8636
6043
654
1812
258
6259
4205
3342
1
957
7721
7793
7293
6867
8805
1674
5507
9011
4427
1592
4717
828
833
1211
7872
2594
6229
2142
1966
2725
9923
8157
5032
4716
8149
1991
1824
648
403
9042
2812
5621
9808
2119
6716
2582
1680
3486
3676
1251
1971
4256
2701
8031
9358
2147
1911
1677
9774
6967
5381
2982
1898
7932
7973
6652
3745
5783
822
7416
2472
4495
5429
659
4361
9874
5189
4544
1092
2123
8725
1398
9585
5964
2905
7456
6724
3208
8796
1332
7965
7477
1818
2716
3231
2054
9561
4431
6402
2163
6216
5909
6368
9690
2954
9903
1096
6372
8954
6584
4093
2059
7859
2069
8497
6127
5519
8266
4956
8772
7325
4201
6790
5741
1706
5862
4030
725
3636
3168
1727
4111
6038
9950
7016
4878
9791
1517
2629
969
5363
5000
4426
1267
6694
5201
1099
9508
2285
6738
4702
5028
8286
408
7167
7849
4924
9422
2476
8166
2496
3885
7050
9758
3485
3212
2651
6538
3606
7711
8601
6123
3053
8893
6625
1953
9260
7352
3908
5375
6588
5114
8102
4138
3820
4712
7554
2602
1760
119
5990
8078
4507
9844
1080
6881
1895
5907
3285
1523
2749
1552
250
7974
2265
8783
2994
2507
656
5368
795
5192
6342
6183
141
8401
6657
5144
2555
2536
7764
2776
7237
4670
7157
6124
5678
9150
8797
6239
6560
8394
7705
5488
5917
6731
2329
5077
9323
4324
6011
7739
6609
6520
1759
5640
3131
611
3798
3792
5193
6792
3961
9816
3923
2225
7869
2861
474
5842
3955
1998
6854
7732
264
5428
3508
4206
3587
3578
2756
5115
7675
4028
8743
9337
4434
2283
3340
1132
6095
2617
6836
2798
5914
4858
8403
7109
2198
8056
9980
2022
4193
3004
9967
541
106
281
6841
1148
3694
8161
9882
4098
1171
100
2774
4785
3362
6386
4929
1924
8364
8821
4656
8084
1764
3100
7917
6506
5331
2092
6000
5106
1798
6812
266
1100
6798
6994
2103
8480
3892
131
8817
5872
4803
425
7163
4962
1886
4592
9893
4987
5753
2512
6255
3107
6208
4064
6856
8691
8654
4159
9186
7191
5321
2807
4487
6437
1081
9089
3471
2494
3576
3907
5371
2488
5313
5097
4974
3290
2410
2895
2966
62
3280
9121
4967
7813
9518
8020
2122
9132
632
5736
9570
1314
8387
4741
6243
6325
4484
4566
5778
9384
9097
2681
2741
20
5366
7858
7942
8192
2359
6826
8432
291
5472
3439
3416
7106
7260
6244
3802
8426
1334
3577
8793
6019
9657
1230
7444
4299
1531
8968
6426
736
1105
8695
4458
6164
1792
4934
1106
7671
7837
6161
2173
2442
5516
278
6196
7162
9860
8284
8491
1372
3024
6121
5333
6384
1826
7107
8719
747
5207
1009
8457
2967
8515
9069
9335
9676
4017
5737
9169
485
3611
8785
8186
2619
2377
4327
4393
7580
8339
5456
230
4893
8920
8348
2836
5511
4641
4678
9775
2731
7826
573
3235
2018
715
2348
4846
4739
4179
1633
6743
834
7448
1484
9093
6400
7320
2070
390
2974
4857
7839
5119
4489
3874
3170
8500
4296
2817
7123
6088
5167
2510
158
5513
6740
5450
6218
3933
1884
5297
9555
6188
1913
600
8835
6922
6009
2728
1476
3276
6363
801
8225
2386
4041
4777
2796
7486
3849
7118
7311
5061
7827
8580
7138
8075
8009
7553
8434
3415
1396
6500
2785
5776
8111
4287
5480
1905
5766
3882
4293
7550
4752
5246
531
7587
9478
7643
5827
4108
3181
3987
8528
7724
2281
4352
1214
2014
4784
9704
6816
7753
6111
9535
6173
3356
1307
3425
2540
9628
8740
4048
1340
7313
4572
8958
9979
9054
724
3150
9859
3237
3926
7322
197
3504
8316
394
2622
9530
2118
7961
9933
4444
9502
8442
8072
5592
7330
5571
6703
3095
2172
4581
7713
6202
3335
3614
444
686
285
7615
5719
7855
9172
1610
887
8549
4788
301
5221
2686
7868
6770
5389
4750
9866
1617
4665
5821
913
3301
4174
5636
8997
5977
8745
9374
3913
4590
7340
6678
6203
2474
2337
5913
8138
9480
1644
1938
6634
3407
592
3436
4364
8916
3733
6495
9700
4292
8103
9313
9472
1749
9920
2670
6962
60
9051
5332
3541
8648
5566
7239
43
6485
5261
8282
1858
449
2833
5892
8794
8035
5214
3960
1783
1986
3979
4813
9906
7670
880
8482
9845
5165
1378
3338
5543
5787
3921
375
5266
7043
3210
3597
1643
1026
5338
2600
1510
7996
248
5210
3775
916
223
4485
6722
4996
7913
9551
1715
7154
7752
7189
6442
6261
808
3421
6898
7328
5605
6419
2317
2453
1784
6291
7153
2782
5445
3488
3588
1976
4080
9306
1417
4147
1975
3895
3644
6730
8329
1021
7361
1820
2333
5596
6930
2685
8678
2109
3853
556
2268
9451
399
1231
6633
2343
3543
5866
2192
9485
2870
8532
8718
7873
2973
4161
6107
8219
7959
4622
5285
1499
9999
3633
9491
7068
5654
2166
6201
6232
7692
54
8655
6137
1623
8257
9047
8502
4864
1212
6226
2703
1216
9156
4845
814
2434
5067
1392
6863
4995
633
9160
5036
8022
1718
8715
3838
4263
3240
1010
7404
6091
1984
475
5945
9872
3183
173
1797
2154
4536
9029
540
3707
1589
4604
4243
7668
4092
3226
3296
1493
8484
1890
751
4548
8240
5824
5625
9818
1441
4827
3528
5639
3256
6424
847
8421
4192
7015
1049
5692
1822
2422
4260
5468
7582
9770
7182
3388
86
7985
8425
2001
1678
3076
3711
5318
255
7248
5681
7887
7644
9672
1897
778
4309
5222
198
9982
3677
8789
5357
5091
5487
3911
7354
1613
7451
9242
6017
4196
9993
5103
2738
6387
2357
280
614
338
5124
9806
799
9303
9591
3398
5063
9501
7219
6997
7430
3806
8493
9453
4469
797
2757
2501
3698
7475
1088
4871
6001
5910
9052
2805
9698
1896
682
1546
1548
8044
2917
8808
7766
2112
8771
6767
3717
6345
3952
9729
9308
8973
3218
1831
9642
4972
3333
5306
9725
2996
2368
8055
9403
2156
7053
7066
8485
2231
6629
4700
8574
4068
5020
