4033
1650
5863
7694
8899
4953
9815
2424
7439
2015
1706
3692
2528
7600
3512
9709
7578
4914
1529
7748
7774
3805
4993
5867
6271
221
107
6266
8304
574
6795
1335
4536
7336
4755
935
5166
6083
7195
6053
5660
1204
152
8040
5828
2181
2838
7845
1287
3851
9979
5426
8645
5998
5118
9948
7657
2240
5789
4009
3110
4861
260
5927
5407
244
3494
2752
8298
3448
9529
3010
826
705
1026
7968
174
3258
9096
9143
9126
7307
297
1063
746
6716
9337
186
8246
3688
2501
6148
2715
1636
9006
7043
8848
6297
337
6114
5485
6008
2412
8017
4554
8238
3733
9108
3520
6023
6597
4460
8724
8811
8009
4422
8131
6096
3793
4255
1411
9738
2129
8446
5951
8838
3417
5496
1245
210
8639
486
8472
1156
4143
1234
9445
7490
2749
6145
1702
841
3335
4933
4580
5140
743
5772
5593
9463
5824
9734
2321
5712
1427
3231
3629
6994
1115
7080
8313
3571
2028
9502
5058
9539
1489
4745
947
7001
3566
9366
5264
142
4534
242
8458
3596
1537
5209
2502
8681
15
1073
3027
6941
3707
7045
8570
4565
333
9224
3340
534
8949
7761
1978
955
4680
3035
3864
4415
3880
3047
8362
6876
7766
781
4949
1931
328
4911
8460
9409
6743
7460
4175
7995
2745
6567
8112
5019
7517
861
6999
8581
7582
3952
2213
910
1954
5449
5884
1959
1739
2290
6564
4234
4619
1986
1050
3879
6853
9334
4591
9205
3433
7317
5871
7147
7025
8303
9754
548
1835
1741
1859
533
565
2866
3486
5293
5479
5156
5104
668
3503
6459
7153
2650
5965
7177
2822
881
1626
2031
176
9521
46
9325
470
5737
6518
1222
9922
4408
7420
6787
1665
7458
8607
99
1771
4277
1678
1142
761
1468
8041
923
2165
6888
4353
6902
1340
7313
6225
9388
9240
1046
5676
245
7962
8637
7306
9444
3159
2545
4342
9359
1181
523
3568
1799
166
1306
5346
2895
5337
6068
1984
6061
7112
6422
5498
5751
5531
9214
4456
9276
3627
7318
9904
6098
8261
8481
6698
6278
4354
9911
5981
4427
2302
2300
2900
436
8247
2591
4184
9726
2680
1366
9079
514
2564
7869
5230
6473
6373
9884
1707
8673
5366
86
5011
579
4964
2553
1505
1610
2157
3348
7151
8691
880
967
3745
4202
9431
26
1789
1643
2365
1477
5881
3966
8099
6323
7443
3720
4607
4695
4656
3567
550
7397
259
9504
2598
6890
2485
2499
8425
4367
6232
3572
7054
4212
5792
8122
7374
8126
483
2250
9652
5347
7868
1480
3186
1886
9102
9176
8662
7448
6217
3173
8471
6211
2153
1902
6196
4252
2341
8809
3671
5880
1821
9913
1323
6559
1273
8847
6484
8359
5875
754
778
9716
9131
7139
7334
2235
9763
9690
2815
8850
6556
8114
1061
6359
1280
788
984
2402
9377
7586
9073
917
398
4193
1948
3628
3726
2482
9506
4691
1669
3478
3319
4644
4013
1872
2466
7170
8063
7588
7427
4568
2345
5715
7835
6222
8851
7047
6144
8096
336
7475
5301
5634
3623
2912
1932
3130
9700
9487
3183
3257
8260
4876
6503
1208
9317
2924
8085
3668
9927
9807
2404
5840
2139
8011
8134
2647
117
8647
7671
1955
9045
9589
6151
1178
5423
6107
9440
2377
2834
8493
6741
9862
1664
3529
5388
4062
7130
7840
5937
2104
7732
1794
6520
5194
1743
9714
5260
1444
3785
8164
3819
520
6212
2469
1235
5
9835
8208
3122
9122
1343
530
5719
1374
489
3101
6598
9912
7155
9736
9583
7291
2470
5846
1154
2282
6022
6175
4008
6190
8674
7917
9314
723
6906
2886
3550
8599
2120
7919
3979
7451
4278
202
2373
4340
8214
4485
2765
4904
6775
8137
6891
3056
3872
4616
5428
9278
4710
8280
177
2894
6592
4021
7102
3755
3685
2356
9238
1177
982
9811
5180
8630
4489
5632
3474
2344
8090
1889
5109
1972
6000
4597
4843
708
1438
7909
5207
8004
8407
2794
6604
4412
9902
8677
904
6122
7719
7812
3162
1329
3593
7168
5811
8202
3595
1521
5332
9279
7197
317
2730
7822
9267
5961
6667
3923
3766
2226
5565
266
2532
5866
6220
6785
2830
2552
1463
320
4769
5431
4420
2987
7366
5933
9232
5312
9792
6509
9489
18
8533
9282
738
6474
9853
4837
1015
7696
9243
7831
1917
9442
1077
5452
5802
2364
6203
8834
133
2374
7897
9675
2529
1194
214
7414
5063
3168
2416
8198
944
8611
5675
4983
963
1016
1131
2986
3998
2493
7121
1395
8744
3482
3882
4528
445
3762
7172
2312
3948
3156
6806
4264
8505
2223
36
2091
5775
5487
1275
6387
4863
1906
3195
8437
7259
661
1454
9452
3189
1123
7768
649
27
2092
2158
6821
1818
6704
1627
4732
5636
8405
4889
2372
3148
1004
2697
6665
399
1845
4759
2742
6071
956
9997
2146
4749
4215
8758
8354
8874
3739
4357
2
7814
2787
9796
7216
2934
9461
7976
7701
1259
9637
1747
9362
2981
5914
987
8849
3139
6
7
1989
4473
4637
5564
2554
5929
2735
5709
3215
275
1594
6132
3308
7871
1390
5641
3408
9417
58
9330
5228
919
7580
1973
7773
217
8975
4362
1864
5841
8348
9586
6011
6330
8789
5669
5326
5167
3536
8515
6873
5078
953
716
606
6322
3244
5693
3488
1904
8239
5623
2205
5537
7584
697
1791
6105
5488
6816
3145
3187
7209
6652
3493
3853
9353
4909
569
4972
2030
1856
2243
8879
8934
5919
9191
3770
1404
5829
7305
8604
5199
4831
5943
839
6871
5568
1939
8454
6907
5833
1126
4345
3929
9516
8061
2252
2354
8979
7244
1721
8223
448
127
3769
5978
2841
1568
5579
1696
1278
6758
4738
9252
7675
1223
6585
7249
7140
8825
1703
9189
3765
1460
1163
6810
1648
341
9181
9667
5491
1021
7947
6010
8052
786
1122
6533
9528
7339
4548
9650
396
7672
939
5960
5022
5896
719
9842
7946
1908
1969
4634
7611
9814
9640
2305
1677
1168
6308
4686
9924
950
6626
406
770
2453
3613
8956
3147
1104
5261
5885
7322
8082
629
5817
7486
5700
6025
4038
831
1047
9447
9590
8233
3471
8162
2636
9892
4383
1482
7098
876
9823
2271
4599
4508
2659
4906
7474
6324
8883
1157
1800
1188
9466
9021
7289
4250
2065
346
3942
9018
1819
4701
8684
5814
2298
4794
9467
6988
8868
2368
7698
6386
4409
711
2005
493
9599
8962
4574
9681
5750
9033
1953
390
2083
2788
1599
5762
5607
5073
4339
3236
5662
3413
8051
2731
7128
289
9429
9836
4315
5617
1219
4798
1682
1461
2409
9575
407
285
6687
4709
2106
6460
6389
5094
7614
4160
6982
2096
5139
6706
522
5008
3631
5862
11
4369
7076
4258
5671
5711
702
3516
1206
425
4481
6842
3138
111
937
3092
485
9587
6012
4968
3794
9684
1170
9178
9867
5439
4990
4115
7095
1528
975
4267
4192
498
4146
7618
9495
8067
7371
9665
817
5266
5117
3001
8999
8803
7940
6731
2850
5984
8306
3541
8666
4838
417
794
9923
6557
582
7331
9664
2032
1413
4645
2901
3327
3562
5559
7326
9891
4310
4249
191
648
5195
3724
8712
3859
5953
3936
1718
983
2826
2707
7965
8778
4028
0
5717
2813
8300
9877
6430
7396
1301
5308
7050
7228
8790
9729
8885
9256
6064
4850
9380
7561
5345
1388
6467
506
1225
6486
7066
931
1915
1941
8781
9305
4403
864
3778
1093
1424
7645
1237
4092
6921
7419
567
4650
1307
7908
8410
4706
5151
2698
7352
19
9308
5905
2319
968
8741
8331
1262
4210
2111
9542
8826
9557
3318
2199
4266
865
3749
8465
784
228
7242
5655
4539
2801
8667
1884
4187
3759
5908
6595
6106
3843
2610
564
7790
2287
4159
4934
1993
8520
2339
5735
312
1763
2045
199
9616
3574
6959
3764
8392
2026
6924
2548
5645
1419
8968
4172
387
9273
1663
9876
7583
7549
163
8565
2966
3888
8216
103
9641
8770
7990
300
3659
9065
1445
2444
7029
1317
7171
2067
2601
5401
8555
5706
4213
8168
3507
3643
6081
1193
1921
717
2274
4690
599
2454
3797
6007
4516
7348
487
8275
1887
9261
3674
239
696
6596
8871
9285
7691
2285
6710
9338
9777
3650
5798
2428
5474
9783
5504
6570
2693
2767
1705
459
494
267
3822
6620
553
3020
7478
5643
23
4762
1641
6512
134
5480
3355
7432
4960
6896
7064
9933
8898
1434
614
2734
3810
265
8008
8241
4750
6441
388
775
5502
4535
3732
6682
3559
7792
3523
9241
5234
6516
9400
8842
8163
8902
8020
3863
3301
8913
7902
9955
6292
5844
6872
9115
7558
7865
7119
9436
9228
8546
9009
4506
5657
5794
5957
7775
9893
2972
7241
5032
8981
1432
112
9296
2179
5493
7718
9841
7801
5926
1075
7931
7658
9158
7205
8671
2427
2330
8411
586
3121
4541
8930
3278
3640
9094
9645
7263
9608
2289
2016
5015
611
2692
4811
4903
7008
3897
9490
2688
7799
9981
5163
3166
6314
2928
7649
6697
5263
5304
1036
2798
7615
1926
630
1196
391
5757
1722
8513
1839
6609
1143
3549
8173
4494
4946
7887
5262
787
5569
5873
3353
153
3982
796
906
3254
5217
3141
8453
5956
1045
1241
4156
8424
5594
6024
5396
8912
104
4631
3237
3264
8696
8509
8248
1370
6623
3753
5482
6310
6951
1633
4501
819
4935
8858
2724
7158
6756
2852
6016
5422
3468
6991
162
1634
8503
3117
8997
3428
8225
9791
294
4998
2361
8738
7465
7261
3828
1748
6995
5995
3309
890
8960
9705
1882
9426
3639
8500
9014
4204
7577
2431
7180
3678
9383
88
305
3799
371
1949
1638
2727
1865
4114
9112
8582
6722
4036
6940
1927
4575
2541
1618
4604
5573
9328
1710
6780
5429
8044
4678
4042
5907
4540
5074
4806
7695
6735
262
643
6997
397
9373
1020
2885
4736
7612
624
5211
1251
3181
4766
3284
9306
2741
1759
6510
7372
5760
7550
6170
8835
6897
3649
2376
3414
8136
2090
5342
9253
762
2357
8619
4666
8577
2942
3404
8693
568
2699
7625
3378
4413
7807
8089
7320
4817
1214
5378
5505
7496
747
536
5962
6171
1985
8624
8557
4572
456
9830
2722
9512
1167
4768
6617
1704
3373
2281
179
9195
9184
8445
7363
3207
8455
5684
2024
9207
8450
6642
5210
4361
1694
894
5309
3795
2135
6201
4208
69
1981
6608
3172
9183
8590
3255
6563
5097
8108
3905
6454
7247
1361
4068
3638
5506
1119
5520
2455
674
8578
2150
8943
6041
3578
5821
7453
3374
6108
9790
3528
2421
9086
3470
1455
6724
5912
4418
7597
8669
6681
9227
3397
8180
6823
7328
3533
8824
4011
3984
1590
2696
7127
5236
8592
1159
4721
195
2452
7444
9931
5173
4106
4251
7020
4655
5087
286
5239
7515
3951
6286
475
114
6804
4779
9405
7729
2141
6291
9288
4524
7639
2207
8579
1059
6342
5516
8495
8250
4283
9368
5329
7332
1305
6439
9149
2064
8855
3224
1888
7710
4423
5430
7264
8185
4512
501
1901
121
8512
7575
6273
2582
1421
1531
5955
185
3481
1873
3577
1680
4791
2873
4424
4562
6479
785
1138
2041
9680
1198
3492
7273
7656
8679
4130
3964
5385
4029
7969
5434
5265
20
7734
8071
6370
9099
6528
9937
4161
4206
3551
1543
2945
304
405
5154
1476
6319
9460
1728
2360
3787
4368
5670
7391
345
5061
8309
7462
634
4787
4299
854
1298
2611
7843
2562
4559
2643
4330
4078
4896
3442
7551
6799
6807
4961
9420
2174
7386
3829
7347
5134
2486
2108
5599
8706
2668
2399
8657
869
3589
7408
9486
9040
1980
5286
382
8139
3895
2691
1825
6524
2279
6264
4445
132
5800
5986
7737
4751
4219
7641
4286
4632
8438
5114
7488
9751
356
8352
2614
9812
4927
6120
3699
1257
156
8605
1153
9916
4125
9215
3087
505
3324
1666
6611
6544
6130
9864
3180
1607
6070
7818
7731
7535
4295
5275
6274
6628
7072
5247
444
3652
3670
801
1823
4800
5741
9567
469
7960
6003
9399
412
4997
8915
9752
1522
7118
7813
6507
2218
9717
853
4198
7770
5714
5445
8170
7829
5791
9784
2263
2070
985
250
5128
2036
3612
6427
2929
3621
2138
1029
6932
7208
1813
3975
6167
2578
3174
3938
560
6470
1105
4566
7315
1022
4292
6036
7893
9443
4164
1934
6945
7250
5672
6934
5240
9839
499
3219
5184
7830
2695
7700
1754
6110
2491
8900
2283
1700
3080
7746
4318
2628
5918
9386
8417
9825
735
9678
2642
1002
7019
3862
9779
9090
9668
724
2542
6055
7370
7026
601
5600
6411
3330
2288
2964
7860
7181
8160
7596
1247
1844
5274
3029
5392
53
6638
9301
6929
3553
1169
4070
6976
70
4530
1134
9858
7206
862
6247
8970
3084
4359
2076
3164
9658
2403
9866
2448
4080
6438
6683
4552
1308
8894
6594
9145
8301
377
16
9605
1863
5958
822
5258
8938
1226
3200
877
2970
8035
4895
2066
8986
4102
6586
5921
8727
1231
677
2094
3543
4729
3286
5214
7925
9395
6285
1688
8652
3443
605
4086
4142
4235
7970
3064
6348
9300
1676
6545
2147
3002
6935
4771
5561
3587
1683
3351
9311
8442
5054
4819
8194
7077
8230
4627
3233
45
9427
5090
4360
7508
3837
7193
7159
9534
8332
849
5808
8554
9651
5364
5397
8372
7357
7124
1515
3690
3646
5152
4941
9507
3660
7037
4170
7906
9169
8610
5399
1040
2122
9577
7455
9031
9286
5749
8420
1011
2663
6954
1261
8153
6183
5501
988
7361
3519
2035
1085
2907
7975
6119
9540
480
5795
8146
2075
9778
1862
1569
5843
8022
7781
8274
4737
9694
663
1100
4453
6311
451
7536
2383
2496
4055
5876
7198
6686
6860
362
6926
658
5858
8697
1519
2483
5360
4590
6583
726
4795
4704
8717
3393
638
4789
667
1746
3967
7593
2379
8415
3856
2824
2484
7399
4705
1425
5626
9995
607
6335
6602
1640
8282
6413
1563
1765
5416
848
1426
7654
8635
6257
758
5186
5409
1158
4083
4227
5507
6553
760
750
2381
7795
1457
5674
227
8933
2704
4938
8908
4633
8541
8990
9289
5809
8428
2802
3097
4487
1724
672
3804
1826
8075
7162
4229
1612
2980
8583
6410
9468
8374
6593
4414
4241
1311
7355
2098
2380
5277
1786
4621
8953
7537
8389
8952
1439
1937
1391
7974
7421
6802
3112
2012
897
180
8596
7552
481
2113
3104
4491
8764
1473
7642
2625
5238
7114
6321
7936
2918
6826
1613
6540
2206
4425
2430
1942
5906
4500
1027
5481
9422
3291
6569
8171
2186
3875
1562
5219
767
5268
4703
5276
4780
1672
3833
452
6672
9148
8683
8215
5252
908
943
2969
8964
8906
5070
6717
9838
3375
2331
8474
6035
9887
9966
4948
3803
495
8328
5191
4407
7062
4455
1325
1558
5936
9545
441
8721
2311
8315
4023
2739
6565
620
6294
314
2134
4105
8074
2220
243
4094
8072
3667
2943
2337
6680
9527
3584
5135
1697
8655
5084
3510
2130
6862
7673
7972
8760
6464
8642
5547
7980
2342
9702
7134
4754
9747
8347
5398
6395
4302
7073
2706
2296
7945
7495
8795
8743
1393
6259
1829
1055
3617
6913
468
439
7747
3850
3427
1053
7723
8093
9606
2782
5420
2055
3184
2967
4145
8383
9977
3438
9128
7918
1846
3647
1580
8010
8788
3637
9104
7511
5764
7108
4985
8664
2429
1508
6705
8158
63
8817
9998
7256
2498
8292
7012
7898
8890
3539
3445
9163
2022
9358
5159
8349
9524
8496
3314
3030
4169
2685
5205
2855
5546
1284
941
6401
7063
7284
7999
7622
8651
3901
5216
2398
6657
3513
181
9323
5068
172
5945
9672
9859
282
9772
2703
2389
1120
461
9062
1195
6485
3188
9068
2644
2463
9971
3868
2118
3555
8337
9601
3989
8039
2338
9860
7036
6961
9603
2543
6173
6861
2662
1750
5592
2461
4117
183
3144
2254
4236
4200
6647
4970
4324
6948
3783
165
1504
31
5122
9174
4319
8916
6433
1387
182
5970
9226
1603
1092
5703
8552
6815
1773
4386
3033
5740
1475
4813
7079
1566
7003
2479
5557
9194
9071
2677
9348
4269
5994
8242
91
9607
2879
6721
5201
5411
2623
3772
1625
8179
7847
8316
2726
6443
3331
5298
2425
2265
9749
7274
8687
2006
6084
119
539
7387
6043
3458
4397
6197
924
9023
7570
4463
4812
6536
3296
6052
4943
2340
9673
2175
8528
5071
7763
4332
7103
1843
905
2641
7293
4928
6376
113
1879
2540
6195
7009
2518
2740
3505
8705
7661
9582
7120
7512
3607
8951
8113
9136
8728
8929
8199
4116
7015
6260
2115
936
7164
1197
2569
8564
4006
4693
8006
6328
9798
3098
6455
9113
66
5320
6696
7283
769
4488
961
4470
2167
5673
9032
9755
8358
2690
2880
5425
8618
8468
477
6320
6346
2257
2573
3019
9767
1213
383
7848
745
8311
2816
2481
394
9508
6149
8935
9161
3473
4472
4334
3776
5747
129
5583
4317
7044
9559
830
6199
29
4495
9190
1730
2847
3939
59
7889
7837
2189
5372
5232
1355
6019
5297
233
4046
7278
5353
2121
5296
7670
4560
5066
3736
5909
4646
2903
4109
2763
2758
4594
5119
5113
1535
9372
8461
1593
3615
2906
6882
8441
41
8698
7002
7681
1651
8980
4778
1362
6578
815
5585
6588
5865
6659
5269
1946
1408
9782
1632
3128
5511
6176
8670
7024
1611
4722
6614
8759
1510
4237
5790
7920
3323
3754
4465
9711
4856
4217
6655
8498
2910
290
2260
6129
6281
4454
8184
1312
6189
1141
9537
1420
1112
2602
3004
4573
4308
3304
9020
763
4801
3993
3823
5584
7165
7971
7485
9118
2616
7520
9105
1854
7743
8195
9593
1517
3021
5103
322
2350
1769
3808
1990
1014
5314
9848
1742
1976
617
1609
5327
6006
9628
8529
7556
1784
6790
3608
6058
3476
8631
2212
7111
1229
1598
9469
9222
823
9275
4431
4325
7271
8524
2001
4336
6172
6206
2177
3050
7789
1098
9942
6515
5035
1467
4999
8701
593
4030
7051
5603
7442
7928
5991
7994
3746
7877
3118
278
4007
222
6498
3695
3846
1069
190
5630
1509
4097
5793
8587
6425
5950
2600
5836
509
6135
1828
2669
101
976
5172
6277
5007
4614
8466
1534
274
8288
281
7760
1155
9509
6535
4883
3107
7602
792
9803
6713
959
4959
1838
9925
5954
6582
9029
9633
6761
6339
1228
8433
9284
6560
9958
2156
6730
8719
1944
4380
2775
7294
3463
9768
4660
4239
2638
6688
471
8750
8101
2442
3999
1333
2476
324
4844
4832
6589
9657
2648
5941
7767
3697
6358
5812
7800
8430
3071
2180
6874
4003
7285
6972
4987
6270
2626
3075
1435
5155
5189
9710
3460
7894
2766
1430
918
5697
9612
5614
8940
3316
1630
9435
2251
3412
9827
411
8675
7280
9192
7275
2520
6917
995
6555
2325
1778
2898
4222
4434
6409
5041
6327
3585
4860
5701
6835
6649
197
5174
9339
8813
1655
3576
430
3234
2246
1691
237
1150
5048
442
9727
3400
7717
516
14
2343
4432
2020
8391
2359
4887
7222
342
3781
6227
1620
1762
8880
6180
9874
9523
8656
6350
5624
3
6097
7941
6771
7648
3031
3614
292
4462
5870
1822
6288
5279
7260
9918
741
5975
8920
1127
8339
8107
8725
5519
6048
9915
6398
8523
7270
9428
4344
4589
1396
1263
5306
4404
3752
6202
5484
3059
3381
2869
7265
6210
8058
4352
2406
9485
7665
557
6708
171
6587
4150
1512
3077
1379
3959
4648
1758
5889
4810
6803
5444
8923
4975
580
147
8161
381
9127
613
3119
1268
2154
9157
7154
3658
9666
6396
9655
4140
4
2853
4667
6601
8388
4932
8448
5732
7730
5302
2785
2411
8123
5313
1300
54
6562
1587
3907
5349
6691
116
3970
4185
5254
9341
3086
42
2660
4576
4041
7182
5768
3157
3546
8814
7522
659
9808
3271
9307
5835
9087
6852
9647
8049
9961
1446
1631
7398
977
8133
325
2202
296
1516
2511
6158
2437
2622
2606
9070
780
2210
915
9414
9851
2391
5560
2214
4158
1961
7798
5350
7991
1940
6561
7683
7041
6178
3599
2003
5137
1342
5237
6554
7726
5017
6930
5517
6678
4372
8264
7376
5373
1297
3691
2280
6142
7724
8207
622
5656
6218
8753
7525
2152
3801
9462
5508
9737
9054
837
270
5879
240
3043
7309
7816
5727
3924
7132
1052
9967
4098
6051
9004
8650
3083
8186
1992
6699
3662
7229
6489
610
2306
2773
1679
9210
8345
9413
1192
3322
9983
7136
9620
6791
9166
7297
3429
1600
7832
5121
402
7364
1575
9198
3870
2261
5170
1089
2536
6356
7023
6475
9397
6782
5255
8895
3453
513
5395
7356
8272
7354
5257
6527
4665
5647
2143
3100
5688
4191
7796
7255
578
3222
8289
2366
4973
2708
4520
1673
8819
8856
9187
6784
3807
2999
7415
6299
3419
1579
2400
8526
5898
4561
5160
8129
5357
3076
7048
167
1957
2127
9843
5069
301
8307
464
8723
9556
4851
5640
1616
9991
8423
7755
3796
3133
669
6434
1744
5242
6836
9491
2800
1058
555
9639
7875
9863
8138
3935
3547
6539
5111
7302
9566
8765
5132
1556
9947
997
6472
5677
4893
6884
2633
3315
6530
9259
9171
5235
2762
8191
4923
5612
1162
1033
1106
5311
7330
5215
2382
6298
3651
3763
2512
331
4746
4886
3841
7564
3235
1840
3026
637
8812
1922
9375
4165
4177
4288
7405
1751
7163
9941
5767
2563
7152
1486
5993
2968
9130
1595
9199
6378
7509
6854
1133
5377
9910
9344
6937
2712
5403
6159
3367
1203
8746
3311
8434
9327
8253
2845
2651
5305
9519
5615
5771
7279
604
3758
883
3464
8312
1140
7185
5150
727
5348
4920
8016
9857
2369
4963
8767
7482
512
3461
9914
7006
1827
1070
7873
6792
3665
7634
5322
71
5629
8211
7938
358
2914
5611
8925
9513
4962
4728
2974
4600
2183
7951
8221
1149
1265
2975
4978
5940
5157
9698
3563
9142
5284
3928
8796
9533
3151
8540
5810
1645
6645
9520
6619
7104
9828
8373
4671
4543
2436
6344
4542
1574
9374
710
3199
7434
8575
1008
1513
3960
2714
7885
7529
673
3034
5271
5143
5968
9389
5092
8457
6037
7018
4111
9182
8456
9940
4433
4910
3991
4942
1316
3105
4553
5695
6205
3230
8143
8572
678
9732
5062
1891
3737
8206
6407
4282
1974
7055
9885
2746
2475
7594
8800
3530
6969
1264
3441
5272
3506
4121
852
4525
7608
2137
2557
7697
3990
201
1290
2034
1386
4596
3680
2490
755
7123
7826
7646
8176
8736
5753
1781
7679
8379
3645
8370
1733
5687
8025
8224
4897
3321
8209
3487
6531
679
4468
7384
8104
6194
6363
9316
4133
5746
4640
8021
8716
8330
6415
900
6774
5437
4027
5778
9251
422
2713
6421
888
8553
1708
585
6368
3198
7703
8791
355
5101
5453
3150
1715
5652
1928
1331
670
2221
9788
8926
8921
5457
6152
3581
7857
5477
4294
4674
9611
5187
8861
3369
1774
7272
8257
3683
9771
1101
7637
8396
3017
5589
2827
9412
2844
2998
9764
608
2904
146
6080
9132
4064
6700
4132
3996
6660
752
8726
386
5374
4084
1359
3210
5578
7640
2262
1289
1945
6768
9291
9053
2336
7129
384
5193
721
500
1212
9415
7705
5540
8265
3055
6671
6442
8266
2333
2170
2039
6287
7901
9402
7480
5653
5089
6380
2519
3415
7714
6875
7178
3269
5321
8053
9164
3016
258
7539
4050
6895
6506
6738
7862
6262
7907
3206
6517
3926
7955
9456
1686
5738
3261
4356
886
7553
9959
7817
7834
3886
4713
83
1488
7022
2125
8562
7948
9919
5179
1782
6689
5123
3341
6267
6198
8091
6643
9342
9679
8452
8048
5710
8117
5948
1013
6015
5913
3352
5980
4977
3406
2233
7087
3491
1038
1353
310
8561
6718
2465
4866
4708
8769
3116
9041
5196
8119
9750
7057
7138
1248
6523
2474
2295
7021
3049
7585
5223
5779
8154
1043
8105
7617
269
98
6537
4257
3855
8501
9137
7958
1814
2990
6200
173
5877
4662
7148
5729
79
4393
5535
8787
207
5333
4716
5494
2489
7547
2362
206
2615
6453
2547
9629
9028
8344
603
2700
5530
4492
6355
2810
800
5605
3317
2955
7542
6669
3892
1817
686
347
4550
9699
9886
3893
3245
5942
4126
7403
4661
4082
6685
6204
2299
8785
6375
5389
9514
1006
5106
5003
1798
6911
9718
8100
109
5067
5806
5850
7896
8371
3716
797
9986
8178
3575
9150
4168
5171
2891
4547
9231
5464
8408
4687
6825
790
4246
5679
1152
8658
2654
7882
7820
9408
2259
8378
8931
855
6978
6488
5294
5826
5379
5031
2185
7856
1271
6491
7498
6865
3345
7599
3597
5197
3673
8663
4406
9304
8733
8007
25
2732
1551
8148
8694
4077
454
6571
3710
3653
7430
8649
160
1514
65
4694
9292
8884
791
5000
9297
7519
7086
2936
6726
6404
9000
4727
898
8729
5575
5040
1736
2162
8086
2197
3293
9264
2937
2068
2985
4510
8065
8204
2916
9236
6504
645
9072
2819
416
7126
6146
6141
5200
7636
9425
7565
462
5490
1451
5935
2674
3717
9949
2589
3526
6073
7202
6452
4090
131
6295
3633
8946
1596
4702
4777
2044
684
631
922
6729
7011
9635
6406
3731
7548
3857
6546
1034
9309
6125
155
7312
4682
1293
4649
4268
2603
748
5095
979
49
3591
9742
6690
8837
9146
6405
3664
729
9277
8026
8653
8478
5801
1494
6707
4823
7452
2275
1760
9299
7668
5527
1810
5963
3847
1670
8357
8060
4148
7988
4884
7240
7523
159
2743
9295
2947
1244
4917
8593
3160
5030
4061
1899
8708
6936
3360
5538
7601
6103
8600
48
9391
5776
3827
8393
3532
7797
8196
7230
8536
5283
2029
9899
1524
5249
6502
6558
2229
1577
9001
216
1269
6062
8062
6458
3798
7979
5339
4254
2587
9048
6958
3135
5472
2052
7678
2859
3985
6057
4449
4467
6918
4448
4087
6113
3268
1471
9861
5854
2307
2770
6605
1327
6864
2244
1375
6240
2190
2188
9483
2605
1024
4652
1851
2184
5188
8832
2057
4870
5014
8502
3677
7687
7720
991
5851
348
7030
6820
3987
5777
7298
2840
2176
739
1250
7342
804
4196
318
7660
5053
913
2861
9488
6252
8517
1716
8263
3988
9999
990
2078
4194
806
2640
1805
590
5845
7930
4642
4523
8001
9060
753
3163
2464
73
5726
9988
279
6465
8888
7310
9543
3456
4075
5460
7333
6250
4394
1328
6462
9035
6428
4567
2618
2533
2516
7851
194
7065
5920
4692
6712
8080
1894
9624
9379
5358
6372
5424
2989
1472
363
3806
8314
9322
3552
8798
4952
137
9547
4071
1180
1642
2809
1042
7422
4922
5208
6184
5203
6208
6709
9089
3054
6805
3285
427
8829
7038
907
5120
1044
4770
6001
2267
764
725
9685
3657
8756
5142
7574
3782
1474
7141
3041
7674
4531
2349
7849
9326
1605
5731
6004
9707
3241
3248
1200
2413
1815
3838
3336
933
1018
2053
3283
3142
8700
9793
9312
2515
3705
9903
2665
9260
257
508
5580
4471
2839
9889
6215
8527
2574
5144
3124
8385
934
7659
5925
5803
7156
5021
5911
4578
1276
544
7782
3922
4392
9852
6610
4874
7456
5213
8917
4373
3298
3003
5637
7725
1465
5602
6577
8012
551
9774
7922
8394
2375
378
3239
9813
1428
3178
6445
2857
4504
7010
1373
351
9908
9642
9180
9901
2523
1299
6715
8271
7109
1589
9204
4216
3601
8401
6431
2467
4233
7527
5365
6693
1383
1360
6985
1209
4281
3655
8088
1780
4379
7169
1801
6732
2099
5204
8340
8188
2266
3407
6313
5198
4675
6931
7632
2521
2500
7961
4556
1661
695
3140
2258
1996
1418
6719
4341
8293
5563
5621
9819
5334
474
6702
6444
8714
5065
9775
4947
6957
6381
8846
2169
2962
632
7201
6279
5644
3201
1830
8852
8317
1554
9101
4203
2037
7571
6508
810
3277
720
7292
3305
8193
1035
7905
9027
5049
7311
4684
9845
3066
4464
8447
2846
675
4474
1749
5036
1544
9963
5992
8709
4581
2209
3209
7892
3439
5883
8043
4828
8638
6276
8690
1072
6127
60
1841
1518
7876
9478
4696
9140
7131
6751
457
1368
9234
32
9510
2386
8606
9141
511
8084
5822
8839
9674
7937
3190
2323
7557
5251
3501
6838
7866
4069
1010
9787
7499
6242
3000
1062
3015
834
7853
4752
5545
4847
6855
5916
1240
6093
8045
813
3790
5075
4517
3197
651
5609
4016
4502
7476
949
4174
7741
2522
689
1719
6880
4058
3962
9419
1260
2808
2131
8258
1684
7926
3252
3511
124
4285
3682
8439
3920
5126
6069
5020
4905
1542
9175
1351
4776
3303
8998
6449
2507
9719
1831
510
218
3524
9441
7935
3602
9573
8614
5587
6989
4166
1491
7616
5175
3376
644
6060
6333
8029
4440
9946
4824
633
3434
2514
8443
7914
1647
7793
6018
7794
9870
9659
4858
9047
5483
3343
7441
6511
2920
4173
6634
6318
1592
7989
3149
4586
2997
6231
5079
7116
4139
2908
7987
6131
9088
2459
7560
4240
4261
8911
5027
3681
4569
6786
7179
302
8972
1160
5526
5895
2672
4063
9265
3382
8771
9951
6085
4834
9257
8766
1802
9453
7236
2328
7776
2071
5736
6887
4410
9170
4748
9748
5059
8497
437
3535
8994
3500
6316
1755
6858
5987
6045
9880
6134
9765
1406
9993
2387
6168
6478
759
8205
3834
8019
2166
1334
7056
518
2607
1088
9340
6354
2915
6857
1028
7762
3179
3514
8432
39
6778
4668
6996
8907
2737
7836
2080
3515
596
2136
5158
7769
9500
9604
7319
5231
8421
2513
824
9844
8231
7479
6164
4739
1876
2675
2823
5085
1656
6631
9074
7567
6770
4657
9579
1498
5291
5819
3715
4293
1783
2423
1363
5659
4450
9724
2051
6606
2408
1881
9766
7716
8327
4270
4945
989
2612
4912
2264
84
5853
7623
7992
2168
2550
8928
8256
7591
108
4328
5361
1003
8939
446
1930
6677
9735
8511
3126
4747
6552
8083
6723
8213
9093
1962
5038
1540
783
2754
7699
2689
5893
5486
5224
2054
9581
4136
2128
7211
6983
653
3290
3040
8887
1956
7977
5562
9994
7410
718
7967
2060
6834
4073
7821
2892
3421
4720
8621
5787
2728
9888
885
1987
3889
1764
3455
1001
9683
7115
4939
7301
2753
6435
4790
8013
2780
488
4019
6137
7463
6889
1295
7217
7340
143
2856
7888
6496
2112
7358
1416
7059
7215
3531
6269
9636
1330
6284
4238
7246
5185
4936
1622
9492
1659
8078
7203
1870
5244
5608
9042
8571
2818
4781
1965
3175
802
4331
2447
2843
9303
9360
3820
7910
8959
3502
1714
3446
2776
1999
6629
2407
5149
5352
1171
9024
4176
403
8464
9563
8321
7530
6002
373
4430
1294
8556
6993
818
3816
9280
5555
1586
440
8308
8965
7708
1950
6086
3158
3844
9795
7676
722
1803
5383
3569
4744
1966
2854
7394
9703
9084
978
524
6781
6362
9661
2517
6625
7484
5002
7828
7540
8189
4724
9538
1005
1541
9403
2109
9855
1770
7213
9401
6684
5668
8927
3927
973
9632
5721
9773
8440
3292
5904
5468
6798
8676
8821
1807
1796
8616
2011
6139
6469
38
945
170
9939
3689
1279
3037
9595
3950
2351
4995
2988
2581
2047
299
72
4037
9740
6542
1118
2567
8703
7416
6078
4067
6519
7194
2579
3780
546
1184
8731
3475
3377
1447
5344
9704
9418
7613
3489
8841
7337
4980
3403
3227
3818
3696
2805
7874
4730
6830
5633
3723
7712
5133
7110
1407
2124
5467
3891
2061
3106
1216
2007
4782
9503
8544
1304
8865
6371
1322
6566
8483
7629
3094
8333
7237
7870
3702
5707
7929
164
6538
9832
8192
1108
8068
2911
1176
7524
9596
8249
6403
1909
771
6499
5928
3131
8629
3606
4323
4526
2973
6138
7784
6063
9026
5848
89
1745
503
833
5354
4802
6869
1662
4035
9120
1469
4563
793
5381
1768
4201
1448
3362
6812
2825
9246
587
9896
2593
6050
8993
8151
7983
6245
682
1319
288
9319
3251
4446
1258
655
3440
1766
1320
2893
2451
5976
6268
8381
6042
1347
8277
1422
5136
8636
7635
3521
8704
2679
4881
7745
3821
2781
7204
5930
9363
600
8384
6301
1151
9376
1338
5658
4366
1309
5509
5045
5330
5639
3409
4225
9133
2414
7663
2309
9496
4458
5443
2905
9369
8064
9871
353
408
5944
2649
1337
9269
8976
8901
3813
6568
3250
4532
4010
1820
8831
9644
6230
5125
3624
912
5243
1725
8860
2792
1731
3423
1037
3625
168
6331
3949
9799
7323
2678
6759
1403
4074
8535
4579
1310
5556
4697
3260
4301
7183
6600
33
3686
6637
8395
6185
2620
1533
1564
3977
3389
5380
9696
6928
3385
6908
8551
5018
4984
3465
8827
6014
4333
9218
9350
4846
4079
4974
5029
2888
5521
7521
2561
7573
3046
1450
7911
5001
9329
9872
5620
293
5698
7389
8806
9382
9172
5997
591
2817
3005
3451
4712
6095
7429
3307
1681
9206
2050
6468
8278
61
772
5796
1501
2010
9621
6118
6244
2334
3161
5057
105
7445
3603
7184
504
4835
6590
1442
1897
1983
1812
3756
9776
5570
1584
4921
139
6426
4089
9159
1205
4271
6290
8969
4276
4022
5176
6591
10
7248
8097
9992
9085
1848
5786
1606
4862
1824
7633
7667
3721
385
7425
8844
9081
9067
2048
6831
149
8626
3835
7191
9272
2993
1979
7175
8905
8644
712
9834
2317
2525
4389
3462
4669
3774
8538
4065
3527
3363
4032
4327
1975
8473
8475
7235
2887
219
7943
8299
2583
8786
2021
6289
2701
4848
1103
6364
1553
3411
6714
7100
1397
5820
2881
9114
5108
8157
9221
2637
7626
4915
8181
308
2923
4370
6943
584
6224
3125
3917
2278
9315
6992
1775
497
1836
5218
7081
9464
6177
52
7493
211
1252
8797
9268
6258
3900
9249
2889
9627
8634
6755
6385
9817
3256
4461
757
2729
4617
4698
9080
2930
4171
9116
8689
6446
8409
756
6463
7644
4664
6163
1608
2178
6878
145
8467
8005
2171
5026
9687
4122
1657
6612
1246
4609
1868
1357
8958
6124
200
6783
5307
2439
2017
8335
3467
7899
4743
6074
6056
4672
6111
7074
4726
5355
3558
306
1548
6980
3276
1907
4926
5341
3554
6964
2393
9829
7450
9138
238
7353
1639
8325
7468
1913
5220
8046
2161
7491
6280
458
8816
5004
6046
9781
9248
946
3073
1371
9786
3152
9454
2588
5745
4758
609
8106
8033
3887
7690
3582
9626
8748
2232
1483
6013
9526
8147
2757
5990
5983
3099
6102
3701
7150
6675
2073
2315
4095
8612
9082
2922
4836
5619
9239
3223
3111
6916
5259
4809
3669
1929
1963
5148
5861
986
6325
1952
449
428
255
9950
2163
5013
3703
6694
9223
4577
3896
7785
6603
8116
9404
7393
3899
4263
954
7740
1166
4131
575
6451
1417
9592
691
2778
7666
9882
8836
9721
367
8323
6984
8506
1539
235
5465
1398
5539
1462
7757
1437
2991
6998
1087
576
9934
6819
6547
7061
870
8886
4852
7401
4814
1898
6740
51
4815
2155
8833
6039
8203
6701
6332
5448
521
6534
4218
7392
3270
1345
2806
5739
4937
8418
1199
7753
7101
8255
7232
8031
316
1793
2971
5469
3672
8853
734
2405
2249
9310
7704
4466
9390
507
1701
309
2982
4291
9618
3644
1861
7459
5838
7764
4612
4483
2774
4623
3972
1943
3866
832
1581
5418
1687
6632
4306
1776
5034
1604
5839
151
2682
9245
3052
8056
540
8734
2890
8283
8
2868
7842
315
5664
8922
5625
3545
1852
7707
835
8120
1243
5056
5754
5733
6030
1860
5287
4507
9905
12
2217
9921
8485
6437
9455
3483
9697
4803
8197
8228
4908
4384
6345
571
6866
2848
6670
8984
4223
7541
728
5414
6414
188
8128
998
2145
6986
9472
2480
1919
4725
3038
7107
1191
175
7300
37
2182
2694
3444
2771
7027
3564
3708
6529
3830
1602
9439
9759
1090
9909
3313
8613
8749
625
9733
8937
9669
7756
374
6886
8830
3890
6777
9980
7190
4919
3916
1441
8144
1423
9153
22
4742
5915
8525
7982
1652
1173
7239
3085
9302
7252
5281
6248
2085
4875
9367
5807
4871
920
2702
6960
5939
1145
1536
4930
8924
7933
5891
8954
3976
5450
2524
6424
1236
9274
2303
3342
5934
7912
8244
8779
7014
626
8386
6870
8023
1409
9271
6949
5549
4002
196
1392
5343
8227
6369
9005
7192
4031
4280
9393
8066
9064
1097
6256
8680
6027
3146
545
8752
9332
7604
1885
4839
1164
616
2087
280
4253
6153
8569
3706
8118
5770
2793
7406
7739
742
8919
232
9555
3048
7963
3981
4197
9097
2926
3800
2790
9756
9614
3538
8843
9929
828
6397
241
8522
2718
85
7390
9262
9728
6514
5324
8270
2958
8302
6162
6648
863
4845
8476
5212
2877
8867
3713
1389
81
9043
9484
2332
5023
9179
8081
5091
1635
519
7402
2211
1496
9173
2394
980
3357
9805
7052
404
4639
5435
4957
2709
5797
3636
1893
1729
9701
7653
376
1303
100
999
820
6033
6384
3249
7804
3214
9109
9804
7630
6390
1933
9193
5910
9907
1267
6207
7538
8776
319
154
1356
6832
9410
7952
1970
1315
198
311
4620
2392
189
4385
5744
2867
3247
1321
699
1030
3919
1135
6939
3399
8563
2225
8718
914
122
8710
2568
9237
9407
7276
7464
1183
6962
9969
6261
1532
2103
2114
5752
3079
8365
6374
8336
1086
1923
3694
7160
1217
4842
3619
7771
2656
4707
3666
8518
3014
213
2789
1136
2938
3580
5153
2395
1924
7373
7507
3167
8620
5682
7088
2478
3815
2172
7878
542
7149
7518
8617
1761
6100
8182
2560
6920
6216
9952
47
2237
5107
7071
811
8387
916
2088
7254
7431
572
102
215
8641
5525
4303
478
5288
7709
4243
6618
1910
9156
4913
2829
1994
6169
5924
6306
1693
8966
4256
5182
7375
7954
4444
3009
5368
3129
6580
1121
7099
1224
4625
528
7858
529
8903
4247
4349
9554
3102
1083
3508
4137
5406
9816
1792
7122
6797
843
50
6272
3242
230
2756
6615
7514
2786
3791
6179
1660
8598
4976
1497
5759
158
3718
7859
3450
1740
7090
7238
6621
7652
5859
3742
3534
3635
5627
9760
2458
4865
2133
224
8149
715
9879
2896
204
1147
7214
5376
3425
3953
4537
9869
6526
4313
4153
7823
7321
5872
9821
9457
7176
6343
8991
9188
3743
4309
1227
1878
4514
223
930
6337
7426
7085
3096
144
5577
7166
9550
860
2599
3958
2126
6734
2759
6827
1453
1546
5631
3089
3973
7269
8297
5869
1185
3906
7219
4231
2487
4816
7808
1060
4636
410
7461
1286
4211
5694
7125
8978
9572
8491
7060
335
8338
8479
6065
1187
9066
5338
453
9459
5141
9134
8772
9677
9437
5356
6461
6658
4944
8003
1405
5967
6174
676
9057
7196
6833
7850
277
205
3908
9270
5699
9155
4833
9357
5666
8808
8254
3598
4582
1997
6846
3436
896
901
5774
6513
3344
3115
8840
8640
664
7510
4419
1571
1833
3719
7226
2002
8210
993
9091
9615
9753
1982
6156
4005
7497
3280
5315
8854
8932
6254
9568
5704
9392
9424
7290
4039
5413
5206
5016
4892
1202
9890
3088
5081
5461
2204
7628
7359
8961
4608
6296
6914
2596
1091
1124
7200
5351
1690
254
1699
8595
9111
871
1478
6850
9480
8987
6377
4954
9688
8507
2419
3750
4989
1233
7388
9906
2072
8711
1117
5892
703
3943
4898
5310
2231
6579
94
4442
6090
1385
8739
9536
3137
1816
4888
766
1526
2925
4154
4899
7643
7105
4088
3193
359
9649
5705
972
9370
5766
9025
3306
7802
8059
1654
3202
3326
9974
2358
4290
3626
779
4700
2014
8543
3969
6859
5471
733
2621
3730
8828
3771
380
6191
9381
2940
7957
8069
2367
1567
2269
1054
9964
680
9448
263
9479
1129
9217
3358
3509
2544
3700
4221
1842
7345
7449
8245
8516
6229
4958
7413
7555
5417
4123
4715
3641
7736
6912
1523
7142
8941
1412
5412
5890
2984
598
6399
2799
1350
4497
5394
5678
531
7711
6622
5888
1175
6867
9551
5823
5566
4490
9473
9578
740
6979
6744
3334
7627
5497
5554
891
6457
1378
6482
2173
6772
2219
7224
6186
7035
3751
6072
9631
9177
2653
6584
435
8792
9229
6099
9254
3424
5229
6814
1550
8155
4358
2040
3911
6956
4711
6034
8585
4857
4072
8382
5784
9225
1525
5874
4486
1232
4012
5831
5985
4374
5093
2658
8092
7447
1967
2101
8494
7083
5318
7505
4296
2686
2917
3852
2019
635
9075
6973
8574
4796
6796
559
3072
8070
8042
272
4134
5591
6747
2995
7692
925
5769
6942
8615
9124
845
3384
7144
1918
226
1503
9660
283
4797
490
4555
1479
1410
6408
3983
3725
75
2314
4496
8521
2346
8127
6253
9656
940
4996
4841
5375
4382
9387
8864
3937
7303
660
9059
3023
7780
8276
4469
7437
4157
5323
3032
6123
1795
5761
6752
970
4641
749
5901
6501
1341
4244
9569
4868
5363
1977
8566
9056
8881
4867
5982
3788
4826
4101
7058
249
827
8470
7423
7344
9625
2664
125
9654
7579
1148
2097
2292
5742
7973
2159
352
8038
5028
9349
2652
5528
7544
6742
5830
6481
3744
8627
7984
3226
4103
3485
1449
859
3873
415
7040
4951
2187
4681
5098
1039
7863
4335
7638
5523
851
5415
618
3390
6767
2795
9121
8870
2965
3143
5642
5039
7932
704
3556
3154
6656
1834
2322
1291
256
5124
7997
3359
866
6420
6877
5503
1466
5384
6028
9695
7223
9517
5755
5181
5129
3944
2004
8983
9406
8918
1111
7089
7803
6944
7117
9881
8268
4679
5459
4564
5734
3272
3469
9385
8654
7788
4878
2837
3779
3968
7534
6076
7581
7189
4391
7722
5419
8109
4265
692
8279
9247
639
7819
6728
4242
3902
7839
8659
1211
6128
1938
4499
965
9553
3426
6243
2371
5145
2116
3600
6075
184
6005
3394
2390
9530
8762
5033
3845
9438
3860
1372
8281
7913
4869
2932
8668
5012
2976
3826
2440
9745
958
6736
491
8740
5690
9806
6165
3620
9548
4685
7068
8024
5716
5813
231
4108
5319
9996
1576
8805
3874
3499
8699
814
5096
3836
9574
9610
7664
9038
2420
1266
9371
2450
5663
8904
8366
7225
4428
8130
264
8150
8573
161
9230
8763
8747
6636
4320
706
8451
8971
9290
6901
8431
3081
8685
3946
9676
7466
7327
9396
2944
7956
4015
5082
3904
3747
313
4546
4699
9789
1916
8622
1017
1667
1552
4735
35
5648
5785
1068
9588
3333
7669
3259
3398
8103
3044
8947
9535
118
9162
4226
7472
4793
3320
5763
6856
8135
816
2978
8715
40
535
3337
9570
690
8720
9850
8156
8201
8963
5146
5515
8390
7686
8996
1734
2304
5303
9411
7562
8326
8487
7350
4024
9058
6487
5024
3274
5722
7033
6663
1925
5574
7418
9030
9746
4549
74
5782
8459
7576
4478
6674
6847
1313
4135
466
4051
3262
8807
4224
9098
4493
1538
2095
8002
4991
4437
4052
8219
9052
7978
1858
8774
3903
6910
7852
8259
3281
9744
1369
5667
4822
361
3370
393
3282
7903
6219
7369
6351
3062
4551
8159
1113
4533
8982
9544
3544
6893
8859
354
9580
9894
840
2661
6388
450
8873
8218
3933
1958
7619
7532
2320
8995
2142
4014
6047
8950
1597
4298
8893
1905
3328
2418
7409
3965
6143
7346
3405
700
2946
3295
4820
3971
7993
6762
1726
8936
7533
3616
948
2586
5825
4545
2027
7606
9139
4049
203
6662
9800
9820
9531
3858
5105
3663
2537
1559
9897
4518
3039
4284
5720
3213
3809
3878
1695
2935
8413
3243
6800
465
5164
957
8547
1377
5390
9430
3898
492
7904
4388
7007
8560
581
3472
3238
8034
1624
3495
135
9565
6974
3687
5834
7267
3273
7382
3007
5432
8730
857
5756
6711
1253
777
6293
4355
7314
9613
1186
3347
2200
3881
9147
3573
424
136
825
6549
9725
1137
6640
1649
7233
8742
776
2812
1675
942
7412
5241
2316
9956
4602
4110
805
9011
3974
5451
5410
2089
9364
3480
1892
903
4402
1110
7234
731
4149
5391
8175
5581
4343
8504
2814
562
9849
476
4635
8648
6140
8342
8601
2488
1172
7435
1960
8427
2253
6353
4167
3134
3093
5088
4104
2565
6221
5691
884
8251
7039
3738
2617
6304
7713
1032
5006
3876
4613
627
1964
4557
8534
642
3025
6418
6532
9499
3182
5773
4521
6017
8098
2100
5512
5404
7338
1560
2960
9333
3757
5902
3824
7749
1920
1601
2705
621
6971
8369
7810
7266
4783
4300
7199
3329
7759
5816
1346
7186
8862
3053
4757
2580
1850
9794
1324
2631
2667
2768
4511
5855
8125
8435
2750
2979
5010
1207
3586
7531
5050
7684
9200
8351
4376
330
3913
9129
5882
2566
6851
8586
8014
5576
3082
7702
3997
2627
3395
4163
6367
4676
6739
13
8989
8353
8290
9970
1637
6733
3466
4375
2384
8508
7504
1998
1116
9110
7886
537
357
4925
4825
4986
8166
4916
7559
9365
4018
3036
2084
8988
9152
2941
334
2318
8480
9050
6963
6977
3560
2874
2353
5685
2370
2347
7325
8032
395
3120
6828
3768
7934
2348
5923
3605
2777
8187
9875
2449
1646
4124
3008
360
887
4663
7299
1785
5386
7554
389
3497
4971
3078
8355
9258
3711
4558
7282
6067
4351
5856
8550
4017
9600
7959
2043
9576
7032
247
4855
3069
9470
4877
6843
1174
6251
4622
5438
3165
138
4979
5758
4902
2902
3392
3302
7188
9493
4740
2831
1270
329
3760
2192
4807
3479
5887
3267
1837
3217
8591
8608
594
443
6436
902
5903
5696
3354
2676
6987
713
3045
7277
2144
9597
7895
6773
9585
2949
5458
9046
1871
5894
8047
2468
615
4147
6903
5047
5055
2860
7316
9416
8782
3773
7880
9847
4767
9723
1230
6703
3955
5551
9693
909
2604
844
592
343
6521
3211
6115
4377
3350
6801
4629
9474
646
5086
8422
2443
6450
3447
6789
6829
1238
8777
4606
1051
2148
7341
8539
148
3012
5708
1025
4273
4853
847
5510
9984
2471
3349
8037
3676
4287
5436
2063
4441
9216
6447
8872
7890
8576
9972
2899
5076
5842
9003
5178
3789
7742
8625
9324
1102
5370
5725
4638
3371
2948
321
6793
5489
2042
6676
6679
9532
9987
7329
6209
1
1354
2954
5780
7049
7693
6089
6104
5405
9015
6302
77
6923
2445
6764
344
3849
6981
1239
6361
1808
1561
4066
9061
8406
8542
1201
3459
5295
7811
3091
7772
6975
1779
1621
1023
2939
9196
208
2082
80
2503
4085
4043
3714
1429
4480
1081
6837
4981
6576
9730
7028
2828
9926
7494
6077
7655
5475
1314
4457
1190
8079
9498
9154
5582
1459
9646
2093
5959
3192
8957
5638
964
7335
929
1832
6307
5246
7469
370
7070
6352
6133
9083
4849
4840
7825
9560
2687
6541
5788
110
4034
4189
7362
1326
5116
5529
3885
2772
4885
4305
3416
2933
7587
5595
526
1380
6233
6116
2748
4081
6548
4527
7454
141
4940
5052
8403
7589
8845
5273
4443
867
2556
7605
5192
850
4020
7187
873
1256
1285
6440
3811
8121
8234
1048
9562
7487
1352
6157
7677
6900
8882
8486
1717
563
7467
3339
7891
6753
157
9976
6265
2446
9266
927
6235
2417
5400
9283
2033
9384
5748
3402
4924
8414
4113
3865
2239
9833
1895
4756
732
8942
8236
6383
9346
1067
2851
4000
1500
4760
187
5590
8095
7268
9801
1099
9938
7590
5977
8623
5115
1358
5440
3218
1875
9541
2457
6092
8334
5046
4603
3728
375
9069
1382
1874
9617
5616
558
2046
3894
379
8318
7351
1415
8660
2577
8866
5922
9797
298
3912
9634
7381
1128
9762
4651
6236
5572
97
6147
9978
4628
9713
4093
2811
4337
7662
5973
2597
3061
2876
4127
9691
1007
8702
9930
543
8287
7777
5686
2426
3063
2497
8319
4593
5183
3995
1249
6904
532
9873
4417
538
6922
7706
9720
6967
3228
6653
8310
773
789
2505
5233
6883
332
8444
4347
8548
6808
8320
2327
868
4188
707
5606
7210
570
7841
9928
3253
1797
4647
3592
6031
4363
6879
1735
5868
2160
7689
6522
4741
2539
4057
7503
7715
3430
5969
2196
652
2864
9900
3932
463
2301
2422
8876
9715
6239
4475
5618
2038
623
8891
2208
6492
1849
6161
6673
3368
4329
1277
4396
7915
268
2551
1146
1481
93
3761
7379
44
2570
4209
2779
2716
6720
962
1384
1995
9135
2000
6126
2495
1520
8633
7308
6391
9643
7404
6193
7751
8232
2635
8177
5847
5289
150
6282
3401
482
1094
6029
1041
248
2441
829
7378
1804
9449
2277
7752
5533
252
3364
8110
1182
2736
5628
2081
1787
4830
4988
1903
3196
460
8015
9638
5552
2378
5681
3884
3383
2951
7377
2634
9769
2224
5177
5541
9476
6633
1855
7428
9623
4056
7566
6525
7360
636
974
9561
6400
7349
3910
7998
4482
7884
8628
4734
9591
9450
5009
5878
8761
7296
8169
8609
7844
3712
9671
4894
8295
8944
2721
2645
5730
1877
8823
7806
9202
1165
5900
5598
9044
6150
3113
3961
782
115
6255
5946
1935
1401
467
2238
1790
2194
7067
6639
7380
8226
928
6223
2203
6020
5165
6776
7598
6182
8875
6813
3386
2023
5478
7953
8368
5650
3925
812
8167
1565
8141
3978
2720
7631
6737
1883
8429
1332
5382
6192
7610
7343
4411
6811
5558
5290
6187
2123
6495
9298
8757
654
9962
7004
4592
7861
4314
8722
583
9049
3583
8284
6483
1114
7750
2872
5043
932
1218
5665
858
7395
1713
9518
3561
7220
9281
4891
5988
5601
3767
7477
2571
5818
1671
8235
2248
2761
1179
5500
9968
9250
2629
879
9985
1623
5130
1254
1772
895
5080
6326
7607
4346
5649
2355
7545
5300
1988
8857
2858
8754
3191
3654
9002
4966
3954
484
4890
5110
4719
588
9356
8416
8804
6417
1867
4907
3132
7543
3842
9100
6898
1628
6241
3205
6494
7438
7595
1064
9117
9944
7546
3294
4312
4484
3108
6630
6849
8490
8499
2531
6692
8237
56
7838
7457
1507
2959
5899
4714
1431
3522
4279
5536
541
4183
9016
6480
8477
2415
2608
5897
6059
7815
6382
9208
9434
1485
1545
9423
8732
5596
6990
4931
4994
2783
7651
87
7872
4054
1674
1221
5622
364
9883
3310
2555
3170
1914
4653
55
4004
8643
8360
7738
751
1080
1767
3734
1502
9336
6213
2234
4505
6651
2049
5571
8055
9010
3346
5886
8751
2909
5282
6349
7251
7483
9558
4731
6228
178
2191
5522
9211
7728
657
7137
1012
9564
5042
1400
3861
7981
5060
3956
7824
5799
8794
9810
1727
4045
9497
6234
4584
8140
846
2110
5952
5455
6263
7855
1125
8375
5454
9465
4900
665
2363
3263
7470
8484
4272
9481
2913
5253
3931
7407
8531
3356
4775
8030
3216
3854
5226
5127
7778
3963
8603
4180
4421
1349
549
8165
1991
2526
6079
7827
90
5804
8878
2719
9494
5442
5635
9846
434
2494
6953
4304
3074
9213
326
6841
126
5441
1096
6112
429
2842
5931
5692
2919
6839
2655
4673
3831
3297
554
4228
4205
2956
2329
7094
9598
3675
8364
8735
9201
5402
5610
3679
3229
3203
2069
5513
3422
595
4348
799
2576
5222
3914
9975
5588
6750
5102
1732
9203
5661
556
2897
6624
2585
527
671
9331
4186
8057
2009
5553
9287
3011
1381
2594
3058
3380
8869
9037
8132
3883
3610
2326
5728
3867
5285
3289
9826
2086
2530
4595
2882
96
1470
7013
996
2681
6863
8820
2725
9255
1806
1296
2308
2107
8713
6476
5168
714
1031
3986
6650
3994
6136
9932
7489
3449
9802
2807
3225
5280
8217
7243
8602
3934
2804
4426
3185
3741
3431
7758
4829
9263
8172
7075
4311
6892
9973
5495
7744
9965
737
7592
5421
4289
4929
4626
1570
7262
6477
2284
9957
7400
1318
2613
8588
9837
7473
2151
5340
6581
4230
3177
4112
3095
9682
9022
3812
774
4452
8419
2388
1709
8597
6573
4805
5369
1578
7942
7624
5781
9743
9185
4718
9706
8174
9609
2755
5989
3387
875
4982
4316
8469
9630
9741
6664
2079
7526
6766
2865
8142
9017
7502
7093
5964
5473
3496
9398
4371
8296
4439
3246
9856
447
1658
3557
1912
24
3565
701
856
694
683
9824
5534
4821
8286
6432
2657
3604
5202
4773
1056
323
5331
4245
17
795
2875
8350
4764
6334
4818
5604
2921
7082
2534
1433
4275
8294
4786
9036
3418
349
2927
1506
9818
1900
5852
2105
8087
3609
271
9511
4047
2291
3735
9477
1161
1668
4053
5367
7231
8532
3618
2216
4587
1869
6317
3777
8404
3909
5857
1777
5718
5765
9758
2062
744
220
6155
9008
9063
8436
5362
3103
2140
5427
6040
3288
4792
9917
7133
4447
7879
421
2670
169
9840
5336
5832
5227
9549
8909
7218
7492
4026
67
3127
1076
6927
4400
8818
4181
7949
2492
9209
140
5723
4477
5190
6338
8530
7207
2435
193
3396
1689
9471
1738
5433
2710
1066
1971
5270
1582
9515
9505
2102
5996
2059
4350
95
3060
8665
3825
6315
4044
515
2764
8977
4859
3435
3338
6748
1436
426
4262
9622
273
9106
2592
4733
4107
9433
2228
7135
4259
698
4435
6947
6340
4307
9034
2527
6246
4025
6497
641
6471
8783
9355
3693
43
1107
1866
8558
496
1283
8346
5548
821
5161
3300
5743
9619
5064
4879
7620
2397
2462
994
1720
6818
6845
7212
4451
7053
4048
6952
3980
2273
327
6238
3312
6575
6635
192
392
2639
2953
7786
1911
5613
8273
7921
1364
3452
1210
3365
7424
2198
938
7046
1499
209
1078
3299
7881
9785
8400
5371
7923
9212
7864
1139
8768
1365
7367
4605
3947
9446
9898
1367
6500
517
4570
4060
3921
2609
3918
7783
7950
6402
3642
3065
4772
2236
4001
4950
9244
4182
4956
2630
5550
8267
3992
2559
5221
4399
8545
8028
3169
6794
3945
7286
5966
547
6082
1753
1414
1215
8343
2245
2247
6117
5446
6379
640
1336
8567
7682
76
666
7281
3684
7735
7257
4459
836
9007
1809
9313
1464
1492
966
8737
3018
566
6336
2849
9822
8992
6026
7143
400
2632
339
9233
3287
6166
9501
8000
8985
992
9235
4880
685
4618
1394
7446
8784
9960
1617
3090
9167
1555
9458
350
2025
7528
5456
3332
6966
971
9347
6574
5597
5387
4207
6329
3517
6725
1065
2666
2297
3648
6416
1109
2149
2335
1082
2008
5680
5837
6154
6366
9648
8102
9119
4059
1947
4864
9663
6490
1281
1144
401
573
8686
5072
3540
3748
8124
1936
5225
1573
6360
372
2313
709
7900
2242
2595
2117
2883
8054
431
3051
7754
9653
2401
6970
9571
6616
2352
5492
3067
1585
7986
4992
3068
276
4689
2432
9351
4538
7258
8356
589
3698
3877
2994
1019
4670
4804
8243
225
5162
3028
8632
6607
6049
5292
3024
4774
6275
842
2286
2820
1890
5267
650
9722
4588
3220
4120
2723
8810
30
4260
5299
3279
3022
8229
8877
4763
2791
4659
472
5328
2646
8492
2584
3498
7417
6094
597
9151
366
7031
8910
8399
5971
4138
807
2878
6121
8914
8183
2385
5518
2538
2473
3454
5860
1557
6840
2590
1339
57
9854
3814
479
5949
4076
2863
872
2509
882
2270
4155
5524
4785
4765
6641
2833
9051
687
9780
4405
7227
3006
4162
1490
628
7034
5805
4643
4436
5463
3232
2558
9318
5100
2255
1344
7411
1853
5499
3588
9
1071
5169
6822
1376
2460
2230
5083
9770
9945
7096
7287
433
2961
3171
212
9186
9584
981
4611
3542
3941
768
4519
9878
229
4322
2796
8050
9731
4365
9552
4827
5864
2996
4969
1242
4522
6305
4615
2546
2222
4784
2410
8329
307
7985
7779
303
1857
8510
7916
4195
8815
9920
6021
7500
4416
9421
9865
6727
7000
8955
8889
1615
9343
6955
9361
3729
8073
3420
2535
1493
34
7964
1272
8269
2733
3630
8397
6824
2241
4654
5037
3740
4248
3366
5077
5005
5972
612
9095
7609
365
5815
5044
4598
525
4515
8322
6765
6419
9482
6599
7727
423
4378
8027
1527
3871
4129
5250
7481
7506
5849
2832
1572
6109
6087
1074
4119
4100
9165
6915
4854
8463
28
4808
5651
2835
4274
2836
8363
808
4601
5542
1880
6226
8974
6249
8252
2504
8367
4338
4799
4955
368
7471
3590
6237
7368
3208
730
2683
1487
3361
8482
8402
9809
2472
5932
3410
5256
3484
8559
1591
2744
9219
5586
7365
7516
9990
9123
6779
2276
6613
6950
6754
1619
6066
3548
9293
438
1288
1302
2293
803
2862
8200
8077
7042
1495
561
9982
261
7854
8380
7005
3042
5646
1132
5278
951
736
2256
1530
1057
8892
2870
838
8376
7221
7621
5979
7145
9739
2013
1547
6392
7433
8967
2477
647
2760
5470
2931
7440
2871
7685
68
3114
3212
9039
6283
1402
1757
9943
8076
1458
2193
82
2747
4677
8589
369
926
3632
236
3869
7809
1711
6644
8152
7733
7097
6905
455
8449
7883
3155
4610
3784
1583
4688
6668
3792
9546
6965
2619
7245
3656
7996
3372
6550
409
3709
9160
7146
3775
7253
9989
5147
2769
952
8341
9103
2434
6088
4503
9868
2624
6038
1443
6309
4658
2572
7092
6505
6760
3194
6848
911
5138
1968
4873
8661
3611
7017
3957
2456
6695
502
3153
7091
8793
8190
4583
4398
889
6214
7787
9092
8775
5654
2215
2549
9354
2132
1788
3634
1452
3136
4190
662
4099
2164
1549
3704
1456
2433
1282
9757
6885
6188
4585
3504
4882
6646
8897
7572
414
8692
6817
3391
7069
8773
8801
688
106
7765
1130
8973
9352
3661
5702
6763
6745
6627
9378
340
3432
6925
4128
2751
4901
6181
8799
5689
2058
4544
2784
3722
3176
5131
9936
3490
7927
1189
9394
3525
7805
4761
5947
8285
5317
9451
92
4387
1653
6312
6968
7106
5316
7513
7016
3594
1712
4753
4199
7288
8262
1484
3265
1737
1752
602
413
8646
3570
7939
5544
287
4438
1292
4152
4179
2673
2983
2438
1049
1084
899
798
6844
3915
6365
338
9012
9107
5713
9019
7944
3622
4178
7966
8291
9895
9335
8707
2711
251
3070
2268
9594
577
874
2671
3388
969
8537
4151
3802
1614
4118
7721
921
3727
6661
6746
6357
8695
3109
5514
5248
8220
6393
8822
4624
7078
2510
4214
7173
4872
234
2803
893
8549
5325
4630
4509
5683
2963
9662
5051
2324
1685
9294
960
2074
6809
6009
62
9475
432
4476
3832
5025
8361
6429
78
8802
1896
6749
3457
8462
1644
7167
3848
2992
9954
128
3013
4096
291
8489
2797
4390
9013
5827
4967
4321
9432
8755
130
7295
3786
7650
6493
8594
253
5466
6788
6769
9144
2738
4220
9692
6341
656
1095
1009
6919
8672
6101
6412
3325
7157
4683
6160
5974
2310
1588
6894
7647
7688
2508
7113
4297
5447
246
8212
4498
5724
6032
619
5335
7383
4364
8398
6543
1723
4513
4401
3477
3518
2077
7385
4040
9670
681
6938
6091
6933
8488
4381
9242
1274
2684
8682
2977
8412
9220
4141
2056
8115
765
5999
5359
4479
5917
4571
9708
892
6899
7304
1000
5393
7603
9831
8094
878
3123
4717
4788
6551
5462
419
552
9761
5938
9712
7867
5567
8240
8111
8324
5245
2272
3204
3840
1951
3930
1079
693
5543
2119
6448
6466
4529
7084
9686
7501
8948
2821
9935
2884
8780
7563
6666
7161
9525
8514
6456
2396
9078
5532
4965
5476
4395
3537
1511
7833
4232
284
2195
6347
2575
7791
6881
473
6654
2018
6300
2957
809
7436
3240
418
8036
6303
295
9125
7569
8222
8377
1756
3839
3275
8745
3437
120
4091
5099
3817
6946
8305
3579
1220
3057
420
7846
1811
5783
8018
6757
1847
7924
7174
4326
8568
2506
9522
4144
6868
8863
123
1348
1440
8519
8688
9077
8678
9320
9197
9321
9168
6572
4918
8896
1629
6423
6044
8945
4723
8580
1692
3266
4429
3221
2950
5112
3379
9689
1399
6054
9345
1698
9602
9055
8584
6394
64
2717
9953
8145
2294
3940
2952
1255
5408
2201
2227
7680
6909
21
7324
9076
8426
7568
