9245
6695
556
6003
3457
3369
7138
6268
2998
1651
5836
5719
1452
7870
7759
2106
3212
5039
2892
8232
3256
9472
4762
6734
7519
468
772
1615
841
3525
3442
2419
875
1598
9776
9549
9091
3320
3119
1007
8005
9344
956
8536
5889
6887
9713
4431
6257
5838
8450
9871
4120
3929
7312
1108
6495
3957
8600
5076
707
850
7038
8292
2341
6246
297
9020
9193
9673
6820
8438
3993
9184
3208
1362
3875
8990
1641
5951
1168
3083
9795
9100
356
4467
6239
2153
9351
6406
4540
2332
8755
7412
9318
8942
5649
3365
1344
7026
9197
7015
9569
6400
9487
5459
6921
2754
5140
903
9715
5404
8233
6168
7944
243
3210
5369
1982
7047
615
9651
9574
6800
6309
6441
1246
5536
3253
5770
5979
6605
222
8379
6861
8975
9775
7089
5923
3352
1566
5216
96
1372
8850
4382
8642
2093
6197
2528
1317
3787
4982
7306
4161
1947
7810
2641
2346
9010
1809
2439
1434
2379
3429
1113
7935
3857
9363
4230
6186
3678
8473
2708
9335
9786
2750
2923
6518
880
763
1360
6338
382
3671
46
5551
2079
74
2947
2051
8931
6643
240
2338
1465
3843
7108
5741
4314
7560
3002
9256
8332
1100
5077
5356
4930
3159
5819
5699
778
4544
8316
1091
7060
6963
9201
5973
8708
6282
9016
7056
9826
9512
6420
2047
4278
4459
6612
5509
5768
9652
2816
4855
4348
6062
9305
8743
2921
4225
6487
5795
2462
3836
8803
3709
2907
6920
5012
7436
7340
5992
3339
9667
9215
1926
3560
6614
1571
5514
1159
4419
808
6106
5036
2818
7996
2179
6096
3736
768
5758
2980
8320
71
1054
7747
7136
3712
6310
9424
8794
121
578
174
2657
2384
6683
7406
380
6570
8410
1768
1530
1882
4967
8505
8411
5673
1875
9202
3633
4850
5790
9853
9313
7910
6548
9094
6806
6195
9035
8789
4319
5042
750
126
2449
3793
5153
5028
6845
547
3009
6048
3801
986
7715
165
4020
8707
394
5050
8923
1784
948
1487
3194
8034
7210
4474
7374
3516
2391
1545
9176
6664
6622
9518
3017
5224
3872
8142
7780
4595
8727
4360
8197
2850
2280
5322
4315
6665
7065
8611
4689
9369
643
3575
9190
2014
2390
3503
5201
4073
5537
7343
7826
4567
9970
5073
9781
4606
5931
101
2713
5121
3356
133
1277
6183
3946
2367
6623
7638
7195
9994
9451
2509
456
5880
9440
130
8925
715
3493
9099
4840
6974
9968
5425
9126
8442
9294
5396
5684
7216
2951
4538
3727
7327
5312
4047
5094
4423
8972
2484
7492
7008
5415
3926
682
3114
2352
5057
4167
321
945
6158
532
5823
8518
9702
9168
5965
7971
6
1553
8539
2566
1639
7912
3264
5196
164
3038
6666
3640
2639
9393
6837
2279
773
4611
5767
6983
7548
1796
1328
8401
1165
3888
6910
8503
5192
4393
4890
2809
3404
9441
5186
5468
9361
8207
6660
8078
1724
5783
3653
6396
3132
4108
3586
4827
2686
974
8467
6835
9693
2646
5195
5638
7741
4477
9350
6779
4693
9297
8532
3870
1257
1212
9843
4935
4444
4122
7269
6544
6717
7454
8340
7663
3227
5976
7652
5609
866
8823
3091
3139
5629
4133
6199
1014
3778
2257
2221
4146
5095
8077
2344
6720
2064
5914
4639
1321
6066
5350
762
6828
446
8688
8482
7308
8694
7252
1946
1338
6297
558
6787
3574
733
426
3129
2906
794
9208
6452
9433
2944
9186
5421
4220
259
3095
3042
8801
3193
5945
868
6833
3258
1799
2958
7279
2873
3871
4151
3987
3268
6193
4190
9957
835
9253
4106
8009
1542
2396
6919
167
4350
5487
2256
7326
8347
3751
4943
2599
3960
863
9463
8861
3553
4635
8085
6554
3576
747
6058
6461
3891
9838
9388
6210
4387
5188
6373
4179
7796
5445
2059
8125
6799
6266
3938
5980
7439
9366
7680
3182
1709
2636
34
3273
9025
7280
2757
2138
2224
5288
5083
7939
7013
801
771
7145
404
7031
3237
2837
2277
2241
9045
6532
9919
5409
8418
1237
5749
4948
8527
893
5681
784
5582
2632
8328
28
9034
6198
6816
4786
8479
2044
995
3589
4552
2579
1546
1004
9051
7899
86
3411
4385
9782
6521
5511
2533
1000
4428
2918
4952
2445
3966
4690
3670
1621
7809
4921
3970
7762
4140
2185
589
6653
9987
3423
4187
1020
5527
8864
7297
2784
2591
9156
377
2508
8716
9288
9381
2934
2286
8354
9018
3535
4625
2548
8321
3913
1945
5859
2827
6794
2977
9730
7490
831
6581
6686
8695
9682
1874
6655
6454
8390
2560
5503
1540
1401
7729
7633
6312
7901
5608
1787
7668
8602
1087
6145
9742
4461
5731
9732
8858
7379
3296
3841
4592
6169
479
4169
1157
6613
3959
6573
180
4489
696
1343
141
311
6161
4305
4694
7650
8609
7171
3639
66
3386
8607
8752
3011
289
4830
1473
867
8905
2248
2996
9523
6736
5805
9921
7151
3604
7961
3195
1093
7204
6911
1912
7277
4802
4782
4739
7366
1788
8106
3136
7656
2011
409
3517
3937
5091
5564
4622
7897
4394
7471
4914
7964
4027
797
7303
2580
962
2114
9864
1171
8040
8838
8107
8279
3491
5815
5471
1850
8053
5806
7447
151
7241
6630
8443
5742
2395
5477
836
6580
632
3977
7036
7035
7657
873
1435
4945
2973
7928
6306
3216
4456
4819
9304
9108
5714
4867
9857
7189
4066
2109
7528
8744
6756
7103
7407
3372
3865
3484
2519
9144
7618
1131
3770
3552
328
2394
3569
1617
2086
5240
7237
9810
1443
1152
5441
2536
6178
984
2524
9774
1966
6264
5611
1481
2611
7184
2189
6508
6648
6037
7610
407
7323
846
343
9038
476
8419
7240
6356
9307
8495
6012
7100
9483
6918
9147
6170
4396
1691
4772
5865
9079
1351
1312
8634
268
7861
2894
1919
7299
7559
2730
1925
1460
5363
4564
4898
652
1476
7133
3426
3750
4380
4321
9557
9408
5715
3323
3780
8029
4626
9622
2057
8477
933
113
2563
9285
3951
2546
185
1414
9022
8657
2158
7678
8875
4257
362
7147
6728
6001
1548
5702
6107
8514
2260
8187
824
8601
3010
5097
3739
7841
6592
906
4281
3117
4801
6482
9221
6771
8916
8621
4105
9695
7348
5217
7429
3850
3664
3768
8867
1422
992
5983
348
5753
6898
2281
3551
2192
2984
4907
5869
3480
625
9445
9465
3362
9040
7824
6764
8733
665
7227
4395
209
1893
398
7962
6690
8652
3332
8749
8781
520
67
2345
3370
7194
756
7847
4407
8842
3798
8512
5137
8887
6403
1729
2377
9547
6095
4192
230
1013
2429
317
4719
3558
9453
9437
4884
8822
2578
656
1272
9330
5165
2062
7614
42
8114
8683
2467
9396
2769
4504
6070
5152
7946
7966
1278
3093
2831
4651
2749
6711
1470
6174
4618
2275
8999
8169
577
743
5788
3629
9413
3642
7959
6137
1627
2031
4807
695
5184
1039
7346
199
9551
7095
3976
4725
8553
9953
6596
8287
2517
2571
4705
9752
5163
3401
8312
6288
3931
5901
4414
1509
4973
9239
8339
1236
8211
4345
2364
5641
7807
725
3152
1096
2369
2728
4173
3190
3037
4600
225
6501
1329
8046
5858
9735
637
8548
9284
7174
4369
4410
5024
1821
9476
4559
1220
3725
1803
5909
1795
6986
5769
3057
4334
8713
1772
372
2077
7921
4652
1240
9296
641
9760
8969
9355
871
1438
2701
2068
8543
2492
5169
4894
395
7916
445
2925
5174
9120
5228
2085
8828
640
4906
95
4252
9634
4887
5544
3263
646
3286
8862
843
9300
1019
4171
5305
8911
4857
2668
9129
2842
9766
4202
1863
3475
5533
4837
1840
3968
2549
8070
5827
9680
8291
8780
171
2586
8636
3746
5556
8919
764
4264
8475
9188
4680
4951
8302
6054
8376
7480
6489
5882
4174
7321
8869
2330
1250
5547
1116
4207
9978
2333
3067
7455
9439
9323
3036
7199
7159
2061
487
8591
1552
6541
9839
1110
8421
7595
590
5870
3278
3214
6130
9522
5170
3260
4366
1689
7892
8557
7789
319
6464
9502
5141
6340
885
7512
5542
1883
2932
2272
2814
6166
8654
5110
2901
5660
1216
3338
3367
3233
1889
8057
5559
4010
2111
9660
4740
495
8806
8049
455
7634
8350
9509
9402
8605
3183
5417
7988
1569
3477
3184
5009
540
9484
7748
2155
6823
9485
6699
4703
573
7428
5948
5529
8671
5080
8113
4704
2380
1604
8710
1954
3544
653
3329
5916
3754
2869
6398
2104
1704
6853
3762
1349
5513
1913
3471
2695
9140
7690
3662
9707
7949
9462
3763
2987
6512
530
745
3271
4172
3776
2899
7413
3556
9158
2694
4310
198
1297
2780
4623
358
5078
1390
4185
9357
7163
4970
6434
2826
6194
6912
902
5031
2016
376
8573
2382
4777
7203
4718
4240
2859
1873
4443
6206
6219
5193
2613
9698
3421
5969
3904
9078
7483
3472
5569
8317
8760
2522
5531
109
4127
3791
1111
9089
2318
8504
107
1268
1995
2795
4245
612
8252
2069
3232
7778
7710
2178
4983
9532
4386
3444
6710
6262
2855
4135
9071
7609
964
4589
8352
8773
493
8403
4437
478
1646
4439
5661
4515
2232
4829
8929
1931
1261
8632
2220
4421
7027
8958
3561
1619
7798
5314
4977
5176
574
2685
9428
4038
3585
2410
6402
6674
6122
7501
8300
281
2623
6416
3851
9918
4551
4378
8890
9827
9720
1625
4644
6422
1386
9777
9932
1005
7070
6188
6848
8825
49
960
7218
6829
6950
3735
4168
4783
3643
9138
8579
3262
6791
8161
2290
8416
1062
2820
5000
8002
2525
3392
925
515
7386
7048
8989
4845
8763
2447
1012
6382
6031
4577
4798
876
2400
7050
75
2576
9783
3097
5724
3933
2870
5666
5120
3205
8853
3107
9964
158
2499
728
3792
2491
9491
472
7257
8469
6714
5237
769
415
8206
1602
292
3295
6865
8880
359
5292
8977
523
2561
7637
80
7098
9276
3324
2001
5921
701
9606
7569
6249
8613
2402
3387
2233
8004
7484
397
6862
2282
6147
620
3101
8792
3218
8895
9669
2581
2903
7976
2960
8756
3024
2399
6527
9909
4691
8272
7890
8979
699
1415
9419
5343
2004
6584
9901
5473
7590
8728
9332
9883
7782
6299
6959
9470
939
5590
4092
6747
1283
7389
241
9955
8561
9496
7862
781
8677
9085
4150
294
5501
5226
7757
8820
7024
2930
7947
8179
6112
7647
7873
1318
8955
897
8560
9823
937
7718
3647
7646
8175
7055
3666
6530
9341
7235
7094
4498
5249
1356
9916
9117
7648
5330
1580
1629
7043
3317
9880
4883
7639
3532
5757
9457
1652
5310
9924
3146
5943
3185
3596
2661
8441
4102
4832
7968
1759
864
331
4356
7329
7597
4664
9358
4450
4630
8848
9183
6931
7557
1156
2765
9153
6506
9503
7938
3581
7401
7349
427
5360
6109
8311
5645
7825
560
5941
2542
9175
5606
4805
1647
8936
2081
4349
3424
1399
1027
2511
852
7879
8546
3254
5341
1485
1721
6750
1832
6007
735
3126
2955
7954
6208
3897
4669
9471
805
8759
266
869
8849
1638
5985
1496
6621
1127
3775
2975
8264
4232
15
7535
9370
6365
134
5220
8122
3020
14
6705
1383
1587
3266
249
2720
822
1959
7520
9907
8711
1336
8948
4550
9092
3867
7865
6283
4603
1807
5546
432
6524
9981
3384
6358
8774
4294
8168
2045
5391
5855
8556
5461
284
5988
5148
2065
6595
2493
2535
6116
5772
8528
3547
7261
7221
9972
623
672
1397
3466
1711
9711
1782
9899
1870
6236
6601
59
2929
7014
7688
242
63
118
9385
1767
4143
9663
2909
1976
4749
5922
5219
2375
3646
6102
5571
6196
1921
2392
9365
4037
32
68
8509
9524
8251
4279
2633
2775
223
1175
8953
7549
8985
2856
5299
2195
8244
7774
2163
7579
9806
2205
8738
33
2084
5116
5535
6127
3772
8080
4490
7187
9134
1611
1607
3803
315
8686
4916
709
2203
5005
2760
7675
8623
1367
1555
352
1323
4571
8687
4370
2847
7058
5452
6773
521
5289
1224
1861
7603
3856
6326
3110
7150
551
938
4069
7889
2249
1973
9834
3718
6255
8680
883
7330
6510
4809
8959
8221
6966
6844
231
1887
4364
5108
4154
664
9811
6978
6960
4079
9227
3486
387
3767
8398
3178
9398
9762
9090
3868
4358
4934
1003
666
6389
1095
5885
9177
7698
280
6875
8520
4869
3829
5079
2403
2874
7132
6488
9813
9371
7669
2999
844
9220
7393
827
5729
5942
3724
8042
6426
3427
6843
3655
1099
9180
9856
4475
5568
6372
4891
2662
4976
8949
9390
7113
1896
7845
9450
8698
6891
3811
3032
3530
6496
2264
9283
5089
669
5915
3675
7701
6294
9154
3504
2961
6384
8549
2184
1369
8592
4555
4224
346
4448
483
1961
6762
4212
3235
77
9194
504
8507
1010
6052
1430
1983
803
3685
3204
2905
6681
7494
2020
9236
3726
9739
5766
2091
882
119
3649
9013
1910
6733
1806
9746
9559
9118
9564
6897
4913
4113
5304
5185
1805
1205
921
5333
2210
136
3900
2285
2063
9456
2177
4932
8
3328
3728
3696
1558
6099
4009
2698
1406
327
3546
221
2808
233
2021
1589
727
8220
6432
2717
1708
7266
7270
8182
5257
943
316
1407
390
5475
5670
3275
3881
3554
8544
3687
146
9595
5223
8757
9316
8996
226
9788
4926
4086
2521
3142
4400
542
8499
3215
1777
73
3054
8779
9280
7867
62
3378
5692
2433
1701
6231
4813
8422
957
8147
4708
7844
6913
5422
6671
2648
2409
6327
2615
9587
4503
4339
9612
4641
6949
4939
4712
7165
5954
8000
9464
3534
8315
739
812
1147
4518
4430
6984
3755
9582
3749
2131
3914
7918
9137
7835
703
2800
2787
5999
6163
6776
9043
4147
5037
967
1381
2469
4145
8021
8356
4303
9238
1490
7212
8629
9127
1183
5726
8844
6350
650
7358
3157
6063
30
6766
6200
3008
6802
5402
1841
3076
1440
9508
7052
2997
1516
4460
3346
3065
6831
7855
214
7998
4036
8675
9291
3876
1117
1649
3361
2406
1538
2416
105
8380
1610
7674
7185
7007
4129
2157
5631
5117
5151
1254
7772
3238
2471
9310
2681
1664
8992
8795
3349
6742
1950
2359
2147
8205
9704
5362
2893
4981
4194
2700
4491
5263
5664
1330
9535
7223
1880
3239
651
1550
8496
4582
8587
9836
9069
5586
7200
3608
4466
3853
524
7506
9432
4482
4735
7607
8204
2753
5331
3327
4633
187
1743
6819
4415
5566
4978
1101
7817
3858
790
3031
1206
3077
6822
2171
7198
9689
6672
8846
5398
1650
604
112
2231
3199
1871
9311
5873
3510
6610
6108
2916
9654
9802
8112
6774
1462
4483
1683
5800
9114
8011
4121
5846
1161
787
6975
4089
9475
9004
531
4000
6381
2490
1687
673
6673
4892
2734
9548
4858
4728
4413
4789
8679
4343
1177
1045
4862
737
7344
7643
7677
2562
1745
351
5424
204
7486
776
6628
5006
5835
971
7236
2411
2706
9178
6244
1596
5894
5796
6182
3123
7813
4316
6030
580
6759
3223
3774
1009
6749
2673
9785
88
7739
4239
5705
9075
5160
3927
8366
4157
9580
8668
6874
9731
7836
7775
5139
6781
8978
5577
494
2679
3133
1491
6709
7941
8761
8456
7424
1457
8732
6483
1645
2703
137
7126
8893
6599
350
3603
1608
7612
3528
7898
4077
9352
2355
6713
4363
8930
5345
4888
2688
6425
8331
5129
4420
7502
9621
3035
4300
1694
3
3873
5644
5762
8060
552
1666
2336
5879
3134
8369
4875
3500
1436
3680
7581
5070
9308
614
2404
8758
9686
5671
2039
3844
8981
9468
1337
7837
7284
1927
342
6597
2952
3623
7368
6932
1474
9302
4960
5751
9770
1506
4158
8108
1907
8741
4541
7995
5570
7979
7481
5338
1623
5949
1114
1043
4059
1975
2070
4900
5255
8578
4879
257
7172
4785
6348
8983
2209
2141
1698
9401
7161
9894
6948
2056
8540
2771
9536
300
202
1215
4402
9538
6471
3620
8655
5180
2559
6659
7706
2100
6256
7046
3925
8863
5828
3353
4532
6796
7744
4784
1028
3285
2118
1511
6603
2443
3934
2254
3826
2871
2430
3393
5732
6977
3785
638
4288
2294
8525
83
2895
3945
538
3499
7369
6522
1480
290
9684
1998
7405
3591
9616
2969
6760
1895
3176
5025
6559
2968
907
132
7360
6647
6273
7444
5735
3708
8293
8584
3756
4355
8022
1070
340
8974
7169
7168
6133
1449
6245
2585
5054
834
7034
2950
1077
402
7435
9737
2593
677
575
8577
7342
5489
2288
3171
9542
6093
326
2135
7906
4558
994
54
5351
5259
7853
1431
6336
6100
2584
9623
9676
4329
308
9583
6073
6807
5851
6761
7960
6738
8545
9952
9349
1715
7538
8771
5672
6707
5007
2887
5653
5003
1274
9904
5145
2
1295
5899
5654
8327
8307
2099
2226
2161
4213
3341
1239
5905
9878
4139
2971
890
766
4621
9993
8322
492
8706
7248
3848
166
1299
3249
7792
4655
8640
6354
8201
9282
8945
9885
4235
6251
7734
3600
9340
5062
1164
1591
5383
1489
8213
9908
7491
4236
7891
4882
1631
3138
4035
6801
422
2211
4148
4821
5997
2504
4374
4377
628
2518
7745
6444
5313
9876
7948
1066
4216
4607
1570
5414
25
7361
2261
4795
3056
5777
1458
4381
2385
1500
8492
9084
5957
418
8277
1138
5961
3454
5353
3061
4502
9030
7178
4188
1247
3508
2710
4507
7469
1469
8612
8413
9539
4052
4045
1122
8537
6314
4810
9461
2884
9074
8177
5978
7564
1977
6143
9204
9173
8656
7854
5857
3440
3616
450
7651
1996
4183
8988
2807
8176
2463
6223
1524
1766
5960
258
8208
6467
7711
3740
9315
2626
4472
1685
7437
2088
3287
2745
3415
4049
6909
1120
6355
6797
3513
9873
4342
8554
5147
2048
8396
9116
89
3682
7687
6866
9988
8982
6718
5191
1189
3921
9780
2794
6455
5082
1053
1582
3689
8912
4688
4273
1244
7243
1201
6018
1512
3918
583
3128
780
7080
4763
5665
1380
238
7272
8065
4418
9019
2327
3377
2940
3602
4201
2935
79
1035
1626
1445
7149
1706
489
4937
8874
3641
7820
1859
1761
2239
4469
1314
7305
2328
1340
8129
9031
4597
9926
2663
3928
8533
4283
534
5431
4442
6304
8918
4484
8050
4304
3168
7922
5837
4375
9973
5215
1219
8896
522
9397
3806
9769
2962
2829
6560
1578
3893
9626
7756
1770
9392
9235
339
8924
5627
8697
5725
6393
8622
366
4992
726
1180
5008
361
800
1776
7464
1026
3570
403
7020
1324
1663
4404
2758
1632
8664
296
5098
6334
5972
4261
7226
859
2007
4814
7654
1142
6619
7381
7642
1262
3314
4897
1765
244
3895
8603
4357
4656
4103
2804
9691
9526
8183
7258
3537
9998
7054
416
4007
3527
3051
4561
3898
3108
8164
1264
700
3315
9681
3752
500
6556
192
7154
6676
6682
1584
2503
7587
8783
1303
9271
9448
1808
3244
9050
7553
6830
5801
2981
5825
3092
6025
1868
7750
9768
7720
6090
9767
1016
7857
2589
4094
8209
2023
1588
5469
8082
1574
9403
1345
9163
2782
2830
5550
976
2667
9265
8700
2437
9923
8740
7116
9494
4752
6341
4226
4072
3403
7473
447
3302
1543
9573
9151
688
7644
5884
9740
2315
4732
102
8255
6514
3529
8643
5867
2214
9329
9632
8115
2105
5048
4112
8521
1036
2767
8882
4070
1150
7191
2770
7849
23
5101
9620
510
2082
9209
4372
1940
6027
4434
8360
2604
6049
884
6267
2454
216
3441
4317
7044
9869
5998
3303
5750
4793
7606
9182
1972
8286
7345
5173
2828
9714
5128
3971
5554
7575
5234
6028
7735
2699
7943
2596
5081
569
7640
5178
8014
9044
802
5455
5494
6755
9497
8367
5016
5231
7884
9093
924
3610
9241
273
5937
115
8362
9980
8095
5233
3889
6320
8562
7337
436
9404
6014
3284
8581
9036
3335
370
8449
4132
6952
454
913
1943
5981
4628
2592
915
8276
3252
2313
8349
374
5058
9628
9721
8704
579
2777
2229
4346
6387
1717
2917
2880
4159
1816
5493
6667
6159
466
3520
9794
3524
502
2122
8160
9917
5680
8606
7292
5449
3902
9133
2530
3166
6351
5989
7552
1064
1742
4018
2773
8840
6883
5868
2669
4938
813
9081
557
5761
7760
2676
8836
8699
2865
9572
2049
48
3810
6675
1146
8342
8308
1063
4118
5617
9362
8970
3819
5793
9231
2912
968
4965
7211
2074
6039
1640
4055
5523
5059
1123
659
4337
6725
708
1447
5615
9274
6275
3127
9319
9301
6926
336
8585
3292
2715
3301
1169
9627
3667
4449
507
4910
2236
7347
2018
6120
8368
5593
3609
9692
2133
4736
13
8610
3340
8567
7822
129
3064
7238
9460
9948
4388
3700
4699
8275
7002
8124
8132
8425
3832
1203
5342
5122
1279
9792
7359
1289
633
3730
4383
8052
6397
5524
3607
1563
9152
6656
6149
3483
1186
5786
131
6972
3400
1145
3201
9750
1102
7496
9459
5691
465
6981
6652
8968
4416
622
5297
5276
6280
4733
4596
8696
6140
4511
2071
513
7525
2143
9252
3246
5612
2678
2124
1471
6873
5787
2614
3145
1523
155
4403
5718
3886
1785
8667
5061
8837
9425
6569
7476
7115
8957
5298
7838
3374
5218
4587
6741
8007
4885
8075
4012
4286
469
9367
2353
430
5864
1846
2744
5370
360
3406
7818
4265
4352
8735
8047
9824
1006
3722
8693
7958
2684
7016
5887
5781
5378
7069
7246
5675
3040
2843
3013
8130
6735
1719
2558
4451
963
138
9161
1151
237
8802
927
3924
6777
5053
212
982
6838
8666
2174
9499
6173
7936
9055
8994
3507
6089
2805
3399
6006
4815
6319
1194
1238
8715
1410
47
9225
2166
4199
8847
7705
1162
1475
7072
9143
7064
1408
7134
5277
7831
8984
1734
2242
2358
8137
3799
9944
2397
9216
5142
7245
7105
4338
3804
9530
5971
4665
3919
1158
1395
5522
6697
9293
3828
3414
9710
5713
4848
7493
1679
287
9525
123
4902
6538
736
4903
2851
3206
3437
139
7033
6988
1938
4553
4005
8665
1144
2115
2040
6737
9107
7902
6924
3846
7158
7632
8094
1845
4267
4949
5966
6992
4238
6968
5393
2883
9860
5552
9772
3272
39
2978
1001
8500
9566
629
4764
5029
278
9879
274
6956
6721
1044
8245
4878
3831
4940
3624
582
3416
5106
5429
5913
9418
1149
1065
8493
4778
2145
594
320
9847
5659
3446
8036
3395
4620
7977
8110
2722
4390
5019
3975
4710
6740
5118
2938
8384
3583
2682
2388
6005
9662
6868
1762
5710
5159
9474
611
3777
3815
4585
9527
9558
1690
6378
4562
9893
4563
5426
9376
7290
4056
5842
8141
6884
9674
99
275
3892
4488
5491
1942
4042
98
2194
8076
8236
1758
3173
2273
6114
5472
7177
6429
2582
245
4871
4980
8165
2572
6150
8944
7742
8488
7577
6321
2747
7985
3245
3984
8841
5572
440
3818
6126
6526
4013
8274
7459
2857
6331
6645
4353
993
8084
2244
2156
4529
6346
4586
3102
2543
5109
3225
6732
5634
4259
5366
4453
9531
2575
7119
7507
2483
3298
6971
9976
4280
7779
8237
7736
6638
4331
8766
4944
9837
8824
9568
1202
8777
393
8306
9758
4096
6451
2401
6238
7752
2398
5127
9066
5281
8617
9985
2988
6192
5456
8431
1703
3837
3519
8123
3394
3668
255
5377
7856
299
7888
194
6768
3344
1316
4485
5620
7811
5247
2423
9212
7362
4658
4640
1939
7214
9334
9028
4775
7
5125
8457
2621
5212
6362
9102
3992
5832
8854
8440
979
4282
1302
5834
2089
7275
2886
6272
6995
178
660
7709
443
8519
3884
9701
6242
8248
43
1354
3334
6055
8254
7761
1812
6859
6361
3634
3187
2321
2417
9874
8852
3050
9991
1348
7461
2742
8598
9902
6954
2363
314
7915
9517
944
3355
1357
5565
4044
2029
5776
437
9765
8283
9925
5047
5738
9848
9648
753
1521
9046
5854
6179
592
5534
5332
905
9014
6553
1071
3121
2495
562
7135
2515
895
8485
9845
9797
5677
6469
1446
227
731
7568
9665
5149
5476
3982
5113
282
2348
7384
2101
9082
228
4341
5114
3536
4820
5573
8020
8301
4594
8649
9821
4881
3862
6074
8309
400
5318
8673
1600
5587
5553
4723
5245
9744
8200
6617
5703
142
305
6187
8031
8336
9881
3859
4189
5898
3180
1740
2426
7176
2609
3003
819
6050
3158
1424
4953
5722
3894
1092
2450
6473
6982
3473
4496
5618
2534
9042
8458
9945
1098
7730
1723
9868
9320
961
9264
3949
687
9458
1753
4920
2617
6515
3790
7719
3280
4962
6139
2513
4384
6305
45
6753
4292
5791
6156
6401
2772
7896
1497
7773
8260
4971
6626
7085
5284
1022
9169
5563
307
3282
6293
8278
6708
5208
1520
7972
9967
4260
3743
6124
7114
8089
4373
593
1426
8374
1554
9805
1980
7655
8647
5848
5347
1539
5187
1391
5405
8392
6316
9500
7993
2170
595
2527
2035
6036
8913
759
8582
5779
6642
6449
1121
5824
657
9374
3849
6478
9195
7615
7282
8451
7183
6029
1678
501
1068
5403
7858
7769
2305
9851
7864
3018
1696
2877
8751
910
9642
2567
381
2931
4164
9179
6899
5107
439
7390
719
2095
7155
1515
8222
6105
5510
44
3230
6440
832
4495
7534
3458
9467
4160
4025
4107
1346
6091
6658
4099
7740
7511
9694
6492
7426
2050
2836
1129
3304
4535
6739
7170
6788
2383
8646
9950
8231
2817
5013
713
7666
8195
5927
1248
4928
2885
4026
5804
8399
4166
6347
8993
2939
5436
2159
9578
1881
6933
9537
6117
6292
1334
8326
1298
828
8466
5633
4834
1657
4750
3506
7582
7551
9273
1813
8448
2638
1790
555
3213
2861
9791
720
4610
7418
8784
1757
2488
2140
2465
1482
2852
286
1227
1987
3294
4522
8073
2991
2959
9615
8224
8596
6726
217
917
668
3337
7839
3617
201
4853
2696
7219
6445
4195
9377
7768
2230
5267
153
6493
7383
9257
9076
2622
5303
3413
5265
4170
3122
9989
9423
1208
4549
5701
9891
7645
7770
4779
269
2421
4003
8663
3847
2590
1499
4368
303
4743
7066
7376
527
2130
3496
9859
8258
6342
3445
1668
4299
7274
6366
5808
5253
3089
1347
4347
8831
2634
3622
9956
8329
1047
24
3621
4791
8414
7641
3433
1292
1680
4030
7448
9661
8725
6962
3470
7414
2726
1221
7409
4833
2651
6323
9281
5560
7475
7228
1057
5460
2030
3665
1080
7833
3299
7934
6625
6998
1086
7111
210
1736
4674
748
1616
5177
497
6566
6011
4676
8055
5131
499
4826
3619
3164
5814
8898
6654
3255
7681
2326
6431
2619
8674
6505
1280
1590
8870
4527
7010
491
2267
3326
5434
7765
1199
5674
7997
5528
2481
1779
2295
3719
5890
9818
1878
8344
2349
6571
2485
6716
690
8093
3029
2381
5816
162
3100
7585
1287
1592
4032
7399
565
9101
7882
3181
6339
8097
9286
458
7137
7091
5723
4029
8035
6785
4519
6479
2350
2310
3487
375
8650
6494
3598
935
1854
4302
2879
7797
2487
3412
7649
9372
9309
6906
3170
9951
6591
345
4747
1181
2090
1040
106
901
6689
5150
6858
8061
3595
2022
4528
5269
9726
1230
2630
2902
250
4727
4929
3716
7893
543
7566
8003
6502
7377
9861
1988
6328
8397
3673
4141
3797
2246
3822
40
9008
9611
545
5926
4726
9373
5826
4700
3834
811
3432
2223
6543
2915
4742
3759
2054
9011
2253
2386
1726
5463
6929
2317
9006
4662
1029
3115
636
5229
5594
916
7926
8217
8100
9142
9430
183
8570
806
862
826
9336
2461
8210
602
7724
7541
7860
8651
4654
514
8284
6476
5376
8071
3014
2097
1018
5232
9709
922
9601
7545
6535
4643
1789
2643
2941
3163
6015
6463
7315
2920
7233
1593
4631
3771
8904
7005
9593
2370
2612
1792
8395
3512
8907
8319
2300
2017
4836
7430
7419
818
5818
6448
2066
8470
7924
7318
367
6042
6572
5189
1892
1594
1654
9668
70
6938
349
6545
2113
7738
5390
2464
7092
8318
7881
2868
2790
2148
1136
7438
5495
1130
3710
2424
3200
9729
3877
4842
8966
5275
6128
5809
4788
8126
9155
8353
1479
8079
389
4797
3045
9849
3962
7848
8868
5697
3943
1308
1493
9598
1562
3408
3814
3800
3539
1941
295
7021
7131
8920
4457
4546
5268
4936
7166
2269
11
9145
8926
9905
7402
2096
4799
5198
5389
9095
6290
4255
7630
5435
5115
1412
334
587
8726
2058
6704
3189
8921
7042
6600
3318
6291
6661
5662
9561
405
6582
5001
1818
7589
9359
3901
3821
5683
9764
7686
7717
7550
9617
3358
7713
2243
7112
4584
6009
3021
7086
3758
1115
4487
7732
7207
6486
9326
3645
6269
2343
3498
9643
1327
7250
4513
9405
8116
8427
7404
529
9571
3939
3375
9164
3509
2486
2553
4994
7531
7937
2733
7232
7271
4941
1783
2806
6752
8088
8753
7611
2361
6564
4868
4542
1382
3153
8048
8910
1293
3144
2569
6789
4996
9995
1834
3109
7696
3923
6329
4081
2436
3234
8626
9123
1744
4769
4060
2240
5727
8658
6793
7372
8782
1561
9912
8594
2227
8973
6893
5354
4095
5682
6639
5236
838
3760
1255
5504
3016
1366
7316
9298
3366
2215
814
1478
7600
576
7487
5959
4787
6438
1368
9083
9420
683
2876
457
3809
526
3955
2413
1752
8952
4247
8946
5138
4866
8407
8804
1409
2761
7000
8790
1385
1956
1425
5872
4446
5797
1032
9233
6856
8604
1974
8139
2442
9812
5950
613
3308
1677
9029
1810
8465
2207
2551
9289
3172
355
6092
1037
1844
52
5850
9489
6723
4497
5543
6459
5066
5843
5739
1483
9435
5813
7785
3359
6534
484
9699
6427
7289
7682
8818
5789
490
2587
3855
8461
503
6278
7532
1373
860
1673
1823
9260
3721
2482
7180
442
2936
9513
2139
681
4276
4371
9097
5862
4193
9272
7662
2329
2774
8150
1167
1968
1049
3169
5708
9933
9844
6325
1172
2692
2872
6609
2422
8709
8619
1659
2212
1104
4968
3202
9223
7160
5917
9136
7793
8227
6439
2687
3451
2529
9727
7764
7025
8731
4734
8463
3096
4051
7063
5747
9855
8109
4565
1665
6285
3106
5812
9900
5600
5034
1451
6162
8730
7816
6795
4233
9290
2740
539
6412
3538
8767
4776
9796
8627
6125
8637
9982
1778
8903
2993
5876
7923
6215
3705
2335
6071
5144
3695
5294
7334
1636
3882
5700
2263
7562
6230
9267
8373
9146
1747
1143
3684
7202
1661
7273
7196
272
8288
7291
807
3663
6967
8101
3915
2134
5015
6646
9027
1775
9170
4993
206
6000
4696
51
6847
2507
4323
3388
2670
8660
1
2444
3613
7777
4612
3587
3916
1275
4947
3658
2193
9480
8547
7140
7205
9581
4263
1361
4136
7097
271
3297
5558
8261
8173
506
9600
4908
9515
8066
5011
5486
4043
7093
1536
6902
4683
9356
8087
9809
7561
4517
7363
941
642
9128
116
6391
2013
3398
1058
6678
608
1577
7625
4659
6565
1413
1722
5667
2659
7790
5010
4806
3523
4608
3614
1437
1233
7794
3559
369
4405
1658
5442
8313
570
9086
5975
603
3111
7067
6727
5060
7068
3830
5658
7544
7039
8480
7071
4985
2743
8257
9200
7087
3043
3540
9540
3615
6043
9700
4354
6832
3085
3637
5181
4324
3802
7787
8939
2405
804
4667
572
9486
1128
20
65
8296
3964
3104
6167
2127
4737
31
2217
1310
8531
7967
8615
4790
9533
8445
5946
3912
364
8167
7872
662
9754
6568
8143
7731
1073
2283
4859
3817
1688
5952
4468
5416
1601
4492
1178
1642
3343
7106
3936
9488
606
1686
37
2985
865
7596
4473
6344
7815
9650
3289
4877
2060
3947
3860
5252
7784
4208
9708
2306
4520
4768
998
6094
5407
3737
9779
7917
7503
8796
7322
5085
4318
6846
9602
1714
2415
8906
680
9506
2759
8843
1195
3782
8809
9219
3795
1281
4753
516
4685
4186
1079
991
985
7295
211
7049
5242
1712
6218
9941
3698
6878
3242
9303
8386
6814
6815
1867
2783
1188
567
2228
8460
2982
856
6301
644
6885
6980
8661
6399
9364
2943
9938
9594
4075
3930
6751
1187
9835
950
1217
3052
9382
3986
6190
4721
1801
2006
9510
3827
1389
1269
3463
6946
8791
848
5352
4796
9962
3732
1826
2625
7556
2080
3833
5135
7728
7555
3704
4425
5046
4886
6141
870
7247
4333
8589
7805
7122
3789
1069
9490
5679
5260
8746
8459
2516
6903
7231
8163
783
1231
6253
5955
1633
2644
5540
1958
8811
7621
1433
6023
2291
997
3068
5839
4956
304
7264
785
2019
3625
2666
5502
2452
4730
2160
2618
3807
4933
4335
5286
5500
7128
6233
7488
2913
1226
3354
5844
8039
799
1083
8772
7365
5599
4706
4137
3046
4901
5430
8265
4847
5632
3351
2986
9250
2737
6513
7468
64
7355
596
2776
7117
8185
9501
3717
4234
8807
5103
6945
2600
8724
8433
972
4406
5052
8388
7978
9971
1953
1877
2477
4598
694
1944
6084
6772
4509
5601
1141
6079
9516
7661
881
3887
6882
451
6047
847
5361
1245
2752
1432
2347
93
1140
3023
5462
8608
8234
1109
2822
8199
2309
1042
1819
8172
3691
2319
7268
7479
639
7791
2046
1713
9607
4412
9063
6969
9703
1831
7446
3431
2853
9803
9477
6098
2957
4258
3578
2162
2076
5272
4021
1935
1041
7167
2841
5092
966
2764
6040
4686
6602
2866
8134
4616
6970
6286
5400
8588
7786
2739
5716
3549
1662
8776
8997
969
7832
4817
9342
920
9024
9447
1301
7433
8474
3081
2656
5891
8839
5585
9248
6453
8486
9160
4177
5349
4629
1797
488
9747
8240
8835
6915
7391
1459
3243
4156
9159
2201
3838
7497
8402
1461
2672
2658
3654
3012
7099
722
4015
6939
3753
9562
2128
9053
4717
8054
7096
7965
5126
1394
3005
1914
9427
150
4531
4071
8551
5423
7670
1692
978
2112
6046
6961
9664
3956
8188
7716
9416
6563
7788
9567
6419
7628
2027
4670
4671
5413
5374
324
9162
810
951
2616
2900
7969
6295
5598
8878
203
7880
1731
1214
861
4462
3942
3557
6701
1463
3001
705
5420
5574
4452
6287
4392
5002
4080
4843
9353
9249
3410
6758
8145
3839
1300
1648
1997
2502
3078
5105
4155
5849
571
4523
544
8051
391
8832
9333
6376
5207
5411
176
3336
3965
9449
3991
186
1993
9748
4924
711
9977
5287
2152
7335
2188
8701
4289
3319
5802
7208
3231
2270
2183
9122
1986
723
1836
9872
8148
840
6313
4067
7578
2799
1488
386
3823
36
5375
1225
5833
5902
1700
6026
4359
3863
7354
8104
8263
928
2798
1822
3342
858
9640
2840
3781
5497
4722
9817
7812
1948
5910
8685
6004
3479
8826
4336
5693
7547
8290
3140
1609
5133
7397
6450
55
9198
2480
4435
6205
4668
1576
4851
9130
7543
1718
498
2033
8335
6360
5740
2992
9658
563
5225
820
57
8381
6722
1994
2408
8682
9639
4293
5765
6077
9969
5628
1922
7285
626
6876
1669
4570
7229
253
2324
3950
2102
5319
6142
3820
8980
8748
1174
7078
8568
5470
302
999
3448
6851
3150
5316
7157
6999
7451
1393
1774
2719
7079
9345
2654
2864
6465
6176
4001
7209
1196
7919
148
6388
4340
2647
264
7931
3022
2446
934
7062
2425
4128
6663
9224
4872
5817
1331
1495
8144
1235
2094
5065
2606
3690
2191
9597
7878
2196
5516
7156
8571
6930
7883
7992
9514
2660
4209
8138
2721
5448
9723
5820
5754
8081
4856
8033
1924
29
5877
91
6767
310
3995
8808
4672
12
5484
5640
4969
7940
8618
6715
6019
7467
610
2455
6551
1930
3124
7350
9906
3306
4272
1185
6578
2650
5932
4178
9842
4040
8412
5687
7513
509
8111
103
4438
8400
7242
9001
9592
3779
5619
1011
6769
4959
6996
7763
5373
2371
9379
1828
3514
7224
9690
6979
8827
5132
1655
3693
8269
6841
7554
4253
254
2165
7842
4874
2838
3983
2103
7304
4678
8950
5602
5935
549
2702
661
5982
3980
9348
9077
6224
8409
4031
2219
4642
279
8383
5895
9275
4057
5756
2531
2908
2671
1243
8498
5734
7517
7253
7431
7823
6575
3383
219
6135
3606
9585
1273
786
1200
1296
4648
3657
7139
3120
8628
8056
4074
6466
9261
8599
752
3963
3611
2919
9015
5696
4344
691
6940
3474
2289
323
716
5782
1193
4581
2028
8956
7420
5379
7037
3909
3999
4588
879
6408
7518
7659
6606
1860
6254
4521
5663
8917
5589
3125
5100
3112
338
1444
3845
8121
4219
2284
3464
7276
6270
4548
7983
6594
8013
1374
7410
6775
2674
263
5035
2459
4915
8166
4480
156
4987
9299
8523
4917
7626
3573
1090
6662
9543
9399
936
4427
1089
3250
7594
5244
6778
1934
5526
9149
3866
1738
2468
3066
4109
2911
5334
815
6620
675
7586
900
3405
6957
740
8800
5953
6443
4957
5088
3854
4033
9033
2418
1179
4543
4008
2322
5911
5222
3542
3251
5624
3059
7463
5520
1439
616
3920
5974
8385
2867
6550
9840
7045
6608
3734
9017
8180
8998
8876
3025
6782
417
7206
7281
7801
3731
5248
1937
7829
9032
2768
3674
1749
6561
2832
5394
3027
6010
8453
6134
2835
4931
1421
6810
4844
4228
8522
8788
2520
7598
1814
6687
8434
61
9633
1811
9888
2298
4295
1322
4445
9743
849
6423
4701
9863
1118
354
1094
4017
3967
2729
2360
6214
6942
262
3048
1890
2354
5371
5840
8067
2000
5933
4800
4744
7107
2420
4870
5709
1971
697
1270
5506
9586
2197
4328
8487
8468
154
5300
5203
5893
5780
8026
1676
330
6536
8338
7123
6546
8341
1815
1879
3812
6555
3135
2550
6509
1371
7331
2652
8118
2979
2723
2914
4838
8829
8064
3103
706
5209
4361
9218
2545
5397
9229
5154
4499
4398
111
5214
6226
3765
9728
9268
4249
5903
7230
5930
8371
6669
4301
7073
9062
2299
4241
7288
9442
9386
2608
2948
1229
3515
9852
5919
1387
7432
6481
4119
1501
6115
3357
2792
2154
9191
8508
6503
4217
9672
9553
6808
4291
4058
6976
7767
2356
3063
4839
4
159
7859
378
518
3418
4759
4524
6227
2731
9800
6552
2801
8631
7572
6138
6302
7175
5365
5262
721
5041
5385
3196
8103
1613
3985
1898
4125
4841
5437
4816
4825
2523
5643
8669
1618
7527
4545
9047
6243
8859
908
1585
7259
5419
3998
3381
6523
467
3592
5717
953
8947
2928
1502
6296
2724
5860
3744
3177
7683
8017
7629
2910
7239
3979
6987
3766
1957
7868
9787
6881
2898
9113
7388
3469
7408
2789
1518
8871
6577
3626
2896
1467
5291
3191
5018
5158
2222
5368
8877
2844
7244
190
670
3651
9922
2304
7911
1597
4309
2479
6017
2083
4709
6633
9584
5861
8639
414
7664
7658
7260
8069
5863
38
1133
8074
2303
6936
4756
2009
6392
8452
561
7441
2788
7023
2926
3428
3958
7217
2150
8676
7395
8703
9832
1853
3563
3281
1311
392
7697
6317
851
9875
4846
8131
5166
5457
9384
1508
2557
7952
5947
4682
1306
5182
5358
8967
8405
8253
5067
4593
5427
5227
9504
6433
3241
3156
5033
1888
1211
3467
7542
6470
140
8153
5831
2293
3761
6840
1916
172
1739
9337
6880
9242
1820
6900
5111
6380
8614
7186
7758
2862
9207
8455
7800
9706
6357
9328
2889
7041
798
5399
9057
7130
425
1335
8429
3261
4767
5336
7213
5064
5014
205
5364
1800
6457
541
3566
4464
770
3425
5822
7871
9492
9671
8043
8333
7942
4085
692
2540
411
6435
3618
2202
4204
1267
9718
9192
2325
7877
6430
6209
117
4803
689
3417
1320
7563
2235
4514
7599
1078
2271
5940
291
2252
9589
8357
6144
886
598
8620
2716
3130
6549
76
4919
3748
2812
7617
9745
7951
3490
8238
7324
3597
4191
1674
5359
1454
1325
9080
18
3825
2234
6458
4997
8635
5382
7522
2863
5408
4297
4307
8072
2738
4781
2137
3840
5074
796
5561
1402
6729
6892
5309
1847
4064
7051
4617
2848
8377
5581
449
1176
1866
2125
5944
4684
6888
3896
9596
9243
4974
923
6034
8938
3661
942
8285
3738
6696
9112
8018
4312
7804
5743
6540
704
8833
8098
3450
9139
1450
7925
4087
1909
3660
5706
9124
3835
3090
4050
5206
2714
4955
3047
8976
1920
671
9999
1504
2953
6201
4745
8692
4560
1827
3175
5328
6337
2573
4556
8739
2010
27
3996
7173
8436
1441
4964
1848
2588
7989
8964
7920
9181
4697
6131
2470
1442
7665
2512
1905
9387
5055
3672
4995
7300
365
6415
6817
2946
1507
601
8256
8927
6407
2265
50
1015
2964
8314
6377
9936
3794
1897
7834
8638
8769
2334
2198
4681
7570
2255
8787
4205
5626
9965
1915
7982
3333
3325
6890
1612
9426
1067
434
3702
9717
8566
2008
6203
1228
1531
9037
8793
9636
8235
1163
2628
7726
1583
5811
1097
3379
8246
6525
8943
4433
4091
8348
8965
6836
2890
5157
2213
9383
1710
1899
260
605
8015
8899
4022
1581
2146
2302
4153
9478
4068
8041
9990
4176
6053
3796
1675
9244
8541
3910
1526
3969
1423
2200
9822
8271
2119
3548
5327
5613
1667
6032
9414
173
1153
6462
4889
4525
631
6085
3087
3274
3447
7846
474
9469
2075
1839
6241
2002
3452
8424
8471
2132
9278
4391
7703
5274
845
7101
8243
4379
7895
1359
420
4389
6152
619
6941
5162
285
6517
2577
9026
128
2307
2983
3688
6894
9603
9961
3453
2833
3058
9041
8472
7032
53
6504
5296
1606
6307
9866
9895
6783
4958
2287
9959
6770
1923
7874
4243
7460
7602
6694
399
645
1533
2339
5987
4741
3878
4852
1405
624
8590
5925
5315
8737
6997
5845
1855
5213
8497
5246
2458
7802
2428
444
3015
1917
3994
1741
5878
6446
8435
2970
9279
4210
383
5597
5099
7907
3312
9886
6798
6604
5908
482
7179
6110
3160
7725
1377
7201
2756
7653
7950
6916
5591
5773
4376
6072
6498
5439
6041
4401
5875
170
6507
8971
2438
9913
9317
8681
1884
8038
9400
550
8191
9896
2168
5720
2675
4824
1342
7679
3577
2037
6618
9670
7828
1448
6352
4738
8558
8415
5230
6225
588
1565
4614
8189
3105
9073
599
5167
1544
2725
8162
1984
8816
5920
6087
9068
7932
4854
5897
7084
7118
6598
667
8799
5668
100
7057
9646
4065
1771
6080
4320
8575
618
4828
517
3137
7311
5453
1560
5324
7143
3053
1125
7197
5711
7278
1699
8593
4716
9828
9174
3706
3462
8267
3788
8963
9940
6850
1780
9380
6456
5545
9846
8855
7904
8305
3584
2498
6635
8954
2718
7700
127
2541
4646
8550
9604
947
2860
4912
1271
3259
7153
463
5418
6189
9914
3692
9949
2824
5478
8219
9431
184
4221
8155
8933
6160
9997
9614
7783
7808
2766
9716
9771
5458
8151
4248
8303
3842
1537
3707
6421
1085
9679
1148
973
2819
6333
1630
3265
1764
2266
5525
261
2323
9306
3511
2476
6395
757
2320
4088
9196
8406
4411
7592
9104
3368
3944
7294
283
5918
1707
5443
3382
3723
6519
627
2793
6277
2552
6812
135
7332
9246
5968
1858
1350
1586
6585
9722
7452
7234
3211
8102
6542
1716
9378
8294
1573
6202
5652
6677
9588
4905
5410
9677
9804
4573
4270
9065
2815
6349
3908
94
3391
930
5211
2755
3941
5752
5518
3572
3741
1313
4624
4835
3307
4165
1891
7591
3952
0
1989
5068
9712
2116
4904
2092
7903
959
5730
1695
2262
6497
5250
1517
1781
8242
1693
6944
4619
9000
2839
81
4961
4175
6990
8157
6627
2547
7509
9807
341
2474
2067
9937
5320
4675
2597
837
5278
7474
2538
4574
7660
8630
475
537
6872
710
8259
7755
265
3435
5261
5164
6586
9141
600
729
189
7539
6413
6636
7427
6864
5488
2245
4645
7908
6879
3961
4250
931
9605
8586
1817
8090
647
2897
2691
1902
9407
4991
7616
8845
5689
7840
2393
6877
7529
6460
6562
8659
5803
7351
6343
5977
6146
4275
7546
4101
8928
4084
384
8295
4922
2308
2594
8574
9214
5621
1033
983
2763
6409
4296
5799
7914
6298
1419
4998
8249
5321
4211
7827
3492
2120
1852
7482
1885
4954
2448
144
2251
9324
8516
9862
7605
7127
5829
6927
120
5499
5381
5483
5707
8378
761
1754
8008
4269
3192
6153
9048
4757
8689
5695
3628
8010
8813
3291
8961
2505
8721
4568
3989
2351
2218
9106
218
3376
5384
1427
5285
1979
2494
3903
9954
2038
9724
2506
2796
6184
6056
8225
1241
3019
6315
7478
7974
9759
8476
7193
6261
4016
2655
3497
4048
1265
6650
1333
2129
460
9103
8535
3033
6746
5995
4455
1106
3141
8991
5040
7387
4114
7477
9312
8091
4367
200
7953
4990
2173
9205
1653
7336
2199
584
2497
6132
7102
8572
2689
8023
5852
1628
4677
3973
4181
5395
8873
7440
3954
3488
9784
7963
8812
5993
2709
5604
8857
1769
8717
4100
2172
2532
3221
3824
6533
2496
3703
3069
5406
6842
5764
4510
702
9741
4330
4569
5737
1052
6370
4138
5549
581
5964
9232
8494
4792
5841
5136
8894
1378
2055
433
5326
325
4246
9556
1309
2811
6607
3880
347
8062
1137
6576
5579
8962
41
5069
977
6905
1379
8702
8951
481
7749
6324
6818
3883
3345
5090
6222
9259
7256
5273
486
1076
5075
4632
7781
1682
9247
9258
3165
4082
9858
7364
9631
6022
2732
1660
4152
2677
792
7851
5339
1857
4950
4116
4290
9943
3747
3247
4893
4313
8223
5450
3522
4117
3330
21
9157
8786
5474
3588
654
2003
5386
1251
2078
431
6051
1567
8012
698
5760
5821
7957
58
9624
2583
3070
2704
8345
2389
2602
3198
9023
8909
9629
8866
8387
6021
7852
3612
6364
1154
1112
6757
1532
9659
3715
8192
213
8135
6259
6529
480
2963
9213
7623
777
4999
7695
496
8734
9454
914
8625
9963
4206
5372
1952
6175
8270
9269
3179
9825
448
2024
9831
7671
1751
114
9996
6067
8745
4946
4601
782
3940
8001
5580
7537
9966
4687
4408
1126
9974
7375
2176
1358
5588
5690
6428
2374
7485
1773
2707
5778
2605
4124
3288
894
7986
809
6248
5454
853
4397
3030
4539
3808
1197
3099
4322
1135
1838
8653
9343
8770
3044
5896
2460
5104
293
6634
2949
8736
4111
4285
6155
3531
4237
5485
2825
6082
4365
6151
9166
4660
4063
8045
965
3084
8645
6118
5243
196
2854
5466
8152
3420
3681
6537
267
3007
2276
9867
9529
9521
9087
6363
5051
3481
3459
9331
6590
1730
9429
4724
6973
1341
954
2032
1965
1375
1025
6121
3396
6693
7422
1702
1258
3434
6221
3209
8886
8136
8361
7255
4537
1291
6700
9910
779
4988
9687
7028
3240
8417
6724
7225
8171
6217
712
4110
3659
4011
5508
1728
6103
2821
2974
5093
8691
7627
7523
8105
2216
3348
6104
4351
8624
4266
8016
609
7803
1622
9884
3290
955
4794
5199
329
5323
8058
1363
7866
7263
5623
4649
7672
277
4576
3632
7819
663
8389
1428
7141
4707
2954
8821
9635
8937
7766
2810
9012
8394
3293
9829
6468
6917
9226
3226
3697
2690
3380
2937
229
3248
122
4078
8370
9761
19
5583
7754
3430
7524
2301
7445
6171
878
1017
9666
8934
4004
2126
4911
8885
8534
4271
1365
9942
7339
8729
6754
8583
9736
5175
5962
248
6232
3363
4134
4231
1498
6965
5515
678
508
6943
658
7148
7685
774
5986
4812
9579
8364
2376
7636
1355
3116
5119
607
1107
251
7990
1468
1849
9719
6410
9098
8506
7215
4424
124
5576
1404
9436
6035
5798
5616
1242
2924
4713
1088
3813
5317
825
9833
9854
767
7181
7723
5251
4865
749
9618
7981
6925
2565
3371
6101
2107
5179
7905
3505
3397
6303
1514
9544
1046
617
6083
7088
3049
5712
6276
9644
5335
5072
7495
4251
8900
3321
9986
889
2501
6318
1637
7521
8266
1352
7465
738
9473
758
1969
5340
724
9816
8502
1529
2849
4711
793
5904
9321
4098
3521
4506
6691
9519
3309
6078
2791
4144
2123
8765
7505
7601
4861
8203
4823
6477
528
6281
408
1234
4602
2803
3465
1864
981
6863
3656
7722
4647
7984
9412
8146
7558
1464
9056
4702
4822
3555
2595
6165
2510
5881
1862
4613
7298
2746
3267
5123
9793
8226
8099
1962
7009
2881
1727
453
2607
2258
8059
4804
5124
8027
2073
5329
410
9939
9409
2846
9234
2645
3419
4770
9009
7400
4512
1903
4873
8778
3874
8174
5302
4463
5607
975
72
8986
3906
5924
8524
4831
3679
5044
9228
35
5521
9064
5936
7850
7076
7973
7310
535
7450
1635
3322
8281
5555
3277
7162
5143
8464
8491
2526
1319
8511
7017
2247
9295
7251
5646
2357
5728
401
5155
7987
8391
193
7930
471
4223
5548
7341
423
6002
9946
9255
7182
4572
8810
6531
1737
5348
177
4268
525
1725
7249
4284
4041
5172
5651
1190
9389
5578
7423
5346
6679
7425
5874
3461
8559
2456
6136
6129
2711
5295
2875
7635
1056
3582
363
1835
6809
2407
8330
4533
2208
9983
1284
5963
1793
232
3161
1055
533
4142
2441
4746
2635
5239
9763
1643
7489
7325
3217
5027
7540
1999
1213
5428
8834
6172
3219
3039
462
4638
8941
4765
9059
2036
5636
4126
7530
7510
6937
2337
406
8250
1697
8024
6657
6748
6516
1955
3311
1059
234
7373
9649
9930
7287
4663
4426
8569
1933
5049
1978
8096
5635
7030
1209
5183
7622
4773
3224
830
5698
3197
4605
2631
9638
8351
8888
8444
9929
6587
6418
6730
6228
4771
3652
8797
6849
6033
8437
9230
2642
6824
1305
9096
5355
3088
1750
817
9479
6442
5637
4053
6896
9167
181
2473
9733
6119
4062
1720
8140
1575
7673
9877
7814
714
3635
5446
9820
718
898
1411
730
6731
9493
2190
3636
7909
1182
2785
7667
4578
3149
9528
6719
4864
8044
1376
8324
5056
7421
5283
470
6790
9346
5205
1191
2451
5271
2331
6871
2296
6474
9815
2664
9185
4637
4476
7090
9203
5020
7863
6813
8817
6698
980
4486
734
7843
4876
4494
6322
9368
2237
4899
3489
912
3935
630
8428
452
3203
9675
5438
3890
9375
8439
5480
7313
2136
6374
1527
6308
988
8120
2472
8889
7991
6763
1564
6123
9565
7357
3786
2108
6060
5958
7396
1755
2966
6191
3468
1384
3456
1290
3174
5907
8960
5871
441
5030
7499
9132
6958
9411
5004
9072
8881
9206
7142
9688
5517
2637
419
9314
3148
5440
9865
9135
3580
4306
1960
9928
3495
8576
6157
8648
5505
686
3155
6490
9498
7604
22
5892
1484
795
5026
3720
2610
1370
2087
2440
7081
9052
5023
2544
9222
60
6475
3533
9657
7317
7714
2365
6405
7795
270
1315
9808
4471
1400
4229
4575
7746
435
7018
1455
8304
9882
8408
7516
1824
9039
4942
4579
104
5496
9751
7328
1791
5996
4039
4162
1002
385
6901
6263
4308
751
3220
6637
5630
1911
6057
7588
7693
9287
2570
892
5447
6825
8154
6557
5655
8310
8299
929
2052
2314
9960
7753
854
8282
519
1981
3997
125
1276
7994
7356
7004
9610
6148
6216
3482
7955
8420
309
1166
6631
1951
9935
2965
9850
8083
4083
6086
3098
9115
676
1222
9927
161
8032
5465
3953
3713
7443
823
6424
5669
4254
4024
7580
4184
6097
6993
1519
2813
5694
5401
3701
7869
3699
8086
1830
220
8170
9725
1644
789
1605
6985
1307
2500
5792
990
946
9466
6375
7309
8323
2627
7980
1207
5512
6379
6629
7743
8196
6279
1418
1492
4661
2457
5807
8358
6076
3565
5886
5063
5357
4061
1579
8334
5794
6185
157
7526
5282
6855
4478
1008
1551
3669
4399
4501
4002
8462
1453
1184
7620
9495
5900
2225
9507
2603
7619
6016
9554
163
3988
4242
3460
8229
4028
6702
9560
842
829
2762
3852
744
899
8935
6641
3034
8365
2169
2653
9830
8202
8515
8337
4627
4720
1282
6784
4692
5685
3757
3478
6081
5763
4203
4097
6908
9555
4130
5134
1624
6020
3113
3269
1733
207
2797
6332
7333
3082
7077
84
2735
1528
5771
1082
6914
9890
1420
8215
3350
4076
9070
1134
4975
6743
5575
3026
5721
1198
5086
6064
7593
8987
3905
5258
9172
3783
9609
7403
4218
8897
1326
6611
989
5622
5567
3389
5557
6204
3422
7144
3390
3917
8865
9217
3147
4090
5270
7293
2556
5204
2945
911
2514
9984
2117
9410
1074
6684
2387
2268
5541
4019
9131
3932
6499
4583
5
7876
7885
8723
775
568
6359
4860
6904
6579
9641
7059
2431
6947
312
4925
9637
4244
5562
8526
5200
2478
7398
621
6258
8212
9121
2693
5596
788
8513
7083
7319
6164
7927
684
2778
7121
5308
6154
918
179
182
2802
1160
9438
8363
3118
6827
8117
168
9678
2568
9505
6234
6044
6867
6181
8908
7583
3683
7689
9570
2434
3899
833
1557
8230
5584
2976
3279
7712
3409
4326
9576
5306
6991
8446
6574
7456
5830
4636
1513
2342
318
7110
3347
8297
5605
1364
2427
2378
5866
6964
4115
461
4014
8718
276
8542
872
5264
8633
2366
8719
7567
6889
2956
4818
3300
2151
3638
6616
8159
887
9552
5238
7124
5912
3567
2250
1339
3062
4761
2274
754
6038
7514
2025
5759
3593
1192
5464
8447
6745
9021
7040
1842
239
322
208
8616
1634
8158
2705
1963
2942
2026
9947
3229
958
4966
4409
8119
8714
1353
9613
8483
357
3075
5625
3543
5970
8914
1061
97
4222
5532
3676
649
9421
9360
6417
8510
3276
9619
298
6284
7190
9756
4180
4748
6558
6857
5482
5432
1472
1173
373
6386
246
335
1900
1851
5043
4754
5642
8662
3072
7806
3151
9
4547
6335
6404
6300
1549
8641
1396
8932
5479
1304
7737
2781
1388
2034
896
8218
2204
8684
1084
4417
8830
7120
6500
8851
3436
1466
191
1119
8262
2727
1876
7442
1541
9067
197
4454
4609
1332
1494
2362
6211
5293
9054
1798
6390
160
368
4986
1908
2186
1266
9061
2741
4755
3948
6311
9563
6436
2712
2922
3564
4262
2891
313
926
741
8595
5775
9790
1603
5939
3541
4766
9541
4197
4666
2751
149
6703
2098
9150
2206
9683
6953
5301
7267
634
693
9237
8580
9148
7573
4006
5929
6274
5481
4590
9240
8037
3974
9749
396
7001
4093
6065
554
655
685
3331
1031
2620
8268
1204
3305
9705
2858
412
5344
1072
7434
8280
3476
1732
1568
5704
4182
3571
5444
1260
9591
4054
1024
8995
8375
1263
3784
143
3864
4516
8879
8127
6869
9696
732
674
5519
9049
9647
7608
1656
4034
6907
3060
4604
3922
3071
5102
2649
5650
4880
3526
9058
1259
7061
4327
6804
4811
8423
3494
9757
5906
816
635
3631
3222
337
6589
1756
7394
1992
6237
3162
4196
7945
4591
2564
4715
2736
1398
3385
6472
8481
7370
9394
4214
8670
1804
1684
932
8798
8563
5311
4422
2110
5202
952
6668
2537
8241
2414
7692
9753
3270
6692
9546
6045
8555
9422
6870
9897
4896
6220
9109
4493
1547
1223
464
2489
4536
5266
7353
8754
6414
4298
7301
6744
2786
7019
8006
2697
546
9789
8289
7691
5168
7283
2292
2601
2435
3978
3313
597
6826
7472
2175
4274
429
717
1510
2640
8891
56
7830
8644
2368
1802
3694
5492
5096
7338
5307
4927
3086
7631
5146
8025
2042
7003
9685
2453
6447
3236
5994
6928
7933
3443
3041
7053
1559
5221
9210
3518
9446
5688
7462
6113
2144
5084
6811
1837
1949
8426
2990
87
7307
6480
8764
236
5235
9738
5744
7508
2297
1525
2121
9653
3714
1429
477
1021
8490
2665
9211
9814
4909
2933
566
332
4653
1672
5210
8762
2904
6250
5017
3972
8750
8872
3545
6511
7707
256
7104
7296
6632
5888
6368
8030
5647
1760
4698
5256
1522
9773
9263
4634
5990
2180
9292
7956
2748
1886
6688
6385
5736
7699
5784
85
3590
4895
648
6780
3550
5853
949
4657
7584
7708
1535
8194
2372
7164
760
4429
6061
1746
2574
8273
6821
7129
8019
7929
8156
9534
5592
9870
1417
7565
8678
5595
7392
6583
4679
78
8325
7006
7302
9325
9105
9415
585
7265
3283
9931
2927
2182
3000
3981
6394
6252
8186
839
4123
1829
5746
9266
4256
9755
4695
8149
8382
5648
1825
564
4534
5254
1477
9199
4465
512
9798
6069
4774
5610
5774
2181
4470
6539
7457
919
8359
1748
9338
8860
9254
8856
8597
8564
1794
7733
8742
8404
7314
8819
9590
1599
6951
6207
8768
5657
6765
195
2598
3094
4923
7886
9778
5538
6485
755
9088
7771
5938
9575
4849
7222
3861
9111
3594
9958
3601
3360
8228
4440
1124
459
888
3316
6670
8478
5112
344
8805
1486
333
9911
4554
2149
6547
4023
9125
2043
5686
4963
1256
7458
8552
9892
4479
3501
1252
9608
7220
2015
9979
1132
247
4215
7694
1735
6075
9697
5603
3742
6068
4751
9801
8775
9915
7075
5928
485
5984
438
3402
9599
3562
7011
224
4557
8063
1060
6289
9889
5639
3911
4332
9417
6934
9920
1894
8720
215
7875
3485
9395
5032
3373
2005
2834
5197
3816
252
3605
6213
9975
5656
8922
5325
6886
2555
4447
9734
4046
4500
6330
3080
4729
5412
8901
7152
5280
9060
1681
5190
2967
9251
301
6854
6024
388
7999
5433
424
1050
4432
4758
2624
7449
7574
9511
3439
3568
7624
9354
9434
9277
4530
8538
110
857
7382
7821
4673
1856
6367
9171
553
7125
1705
7012
6615
3257
5934
7894
2373
1288
82
5847
6177
1218
2629
8517
2142
5021
9443
1503
235
6180
8529
6786
7262
1232
8190
5130
505
7022
5380
2779
9165
2412
765
108
5810
1967
7571
8705
6383
8092
9455
6111
428
1763
1505
1105
3644
7320
5045
2989
9630
1991
9005
1534
8530
5856
5755
5388
4131
6353
3364
7188
996
3677
6265
7799
8298
591
7776
353
7380
3207
1936
855
8239
4505
5392
3869
1023
6437
6240
8198
5038
7536
9520
6644
7613
8722
7702
10
3143
9444
3154
2994
3879
2432
5071
6803
7704
6860
2680
8214
7352
9903
4508
8247
145
371
6792
5241
3073
5678
5337
3055
2823
1103
9270
4989
9550
3579
8884
1170
4580
1904
7975
4481
5967
3407
3630
2278
1051
9656
8883
288
6895
3228
473
2845
6235
6212
5507
9007
1918
548
6685
5745
8128
8712
6345
9110
1416
6852
7029
3711
1048
1865
147
2167
8892
4760
1030
8193
3004
1843
7504
7416
7466
9262
6088
92
7415
1556
1081
6640
4650
3907
2475
8785
6680
2187
3805
5367
3455
746
6371
6260
1294
7286
1038
175
2972
9452
7378
421
8133
9322
5498
9391
6989
9347
3769
5614
586
6059
7082
8501
9625
306
679
9655
9934
5290
1964
6271
4714
6706
1901
6369
8454
7417
6411
4287
3764
1670
1620
970
6994
1671
7676
3686
1595
4200
379
8915
9577
3745
5956
2041
3438
4163
6588
6839
791
7411
4808
7533
1869
7500
3599
1286
9339
1932
5022
7576
909
9003
7254
7385
3079
4325
8178
9187
5883
4863
16
8432
6491
5161
1139
69
1249
511
1210
9545
7371
7970
4615
742
2053
3188
6567
4780
4599
5748
1906
4362
1034
3028
9645
6484
5194
877
2554
7900
17
4104
4731
1253
3186
3310
3074
9189
2316
8747
6649
4984
7146
8372
8393
4198
3627
6805
7913
2882
3650
8028
1614
3885
7074
6922
7367
3990
1928
5539
152
904
2466
3502
6834
8355
1990
6593
4458
5676
1970
8902
9887
8343
6923
4277
7887
3773
188
5451
940
8489
9841
4149
3449
1285
8565
5530
5785
7192
1075
7721
7470
6013
987
2164
4979
7684
4526
7751
9898
8430
2683
2539
8216
4227
8184
9406
4436
1456
8940
9819
2888
2311
2072
6935
9799
4311
9481
3648
1833
2340
5087
8815
6624
1985
1403
7453
8181
559
3131
2995
2312
8346
7109
9482
5279
7515
3729
1786
2012
1872
413
9992
6955
821
5733
8814
2238
3006
7727
4918
1155
6528
1392
7498
26
4441
1929
5171
9002
5387
5490
6520
6229
8690
169
536
9327
2259
90
3167
8068
9119
3733
8484
4566
5991
4972
6247
6008
2878
5156
891
8672
5467
6651
1572
874
6712
