9353
6204
2073
9180
7574
285
7003
9424
1969
2849
6499
9055
3784
6141
5337
5817
307
9606
4600
2756
734
4249
2279
5007
9766
6337
6858
6704
7249
1658
602
114
5889
9687
8454
7065
2141
4251
143
4913
2046
460
9209
9813
3634
3832
5496
3733
9464
8717
405
9738
7867
6445
6700
4843
8380
8071
6819
9709
9673
8562
5529
8704
1092
739
4305
9746
8700
8200
9870
5574
4702
7594
526
8333
1299
9216
9088
7457
2271
5678
5810
2001
4072
2529
1656
9179
4578
969
3411
3758
5866
5513
1424
5483
9841
4914
7104
7673
8888
9045
144
3549
800
6769
7522
4889
6022
1889
3590
5270
3026
7171
5328
2000
2426
2125
552
5201
8588
6341
8722
4894
947
1389
168
1825
2025
8832
8219
5985
4566
6381
3444
1479
3332
2051
5076
6094
4185
2214
7087
9834
9104
3491
5234
6724
7163
6933
8277
814
1961
3602
9202
7766
7463
8743
1491
8346
9108
625
5373
1517
3027
7411
2689
1398
314
8270
667
3187
8995
1211
1132
1266
3773
2752
788
6521
8865
9720
5798
4524
8457
3042
9201
8338
6115
1033
2890
3927
2394
1525
6904
6311
3714
2159
5413
1635
5467
9494
8449
4799
1964
2754
4567
7702
5838
6540
6550
4928
9894
9339
6823
6584
6059
6080
6001
7669
5772
3617
5836
3370
4513
2892
1652
9528
5779
1715
9350
5511
1377
923
5217
8114
9810
9569
7062
7865
2771
7414
3450
1807
9034
6960
3687
5886
4455
4509
3917
1190
4579
9457
9609
9079
67
241
1146
1593
2043
929
8358
4820
8715
5578
108
7775
1154
6102
3344
3828
7882
8726
3581
5835
9864
8004
3527
4902
8966
6035
8221
3809
4202
748
1440
8479
8041
1410
6126
4286
5579
2156
2419
2625
8146
779
4616
6190
8854
2041
2220
5697
5780
1492
518
3747
8616
2967
7635
9850
6654
4678
4438
6875
9629
173
7943
4570
9757
5259
1279
7763
1587
6567
8382
8477
5519
435
230
6374
3845
5562
8852
6969
6559
781
9572
4362
3879
5761
5915
6454
9867
826
6432
871
8738
6079
7407
60
9492
5204
7074
1828
3053
6946
9822
3361
2297
5557
9508
7121
9791
4660
5449
1535
7748
5050
4801
6977
8759
3739
6125
702
4200
8545
2929
8627
1350
3124
4411
7564
7452
7209
1746
8421
9536
2452
3262
738
5771
5335
7925
8913
5921
4163
2710
523
9780
6106
637
7858
8861
2650
7412
2288
9323
1982
9204
9059
1508
9413
1597
2568
8930
3976
6662
1953
9398
4474
8084
5147
7571
9016
197
6304
7160
8054
8508
2245
1294
7948
2508
190
1931
3686
6114
6689
6749
1985
5524
1427
303
2667
6702
9710
3956
9476
7191
4841
2907
7792
5601
6869
1748
7991
6440
3274
7704
2054
1901
1057
318
4503
6389
2253
5957
612
8936
6810
9960
9739
469
5089
4605
5378
559
4471
2565
8283
9433
221
2145
613
549
9804
8764
1014
6257
117
6442
4315
6144
6471
6230
872
9418
3824
4317
5814
4932
5716
8155
5310
3148
3710
2111
6223
3235
2509
6036
6193
4640
4691
5257
8029
1542
8740
2367
8975
1660
2399
7652
4313
1672
9614
1530
2478
7239
4495
5708
4231
3880
1366
7194
1445
601
9760
1022
9005
7901
178
9210
4226
2622
1573
4144
9275
6310
2341
6023
4620
8555
638
1761
3657
6684
3099
6041
5912
8608
5515
3164
2371
37
6740
1189
73
2564
7846
2402
8362
3082
9426
6055
9443
4063
9393
8711
7321
3352
444
2835
7358
1070
1617
4290
747
5128
7810
6449
1169
3257
608
8880
3291
6318
5752
8637
8871
5189
4328
3776
1973
45
3668
8152
9290
5571
942
8099
3706
624
5841
9814
8182
9138
4533
9702
712
6572
5926
1446
662
8866
6752
8559
9511
9967
7808
5407
2420
1972
1589
2603
6708
1194
8113
9119
2636
5827
975
8484
3886
7738
4589
7835
9988
7554
2837
3697
9307
6431
7251
9938
7444
7165
1305
8524
7959
5402
2593
2590
560
839
3290
4543
9788
9438
5318
4634
4334
2134
3347
3884
4837
6463
1529
866
287
6897
5996
3992
7464
660
8066
2464
9063
1387
4938
7283
4815
9668
2868
5428
4314
7985
4098
5051
357
1484
3961
7830
5929
2550
8178
7718
8535
2023
7751
6850
3229
185
5753
1074
1503
7127
6941
467
4519
5453
4854
565
1162
421
6328
2589
3597
15
5508
3673
6322
4654
7874
3987
5591
9054
3676
6664
1459
3497
1739
4862
9639
9730
4502
4222
6283
8824
403
9437
5271
9608
5009
3796
9689
7466
2072
5340
3063
2126
766
2726
5028
3974
3623
1356
5438
9571
9662
38
3302
6132
29
6415
8293
4936
6593
9371
7360
2076
3919
2561
5282
1760
690
8910
2081
8445
1300
8594
8660
1869
7346
834
347
171
4284
2283
677
1719
8012
7299
4014
8044
1531
2612
5654
4885
4274
9726
8040
4783
7838
8512
1555
9931
445
1605
7380
694
1636
9412
1795
7713
8652
2197
9336
4435
7462
9298
321
2203
5255
6447
5602
5307
5385
3289
8434
7930
7760
4321
6182
4852
6940
5649
3245
349
3530
5442
9749
7333
5776
561
3692
692
1041
1068
4853
1365
659
6860
4994
1347
2239
72
2624
8120
3943
3174
6999
7645
6437
3260
2175
6423
2592
2919
8505
904
1713
4066
1443
4683
5287
8709
9385
7557
3960
503
5908
1643
6569
874
7330
6133
5423
7229
3745
8486
8170
3588
2899
5448
3300
6177
3463
1308
7826
2185
2620
8317
8257
9610
1123
3123
4404
4488
2022
6194
7823
8276
5099
478
8991
6474
2215
3116
5861
5404
6159
7316
5481
8971
258
7356
5821
1811
2908
6767
1511
5229
5982
5010
8042
1093
8302
3830
6049
2971
9535
1160
1493
3058
4140
8464
1120
1998
7711
522
6459
5188
1690
2030
4535
2027
2472
5457
981
415
381
6800
9486
3441
9294
7511
604
6885
8613
9086
5647
6937
4554
4915
4367
1270
8685
1797
4492
6576
5175
1975
9623
9020
8341
6748
670
5434
5190
9740
1396
3234
9722
3041
5935
939
3382
9839
3492
5643
7025
5314
3216
75
7351
1822
7849
2722
2690
320
8050
6148
940
9107
333
9162
1586
2070
3326
6965
1780
7662
8624
7966
7727
3869
1175
4647
6103
1840
8498
2618
3887
2149
250
3060
8617
6849
8925
8259
7949
3907
6998
2247
7196
9565
4086
9605
6444
44
8330
7920
8625
9092
8134
5799
6075
5093
4942
3901
2042
5365
7154
9230
4493
8356
7148
7086
5576
1341
427
7136
8698
2143
8893
701
7992
2204
3693
4708
658
2013
846
6891
3101
9948
4118
5230
4587
8859
9645
4262
1967
720
6728
8062
1419
2775
6186
5674
169
6610
4206
8285
9392
7964
1271
5059
7181
9017
7883
9884
7376
2706
412
9651
9067
1755
8411
1464
4547
5426
2107
7809
6666
6460
7134
6707
7060
6677
6003
3920
8786
123
953
9239
9311
1958
1498
5062
188
8481
3
2688
4106
9892
6599
761
7352
9122
9415
4626
4642
9650
1335
5888
9893
7735
2980
9232
2212
7732
6406
8857
9677
9444
810
4934
1865
6131
3644
5622
80
9113
4191
3948
1977
3342
930
9462
5149
1960
710
3696
8015
7785
5963
730
4419
9979
6574
9435
6256
8687
4432
1974
328
4706
2623
1499
5563
180
4385
6366
7642
6964
6609
8316
8260
1013
8202
7448
3810
4083
1081
6461
383
2698
6263
5852
2671
927
5582
2602
3669
9941
8650
8104
7888
2684
7090
6486
6818
7461
5394
6244
5844
453
2903
4484
1799
3565
1267
7262
4446
8519
3875
7850
6693
1428
6212
944
7172
7224
8074
3118
4670
5680
4536
3306
4627
8348
6218
5091
4050
9976
8213
1864
3333
8526
1912
4522
9358
8206
3433
6253
214
1208
7045
7225
9115
7332
4682
1703
699
4831
4177
5417
2299
7183
8579
2365
1454
6479
7235
6827
9403
6932
9638
8908
2441
474
4108
9127
3034
1246
4365
8145
537
8847
9421
7383
1545
1562
3959
5220
3486
9194
9362
6329
3461
9174
7138
1167
209
6347
1370
8336
8544
9300
6123
1731
3104
6877
3509
4958
6883
3926
2151
2833
8827
2700
5805
298
4649
366
4372
8286
9483
5778
7982
2654
6217
3691
7301
2375
361
2818
3664
2938
1007
2259
4244
557
226
8376
859
367
8681
9302
477
1012
3061
1611
718
4123
4838
9095
7492
5949
8232
2845
2430
4773
5135
291
4562
11
5545
9246
4930
4100
5117
8846
130
2093
5008
6127
2629
409
9966
2038
1242
2981
8714
1644
8530
3967
4006
1420
8322
2781
6770
3609
4758
4304
6607
1437
9272
961
7786
3365
5186
3995
9262
4097
5144
7079
2846
3764
6990
2886
8347
172
3559
9455
8278
7695
6557
2944
5687
7533
8009
516
1924
8907
1362
3439
5475
1408
9682
8927
4055
5367
9379
1803
7639
8363
6615
1278
4736
2003
3490
3653
1316
3304
8602
4024
1601
6976
4414
6753
3792
3896
8640
4867
96
3996
1039
3936
3452
555
1035
4386
7335
5941
3732
4614
3808
6802
5459
7656
9200
6065
4134
5796
3155
7546
1607
2824
3517
6985
2724
335
215
4129
5739
8198
5090
8323
4189
3624
5489
7214
1203
4213
6307
4828
4487
3057
6339
4798
7339
8164
3689
9100
2632
3458
5850
4882
7395
749
6352
5631
7902
9628
5865
1524
3111
7164
7377
7048
7405
2321
4475
2349
2584
5932
3843
4068
5038
1884
538
2644
86
306
6435
7847
3576
8985
1113
5656
3231
7677
9074
2668
3269
2895
6462
6484
9001
2831
3270
7338
4273
6458
1287
21
7836
6602
2332
8963
1142
9719
9206
2310
2340
6668
3754
163
7726
3833
6289
9975
6705
4596
9370
9718
2786
3716
9255
7008
1894
914
9642
9825
1676
9869
4693
9987
8289
4065
5667
2829
8126
8461
4281
3648
8424
2268
5395
8993
2032
5813
1922
4891
2678
8762
5077
3390
9521
542
3152
7753
9040
6905
922
3024
2815
616
2069
5131
3975
797
3415
395
2113
4319
5017
3339
2576
1757
1726
8547
5083
9640
1043
8058
3376
5881
6981
8934
7257
7895
957
4613
9819
4130
3176
4116
6516
3899
1677
6181
1225
994
4540
2291
2852
8648
1083
9622
6586
6733
59
7845
875
6992
8077
1898
2585
6294
9167
9543
2131
9993
9630
3941
7963
5688
2115
6173
2235
1891
4556
5744
2731
354
4628
3788
920
3070
6650
2170
6301
7889
3651
6336
2682
4534
4940
7887
5476
3870
5207
6324
6097
5934
1442
5548
7591
6732
2711
5748
4603
4018
1801
3478
4742
1872
3713
8485
4573
2361
9691
913
8475
8142
4114
5401
9958
3557
8396
228
4650
1137
2146
1099
9497
2842
4582
5747
3867
4265
205
4360
6089
5006
1566
4900
6009
6539
9961
1950
3770
2270
4468
8294
8215
48
1364
687
3503
7755
8355
7879
3244
5736
6590
6636
1191
1649
6305
4847
6497
6350
7259
1673
434
6349
8371
1256
5026
7618
7311
1199
8208
7960
7891
1951
8947
1217
7777
4338
1622
1861
7551
1940
4408
9390
2826
9579
2416
9110
1619
2806
5292
1069
4580
2920
9939
855
1031
4806
170
965
3384
3150
1196
7636
6649
5717
7455
7449
263
9072
9450
4746
4405
3643
2221
1552
4607
9654
5612
858
7605
319
1993
575
2002
3137
8536
5521
9657
2915
9963
9382
231
8554
6743
3574
9866
1197
25
7905
4293
7872
4423
2535
8673
1500
9499
9620
8370
4119
3850
4246
1340
3496
2963
3578
1138
5713
7152
9327
240
971
5494
7363
2422
9321
5272
9512
4662
6757
7340
419
707
4287
1790
9176
5756
342
9937
2870
7612
9109
5605
7643
7764
8378
1594
8209
8399
3827
351
7147
4791
332
9132
9019
2339
2819
2047
9999
9116
324
5293
9378
4546
7693
1625
9872
8967
1249
9075
5283
970
7762
8483
2515
7210
3969
4667
481
2693
5992
6548
1693
1241
2917
759
5948
3652
6213
2304
1115
9517
3586
6069
4046
7313
7778
1461
5169
9117
5159
4821
5243
2300
5909
8642
7499
8504
8235
6544
2737
5356
7312
8055
1863
8549
2264
1750
6737
6084
6139
1933
2267
7056
3315
8653
3401
1818
617
5547
4919
8279
4696
1994
2273
652
4588
8678
8644
887
5363
8556
7042
9377
5694
6413
1754
4752
6971
5352
2473
8328
202
2471
6378
3294
5500
544
6861
4113
811
9199
8550
848
7295
2457
2530
1432
7752
5023
869
9901
8814
5802
2313
7684
5338
540
4829
8785
9847
5669
5330
8997
5105
5658
1608
577
1651
8312
9097
5677
6672
3321
2969
7660
8242
2191
7082
8308
9940
2391
7114
1723
8578
9994
1981
4507
5130
7670
4917
4325
489
134
4830
3823
673
2791
7344
1831
4651
70
3999
3020
6657
704
8467
3113
470
5412
3798
3243
4637
3923
7022
5642
7961
3455
1164
7592
7244
6192
7529
6062
2788
6425
8299
4437
7692
1417
9238
9661
9299
7361
5142
4893
2301
5884
9293
3305
9624
6605
9647
5216
9590
4992
912
8863
8097
1650
6224
6282
3857
5331
5930
9315
6534
2249
2965
317
506
5166
7663
8645
7761
4803
572
1101
2991
466
6685
3518
365
2643
4817
1478
3002
6603
9560
7043
4886
6034
2311
69
3054
9355
5152
4939
6004
1913
2556
1827
3301
1411
8996
5372
4557
3997
7624
4615
3752
640
2213
1576
4302
7478
5148
4861
2208
6275
5032
2364
1002
2255
8095
9301
3873
6779
7589
9452
1886
7410
3593
7054
104
1236
6722
3279
9013
8207
3534
8541
4187
4630
8802
8033
1485
1558
9778
5060
7811
1349
1777
982
8879
2957
109
6082
9596
8245
3894
911
5370
8892
835
9530
7135
9831
6136
2583
2757
3916
3130
2657
7297
1767
3138
5901
4157
9166
5769
5738
9658
3737
3735
6652
94
6577
1064
2763
2498
4199
9551
8656
9460
7840
4617
3533
7999
9396
5882
9507
30
9564
8629
9247
5069
2984
9386
7953
4445
6493
1229
1653
3554
8482
4851
6300
7708
127
6099
2055
2587
8090
8581
7508
4039
4848
5382
5239
6699
9178
9052
8663
9541
1992
6411
8290
8354
5530
6200
9123
8119
5789
9759
1281
8633
9009
8981
4602
8211
7604
3782
9509
2261
4381
4479
5098
7559
8313
5923
6847
3786
713
6789
6613
5872
2449
752
2734
1263
2057
7535
2825
9581
9281
6718
6750
2869
4770
8835
3141
7737
505
6939
5002
6578
4021
1312
344
6995
2566
2077
4087
1679
3348
3726
8903
2447
2575
3341
9927
4970
5029
6299
6346
6863
4827
4430
2338
1854
6798
4242
2755
2412
7081
1512
3403
103
4460
9910
7957
6820
7248
9405
8710
3791
5939
4008
4745
3098
4776
4283
9503
4865
2939
2692
4052
3472
1274
4741
4899
1990
2104
2248
4598
4085
4531
2608
7247
7476
8016
8874
6570
2306
5970
6058
5786
6813
330
6292
2161
8425
9010
7024
3951
643
3871
6873
8034
2103
2324
5987
6039
3073
3607
4212
4981
3147
8886
4218
1769
5692
5553
2712
1321
8047
2328
6903
5885
956
2337
8728
7593
7002
364
3610
1020
8397
5617
3836
3759
4033
9917
4219
9258
9708
6844
8227
2634
5549
9373
1641
6989
2652
7543
5021
3877
7246
3107
4563
8252
3072
7862
6595
4595
1937
8318
820
2154
8218
6968
9531
2440
2121
4496
6026
983
6453
1489
1394
1474
4220
5488
1957
9481
798
3966
1466
8798
5995
6279
3018
7531
7832
5435
8735
5020
1675
5361
7784
8794
6787
7420
6536
3856
3033
7821
4549
7893
8329
9451
3801
2873
7055
2983
7205
3303
4824
9268
2265
6220
8089
3069
8788
6524
8430
3771
3387
2770
8576
2285
8416
3089
8268
5336
7583
4080
457
8287
2843
5794
8027
422
5685
7465
4608
7798
897
6738
7974
9334
3379
3935
7256
5120
1766
65
775
6169
2940
27
3725
7665
2979
6542
7742
4082
8367
7252
7128
4599
4879
7871
1465
6777
8233
1227
5974
4139
1914
7289
4327
4514
8614
340
5804
1357
628
7091
3734
6866
2380
9050
8469
237
1181
6228
2091
2320
554
8691
5636
6645
6261
293
9093
4037
1161
1240
8480
5874
8491
8720
1130
2799
5730
8591
9923
194
5133
429
43
7869
4972
6950
9360
8598
697
355
4132
1909
3510
6386
1543
684
3985
7649
3223
9625
4912
2912
2525
2696
5840
4684
9196
6100
2817
2010
1471
8570
3210
1298
5552
2489
3647
7923
9544
3050
997
6806
5673
9648
5871
2814
8067
2004
6024
979
4221
7258
8747
5224
1450
8309
2456
8392
1765
6679
695
3562
5942
7020
3385
508
2986
4723
1027
8204
401
1501
6178
3025
1165
8488
2275
1449
3201
3406
3933
3989
2068
8862
83
8125
1707
8825
9597
1016
4278
3427
6547
9220
4472
7584
1100
6608
3971
8244
1371
1667
2891
7435
2524
79
5275
3398
9881
4148
9525
7468
7911
5218
5792
5143
6680
7754
6014
4216
2884
2483
4823
490
7709
5755
1251
3298
2528
9164
9014
7133
107
1112
262
1024
4490
1776
288
2959
8620
5714
1532
8261
2382
1782
8867
5262
7271
4010
9612
1195
3109
3022
592
9354
4096
7859
5925
3442
6276
2900
1023
9577
988
1609
7456
4685
4184
2604
4074
9318
9955
4041
5067
2614
4875
9526
5750
1473
4986
9770
6070
9765
8267
723
8746
8387
5432
440
1295
1355
2704
5044
5906
6288
3731
1711
5894
5570
6961
1833
5346
3806
1159
8705
9221
7355
4661
1683
4951
5398
5212
4927
7337
7954
9317
6240
9143
7910
851
5632
9795
8632
8525
6255
2102
3641
3311
5607
3242
2322
1143
7668
8585
8271
9947
5585
9367
7293
6872
3573
4291
7318
1821
7153
5202
8864
5945
2292
6546
9862
8924
5070
8081
242
5686
5362
7633
9653
7712
3988
8298
384
2465
853
3911
9037
4162
2167
1678
6325
2461
4337
2875
4516
4156
6098
7057
7975
9771
709
4963
463
7896
865
1574
7310
507
9753
2779
8875
7097
4796
2783
9742
2946
5618
1868
451
2745
9036
2130
7084
2368
8727
9686
3980
4434
7588
4677
3410
1507
4089
9416
9641
1153
8243
7368
1844
2326
8295
6184
7336
4456
6583
7855
5960
7701
3135
7362
7190
4576
5628
2272
7216
5410
2769
7561
6260
1114
3127
2628
6158
483
225
4173
7556
1551
3592
472
8838
7540
7768
5651
9828
121
9537
9467
7290
2257
4870
1689
1252
2681
295
9432
633
6751
4478
9832
4427
165
3778
7142
9465
8167
1704
8539
6170
6642
3196
7563
5795
8076
7995
6037
5763
7528
4159
833
8816
4965
6522
7386
3320
5782
3523
558
620
1837
891
4581
9909
4384
6254
417
2400
4858
4946
2702
7393
3953
1001
791
5035
6915
461
7173
1688
2217
4809
3637
4237
7590
4505
4618
6714
9081
8542
1413
8546
6758
4929
3287
576
8571
3035
9898
5993
6061
6874
137
1747
3467
2996
183
955
1640
2193
4887
1866
1269
2651
433
3032
1759
2169
6457
5468
3436
6234
5703
3419
4229
3722
4330
6561
1187
7101
8599
8282
9728
5194
8560
3356
9142
4606
9319
1633
147
7447
9468
2562
6631
4508
2495
162
8510
4529
4594
8398
2832
808
614
8086
7409
9161
3412
5403
4762
2932
2101
2747
2074
135
3775
9712
9604
5206
2985
3319
1220
1928
3629
4001
1319
879
813
1171
6239
3459
5139
2463
9934
438
916
3336
7990
5581
3286
1671
5109
9573
5962
7217
6894
2941
7287
4655
817
9454
2610
7009
8452
4910
2847
9368
4285
5849
8212
2995
1662
9908
9098
7007
568
669
579
9520
1127
7875
7178
331
7446
9011
8928
2178
2521
671
8501
8752
7106
5907
3709
6515
2127
3587
5506
5911
2122
6083
154
2687
2926
7331
7799
5495
81
9594
2142
5822
4625
517
3864
1086
5198
4013
5640
5249
1436
5235
6970
4450
9545
535
1987
2746
3247
7437
4375
7548
9150
4925
8105
7534
1488
9387
8311
2373
7493
8960
9848
4922
8595
7269
316
6533
7490
8634
809
3594
1422
6379
1157
9169
5696
8447
2366
8800
4458
5214
5183
1714
3525
2158
6187
3838
8718
191
8797
6087
2942
2233
7428
7270
7315
8683
1309
1908
7796
8618
6568
7184
9066
1557
2061
4948
1697
4921
7851
1332
7690
4183
7211
4945
4076
9248
960
4974
5634
8156
448
9842
978
4141
8148
993
2922
3112
9184
1824
5436
2955
3140
8049
5333
1813
2305
1139
1136
2588
378
2573
4214
8451
6845
7576
6754
2019
2360
8731
3922
2254
8849
326
7765
3906
5823
4585
6267
6470
3794
1630
7945
3170
7200
6361
8666
5263
7231
8500
1062
6441
9282
1712
769
6155
5359
9128
4027
5181
7997
856
5015
4269
9784
7272
9446
754
6690
760
9549
8659
6762
5905
9399
2258
8904
7030
5590
2695
995
6272
603
7979
7728
4743
9158
7162
9242
8052
6888
9667
9598
9314
8499
6834
1647
2486
2691
9285
276
5671
152
7628
1046
3807
863
9589
5074
8872
3952
7498
9287
4738
2458
4017
5560
3888
4057
2776
8819
722
9003
7274
1570
4477
2162
3284
4754
5735
1758
8860
6942
8412
9562
6338
8721
5039
8343
1290
7937
9696
3408
1198
5439
3335
5303
7526
9237
9401
2506
6670
1367
2609
3409
2469
1050
5112
3007
3469
6380
5757
622
9347
5296
3349
6531
3445
2951
5492
3680
2923
3800
363
7441
5477
6054
3636
5013
9786
6112
7445
2640
4995
5024
1724
9436
8241
3470
9376
5725
6093
4643
9266
9276
3173
3014
1867
9233
2531
8956
3738
4553
1228
5914
3854
7485
3039
2768
9899
9515
5704
6986
493
5646
653
5542
187
6701
7812
7550
8770
9195
5087
3860
2011
1097
6696
1056
6128
1005
8647
4421
6626
1021
2319
8511
3914
5764
3077
6355
5222
6203
7682
4225
9068
2477
4993
5421
3359
6353
7349
4586
3131
7721
5746
1481
153
8828
46
2425
4182
8792
9170
8410
34
9599
6651
9878
7390
5100
8405
7788
9762
8238
1835
150
6807
1384
4448
8723
6278
1029
6191
6526
5535
9990
6046
119
7852
3253
6316
9574
7130
2989
7404
7473
2087
4038
5136
8045
3524
4026
1775
4497
416
1578
8783
9046
1310
350
1997
5298
5743
8429
917
5928
7837
1119
1784
426
963
4483
3016
8671
1727
9514
2571
7542
3119
1753
5266
852
1480
8537
3717
6997
1610
6683
8937
3883
308
6252
5867
7187
7650
905
9160
4979
3842
7250
1700
1472
8914
4962
2290
5728
740
2898
6335
4881
1456
1921
6216
140
4621
471
3642
9566
4941
2106
5127
1494
7369
705
5699
7159
880
2209
3683
5305
200
118
578
7980
7678
585
4138
2386
5564
5855
6152
9756
3157
3154
1304
7308
2784
6912
4790
9585
93
3962
6698
5252
3575
6427
8162
8153
8696
3225
3394
2638
1773
7453
6351
509
9057
1984
4731
909
8514
8228
2555
9697
6996
6400
1297
803
7206
8390
9048
4439
6290
1435
1395
8019
6320
9675
9779
8730
1581
5101
4232
2548
4422
3323
7458
9320
2578
3233
5943
3553
8763
2785
9591
8509
3571
9470
5766
586
6830
450
7587
2611
6765
3399
6129
196
6012
8931
8881
7019
3416
3656
7638
6269
8258
7207
1588
292
323
5196
8590
7110
7233
9325
840
5598
2336
6594
6475
3051
7527
9428
9114
7000
124
8495
2219
495
1346
6121
770
8463
4604
302
7822
512
8137
2761
4415
3076
9646
5441
5056
1572
1429
4015
8427
90
266
5917
9785
806
9868
2633
5046
9716
6295
1250
6532
5348
296
783
502
5464
8766
3259
9131
5384
668
9249
4417
7403
9781
1877
7694
424
3392
8771
7051
714
2733
6554
3746
7969
2234
1687
7175
1421
63
2485
1785
5777
9634
479
2828
290
9312
5619
3374
3230
455
1468
8273
5679
236
4961
3163
2374
2659
6315
8957
220
2777
6592
6450
776
7088
1245
7700
4120
543
3100
9800
8513
2567
2507
1403
7834
146
8002
3414
1078
3093
7749
5329
6952
6124
8523
9971
3388
4818
3397
6163
7425
5036
2762
5261
5689
7609
8551
3443
6573
8250
76
8781
8006
7227
8751
5151
2947
1254
9769
551
4876
825
9633
7228
7095
5707
7833
4373
636
3268
8229
4256
85
372
1407
2445
5950
8918
9907
5859
2708
2709
3149
9028
5116
204
9935
8
2351
391
8823
359
452
3816
4110
8301
3868
6635
7818
4545
5440
647
9748
2318
5785
1692
9187
8217
3626
7897
8292
8297
1487
5662
2362
206
4568
2231
3418
1626
2888
6890
9394
2346
5055
5480
8841
2956
2410
9442
4884
3261
257
7477
9570
4389
8622
1348
7579
6909
8817
4537
7512
9876
4203
3684
9679
1404
88
5718
5291
9410
8674
8667
4482
5918
9251
8444
7671
6068
5938
3389
7329
6832
4227
4252
1657
5604
254
1079
7973
816
5443
8929
2315
4888
7436
1237
2889
9277
5273
1324
5988
6494
375
9155
1177
2381
7575
8586
9477
5490
1819
4968
5300
9951
567
3944
5134
1878
7603
1148
5954
9695
1380
532
2094
3528
2961
2229
4158
9134
8174
3551
8131
7460
9051
750
3171
2377
5765
3945
9688
458
5334
9578
9274
3265
4383
3814
2385
352
9970
136
6162
1131
8840
3817
3890
7885
8018
6948
900
6980
2855
737
6621
7266
1735
5357
7454
2802
1948
2079
3537
3755
894
6319
4030
9234
6558
9007
8911
1955
6146
3071
654
2934
6096
5106
6646
6746
756
9603
4322
2982
9329
9972
4459
1149
2404
1073
2468
4622
3087
4715
2572
9755
5554
5663
9365
2137
4707
9159
8943
4297
8641
8623
7241
4379
8676
2685
5952
9168
1063
4151
5600
7033
3495
570
3083
7715
8741
3188
7767
8921
4957
8787
2794
9308
4369
1369
465
3763
895
9205
3779
9636
7906
2993
9291
7058
9529
4303
7863
2403
4907
2523
6951
1121
5922
3435
3903
7320
1103
4194
611
6344
4260
9431
630
5997
4044
3760
5284
1526
8757
8944
8214
5655
2083
8394
2851
8253
8223
4904
3090
4061
210
952
1455
5541
2882
7486
5073
2715
5681
1009
9348
9513
3108
2686
2782
3484
3330
4572
280
2514
9554
1938
7913
3094
708
3748
8869
7474
626
5422
9099
5597
2186
1737
8779
1118
1418
8171
2537
9423
1903
9548
2547
7076
9818
4171
7394
5842
2448
5594
8106
8460
1090
4234
7140
5253
9820
9071
5603
4952
4920
5829
2767
5355
8093
9741
9463
4721
3095
1681
5702
1045
8201
256
1272
5276
8068
7746
2580
6116
4454
8005
3744
1058
566
2157
5900
8922
1980
9792
1315
4378
5721
5635
3741
9389
3505
4681
7707
2491
6924
3915
3180
6513
3568
534
4016
6565
6262
6433
4088
918
3153
4254
5615
322
3659
2408
2026
106
1738
6153
8821
2006
4988
514
2653
8737
8092
5158
9223
5161
8760
8205
4310
17
4632
6563
1496
9790
4146
5451
7126
2543
8456
2363
5424
6771
7157
5569
4772
9049
8103
7736
1810
203
8075
3208
7939
4610
689
2
6922
627
3198
1577
6391
9018
5947
3423
473
6208
2484
7514
6759
8646
6859
5580
3122
2224
8712
91
5899
7366
9473
8842
7001
4778
9305
1329
828
8057
2201
6801
1786
973
886
3088
309
4272
2302
2024
962
8725
4491
1613
1772
3372
385
2018
9411
8100
3185
3950
8436
6783
7915
2256
6730
55
7681
6219
5456
7983
437
6535
3464
5645
4397
4181
7602
4964
6687
5258
7429
1541
3708
5897
9254
8001
9078
3293
3819
4133
2646
1458
6975
9580
2591
7145
8992
5896
2166
480
3064
3462
7521
4787
4943
8932
8582
883
4040
4836
5033
9211
3829
767
9698
2433
3224
8909
9345
8558
2012
1591
5250
777
9260
5933
3805
5447
9434
2397
525
8899
2909
3273
5749
2680
6250
7440
5180
111
9364
3654
4571
4457
1247
6983
9256
255
1793
9887
3957
7028
5254
8474
3043
9906
7653
9660
6334
175
6419
5809
716
7070
414
8651
8455
6291
1212
3117
574
7034
651
4399
1638
6323
8520
696
8172
4730
4112
8938
156
6140
2871
9592
9715
2729
4224
3750
2033
4441
1221
7595
7664
7089
42
145
4336
4744
339
475
2736
2128
8563
261
764
3799
3564
6934
2062
2136
7421
6225
7944
4335
4840
7348
873
7039
8025
4515
7379
1734
6633
7265
8953
6362
3217
7232
2442
678
2266
2296
6911
9758
4675
9056
4664
4117
2378
6259
529
5533
4196
5891
5332
6611
4165
1664
5240
2906
1879
8118
8008
7238
4735
3114
4101
233
3194
4949
9519
3924
7139
1949
6589
3165
3214
5376
5546
4029
5762
4659
2196
1048
5299
3431
553
8251
5444
6808
4769
2665
9278
5375
1932
6348
8269
1360
3724
949
5309
7273
9191
3204
4785
6424
6549
338
3038
6829
7484
4377
8096
6656
2053
9103
5304
9896
485
84
2792
7841
2812
9671
2879
1047
679
2190
6938
2501
4892
4560
5096
4663
7813
5057
2119
9865
7687
6731
4122
9303
2427
9808
867
5705
4688
1623
6673
2476
3151
264
520
7488
4897
9846
7402
8418
3120
1792
1231
5666
9030
2144
7532
4470
2388
7555
1084
272
4155
6245
3635
8780
4486
4223
9584
125
238
5011
6242
9930
7688
6429
5919
1011
7698
8694
8891
7385
2749
6898
6742
5242
735
4453
3191
2065
3345
3908
8431
8810
3096
8121
7706
5084
5138
8915
2227
311
665
8384
4081
6978
7431
7071
4295
7240
6676
9837
7723
5037
462
149
6528
609
9021
2848
4002
7601
9064
8280
8046
3831
8916
7710
2705
1592
4694
619
2793
6030
487
4346
7724
837
6280
1233
9047
972
698
8176
8315
4359
4658
2874
9493
7873
5793
2029
8014
7400
5991
7631
5883
1391
8386
9297
4789
6314
7012
2839
726
2436
0
821
1736
1075
7442
5876
4312
3429
3542
3028
580
4511
1874
488
3762
6571
1052
3719
785
5411
842
4748
9283
8028
7073
3366
9208
844
5924
5693
7598
2928
892
6241
8534
6397
4311
5758
6675
2117
1988
8091
9310
6663
7052
3529
5132
2701
6639
1918
3299
1182
9165
3954
301
4856
7644
7627
8502
1066
5053
4467
7538
793
6908
8978
3396
9707
6333
7371
5609
6164
5092
6492
7005
2811
8247
878
4548
9026
8713
2541
9856
915
556
3930
3599
8983
341
2864
6815
6265
1942
1710
2438
8883
2454
4424
3252
5522
2379
2796
9721
6804
4168
4679
112
6189
6246
7552
6122
9643
7373
4998
4447
1055
115
4388
1571
4592
4947
5030
1783
4700
251
1051
2016
2432
5567
4714
9133
5614
166
5027
1106
3282
2728
6078
3056
7934
4032
49
6317
5826
2615
6606
7791
4597
1841
6794
6047
2390
990
889
1615
8231
3351
9626
246
8020
2164
4629
5514
9805
7294
4703
1798
1764
78
2444
2948
3994
2751
5408
3132
4398
8615
5561
3721
6273
6008
8889
5297
9235
4307
6966
1293
9761
4590
1328
5573
7878
2187
5630
1188
1502
5833
6836
4555
3241
380
3547
1762
3595
899
2075
6772
4718
8366
868
7697
9359
3521
413
5484
822
4410
2198
2893
5627
3639
7472
8185
7629
7063
9559
8264
6879
9190
8423
1444
8845
5248
7613
717
8393
1351
1996
6498
8216
4987
6596
1352
2202
3404
274
9982
141
674
4266
1716
7392
9145
9921
1575
511
9406
3446
122
8310
7831
7744
6840
590
1843
4826
3700
9342
5878
6500
5469
6921
3847
4871
6994
3964
5177
3430
218
436
9724
7515
3526
8580
4170
8689
3615
5868
2859
9035
8070
3543
6331
50
7223
3012
8154
8489
1156
2376
3190
3591
8415
139
2557
277
7365
99
8365
6674
6072
482
2317
3314
948
5710
4918
9676
6614
1893
2480
369
9815
1820
9978
7861
7956
1809
8197
8734
5061
5094
6090
860
9149
2295
591
9873
751
5828
9964
5312
906
1067
3487
9404
8021
8403
3910
7302
5737
9877
1849
3080
5863
1856
1926
6229
2943
439
1946
5572
4765
7890
8639
548
7625
8487
5719
4695
5498
3646
6634
224
4053
4501
8750
7772
8529
4863
1008
3998
4042
7917
3502
6838
9895
5150
9374
8321
2223
2387
6640
7372
4750
9817
656
5586
4093
1280
3516
260
1655
539
2513
3876
7501
8796
9706
1441
644
7415
4058
7489
1602
9844
5695
5491
5113
2897
804
3751
5812
2098
945
92
987
4996
731
4073
5734
6809
5613
4049
232
468
4395
1590
6426
1637
7094
388
8521
6137
7651
5415
8815
5983
2627
9480
7324
8490
8848
1794
2276
7545
3283
3605
5660
6405
2005
2641
8332
5390
6107
8098
7568
6562
631
3128
6439
3688
9575
6109
3783
3181
5621
1264
7015
5171
6773
2052
6143
1659
6171
9985
7242
9466
3489
1184
1314
6446
9995
4403
5279
531
7364
3308
642
26
2496
5420
2516
3852
1859
7539
6340
1845
6306
4973
9
9485
18
3660
4444
6817
5781
8472
2647
1409
4872
9680
3611
6828
5200
5223
6434
9552
4103
743
5063
6365
5119
8906
179
4035
5269
8876
5650
8970
7573
1109
2520
5556
2007
2492
4739
1344
6843
8609
4520
3567
9380
2500
6852
8587
5973
8655
2092
7759
7296
7756
6882
6972
9714
2086
6644
498
2396
4759
3105
5000
7658
4727
9929
5308
23
4869
9824
6151
4357
2723
3030
3874
6074
9725
7424
4489
5392
8124
4294
5568
5540
2504
6927
8160
3438
5555
2742
3078
7155
7608
6511
4868
8839
6741
5473
6416
345
4523
9188
6410
4908
5742
6919
7483
105
5629
5551
5815
3134
6566
6206
8352
8597
8805
8222
3045
5875
9288
7176
6678
6688
8958
908
5816
943
7122
8768
5543
3702
2406
8701
7306
9101
8654
3682
1098
2546
9106
259
7029
6018
1303
9475
8196
4209
8123
8557
7185
9295
1789
7099
6356
7475
4104
6723
5343
3928
5846
1040
7610
9885
6342
6149
9102
5976
4107
1401
8744
1327
4268
2613
5246
6020
1518
7186
9252
8140
519
5691
8858
1674
9933
8404
8132
4812
3822
7459
3169
2522
4850
6168
7647
8979
4781
9080
2631
4136
7520
2911
1213
9264
9006
8790
9146
545
7432
5731
2226
1907
2773
3561
6653
2838
6438
2240
893
8844
8974
2132
6118
6207
4368
1538
6929
6015
5877
9032
857
2120
3386
9611
5215
5538
7741
8262
9627
8136
6007
2977
7877
9033
6477
9226
2821
8669
1670
2511
5078
6201
6508
8772
8773
2936
1520
5527
278
8303
980
4737
6418
9699
1882
2177
2539
1956
1705
1952
8697
3479
5379
4565
7918
6488
5396
8381
3851
5400
1708
521
8248
675
8843
8031
52
881
4485
100
8082
3312
8305
40
8778
3614
1037
4264
5241
5544
2088
7606
6925
2392
3172
8583
3904
6973
4342
9502
3812
2353
9621
1151
3569
4443
2160
934
8664
5893
1463
3110
51
4126
4188
5154
3481
9568
1239
9692
6222
1226
2605
9395
3266
420
3377
24
5895
2774
1696
3378
3946
5898
3718
5892
8962
547
9505
3661
836
9619
1260
2014
6726
5811
1072
4656
1129
3570
4084
3250
4845
8902
1522
284
8462
1729
3767
8459
8982
7342
454
3179
7820
4641
7399
8173
1353
5176
4004
1117
6716
2664
9655
1288
6799
2188
9506
9826
2764
5065
6481
7387
8127
6766
1108
4064
4261
8575
2533
5864
7100
8379
2862
9427
6345
2677
9400
4793
7282
1580
4569
2810
5145
2063
8256
1470
8528
6945
5399
5118
5665
3015
5990
4416
882
1699
7481
6483
6029
430
9830
389
5463
3604
7328
4808
2798
3513
148
4019
8326
8791
7899
2168
7354
6232
8829
4672
7129
1155
9920
3049
7426
2048
9538
5187
8361
8959
9135
2459
6490
1871
646
9974
6793
2225
9717
5004
8607
4551
1838
2804
4704
4525
275
66
6725
7118
596
9693
6482
1255
8980
500
5280
4591
7374
3690
8324
3159
160
3121
8820
9998
8776
7525
265
3878
683
1815
6920
4186
7569
780
5153
8569
36
5534
728
1718
8165
3383
7480
3640
4425
4985
8036
8275
9705
3367
6101
6394
8069
6188
2960
3425
524
605
9402
6198
4152
2356
8679
6364
1742
6388
8584
5920
4300
635
8032
9439
6357
6697
4481
5936
1858
4179
823
4306
6953
1968
1476
7137
5350
3263
9932
7267
4631
7632
9498
3322
6248
3520
5231
2078
3197
812
693
1434
3753
7438
8665
9156
4807
1919
1945
2250
9969
5503
4099
745
3678
4680
7254
9083
5079
8168
6045
2409
968
8473
9341
182
5800
3468
5082
6848
4564
9793
936
991
9593
3278
1634
3142
7325
2841
4463
89
6628
9328
8112
2398
1133
2924
9472
2040
1383
4510
5478
6011
1740
5430
315
5458
5726
3036
2551
3186
7914
3343
6091
849
8064
5160
1010
5860
1911
3925
7703
7
5465
7898
4810
5741
1962
8407
8351
7797
491
8349
3068
3577
6955
6285
2216
5790
4361
4331
387
3177
8677
6553
5247
102
2805
8593
9261
9690
4991
61
6906
3981
2649
6210
7285
7327
6630
5316
4205
57
639
1763
9767
8149
6555
8230
1851
7166
2443
2744
6893
9304
8755
2312
7659
2807
8402
9417
606
8161
6647
6923
9811
9912
2205
1248
3583
7381
5711
1004
5479
7978
1995
729
2246
3978
6931
9670
3407
3106
2327
2968
937
9448
3276
3381
8631
3156
1546
3019
8729
9316
9816
1682
7789
1916
5536
2595
4339
5086
4676
8561
8437
1320
9685
4371
5958
1235
195
2345
2244
7203
2607
2717
8695
7500
201
4639
2844
7494
8080
1627
1857
3254
6545
4127
2009
3062
4462
4780
2656
706
4011
7640
9478
8337
5959
4326
8761
7243
64
2049
2760
2395
5887
9959
3813
1556
2335
1544
1829
6251
3102
1150
8115
5510
9750
4347
1504
6641
1126
2071
370
2100
9120
7427
9631
1892
5832
2439
7495
8621
4351
2856
6617
2853
286
795
2672
6775
6579
1506
6597
8749
1579
9085
4277
7615
5760
273
2626
7853
8210
6468
6226
4504
2594
3267
6502
8954
2574
5485
358
1178
5454
7562
1989
8708
212
1505
8284
5499
4726
7037
9711
7353
7040
4701
7714
1477
7950
243
2180
3679
39
2359
120
2407
8051
9441
7422
663
1400
3566
7406
133
9094
3663
7195
9124
6237
5173
3010
7630
6755
2878
211
5462
8540
3942
597
376
9595
4689
2916
6543
9331
546
4236
2171
7773
9664
2138
9550
4935
8023
4390
6384
4583
9588
446
4125
5683
5902
8368
2277
7864
573
6616
5595
1095
7469
3699
1457
425
9903
530
5406
6040
6747
2194
2918
8977
8331
6692
5111
4687
3897
2090
8375
9840
6717
5751
1339
1426
1561
2598
4323
6618
6343
8822
588
8373
3627
4645
8450
4062
9357
8414
2816
1563
4926
9546
1528
3674
6686
2549
1038
1728
9942
2179
7201
4394
8432
7357
7825
7972
4054
7620
2303
8675
3671
8056
131
4466
4980
7544
4090
3563
3841
4174
711
7857
6959
1244
5532
3540
7260
8745
9002
3723
6887
2372
54
5745
5507
9012
9461
6135
8130
1839
7578
2597
5856
3789
8254
3826
7378
3192
382
7510
5288
9855
4195
7151
6956
1209
3440
3129
2435
8739
8626
5137
8035
3584
8942
9042
1695
4469
8065
4245
5606
4169
386
4235
7417
1193
8409
8566
6436
7016
5174
9989
9632
8179
8611
9121
4354
1899
9684
2481
5256
1342
8935
3160
6612
1832
3460
870
4387
4710
2230
1179
1519
4280
7367
4877
7197
7572
6408
8195
2753
1381
7580
7916
2987
5238
6487
3705
186
7117
6211
1392
4464
6760
6824
9666
3546
199
9836
7720
1054
3859
7968
5162
4768
2488
6399
1018
9292
7167
2964
4009
2553
6175
4526
3380
2181
790
563
7868
5502
7965
3757
2059
7984
6530
593
8831
3780
2558
3065
9897
1749
623
2619
7471
9332
7967
1875
8274
5787
8834
4078
4289
1621
7866
4433
3728
4763
9943
5001
1876
4238
3013
6375
3608
1089
248
4091
6957
4282
9733
8900
1732
4210
8649
8988
2683
1210
2421
4258
1720
9447
3844
8193
3550
527
9027
7276
4633
3902
1326
7848
2330
294
9547
7041
6303
6761
1684
7599
4756
5759
1800
2294
4400
7745
7927
4288
2343
6841
6247
5967
6013
9419
7161
2184
3454
6403
6027
5644
2058
2414
6729
4623
7611
4909
9227
1600
4324
3508
6081
7044
35
924
1547
5048
7443
1983
8117
2637
1462
7729
632
3555
843
657
2503
3665
4906
3797
4407
5391
6017
8188
6501
6788
2639
7038
7291
9489
2222
9496
9986
7817
3815
4648
1717
9905
3280
4376
4601
5072
2876
7637
5042
1262
7616
6473
1030
8808
3178
819
7237
3711
6145
4034
98
6063
8129
5657
7059
9061
19
4825
6249
7180
9177
1787
9366
1836
964
6332
1986
4461
9241
9041
6786
8060
2863
1166
3437
5019
2542
8024
9672
6138
7350
1331
7805
8784
5095
9082
7198
7401
5386
7958
3889
2280
7078
3781
6833
6928
3650
9189
9694
5986
3863
4105
6581
8307
6876
744
9618
5639
1855
1540
2997
4164
6527
998
283
2482
8774
6271
356
8636
3272
3893
1774
3199
2803
371
9553
9474
9683
9880
1620
1954
2039
8917
3081
9425
2822
2401
1523
8610
3139
4937
2182
8890
374
7382
7686
5416
5320
234
4760
6028
1071
3849
8435
6768
5979
2743
5715
3504
2714
3145
1770
7264
2334
9957
4697
8769
407
8083
4506
3774
1128
3297
1745
5446
807
5437
3413
541
8949
8088
8079
9340
5684
799
7119
2344
1548
847
5228
3288
229
9414
4142
9039
4819
8063
4402
6744
6071
5803
6943
5706
7158
4777
423
8240
7375
6296
8496
8319
5910
4518
7740
4451
7747
379
3743
4340
2437
1172
9296
3772
3560
4393
9388
4766
1218
3820
3371
5075
4396
2431
6264
7125
6382
7141
8183
6414
4215
8868
6984
3825
8961
7319
327
7334
3613
5998
8110
2097
1966
7904
3958
9644
2780
6360
907
6156
3905
3167
2635
8630
2278
8984
6529
3912
6233
2606
986
1147
9337
4048
4391
5575
7066
7143
8589
5123
6853
8661
9858
4494
1358
5121
4874
8191
4797
1185
688
6831
4270
7553
2172
1873
8538
3232
2350
227
6601
2630
5237
2975
2080
5409
2931
6805
8335
1337
6134
9743
8699
5773
4717
8438
2129
6785
3685
7781
58
2725
3514
7031
2883
7597
6949
4153
4846
9430
4442
3052
7120
7680
8635
394
142
2867
2973
8887
3621
9065
6370
4512
2642
353
8531
7006
2758
6150
2913
5819
3622
2554
6713
4638
1307
615
3865
9322
3519
787
6354
7479
8107
9764
5195
2976
8882
2199
3552
7115
984
1927
5620
5141
4344
4060
3766
7938
3515
8926
3237
2020
9980
3048
3220
1110
3548
2236
6907
2974
5616
6407
7263
9859
3017
4923
7795
6430
4673
8471
1311
1447
7750
9798
6691
7824
6523
6452
5994
763
7733
8564
6870
1698
6935
6455
3934
7503
5768
589
9182
7654
3046
7204
9445
192
6835
4542
7672
1550
9796
6088
5418
198
9333
7988
6669
2263
1902
9137
4653
6401
9070
6120
7068
3453
5820
2342
1382
1292
2237
2135
9615
6988
6763
1979
9449
966
6638
7679
2601
28
7085
2195
7581
7027
2861
3655
9776
7307
4239
999
8448
5720
7208
9151
1862
7292
5977
4976
6489
2238
8135
9004
7725
2308
7359
7146
9346
299
9799
5946
7691
8037
1654
4267
700
3802
5712
9175
9219
6119
938
7530
501
5383
7061
2284
6797
4301
7513
6466
7215
3207
6302
6795
4740
6113
4102
7192
4426
6681
676
6298
7017
77
5531
5315
6105
2658
3318
691
3861
1585
4873
4420
1495
6371
8492
4558
5593
5347
2082
2423
1268
8948
5648
6643
3074
7113
2467
2424
9809
6899
7790
3712
9335
7676
2999
161
9944
1104
9469
7829
1222
6205
7026
2152
6021
935
7345
3228
7657
3405
1804
951
9801
442
1539
8401
9111
3499
6509
5517
8680
6165
4047
7053
1107
4624
9649
7093
9504
2148
2251
3749
4669
5807
8516
2085
3645
2470
4860
9882
3097
4719
4211
2854
5
3354
5165
7932
5208
629
5625
5193
587
9956
1970
582
5940
7565
8837
5387
8657
6147
392
8400
2493
3451
9015
3968
6780
1756
3512
7341
5525
1509
9563
3811
1925
8600
6862
3612
7900
9768
7416
4241
3804
441
725
4429
2563
6665
4350
6428
958
1549
9968
5965
1741
1999
1666
4255
8789
4131
1870
6297
2035
9391
9853
8184
1631
3449
680
7047
3695
3227
6238
4175
6085
4931
7933
9490
1173
6604
933
2741
9324
5797
1425
2165
3937
6954
10
3295
6506
2952
2370
5682
6764
3362
7892
4150
2809
5512
2930
861
7305
6002
4498
2293
7102
3475
3483
8986
9440
1963
8296
5289
4180
8777
289
6496
4784
7347
4795
5313
921
2527
7731
8574
8742
1243
6073
595
3898
8672
8638
2599
5058
515
7776
5267
9193
536
2645
3325
1584
7202
7926
8357
7482
9863
4243
399
6111
2966
715
8877
5014
13
2466
7622
5516
443
6095
7509
6180
1965
1276
3715
8803
2428
3761
3582
7179
5501
8466
7261
1646
2970
1238
5969
5125
4755
3040
4253
7517
3501
1788
9203
8933
270
9453
8468
1201
8506
7281
7919
1405
6727
1536
3023
8662
2552
550
8383
4720
9084
885
3136
5351
8175
6659
244
7935
9889
5155
3853
9043
1852
8389
1565
1814
8345
5005
7819
4003
5455
4813
741
7245
2937
4071
3238
7998
3973
4374
6881
2045
2663
3146
8990
2355
9806
3949
6537
5164
782
4636
8758
8989
7924
5163
8901
9674
9222
7083
2707
3846
7793
2660
1361
2147
2418
1158
7962
727
6092
4166
6377
1373
1368
2813
2289
6421
397
600
4711
3730
6846
6671
5172
824
9582
7253
3350
213
7004
7941
9217
3742
1289
2354
9915
9949
6776
7050
2242
1943
3473
9482
9663
249
3256
7408
5085
815
8856
193
2241
4559
5460
7491
5064
1135
6050
7621
5445
4473
6231
7280
8941
5405
7439
6064
8969
4349
5345
4095
9557
5427
1061
789
5830
1618
5319
5853
3618
9157
2174
8353
6658
6585
6057
4686
3649
5727
9279
3239
6393
796
9946
6368
8038
8732
9669
8446
4593
5862
3872
9409
4025
8291
9253
6056
3400
5225
3021
4984
7705
9129
9267
4124
1527
4465
208
7288
7067
5211
4380
497
1206
362
7780
7856
8013
4075
4333
3285
3558
7092
5393
8039
6962
3331
7222
1042
6520
5433
8973
7505
8533
1583
1207
2887
5944
3221
6667
5071
4728
2972
9751
8470
3972
404
4786
9330
4771
8693
8220
9914
7212
2325
8011
3579
5961
4954
753
4527
9904
3005
8686
9916
818
5526
5565
4668
1259
5729
583
9782
4382
1306
3193
3619
8139
447
6864
6195
7782
2544
3785
5108
305
5931
9540
5191
645
5801
4318
1032
4611
9723
8327
8395
9703
8567
5049
3144
8946
8851
8426
3793
7541
9874
8249
4428
3334
9259
4757
1669
4257
4031
3182
8236
3162
1661
5344
7131
2460
2411
1205
6564
336
3493
5956
9069
4802
5981
8180
9533
1934
1490
4989
1691
5431
9773
9823
4070
6032
9613
762
9794
7582
1452
8320
8976
5322
3029
8628
7523
3340
757
1003
1906
8043
269
9244
3466
3932
7549
2953
5277
845
6629
4975
7787
6402
6215
7947
1560
3600
3837
7683
666
6166
6851
3881
6721
9734
792
164
9744
768
4609
719
1082
9527
6703
5226
1897
3681
1379
8517
2596
2992
3703
2901
8895
3803
7075
2462
9270
3004
2451
8950
1483
2560
6196
1978
8497
2314
7596
9218
1277
1318
8272
496
4859
9309
7156
4145
2008
9422
8325
3271
7769
5857
1080
360
2518
7010
1372
1534
9807
594
9407
3658
9338
8994
1802
3858
6209
97
1375
3003
5472
4674
2358
4666
7844
7132
5066
8870
7168
9183
5599
1722
1026
7434
2348
8733
8592
4577
4028
4866
7987
1887
8300
681
8007
8756
5179
2189
4924
5698
6735
9731
177
9561
2962
373
1448
3982
8552
279
41
5592
7577
5834
5989
4275
9236
9879
5018
3183
3357
9992
2787
456
3055
2582
5504
176
3395
2218
8417
3598
3947
5975
3008
3589
4005
4982
3275
1124
4476
5213
4890
8548
9981
2044
2099
4517
2487
9118
2795
8782
6176
4308
5951
9031
6512
9838
2772
4298
8690
1
1830
7388
771
3485
9091
3447
1313
724
6157
1183
8192
3465
9617
641
5327
8163
9245
1883
6172
2517
1848
411
7236
5784
9747
4574
7771
5140
8964
9024
9060
3477
2192
7384
4857
7667
101
2207
2429
4722
5302
2790
6625
5723
7032
4043
8189
610
1779
2896
5487
8225
1163
3834
6682
4966
71
6052
9284
6060
7921
8187
989
1028
6600
9601
3422
5596
3862
685
6266
6117
157
393
9962
6412
7717
1273
919
7870
47
6963
6518
4012
174
841
3625
5389
1781
4431
2703
618
7685
1599
1582
9607
8306
1834
9945
4761
9583
7839
1378
3218
1860
9913
9112
3161
216
3900
6944
569
2600
9996
6048
7989
7903
2990
6867
8806
9555
1049
5429
9229
2719
8000
2904
5589
7389
3675
5003
5474
6790
7842
6884
1397
1469
2060
9713
32
5080
1751
6811
5637
4794
884
7174
7304
8612
2830
4916
9139
9745
2200
9361
3086
8478
62
2383
5971
5851
428
5583
7314
6053
5953
3424
2512
9829
2499
337
7013
8898
8334
1385
1301
9763
1141
746
7536
862
2998
2357
9356
6910
4532
1258
8281
9383
5278
8754
5326
7221
158
9700
9833
1438
3633
9487
1604
1224
7566
9038
6358
661
6465
7986
7105
8053
1085
4716
2505
2434
6284
755
4671
2034
2679
7278
8507
7218
3258
5209
4956
151
6179
7558
8263
5880
1122
8440
5904
3756
8811
5251
4233
494
571
9491
2988
7719
9926
1451
7169
6321
8716
8603
2670
3662
7418
9381
3480
4967
7170
1430
7860
7504
3866
504
1025
3840
2954
9313
4135
7696
5210
2532
1439
5653
7828
8601
8109
3222
9053
1230
464
5690
4561
33
9777
3918
5482
1910
2309
1415
1744
9827
4724
1685
6214
128
9704
6517
3736
3369
3580
8144
854
5197
1905
7794
5358
486
3324
7607
2748
9397
9343
6782
1629
6369
8833
2621
5115
4077
3184
1412
9888
8801
634
4767
2519
4197
2921
7279
8116
2534
4069
950
7734
8101
7922
2352
4201
2036
967
7516
9105
3309
9802
207
1283
2945
9148
8573
6552
2877
655
6031
1881
8543
3091
3212
5724
3189
2559
4178
8753
8850
9458
6363
4250
8288
449
7600
16
4190
7124
8094
2031
9240
3175
6926
4208
7783
805
1291
6519
6580
9126
5664
4705
7802
6619
9225
8177
7275
510
1805
3126
6396
1343
9087
3084
4167
8128
6878
6142
6373
1598
2021
1628
6514
2274
6709
9484
4240
8186
5311
3572
6448
2721
8344
2579
7800
4409
985
3677
2740
802
3704
5325
9076
6076
2243
4137
6661
4499
2699
9789
5486
6967
431
5323
7109
5168
2450
4774
4933
6464
1176
7309
2281
6000
9089
3310
7496
8159
8668
4276
3984
4822
8951
8439
5700
1944
931
5450
6865
5360
5414
7909
9228
6199
2827
406
8940
6706
3215
996
8518
2109
3667
903
8061
3426
4022
2110
672
3364
53
3213
5623
6745
8724
6814
3940
8085
7069
5301
4749
5377
8026
5509
5380
4299
2697
2287
831
9154
5824
3249
346
6895
4990
400
7497
9871
9600
2694
5295
9257
7470
4969
2910
8987
3821
876
5012
3209
6469
7397
4366
2894
925
9286
6286
5978
4895
9678
3983
4959
5661
2902
499
189
8873
3603
1345
6816
110
3891
9737
9772
4657
310
6892
5641
9243
7467
8428
7286
4355
1665
4452
4230
7843
6367
7739
959
1077
2282
6556
159
8048
3790
3768
1096
3606
3205
3457
3909
6274
2502
3328
864
5774
3931
1275
2050
6491
1336
5244
7036
1285
5652
9363
4271
9192
2153
5425
9652
4309
7035
2766
4539
5791
2269
3001
1743
8692
9977
1725
390
5471
4092
2800
4263
9077
6227
1778
6383
6268
8369
1433
5205
2112
8458
4709
6588
74
9023
7189
8923
2446
4800
6025
2994
4839
4901
1094
5339
6417
3011
1180
1842
8658
898
9420
2206
3787
8194
4352
1325
6739
9965
3531
4204
9890
4406
222
7770
9471
1553
9352
7827
2935
9821
733
6044
7779
5052
5955
6624
4903
1334
5054
1232
12
6077
1648
7150
7881
7284
6918
5466
484
3628
7077
4883
3420
7343
2479
1959
2393
926
2105
8968
410
2252
1116
8605
6016
2067
6006
6648
5980
7219
2857
6856
7814
2494
9429
6478
6395
7807
7317
4712
9501
7876
9924
832
1467
2720
9891
7743
4115
6270
8885
7220
9372
5626
3895
7623
6510
6632
7014
3337
7011
1322
6993
3031
7072
1701
8682
8102
8377
3544
3358
3885
6982
3360
7716
9886
7880
5419
4
9883
7816
3363
8896
5808
8266
5371
1554
5913
8568
3158
8138
239
7951
2732
9153
252
5306
7524
247
9532
6979
1694
3963
3929
8442
3168
4699
4997
5199
1482
9586
2474
113
2497
377
3375
9306
4036
3476
5964
5107
1017
9265
6183
3200
3986
758
325
2823
5221
8453
5192
8688
1930
4953
6896
1333
9349
9567
736
6174
2150
8812
2866
9130
2858
4353
8965
6587
4811
476
1808
3955
3037
9273
6914
8955
7970
4296
2037
2914
1486
5528
2716
5493
5672
4652
8111
5890
1144
6821
9369
4128
7977
5837
4059
5088
2064
9852
9851
8939
5903
8894
5839
3541
3240
4814
9875
116
7213
6710
1359
9518
8826
8878
6781
5701
3393
1286
598
3488
1771
9735
6236
7430
3848
2840
3474
7801
3255
3500
3143
2836
3545
6110
1606
7655
4944
8813
8443
4247
3346
6880
22
1686
4864
7193
4550
6067
4154
4747
3456
1168
7804
2727
8157
3698
9950
9215
2713
7646
9022
7585
3338
3707
8234
3507
5317
6258
3195
6038
5806
3630
2674
7537
4880
7487
5324
5754
2286
8017
2089
8596
167
5068
7398
2978
5274
5366
8795
7560
3066
1920
2413
6372
6130
9854
129
2739
6167
8765
4911
126
1170
1564
3694
7300
5285
7111
607
5290
6991
8532
3672
7619
2210
2084
6837
3085
9732
1065
7757
6803
4172
4109
954
7586
3292
8239
3115
721
5676
8999
9524
6889
2735
4619
8522
6947
9044
765
4160
801
348
5638
6010
1847
9207
235
5972
5675
6627
1497
5775
3620
4051
3727
6694
8360
8143
8388
6476
1302
8643
9495
268
528
7976
82
6420
1059
2307
2950
599
4753
8684
3839
3206
396
5588
6575
6598
3353
3506
3939
6385
5368
4792
1414
7722
3729
2738
2538
4111
7996
4023
2860
562
8169
6868
7303
8503
1006
5587
941
3067
1614
6277
5668
581
1076
6043
5843
9090
1406
2228
5022
492
3327
4833
9787
5364
1595
6822
682
9152
5397
2662
2730
7634
6281
6392
9587
7955
4401
3535
8830
5461
4775
4538
1895
5788
6734
1514
3368
8945
4332
8087
4147
664
5984
8804
4849
7912
1261
3417
3494
5110
6855
3777
4950
9542
2490
4575
6504
9774
5219
1791
1060
8433
9214
4698
304
4248
2155
9073
1935
2569
3059
513
432
2872
1569
6
1896
1846
9263
6560
3979
1642
5497
1806
9602
5286
5182
7894
5170
992
6451
3202
8314
686
9576
4176
7298
4751
4788
5156
9096
2260
1234
6235
1533
2820
5354
4418
6826
7396
9375
5104
7046
9172
1192
7177
253
8515
1632
8836
6390
5102
1513
8799
1721
2676
6308
4412
6857
7226
8905
4348
5016
3133
6086
7547
9456
8199
1036
4999
6917
4436
3601
8527
3585
8441
1102
3977
5233
7149
2905
1733
5342
4192
6842
267
3246
9919
1376
4905
564
5916
9212
5341
8565
4358
2778
5966
4878
7433
9952
5353
9384
6756
9727
2617
5937
9008
9198
9984
1223
282
8855
7931
5550
3740
5281
784
2316
3079
5031
9136
2850
4217
2536
1936
4143
5124
6387
5047
4733
2885
343
774
7886
3448
2949
3434
4440
3818
6622
5848
3391
1393
1091
9775
8350
4544
9280
2415
5670
271
5968
1423
5709
3720
4896
6443
7971
3638
4690
6376
5321
7326
6160
2211
3631
6719
8494
1140
8030
3632
9900
4067
9736
6886
4725
4898
1087
877
2389
281
3219
7103
4449
8702
7908
6330
621
5122
7450
9752
9922
1386
1330
4842
5167
7144
3251
7993
742
7758
9754
6287
2865
7182
9635
9918
2540
7617
7929
902
4007
8073
300
9516
402
6623
138
1880
7018
2958
2333
1515
1971
2666
4732
3281
2108
1823
5184
4161
5265
2765
829
2123
6660
6104
4149
4364
888
3970
9185
4734
6507
6313
8391
9797
9558
8372
2927
4971
6784
9289
3313
9141
830
8703
3103
6902
1752
2066
9147
6019
1388
5633
8553
9991
4316
1568
8374
9861
9459
1516
5126
3498
3355
4020
1888
5869
1603
8719
1253
3471
1363
4193
9213
7502
1152
5825
8406
1174
8884
6871
8952
1612
4413
5294
7936
132
9860
9701
3556
6197
1000
95
4960
4764
2880
7994
5537
7506
1991
5523
68
217
6637
7507
3965
1354
5040
9000
4665
2347
3264
4320
9500
8147
4816
7518
9973
4983
7391
1702
827
8422
8304
9171
6293
772
2369
8385
5045
4345
5041
648
9125
6480
7370
3236
8339
2925
7123
1639
3166
901
4259
6839
3765
9729
7940
3795
334
6913
5539
6505
6825
9479
1431
3211
6538
1730
9025
6108
245
3938
7641
4804
7199
1812
1947
4079
5518
4363
1338
1816
9144
20
2095
4292
5770
5608
8078
3921
703
5845
3428
9186
2797
1186
4834
6900
5146
1567
2015
6796
4955
7648
974
8577
5025
6791
2655
1323
5566
732
1145
9997
2661
9556
6326
8203
6066
9928
8141
1015
8340
6185
9488
3092
6901
3329
5767
5369
8920
8059
9843
3421
2139
219
7946
6456
1939
1559
9029
2675
6221
7419
3296
5452
1088
8736
1390
8706
5558
7423
3075
7108
2298
778
7413
6495
9637
5611
4584
1202
5114
8190
5740
2834
2673
4329
1537
7981
1453
7188
6916
56
408
6409
1706
5081
7234
1460
977
7614
7230
4198
4480
9163
3317
976
4343
1111
1668
1521
5732
2581
184
6591
1616
7023
3991
1624
8022
2116
1645
4521
8265
5818
6541
3670
3666
8707
9058
2570
6987
3701
181
9224
5388
9522
6042
8419
9911
4541
4635
1317
8133
5722
5854
9983
3009
7323
3402
5505
2586
1917
7098
7064
6312
6792
1053
3892
2096
5831
7884
1904
9857
5577
31
5268
4977
8748
6161
9140
1885
2669
2384
2124
3538
9408
329
7049
2056
2759
4835
1204
5870
8246
3882
2648
6309
794
7107
8158
3006
9902
1044
9681
2789
5129
7661
3000
2510
2323
1200
6774
2750
5178
6422
2028
9812
6812
9659
6936
1709
9269
1817
6551
6472
4782
6005
3616
6202
8572
6398
6327
5260
6359
1680
3316
8476
4646
9539
7699
2173
2808
5783
87
9523
9953
1282
9351
2114
5610
8150
896
9326
2718
8853
9197
8072
1257
1105
2475
8413
910
8224
8342
1900
9849
5999
2405
2455
3990
9231
2118
7854
3855
7675
3248
5559
1850
6854
8255
8818
2933
2017
2140
8181
8897
4094
2176
1941
6503
7907
9936
8003
5847
7021
6033
2526
9665
9250
1923
9616
4370
8793
1826
8767
3536
8166
2616
1214
2133
9062
5227
6736
8972
3993
459
1796
3532
4530
1125
2417
3482
8364
3511
9954
8420
1596
8408
8465
650
7806
4805
1768
8237
5659
1019
4692
3203
5374
4713
3432
1915
7942
4228
6974
2329
7952
928
5879
7519
9783
6778
7322
2545
155
313
6485
7626
4855
9534
1216
3596
6467
8226
9656
4978
6695
786
1663
7815
5245
8151
7080
5520
8670
3539
4832
890
8108
9803
5103
9173
3277
4779
4056
1929
7730
7803
4729
5584
2183
8359
5097
9510
6404
2577
4844
946
4045
6715
5264
7567
8998
2453
4612
2262
1510
312
9271
4392
7689
297
7255
4500
5203
8122
6525
7112
3522
3047
3125
8493
8807
4644
4356
533
5733
9181
3307
6243
7277
1853
2331
7096
5858
9925
4121
6930
9845
8619
8919
1416
7674
6720
773
1402
3226
9835
5381
584
6620
9344
2163
4000
3835
5232
1399
6655
1215
649
8604
4207
1284
3769
4341
5349
7570
1475
5624
5873
1976
6712
5470
8912
1890
1265
7666
398
5034
418
14
7451
6958
7116
1034
223
6051
3044
1374
7268
5236
4279
8809
1219
6154
8775
7928
5927
368
7774
8010
4552
838
3913
932
1134
4528
2881
6711
2801
6582
2232
850
3373
1296
5043
8606
5157
5185
