9902
6112
4322
490
2681
9147
6449
8182
5937
1030
7898
1686
1372
6998
1419
6833
4798
4685
5959
4191
3522
1486
3523
4201
9234
9045
2936
1755
5974
2394
9314
4589
2212
7573
6475
3408
3681
7123
2032
924
42
5375
5091
8196
7298
6404
8467
5581
1674
8913
9667
5276
8310
9777
94
9601
5518
3770
7642
6927
5104
6977
3141
8516
7983
7736
7456
9646
3122
31
2390
1754
4572
1467
3606
8885
5364
9826
3222
8254
868
4573
1018
8851
827
1195
7383
6724
1490
7798
6953
1015
4156
9351
8548
974
64
2692
1955
6296
8163
6704
1437
6150
6282
2773
2153
4135
262
6703
3708
4270
7838
6634
5662
3021
9203
5796
3909
1400
3732
3368
3650
8802
8898
4464
2966
4542
5405
1336
7402
5065
5516
268
1956
1278
1356
670
392
8620
5410
3426
2905
9644
6537
1885
6191
4165
8279
9181
3881
1014
4149
3200
6655
8691
5256
5541
7023
2938
8246
3337
3656
3866
3791
4091
7355
1350
1544
1368
1396
8928
8690
7657
3525
7666
2154
2685
911
5814
1532
7607
9549
2365
2454
1013
3970
9073
1642
1970
4753
5311
6649
2410
7115
451
5535
3470
7859
5413
2140
8483
6033
1482
1204
8045
6900
8568
776
4780
1314
3346
7901
8817
7560
6832
660
1583
7489
9882
3438
4381
2146
9915
3227
873
8403
1923
6098
6474
6096
5453
7205
3233
3845
710
1727
8872
1965
383
4370
241
4140
4128
7556
2490
5149
6384
2827
6128
7044
2734
8522
6699
1859
8864
9132
4482
3819
2323
1954
5821
9009
5893
6358
9523
4180
8011
1517
4579
1259
3050
8627
6069
3193
6692
9589
9121
5418
4611
922
5151
1186
4389
2019
2845
7858
5178
5860
4820
8907
6545
4968
5509
3665
1708
4430
9588
6003
2272
8787
3467
8927
8633
9462
5407
1822
4189
1676
4844
9449
2120
6615
4380
8005
863
1638
1104
6845
5718
6504
7133
7128
6923
9699
8214
1539
8828
7675
823
6595
235
2888
8134
9309
2844
7469
5452
8606
1037
7496
6088
1789
2106
1408
5749
1619
9708
5587
9124
4453
3207
5652
8912
849
3799
7597
9790
7471
1772
5844
4623
9688
9979
5738
5843
4368
100
6019
4264
4005
2251
8213
4919
7095
1302
4843
1118
633
1052
1113
9811
6557
4759
9975
5780
8689
3949
7520
874
1279
7277
9575
4838
8725
1853
4022
4489
3838
1602
6008
9866
4531
1909
2420
2025
7188
1031
8639
8257
3180
4586
6875
825
3696
8382
3680
9445
4243
939
784
7806
4388
3316
9185
4688
5591
2053
587
5026
3269
9746
4892
1420
9919
9756
7829
604
8231
7570
9057
6785
641
5924
9428
6936
6768
6603
8859
566
5575
3357
213
6446
4463
7193
2357
3114
7775
4519
6487
3058
1883
5184
4775
1501
4948
8922
2151
5498
9532
356
1636
6447
8422
7668
535
1100
499
7013
4524
431
273
2817
9319
9838
9420
9759
6581
324
1771
8335
5554
5254
1149
7700
209
9013
2280
3858
8811
891
259
8320
7015
9552
6411
3913
2944
6657
5923
2644
8189
6254
7040
8325
9692
7905
8805
2591
1598
1829
219
544
1888
2508
7796
6513
5812
390
5624
4668
8938
63
514
8410
8825
5361
1773
5993
5088
5404
8810
4764
6374
6253
2509
9180
6966
1758
5310
1827
2431
3933
7473
6848
6228
2913
4398
5245
3945
1696
9679
6344
2413
8799
197
8357
467
7598
8417
7744
2670
2040
1404
6473
1377
7361
5745
8037
7424
2461
6240
697
2628
2716
4590
9412
2615
9855
1861
4408
319
6739
9495
2191
542
9897
3043
3307
438
8283
5700
8844
2143
523
2649
9835
6359
3557
8673
7014
4787
4784
9120
2386
4155
4255
7599
2759
1308
1577
6392
6151
5883
7367
4687
363
5396
2753
7894
4200
5388
7633
1312
2297
2926
9422
9491
4028
9908
600
1575
1756
4848
9547
7053
6700
8891
7817
2862
8455
8035
1672
9390
1152
773
8237
3334
5782
796
6168
6461
9237
2472
7943
2860
2834
6669
3815
8610
5459
6747
3012
9577
7180
727
3517
6518
1295
6360
1596
1554
2056
7415
7549
49
934
1338
5674
3117
3754
3519
2908
5891
3987
8769
3267
2658
2223
3932
9878
8137
2682
7304
7702
4427
5485
7841
121
4558
9242
2984
1535
9306
3644
2244
6199
8663
798
3049
2802
1316
4734
2075
3530
9304
9179
7161
1997
7864
5761
3036
1667
6219
4337
4826
7403
1022
5725
9599
486
662
6631
7151
4318
4516
9451
8119
8978
6057
8034
2811
2349
4984
1196
3119
9690
4148
156
9540
5746
7772
3813
1212
165
4081
2647
7124
2595
4805
4635
6806
2071
6435
7636
1413
9901
6735
5103
7416
5211
84
2969
995
1456
8712
8474
7596
5713
108
7552
7569
7488
5868
2923
9831
7979
1684
9833
2995
9386
6353
2474
2399
3508
9913
7454
1972
5170
9408
6336
2208
8201
1902
4584
2147
5147
4829
7441
158
1983
853
1760
2704
5437
4854
8051
9150
2890
8308
5284
7746
7674
8305
2798
7012
6264
6577
4097
3554
4
7551
9477
8961
4263
8475
4170
6539
2947
9148
2618
7112
8396
8760
8779
1823
1077
2838
9824
6693
79
7654
7309
95
4600
9483
2616
8590
9598
1323
4961
5014
364
7340
7231
6345
4266
1025
4209
7109
704
611
1519
1123
2761
512
4649
4510
5454
4362
2872
8963
4465
8818
7336
6073
2271
7104
5128
3889
815
160
7214
3820
4062
5972
2558
8144
596
7705
4908
6973
4962
721
5250
7638
862
1512
8078
5573
7725
4488
8997
8055
8925
5857
3237
826
3302
9382
1543
6697
357
5216
7543
6873
6925
175
1119
1867
7845
3873
7346
482
8452
2000
962
3633
9970
9924
342
1812
5013
3360
3441
3040
464
5348
6489
1089
7442
9929
2294
3385
597
4236
5835
8685
7065
7314
9258
9660
3387
7145
6861
8924
7689
3584
1310
5289
7946
4696
7781
3827
6685
6357
5063
7540
4214
9154
5523
3738
3904
3655
6307
1129
1628
1422
9078
801
9782
3565
8539
2873
7810
2894
418
8756
9297
807
4841
3116
1445
2117
7862
3284
618
7800
5214
2338
4074
2318
7184
7960
7835
5089
4654
8536
3452
8244
4975
5313
7870
6295
2164
3922
9565
6091
6573
620
7987
8835
5902
9384
8277
1660
8366
3968
664
32
728
9528
9460
8721
3144
7557
3590
2015
6356
3083
9529
7050
1393
1494
3862
6414
9432
6836
125
6667
5563
2895
9808
8616
4009
9797
4204
9387
6413
373
6208
2180
7637
2316
8591
6909
6584
45
2594
3684
8502
9100
5036
1949
291
2622
3299
9465
2041
3432
7235
2343
5158
2542
8608
5897
3853
1349
5412
7645
5052
4369
2878
3192
7934
1463
8108
2181
1767
1542
5530
1765
9238
3293
6828
2031
9891
9482
9658
8886
3588
1502
7935
5297
9753
5727
6481
481
9745
5920
476
6786
7513
2289
143
7716
359
8082
9984
4855
7613
5569
457
2219
4918
9795
4785
4409
8512
7575
5507
7620
1912
2587
2424
4042
1320
5536
6017
2795
1629
9582
5440
5456
8350
9990
5198
7084
7270
23
5009
9211
4986
7535
8877
2602
1058
8348
87
8124
4809
5878
1436
6541
8259
9871
7303
8611
3709
3779
424
4669
6729
2260
1654
5827
8555
1921
6856
4275
1074
1833
6511
1786
5226
170
5608
27
6237
8535
2063
8287
7352
5669
3971
1952
427
9052
8679
9395
489
1465
6250
7849
5043
5728
8065
3686
3697
2664
5653
5129
9139
7873
2891
8457
9285
7579
4682
2407
4122
6943
2688
5722
6210
9553
9654
1601
6383
225
651
9884
4104
6009
3969
7472
2699
4019
7665
6979
9352
6654
6171
7371
7414
3348
72
9940
7753
8617
8853
2630
6529
2179
6809
83
9526
4178
4101
947
176
2924
8538
6560
6050
9921
6031
1990
252
8906
3325
503
6394
2309
9288
6638
3892
1811
2370
4702
6225
5932
2372
2757
9725
3781
1218
3474
4909
1373
3007
8393
1669
9329
4049
8176
9484
9593
5945
2896
6583
4131
7262
5222
4309
1513
6456
9799
1852
401
1897
9229
9337
3891
3328
6574
6352
3214
2064
8838
2094
463
3424
9347
6709
8662
8947
1978
43
6891
1783
6364
7453
3098
9522
3985
4075
210
1752
2614
2470
2288
7007
3076
258
8741
8884
6528
3713
1525
402
7727
4924
1820
3342
6837
9020
4336
1807
7589
5273
1003
732
2884
6014
4253
5836
9486
1057
856
899
2324
6110
7764
907
9889
2141
5130
5955
7376
6817
6441
9615
4010
7536
7250
9446
1228
6366
632
1685
3245
970
845
4643
216
5537
7386
6526
7100
2868
6337
9385
9163
9380
80
3906
7952
4184
6774
1151
3391
4359
4316
8696
2043
683
7678
2177
2051
8205
1041
8454
5938
5406
8920
4722
8424
6315
5636
174
9641
4102
7236
2093
9108
5175
374
8574
4815
8672
2465
2732
7526
6981
3783
8389
1078
8336
7786
3167
1253
6743
2446
9928
3422
5122
8456
3534
6222
8648
5293
2813
9707
9271
7285
9864
5548
6706
3436
2354
9830
1656
2385
5194
3029
4054
4090
3907
8284
1335
1045
2240
7025
4193
8607
2373
622
3808
545
2581
1472
722
9333
2078
6312
7832
5555
6549
6633
8202
1891
8476
68
4616
9525
7712
3512
7872
8387
7662
9457
5395
7030
7037
4374
7209
9784
2882
4613
4124
5314
3382
627
6478
1210
5179
2283
3981
7057
492
5042
4532
3544
8584
7071
1608
245
7379
4994
7072
6097
4017
839
1332
7077
4906
2754
9388
4475
5673
9266
2302
6757
9771
8326
7612
1120
1695
3878
7900
417
4078
5907
9821
9576
346
1075
6866
4789
9283
3579
2727
2701
6627
7683
1423
8612
4137
5287
3723
7290
4951
548
8941
3163
2502
7420
2577
4215
8948
6089
7902
1556
5911
4417
9579
281
4710
4803
1299
1927
9026
1534
9035
3251
782
9043
3384
9152
1048
6902
9988
7359
4886
2656
7516
3487
2506
1021
11
5886
8207
5116
3797
7572
6087
1108
4299
8056
9775
289
61
9683
6271
2202
7737
5520
3938
7611
7632
1317
6194
3653
179
3828
1292
4437
5696
1904
7768
1154
2376
1367
1842
6668
5884
4864
304
8258
6115
2135
7981
8353
3183
6862
2849
3520
7731
4288
4328
7242
3184
3314
564
2085
4103
4631
1357
4261
7422
2433
9116
9629
9828
842
3457
4610
9844
1795
5552
1491
1916
2826
226
1969
7179
302
7997
4499
3521
8199
5099
3362
5616
7605
5267
5434
8465
8751
1840
4964
8242
8318
9274
7137
7515
8428
5752
2476
9503
9098
8831
8386
3852
164
7181
8421
9554
5760
2322
6682
6052
6060
2624
1671
6586
9065
7771
3125
4694
9190
2934
7321
953
3768
7614
8006
5850
636
3995
3836
1167
2368
4146
1277
4121
1836
8846
861
9720
4883
3386
1518
9245
6313
107
5330
1688
990
5704
7778
6982
4333
4410
283
8133
1099
9726
7929
9263
3067
8569
6426
171
6138
9502
5083
9653
972
9075
8115
4576
2224
5169
9233
5138
1378
6567
5445
4544
4870
2112
8173
8098
1010
7676
6947
4812
6632
331
8038
5990
9922
5048
2846
8381
5560
2724
9225
9789
7364
9036
3069
7708
3161
3158
528
4657
6811
8054
8930
1020
4678
4808
3430
5279
2199
1406
6829
4863
3211
5408
2391
5275
8415
7480
1900
3196
428
4147
8609
7125
8039
2801
885
5649
6500
8033
3500
7950
6974
7035
6614
5668
1779
2089
5962
4724
5090
3002
5946
1906
9059
5890
3094
5839
2360
3282
1197
4239
894
9639
2308
4911
4821
1339
1017
4945
6331
9002
9415
7486
9346
9133
8438
3775
1806
5441
901
2084
6470
7436
4249
2514
2876
1246
4216
6431
6611
6915
5527
4060
3594
5785
3662
2238
9590
5426
282
7749
3327
3743
6272
8983
5229
6516
4917
5096
5859
4153
4157
9456
9656
2994
4605
8116
8008
8302
5901
3042
4548
8519
4132
2665
6343
5531
2327
9275
8552
5317
6118
2982
1063
7945
6945
6759
4574
5027
1401
9634
3803
6696
5373
5550
4571
3228
2965
9676
6613
7733
5328
5833
3015
2406
1175
7218
653
4969
8771
3297
4394
6701
1553
8759
5790
9305
9404
8795
9917
2198
3635
4332
5682
7763
2339
5931
1234
2392
3448
208
3555
5750
7253
4538
7773
8621
1263
3986
7673
4730
1824
3941
5724
9149
6931
8786
8998
2167
1552
6061
5378
8477
6262
2128
4697
1718
7707
8878
1566
3915
982
6440
1735
6726
6916
4818
2045
5864
4160
9223
8364
5344
5961
9030
4647
4003
2574
9994
5478
5490
5540
7423
5291
7341
8332
6468
6733
9910
1297
4036
8583
7663
5012
370
870
5370
2182
5807
1884
9389
9145
6309
2877
910
7148
3874
9904
411
4365
9091
7122
2176
9072
7914
4252
9663
1555
9053
3286
3028
9926
5402
1444
7624
2917
3618
6305
5031
4405
1365
4321
2463
7347
3287
1026
7754
2778
8718
7200
1759
2937
2533
7517
8067
2867
248
8087
8434
7884
2881
9933
7628
5837
2264
9898
3772
6919
2901
5956
9560
5403
3105
9024
4513
1585
927
8451
4875
6370
3048
6761
996
5193
3291
3844
2548
4194
5131
399
1705
1724
3629
1665
6386
685
2099
6554
5290
7005
2810
686
4601
8081
3672
3311
8967
4549
3608
4686
1925
3917
3627
7919
3061
6072
3527
712
661
8752
5391
82
7670
7302
2988
8120
1380
5022
6490
9074
6609
244
9573
2486
576
640
6874
3153
2693
4577
2601
2523
5887
4473
4639
4740
9216
2660
133
8101
9437
3842
9338
4939
8798
5803
2356
1023
9000
5374
7797
9364
1397
4127
6656
2477
8316
8731
7485
1847
8402
9785
3264
8950
6016
9829
6746
9796
7076
9951
8862
2234
1285
4758
6066
8758
5295
9650
3494
3896
1497
883
2713
2522
6978
3691
2011
1051
5109
5315
4084
878
7920
777
9060
9406
8060
270
4596
1524
5574
7350
5809
4900
5095
6041
2395
7963
8698
3010
1944
6659
3232
7431
3392
2820
7760
4795
9534
7351
4920
8567
1028
2330
2367
4903
6350
5629
3646
2352
6453
3573
5136
3332
8347
4813
5644
1694
3274
9362
3539
8833
6652
1447
3005
3145
8200
8343
7391
6324
9311
3501
6800
809
5951
9710
7175
2563
869
7182
5869
8597
3751
9564
8994
3011
7601
8969
4259
1987
5195
758
7721
9894
1289
8630
4567
8088
9256
2429
3369
2003
1593
4459
3950
4594
8395
3623
2027
2361
6722
3371
6013
5203
3784
3877
4889
7223
9682
2156
2707
105
3324
2992
5960
473
9501
7217
2055
1361
4113
1687
3254
4444
1056
2730
8126
4241
7377
5155
7396
6808
5939
1848
1644
964
5655
5141
8500
0
8585
2044
2070
1898
4859
3070
2608
201
8763
9331
8095
7426
7969
5073
251
8461
4257
7238
7419
3786
9174
3129
9879
8342
6486
1347
8651
396
532
1122
9531
3930
6012
1504
406
9632
5918
8625
3774
1256
8281
3645
7196
5258
6673
3355
1005
748
4451
5906
1201
1092
9318
2217
7220
743
2529
4518
1328
8370
5160
9504
3640
6261
8705
6257
9664
2035
9368
1651
9281
1090
9090
7592
2346
956
8748
4597
5455
8086
9520
1945
9379
1557
1355
1719
2904
432
2914
8413
841
4680
3292
9299
6245
4412
8041
1858
624
770
2532
8309
4161
786
4817
365
56
2790
5656
5561
6802
923
9935
2186
6903
9455
1503
8935
4330
5513
4171
5067
3023
7850
50
7329
1034
9823
4592
7912
3186
1203
4806
9056
1065
2623
2359
5467
4760
639
7333
5173
6712
2057
5257
9459
5461
8717
185
1011
2521
7138
1093
4207
6121
3624
1140
7586
5353
4230
1999
5744
182
2
715
2539
2711
3160
2961
2536
7198
7643
4836
2029
3664
7936
7046
239
6368
6787
4027
5823
6612
2515
1716
3716
9967
522
9749
5915
6218
9881
6176
4624
755
7470
6035
1061
9744
7274
4053
384
2130
1993
9064
7906
1303
5792
4958
8139
3409
6629
6940
6880
5627
8165
4915
5558
6492
1442
959
7070
1495
5622
5224
391
6217
286
3373
7941
9971
114
8261
118
6485
5553
3700
9508
7854
3201
3404
9960
8172
810
1722
7527
1896
1729
7825
6959
4404
2613
7064
4847
7831
8009
1460
4377
3830
9950
6402
3034
2899
5963
8710
8847
8186
6399
6117
8754
9673
7142
9046
9952
3574
1657
3843
8319
642
6075
5474
4383
9438
8044
5285
6125
3899
312
8520
2378
3312
5124
5414
7016
5603
9896
9957
1311
6093
2152
9694
8440
3587
3257
3079
2805
3376
7398
960
8599
2119
4150
1814
2049
3886
2784
8351
5930
5583
5805
1889
8100
5332
3552
3244
8829
9939
1540
6212
9816
5547
8406
3705
4422
1693
58
5029
9365
7260
4503
2585
5102
2678
890
8557
5204
1287
9895
21
8017
5737
6027
9209
1492
8986
3443
8260
9876
2977
9578
9718
4999
6934
3241
3910
8219
8102
760
3406
8470
5634
8530
5719
7791
275
3773
9670
5789
3927
378
57
3789
9509
5588
8636
779
294
3300
497
1905
408
3856
1850
9126
3256
2157
193
4416
8545
824
1774
9217
3396
3138
7267
634
9669
2545
3375
2250
9017
6834
4578
5683
8294
8432
2606
5334
5
1576
3024
8975
5038
1809
8103
7957
7150
9712
2048
5759
9257
9610
9286
9980
9783
8064
1572
5431
9029
6409
452
4186
3090
6405
5922
480
2170
1514
5614
8702
9186
1388
835
7860
7083
6497
7059
5522
9776
9413
6036
1653
1398
4580
3940
1462
4618
6602
1062
9047
8298
4683
9587
6563
8031
979
2126
4674
3622
1511
7799
5032
5582
7547
718
6510
4177
4931
184
4878
6442
3936
9112
558
8469
9538
9792
3614
129
1097
4628
2851
2060
5986
8964
8766
7623
2083
3395
8631
7467
8657
7284
9106
4560
2095
746
7688
8066
4350
6962
381
1342
8524
2756
3290
9794
2537
8061
3471
8481
3609
2034
407
8826
194
7795
5551
299
2449
1913
267
6898
9945
1385
5372
1012
3285
4466
5739
3363
7494
7447
6099
3120
6899
7255
2633
4360
9399
7204
3356
5386
1479
6275
8247
3979
9883
2854
9138
9973
5188
5464
9899
4248
3304
833
942
6105
7186
9158
9839
2442
7451
6184
7563
4402
9691
3553
5489
9571
4320
9110
8235
8777
2752
7865
9681
2171
8665
1236
3643
7041
2489
1533
7116
9287
4717
988
7687
785
2495
7177
2544
9998
9887
1871
8549
623
4940
4258
1825
5549
635
5978
2540
5585
280
9155
2505
3602
8084
8949
6559
7063
7320
5648
8596
9025
9345
5443
1488
1390
9391
4652
828
5894
8360
8266
6912
9618
6910
1960
9580
9127
4366
6363
8297
4640
3037
8678
1860
5045
3146
887
8390
1424
1309
1625
8204
136
6767
978
4804
5678
4947
2729
9566
7634
7608
9977
2865
8736
4898
2291
6813
764
8694
1245
7463
3456
8118
1375
8002
6367
7839
673
5331
4873
941
9402
3152
7875
8503
3018
8003
6525
6683
8025
4231
8988
5427
7363
6362
4273
3149
3679
6713
2967
7840
2600
3870
7495
3339
3419
2669
5094
3746
1306
1793
7915
6339
2824
7305
9853
5729
3560
547
5387
8423
6970
7154
4407
3492
1198
7297
2779
5842
6975
6301
2972
2464
5261
7814
1046
5681
513
9261
5557
8544
4662
693
9814
8404
3545
4659
4501
2196
7644
8272
9038
6728
7609
6156
621
2935
2194
4418
1961
1968
2018
6999
4582
8861
1821
5966
1574
6789
7992
2229
8797
397
6935
921
8459
726
5514
2513
7286
3226
2262
8841
8388
1715
3890
7732
3317
7916
4280
233
6283
8221
7500
5225
3761
1740
3869
5765
7542
7315
814
3157
2710
1165
1749
66
8493
2989
5307
3880
3794
9767
5246
8275
2672
783
4051
9205
5172
6116
10
8027
2241
9489
5379
2469
7099
5040
124
5757
7947
6074
1226
8840
657
6907
3103
8442
7183
4802
799
5259
917
8314
9197
4955
1346
1217
7783
7988
5269
260
1691
7958
3900
8501
4139
9768
2636
8293
7782
1541
5768
1220
701
493
5429
1701
1941
7370
816
9807
2832
8675
7537
2721
8230
4232
4016
3974
7837
7698
1079
7407
6643
6555
8706
5612
3437
9063
1966
9493
8181
968
1559
3139
7895
813
1882
7541
1922
5698
1164
5637
6230
719
5599
9071
4011
1818
7093
2383
2006
6452
3507
2742
256
3954
8507
454
9454
7174
8447
5399
9934
9678
7595
1892
690
9736
3928
7328
8517
8564
5579
6994
6377
4745
1564
7977
9748
2879
9130
3381
9755
2142
837
7358
5666
9184
4718
4061
1035
6533
6717
2110
6863
127
6665
871
5255
4274
2377
6580
3253
2482
8409
5393
6968
804
2195
2422
5977
5380
2315
3240
1980
8900
4954
3747
2320
2159
5935
4695
2333
3030
5769
2666
1461
540
2922
7626
6980
5208
6852
3445
5190
2139
3490
9480
993
8449
7818
3483
6268
5442
7918
3164
2828
1242
7580
9485
4355
3112
7779
6068
9820
9435
5354
8693
7971
8624
1634
4197
4778
957
6887
9645
1738
5597
1322
9476
4344
6521
9039
40
4063
2334
7264
8704
9474
6570
7564
3092
8300
8528
5345
1073
8105
8028
6335
5502
3388
5165
8883
7684
9192
1736
3542
435
6206
4585
186
9518
7234
3481
778
5999
4913
3493
7079
3320
8282
7354
2538
8091
7118
6708
7450
1940
5542
1568
3142
4830
5023
1920
9801
1219
904
2928
1626
9115
8755
2192
9429
2570
1548
2471
1746
2831
2116
3218
6946
6032
5394
3468
7852
5221
676
4387
1434
8042
3215
8296
1609
3081
1675
9920
7342
4119
8429
227
4015
694
4641
123
1147
9144
581
9886
2760
7011
8125
9291
3155
1076
1177
1440
745
4495
6154
8291
5556
4512
310
4244
5538
3134
6576
4262
3625
8306
4976
6400
9668
119
723
536
3976
2113
5476
7061
6246
8448
4032
276
1133
5992
4130
843
7295
9414
6831
7224
5327
1971
9812
8887
738
4642
7863
8240
7283
8888
7081
2221
4324
8622
4599
613
4737
1214
5819
9802
7711
3239
6086
5056
2497
6005
8339
7369
7141
674
1178
2066
6938
1973
1863
2575
6077
386
2412
126
4058
654
6562
8040
6059
4960
9714
9697
7728
6870
2456
6380
533
8252
3326
2887
3533
8341
6514
5949
8995
4865
4031
7627
5302
8232
8985
7512
1223
909
1199
5539
7751
6025
7024
7445
9277
3498
5867
322
5272
6807
7017
4298
6153
7000
565
4035
4106
2121
3338
1450
4987
9880
7743
8466
7681
7381
4183
4540
8068
9151
8854
543
3454
3867
187
6556
7630
4598
6610
4963
5108
3728
5337
1516
3855
9183
7393
449
6180
5428
6144
7723
146
8774
4523
2253
7257
1886
9809
539
656
3372
1267
7439
7475
5409
9354
903
6288
7020
5775
2950
8408
4354
8701
8681
9640
717
8659
3698
6458
4123
5784
9312
802
7254
7525
9447
5277
8313
8315
1505
8439
6459
8234
2619
1244
6804
1633
180
6420
6496
9323
3198
574
6480
9958
4276
7443
2104
4978
8093
1094
691
9084
9778
30
6961
6617
1500
2858
6101
3439
1304
6642
455
5921
8321
4751
4794
5694
8431
77
8268
89
1599
1271
9511
4445
4673
9515
3814
7356
7881
5987
2028
4720
1261
3894
4970
5580
5251
2103
9033
9925
1750
1222
3229
5594
97
4528
3059
1102
1580
2504
9677
7752
5849
6582
9961
5801
1862
4767
971
313
7437
2313
6239
838
6585
2014
7226
9293
3857
9955
468
2124
556
2956
1144
6102
5998
103
8957
2483
3556
6286
8363
6216
9405
8952
7809
4929
8974
2381
4800
6215
684
9303
6182
6063
7221
5982
4390
1008
5416
7964
4896
3216
763
3217
7651
5593
6801
3020
9177
1139
751
6166
1081
1329
2840
9786
8858
3464
2605
9702
3863
7590
6376
3875
2012
8971
2781
9857
8882
2092
5177
1560
6159
8106
1286
9954
1469
3277
25
1238
7584
290
6618
6658
3060
9118
4866
6020
9638
337
4434
6284
436
933
4926
3990
9680
5072
8435
4174
2772
2090
6430
1614
562
6740
6604
9434
699
8328
589
7704
4442
6930
4382
7649
5398
3065
3885
8074
8022
3132
5041
4454
7501
6090
8683
8226
9806
4291
519
2578
7411
772
4401
6645
1721
713
5239
7610
5494
6702
9010
3359
316
413
1838
7819
4763
4762
6641
3354
6536
4907
1243
4711
8666
4110
7729
4953
8856
1475
6597
8510
4557
6765
8977
8843
9559
795
2114
1414
5916
3176
5496
638
4614
429
7801
1268
4713
6434
2002
8218
5004
6737
3769
2405
8989
196
8671
7117
2768
7582
7233
8142
1851
1817
1794
3670
4164
6001
328
2311
6677
880
3975
9827
6782
1160
985
2415
203
5146
7349
889
9754
3538
9659
4773
4660
1274
1251
6416
2451
1565
2871
4487
1163
6220
8211
5996
2269
7985
9643
4251
9254
6179
8206
8939
3004
5607
7505
6608
8071
3812
6648
6591
6718
646
1712
9722
629
2225
4206
1435
7506
8147
3156
8016
2188
9758
4223
7153
4921
3805
1399
2816
1024
4457
1702
162
929
6623
5778
8578
3165
2255
8560
4208
9326
8089
7232
1546
8190
2925
5533
2829
6635
9200
459
4300
5984
741
7777
3055
3515
2455
5948
4851
5243
6401
573
1464
2387
3846
8191
2445
6203
9686
1527
5510
3793
9298
3871
679
3628
1579
6142
7173
1239
4959
2579
1448
3502
2823
3247
277
2233
1689
5889
1670
7785
4342
4213
4606
9773
8276
3025
2955
1536
1190
5885
1929
7793
6587
855
2435
5425
9490
2281
8881
8953
9772
969
6780
5740
7879
5479
3611
9101
9048
8179
2388
554
3230
9635
7036
981
3095
5910
4468
2437
1360
1621
181
5646
5199
9705
5260
1979
4190
8400
8902
3318
4733
3073
4304
7461
9028
2748
2910
9348
7085
5006
2203
940
7018
4428
7493
1865
1678
771
6122
154
48
9911
8243
5695
6302
4341
8043
3712
6163
2010
1781
3551
7120
8479
6421
5697
4658
6741
5671
8813
6034
6730
5928
3833
6754
2059
366
7388
3296
8781
8958
5125
3107
5030
8441
4749
2668
315
5133
3897
6266
2487
6177
3329
2249
6078
3748
4037
570
6454
9510
9701
5097
8496
7857
1805
8643
8373
434
2137
5602
5237
6892
2519
4509
7334
9616
3832
5526
4691
733
3647
4195
9359
7522
5756
5357
2567
6127
3765
92
7237
6857
1352
8901
5714
6056
9272
3541
4728
8473
9019
1711
4928
5635
5323
3035
4306
7089
4064
7539
7524
5813
6888
5230
9732
1832
5021
9739
831
7246
7203
7578
9937
2408
4476
575
5333
9516
6983
6495
2743
6472
9612
4742
2586
6951
626
4240
650
2863
4046
9246
2336
3260
2037
2510
5846
1709
8460
2638
9995
6932
7146
343
9856
8793
2852
5912
2458
5834
4536
8908
5152
2097
5205
6599
5465
2475
8515
9948
6479
5433
5134
4087
5156
6289
1873
1205
8194
1810
8349
3509
132
4547
7980
7807
2726
3586
2939
4535
9481
2136
285
2235
3946
1950
6991
8092
2546
9097
9661
6186
3135
7291
5305
5858
4630
4141
6942
6776
7715
7287
5018
7002
51
7523
4424
2134
2708
5589
5499
1457
8096
7366
8807
9721
1590
6620
362
6651
5953
6636
6278
3563
735
6550
335
6232
5153
5483
9175
4555
1050
9168
3111
4554
5322
9764
1632
7481
8162
9586
3171
3460
223
3589
8330
5586
716
3929
9636
9475
8090
5863
2525
6202
7092
4059
4663
3921
2169
3485
4041
4414
8770
410
2254
1191
5218
4887
840
7925
249
2447
7404
872
2744
6067
6444
2459
4040
3524
800
3178
7353
9581
6300
668
9938
5132
9419
6814
2325
1600
4756
4747
5301
999
4203
1744
1903
1764
341
9760
9426
2363
2108
9620
8412
4378
5462
6256
1939
6044
4525
1489
1202
333
2789
2921
8904
4846
4967
5143
4517
9219
2847
926
8331
4500
212
1659
4904
5111
4996
1620
2785
9614
1389
1473
5847
8968
4176
8714
6499
327
1103
6139
8241
3977
1515
8664
3344
6859
4386
6896
1115
1815
7816
5054
5568
5605
8285
2695
6532
4234
3461
3847
8236
2355
714
659
191
7348
6133
5181
1208
8600
5060
6037
7561
5802
5882
9448
2058
5248
352
3133
4583
1537
5296
7961
5817
4227
4568
453
5870
3166
5080
2284
1293
4085
4675
3242
1782
8472
7087
474
8603
3958
8527
7335
1029
3080
9317
8129
7558
7427
6686
6064
6092
5020
4056
2786
3056
3809
4133
7097
4485
1319
6868
2201
9506
5896
7444
5855
2886
2080
4351
2155
8099
9131
7907
5058
9787
2062
5545
2583
3821
4340
3252
479
973
3462
8444
4916
875
3727
7008
7435
2929
5679
4869
1854
2246
6731
272
3518
5493
8876
7726
1371
9251
4890
546
4604
549
3271
446
1717
586
4024
666
2962
7774
3465
7998
5702
2530
7833
2033
2499
9248
307
7144
7701
9361
1085
9142
5435
8018
6688
3421
3365
8508
2739
9684
6926
4265
8703
5164
2941
9164
6389
6944
1994
6049
4029
1587
1507
963
3276
1231
7820
7856
6193
5217
1458
4506
1376
5576
6748
1252
6850
204
2631
6007
6535
6992
6844
8801
6294
1673
4179
20
6103
1915
7165
3210
607
3883
6929
6531
3964
5766
614
1106
36
5699
8184
3659
2467
3994
2991
5359
1550
9037
6711
8188
7861
8653
2466
688
6126
652
6146
2657
8708
2958
2450
9727
4709
5212
4893
4612
1053
138
3612
5400
2004
9741
3667
1382
6107
7995
606
6854
948
1839
7252
1975
7047
1799
9085
1917
7930
3
644
5707
1340
3258
7951
5166
7587
2806
5800
217
8700
9005
7691
4491
5324
3804
1911
6769
2204
504
2653
4980
3313
2321
4965
9594
9779
6249
3826
2557
8504
115
1784
5983
1605
4706
7667
2776
9228
3340
2596
4982
8299
5335
1004
5940
8724
3973
4633
5473
1200
945
7326
1893
8312
3389
5381
4345
5596
708
8579
7568
3429
2883
8209
5632
7031
2358
8337
1595
508
4741
3605
6251
8972
2160
99
9172
1682
6427
3486
7899
5053
6006
5329
7990
4852
9117
1631
9662
5815
3374
5971
98
5848
4822
4880
8982
2409
6231
5142
8072
7136
1241
8453
4272
3261
7319
9051
355
1578
4070
7425
1183
198
7421
6252
3956
6205
7492
5660
3062
9850
3223
111
6385
822
3706
5723
7049
7853
7185
1569
9407
9469
8026
6879
2796
602
9134
9798
9001
2646
7652
647
588
4002
9617
7910
3872
1156
4446
7581
3798
7519
8380
4521
7317
2560
5528
7531
8650
6736
3718
2257
9023
6048
5831
5028
149
724
5895
3676
2265
1066
4527
811
334
9440
3001
3998
1032
5794
8874
2001
6460
3019
3106
3093
5981
3266
7088
3714
7195
3731
139
3802
5113
2691
5708
5503
506
7616
5680
9869
2659
2750
5771
7448
7308
3934
4933
4092
7755
949
1325
8398
1996
2310
2480
5677
9007
1425
5651
6625
2804
3529
9022
3619
6201
5008
1043
3580
3908
6397
8265
2635
6119
1496
8614
4021
938
9561
6466
7959
5326
8956
326
8317
6455
585
5525
3735
9188
4981
1296
4023
2005
414
5630
5571
8816
1091
709
5592
7991
7784
1603
4452
2067
578
1250
1875
3399
6238
6996
4824
2943
1831
1914
9497
3760
6321
6323
4562
4891
734
9536
9358
9873
1007
9537
5377
4175
884
6756
6438
2698
496
4845
9703
4736
9417
3417
5171
2162
7143
7067
550
7827
9949
7603
6465
7279
6451
8687
1508
9556
2637
4065
2150
6247
6390
6135
3567
730
7975
9912
6997
603
1778
142
6619
7210
1484
2963
2098
2765
3480
6076
8482
3868
4254
3989
7487
5148
1627
7069
900
8019
4914
1334
5299
9810
5641
2702
9308
9316
8899
7847
797
5000
7780
3168
6204
2709
5578
6630
6158
1597
1581
598
8563
35
3982
2946
3495
5620
989
8167
9862
2898
3610
9471
1986
8322
439
5282
4335
7164
1173
9543
1114
3918
2023
9649
5989
3453
5936
8492
6684
2478
3953
8345
5952
6079
3919
1663
7685
669
6666
9146
8168
8405
8069
2403
3722
2430
153
8855
6822
6723
1570
323
3601
6904
8169
9270
9196
9058
9633
9409
5253
9218
1001
1876
3053
7940
5913
4793
6398
6469
9627
1857
6803
648
5078
4677
5050
4109
9672
6676
4212
8871
919
4305
9253
9239
1101
7823
5472
5617
2933
6546
8001
9936
8128
6070
5207
7583
5001
6775
8921
7332
7866
5106
6029
7345
8264
73
4860
4638
2551
8809
7966
4447
5534
5320
1412
9959
2689
3849
318
8426
6038
3455
1499
5192
39
2299
8767
2706
1416
9996
6145
8954
6671
7229
2282
8053
2556
9544
7545
8371
5865
5795
3939
8030
3978
4154
8445
7190
4371
5904
7661
377
6148
1402
4735
4752
6018
4356
2728
7748
2517
6410
5421
9624
5241
5266
2930
3717
8993
4480
1330
7375
3400
4876
2237
7694
2799
7275
7135
818
2123
5140
2915
7885
8378
9094
3682
4832
456
1591
2144
4619
4367
7271
3412
3796
1327
7107
3289
9247
7529
775
116
3549
8892
1153
206
1942
9260
7239
437
3235
7389
3206
3219
7682
6378
3699
7289
3600
6197
9568
9230
7158
1908
5957
9044
3458
4905
4944
6849
6043
5278
8245
3345
8895
8531
1036
6895
7639
8845
9444
5341
537
1959
6843
9418
886
5954
5866
26
2232
2909
5168
9655
6705
1957
2912
7176
6621
3022
5685
2559
8869
3631
7056
806
3719
4533
9822
4801
5751
954
1618
2874
301
8304
3440
555
7585
5180
7843
4088
5559
4575
2210
6502
161
2940
2079
3817
6080
178
7999
8804
737
3482
5270
8338
8131
5369
3811
3566
7465
5356
7110
5975
6213
4433
2453
292
3413
5371
2275
1427
3923
9213
2468
8178
6594
9740
3535
9834
9243
3734
6644
6590
4858
3865
1337
7313
8923
6024
2564
8161
4126
6522
9863
3787
9513
6445
7962
2247
54
1362
9135
8916
442
2065
4375
2617
4221
6365
559
9096
6589
2042
2842
1128
6578
6111
8713
2425
3959
5717
5358
9452
4192
3911
9427
4868
8480
2398
4007
5716
86
4504
3027
9425
1910
317
6279
2173
7897
6403
759
4912
6276
2206
4144
8749
9137
511
7213
6280
2783
6826
1788
3352
8117
8566
1531
372
1170
2562
9003
3045
264
524
2270
7412
74
4396
7730
7660
9548
4667
1855
4448
3401
3972
3617
6053
2797
4874
6579
7263
7168
3268
2228
9969
2190
3677
8668
5753
9004
1804
8379
1254
6255
9199
1403
2277
9478
1142
195
958
7622
4196
1589
6178
9982
7695
7550
4705
6346
6169
8870
4073
7418
6821
9027
1333
6678
8644
1359
6082
7650
1658
8959
9328
3349
9621
2511
2809
9178
2861
7311
1209
4862
1761
426
3991
9687
8619
6690
6457
2763
9539
4645
2902
8485
3281
22
3550
5497
577
9893
5176
6958
8107
4399
271
1381
5600
4286
4118
530
2774
7001
4068
150
2503
3824
8594
3582
8707
1446
4853
7851
4246
284
1157
6439
4050
3077
9424
6100
69
8720
1182
1845
3212
6114
5917
5643
8692
3190
1227
190
6462
912
1528
3591
946
5294
2703
4781
2259
240
3652
3942
7399
9569
4738
5220
7299
6524
4765
4284
5163
9657
7498
1189
8789
6505
3246
7322
3658
501
2369
950
3790
3639
2825
6293
358
28
7022
1049
9942
6881
7714
3925
3952
3673
7055
53
1741
274
7646
4814
9276
3701
6681
5268
389
9918
3675
450
781
3604
7994
3347
7908
4219
992
9050
711
2026
7227
9374
6858
5590
3859
385
3822
5838
2131
5292
5773
1449
4047
5892
1269
8711
2493
379
1958
1125
6517
7410
9467
3839
2973
7926
412
8699
1105
3051
7993
2839
5584
6719
8514
3209
5721
9907
7405
567
6318
9122
8551
4879
2007
7075
4609
9249
2396
9505
5944
3615
1680
2419
9268
7826
8719
6672
4014
5263
3572
9202
2722
2256
5501
7719
1586
1
7338
2554
5085
7938
6647
7669
1563
2697
9735
7484
7360
2998
4038
6095
7243
2731
3598
8362
6924
8815
6864
4761
4129
9015
3411
1407
9909
9221
2193
3663
617
4498
695
279
9596
7296
360
5980
309
6375
5274
4245
4755
4505
5736
9962
3250
3231
6274
7102
520
8397
2132
5853
1733
6964
2590
5899
7554
2953
858
8979
8185
7324
4769
1768
9472
159
2975
234
8327
3887
8047
5447
200
495
2856
9153
3730
1257
2592
4670
9751
9264
8180
4278
8893
6241
1298
2379
7677
7091
3657
5318
9923
9946
298
1006
2835
2423
8491
9527
8229
3205
9611
4260
5477
4632
7696
2274
1466
2996
5343
7247
5988
472
7429
5262
5976
67
4346
6233
8534
7965
4646
1270
3110
5577
9738
1834
3884
6291
1762
8263
9032
4799
6906
8933
8812
9067
4066
4363
8032
4347
9860
9602
1547
398
7094
1947
2964
4930
2607
8521
8996
7911
253
2900
1429
4198
2580
9507
2163
8677
5941
8686
8525
1753
9813
9021
5875
4656
3263
6298
6568
5366
2627
8111
3800
3729
608
7709
3861
4570
1775
8170
9066
7408
5711
7802
4303
8628
5810
6812
1938
3620
1907
3148
4235
4771
5861
9232
3806
1237
1027
6543
9201
8359
1064
8733
9400
5092
9191
6778
9273
2589
8669
8208
1283
7170
4311
5482
5735
6877
4310
6950
997
7478
6209
4943
2440
2696
6196
2024
5382
47
829
5767
2661
3203
7822
2979
6463
12
7647
3402
3272
7948
9642
6437
4372
2641
420
4856
8346
2242
3710
2621
4391
4563
9107
8361
1520
4443
3225
6551
5185
4327
6714
4143
2427
1439
9227
278
1301
4777
5777
1137
8541
7028
1141
4117
8253
2166
7735
1107
2671
5306
5350
8307
518
332
4142
6523
8589
2020
9011
6382
7762
9300
681
3860
2584
3366
9170
583
7192
7449
803
483
9628
4850
5633
6334
8638
8962
5925
6267
17
4312
8464
952
2952
1635
3546
3423
8487
6687
3532
5626
4746
1019
8803
8911
6355
4107
2512
7152
2189
9088
4816
6871
9769
9212
914
8937
6322
5183
5798
2766
8990
3469
8716
4719
8800
1235
6258
7167
1082
1828
9210
4334
2770
8623
3837
1230
5786
1229
7534
4071
8860
7278
2273
3967
3425
731
5689
7788
257
3499
6503
7026
3052
6328
5242
4469
8873
8123
6908
4507
6661
2720
8494
8540
4679
1433
393
2800
9453
4936
2893
8377
7567
1264
1613
246
5011
7655
5880
3179
2920
895
4922
918
4837
231
8936
6847
3766
4661
5888
5415
6129
8425
9766
300
3511
29
9943
1331
1459
8273
8932
6214
7032
4079
1084
7394
2364
4202
2897
5288
9487
8358
1523
7718
2599
2331
8823
7119
4256
9189
7848
6051
9985
6763
6341
3724
6021
4379
2733
6957
8543
4831
3280
4833
8836
4325
112
3278
769
1281
6491
6185
7871
9817
1095
9854
9366
6155
7713
7844
1791
7604
6772
6104
6798
2822
7903
8991
8414
1610
8021
9
5127
8394
1943
7060
3306
368
2082
6320
6750
3564
3742
9376
5943
254
6124
707
1826
4703
5818
3351
5742
7842
5112
3213
7078
265
9055
5049
1451
9398
2999
8890
4413
261
3398
7121
2643
9762
415
6170
2319
2047
5720
7258
5631
9803
749
9647
5118
2674
6993
4979
7756
1877
6794
1751
4726
5087
3613
3358
3516
5512
16
1249
345
2263
8604
3848
5754
916
1038
349
4077
9492
739
2329
5504
3085
2603
793
4162
6340
4134
1112
4076
3841
7068
6316
2218
9930
6663
2841
3577
9793
628
7080
131
9372
7276
4329
4285
7808
1984
9743
7222
8262
747
8110
1042
6824
6553
8929
5037
1757
2848
8867
8542
9034
2008
1562
445
9470
5852
3195
1643
4526
7228
6933
6227
9119
5879
75
9160
9757
3265
2382
8526
4095
7591
4247
7365
4082
7019
4228
4827
6351
3616
4406
1991
8023
7382
563
630
6588
2207
4432
167
5650
1150
6471
2714
5703
6593
4352
5947
3893
4515
8505
7
1998
1431
5781
4689
2717
3309
6781
4477
8340
615
888
2481
8012
8618
6512
7970
238
110
9574
5797
7706
658
637
8839
3780
3595
8227
8894
416
7828
5034
7160
2597
8966
8513
9369
8270
5772
9327
6306
2261
8228
44
7923
8740
2017
6742
2434
1284
2178
90
6758
8197
6157
4508
7776
8430
4553
2145
9858
4436
896
9204
1415
9104
1255
14
792
920
6467
8138
7740
3745
1410
8943
4313
8635
8148
8946
5487
7460
7491
4867
1813
8113
9517
6846
3016
2642
2100
6956
6860
404
6450
7378
5570
9597
5074
152
1976
9392
1558
5874
893
2986
7140
5349
1132
2393
7922
8917
5321
3980
3685
8667
2118
6506
2919
9081
4187
4115
1841
6395
2821
8655
5137
1481
4888
2417
2736
6779
6897
6792
1126
2850
1648
3704
6886
6381
354
7357
6894
9350
236
8728
5572
1430
1098
9600
2677
1172
1561
3636
9572
7739
2462
5390
8156
6508
8077
3407
6952
7836
7766
2326
3159
9832
1776
1866
7428
5265
8160
9972
3255
1353
6172
9986
6788
409
8852
5389
423
6443
5117
3414
2632
1801
2158
7641
4882
4942
8079
1391
6054
592
325
5881
8150
3726
5732
1931
1260
677
9383
9974
2175
220
6396
130
705
1071
4020
3091
2769
5200
6624
9394
9715
9371
6039
8875
5308
7588
2777
8121
296
5061
8059
2050
527
932
6028
4731
8486
1849
1134
4012
8676
8905
5495
765
4591
4486
3270
7101
2021
5071
9473
2317
1664
4376
2165
1159
8109
8478
6308
8506
6476
4292
8944
5799
6192
4426
1070
6990
7171
6011
9591
4348
4770
7722
3562
1161
8757
3901
7553
9235
7131
6030
8365
7417
6065
5423
7132
5825
6839
5101
243
3960
4956
987
6715
915
5439
2211
3109
3962
8280
7207
8581
5659
8865
5486
729
6448
9082
5654
376
7045
2107
2981
8497
2782
5458
8782
572
4786
141
6120
3181
9171
1179
4991
1146
6889
9927
5471
1899
7805
2172
9250
6569
2351
3903
232
7272
6920
7066
3782
8629
3380
8458
9193
4522
8097
5238
3063
6000
5247
3795
2803
8289
2980
2968
4842
4588
4692
1185
4608
6130
5645
2073
4151
7924
8210
4977
766
5376
8773
1951
1509
6637
4431
5958
3072
6694
6109
2133
4653
4636
8768
5352
4483
3294
211
1592
2402
2501
9301
8223
8000
1645
6317
1454
7967
8384
1324
7530
2239
5033
6773
3510
6760
1213
9953
7178
3151
7635
4561
1363
8738
230
295
8791
8075
6501
3690
1662
7027
1370
2870
5919
4052
568
4279
2526
8649
720
6751
1083
8942
832
7790
3548
9947
9713
311
2626
6423
7503
9842
5991
2125
6988
297
3947
443
7738
7824
8174
8436
5281
8562
9719
9846
3447
9165
1551
5973
6372
7559
4902
3361
9550
2680
9689
7758
8808
2231
6913
9931
3993
3315
4723
9545
5845
5240
9788
2345
4520
5114
3756
3762
3420
6436
9092
2976
1060
8020
4676
2651
529
1369
2916
7163
2122
2634
8732
3248
7544
3064
3175
1392
5449
3353
4910
3416
5824
6622
9307
6596
140
2639
214
1870
4349
3581
9742
9780
6901
9393
9877
3101
9498
9595
1059
3788
6538
9461
5970
7874
6876
4834
5420
4025
4269
4626
9729
9916
419
7490
6418
6106
2648
2500
9805
8177
7904
3571
7576
6941
5715
937
9836
2340
6796
8063
1770
2535
3431
7051
5783
8224
908
9521
7659
330
3330
1571
5346
1521
8374
8073
4172
1607
6388
1275
1615
6223
9704
4899
3963
4729
8863
6108
371
3739
367
830
8903
403
2747
3491
3666
5466
4138
6270
4462
1880
5316
2957
1181
6311
4569
6884
1216
5730
3514
9519
7127
2807
7888
3224
5100
1510
2184
5055
5524
7197
6552
4282
8914
1668
9176
1623
6675
7767
1313
7147
3039
4952
9336
4158
3442
8750
5159
6183
38
9696
9533
9436
8723
1522
7574
1121
6544
4699
2837
9695
7010
2328
7189
5709
757
34
4100
4783
3087
7640
984
5686
4308
2384
7483
5075
5663
7244
3479
7710
2625
1247
7459
9848
9267
8645
5046
5664
1291
4993
966
9049
2676
218
9626
2527
3671
444
6689
3559
8580
2286
9867
5529
3654
4435
7953
8057
7913
430
1470
7409
8587
6004
9222
7373
8127
6744
2258
8159
6482
1808
2971
7508
2013
348
2652
3905
9083
120
5816
8248
1054
4530
5691
7033
9014
6319
8198
3341
3323
488
221
6325
902
1307
5909
9825
7928
7282
2220
9363
4120
4218
2102
6784
4593
1529
9546
5005
9129
6425
3818
9442
9837
2209
375
9125
3379
3249
3957
6986
9450
6783
5604
6149
4295
1273
9161
3305
6883
3367
9763
7199
5926
7248
7976
3801
1816
7794
5661
8880
9567
8709
5506
998
4988
4112
6515
8333
308
2353
4992
5384
3876
6707
3403
7759
9423
9514
4648
6303
1232
8203
9244
4283
8697
2528
6766
3902
9356
2439
3310
5862
8743
8919
7114
2215
5934
3504
5161
1748
3006
8122
1088
9859
3825
4534
8981
4211
3669
7891
5076
477
9818
5979
943
5213
3322
7327
8680
3451
5233
1933
2568
3449
6310
9750
500
3578
4423
5693
8727
3851
3238
7562
6653
5877
4708
5787
2520
2531
4664
5191
9141
9724
2686
5463
6905
81
7477
6248
3778
6277
593
8866
189
3540
9890
2185
6795
4000
3410
7510
2978
9195
8215
4315
351
1802
2069
1224
1111
6805
7166
1326
5492
1843
1452
7917
6131
1731
7533
5851
6575
8383
9585
4790
3558
4607
7457
1743
5105
1640
7703
8806
347
4439
2484
2245
1354
2518
5470
906
2076
4587
106
1276
8722
3668
1697
3434
8135
9905
8573
3472
55
3188
9265
3172
5610
1639
2149
491
224
854
9852
6963
3537
9991
4013
5010
4757
8682
610
675
3621
8554
6882
78
8143
4768
3630
6969
5731
6601
9570
7323
671
2588
1184
4857
6819
9198
8274
5967
166
2974
3576
7502
8546
1438
1872
1143
5808
6002
3513
8832
8157
9411
2222
3071
3997
4627
1016
8195
4205
8004
4108
2491
8868
5856
8238
5209
2428
6433
9914
1131
1351
350
616
5743
3003
3308
7869
8509
3531
128
7058
2808
8575
1155
3054
3173
4461
4511
3418
101
8646
8588
8739
1699
2266
229
6488
8785
3792
8746
517
340
6417
163
6885
821
3136
1707
706
1792
134
8151
9774
6628
9625
9087
1946
4460
9269
7514
5098
6083
2738
2960
8323
4776
4114
1526
8048
1995
6664
3649
9076
8418
2380
8532
689
6976
1637
9874
2101
5351
8220
425
9157
2667
7191
3592
8511
269
6229
2541
1725
8572
2679
7653
9086
762
3570
2787
9968
6679
4086
4069
4293
580
2948
4502
1981
5227
3031
1002
6823
8114
655
9608
7201
4233
5007
4782
2612
5613
601
1890
7219
1747
1417
3199
8080
8940
7883
4651
6347
1800
4565
7256
3931
5521
975
18
2341
2298
5804
6670
2719
9609
4323
9845
3194
46
2307
3733
6221
2129
851
9206
847
5182
5059
1932
2549
1341
9375
752
8368
2818
8790
6607
6326
9671
8141
1692
1169
3568
5145
8576
4923
8329
3143
1124
4493
7337
789
2416
7139
2833
8217
7954
2819
6373
3943
7984
7288
1837
8879
7225
4044
9819
7747
2038
3741
6530
2285
1962
7368
13
7892
5828
6244
2436
2690
6770
6954
4707
4566
1087
1474
6181
1704
7126
7413
4966
8171
1988
526
4779
557
5093
6415
8640
857
71
8192
433
599
469
9993
2737
8734
9981
137
9605
1530
4974
8401
6865
1483
2740
2087
6040
7397
4188
2138
8674
3108
4927
8288
3767
7098
4326
8420
9279
3642
5469
306
4167
2780
836
6407
9648
6725
1318
9992
925
8490
6314
7249
9494
2553
9289
9563
7619
1428
52
2788
8187
1476
6949
1874
1387
5758
3740
3102
4006
1661
6542
1549
1630
3831
6136
3703
4393
157
4990
1345
3202
8050
507
515
7889
33
6348
6207
3955
3475
3505
5841
7310
7062
6269
2572
2432
2516
1710
4384
1844
3147
1606
3637
7372
4237
5039
3397
1145
8726
4474
6134
169
538
8976
4701
4425
7625
9069
2300
3123
1240
4684
5500
2374
9791
5002
8889
4983
9983
6393
6113
3301
1796
4998
6646
3221
6342
2111
9224
7316
3674
6190
5811
7692
7194
7111
2853
8796
2715
237
3757
4849
3478
4307
5283
5066
4496
3834
1977
6259
510
4564
5081
3390
3840
9377
9095
3283
6972
4823
320
8391
338
8344
3295
5319
9698
6914
5430
3170
4421
8352
9012
7021
2418
2555
4055
6790
3127
9342
6141
7968
6922
5120
1180
9622
5064
6429
9006
6890
9207
7362
2906
9061
2598
2332
5015
8602
6911
5438
144
1992
5900
3197
961
9041
2869
5385
8154
7464
2337
1934
8744
6333
736
4937
9236
700
4750
6273
4825
1935
380
6771
8269
65
4440
1044
2791
6338
7458
8136
3763
6224
4030
4620
7156
7890
2213
5684
7880
247
594
4222
3394
9208
5770
4666
4698
1096
7034
892
672
8634
6928
852
5712
9282
8960
5830
8788
6752
9077
1734
4546
1878
5692
8152
930
172
7390
864
8909
5417
6290
3433
7241
4716
1538
466
7876
1158
1763
8626
4490
2052
1666
1290
8407
8355
8529
9630
8471
5701
9551
2498
2287
5748
1777
5401
1394
5057
8375
3810
4655
3996
9040
9665
2859
5871
6042
5687
2725
1683
7245
774
3118
9114
9963
7106
8239
8565
1138
7821
9892
1737
8158
3721
951
5647
5086
2609
9458
1055
5016
1364
8278
60
207
8601
6738
168
9370
8772
3678
7679
3377
9373
6971
9284
2866
5196
8537
461
2496
9128
2279
7157
369
4828
3585
4748
8641
8399
9324
5079
6650
4289
1679
8166
6152
3689
2751
625
1171
4004
7509
6424
4217
4537
1386
1881
2576
9870
151
8225
6872
3752
8392
7043
6
6534
591
3603
205
3333
8049
2741
37
5793
6764
1383
4602
3182
4714
1926
9843
475
2620
8251
6226
2758
9105
6173
7103
9241
9339
2421
6055
9631
2951
4681
7937
8737
9875
5392
8495
8255
2303
3725
2534
9966
1714
2290
6727
8783
8292
6548
2109
5436
788
8463
5710
5532
3951
7452
5491
1493
2457
9280
2524
5047
2645
2460
4550
3641
7750
8819
9332
199
6710
5202
7280
4039
6484
7159
7546
7331
388
5110
2494
2205
5854
9159
1819
5150
6285
3234
5564
4105
3593
8822
1835
4885
7385
471
7973
5519
9562
4744
3477
9278
9259
4938
8830
5280
794
5444
6211
866
6026
321
6412
2096
6965
8637
7269
4797
6987
2749
1187
6327
145
8661
9693
8571
6716
6755
4871
8145
5107
8615
2629
2907
7406
8216
484
4152
329
8155
5480
9443
502
5062
865
6960
6195
3695
579
9989
6047
3473
4529
6432
8775
3632
5628
4033
4093
465
1803
117
991
5672
3543
487
2230
5914
7600
9872
2843
8980
1148
5228
5135
8446
3835
1919
8973
5223
3273
6493
5468
1225
4807
5187
8419
1766
3450
9761
1582
2348
8104
8848
9841
1432
6349
7344
2248
9987
3084
3561
41
8558
4373
2507
4839
5383
6605
4545
4168
2794
980
6967
4739
7538
3749
5606
6565
7300
521
4018
2344
2880
9231
3920
1785
9606
7566
882
1300
8695
859
2441
8688
4361
8931
4861
1739
228
6598
1887
5615
2312
5822
7803
7042
9716
4395
7602
8792
9488
8660
5511
1109
2371
8652
6297
8303
2675
6164
5676
2561
551
8745
2987
7658
791
2187
1418
6265
6236
9592
2068
9976
848
9613
9396
8945
2650
553
9070
8267
1846
4721
9603
3343
1928
3089
7745
6558
5657
2061
7130
812
7982
5515
7606
88
8024
1478
4700
3850
2443
3785
1421
4099
4471
2088
6162
5084
3121
3879
5325
441
5186
3383
1616
8547
1612
6242
2712
4385
7972
6791
2836
7384
4268
6022
687
6600
6058
2903
4995
7090
7202
703
8658
3086
5829
7208
1974
4411
4338
913
7343
1584
405
4438
8334
1730
7455
122
2582
609
509
4296
5342
4941
9321
6198
4774
977
1742
6143
9675
3634
3476
2655
1963
6753
7939
7932
3750
4551
7433
3607
7211
2694
6371
4290
5964
4932
5788
7149
9944
7804
4949
8598
1116
9555
2452
5264
4665
6507
8433
4796
967
4034
2276
552
5505
4226
9900
643
7571
936
6243
1894
9109
5432
1830
5995
5174
2745
4497
5035
7815
6304
8915
9530
2604
9730
5546
3753
3046
4358
4725
8468
8842
8193
1967
8642
8311
8183
3008
9062
498
2814
5365
8776
91
6732
1787
4403
422
4429
7474
113
7846
4314
2314
5670
5747
6825
104
9731
9295
3038
2571
6691
965
4615
767
353
4622
6234
1573
8632
1594
8010
5232
7438
5595
7482
3711
7054
8715
2764
4877
5840
6498
2335
4294
6167
5003
2767
3912
314
8533
2970
2479
4098
7528
3428
8850
595
4199
462
3693
9016
1280
7266
1895
5872
7268
5776
9262
1176
516
3687
9840
9512
9140
3068
7656
2492
1545
7996
9335
7499
5741
1650
7307
667
1395
3683
1567
5734
7629
3506
6200
9008
7956
250
4766
8934
7532
2954
6797
3236
819
6332
6842
2086
7380
5189
1918
9340
5481
8747
876
3694
5475
5304
6160
2488
24
3066
5312
1262
5508
8233
7769
7261
4492
4220
7251
4543
1641
8164
8910
9334
9500
4083
5368
6046
5658
2640
4629
8015
5340
2401
2296
9804
7741
5642
1211
1135
3220
2268
7009
9558
9717
5019
6071
9847
1720
3350
3174
8595
4788
5367
4835
5347
9194
7978
8992
5826
9080
2565
1166
6387
2864
3992
6361
3526
8735
4287
682
6123
9466
7476
879
850
9325
2397
2918
9341
2236
8550
6062
4481
5235
4595
8286
4397
9252
3364
62
4057
817
3319
4625
1647
790
8570
698
6174
1343
458
8295
1188
8498
4479
1206
4301
9734
5119
881
702
3575
9240
2812
2295
3599
8076
2197
4884
4173
1745
3776
4467
740
6869
4985
3009
5763
6721
9584
3298
215
7878
5806
9468
9315
3096
1622
1703
8249
8926
5219
3983
7259
9173
3335
1982
3275
6810
255
1248
3924
6985
2762
5121
1769
2547
4343
1964
2857
9290
4634
2684
9431
4224
3336
4671
4484
742
4181
9637
2911
7479
4957
9752
1485
561
4494
8523
5123
9169
5985
8367
1174
395
7108
9136
5965
6419
2543
9885
7395
8271
1930
8132
761
3466
7834
5249
7215
1790
8765
8780
787
7497
9535
8955
3331
3074
3926
744
3150
5791
394
9416
7565
531
173
590
768
9463
6137
1344
7004
9054
9849
9541
9355
5077
1611
1690
1194
1726
7432
663
6680
5640
8029
6921
5139
4281
9651
2091
3692
1266
2174
5231
440
4971
6084
3807
1700
4116
8450
2932
1948
8999
1207
9906
6815
5618
3459
955
4357
7162
5154
3854
3882
5298
4559
1409
6660
6094
6835
5908
6937
9103
3688
7812
2009
344
2683
9604
4690
7813
4811
8553
6235
7187
59
8416
4419
5303
263
7942
4450
619
1698
4449
6147
7787
7931
5252
5271
5424
4925
9367
3137
8897
8149
6564
5544
5997
1936
844
5706
2673
7374
7105
8290
5234
6354
4650
9018
8007
8586
1646
4392
4997
9479
7318
4364
9182
3661
303
9292
2700
19
1869
3737
2389
2301
2243
5484
2662
6984
6561
505
5779
7789
3937
6855
3162
7518
6762
135
994
8559
3169
2039
983
1039
4043
9401
8970
1080
5336
4441
3130
293
3131
3191
6045
1305
2942
5755
7155
400
7621
3966
2105
1706
9542
1426
4934
5144
6140
93
6948
3047
1443
9255
9068
102
85
1215
4001
3547
7134
1498
9343
76
6989
460
7006
2573
8778
1655
5363
3771
3078
6918
3100
897
4715
2990
4242
2183
3415
2426
2985
5017
5774
6406
7615
7434
9524
1604
2793
8427
2267
4881
571
7594
5460
4238
1192
5675
8761
534
3948
6477
9310
287
5411
5450
4250
2448
7855
5360
7974
7699
7949
3914
3648
8753
3000
3744
2168
192
8058
4539
1652
5162
7986
4556
5625
9439
6547
2278
2214
898
8014
7697
70
3626
2885
4792
9381
2350
7555
361
1588
3017
7216
8369
3829
7867
147
5820
9964
8324
4166
1366
8834
7927
188
1047
5338
7896
8175
7082
8613
1233
6851
7671
1379
4791
4080
5903
6841
5665
6299
6827
1069
6793
2036
3816
5070
2414
3033
8820
7909
1117
7430
2046
9851
9403
3503
8656
6428
4225
9674
8437
1856
7440
7720
8824
631
9111
2705
5362
3496
2306
421
4182
4136
584
4470
8488
9357
1677
3026
9861
1797
1288
7230
3916
1193
8411
9397
6187
8670
5638
9113
3321
6023
1130
1068
7003
2830
5355
8013
9089
4297
9143
9666
5025
8592
753
7887
3208
6745
5044
478
3965
6616
2611
3075
3124
9430
6838
9607
3715
9421
2400
8250
4271
3243
8582
9410
5905
7989
6878
8376
2074
155
780
2723
2875
525
5619
4045
7169
4026
4048
7830
8356
8965
3961
1953
7893
3707
725
8062
4973
3288
2775
4727
8222
1455
649
7306
7770
2654
1067
9557
4210
9583
7074
7511
7096
7648
2959
2362
7618
3088
569
4603
9747
1468
3259
5688
6566
8742
5764
4972
7664
8052
2227
6509
2292
4581
8951
944
5419
1868
9499
4267
5942
6720
1924
2293
6015
3660
3764
3446
6853
485
696
7617
9433
4840
5244
754
6189
7401
1358
5565
4772
8577
8857
8094
5639
7039
7392
2983
5051
6867
3104
6662
2949
5215
9296
9349
9353
665
7686
4754
9903
3370
3536
5873
5422
7504
4458
4644
4732
3435
1348
8036
9733
3189
8484
9723
7868
4819
4897
9320
9123
7577
2016
1040
4950
2304
5448
9166
5167
680
750
4400
4901
4989
7029
1374
4455
4339
7325
9685
9728
9079
4420
9496
3041
8083
9156
6422
9378
3988
7811
7038
5024
5069
1506
1221
7734
1780
7886
2771
4704
1732
1624
6408
8729
8762
9619
447
5609
4072
3177
8561
8489
7877
7631
222
8654
6330
3569
4621
9099
177
1480
5457
9965
1901
3262
2115
183
1033
7680
8070
5562
6893
9709
2889
3154
5968
5933
5898
8784
2569
266
9815
612
8684
7293
8918
5397
3898
834
382
9187
3393
7742
1798
4145
2892
7521
7507
4895
6777
2216
678
986
3777
2030
8827
6840
6820
9330
6292
3823
1879
5969
3097
976
4008
2342
9737
7717
9042
6369
3999
8
8462
7944
3497
6175
7073
9781
6379
2072
935
6799
8301
1681
8153
692
7446
1110
8140
9464
8372
8130
1072
808
2077
7129
6483
6085
2305
6081
9226
4169
15
3944
1411
1937
1471
9711
2993
1294
9770
1265
5832
7086
3984
4302
7672
2855
387
7281
3484
3014
6281
7312
5517
3528
3864
3303
4317
2927
5286
3759
1723
3187
7048
6695
7792
1985
2438
6494
7933
3935
9214
6640
6263
4067
645
2081
4096
9302
5994
5950
6010
1086
541
1441
3888
905
1477
6606
8647
9978
1000
3099
867
5157
4125
1321
7339
3113
5115
3128
6674
2552
5762
3044
5201
4946
9932
3720
1453
148
9941
9441
6830
9102
5598
4094
860
9215
8837
5451
4552
2945
4185
9865
2473
5236
4478
5601
5339
5126
8987
3444
336
7052
928
5197
5488
2550
5705
4089
7240
9888
6165
5621
8085
7330
9313
202
8499
288
4617
7265
6540
7761
8518
6626
9093
6571
6995
6132
756
3405
4514
3651
4872
3596
4810
3378
4894
2687
7462
9800
7921
9956
305
8256
7955
3755
7206
2411
1405
6939
6816
4472
8794
9031
9706
3204
2347
4415
4672
6592
6520
5611
1282
5566
5206
7593
2931
5690
1649
5667
3140
6749
1272
7757
3126
560
6818
5068
1258
6260
3895
7212
5733
1162
7882
3185
9765
6519
5927
805
7724
1009
582
9294
6917
2792
6572
3488
1989
5876
7113
5446
448
4637
3489
3597
3427
8593
3057
8354
9652
6287
2566
5567
5726
8764
1315
9322
1136
6734
242
8556
8046
3638
7292
1487
1617
9360
8112
6391
2746
2148
2252
8821
3115
4456
4935
2610
3463
4743
3758
9623
7693
3583
5300
9162
1384
2485
7548
7387
2593
8849
8146
1127
2366
5309
7400
877
2226
8212
2200
4111
2718
4331
494
4353
4712
6527
2375
8443
4229
6188
339
6161
4163
5543
8730
2755
5082
1864
6698
4319
2663
3736
2444
3702
3032
8385
8605
6639
4693
7172
7765
7273
7466
96
7294
6329
5623
9997
2127
9700
3279
8814
2735
4277
2404
4159
8896
9999
1713
7301
7690
6955
3013
9220
470
8984
605
7468
820
931
2815
5929
3082
6464
2022
2161
9167
9344
2054
4541
9868
1168
5210
109
846
2997
1728
