9223
9427
6921
5016
1038
71
7732
2198
4032
3025
5702
8456
4138
2055
9453
9356
6552
6305
9666
2280
1237
9819
6435
4145
9654
3685
6112
6781
8418
6980
1691
9204
6834
1361
1212
1160
1397
5458
8759
5364
8132
6398
8860
2626
3366
3263
6601
3696
8966
6765
5724
2119
7942
5063
6453
5762
1492
9806
8625
379
5054
2533
989
515
3725
5057
1349
1412
1053
1197
1648
9122
937
5695
3860
6030
4453
6079
780
2465
6583
9529
2515
4007
3213
9846
3193
4060
7558
1122
9381
8926
4975
7176
4813
9716
9593
6260
9146
1433
5073
6635
912
6412
714
876
4710
9347
4322
3505
3068
826
8353
3985
644
6780
9063
7144
2671
6222
6282
6035
5125
6658
3569
8203
880
809
9008
6296
5070
2928
1936
6861
8678
280
3596
9778
7715
1077
2180
4853
3479
7143
2642
860
137
8687
6211
4760
9595
5733
8236
9850
9365
7026
9113
498
9315
3067
6691
8414
2522
3306
6308
3758
6967
9641
1827
2398
8451
6377
8498
3548
4870
4169
1460
2316
7759
5543
2401
1029
2706
7876
9472
7246
4806
9543
5010
501
833
507
7949
5014
6071
4965
2779
2744
2578
636
7412
3798
5214
4107
1103
8832
980
9157
9043
483
2718
98
9102
944
9844
3329
1637
1168
6002
4214
3380
5598
2994
1944
4989
4662
6852
2162
173
805
1862
638
2452
2868
8363
5173
1924
6350
1832
6964
3789
7621
2036
8558
4557
8275
7258
5480
599
8515
9271
9030
5758
3503
2342
6069
5291
2849
6275
4102
9951
6240
4691
9567
8112
6169
1813
3748
1218
2665
6251
5193
9011
6764
3385
2263
3296
2177
8965
5647
2621
9368
685
7836
7436
9741
5521
8637
845
9366
936
2541
4547
5083
511
825
1062
9168
2647
1080
8953
3889
8470
7098
4445
2905
1372
4954
8605
8209
2951
1992
4182
6444
2219
6302
6446
3214
9931
3333
1632
1698
1790
7979
6351
4051
6696
1164
8459
4318
7362
9537
3702
1322
9825
4239
5237
5433
8151
5827
435
2439
8036
717
3528
7229
5410
3322
3428
2782
9789
766
5862
4811
5343
3870
7011
408
8940
2821
9544
1563
8557
6559
275
8495
9805
3035
3321
8481
4098
9990
5595
2641
9915
914
1760
4374
5089
8960
2232
3349
5497
8018
9663
9732
630
3954
8300
6732
5980
6929
565
7976
2921
7217
8742
7586
4207
4319
3027
5093
2660
1199
8410
7034
4150
8799
5812
7188
8341
5128
4068
3605
3405
503
5106
6173
5318
7675
1498
308
3302
9883
957
687
1882
4950
8836
7169
9856
1275
5304
9875
7943
3136
9807
2568
4785
9476
3427
495
7028
4124
9624
6543
170
8708
4647
2974
7016
2591
611
1676
6414
560
4649
4409
9075
523
5944
5718
4581
6036
3986
7573
9541
2513
5040
5475
7548
7277
4566
4641
4115
1920
1911
9438
4729
9960
3315
5871
9904
5383
7345
127
7072
5142
3877
6651
7407
7140
9566
2208
2975
7645
9376
5619
8586
7724
689
3975
6488
1009
1743
1093
5208
5108
8865
4451
3637
3530
7065
3652
7352
7481
4748
9786
4920
271
757
9799
5221
9009
240
1224
8318
6976
6197
2858
9331
1979
3585
453
5436
8046
9386
8775
9798
336
5682
3695
1382
2152
8206
532
424
2776
5131
4040
4485
4843
8610
5600
6763
6602
6049
6473
8573
4392
3095
8024
6281
5187
4337
2221
9324
1127
3633
3950
5977
4980
6706
9225
4058
7705
8045
3372
5861
4622
8643
1756
2295
470
2364
9947
2861
9332
5538
3163
4467
6879
2080
6702
3288
8996
6788
6532
8068
5951
9149
3077
9207
6771
9281
2594
8062
9219
7301
4473
6131
3966
7997
213
3639
124
1069
6253
4994
9289
6809
9659
7467
7870
414
9688
1345
1647
6400
5321
9363
1965
4514
1624
8744
2078
8776
2091
7164
4646
559
9559
7783
324
516
7358
4087
8008
964
5335
3203
5956
5933
7096
7806
4568
1538
6125
5402
7196
760
3520
6180
327
3010
7476
9357
1978
1305
8714
5828
4248
1907
9089
7564
7276
9571
7147
1499
1011
737
7502
1132
9610
2954
6798
9042
9336
4643
4708
4754
9712
672
3142
361
4044
1489
2128
6409
7911
3473
5067
8309
3545
9623
869
3368
5454
3665
6849
8711
5751
962
3237
3450
5280
2094
6098
9134
4078
4049
7787
7293
7361
2133
738
3196
9770
267
5008
1652
4835
1238
459
9012
8080
1341
148
164
458
9579
8167
1977
2605
4298
6122
6894
9836
7135
4071
8178
4696
5250
7492
6903
2281
3435
5636
7803
2710
2124
9078
1562
2570
7711
6527
7532
7031
6187
3134
8154
801
6342
4264
610
2908
6504
4657
3180
5875
2312
3750
2703
7611
4719
684
8603
4779
8376
6569
3779
8218
678
3501
1807
4023
4596
2408
1768
3664
2058
4634
6068
775
4262
8432
1088
8805
8621
6135
6844
8755
1146
147
7350
5876
2330
9190
4412
3383
484
2741
1125
2013
2349
3331
317
2739
2831
65
3194
6385
1668
7500
4982
8079
8597
6370
8688
7370
2194
9995
3221
3064
6793
4886
3823
7125
8407
5972
4522
9062
7640
5213
3616
1898
50
3884
3713
7605
4689
675
8674
3821
5967
9284
3999
8394
455
8268
2003
8249
3278
5170
7121
572
3005
7179
1811
2633
2337
6782
5132
9291
9436
4712
7778
6632
2455
2264
2662
4477
1228
586
7592
2245
7542
1379
2768
9013
3456
5031
2483
9527
7916
2476
1537
3547
417
5808
768
9899
7627
942
9249
7076
9863
7683
3347
1881
6612
522
3437
4459
9980
1491
437
7420
3898
9494
4479
3282
7471
1997
8445
7197
2976
2005
886
2409
9870
4456
6309
9972
8251
1824
2236
7364
9674
4179
5488
3879
748
8914
76
4651
1954
3462
4186
2092
3072
6415
6854
6578
1180
4313
3415
6845
3846
8939
5293
5658
2996
77
5473
2631
5466
4444
3247
3336
6942
7257
6553
1317
9855
7604
3752
9911
9227
8220
9107
4411
4261
1559
2475
6914
3327
6395
3828
1761
6774
3420
973
652
1569
79
3772
5557
7044
4420
5068
4830
5155
4296
550
4861
1514
5537
3255
883
2822
9549
7342
1620
3554
3815
1775
2155
5328
4637
4928
2454
5970
9740
5
2823
8709
8828
4400
8496
2885
7247
1889
2833
6858
219
2947
5456
1277
4361
2444
1679
5723
4013
4793
2808
2685
5717
2864
1786
4304
1066
752
649
9756
7708
4470
9362
3657
1791
6432
898
7995
6081
2862
6513
5223
9181
7483
2405
4484
4526
8758
3714
5001
151
1767
7318
46
6332
6265
8052
7820
9838
6897
220
8639
2984
7978
3485
1383
727
3498
9153
9177
8886
4873
8439
7882
7385
1644
9748
2183
955
9022
5254
4113
1509
527
8694
9655
1867
2896
9822
45
1331
5494
3150
1070
5597
9335
859
5472
5324
2563
4241
1058
4223
6969
658
8518
741
3129
9292
2189
575
2358
707
6902
9973
3777
9143
7317
2037
8421
3494
1879
192
1254
339
3598
232
8196
7419
1983
4765
6730
7189
5144
4894
2777
7635
6672
3246
7235
2043
5021
3564
3893
8267
5644
1227
6750
2268
4840
855
6226
2231
9178
413
6799
310
7208
4072
3290
9136
323
5551
5041
7514
5939
1969
8877
5833
7982
4461
4369
8995
235
8071
1507
3816
2915
6533
404
9096
865
921
7393
3115
1292
5392
6298
774
4988
3082
6528
1520
4784
2338
7300
508
674
509
1999
4129
9224
8712
7455
836
28
2787
7601
520
9603
4973
4046
7595
5427
154
6853
4295
7918
3992
6638
5896
5608
3015
6441
7178
7238
2948
2940
3089
3551
3538
6974
3323
406
4103
4569
9893
5847
650
8918
2727
5805
2168
6405
9976
6246
1732
9508
5471
9769
6650
419
8329
9234
169
5009
4377
5412
9682
5380
3524
125
9925
8800
9832
1914
974
1873
5657
9827
4675
3216
2742
6522
4681
6895
698
9725
2601
7473
1144
6361
2388
4676
6299
4542
4753
8824
7983
6244
7781
5228
9982
5757
9041
4158
4037
4080
3917
7847
9808
2694
1784
9364
3000
4357
4885
2450
8649
422
9938
8620
2712
3840
9996
2126
4767
6000
1539
6186
9724
2543
9880
6574
1634
976
7465
2199
3709
4633
1738
5989
1558
1190
7402
7209
9100
7861
5153
1641
4234
3230
8524
8176
4210
7887
6610
7017
9515
1329
7380
6547
2564
4276
7390
4537
7812
4480
2102
8186
778
5474
78
5450
4329
3488
5283
2011
5123
4198
8945
9826
9024
787
2159
7578
1716
8444
9377
3806
2635
2046
2512
1042
5253
6163
6368
6320
9721
1684
385
5097
708
6787
9734
6013
8344
7571
871
7130
9731
9528
3878
1137
7930
6263
4535
2691
8889
4259
3048
1273
9253
3627
3104
3611
7381
3678
7940
6484
1089
2610
4541
239
8802
6770
5148
3931
8541
6868
4039
8808
598
3771
6752
8347
6661
8737
3761
5316
5590
5231
6636
8123
7974
6389
7186
2781
1400
4773
1422
8646
8228
25
4726
3069
8014
542
9540
4659
398
5855
1943
8443
2381
3776
3465
8531
482
227
4309
4556
5491
8163
5375
528
1758
7547
2165
7149
2332
9974
9929
8819
2713
214
3183
3897
7236
8677
7520
5027
6261
3047
4664
7797
9269
5363
2259
8021
8362
3895
8669
5528
2931
6097
9703
1814
6564
5782
8641
8999
4305
1181
3648
1185
7398
7768
3353
4882
2218
6909
7937
1298
3659
6140
8229
8798
2445
4474
8704
5015
4686
5687
5376
4185
7849
4758
9218
5789
8446
5332
2488
791
5342
2185
5389
9878
8117
4279
1657
3987
3568
6341
5616
1604
1527
6436
896
5313
9754
7879
6156
1048
7305
1120
3182
6159
8215
8895
4588
7406
5241
9026
2466
1248
947
1246
3716
4056
7525
854
5630
3474
2480
9719
8533
8195
3576
4139
7813
4694
5385
9233
568
744
8153
2681
1617
920
1152
9955
5769
8283
9668
5197
7493
6896
4300
1484
9635
3774
3486
8508
6863
2881
4310
5937
7610
3610
3375
2284
5811
8980
573
3156
1239
4985
1363
9661
4238
3553
9052
2812
8988
6406
9483
4280
3493
7092
7517
892
5561
7613
8826
6248
8345
1114
4502
6266
9027
8856
1521
4666
4515
7242
371
8713
2033
3729
3088
5807
7408
1409
6349
2826
180
3206
6719
8746
5338
6962
1709
4961
7316
7928
9615
5764
9023
642
561
415
4638
9514
2910
4267
7721
5882
9558
832
4330
1262
4492
879
2758
9004
3122
9221
8761
1320
9196
2565
8631
2778
3369
941
6259
1571
1839
7932
4064
7780
2903
1927
4964
3632
5714
5777
9728
8322
930
1195
4383
4855
1836
3144
776
8400
1773
2239
5990
3586
446
9965
3387
587
2247
84
2579
4711
3335
7656
1097
1561
8949
8454
5941
8158
8786
7818
9772
203
2008
4405
6913
8420
186
2293
2717
7113
5897
8500
1389
8437
7679
9782
6121
7799
4548
4106
5252
9477
8142
9753
7657
8903
6219
5122
6367
7791
11
1263
647
7000
5550
3844
993
991
2955
5915
1833
3090
7764
6167
8896
7470
2865
3084
8225
348
4020
5178
7240
6323
462
5085
7599
583
6715
8061
1913
1575
4415
2322
940
9076
4831
2638
9108
1894
1548
3201
4360
2272
6881
6217
5622
129
9167
6401
827
9397
4307
5594
2659
8998
4288
3416
2499
5336
3507
2873
4970
7557
3692
7736
9360
8382
4706
8944
4347
1166
9394
5593
2235
478
355
8119
5387
7908
5677
3348
3589
2085
6170
9124
1857
6850
8897
4895
8072
5816
1848
2359
1311
8624
1550
480
8584
7422
2946
8419
9814
5556
2294
950
1314
8138
6132
7603
7338
8797
6235
7382
3001
6657
5028
1112
1259
8297
7899
2884
5914
3210
6236
4396
9592
1425
530
499
4395
8499
9440
6859
5642
1554
2693
9471
3983
9989
8430
7075
4561
5952
1802
7161
9653
8675
6489
2920
4476
8130
5004
2935
5791
6353
5721
9193
3972
8460
8336
3464
2731
6768
7931
2585
5141
862
2283
254
4703
1574
9636
6631
1245
4796
9953
580
8387
4915
8771
7674
5448
9130
908
5955
677
4624
8909
1746
4416
7953
1309
3370
6930
1797
5320
6404
5905
7025
7817
2363
5518
9261
3218
9506
628
1003
2934
1026
7184
1646
3634
2478
153
131
5946
6141
8670
7245
5341
531
387
2497
1719
1423
8990
8247
4074
1497
7290
7689
3434
5576
9110
4454
3324
9763
9422
1454
5927
6722
9283
7725
4193
4562
9370
1392
9125
1247
2252
6273
1846
7706
4375
8718
3880
6207
7203
5236
465
8335
8743
3126
158
8629
9479
6998
2127
4747
7968
3867
1530
6343
4808
3374
6070
2438
9423
3475
2340
3732
5210
579
873
8699
3672
7647
3038
7107
5750
2069
7376
8517
9704
1233
7633
3533
3736
4981
1138
7198
4184
4743
5230
9395
5357
3682
7299
1859
2603
3675
2902
5113
4118
2026
2632
1464
8951
1466
8984
6379
9392
2926
6708
6306
6623
9809
9517
5199
8634
8474
4623
8857
1962
4029
6338
8276
34
1727
4469
2002
9869
7082
1083
2366
9767
861
3094
1056
7304
9082
4447
2740
5501
960
5540
447
9746
3602
1188
16
3454
6218
8471
4487
9970
9871
5680
2857
5710
3177
8662
6103
9056
2378
7893
1189
9677
2844
831
5039
1283
5425
3340
2266
8525
1715
4424
1689
2608
6958
1556
9644
6239
699
2446
4168
3091
3483
3643
9961
682
8766
2164
9642
2081
92
8221
351
3763
5836
9785
4255
6832
5080
132
824
5312
4048
6206
81
3130
94
8692
5211
9890
8232
3669
3045
4439
9443
3105
8004
5266
631
2441
7321
3412
7852
1993
7010
4142
7994
4887
3060
3271
3344
4260
3717
4096
6322
8028
7660
288
328
6723
1371
8707
915
3303
4195
4927
8572
7220
2542
6101
4979
1452
7297
3686
1796
7885
7737
2253
5426
8607
8106
4999
7658
6814
5478
2114
1440
4090
890
5103
4592
963
4922
3868
823
8298
6979
8528
3951
5172
9693
62
3395
948
7289
13
9417
6390
9452
2722
783
7423
7071
2688
7939
8489
4082
7479
3923
9383
8753
8948
7118
302
3788
7620
8246
57
6571
1884
6955
4343
2315
4203
301
3525
1921
1650
4024
1974
9337
6924
354
9359
4042
7129
5826
9941
1806
8924
3916
4672
6229
2407
3191
8027
2395
4684
8985
5894
8512
8900
9230
6686
7539
3099
126
8110
370
3261
5584
7117
2076
3256
7115
325
6593
7269
3086
8976
8227
5665
5741
8552
4291
601
6598
2024
7417
8234
543
1290
4089
3529
1251
7062
6021
6789
1988
2701
4612
2112
8774
6301
9735
9651
9539
8820
6191
5648
5802
3536
2628
3439
6142
4120
1855
822
5621
4692
5094
6596
291
3080
5269
2900
1264
9757
3625
4209
2419
4720
3912
8507
3154
1243
9919
5903
2629
5866
6724
1808
5441
9910
9015
4620
7580
1052
5288
6059
821
6475
8682
1567
372
2562
5573
9576
5763
3990
6538
9523
6946
9371
6516
5079
1967
1841
3515
2427
7690
6392
5653
1496
6622
1078
9447
9886
5857
9173
7132
7700
1600
6600
2732
3042
3285
31
2746
8042
3883
2166
6318
1615
4549
8653
8213
6336
885
6609
8751
9491
5415
1501
1748
3312
2141
6116
764
2666
4422
8352
1726
4846
208
765
3920
3924
5580
5676
5640
4897
7744
1712
954
7160
6835
5174
6345
5824
7306
4959
345
2835
4321
3767
3647
450
2425
5547
6819
4292
2267
5233
272
2836
4191
7541
6862
8765
5202
5637
6604
3864
3093
6445
4627
2830
295
8640
5924
6044
365
8386
342
3802
7030
5284
5359
2979
8564
7346
8219
3463
2014
7986
7651
2986
5116
9879
1377
443
6695
6362
2145
8618
6822
9920
9300
5161
2462
918
7134
7271
3445
2554
5820
8332
4266
5496
1730
8863
1010
3573
5300
5690
5091
1508
3031
9580
726
1896
8149
3066
262
7560
3448
1774
6469
3932
8017
9687
784
2504
3192
5727
9459
8599
2222
8511
2819
2440
867
5992
1021
5339
5333
6952
7206
8534
9718
2769
3014
8850
8968
7331
8793
8679
4406
1302
338
2254
563
9420
2879
1586
8738
7743
5516
9555
7701
6790
2018
4317
1685
2968
1381
8087
2333
4963
8749
6496
9553
3017
2907
6138
7055
6360
1609
4254
4346
3207
8404
9445
7786
3978
3743
8200
7751
4531
9400
3343
5530
901
1155
4385
1749
3023
7567
7211
9776
7929
1208
9673
518
9348
2650
3514
6310
7587
2753
8107
113
2380
5354
1958
9998
4496
9114
9241
3555
3687
8150
6948
4055
461
6100
282
5129
2214
7510
1159
7832
4838
2745
7145
4576
7851
5879
6526
491
4196
4094
1582
2618
2637
9512
5987
473
403
5632
6178
3110
1759
4490
7680
1601
156
2652
5785
796
1095
3847
6511
4036
1276
4123
3621
4222
4005
8898
4921
4450
6972
5916
557
9408
9949
6785
61
8657
4478
8137
8100
2724
8393
3997
6566
1673
9327
2354
6554
9461
8096
5394
9522
2636
5295
6474
6099
1649
1007
9626
8086
1408
1887
8619
2125
5911
5659
2376
2456
5700
7626
6663
3787
4683
7544
2223
8053
5225
3670
4391
9142
9099
6205
9312
6864
2387
2969
3980
5615
946
3267
433
485
6311
3032
1465
1071
5618
9473
3492
1512
5738
177
4534
3125
2367
1280
2491
6460
8672
8315
3666
8567
3733
8785
8486
6767
8395
571
9243
7093
1033
6199
4525
5301
1200
3902
2048
581
1337
9457
6961
179
3301
2459
7243
4611
6234
4437
803
2613
3026
2097
6213
9518
5349
815
3146
1982
5308
3272
8622
3558
852
5036
2648
1474
2255
2228
2526
1340
5247
1660
5730
6394
7999
8614
4045
3332
666
5037
9817
4653
1872
7066
2484
5817
1396
3381
9758
7460
9930
7944
2191
3792
1067
2760
3601
7151
5109
5624
1971
1116
106
8427
9645
8199
284
4426
6741
3938
401
6317
1306
1342
4621
9937
7193
6024
720
7871
6090
4135
5586
7333
6936
5042
2237
1883
2088
6711
8842
5541
1156
1356
9845
2317
8522
6455
8561
9077
118
3061
7392
1406
9599
9586
3470
4775
9151
7047
5923
7655
7250
4798
4161
449
3587
4707
1946
2957
5417
346
555
2788
1597
8222
7713
8872
807
3535
887
8970
5396
1917
2755
1304
5529
307
938
1909
23
9097
5505
3782
8997
4481
6941
6729
8720
5679
591
9994
7593
8409
9876
6210
9236
7462
8732
1488
3727
285
691
5996
7083
2880
9413
5200
3189
8813
9573
4905
870
6721
1874
1953
3240
5492
5868
9270
6869
7228
5928
9634
1230
8193
6136
5352
7785
2331
6183
7973
5633
514
7158
6387
4287
3641
6796
2304
1387
1355
55
5439
5435
7391
6871
4188
8594
121
8633
3636
7110
556
9094
6761
8058
6586
4665
1019
8729
7463
5691
2034
5712
7669
6820
472
2559
5735
6818
3705
7823
7133
1718
6237
4160
7615
7478
2927
3070
6725
3755
5258
8847
2146
694
3155
6166
7696
2261
5409
7901
3287
2493
1506
8049
9402
3357
4553
4277
8461
6160
4194
6908
9265
7535
7448
2310
6038
1360
4249
6968
2193
1998
7049
6356
349
1106
3858
5792
382
882
1177
2503
7913
2313
6375
704
6886
2658
5974
8185
4221
6295
613
5447
157
4579
6188
5542
6476
6225
1030
7807
4035
6829
2805
8736
3226
8214
6329
8144
2657
900
5434
7816
615
3098
7281
1636
2206
1344
3793
1890
1307
1900
2429
3135
1702
9050
1139
9036
7043
2
7915
2108
6947
2229
3623
123
347
1529
7653
1332
5286
8686
1682
5282
9928
217
1253
6102
6124
1450
4550
5452
1671
1651
4685
4205
5832
193
538
706
8009
381
9616
1980
9073
6999
7210
5837
3386
4974
4141
5224
2382
7100
4990
4890
5275
5646
8866
5558
2748
983
888
4136
2548
3459
6498
215
4913
4468
5476
1455
1149
4933
4998
9319
9691
4236
9222
2320
9489
7296
1865
793
1039
9873
4614
1782
4786
36
2396
8480
4957
7881
7308
8425
2035
2511
5708
603
4626
8983
7844
1692
2552
5076
38
8174
2676
9881
167
4054
8837
8933
286
1741
3407
4731
1610
5384
2415
3971
2110
7963
577
612
5013
7341
6428
811
4520
4208
5140
8157
8705
9350
6668
8878
4597
7168
3781
6037
7482
539
7935
7274
9795
8423
3946
5437
4097
3118
1281
3139
3801
3307
9067
5740
251
8734
8790
7840
183
4404
789
2373
8435
1186
6020
1633
30
7421
978
4572
6054
6144
6813
4923
6545
6712
1510
5078
3597
3715
9918
3513
5182
1091
8383
1099
2489
7097
6241
4996
6062
5329
5267
8660
8974
8093
2087
2158
9007
6960
4837
7528
2965
8891
7609
3102
2587
7219
3184
8904
1842
2248
6011
6742
9726
3594
440
3499
6606
1912
2598
2922
6640
7162
9016
4225
7088
9847
9212
3570
8854
608
9562
4704
9752
8535
1549
3563
3976
2623
6680
6919
6634
6773
9313
5274
4498
1590
5264
311
3361
3609
6953
4725
5430
749
7105
8381
6804
2804
4076
7853
5672
238
5519
4648
8915
8829
3630
3179
9051
8716
8464
9535
9090
1991
4968
6364
9698
9497
5781
2509
2707
2498
2202
9777
697
5348
8433
5069
4073
5770
8972
6267
9372
5118
457
2669
9462
1789
2430
5892
4639
9274
798
2435
3199
3747
8804
8272
7081
391
1602
1878
9244
6315
6492
4944
2851
4401
6745
5227
2244
1675
925
9771
5175
6951
1357
1659
1495
6883
3785
1272
6340
8104
4368
6279
9467
362
9074
1840
7073
5554
8135
4567
4173
3940
1418
2576
4202
3930
2233
1476
1473
2894
1948
4602
9596
1370
1481
4781
7226
2372
6127
1258
582
6264
4810
329
8795
2190
60
393
7041
5262
9255
2719
4015
6380
4678
8843
2093
9213
4077
9000
8442
4745
4403
2743
3471
3575
9211
3140
3085
2815
1421
4441
6800
6470
6095
2824
9326
5995
6269
9614
3157
8349
5045
2604
3960
5344
4327
6595
452
5498
3147
1522
8577
2103
3006
6639
1707
4413
5337
2412
6247
4878
9907
1612
2123
1851
6597
6588
4995
9199
4972
6801
3580
7671
2147
5853
7772
4008
2577
6080
4127
4848
9784
7397
3083
2567
9057
7126
321
388
9416
3635
5025
6072
1543
4864
8306
2461
7966
6642
5886
7489
8957
853
8230
4131
2336
7114
9858
3352
5192
9667
368
7284
4204
7326
9277
2971
6181
8485
3984
8338
5752
2715
6134
9217
4218
2583
4373
7425
2007
5159
5024
9474
770
8265
464
2423
1191
4402
6111
4872
8623
86
9575
2226
1391
2039
956
1369
1877
1074
5220
5393
4117
2148
1826
8510
1434
4148
1441
5512
715
6791
2458
4544
1380
7862
489
2914
9352
8565
6366
4231
6289
2615
2675
6157
7811
8109
1285
4584
7469
4432
3034
8867
9406
1124
9638
5242
8034
3517
5239
4993
4630
2966
7443
6728
2799
2919
7371
2945
8911
1398
4430
9118
5294
7774
5815
4350
2584
5559
588
6576
7802
6227
6795
5052
8526
6472
712
6811
5164
3622
8505
6912
806
574
1952
5088
3266
4460
6053
152
878
9507
9144
6970
8941
7214
7643
1902
5583
1627
7035
9521
4099
3116
9797
2617
2042
7291
3338
5160
2517
916
2820
929
8261
2619
4229
4440
3319
2149
9189
969
9874
2953
4156
4273
7109
9433
8457
8417
7819
2983
7278
7
3253
4356
5825
344
9191
1236
2588
6270
8285
2274
8964
67
1288
27
5468
5756
6783
5423
5158
8664
1134
7917
3759
2765
1919
9710
9202
331
6249
3744
2494
7777
8201
6416
8204
7199
5209
1941
7127
9742
8698
4183
1606
1829
7325
6422
597
6177
4945
3164
919
326
7018
7484
7614
9389
1705
1184
1126
6402
3311
3165
5377
234
397
5190
2933
1446
2179
797
2082
9895
7194
8768
8473
3810
6201
7719
569
3542
8767
2004
3481
3241
6870
6478
8295
7283
1100
2929
8601
6557
7805
1133
6107
5668
7270
5154
777
8920
9197
6256
6339
5248
6443
5420
2256
3339
7433
8630
6716
5055
9695
9662
2490
856
3500
8596
475
7090
7617
4782
3795
7070
905
1628
6373
2506
255
73
6480
609
4746
1169
4652
3853
1699
8361
7157
7486
2431
3956
7253
3886
4155
8147
2855
2790
1665
7898
2696
1950
5411
2451
2752
8585
7272
3660
5737
5166
3819
7926
5023
2625
1432
1001
4842
6777
1192
4275
5966
5662
7091
3947
3848
7307
6676
5698
3910
5552
4486
5495
9600
9745
1373
8870
6221
9671
9444
2481
4340
6673
2417
5565
2457
474
5765
4939
8125
1972
5786
9209
7369
4423
3511
6334
6659
5102
2573
3145
949
1076
7685
7020
178
7212
9276
4112
2581
1929
3550
8702
7975
3495
5296
600
1235
466
5259
1564
7748
875
2612
2887
8164
3693
8815
9999
3697
1436
7947
9843
4206
4341
3133
9351
4380
2047
835
6508
3277
6950
6855
4438
3943
5191
3328
624
143
8884
6083
8887
5674
9939
7773
8136
3811
3012
4495
7451
2571
2327
9318
6481
9161
409
7728
47
3544
5203
8413
5798
6573
2051
5872
1733
4434
4956
357
1769
8475
3629
4482
290
3962
8477
8627
8001
2704
5569
9922
4128
6245
1072
7659
799
5578
7616
5645
5135
8029
3671
5056
6561
1942
8278
9796
296
6018
7507
6407
5372
4332
110
9239
604
1593
9166
1234
2216
4618
992
9892
6346
1343
6701
4455
3036
1737
9485
9455
7057
5184
9692
3719
9025
8506
6841
951
394
5119
1825
7866
5111
4315
535
1973
6055
1375
6092
7775
3087
7036
6198
584
1158
8069
2143
4462
3121
273
2848
8111
7565
7763
3512
8954
7112
7322
8438
5945
7755
7821
2959
4521
526
4571
5179
4893
721
8611
3378
3607
9744
4242
8469
8169
740
5544
9235
3171
5588
1828
8555
7570
3968
5183
4817
2978
4010
2432
2243
9018
546
7286
6452
4884
1642
3638
3681
4216
8007
8389
2351
3838
2240
9665
2545
3480
540
3308
8472
9859
8635
3414
3040
8908
8012
7424
5043
9650
2992
4163
4283
6831
1049
4595
4904
1346
6041
2651
5587
4425
9170
5701
6463
8260
2918
43
6644
3449
743
93
9983
4140
7710
6613
9419
4941
4656
8763
3274
500
2485
2860
8299
9129
7792
553
680
4778
1403
3293
7948
9816
3831
4052
693
9812
817
4669
2720
8513
5639
1107
9536
6500
9991
7428
6925
2077
1984
7045
7946
1805
9054
1608
5526
6536
6255
3936
6179
7845
5692
9781
6551
8171
3704
5493
4916
6384
3258
1204
3640
7309
1783
9384
1167
7359
6739
6648
7895
8721
1996
8862
8468
6965
8491
9588
3655
5656
48
4269
3592
1187
3120
5800
1004
567
2734
8129
4960
8478
341
3757
6928
303
7156
8006
216
4755
4530
8378
4701
4284
9463
294
5889
634
1367
287
9418
3109
8233
2021
6891
2532
504
7261
9391
2070
6419
7394
2600
1970
5346
7886
2773
6592
8212
3546
606
7328
2250
7702
2341
6918
3808
8530
4700
5207
101
8241
3365
9552
590
5852
2220
4766
4333
2442
4062
2290
4339
1463
3204
4018
521
4232
6200
2527
8892
2328
3228
9216
1891
5731
2762
829
9830
2817
4075
8032
6114
5908
843
3649
9037
7631
2999
1102
3852
7814
1013
6687
8054
2634
2063
9736
2807
7172
9848
9484
8354
2390
3650
2728
2644
22
6271
8412
1547
4598
8636
3974
5917
5650
2973
5960
5539
5105
1294
1853
2477
2334
2595
4777
9187
4331
1209
657
9426
3807
4943
89
3662
7207
7404
4226
4764
7040
6316
4427
9705
4070
7192
5963
4734
2680
5745
4799
3742
1467
9272
1661
9169
9195
4919
7970
4153
5579
988
5706
4302
1933
7835
6685
1458
1252
8992
1656
9407
8902
8899
5913
7275
1300
7438
9378
360
7138
562
5107
1779
6161
2949
3190
2716
5736
8644
5386
5664
2678
8402
3894
2791
5298
490
6599
1493
3058
6607
7013
7521
8384
1717
8606
8554
1289
3260
1690
7074
412
9722
4034
8685
1448
4348
5768
2041
197
9464
8910
5660
5788
1638
8458
4394
4868
298
7907
8812
4215
7731
1242
1034
5451
2702
9229
5795
763
3360
4464
7059
9984
959
6119
5570
1545
6617
8286
6337
9121
5408
6956
5842
5065
3991
9003
8645
733
7762
8741
3476
7373
6129
1023
9133
6935
7962
5276
4472
1324
7912
7480
3195
7784
7456
3933
5748
4133
2863
4822
8919
242
616
8967
5289
8333
5626
5535
4809
5503
8519
7116
7141
7124
3829
4458
6094
384
8700
4762
3232
1025
6032
670
432
2913
8134
8575
5407
6149
4802
6995
2530
7951
3003
1500
9081
1417
9183
2131
7019
3107
9035
1551
1429
2510
4839
315
639
506
1876
9410
4991
4443
3166
1616
6439
5940
688
4820
1154
9061
6710
7687
8615
7734
8748
6643
3422
8145
5047
2059
7021
5625
2972
9231
3330
6220
1328
2104
4417
2537
1438
1932
3257
2276
9679
5152
4328
2536
8654
9940
5983
2471
1568
725
8177
3935
9934
9306
9080
5726
1579
3320
5297
1880
5605
7597
4114
9696
5921
6684
2904
4807
5709
7187
1688
7941
6185
7485
9985
6647
5835
8337
6927
3531
1096
3731
3617
6993
6825
4918
9380
7222
2738
1599
5256
7094
3903
7536
1035
4017
8493
7213
9128
2514
7830
8085
7936
2674
1012
1985
6193
3297
1623
9534
9258
6105
6482
3310
9813
9374
5369
9286
5643
9574
3567
9975
3440
5822
4397
7224
6698
4907
5477
6865
2418
6981
383
7726
8091
26
8097
1352
1860
2161
8556
3410
1588
3054
7180
2188
5971
6628
5611
8211
2747
9561
8831
1804
6257
5029
3855
5137
3175
952
6857
5240
3765
3973
6692
2802
7566
3778
2962
1959
6646
2064
6555
6654
5416
4197
7413
6040
9442
6493
8005
6700
9316
6196
20
9901
2269
5124
6517
1286
8959
2756
9468
5404
9127
1949
2655
3021
552
5038
8013
5059
5809
6008
4271
334
5776
2346
3900
4587
206
6885
5382
8782
2525
3949
2178
8181
4876
3073
2325
4911
8194
7746
8703
8155
1863
4992
8371
534
3057
6975
3202
4888
7152
9957
9275
3543
9301
1696
2970
1697
5422
5669
1639
5033
2828
968
4388
109
9598
6836
9432
654
6514
7854
8979
7555
1935
2352
3688
5864
4181
7038
3770
7052
9105
3645
8770
1584
6277
5194
5536
7971
5790
3235
8494
622
4585
5761
3238
6906
711
1024
1591
4929
1720
5850
481
1016
510
8971
9967
2038
3969
4
9952
1075
9266
1031
7738
8019
9285
8756
9109
5652
3200
6670
2468
6735
5732
2630
1513
8717
7673
716
1217
7022
2597
1278
9851
1504
5649
7313
9888
4093
1566
2723
9322
5988
309
4937
8987
51
33
5443
5405
8962
7458
551
289
8680
6411
9302
2670
986
3791
5949
3911
6133
9040
7523
8235
2403
9005
4877
5663
6077
8373
8532
5667
7085
2524
2899
7237
4670
3172
7221
558
5395
70
2936
1226
8290
1040
4512
2482
9240
9842
8834
5601
1104
841
2551
922
9713
5101
2321
8706
1843
7227
8339
2029
6502
3578
8578
1416
2257
9180
134
3718
3397
7375
1240
1823
40
6759
6917
9083
6963
753
6766
8665
2574
2640
4407
5442
3316
1148
2679
4803
4667
1849
6762
3979
3679
3292
9358
1930
6440
4607
9294
9630
2761
7981
7698
1895
3534
3124
4431
7650
5311
2224
6297
7496
3642
8719
7447
7173
6758
9478
8521
274
6004
1420
5360
7123
5517
8874
2620
5163
9987
9723
120
3393
8503
1255
9619
909
3654
2759
5713
9273
44
6714
1325
1157
7033
4475
4821
5490
9469
8925
9137
808
4976
3467
8307
3398
1778
6130
4935
3904
8648
4004
395
4560
2153
5397
1770
7984
9353
9106
236
7703
564
5834
5511
8783
7654
2142
4654
4727
8033
41
9059
3451
5287
4577
4593
9828
1319
4382
5506
6242
389
1858
5823
6425
145
7405
2925
5675
2993
7332
8740
343
9992
7765
8051
9954
9361
7230
3062
2288
5902
4986
9818
3845
2368
3055
9487
7704
9188
3523
1020
8754
5981
1216
100
2028
7506
6046
2031
6374
5444
7128
8377
2690
7969
592
1852
7757
423
3760
6669
2371
8574
2150
8308
2339
3871
6937
7920
2023
6584
5322
8274
6126
5830
410
3881
8016
839
6033
8781
6027
8695
3300
8455
2086
9737
924
6626
8901
438
6866
5525
6530
2062
7119
9730
728
3690
421
6681
1754
3442
4028
8039
6506
7356
8582
5303
4175
1931
3049
5938
2279
8022
9958
8501
3875
2210
4494
6943
7136
5867
3572
2496
9454
6450
9589
5839
2663
2100
3891
6420
9171
5962
3432
2422
7600
1781
9325
4794
6016
9584
3646
8370
2930
3934
1622
6325
5859
2889
4616
9154
4170
2230
7661
3438
2789
1592
7368
6786
8492
8602
4027
3850
5143
6833
943
8973
5319
3653
4108
1792
9550
4359
2943
1589
2932
1580
7933
7606
6430
5204
8772
8873
4740
1888
2519
828
2726
4466
5358
2192
4026
8025
3100
6851
6051
9396
3674
7955
4955
3608
4841
4644
6802
1966
2797
9112
6015
1934
2841
7387
8912
9810
2217
3341
174
1471
1578
7607
5520
9660
4299
9524
8385
7677
4000
1798
1478
5694
2699
6627
8415
165
1136
5133
8078
6162
6537
1815
107
6807
265
6052
4069
4043
2668
6784
3092
5485
4166
7153
1621
2709
4116
4932
405
9141
3964
4022
7889
8723
5438
6605
471
9334
9633
7099
9405
6128
6381
8827
9884
1427
1713
9853
8170
8066
3680
246
857
1728
2238
9971
3039
8190
7003
1904
5331
6570
9755
3504
6996
9031
5481
2895
7302
7884
7850
3753
4605
9237
7717
7668
2015
3477
1531
6899
7754
4619
2520
5306
207
9308
4363
7330
3734
7867
3401
5418
2000
1990
194
4085
9587
2847
7629
3814
4599
115
2273
431
3299
9480
4009
2834
1271
4589
4863
6990
7749
6084
297
9640
9140
5978
9446
3363
2453
111
2420
248
4419
9338
1297
3151
9425
2443
5686
7691
7923
3158
1678
1323
5563
6568
5705
3408
9499
8981
2296
6104
9385
4582
8666
2204
8073
4507
9760
8883
1002
5844
2875
4146
2912
1937
1175
188
1468
241
4673
3784
3056
5486
1477
8089
2616
4650
5050
3024
1117
4220
6319
4900
5654
5273
7841
6910
187
6645
2544
9242
1968
9232
4312
669
5482
5555
2318
2437
576
8388
1405
5929
7568
4190
3836
7945
63
9014
340
851
2937
9256
160
4061
9943
6165
6238
6108
8947
8502
1645
662
6872
8077
5046
320
350
3421
7108
477
8183
9779
7561
5235
2697
8807
9174
5499
9520
9912
3876
8255
4527
5973
593
1560
9783
1073
2246
6326
6118
3588
8040
9708
7583
4852
4364
6674
1350
7067
6772
8791
4845
8244
4966
9804
1390
3392
2883
6012
4772
4504
1351
2924
3509
2661
5272
7769
6066
3198
7233
6497
3890
7869
1670
4518
6620
2991
627
9101
9299
4682
9345
9150
7005
9156
7779
9882
5907
2308
7042
9542
5906
1358
4016
3849
4463
3751
3181
5998
2800
8310
2289
3993
9715
5854
3273
9251
15
8833
1871
5591
6519
6558
2590
2065
8208
5722
6109
4510
6920
7770
6805
2656
9330
8440
1232
2643
8449
5969
7684
4399
5747
3119
9486
4159
5334
1321
7776
6391
9298
9387
312
1170
1291
5523
7804
1142
9111
7688
374
1800
448
621
1940
2950
5092
5631
2113
3222
800
8977
881
3556
724
2580
5217
402
3549
5638
3830
953
3295
2463
525
7825
1121
133
1762
5064
5546
8431
7360
3691
3561
4661
1293
1404
6577
2664
6535
5821
9435
4636
9933
5018
4823
5445
5149
7218
277
2645
5081
3832
8479
1279
8292
7383
3436
6682
4285
1064
4505
8655
5592
6539
2205
1585
6580
4511
8935
9257
9502
6010
894
4737
844
9431
1544
7526
1222
8271
6423
9437
7087
3358
4906
8172
2850
7200
7487
3248
9761
8994
1178
4057
6307
7562
6838
6973
7858
1213
2345
1731
3169
1451
1310
9428
750
2505
224
1955
1535
8905
8179
645
5317
6189
1947
1643
1753
2056
1439
3078
253
6347
8217
9421
7354
9340
3461
1411
7824
6945
7432
2411
5984
7892
4580
4958
10
5310
6427
8598
9657
4047
363
8280
7998
7888
9714
4757
5390
8252
3937
175
9581
7427
3667
2684
3018
7682
3805
4265
2602
7993
2105
2211
9935
8358
9355
1250
4390
7909
3298
1176
3391
3406
8120
1131
9369
6418
9165
4645
3265
6250
3497
5470
112
6815
1788
5840
4690
8547
3796
9594
2550
4497
9979
2469
9689
497
7809
5355
5909
9531
4856
4192
2298
984
1837
6581
999
8368
9424
742
3856
3431
4543
479
6966
5007
4984
646
1995
7374
4091
5778
6477
7063
9280
5030
1153
3780
6603
3022
1068
6195
2980
6457
2449
5327
1565
3382
6042
2174
1006
456
1928
4658
4121
6212
9608
1487
4971
4546
5419
6727
9139
3227
2682
2891
9652
1182
5104
3234
1163
3388
2187
8422
2265
8162
2355
9751
3269
4832
6403
1850
9946
7190
6286
1017
2736
4528
7546
9163
5257
4790
6120
6064
6505
8113
6641
5453
1587
5406
771
6048
9069
9628
7323
8379
2057
7883
8861
2877
8917
5188
2842
3584
6214
2547
7048
5884
9923
2492
6153
166
2135
804
7234
3176
9201
2611
932
5483
7032
5628
82
7739
3624
2447
8452
9585
6856
103
1196
7582
1721
4503
1018
8327
6194
1055
4892
8270
9329
660
5829
8411
7411
9997
4660
1201
1776
407
2569
6911
7826
5571
6378
6447
933
7080
1081
2689
6352
9894
4240
1831
3896
4031
1739
463
8566
3167
1061
4924
6655
773
3173
9835
6483
9694
9839
9916
8302
1605
2572
8357
5509
8801
1108
3325
37
4909
9317
4573
683
3926
4604
3502
2981
917
1910
59
7029
2160
7459
2385
7365
9860
9669
4132
3490
7339
7842
4825
9126
8334
5299
8684
4896
902
8838
8063
7745
7950
2151
32
3612
6678
2556
8258
5734
5766
3280
7012
7435
2811
6348
8841
442
8037
3863
6611
6280
7347
3773
6172
3081
2786
996
3046
7488
7431
9852
6840
1625
2751
4952
3178
9701
9711
5566
2814
7527
6926
7767
6029
7171
6922
8287
5935
3899
6867
5243
3491
8652
1812
4303
3656
8955
8730
8846
1015
2285
7954
5904
97
7529
5090
8929
2391
8465
8497
3927
7505
1963
5112
1128
4122
1745
8122
1519
7446
3484
3708
6769
635
9282
637
2170
4815
2448
128
1084
9010
7729
1267
8733
3400
8650
9367
7337
6486
3516
1057
9837
1179
7449
8757
1265
7980
9490
6291
268
9607
4201
6386
1541
2196
6022
8590
1764
7666
2117
6957
3399
7415
2687
6287
155
9944
8065
6388
5899
2607
4095
4517
8205
8148
2500
3245
6649
4414
6258
2560
8671
1486
8364
602
9441
4109
9823
2508
2374
5614
9104
6986
9500
420
5260
8810
7740
5693
9279
6330
9902
566
7453
8281
3430
7150
3419
3346
9001
1475
9429
2754
2939
8398
1376
8
931
7788
1816
7006
7501
8467
3008
8822
3508
6665
2771
3114
3264
49
4358
7846
1524
2667
7985
211
8355
7439
1987
3354
4393
4308
9578
3076
6585
4436
5799
5169
4457
5912
5880
5888
8656
114
8551
2344
3113
399
9182
858
5779
95
6873
5533
1956
5919
8696
2098
136
8814
5290
5003
2964
3013
3276
8930
4769
5205
6278
3065
589
6232
3417
8490
5378
7102
7111
877
9927
8462
4006
5401
7314
6050
8269
1901
1399
709
7452
3738
6231
2867
3700
2369
21
4281
8760
2370
850
318
8796
1892
6590
8084
2837
2653
4555
7024
4728
259
4721
9849
5755
7863
3251
863
83
7191
3571
5943
731
9903
5305
3730
8311
7872
7574
17
9343
8360
4699
9525
7416
7336
8839
8064
2400
9184
8560
7494
7205
8864
2428
4674
3540
9414
7533
8035
4533
6994
1410
7104
8375
3123
7815
2990
1461
5703
6078
9675
2017
1315
653
9840
2144
656
5189
4130
9288
9924
1119
1183
4677
1780
620
1223
6978
6534
8868
2301
8056
6884
4021
1704
913
3762
8483
6312
6540
8466
6019
7508
9921
2121
7131
2622
1903
4200
6938
2672
8304
7255
7426
260
8424
5071
2523
3820
5607
792
3786
2838
7972
7046
5846
3965
4800
9597
2892
5742
814
1244
5048
7859
8020
1047
939
4253
6776
5421
2074
6563
8328
3703
8346
9831
6874
719
7320
6523
2260
7445
279
5467
3447
3074
5177
141
8724
5772
6089
4940
3929
5428
8242
5774
4344
3901
8752
4586
5002
6331
6115
2870
2460
4366
5374
965
8587
9309
5869
1490
1706
5325
5432
4428
3219
5582
3888
904
2695
1866
1596
9268
651
1573
785
8952
9729
8238
8448
6091
8248
6065
8806
4942
4987
9538
7464
1483
2311
4575
9456
9304
5901
4558
7938
9647
1989
5999
6075
4137
4372
6451
2353
1819
5146
2549
655
7712
6413
3915
7648
723
3351
6652
9591
8642
8548
8266
3033
2089
4367
9186
1334
1118
9259
7122
6039
9775
966
9570
9087
9656
9290
7833
1445
8544
4559
6372
1847
7142
2225
4951
3613
313
7903
6057
2888
7896
6145
163
7952
2794
2774
9254
9532
7538
8569
9917
9053
2111
6431
3989
7771
9220
4930
5715
4349
4038
3215
6442
9
5887
3532
7495
3020
8690
8913
4632
5725
3337
4499
5531
3942
5759
5362
2377
4967
6812
8540
718
6900
4421
6252
3631
8890
5773
8907
7468
172
536
293
8549
2306
3148
3345
4629
9200
995
4489
8927
5138
1744
5309
2424
2810
3469
6693
5689
6572
4875
4066
5464
7491
9706
6699
3041
2816
6837
6757
4925
2825
8975
9511
5532
9382
5400
2845
8869
9411
2120
3187
8253
5049
735
4219
4491
9339
5612
7120
7101
2916
9516
9404
8888
2394
8788
8576
1663
1437
4351
4381
8243
1415
7315
8792
3314
8745
1630
3453
4717
9905
1517
7707
9583
9070
4610
380
1960
1353
4448
1193
6047
6365
9909
1864
3231
7292
8794
1428
3955
2156
204
9658
9889
7990
9354
8616
6466
4814
4854
4386
7716
4763
1113
4693
2586
6694
487
9470
5719
9866
9430
9119
3842
958
8198
2507
7646
934
1214
6704
2016
8140
595
3740
7880
5858
8038
8314
7454
7068
7201
9969
6461
3011
4258
3444
1045
5479
9857
1050
7037
2806
376
1923
4293
1327
8588
5449
8520
3822
1301
2901
7553
6106
1395
4751
7988
7741
5957
8173
2106
2066
8284
7699
6304
245
1109
6778
834
5986
6982
4152
5181
2406
7919
8047
7335
9198
3626
9720
2876
2361
4881
5117
7808
4376
3941
6688
5150
9314
6088
6458
8076
5215
5545
7015
378
4687
5388
2766
1111
1893
2686
4795
4465
3928
578
6393
9762
5403
3304
9148
1964
2414
8294
7388
3603
6243
6959
786
7964
5212
5678
7231
8351
3168
3379
7667
7589
7549
8187
899
1444
4858
161
6992
488
5019
7829
7579
5145
4608
256
7474
9449
3377
8098
7225
570
6749
1459
1502
9685
3284
258
5469
4126
8570
7733
8161
7248
6228
7287
6006
8094
9564
6026
6901
8259
5574
7766
1906
9664
4268
779
6204
997
1809
7692
5414
5979
4306
802
257
1206
2049
6931
7064
3224
1785
9792
7079
4787
2890
4600
7078
9864
4816
7444
7714
5367
7002
5704
6357
4824
1401
5982
3565
8197
1654
7992
5522
8769
848
1032
9162
2801
8070
3706
7166
5201
1915
3764
8392
162
4829
3059
3225
184
1413
4730
8074
9176
1708
4274
3373
9248
1470
4977
2307
1951
9699
7004
6575
9803
5440
4613
7357
1270
9643
1577
4529
2596
9793
191
2639
9264
981
701
182
4869
4606
8882
7007
5688
3162
54
2757
159
8366
4320
5958
4483
1368
8131
5074
2878
4379
8537
3961
8303
7906
6383
1757
8958
6731
9032
7839
3279
926
2700
1335
5881
75
8855
679
5371
4523
8821
9375
3160
493
6471
754
9328
6839
5292
6382
228
6614
690
1241
8961
8604
3294
5806
1219
5641
3908
99
7372
9465
1557
730
2624
8956
9388
2839
6549
8593
4519
9147
469
2181
4733
1528
2792
8434
9120
4105
9702
1215
6056
1037
3044
8372
2783
5599
356
1810
3103
2518
9648
5856
8114
6499
668
283
6923
5936
1546
4865
1886
6846
6988
5948
1316
8254
6272
9791
6848
2009
8516
4263
6690
7752
6096
5783
8365
4342
945
4936
1787
90
9434
7175
5780
176
1318
6434
5997
9135
1150
9475
5186
7678
1443
4540
5670
7497
2303
4891
5457
6123
4353
4862
7612
222
9401
5508
292
3153
3790
4410
9155
8180
3433
6437
364
8067
9577
1518
4092
1771
3396
9093
2050
5072
1793
5507
1365
9959
7159
1710
7215
4509
935
6327
9800
8879
2872
142
517
9116
3223
9131
554
425
5568
4969
138
6110
8728
2869
5707
5460
5749
7202
6565
5961
2714
866
14
4084
1141
8871
5524
436
1261
6882
5095
9095
8450
6997
4739
5634
9482
8514
5918
7608
9978
1664
6939
2054
6139
2956
3559
189
4524
755
632
7204
5365
3766
319
7039
2282
8936
4867
4536
7756
4749
8291
641
185
5620
7644
5196
3694
5797
4079
9072
4493
1221
2909
8991
7753
8141
640
1447
7490
9621
617
3913
3030
7782
3995
8367
8978
8095
6025
68
7550
7723
8226
2944
633
3600
5034
9448
5168
9460
6889
4640
375
6548
2796
4695
1694
5818
5865
2001
1957
8168
4014
4752
6733
533
6806
7735
1051
3350
5278
4744
676
6905
9344
3593
6494
9966
1211
1249
4251
2853
985
9829
6456
5883
5398
4564
4243
223
2750
7058
1313
3409
4290
4851
9533
977
2436
5087
927
8849
8691
8762
3009
5058
6143
2241
278
7864
7793
7914
5845
9466
1054
7694
3429
8937
4953
1747
3457
1482
12
6468
812
8401
8527
1220
8553
2073
4903
1669
7086
6594
5581
1926
8277
8156
7254
7552
4442
8638
8191
5370
2502
3557
4030
7588
6043
2019
9065
2169
4516
2698
4797
4565
6376
66
6934
3663
6073
1274
6117
9862
7576
1655
4119
5232
1296
4705
4901
3824
2843
1419
5965
9098
6662
1905
9501
8727
5720
1284
8184
5609
4311
2045
9780
9028
7996
6887
4435
1626
8121
3275
9604
6151
2262
7334
1210
7831
6003
692
9002
2286
7637
3521
4871
1014
5465
5130
8661
3482
4212
3699
5562
359
8580
8396
9865
667
1435
4776
5096
5502
332
9815
9092
7822
209
4151
4506
1763
9948
7524
6168
9887
3423
4418
7795
3683
864
8726
1336
4738
9683
756
4237
5585
3342
5185
3262
4189
8735
9019
3007
659
4552
9898
4735
6860
9606
6544
6184
9900
6826
9034
56
1994
3794
4539
1830
971
3957
5577
2561
9627
3326
5115
7472
212
5226
9774
3141
9117
9267
529
1740
5167
891
8044
772
5314
3604
8342
3249
8391
9208
5446
4947
9064
8784
5381
3948
5874
1303
9629
4233
9582
2140
1534
998
6755
2171
195
2988
739
6984
3106
9891
8559
5953
2809
846
7384
6932
6324
6085
3233
7572
967
467
7665
1607
2186
4578
838
6589
5673
9305
729
7530
4791
7329
8893
9556
1505
1098
367
5044
7758
7991
6743
979
2599
9263
5838
5504
1268
8693
3826
5251
5613
1918
1202
4235
6713
3063
3658
9045
8099
3460
1821
3236
5831
8916
2139
3818
7868
673
7515
6748
8600
7641
1981
8301
7794
3769
4714
4033
7060
1207
8202
6363
5035
3892
7498
9159
233
3496
6137
3684
8581
218
3661
4213
7409
1908
5134
6467
1456
8166
3205
9260
2397
1225
4827
9496
8326
8048
9868
9684
2329
5814
1870
6148
6190
2473
5126
8989
2967
8083
872
3458
8374
8628
7638
1060
8922
3209
6916
8715
8667
5796
884
2989
8779
5180
5968
6031
4370
7619
7545
9203
9956
306
6893
6717
2200
9505
7531
2163
6794
8288
373
7551
5947
6991
897
1722
6276
3861
3402
1523
2176
7061
6892
9672
907
2067
9252
6176
6524
6562
5353
2006
7718
761
4948
2770
4199
369
2531
5127
7410
9123
3854
444
8875
269
1662
4165
6155
5431
8923
8835
5249
9738
1583
7163
4931
8668
7860
1000
5671
3143
7581
4914
6989
8380
8934
9750
810
3220
2118
3728
3489
8262
7828
7559
818
5699
119
7165
8844
1065
4866
3998
1681
8647
6028
434
42
3726
3834
1594
7709
961
8055
4433
3522
6779
9547
9867
7584
3721
2392
9403
2942
9926
8003
3043
9006
2854
1532
7697
8659
2952
9020
9768
6230
8340
7747
6164
6490
2109
3712
1742
648
2032
9569
7636
1312
512
5066
5930
6399
4316
8613
5000
3188
9908
3677
6410
1817
1402
7989
2404
1772
5351
8651
6216
8057
2302
8115
9945
8436
1542
5860
7183
2275
7324
205
2982
3425
7327
8118
2977
8484
5323
8139
6531
9617
4788
5729
6495
5819
3620
3959
702
4247
4157
8397
7340
7366
4174
411
3988
7252
5500
6314
2735
6944
3112
9833
6359
4828
6675
1229
3698
9613
9323
4278
4354
9950
6808
6890
928
476
3914
8543
6842
1094
8428
8088
2474
594
4591
6321
5156
3857
7303
6736
9510
7902
69
8002
2767
8101
1028
3800
352
7575
3803
5459
7223
2540
2798
6503
8830
2203
6355
1449
2535
8750
9686
7921
1686
6656
6737
2297
2575
868
7084
2486
8160
3217
4365
2725
5803
6464
1174
537
3404
7050
987
3466
4228
6816
9811
244
4125
1533
5510
8059
4570
626
7268
9861
2426
2402
3243
4252
8963
2300
7957
6760
7838
972
9513
1750
3813
6875
7543
7155
5487
5627
6283
6546
5062
1552
3367
1295
664
6082
5077
91
9390
5602
5843
3958
6371
2733
759
8043
6303
623
3244
1856
513
9611
3028
4978
6541
4949
6426
5991
7457
88
1462
4590
7594
6224
4104
5684
2182
9409
8845
2172
9968
9854
7395
3552
8146
1820
9164
116
4847
8405
2138
7466
1861
8773
4759
8102
8701
29
8683
1897
6876
9238
8539
2729
9963
6556
3097
3809
9568
4086
7367
7624
3606
2323
4818
7089
9681
4111
6274
6907
8825
6621
3242
6954
1008
2083
4335
230
4926
2393
1526
8546
994
6293
7351
5368
8282
3355
2167
2897
2154
249
305
1576
1414
201
3944
769
9017
3841
3211
5098
2886
5934
2829
5975
3754
5307
3159
9649
1570
2555
6171
1515
2995
1975
2840
314
9964
6058
9503
2101
168
9450
6462
2012
8348
6888
3037
2249
8809
2278
2287
1986
830
8591
3212
8408
8331
5515
5110
263
3577
1385
8673
4211
9192
6792
5810
9545
9554
6208
1110
6485
7873
1485
3967
181
2683
441
5959
745
6449
545
270
8175
3599
9618
8189
8487
9295
4513
1735
3851
1603
9039
7837
4741
7977
889
304
1105
7742
451
5873
7922
8263
9066
2539
2175
1161
6154
8216
1092
1701
5461
210
816
3131
5514
5051
1794
4270
6582
6023
7925
3953
4345
6509
1326
1036
1938
8188
7244
2096
1658
819
5851
5219
7958
9226
322
2129
4245
3887
9913
2383
8764
9709
4819
1961
4012
1614
9788
722
4408
5489
7827
6284
335
7146
2708
9399
8880
9068
6843
6507
4282
5589
8851
9047
7319
5623
2627
5268
8126
8105
2958
5775
2906
9393
5560
3739
4879
9765
8787
1555
6671
80
5373
8010
5165
782
4668
1333
5596
6150
2923
1172
8441
8529
9820
7848
762
7670
1151
8928
7282
3837
3918
6285
9794
6174
4860
5114
8031
3644
4983
6448
6001
4325
7503
3519
7877
3866
2348
9246
895
3710
4844
1339
4398
9138
8350
5739
4429
2803
6933
2305
299
710
2357
3839
8011
9086
1266
2692
8075
264
1198
9160
7834
7750
9697
6550
6664
281
4501
105
1115
5366
5053
2360
8563
9079
6591
3518
468
9310
4545
1822
7279
6421
6633
6830
4625
7639
6086
2277
505
6344
6747
3775
4167
2997
8583
7239
171
486
5330
893
1269
8853
7801
9493
6290
4899
5022
8612
8015
418
1687
982
333
1640
9787
820
1729
4912
3582
1751
9678
390
4663
3016
6067
9194
6093
1835
8050
1457
5743
5685
8296
7897
9877
2350
4471
4789
3362
2136
8192
3922
5084
4724
4314
4603
6810
6009
8128
2614
7652
8550
4352
6369
5793
8568
2075
6751
3111
8777
4642
2212
6667
6677
2324
392
1631
2566
19
8313
7722
1653
1407
6152
2413
2201
5746
3268
144
3862
3874
3590
7379
4289
746
4962
7730
6775
1724
7630
2764
4500
1854
4761
3541
8932
2609
5771
7628
2893
199
9824
6744
9572
781
146
2291
4250
9977
4934
1875
9038
7789
9801
4355
4874
4144
1613
3138
4025
5277
3334
4713
5195
9988
9504
1667
2917
1424
2593
5926
4446
6175
5920
3424
3783
5222
330
5218
1393
7377
5350
5841
5848
6358
6756
6408
4702
1364
8330
7461
2654
5849
5082
1338
9739
2309
1945
6203
6192
8950
2384
9631
426
1378
6333
758
9033
8823
231
250
1162
7348
547
2389
2528
2721
2516
2871
7598
6803
9936
5932
5270
1803
3566
9278
337
6683
2818
4172
2772
5206
1165
4917
87
2115
5017
7522
3051
6294
7288
2020
1765
4003
2040
3741
8571
6209
5120
4792
8082
3591
2434
149
9646
751
9565
9307
1618
5629
1022
9145
3970
1611
6268
3452
7663
5261
8356
4301
8210
2961
5527
703
7294
53
1101
8023
2495
9637
1046
6147
6254
4908
8343
4615
366
9766
9551
7875
4635
3724
9676
300
1777
1818
9293
5424
492
2433
5271
4898
9205
3885
8239
8595
2251
9932
8223
4050
18
1287
544
7590
8108
3506
3745
221
2022
7843
7956
4162
2521
6817
2270
6063
9885
8852
3707
3096
7798
9439
3977
496
2326
686
6292
3909
1916
1511
9115
2832
9287
8476
7625
4389
5279
3170
3317
4812
3614
4601
8626
5391
3527
6821
7167
9981
85
7676
8881
7540
4257
9398
4336
9060
3389
2529
9546
140
6518
3161
4178
4508
5345
9601
7259
7874
3291
445
2866
4583
9103
7311
8817
135
3689
1090
6608
4880
7403
2795
1282
6262
3185
8725
2099
8390
6061
225
8323
1205
8536
7790
9639
2195
5890
3426
9250
4768
4334
625
6014
9962
2292
1695
3619
7077
2399
6579
7139
9605
9044
8542
1693
1734
8943
3229
8545
7924
5604
7001
4053
6479
9215
6567
9179
3259
7014
229
6616
6615
7154
3468
2314
2911
8778
1348
4171
7262
2763
3982
1595
910
1394
8092
2375
5681
9297
1257
3882
4294
3411
9612
8143
8133
3455
2271
7430
5281
549
5567
736
3952
1203
4538
7353
7681
9481
6740
1430
9509
9498
7504
316
1123
7216
72
7686
2416
2987
2775
7273
24
108
6182
226
7363
7069
8848
3019
3526
5075
1683
4272
8224
7695
8165
3197
5086
732
2534
3472
8697
6720
5954
7800
4671
4574
8931
2467
1472
6619
4628
1431
7267
5399
8632
64
7760
7585
8946
5229
502
6
4180
396
7343
1540
1672
5931
1536
7414
7618
4631
6525
52
7095
8608
4110
4143
1795
1145
4224
6087
5787
4246
1680
8250
6487
9341
6630
700
3735
1635
2025
247
3478
8523
4452
2090
1801
6734
3313
4889
3749
9303
3132
7516
8780
8279
8982
9084
3843
1525
3651
2084
5760
1703
3618
4563
7890
794
9743
6823
8240
9458
1503
9602
903
9841
7441
7960
6542
6288
7537
8858
1194
4698
3994
8731
5898
8509
9906
4362
6746
2673
9412
3825
5162
4902
7796
7137
7349
190
8722
7312
9764
7195
8152
5716
681
8803
5006
5534
4041
9175
2107
8617
1005
2027
1359
9214
8658
3673
416
8256
7264
3865
3768
5255
5026
2010
3208
6396
8369
4101
5462
266
5238
7023
4750
3029
4849
9451
5263
8747
795
1766
9747
2784
3615
6521
7298
2998
9622
6017
4679
6797
7263
1494
7878
8060
614
8681
7622
4100
7856
3376
2421
5020
6660
3281
2242
2044
1939
4149
7265
696
3117
6679
2362
9834
7266
2941
5610
9185
2379
6501
4011
1925
3945
4177
7642
8876
3537
1479
2472
1130
8264
8127
2137
8579
1834
671
1516
6354
1755
9088
4154
9415
139
7894
911
3137
6697
2215
7450
1143
5484
5877
5964
3539
4164
975
9132
9029
8789
4338
3595
5767
1736
4938
9321
6313
5553
5617
1885
7008
1173
1388
7577
3812
4771
7401
2173
9349
7512
4002
6223
840
3359
3676
5976
605
3925
585
6005
1171
5032
494
3356
1129
7511
4770
4067
5753
7987
4063
4088
4449
3050
906
7185
5198
4834
7477
524
9821
3562
3004
3873
2095
4801
8237
0
5985
3921
9632
5347
2546
7513
6738
2068
4697
6512
7910
9897
3720
1260
5234
5697
6459
3270
7602
2856
7148
5661
6718
2827
849
1082
4997
842
4594
5548
6705
4019
4297
2209
5575
2538
196
1976
2852
8739
4617
548
4836
5606
6915
3905
8504
9262
1426
9700
4857
3907
2071
8938
9590
2207
1868
1844
4326
1869
5549
3723
3981
3711
6438
5728
6560
713
9152
6624
1085
7475
3371
2557
5801
7556
1572
3252
9620
5572
4227
74
747
8562
4065
9055
7967
9707
7256
2356
7664
4850
6847
7927
9320
4230
5784
7027
2558
3186
8305
9379
3390
4187
4532
3239
6625
7170
6689
4324
7241
5683
7182
8124
6877
7563
261
8207
9311
7634
3127
1845
5246
4804
1899
6529
198
5942
7310
3174
6158
7965
7285
8710
5100
5099
2730
8609
874
4256
9609
9058
102
9986
4688
1725
4286
6949
5863
7554
2649
358
58
1147
3441
3919
9670
4826
5005
5429
7904
2072
5711
9071
6985
5356
6520
6328
3939
8969
7400
7649
9993
7378
661
117
2184
3746
427
6629
6433
5891
8324
8293
3052
1442
695
2130
6666
9625
9733
6977
7355
1086
5176
9492
790
3149
3
5895
663
6587
5635
353
9346
2859
5655
3628
237
8859
705
6971
2501
8840
4723
3286
7761
104
9247
1384
3053
7534
4910
7891
7857
3869
9373
8488
8816
2299
35
9342
6335
252
2677
2365
2410
2737
7959
6060
5885
6417
8663
9790
5265
7260
8320
6465
3309
990
6045
4805
7009
1354
8257
9210
2582
9557
8986
5171
3817
1366
3833
9896
5463
6146
428
5285
6709
4081
1135
7437
7509
2060
1469
9245
3152
2134
3799
7103
813
8231
2985
3579
1059
5878
3289
7519
9091
8453
4780
5060
629
3701
5139
1347
386
1386
8081
7672
2343
2711
4736
4001
2053
4742
4244
8116
8592
2386
2258
460
7662
5121
4709
3128
6898
5900
96
2963
1598
1087
1362
6491
3108
2938
7855
4655
8463
7518
596
788
2464
200
1480
4083
400
7596
1799
3668
1308
3560
9942
2079
8818
5061
7389
618
9296
5340
6618
2335
7053
2749
7434
2793
3859
2061
2646
5011
3963
4371
9872
9046
7386
619
8921
1581
5216
429
3250
3079
1063
7344
4716
1374
3446
6076
9158
7054
4488
837
1553
2227
9563
1723
8429
4732
2116
276
8245
5893
8026
5157
3722
4833
4134
6753
7280
2780
9172
1043
1
3283
8325
1752
1619
2487
2589
2213
4384
8885
3101
1838
1629
6113
7181
9488
2960
665
1714
7051
8676
9773
3737
2874
519
8993
3797
2122
7056
7693
5012
1677
6880
3403
8894
1041
8319
7720
5870
8273
5794
3583
6233
5651
734
7591
4147
4946
2846
1674
9717
541
7232
1299
3305
3394
5993
454
3906
2882
1079
1453
1027
9530
6707
39
1700
8689
9759
2479
8182
8316
6983
8103
9519
8312
2705
6300
150
3002
5245
6653
6828
1330
4551
9049
7295
5455
8447
7961
5922
4217
6510
6827
5302
970
4774
5804
4387
6940
4609
5244
9228
2030
8159
5513
3384
6726
8030
5666
7442
5754
6987
2553
1922
9727
1711
130
122
3996
7727
8399
6703
9548
5696
4715
5379
3487
4718
8416
7934
5326
4756
9914
847
1256
6824
243
5994
6034
2592
9526
7396
3574
5147
7106
5950
6904
8942
8906
8538
2470
2785
6397
607
8289
4378
6074
8811
2813
6215
9690
3443
3510
6424
202
7429
5136
9680
8482
3071
2052
3413
7499
3756
7174
8403
9048
7632
8041
4859
3827
3318
2157
643
9495
377
9749
2132
6515
2347
4783
5315
1140
6454
5603
767
1044
4059
9333
4554
8406
7249
7905
923
4722
9206
2197
3835
1666
6637
2234
3581
1231
8359
4323
3075
7569
5361
6754
7623
2606
6202
4176
3804
6007
5813
9560
3418
8589
8426
9021
4680
439
7440
7900
7418
2898
6878
8090
7865
9802
7177
7399
5744
5151
8000
8317
5925
2319
9085
6429
3364
7251
3254
430
7810
5910
5413
8321
4883
5564
3872
