333
5707
6892
5822
6468
8144
4008
2832
4706
3947
6643
1349
4551
8737
9731
5304
8505
1358
9233
1457
2193
5606
3825
2902
3994
8835
1375
9757
3742
3474
2762
7729
1694
8061
6274
8729
2728
5673
2141
9505
5688
2106
2666
8327
5141
3182
8461
3626
5838
4276
8291
2503
2207
3574
6032
1982
8746
6846
9717
744
8946
6259
8763
3053
4135
1615
9616
9422
5843
9044
127
1329
7717
776
4433
2044
1009
4613
1428
9072
3246
7780
9504
9435
8356
1361
2779
7779
9524
6663
5390
9041
1313
4399
8970
3475
9143
2818
9065
2145
768
2823
7109
2694
9723
5648
2256
1674
2111
405
8147
6504
864
8956
2198
1996
529
8243
9569
7906
3701
5517
5228
2243
5312
7420
8066
5005
7836
4123
8207
5665
5055
1012
4446
8373
4215
7472
9850
6412
9540
5563
608
5278
841
7059
3058
5188
905
2759
2135
6502
6491
3699
9194
3655
4584
1657
4707
7383
796
1328
159
7672
2548
1112
8403
9790
5052
7022
817
4738
8374
4798
6992
5713
6326
9715
7073
8572
3068
3199
2836
3449
2859
1407
2236
396
7107
9153
6973
384
433
7765
2487
7704
2116
1696
8375
513
5941
1130
1497
4480
1030
8830
3794
7081
5703
2092
4506
6761
700
2040
1122
6749
9363
8965
6953
8788
6956
7857
7153
3429
9587
1297
5302
742
5880
2347
2817
9238
420
7333
9769
1758
6610
9226
4872
1929
4730
1031
3897
4281
1902
787
4560
4102
8306
8906
4674
4784
8277
3961
583
3671
8595
9368
7356
6625
455
3654
9732
9221
4779
9170
2210
5114
7473
5675
8527
8821
888
3269
4462
3800
3686
2304
2884
4631
3035
7790
5474
3976
956
1061
9986
5816
132
5493
8102
9079
311
2417
6487
2129
2796
9486
6001
5169
4375
987
8020
4455
7377
9641
3102
1850
1427
8973
5299
5371
8457
8030
4018
5631
8749
7161
9053
8396
308
5335
9827
6087
5979
124
1575
6080
1639
7361
3535
2316
7358
2269
1849
735
171
695
5090
3378
8596
4088
1333
2989
9930
1723
8593
9449
9733
1504
2401
5616
119
9037
7573
4595
9264
6759
3898
6155
8840
2195
6170
1958
4198
2951
6386
1506
2688
8410
6557
3503
8275
9739
5920
3469
6796
8692
3005
3235
5780
5552
8610
5864
9864
6316
1530
7121
8080
4207
7241
7537
541
9275
5685
1078
2854
8005
8636
948
4900
8296
9142
9477
9503
4895
5570
8052
5403
5782
5105
7307
6755
6816
73
6366
6031
3099
6673
9558
7850
9118
7858
8837
907
1898
4721
7359
2077
609
7568
8675
5241
6067
6804
819
3112
6201
8335
5793
3294
8352
5586
6644
1359
6980
3685
3073
1101
4702
9113
9697
7475
1649
3734
2181
8469
8250
7980
7135
6492
8578
3050
8510
9600
7489
4328
2284
4439
5311
2444
8943
3793
9743
5128
2349
9645
438
9117
7072
6214
5771
1813
3051
5964
524
807
8727
7810
6347
7966
3344
2543
3586
8659
8333
3430
9074
2638
6072
7275
538
2669
8235
9259
4359
6774
5588
3018
6721
7175
8339
7378
5243
8967
53
4615
5447
4474
7914
2341
7817
6029
2986
1060
8822
2993
3696
4114
4451
6766
1317
938
9585
798
5639
7829
1476
4378
1294
8096
1331
1092
7198
9214
2575
9064
2689
5990
6330
6195
663
4637
4953
8349
8734
5523
6990
2935
7922
4763
6969
7351
2577
7281
9102
2763
9438
8463
9206
3652
82
8871
7118
9878
1001
9834
9283
8926
1065
4218
1171
4408
9991
760
278
4048
4434
8899
4859
2110
8252
1222
9073
7904
1511
6288
7811
436
8286
5414
9228
7994
6869
8501
8208
1621
7122
3490
9257
81
7747
2070
1798
5297
7443
347
6788
4010
8708
6642
8774
4460
9708
9664
8476
2379
3133
7424
3302
2476
8216
3821
4318
2048
7507
5555
9030
6594
7818
8011
6711
1854
8233
1795
1014
6177
2139
4341
6615
5840
8162
9784
6628
1008
7712
4621
1083
2046
1432
2842
5121
3353
8691
3231
292
7031
3942
7060
5398
5910
6503
6396
458
6725
5170
5466
3303
5708
51
4993
1340
8362
5259
5266
252
6456
9764
4065
429
1699
6707
1459
6512
6156
6091
7973
1469
9646
4076
5046
9763
5907
136
6129
2867
1439
7096
2806
8643
7623
8677
4567
5928
5867
2646
2068
9008
5658
6888
4039
410
9260
1690
8127
7719
1882
2378
4143
5845
5391
880
7606
6757
1485
7608
9029
68
7963
4301
3514
9818
2912
2214
4525
2880
3687
2746
1335
7560
1067
8054
3308
8854
5501
6273
5295
2664
5125
2725
37
3306
9552
8805
5541
2087
5833
5997
5779
5248
9627
5804
8542
9036
3004
6754
7185
967
1288
3240
6161
9496
8928
4860
8424
9306
3172
2524
6112
1423
3663
7405
7984
1684
1347
8464
106
3331
3775
4656
1470
3977
2593
5165
5972
1144
6633
7214
6622
5560
324
8110
3017
1173
6003
6086
9611
3427
3585
8214
8293
740
4605
6393
5047
6562
6929
9948
1742
2626
8577
146
8239
5172
2932
3178
7084
6457
8909
6290
5643
1087
7346
3753
1136
2569
8477
7193
1221
8174
3703
6058
6849
3485
4346
2289
9032
5355
6823
335
9082
208
2754
2307
4200
365
4409
2488
2389
4739
7895
6048
5379
1775
4695
9223
7386
3185
5353
2252
7182
945
447
7200
508
2173
6912
6017
4238
9181
7062
4540
1401
4803
7409
7687
248
2189
6137
7080
935
726
4701
3405
7630
4398
4655
7002
1583
3190
1883
9465
9357
5680
7926
4201
3633
6771
3806
8178
5818
5547
1265
5603
1110
8709
2819
9340
3986
755
5537
8869
473
725
6847
373
1291
5623
7066
7733
5885
9680
8584
9349
9716
4574
2490
3282
5179
3078
8336
4998
764
3458
8773
6871
9681
4862
8180
1767
8935
3428
5186
6411
7087
9385
6455
7535
2939
5817
578
9837
8044
309
2306
2348
7291
6598
1295
4912
9881
1330
7417
6171
4698
1133
4555
5922
2171
4151
1607
3921
8769
5540
5309
5061
5376
7879
9225
6765
5538
177
239
1493
4067
4561
4041
2745
2438
3537
126
1374
9183
4062
6934
1746
7947
3459
680
9845
6402
5316
576
3773
4476
9359
9570
7884
246
5810
6703
5622
8360
323
8947
238
3011
8467
4304
7277
9320
6921
5645
511
5377
844
1348
432
1764
5965
8188
1686
6850
1655
3063
6844
1417
5983
5672
2899
7294
2561
9567
9480
3213
661
5269
1189
1059
3379
2483
4741
8758
3843
3385
8003
1683
8682
111
3596
3373
6814
6071
7693
9935
1351
8807
5601
1267
8106
2873
9709
4391
2388
3957
899
896
7269
8856
9313
5986
1950
6630
918
8537
5565
3404
806
9642
7612
5138
5653
9086
8808
4457
7627
1900
4138
4766
2530
5192
2983
1381
1510
370
5405
2419
9372
1406
1685
5825
8414
9333
8705
7162
1553
601
9576
3578
7235
6234
1466
3019
8189
5858
6309
6238
7440
6632
4353
8332
4960
5281
6744
1861
1430
3840
9094
9693
7000
3933
288
3533
3040
2985
7077
7217
2699
3412
8136
249
20
4119
2475
9531
3236
7552
4129
7498
9377
4049
5664
5426
780
9887
245
2602
4710
7111
6778
2454
8600
7661
4623
5668
7005
4429
6901
2633
2430
3763
4556
3707
4195
1285
4384
622
5384
2323
1749
1309
6661
8241
55
7691
6299
7222
534
7839
3065
50
5567
1941
3725
3022
233
5752
3868
9919
8364
7572
8425
5091
7998
6821
6192
8904
356
6397
3356
6351
6359
4086
9560
4477
4380
1857
7209
659
3684
378
2833
4352
1544
5343
9080
7284
8851
2082
5328
2100
1515
5339
8650
9091
2640
6889
2829
6432
2166
4430
1971
5279
8330
6076
2919
1482
3542
5888
1732
1126
6931
86
7506
3247
5257
6683
8016
3094
4854
6915
9351
8559
929
9423
6939
181
9789
8261
2953
6286
2180
1062
4134
9526
2517
3720
9114
44
7937
413
925
1855
9759
1343
6186
9376
7272
3893
2778
7925
1271
1846
4986
9510
5748
4572
9542
5108
5659
5855
6528
8740
6731
2980
7767
9058
9168
5320
8171
8603
5497
2908
3597
2062
8353
2088
4636
5642
7343
3878
546
1404
3084
6799
2016
7820
4861
6681
3047
9867
1629
9039
9841
5351
2421
8358
1843
2125
3577
1634
3052
4115
859
5695
828
1918
5854
6636
5444
6321
2197
7539
8281
8022
1814
3123
642
437
4400
4459
6436
3649
7166
8715
9362
2420
1968
6015
4938
1648
9583
6149
5916
7036
2231
9921
9426
3351
9632
130
1403
5440
3184
6036
3580
9059
6002
6583
5249
6529
5596
5369
5407
873
6966
7431
6537
563
6169
215
8255
1885
5175
3335
9609
8472
804
704
7249
3156
4468
4564
7865
8772
7561
6891
2346
1327
9690
3436
8229
6481
4815
8047
6097
5400
0
2931
3998
8756
1339
1263
1066
5991
468
4203
4935
6660
2950
4541
3223
1774
7034
1842
9701
3208
9424
3158
1826
5359
1522
947
1029
6827
4672
2313
3127
1243
2514
4367
5879
2390
7226
8567
5001
8719
2273
9281
6876
5446
8300
2830
7655
5625
7515
5313
4734
9119
9575
5562
3693
375
2250
501
2461
7493
8881
4599
3995
6733
8438
8245
3602
4443
1355
1939
8626
4753
5949
6008
3951
9346
4184
3891
5589
1275
4290
4154
2885
8759
9938
911
7696
7158
1236
9990
6618
6139
4428
6523
8316
8064
3014
1993
9157
219
7556
418
4697
4719
8287
2655
1392
5009
3034
1397
8858
7363
8279
1224
1191
7296
4362
1318
6100
9186
7350
8445
5119
5710
8730
5734
4557
812
6007
1641
8377
1411
8056
6672
3055
7050
9891
8282
836
5839
722
6724
6252
6348
2229
720
1848
2101
5286
9085
2324
1179
6918
4285
4250
1734
3285
8158
9317
2451
4604
9273
200
802
9936
9724
8488
2973
6332
9947
1308
2393
8617
706
9405
3211
4013
9471
3548
8706
5234
6694
399
328
3298
3322
3260
6431
6719
9034
3600
7414
3077
8449
8640
8868
3464
8474
1681
6136
6578
7373
3545
7714
8343
618
5336
572
3136
5660
4063
8506
8326
3402
3680
8927
9139
2371
9341
2937
8268
7736
4454
9875
5088
7048
3421
4902
7192
1385
540
4892
2768
6270
9630
5396
4962
2749
9998
4671
8755
5808
9367
4814
9330
6843
3896
4717
6682
1693
6243
1034
2609
9427
2904
8150
5877
7025
2852
748
2839
3822
9993
1967
3431
4338
9400
9481
9052
2460
8984
3744
2726
8186
4386
7988
422
823
6257
128
4029
4769
5545
3902
2837
1394
2630
8303
8850
173
3277
6589
192
7554
5903
9063
2641
7433
185
1890
2645
4146
6111
9722
206
4212
7278
8940
186
3389
187
5150
3195
3454
1928
5878
8543
7449
2758
527
6130
4205
7862
5691
5459
8855
1546
2076
3125
327
7789
6641
3122
8795
1541
2031
2163
1984
5829
8524
7742
444
3920
1445
4303
1998
372
5301
4740
5857
1922
4830
147
9049
3309
3088
2681
1961
3406
3227
3056
6551
14
2668
8226
7234
3643
1044
4550
4401
6331
1870
2385
7010
9815
9918
3118
1128
3204
3100
9826
7232
838
5039
2690
9885
946
9758
2770
141
4793
2484
1927
8579
9093
9224
3862
2367
7770
506
3394
1500
914
1367
91
8663
9513
3608
1643
2589
7674
1048
5763
5775
3849
5029
9303
5057
6141
5049
6693
1387
6552
6304
7253
3764
8267
3219
6840
6815
7805
7008
5065
1345
7995
5615
7644
8934
9649
4316
9278
8021
5197
3021
6289
3946
2377
6329
4919
4947
1593
3023
2662
4864
3166
276
1956
5807
2672
7133
957
8062
5392
7113
7863
1650
6547
7967
6148
8219
1952
565
4542
8452
2332
4846
3364
9478
1886
2528
1979
5148
6640
5602
2887
8936
6581
4563
4261
3983
8726
3147
7370
6253
8167
2915
8039
9050
6770
7628
9420
3264
3746
2358
1765
1991
3834
1799
5812
2160
6469
6182
5063
241
3637
741
366
4274
1440
3124
7821
3795
9592
2727
3315
8722
8754
8986
6690
369
2882
6835
6123
6410
3319
227
9397
2391
54
6283
36
6896
5449
2957
1606
811
3029
9992
2183
7154
9245
9872
6745
1166
4192
2404
8514
5277
1426
3327
891
3399
7144
3739
2705
9515
4521
4016
7485
3297
9392
6223
6801
6433
1566
2531
1269
6753
8802
457
2739
58
6558
2878
7401
5212
6378
7848
2450
27
5323
2291
9242
9126
1088
9128
4780
1114
5583
4538
1691
2997
3381
6550
737
2073
7525
6334
2435
386
4629
7132
4255
2848
6629
7609
3237
3914
4936
400
544
878
3901
9584
7891
9495
1600
2373
9031
4612
4268
7155
3981
7045
5296
8887
5950
7680
8067
8957
3554
494
5340
9035
6199
2700
299
526
6263
3735
8787
4309
9559
3009
1604
846
6013
2581
1823
2938
9913
115
2467
8541
6767
350
2634
1487
5633
435
6603
6824
909
8649
235
6179
3312
4163
7237
8969
8466
6859
8915
8398
1272
2411
6333
7750
7318
4483
1447
4732
5032
9832
6490
9417
3187
9788
7188
7773
1225
7071
176
875
2591
4844
1664
6709
3766
1859
8714
9522
4819
5678
8745
3692
1654
9572
1199
4924
7683
360
4565
9874
9448
7872
4187
9406
6221
2220
6669
8616
8615
3263
3003
2485
5875
7670
8996
5574
3257
9946
1182
338
6538
1038
9096
5579
3267
431
5900
5683
1490
3539
1860
9381
6344
6800
7656
3908
3229
5554
5957
4888
3595
6609
840
1421
2422
4172
6207
7938
2677
7582
3390
7523
9797
1325
8812
904
8832
8437
3150
6852
6343
6110
1436
6336
3697
8750
7295
6194
8894
7099
7327
7699
6420
4377
4591
3798
9895
8655
6495
8702
9519
9967
2336
2143
8387
9316
5841
4775
4926
7205
1916
752
3736
5110
6560
8240
8230
4051
8055
3006
3613
6341
8320
5874
9494
3367
9620
710
7526
7774
2988
2875
9870
2945
2984
4106
2149
1569
5998
7748
9001
9230
5254
9706
3670
6829
5627
1143
2925
5453
2238
7715
2605
4478
1911
1633
8046
2122
7061
2114
5368
6946
1539
6377
5973
1571
1518
8570
7679
4836
5317
4317
6152
9451
301
6926
5499
2505
2357
4635
9066
2132
9485
1069
7283
9180
1150
6473
1743
965
4056
5548
8695
761
4546
7588
43
3126
7047
452
5087
2257
6608
3721
3815
6700
1280
4312
2299
3560
1957
7428
9734
1174
1995
1603
8274
949
3679
6245
3434
1578
2223
5836
6605
8679
1871
3531
3630
4249
4217
1784
3563
6320
1839
4871
9965
1773
2631
6172
209
1393
5043
5185
6165
7743
196
1218
3550
3479
4699
883
2327
9165
4224
7551
1868
6212
26
3060
9966
7809
3252
3382
6094
9497
4
4501
850
9720
8455
591
5062
286
149
7649
8764
5732
8036
982
6222
3541
2580
7411
7759
4617
1475
4140
6474
6005
7763
7097
9713
8827
8701
3281
341
4529
354
5085
4708
7156
1880
7126
5935
3435
1162
8697
6453
2992
9366
4809
4915
6035
7374
8131
6287
1817
7861
4553
2795
2428
8602
4470
5176
4827
1468
1134
13
3694
1904
7536
6825
3667
8782
9304
7400
7442
9662
4657
528
2381
2914
756
746
3089
5370
657
3299
6337
4141
1227
2179
6988
6585
7565
7103
6756
1418
1800
7544
6817
9741
8703
3651
298
4514
3025
2644
3393
8885
1391
7602
8558
134
6394
3221
4787
9819
8971
813
926
5638
8556
7321
5487
2102
2635
5526
7366
3032
922
2676
5650
6089
6927
23
9667
7620
3870
9905
8448
2948
1662
7348
4664
3370
3915
4606
937
765
1999
4278
5255
3805
9633
4928
2599
4776
1581
2119
7806
7258
103
2584
1976
7555
8097
8198
4558
9989
4299
4080
5077
4876
4906
2429
67
77
9068
6898
3571
7634
415
205
6291
4977
3846
8086
4190
8508
7920
900
270
585
3415
9516
6175
2930
3724
3661
3819
7808
2571
5872
969
4078
5338
8118
1792
6861
1412
1052
4855
8865
1424
2709
8496
2977
4686
8489
716
2199
6204
2158
6936
359
1026
8319
4186
1833
1157
8304
2201
605
8359
736
1558
9133
7532
9877
1219
7094
9309
5349
9619
2674
3999
1942
498
5599
6548
3664
4311
9676
3249
7610
5107
5671
5315
5034
2161
6360
7660
8962
2035
7579
1448
5942
1608
1262
3750
8736
8376
3839
5418
3515
4880
2532
4930
7481
8405
3922
5133
7944
7439
5776
5947
7504
4641
3982
9305
5765
4232
8635
7167
9159
6014
4169
1484
2167
7068
7735
12
678
5290
2752
6205
1908
1741
8530
3937
5231
5373
6416
1311
8264
4110
6813
7844
2251
8638
4287
7035
7903
8191
6121
7824
7993
5585
9511
9644
5649
9413
2464
8540
9791
9463
3417
4767
152
4847
856
4011
257
631
9786
464
1197
9457
7273
6764
968
8921
416
9043
6561
4265
46
6421
7642
9156
320
8941
4343
6616
5160
3496
7447
6488
703
6400
2042
8528
1338
7626
5859
1467
5360
5402
8137
5529
6464
7360
8741
3048
5981
290
2376
8874
7108
9852
5486
3872
6607
2118
4543
4148
580
5123
8784
5076
9914
1667
7923
226
1847
6235
4178
2288
4237
9807
4608
1354
7595
9404
4329
5480
5198
4233
4270
5406
2479
7285
2962
158
7304
6208
8099
2457
9534
4330
3138
7962
4881
2544
2500
4850
679
6863
6
4334
7326
8545
2326
8557
3144
944
2157
1687
5310
5291
7647
1753
1090
2507
6637
790
9956
7367
4511
6886
4432
8166
584
83
8475
2892
9375
6077
1706
2579
5410
7746
2446
1242
2240
9573
670
7079
2949
9347
3202
3201
9222
9416
8132
5773
766
5115
784
3948
4256
4149
8793
7043
7090
7604
853
5331
4873
60
2117
869
5936
1097
6203
7566
9169
4771
9714
1350
9499
5038
9963
3603
5767
6095
2820
4161
6902
6716
8886
2154
615
5287
6372
387
6748
2489
8156
6486
6297
1287
388
9988
5770
8848
3097
1452
1668
6617
6920
424
2840
763
9772
5441
4126
3639
8512
5382
9033
9566
6124
6620
2015
6256
9671
653
162
9410
1827
5207
5180
3634
4305
7136
5897
4230
5325
9483
2482
8688
1054
331
9295
7382
9782
5919
3650
487
877
9308
7852
9321
8071
7199
8637
4259
9038
1268
4295
2928
2539
829
5976
3892
7396
3590
343
4544
7125
4954
7681
1672
3153
1207
2455
9231
7855
7587
9816
1851
2230
4765
4117
1178
2654
3772
1229
3030
9209
2653
1542
9075
4280
3106
7319
1891
7931
5521
993
6648
4712
4522
1390
3413
7825
9975
4415
5264
423
689
9108
1156
408
2415
5731
143
9745
3929
3462
557
2059
7517
9623
2363
5714
984
9831
6445
3455
6293
5031
4917
7435
9498
8227
3907
2587
3467
6805
3722
5851
362
7138
9793
7454
2317
3491
197
5083
3480
9835
788
7380
1521
5744
8077
4177
3079
6045
7694
6098
7728
7732
2813
8107
711
9912
9847
2956
673
8878
3038
8348
6658
9130
5348
9247
8199
651
4465
7905
3456
6619
7218
8860
6839
5677
870
1032
3978
47
2416
7911
30
3157
1960
728
4442
5258
4412
3888
2941
5245
6489
7046
7215
3767
7190
5058
6776
7243
633
5751
9740
8968
5294
2923
8690
3723
3387
2458
5849
7955
1460
3546
122
3198
4700
1937
6142
7120
3519
6987
1186
637
156
2187
4413
2881
3044
2696
9507
7509
1290
1507
8090
3215
2967
3698
1180
9262
1195
9470
1760
5905
959
3990
845
2235
5071
1532
35
3310
7444
425
8498
9025
7576
3776
582
2498
326
3642
8590
687
8841
3758
3261
3861
4416
34
3333
641
7557
9301
7461
1248
9020
3411
5479
3375
5082
6509
5515
4907
6614
1981
3083
6567
2155
2661
8814
570
6404
3877
2112
1095
3251
7399
1724
9446
666
6443
3855
1579
6160
1456
5344
4323
3635
8948
9161
1519
6157
1480
3757
8120
9932
4219
1747
5727
636
3080
1718
3128
6126
4812
4104
7093
1138
5283
2402
1481
3046
8346
1115
515
4045
9683
3873
1755
3802
1529
4841
3087
3165
8622
3797
6144
3409
624
6626
2056
8034
2140
5256
6118
6043
3743
2115
1117
2345
9742
5492
5628
3259
7723
3682
2721
6593
6189
3591
3968
1289
3082
5737
5011
8433
2296
1283
8952
9051
6215
8994
2901
1334
1712
8430
2736
3258
7883
6437
1642
9328
4751
5853
518
8678
6117
8953
4720
9326
7240
4247
9458
4951
7124
9401
2120
2147
2360
3726
7991
8960
3765
686
7354
6782
3196
4778
9353
2506
2510
191
4703
4403
6026
8828
9298
1181
7654
4607
9603
9884
3486
1132
7866
4886
8693
2625
8157
5435
8930
6046
267
8004
6853
1007
3460
104
3738
5594
4357
996
21
2865
8699
5654
898
1628
921
2175
3712
4368
5778
8344
9241
9995
3093
2055
7499
8269
8884
7807
3339
1326
916
4277
8446
2412
462
6773
5408
2850
1700
5618
4376
8101
3629
98
702
5000
2440
2560
7051
4533
5722
6352
4348
738
430
1761
3092
463
5095
8809
2362
9960
9382
8836
4175
3355
7463
2968
5099
7888
1420
7913
2314
2747
3062
7802
1940
7713
7014
6758
8569
7739
8129
9350
3818
923
6586
5361
998
1346
4060
1111
4021
9943
9246
8997
7600
9981
9813
1336
6922
3842
4512
964
9293
6662
4520
4108
92
9248
7941
5868
9084
1211
5100
3109
7305
7260
7516
4180
3383
2481
7563
2315
8925
8015
9144
6478
6783
723
8460
9327
52
3423
7152
6258
1121
6890
1127
7753
7754
7252
3492
2447
7859
1380
4315
7355
2245
5006
1147
8126
1821
9568
4388
621
8863
247
5187
2060
1018
465
5358
7682
4662
2066
3609
5483
4505
1602
4923
7581
857
2851
1514
279
6600
7195
479
1836
8866
9378
8043
4547
774
7653
5527
3338
7421
4176
8797
4258
821
2981
3452
4878
4893
1107
5831
2138
8493
275
8091
7191
3883
2130
9944
63
3057
6564
9563
3140
5987
8183
471
685
6604
1969
3502
207
8751
7413
1386
88
597
97
265
4899
4436
9501
7542
499
9099
9805
1254
3949
8236
5097
3970
623
6501
1710
5790
6153
9388
6202
7965
3788
6277
7487
6820
2717
7721
5230
8747
8790
8483
6842
9677
4035
3081
9688
9704
1763
9425
2564
9312
8647
4188
258
8644
8639
8662
3494
745
5224
4320
2553
1771
7329
3525
1818
7203
3438
8042
7459
4193
5364
9022
4941
8686
7264
1270
5912
7456
4003
3756
9604
9467
9564
5512
3755
1727
8551
8535
3042
1963
4691
892
1725
3461
2615
4061
6254
3980
5640
5687
6079
3426
7603
3320
9618
1560
5661
4632
4034
2679
2905
1750
4559
9216
1682
8210
5174
3501
1589
4837
1526
5216
5636
5718
460
3601
5131
2352
2375
6520
5508
8753
9774
4209
2663
7280
825
6763
6226
2772
5701
9012
7168
6522
1790
684
4046
692
1433
84
9544
353
483
574
8520
6353
164
7636
3657
5393
8048
3001
5103
4770
5611
9268
9201
1100
1785
5797
4650
8907
4802
184
319
6281
8710
2215
8507
7663
8490
1830
7996
4396
4507
932
4371
647
8138
3606
434
548
7130
5423
5079
3926
1455
7357
4679
5698
5334
5608
5528
5712
9610
6664
8568
6989
2480
2350
9218
2844
101
1568
2789
903
9292
1757
8068
4645
4397
3871
33
4927
5120
3096
9391
2253
4633
3944
9479
2538
5513
6114
242
2946
1443
7646
5613
7247
9319
781
485
4458
491
6134
9315
4392
1550
4929
6907
2224
6864
3972
9562
6429
9132
6145
6376
1912
5238
3789
5931
8408
6472
1953
6655
2861
3852
6841
8218
6285
3974
4267
1640
8354
2583
9675
9670
8197
1091
1595
2242
5460
9101
2030
8053
4423
6532
9802
5961
2632
4156
4009
1233
9987
7530
6198
2618
5530
211
2578
4866
981
1483
2142
7650
5478
7246
7755
6395
9129
638
1102
179
1778
2847
313
224
477
2280
7451
3617
3160
7323
17
7589
9122
4152
7534
4120
2554
3963
555
9383
1536
9836
8057
2743
8605
4382
6497
9862
289
2565
9010
3520
9021
5534
7470
9639
2555
7353
8443
3900
5498
8614
9429
4419
7615
5144
8951
682
924
1086
7686
3245
6668
897
9762
2228
442
329
2783
6960
5696
1517
7211
718
9418
9750
1845
7936
6870
4984
7586
4116
4500
4957
5140
66
2777
4999
874
5669
7975
9322
4139
4326
9276
8582
7422
4153
7146
6323
482
5035
7950
9141
3874
7874
2508
1974
4959
1429
1206
7813
8511
2407
9547
2876
2098
4805
887
9177
1228
9045
3343
5704
9780
8385
6957
296
7792
2168
5984
8481
4422
6038
7231
4441
3530
4725
6590
1209
2394
5902
9071
8509
833
4648
5214
6239
9455
9176
6392
4282
6021
5244
2667
4099
8548
8176
4335
7176
9077
4562
2961
402
975
8416
6727
1175
9409
7871
1735
3966
9876
5226
5518
5178
8718
6248
6809
3814
2184
4789
8883
4111
9974
5465
230
7659
344
3553
2735
8032
1987
9737
7524
3835
7464
5996
1717
5232
304
8517
7301
3979
259
1235
5300
5716
6652
2334
6244
7508
4616
9752
4965
2054
6971
6438
6103
1302
2452
4228
8351
9801
3882
1077
9735
8768
9823
3917
5221
5921
1580
151
954
3049
175
4097
2023
312
6752
2418
1370
8838
8390
6994
2259
2339
5056
7745
4336
8698
2675
3958
9331
5306
9606
7795
4485
8707
8379
3730
8492
5582
8471
5422
885
4390
1661
2413
4496
1537
7981
6075
5946
3895
4031
5681
2687
1
1954
9860
1047
4619
1252
2888
2264
5791
8877
2283
8345
5908
2032
2151
1997
2096
7040
3176
8190
5350
533
495
8432
8002
4084
6181
4213
1962
6785
2049
6228
3291
566
9360
7840
6442
3547
2007
5815
8684
4971
9329
1314
1679
1748
7282
57
1624
1072
5896
9968
2927
8311
7592
5013
6230
3419
9854
4023
9982
4716
9721
4092
1085
4749
9364
8816
9229
9018
6657
8406
3371
8676
3239
2780
6790
7531
6251
6810
1910
5988
5805
3589
7575
3200
994
9520
6848
7259
1524
6047
9770
3234
2691
690
5004
5484
7098
3349
9491
5626
986
6379
2365
2598
7055
5314
6950
5023
8789
775
2998
9263
1000
7041
1825
7418
7371
9779
758
7880
2872
90
6779
8134
7948
2929
339
3508
5093
4360
4087
3952
6240
1400
7007
4857
2431
2222
920
5477
7279
9663
3442
4642
5211
6403
2831
5693
4310
5229
4242
2798
5112
893
2200
3101
971
9056
9738
5282
8368
6339
3783
221
1698
9147
7011
4820
9137
8982
8767
9104
6768
2469
4997
1041
6414
2545
5409
9055
6311
7724
3646
5153
2414
3448
1286
7245
3441
4783
1673
7148
9898
9953
1139
3498
3760
3313
5389
1496
2123
135
770
5830
1719
6278
9120
5634
9612
8661
243
4155
459
8130
4365
8179
2596
6795
4211
5066
1505
5598
1592
4913
3287
1585
5199
3119
5420
4983
1203
4103
4856
9972
5967
3927
9753
2520
9533
4221
8553
5293
7134
3544
9006
2858
7177
204
9207
4263
5089
7256
9597
4107
7701
5033
1040
3386
815
3559
8257
4810
6691
5205
6231
8193
157
5321
7141
8744
616
6168
4991
453
7814
4670
7116
1214
345
9596
4848
4817
5378
7997
6645
1342
7706
4603
6717
8404
5458
8786
3493
2685
5909
1036
8776
7787
1352
318
5550
5728
3120
1113
7571
619
394
6280
322
5365
8393
4431
5196
8961
1783
6267
8355
6697
6163
2979
1019
8564
8811
5994
1230
1376
7901
6919
4327
6434
5126
1155
3532
9387
1105
7102
4197
8918
9702
5992
2807
7236
8949
9557
1994
2244
8116
1561
4118
2918
6720
5147
2045
2513
1402
492
5557
8153
6832
8211
7819
5772
5476
7233
1151
5750
4515
8620
6772
767
1943
1620
3562
9521
2443
4421
6508
3623
7100
3189
1149
2011
1408
3228
800
3255
3811
3151
6634
9461
8367
6554
733
2052
8105
9370
6034
9
6174
4245
4394
9057
1217
8317
575
4646
2343
1140
675
5397
4229
8035
287
7219
1051
8932
5007
4128
3593
2853
8651
5433
1675
49
8913
1451
8529
8834
2816
3618
6667
6602
3031
1551
291
4447
4191
4945
3272
4055
6750
6525
6506
8089
251
2034
9344
7410
4587
5307
514
9908
1611
2267
5124
1437
5136
8801
5481
6370
4448
4624
5670
4752
4484
876
3770
8770
6020
5781
9219
9466
8599
1547
8441
843
2249
3752
9924
8185
2710
1015
2424
6073
7618
2499
9705
8151
6833
5024
2074
568
6742
1042
5223
3728
9255
7086
4694
2262
2533
8503
8889
4235
9748
1292
1415
4996
6728
40
2172
1888
8933
6247
8041
2678
1812
3695
6422
9103
9443
7317
5619
6654
8900
7846
2542
9412
6942
8266
8402
250
5923
879
9712
2150
6328
980
4949
1609
168
1853
6880
3301
6854
8645
223
3894
75
4355
8522
1802
85
256
108
7711
3453
4970
3965
8550
1049
2610
7541
9804
6319
4174
2271
7725
6587
7868
3941
107
9189
7953
9794
9402
8672
7860
2724
1244
2449
2463
3540
7919
8045
676
9394
6027
3358
139
1651
4385
6461
1772
9290
543
7375
6651
588
4037
6264
2947
2697
627
9931
854
7766
8273
6612
3323
6794
536
7791
6894
2592
2650
4387
2058
169
6051
9625
9061
1241
1453
6868
1754
3807
5937
1596
9184
150
9539
4869
6354
6574
1797
9379
4882
5729
664
3831
8608
428
4164
7044
9217
7482
6104
9694
4762
818
6873
9208
6357
5194
6356
1471
5101
8902
4658
7082
6302
390
8444
45
4742
7334
6096
4571
8555
1659
1563
3713
9081
6061
281
1873
9771
5463
915
5932
865
1080
7956
8413
743
4839
3611
32
217
2611
6687
712
1075
5051
7402
2917
2604
5203
3762
3179
2843
8206
5438
3988
8442
1777
5558
6591
2204
80
6135
4746
8470
7316
8288
1035
4189
7668
5012
973
6312
4666
3517
2849
7977
5977
9556
2753
6162
8388
9415
5753
9747
8525
4806
2719
4727
4826
4969
8978
9296
2788
3217
3522
4414
2354
8954
734
5610
4036
19
5208
9871
2866
8810
4678
414
6970
4109
2731
858
3625
4262
1538
8370
4482
6371
5008
2033
2890
2338
3939
6250
445
5690
6450
2924
9199
7708
7265
5856
5424
93
4452
6292
7151
5225
8499
8627
218
5436
9249
7450
5755
42
6466
6106
1378
2621
7315
1875
9978
1786
4085
6225
2608
4499
8013
9684
1534
7690
6310
5809
6925
5715
4532
620
5852
7404
5742
1323
7854
5002
109
1260
7028
2212
6769
9462
3482
8072
6345
8794
8733
2660
1555
7339
9146
654
2574
7567
140
8272
1002
1862
7452
358
5488
2084
5183
3641
2300
8382
4194
7159
213
8224
346
6621
6024
2131
2492
5604
2845
6539
2285
8824
9624
9901
3
2978
707
6678
1893
1495
6879
593
6236
4781
198
3700
5632
1703
6627
5938
2433
4486
1819
8845
8141
5943
625
7559
3256
1989
7105
9078
5784
3644
5792
6743
5220
9893
8114
6128
6965
4004
4225
5387
89
7332
5073
5865
7009
4296
9302
8738
8249
1619
5019
2047
2344
5749
7419
4682
3330
6446
6597
1414
693
1631
5861
5268
1930
1201
9996
3812
6883
2999
1454
1419
1863
340
448
2784
8246
4000
8892
5366
8515
497
9517
3631
2828
545
273
5168
2340
8987
7349
7621
5930
5956
8872
5581
7877
6266
7979
7426
1591
9749
3341
8314
9727
9087
3326
5667
4345
8495
6435
598
5413
294
991
6692
4851
1501
9193
393
3134
2128
9773
1695
6349
9232
4340
1164
3869
6573
3823
847
7477
1840
8504
1903
7522
1646
6584
9923
4001
6991
5899
5372
302
4661
7056
1282
5587
355
9571
9235
5401
1622
8882
1806
8843
8920
8519
1597
2782
182
8145
2606
2196
2095
2021
3360
7771
1278
3513
193
2708
260
6631
9711
4137
5201
5612
4715
1296
8139
1730
2325
7389
9243
569
7815
9476
6582
4925
1234
1022
5421
9613
7311
7437
1535
7160
466
8689
5799
2194
9267
8591
8028
8038
5510
2321
6784
4090
7828
5025
228
62
2105
7945
4829
1232
4502
8721
8897
2036
1154
8301
9100
5381
7455
9464
552
4792
9361
154
8058
539
5048
7598
5889
6147
9527
2022
4835
5597
4339
5966
2671
4887
1745
3989
4582
3489
1612
9336
9048
6885
6955
1369
9215
8958
1965
3782
2718
7972
4490
70
4688
4659
2144
1284
7596
500
5980
3975
4680
7379
6279
4113
4689
7310
3329
2572
5276
6338
5801
3561
2976
3759
8307
6995
1559
6836
8133
7570
3274
5161
7833
5454
5417
571
4508
9358
440
2994
8604
8585
5823
6196
3268
9700
5075
9843
5042
1877
6531
8458
6944
5929
8613
2442
3026
3446
2835
153
3214
9971
2408
1306
8012
2568
2541
6300
6977
2136
3295
7982
3904
1068
6959
2877
2855
603
8196
6579
8031
5265
4643
2331
6301
3451
7186
2436
6482
1533
4481
6380
1509
1576
902
6818
4578
9952
2773
8656
6322
4466
9332
7393
3368
9939
3167
2010
5891
7330
406
3145
8323
1193
7990
8024
7462
9942
2934
1371
6906
7896
8938
7798
9900
6220
4463
7251
7069
6458
3792
9647
8950
8879
349
4068
3833
8653
8365
7478
4494
7520
5146
5342
8209
1677
6702
2227
1463
342
5758
403
6224
9261
7445
3346
2551
671
4002
3527
3146
5431
7058
8439
3509
4884
4032
7657
9398
2093
5086
3768
7513
1980
4083
1165
9365
5584
8586
1425
7229
917
4618
8723
6895
1708
3890
7968
1793
2637
4921
3071
3117
7784
16
5927
8222
6042
6167
3098
5848
9436
1266
1388
9160
3209
5536
1153
4199
3317
7267
9710
2812
9174
9728
5152
5789
2620
9768
5443
7605
8487
1545
6298
9097
2868
6078
9070
3197
8937
7622
6595
1512
5706
4932
8018
1865
1787
5866
2320
7976
525
4843
3069
7052
6978
9672
4181
3191
3565
9955
9949
7892
1594
7616
3283
2083
3129
183
5305
5883
8029
1804
5725
7095
6762
3111
2883
8312
4842
2628
2063
8873
8325
4979
6611
3959
6132
1119
6317
1973
8895
6296
6949
2356
6540
9456
6732
2769
4293
2657
3659
3899
739
5163
3857
8456
9054
6730
4487
8117
11
2821
4079
2734
3779
4818
9549
9799
1474
7669
7027
4580
553
3777
7917
6426
3265
2153
9028
9970
1838
4705
48
4206
6074
4325
2372
5072
551
9421
5549
9888
9148
1752
881
5354
1442
5768
3552
2874
8347
5130
4453
2706
2
6780
3443
6173
665
5356
7364
336
6941
2809
8192
1337
321
6387
1264
7890
8313
7170
3832
3903
3588
1274
2955
4989
6229
2970
3534
7248
9653
1844
3164
960
3909
9687
9440
446
2395
7033
8735
4889
7078
8182
1716
3036
392
2247
3969
2293
137
5719
2472
7946
4333
9256
8844
6905
2303
1043
6734
8534
509
3188
2170
6958
7949
9284
4634
3954
3829
6884
6055
5974
5952
9171
1808
2787
3292
6388
8350
3169
6940
3450
9926
3867
2535
2156
1934
7734
7207
727
6452
4879
4183
3784
5806
9682
8875
178
1978
3192
5813
7514
161
2037
2822
7932
2601
3662
4469
7521
4444
9220
8019
4492
7635
7397
6568
4349
6271
6542
6571
9428
3002
8394
6937
626
4017
7131
9643
8271
1697
5506
5352
1037
4308
7768
9655
1307
8862
2078
6677
2398
2309
1106
2964
7921
7322
6102
4130
8073
3027
3086
7889
3856
963
5326
1444
8453
7013
6444
5319
145
8298
1215
4690
5556
730
3913
1259
87
6981
3424
6576
6391
7564
7540
4774
8428
6166
2856
9638
1587
3594
5363
6382
5962
8573
6164
4743
6307
9754
7406
1759
8228
6775
592
1917
549
7453
8826
4922
9354
237
5533
9543
3838
2775
8140
596
5819
6010
7262
1543
398
5953
562
297
3243
8818
6624
754
8576
561
9668
2896
6127
4050
1889
6867
7985
3557
5200
9518
5739
1461
995
9848
3505
2607
7276
1858
8113
163
3889
383
2776
7064
8611
1356
8712
8939
5135
9182
8547
5385
3881
8200
4995
8232
2894
3336
3844
8592
451
6935
3691
978
635
9310
2493
2943
3674
7710
6715
6390
7847
2990
668
547
5129
5795
6398
6812
5656
7503
3105
5774
5524
6090
5777
7648
2804
6684
8123
3787
3804
4405
1220
7786
3473
4594
613
9138
3159
3583
2364
9945
2205
255
2971
6575
7458
4890
1722
8234
640
8742
7187
9984
705
1586
3864
7352
4909
1152
8094
985
4306
7032
9151
4756
9629
1216
3037
7042
8964
2825
9475
7308
8944
2864
1949
1751
6033
7737
4816
94
2841
1616
5802
2991
1473
3827
1363
8716
9937
7625
7788
6335
261
8169
3934
7709
5
4600
3660
1472
1915
6122
1321
4166
1944
2612
1892
5202
808
7039
6218
4920
2781
4157
31
8315
274
5747
6116
2003
1194
611
6882
2534
5553
2353
531
391
3860
6451
7781
6647
8536
5117
8423
3085
172
558
1584
3987
7675
9916
5651
2590
2020
9386
6857
2400
2815
9636
3678
1665
5736
3273
2559
4022
8084
4870
102
1159
1617
5149
3392
1577
8587
5948
2329
9856
180
4585
6802
4704
2643
8632
3936
7607
5219
7324
5054
7054
4070
7390
5078
9869
2824
4254
6325
3850
3279
3410
4918
9707
7238
5210
3510
120
6039
1258
3478
7076
4596
2526
6948
6535
2090
3253
5022
9973
2295
8263
1656
8181
1852
8337
4411
8890
377
9506
8972
5036
4968
3786
8667
2757
1926
801
3408
2996
849
8665
8502
6996
4535
1226
1688
1431
6527
7165
9698
9812
9673
4773
2886
7775
2536
4307
9525
1925
8074
4302
884
1923
7384
1503
8338
1762
8831
4292
2665
4202
9581
3293
1479
1781
9814
5496
4383
8331
1835
1293
9776
8497
2771
2013
4351
7502
2966
7270
1714
9598
4464
8450
5871
165
7263
1909
9076
4601
7178
7902
8766
901
4427
1788
9338
7853
5472
4972
8923
7467
9536
9940
7341
9450
6151
5745
8357
2162
1513
3470
5158
6383
254
9454
6909
2673
9902
9205
4676
4668
2206
7843
3177
7446
3938
307
4089
6546
4583
8893
6276
3276
1183
6874
2834
6982
2057
4066
1188
6480
9626
2437
6284
2005
3731
4319
6493
1919
1498
1931
6533
5475
7698
7289
6011
4667
8329
3500
9482
3041
3718
3916
7671
1192
8988
2613
5399
4755
1245
2954
8033
9674
778
8389
3669
8115
717
5985
9210
4943
1312
721
6505
3318
8629
8898
6187
9408
9803
1013
7303
789
5030
6760
7930
3673
2121
5511
2268
9999
6282
5181
486
9530
1405
4834
9011
3715
7834
1715
7692
8485
1601
7673
7816
7179
203
9765
9964
5173
1701
3733
4424
8748
1945
1357
2711
6807
9253
8104
4196
9291
2570
4491
7685
6241
1148
1829
8082
5514
6191
8270
9384
9896
5999
1895
2774
6057
8256
749
4091
7119
3640
3771
1832
6738
8001
2647
2001
5142
5430
1707
6260
5166
7741
8539
1879
3141
4577
595
2456
7184
3275
8007
6447
6695
1856
863
2546
5989
2405
3350
940
2263
3803
8124
983
5933
8574
8366
5959
634
936
202
234
4145
7793
5064
4713
1983
1004
3506
4236
7181
9266
3865
7632
9825
4914
5017
1365
7074
7430
8321
7954
9678
6056
9445
7730
5735
646
2108
4728
9928
9853
5044
3400
7624
4692
6425
4647
189
1163
3180
762
3573
9452
1828
6085
2522
2333
6009
4144
3414
8624
1599
4314
3851
5322
4625
5893
672
467
6197
803
6826
3484
7961
4222
9490
7376
683
3481
7261
8903
2720
5564
2387
5835
5925
8079
7799
5094
8486
2148
1315
7486
4568
5646
2586
8027
3950
7083
4043
3487
8121
7434
8739
4644
2764
6233
9796
8803
1353
8612
8259
2239
314
8671
5846
6454
4896
3996
7870
2756
1834
799
5386
1324
7491
5505
2802
9433
7662
1632
9163
8427
3374
1769
8135
4059
6430
6125
9202
5442
1046
3555
3130
9787
2053
212
5968
8340
7831
4072
4990
681
7300
9844
3401
3067
6903
820
9390
6185
6363
9227
4030
3152
5934
4948
9795
2459
6665
9335
1523
6324
7457
2952
1212
9294
1562
7114
3254
4673
6101
9637
6018
2018
3422
4723
2260
4589
1027
5016
5318
1033
5154
6242
5074
7415
542
5288
6513
6588
3866
6706
5542
96
3210
4609
2558
5468
939
7297
2382
719
617
4905
3841
5906
9917
5218
5692
7511
4627
1082
3612
5132
6308
5663
8815
7026
190
822
6369
9090
5847
1396
1125
8760
9555
3745
6232
5754
6268
7986
9868
7488
9821
2188
6471
8981
1200
1738
4737
5982
866
8905
1145
9239
7613
8231
928
7593
1384
6108
8849
4685
7287
9002
72
7641
1627
5837
1744
478
8010
1104
9614
8975
6565
7676
7703
7695
5814
5235
1803
4581
8924
461
8213
5978
7611
4975
7971
6342
2594
8418
4132
6563
1610
5067
9920
8597
4165
3809
1494
9601
9337
8765
927
4122
6012
777
6424
782
7505
7964
9979
9785
9514
1713
2113
4933
9067
1120
5655
1573
2368
5504
1794
4545
1322
4112
381
2982
9111
5450
1588
2670
4669
3354
9941
5193
8796
8694
2392
8880
8401
4081
4904
4865
9595
2471
7697
8725
1064
2907
61
8724
4801
1914
1548
8829
7738
9679
2027
502
4159
7139
6120
1116
3962
2124
7546
9162
2684
3576
860
6249
3940
7744
7700
4735
4955
2656
8601
6975
3076
1809
4665
5890
6726
4988
1653
2127
7149
456
5918
6406
2232
8187
5963
3572
4275
6059
4313
3365
4075
7206
363
9648
4020
5800
3143
5227
3605
1379
931
2658
688
3918
1081
364
9634
5428
2995
8328
1074
9250
8806
7460
5070
5970
4026
8212
8560
6676
715
7469
6054
317
8668
8619
4934
6093
6272
9158
2624
8673
18
334
8783
4372
8998
2261
4852
8087
3499
2826
1508
6418
7239
8063
3000
7210
3570
2292
1247
8979
9173
7501
2810
3416
4903
2838
7597
4373
6262
5630
6053
5543
8683
7204
3598
6893
2519
6375
2922
5593
8238
1789
9098
6180
6599
2614
2958
4531
7899
8434
7751
5873
382
3363
8526
6484
512
6399
412
6519
1897
5914
4133
3477
8995
3935
118
4204
6050
5572
510
121
2043
852
5798
3992
7157
3418
3708
28
7569
225
9880
4208
8681
8785
2827
1124
9348
7001
9829
5464
3785
9197
2380
3568
38
4875
2217
7910
650
39
9411
7006
4964
2134
4733
7004
8652
6246
2502
9419
8051
8095
6553
7812
2445
7395
7003
2801
2799
3690
1016
9500
1462
8201
7423
6183
2406
8618
961
3556
6545
1878
8606
6483
2936
8383
5730
9307
6295
6543
5280
1975
1158
3433
2860
3212
490
7731
79
1874
6855
8669
3139
4961
325
1492
3656
1364
5053
4389
9554
4404
8473
6671
3801
4426
7183
1344
855
5494
1872
1360
4489
8762
6932
95
5761
7599
979
9523
779
3924
8992
9042
4967
2723
1658
9396
912
4823
2109
2099
814
4054
7957
417
277
8480
4294
8119
488
6777
1780
5098
2026
3523
3168
4573
6209
7212
644
2069
4973
6556
2742
404
5284
1831
8623
8484
9537
677
594
4576
1905
5860
4226
69
1003
1525
5308
2703
3091
6714
5270
6638
1058
2911
7749
6154
3859
9969
851
3131
4804
5539
6401
1382
5236
6808
1613
7067
6653
1089
5448
1450
4768
7927
7665
7474
8092
9000
4931
476
6792
371
9894
8839
6979
2987
8491
8533
1170
3953
6872
7394
8400
7989
6176
2552
3645
8630
188
3716
4358
8251
4761
5411
7403
6448
9152
7391
1896
7407
9270
4772
5762
8538
2871
4121
9904
4510
8111
7584
5015
4005
4845
2409
6945
3015
832
9808
1020
3305
6984
9149
5118
1096
7
6217
9017
4379
1801
7337
8621
658
3504
2733
5081
133
3241
1837
3845
771
6577
988
8060
7705
4652
100
3286
7835
2282
2226
5151
1869
2213
6200
3614
5532
6897
8963
2319
7519
861
5764
4799
3107
3407
2501
3799
9659
9211
7633
1988
7012
5252
8625
5621
1257
7465
8421
5699
2279
1556
7299
4071
3632
2355
3288
5926
337
535
4173
9892
3300
7943
8642
7958
4696
1422
1135
8942
7800
9809
4588
4374
599
2028
8680
9280
316
955
3345
2126
3334
4610
472
8945
2014
3854
5106
3075
6860
8305
9883
8297
7629
1341
2164
1959
3013
3582
9661
6689
6105
2518
8720
1636
4590
8778
1864
4517
8842
6747
3033
6315
4519
9744
639
7320
1332
4073
8908
8867
5887
3604
3284
4963
2790
5274
4142
5882
5251
3919
2298
1141
7362
8580
3440
5697
1776
868
1528
516
6781
6178
942
9730
2318
8451
9528
2714
643
6704
3457
4654
1805
469
4298
9192
1161
5760
9588
5559
3529
5641
550
7939
604
1131
9285
4718
5911
629
8417
8820
9861
9254
5164
7614
3311
6521
9004
2495
3813
3615
9910
8184
3278
4677
1810
8429
6016
4291
4246
1876
8392
3584
7776
5756
9800
3973
5876
9258
8242
2651
8990
9654
4757
8888
1972
5569
7017
3488
4552
8014
4101
4974
3403
4095
7110
3437
9650
7928
8985
8513
7707
9593
8588
6419
3925
5827
6413
2926
9591
9062
2693
2169
2330
7777
3250
7441
9488
7907
9188
5679
8254
848
1395
7201
4227
5346
1039
3551
9783
7684
5769
2811
5357
5489
7340
3796
4554
3828
1279
4369
7037
9236
3747
2000
7864
6951
934
2002
7466
8549
7385
4498
1255
590
8478
8799
3847
772
7290
2627
4526
2576
7213
6439
3997
6115
8103
1590
5702
2050
5380
9198
9726
970
1652
9185
3668
9532
962
3137
5824
9140
2094
7762
3967
8459
2895
4239
2906
521
3727
2794
3271
5159
330
3616
8170
9551
4729
4014
6570
1204
4402
3463
7089
655
2254
5491
5345
3836
1410
4407
4714
5289
7574
9487
2713
573
8440
2600
9287
9502
8069
1093
4639
3564
8728
6081
9135
8575
9134
4611
5894
3912
5247
3790
8634
6983
797
59
1499
9911
7208
6184
522
7143
7760
4822
4750
517
757
8225
2277
1123
1237
5473
5111
3028
3113
7951
8085
2233
6049
1970
1638
407
3090
419
8093
5026
6623
2497
1246
7173
4366
966
997
3361
7601
5191
2494
3008
6701
5341
4747
4342
9820
7969
4832
3222
1057
5427
1310
4131
5788
2701
310
2692
1084
6318
7688
7429
1932
4168
6865
2399
3070
5592
8419
976
7550
3377
6526
1024
4252
9447
7578
7651
5842
9855
4795
6845
3324
9538
2760
1816
4724
9828
9951
7794
2297
537
6409
6405
4992
7018
9751
3175
5995
5969
6510
7092
4867
7169
3769
519
4523
3886
9685
7309
5092
2748
729
5388
2159
9015
5785
9178
2504
5104
6265
1737
283
9343
6275
9244
8876
9323
6088
4825
3581
2800
5327
2916
9019
6022
9432
5250
3384
480
2477
9863
2889
3993
4248
65
5445
8248
753
5863
2104
895
992
110
5143
1933
5709
602
4006
8804
2814
4748
9903
271
1160
6806
8363
7547
8959
9200
4344
2006
2351
8704
8294
1184
2439
3233
7702
4284
5726
348
9107
3876
6688
6485
6367
8284
649
9574
3566
3466
5794
7894
2942
7023
3677
8008
1921
9453
1094
2910
9474
8857
1938
2366
9692
9962
7468
6463
9121
2969
1782
7328
9605
4898
834
6787
4630
4272
9166
5137
4147
8631
3483
1565
1477
9271
9909
6952
2255
9957
8177
3226
6858
2075
3439
8581
4300
9069
6340
9179
2920
131
222
9746
401
6947
2448
2473
3748
7227
9958
4831
7342
1063
9492
2960
9689
4363
7070
1977
6746
5027
4537
5374
3781
2410
2386
3110
7163
6811
4663
7689
8910
9047
2683
8700
1740
2737
7772
5145
2432
8148
4891
3702
7915
5945
587
7987
4976
3911
1791
5285
7117
7869
9204
2642
253
6737
8108
7480
2086
2767
2562
8757
1210
6679
3280
1250
9927
5803
5275
7875
6440
4425
5451
2680
6819
8607
5862
9651
8977
1489
5500
7726
4942
2312
1720
5116
4985
1756
7019
2041
3863
7065
9621
5330
470
3366
3216
4042
5189
454
1011
3536
7823
4940
395
1614
3932
1678
9300
4794
2453
8420
3010
5272
1006
3549
2863
7266
9297
4622
1502
6381
2715
1618
6914
8648
8479
1663
2573
1887
842
3420
9191
426
4548
5609
1413
532
8731
4908
7898
9729
1438
6739
3395
3592
8426
9092
8017
4234
4966
7851
3225
8554
5419
2064
2186
8361
5595
2361
2216
1899
6735
1985
6601
2897
3676
3163
3066
6365
8059
2221
9269
5021
3425
9719
3879
1906
3155
303
7484
6708
4040
6736
9112
2359
2529
9286
9124
6881
1946
6465
1768
4939
1705
6911
6534
5757
6460
7638
9195
4614
7591
3174
8761
4493
3808
9460
9468
2582
8916
6479
2225
1303
1680
3218
7180
9545
783
3648
3824
2785
6675
7916
9083
1435
9529
9760
6063
8552
475
8292
4028
7929
5787
1822
5743
1779
3020
724
751
3072
332
9579
6389
4257
2272
105
4167
9314
1372
7145
5020
6712
7756
9925
2707
4711
8717
3325
4381
2335
4472
785
1660
708
7345
3396
2029
5629
4593
3103
6496
25
2152
3495
2547
306
9897
5590
9822
1884
8518
1071
2133
8049
8983
2466
6580
5037
4420
4916
8244
8798
6786
2079
4745
272
8462
1458
7128
5535
4978
4243
9441
9997
5084
1017
8128
809
9399
9699
2097
6138
9580
1625
3569
5028
2732
4649
4651
1689
1647
8641
8310
7664
3290
5573
7577
9635
264
1955
5329
6877
2024
1811
9561
8781
8391
7652
9548
3778
8825
8861
9274
9110
4681
5102
3826
6964
8914
6385
1531
3064
5060
8088
5605
1951
138
503
3220
5917
8991
5261
6998
9150
3476
2275
9212
7104
6592
4808
9234
3751
7495
6083
1118
8454
6913
5415
5955
691
380
581
64
3931
3116
1635
1055
4504
4231
9289
8125
950
7720
2191
3887
6639
7782
5939
7580
2219
2265
559
7876
3512
7312
4821
7336
1671
830
7492
7189
1231
5432
1103
2511
9318
1399
4488
4620
4950
6862
8081
9985
9109
8
7302
6374
3108
7225
5924
8276
8341
1108
8223
4171
3791
4096
3447
9838
7230
4760
1277
523
3528
4440
4569
1446
769
4364
9355
9857
2870
1005
9858
2203
160
3960
910
6459
6373
9014
4549
2209
5217
4709
2384
714
2009
2959
8322
5507
489
9437
2038
1010
376
315
9403
8407
9431
1298
3706
6350
1316
1637
520
1815
3816
7448
3232
5171
6729
6649
6498
7196
2603
556
232
8202
2165
5766
3398
113
2081
4786
4354
2311
6997
6449
1045
8204
4445
8168
1137
9817
3774
481
3347
1223
5096
7769
7764
3638
1389
7999
4628
2549
4210
1552
2921
5971
5503
7761
6415
6384
4370
3880
7885
5455
8415
3432
4214
3885
6954
7381
1073
9906
2913
2702
8521
9767
4534
8040
3307
5662
9469
1146
8342
2636
3780
6346
78
6368
709
1549
5578
2933
7075
7344
9240
4337
1240
4791
1913
5901
2281
2716
4125
7438
3203
9736
3729
8562
7416
7029
505
269
7020
1053
7147
9369
2940
6237
7494
8546
1198
3658
8253
4220
3314
2891
5591
9115
3262
4322
1582
4744
4937
9009
3628
4461
3689
1645
9915
6025
7479
2521
4796
6476
732
9026
2146
3205
3170
6070
1398
5958
7091
4849
612
2639
7500
2623
2434
9311
699
3207
7908
5080
2808
3465
2178
9203
5262
9602
285
2616
3161
2286
630
2512
2017
5462
9840
71
9154
5155
1964
8657
9980
4283
9766
9830
3142
5607
1796
6524
5298
2071
2403
6606
8853
5333
5720
5850
3362
7436
6140
2383
3224
1704
1820
3340
7837
8565
6751
4024
9810
3681
8966
564
1907
9889
9040
6044
7221
7137
2474
5711
9582
1676
3971
7974
2525
8685
9380
4260
5495
1025
6910
1070
5394
1567
9718
7983
1936
3391
4264
5898
747
5522
9007
7172
7935
236
6068
7882
6549
8993
632
1301
9299
3016
9277
6362
116
56
3104
2563
1728
9155
7978
9761
2557
6822
6355
2900
7398
8318
4813
1464
6924
9983
4015
9811
958
6933
1736
5134
6666
7803
5461
2185
9842
7512
4952
389
4027
2893
231
9023
7757
5069
2462
8205
8598
6928
2274
713
8583
2751
4479
3296
6659
1894
2067
3171
2765
8482
1187
5109
1644
6838
2427
7129
3675
5434
2862
4170
3444
3230
4273
1377
4828
6441
7959
9131
5018
4450
5239
1176
5156
8435
5347
4435
5242
6193
3817
8160
2248
41
2426
7934
4162
1670
2869
7933
919
3875
1669
7841
8050
3991
1702
5614
7640
2944
3945
5694
3397
9013
8195
3619
1300
8163
3135
989
6069
3620
652
662
8009
7518
2080
5786
8006
2468
5700
5577
8609
7677
1190
7171
293
6740
6803
2089
2744
5637
5383
5826
6514
29
6680
3754
5404
943
1169
240
8846
3567
5561
5566
6878
1276
9608
8571
3095
2975
7288
7900
826
3162
3587
2898
5467
4987
8713
5010
9352
6494
5273
9839
9371
6364
8974
6518
1213
2588
6789
1516
2370
2629
2566
3348
5045
8980
6407
8203
9105
8412
4127
3906
6023
3244
8752
3516
5741
411
9279
941
3709
2805
2278
2039
2237
8654
357
6216
7718
4497
952
3910
2276
4994
3711
9660
5635
5759
4288
1966
9798
7483
7306
6705
6710
5832
698
645
5886
773
6875
3636
6972
2803
3316
5913
4244
9866
2738
7909
379
4179
8173
4586
7832
15
5620
4758
4471
3884
4332
4105
6261
4289
5944
2761
5684
5324
7796
7476
4158
3621
7140
6000
1572
5437
4911
6943
9550
8775
5068
3242
5456
1299
7924
4044
1841
2470
8076
6358
9725
1486
8563
2065
5395
9339
2698
3526
8468
2729
2712
3732
117
530
1726
8431
4736
2211
3984
3061
9882
9434
5263
2527
9127
148
8494
367
4653
9691
5783
8422
8696
7678
3497
9899
443
667
6596
4660
4524
1881
4539
3148
9665
5113
4592
6190
1626
4124
3653
5828
8237
3248
9631
3024
1630
4266
4885
5975
6831
2337
9950
7197
7223
6099
9136
8265
8143
3627
3059
4094
8743
2516
8283
2397
8532
2965
7112
600
5452
8112
4536
244
5509
6064
5267
142
6065
4286
6656
7101
8779
8911
1709
9172
6899
8955
4874
9472
614
7174
3045
7392
9509
1766
9652
6793
1167
835
5821
6210
9508
8260
199
2722
7338
268
5157
6974
7228
5209
5689
3858
421
2879
579
7893
610
7063
882
5723
8142
6834
74
2051
1731
7387
786
5657
7752
4958
4528
6066
493
3719
2137
6797
3471
2695
8247
4790
6976
3149
300
9106
4982
5332
2202
4253
839
827
7553
9994
8037
1570
6306
1304
5041
2974
1488
7940
9060
3186
731
2619
5470
4475
6837
7123
4754
4638
8285
8594
8109
6967
99
263
7016
6650
1733
6686
7049
3154
6060
4223
7106
6923
7643
7150
1362
871
2786
4449
2740
9907
4901
4012
4417
3359
1202
4058
7716
1729
8384
4077
1520
4858
201
7583
5600
9439
5439
7785
831
6541
4868
656
7666
9046
9615
4438
4575
7030
7727
8324
1208
8146
4833
3289
9696
7822
8065
7897
3956
1948
3468
9778
4684
3710
9027
8220
6559
7292
6314
5059
2791
9005
660
4570
2617
4025
6158
3943
5471
5457
8149
5960
6828
3012
8922
5834
7558
4007
450
7274
9777
4602
6313
5502
6674
7631
9833
4331
5869
8771
8025
3607
7912
894
7594
8217
9237
9190
1305
7758
3820
2177
6143
8531
8666
2328
2766
7845
9666
7952
166
4981
6188
474
5482
4057
8023
694
5362
3193
7533
5003
170
76
9334
4824
5686
9686
890
6566
114
282
1172
4456
6082
295
6305
1239
6798
1320
5375
2182
6536
6470
3304
3837
7286
4136
2425
3610
5544
999
2903
9252
9846
5303
1770
8278
9145
4093
6963
589
8161
194
5844
6917
7314
5881
7271
6150
3357
577
5666
9442
7543
4361
7856
4598
4956
9849
6555
3352
1554
4530
3445
7849
4074
6119
2266
3321
9929
7562
5253
1441
1947
8670
5177
8289
9859
229
6900
6327
9493
7142
4160
7053
9590
409
2258
2441
4785
9553
6499
9095
3810
1416
3923
4297
9213
129
3749
9393
9640
6006
3238
1867
8896
7637
284
6113
9617
2550
5531
4019
7538
2704
7585
9389
2486
4321
6718
9356
5746
4863
4185
5485
5551
3761
9695
8411
3043
3388
7331
3173
3074
9175
8098
7827
9395
9444
4241
9628
8152
7224
6685
3181
9961
1050
8172
5139
3928
6146
9265
6572
7783
9088
1623
4597
4566
8372
824
3114
4216
6511
2595
8912
8221
2622
9669
6517
6052
862
4722
4693
1992
6500
9851
2396
7667
9865
1605
3930
3665
3741
1076
4800
7127
628
3672
5367
4467
9003
7242
7826
7590
5122
6613
7778
4944
6062
368
1807
9756
8891
7298
990
7347
4687
977
8628
5469
3985
1866
4503
5237
9976
1028
167
3054
5040
2190
9824
1373
9703
5884
5429
3830
9775
9196
951
7617
7510
3955
4279
8302
7021
7015
7369
6206
2004
504
2963
3853
2972
6670
9565
1692
9599
8369
4437
8083
9594
22
8380
794
1449
2793
8290
6423
1666
816
1935
6467
1185
795
6004
3369
6999
5520
759
5724
8566
8436
2730
5682
7842
6294
8847
2072
3380
2369
9890
3714
9512
8308
7960
2174
5240
9586
2659
4811
2302
6986
7194
9656
7639
9407
220
4473
3683
2025
8258
3599
484
9792
7918
1366
1527
5676
280
4626
5575
10
8523
9781
7527
7838
974
4853
3372
5206
4797
1319
5516
8817
507
7867
6428
7202
4877
3647
2478
6930
8215
2491
4838
24
9374
2218
4777
6723
8664
262
2061
8561
837
1434
8378
4731
5167
3342
6993
701
4946
7257
5717
5127
4052
7427
2103
8078
7335
6887
2556
1465
8633
8000
1168
1409
8819
8687
6741
6159
2423
6269
8870
7365
9977
4516
889
9489
214
1557
449
7619
913
7085
4271
1099
1261
3332
9164
4726
5892
4053
8999
5195
8371
3543
305
8070
1986
7254
4240
5644
9016
1177
5184
2091
9288
6908
6109
3183
427
7496
8813
8334
4393
6131
6037
8780
8165
3337
7372
3740
9546
908
8299
9187
6303
5624
5233
6211
6213
674
3624
7088
2234
5617
1249
4082
3905
8309
1281
5954
606
3666
6904
7216
5162
7388
6830
7255
4098
8100
2270
7220
6361
7313
3737
607
4038
5337
8777
9886
9125
5190
8800
1824
385
560
9251
1574
9345
2012
4356
7038
9622
8122
8674
2857
8823
4910
7886
2290
3558
7887
2792
3521
8164
4182
7268
5292
2515
7797
6515
8658
2540
8262
2246
9577
1273
567
5652
6475
6544
5580
6107
1739
144
933
1142
1383
216
9873
6635
4894
5260
9578
1478
4759
2019
7801
4980
6507
9589
8917
4150
867
6219
2652
3206
886
6427
3538
6041
4269
7830
6938
1021
9430
805
9123
1368
7545
1598
5571
7057
2085
6019
2648
4324
6040
7490
5647
7942
9272
6866
5738
9933
5674
3579
8155
4683
6477
8864
9959
7368
1990
7408
3007
195
8194
8026
8075
3270
9459
5050
7658
2567
1098
3266
1920
8929
4350
4764
5904
8465
3328
2305
3472
7250
2750
2287
5733
7529
8833
5204
3194
8295
7425
4675
7024
5568
8711
6916
1079
586
6569
6417
2755
8976
5705
174
9535
4579
3622
155
6084
3848
2342
1109
5425
496
8447
2008
8381
5895
6713
2682
3132
648
9755
1253
9934
4495
3705
5811
397
9024
7722
2846
7497
696
9089
9879
9116
5915
697
6030
2294
7412
352
7325
2208
2308
7115
3039
5546
906
3704
9922
8386
5993
6646
8792
8646
1251
8175
1129
6968
9282
6722
8732
3511
7881
972
4840
4033
9541
1238
5740
5222
1256
125
9484
9954
8159
9373
123
5271
669
5246
5412
1564
5416
5215
351
6699
6255
6851
8791
2322
2686
7548
8852
1023
4406
793
554
810
6985
1901
6962
8589
5940
112
2465
8516
5213
2192
2176
9607
6408
3121
439
9167
7873
5820
6092
4509
4064
5525
1540
3507
3518
9342
4782
1491
2597
2797
2741
2537
5721
2107
8397
4527
2496
6696
2301
8500
2523
4513
953
9324
4518
4640
6856
361
2909
1711
7804
8154
9473
8859
6462
7549
5182
8544
1196
5796
6698
3115
7244
6133
3376
7164
7293
7992
4395
4807
210
4100
2509
9414
8395
2649
4047
930
8931
374
3717
6028
3688
5951
8989
7740
6961
5519
5490
4788
4347
872
4897
8919
9325
6791
1205
4251
792
5576
4418
9806
8280
750
7878
7432
4410
7528
5870
266
2374
7471
2241
441
6516
4069
791
7645
8409
4883
9657
5014
8901
3524
3575
7970
6530
1056
6227
2310
1924
9658
8660
2585
1721
3964
8399
