8129
8962
9974
4957
5945
6361
9507
8723
5961
2357
8488
2069
1841
1321
5292
1107
508
9656
8661
3440
8651
7524
1901
5720
5435
4304
107
5903
6378
8115
3974
6443
4222
281
3187
1678
43
836
949
4724
8186
4630
916
3976
7602
9628
863
2702
2451
6477
35
9387
1554
3931
3280
526
1785
9325
4540
6764
8435
6334
6922
391
3553
1516
9834
6561
5984
8430
7992
9099
5352
5549
56
7933
2801
4795
7375
1425
8293
5375
3086
5368
9276
2967
4467
5173
3601
2715
5835
5631
4496
3006
3925
879
8746
2818
5564
605
1954
7510
8091
2514
365
3047
6560
2251
1137
651
4623
5793
8181
2927
6295
249
8979
8881
9756
6568
9295
9573
9846
3033
754
2263
6267
9601
9672
1323
7605
4202
7433
3466
3456
4935
9238
552
8828
9989
8275
2125
8734
9855
5290
8671
1146
452
4133
5287
8913
434
7482
5085
7799
6707
5680
2525
1161
157
6150
3984
4005
7978
6962
9318
399
7865
5983
1981
117
7032
2277
6141
5859
4412
4476
8349
1795
8518
1490
7760
2096
1022
4303
1548
5250
3699
9472
2209
2306
6257
5854
443
5646
4235
9432
8931
5718
6244
4790
1587
2636
6666
2730
6054
4978
2621
6196
3511
3063
9963
5614
8559
8089
2777
4292
9584
5673
1935
4339
9062
329
8415
4366
1855
2387
9222
8949
1974
6090
3840
7436
88
1549
5360
2223
4264
7749
3593
1711
6243
4578
1730
6429
7820
2628
9424
9692
2751
2343
2197
4799
1335
6395
2529
4778
5611
8225
776
842
9701
6398
4252
7429
3253
8371
5302
3467
29
3707
8629
8068
5963
2677
5657
9907
6917
6425
5562
1758
2999
6063
1506
5624
8986
7330
2613
5132
6077
4390
3827
9493
1454
1072
2707
3411
446
4533
7704
9799
2137
6396
1767
7446
7148
3275
1371
9528
9071
3997
6044
7170
6145
6744
8014
3021
8869
9931
8468
9505
4753
6780
8423
8927
5768
2921
2956
6234
9684
1052
8686
9870
9345
3489
4529
202
2760
8315
7804
4333
9382
3527
3428
4158
607
4779
6171
9640
2475
7473
4852
497
8909
7297
3924
7543
5949
3596
643
4559
6420
1477
8383
3485
3427
6251
5502
9670
5485
6520
280
4845
6427
2682
3252
6547
602
2979
3251
4047
8062
8667
5216
1375
5488
8819
8653
3064
7458
9953
3896
6768
163
1626
9647
3350
2470
1352
6179
2214
9776
4652
8105
1362
1573
5675
386
559
1265
6812
7571
6186
1220
3953
3347
6016
5916
2075
4745
8905
5920
3756
5148
2342
8842
849
7471
3248
6637
4741
1104
7332
4659
5686
8764
2722
9336
5495
705
884
5870
7840
5178
676
8608
1921
1391
6073
4065
9101
6339
3880
3255
6626
1381
5261
4740
5342
9240
4752
7735
8478
2648
8456
9912
3802
4962
3933
2692
5478
3301
1798
3018
7179
5888
8532
6921
4934
9447
8620
5959
4884
4298
4606
9633
7443
1695
7278
2869
5464
5266
4249
219
8366
2984
6235
1017
4006
9925
4833
5170
8898
1782
3328
1631
3642
1051
4248
5403
4691
1970
5118
9205
8846
5483
678
1952
8889
2633
8861
9767
9499
1580
9227
9117
3020
1499
4451
9515
886
5447
9308
9002
9063
6990
7857
2427
3627
3188
8548
5398
5864
363
959
6551
8215
9600
441
2025
8428
9747
3617
4940
6174
8270
7461
432
1213
5069
4929
8235
1001
8552
9076
7814
5707
4114
5259
3491
8103
174
5704
6646
545
5217
6928
905
2264
1635
550
2114
4165
4269
9995
4151
5399
7837
6126
8736
3536
7137
7998
3080
2732
7373
4381
5092
7754
7310
9012
4169
1597
3921
2085
9720
1364
1207
4056
7740
7866
1453
1463
4089
6436
9121
8266
8705
3192
4026
4072
7426
300
3500
1497
5643
1191
9653
1151
2497
4488
3482
1309
2429
8917
1574
8684
8874
6071
5353
8113
4853
2660
1891
1416
7393
5571
6796
4885
6107
6705
7679
5729
162
7561
1681
7496
5392
4693
2584
5995
8498
4139
3486
229
5821
7976
4418
3205
7345
5772
3388
8525
4289
5195
9342
6135
2198
3672
7294
5791
8567
7855
6834
1874
1701
8016
4206
7266
7221
3890
8037
6119
4174
3239
728
1210
8305
2783
8507
1247
9667
9019
3638
9129
5351
5741
5688
92
222
429
5387
9860
8049
5243
9231
3272
1447
5286
3524
3115
9549
592
1358
4482
2184
3149
7620
1241
6239
3194
2095
7054
2564
415
7255
815
8125
1501
3686
9616
4699
6169
3184
3015
4646
4087
1461
3540
4768
6433
6937
3465
7851
8598
2359
3493
5253
2440
5565
7081
2704
8396
7938
1112
5860
228
8749
93
4982
9891
6412
6450
138
821
5775
5706
2756
9707
8408
2735
2993
5980
4468
4939
7334
2986
4992
6915
4538
8199
5032
4099
8848
3062
1462
2331
7259
1149
2713
5333
1879
965
6212
7273
3950
387
727
9941
126
7159
5415
4850
8272
9124
8156
5785
7607
560
4558
8002
7071
8606
5437
6930
2453
8395
4822
8957
5443
2912
1119
3406
8806
8537
5609
9167
3510
5114
5395
2725
4771
7033
8453
6647
7276
6458
4765
7997
1844
4419
724
6502
2181
2445
3140
2915
4057
4058
3599
418
9343
9477
2250
5617
3433
7909
6242
3892
5091
9649
1929
1544
9315
1903
1148
5836
2473
8644
8706
7484
5618
9659
3943
652
7403
9862
7092
2464
2320
3677
7463
2236
6188
7107
6409
2111
5131
4601
7391
3203
4882
5567
4338
1253
2787
2958
7084
343
6804
2052
2339
1679
5691
9847
5001
3554
3905
7228
4351
8258
2961
4188
4739
8134
8117
5579
8640
6740
7928
4256
7009
4719
6123
1058
846
794
2432
5090
303
4458
889
3478
309
7876
3727
9327
4797
6060
608
5554
5281
2545
7873
759
2477
4711
874
9028
1086
4197
9752
7385
8057
9081
7961
2874
1732
9011
1206
667
1437
1326
2573
4921
8813
3583
6583
9514
2143
630
8361
7456
8582
503
4999
5489
8570
6201
7747
712
7918
8191
5068
2018
8418
9375
1019
9418
1293
9119
1134
6335
333
9208
5811
831
988
2219
4436
9204
5543
6266
2322
979
999
439
5049
9876
1666
9731
7833
7808
1142
6839
9288
2622
5625
193
1662
670
3113
5669
6832
3887
7149
6515
8959
8298
320
1660
6643
7347
6961
0
695
4794
6360
4052
7491
2352
5061
2918
9959
9543
3922
5738
9596
9398
7113
5057
7406
9578
297
1543
1897
9676
7394
7150
316
3414
4843
4507
6075
5610
2888
463
2367
2293
3197
6504
2626
587
1353
1748
6042
8708
5765
9249
8544
3221
1502
2321
5326
5271
717
5151
3397
444
1566
4809
285
684
2179
7322
5902
119
2612
3051
7152
4302
4788
9749
7638
2145
1229
1778
1760
1261
7990
4825
5815
4227
22
7696
9869
9430
888
2933
8702
4362
986
502
5838
6374
6279
3316
8406
9403
7988
3531
5839
1009
1562
6953
4990
4013
4422
392
9025
9207
3389
9664
4391
6388
9500
9287
1414
6486
2740
3016
8348
7268
964
557
398
9481
6905
3442
6014
2185
7560
6899
6751
7275
4031
9812
7246
1675
2937
2563
4243
7410
1411
600
7444
1283
353
437
8313
5894
5583
7853
7114
783
3662
284
7095
4643
3711
6995
640
1479
9139
6686
9943
7414
908
9906
5582
5790
1720
805
3230
3805
6168
7578
6681
8321
4841
4675
9079
9552
2838
6143
8845
2695
6663
9785
2664
504
9458
6431
814
2463
6971
6369
8631
6158
307
5871
4066
7098
347
3206
5522
2517
8251
2332
7093
180
1763
2665
1057
2439
5157
2494
7075
961
2705
1451
1586
7585
2808
6205
6190
5143
7494
4504
2924
5668
2809
4137
9644
3713
8899
5285
3635
5024
4619
6086
8211
7753
5531
937
6159
1942
384
8616
2422
1600
57
9201
166
5147
7872
4574
6227
6590
1967
5739
3646
9574
990
5828
8257
5819
9708
3286
4694
8200
8517
6713
9896
9635
8728
1770
3204
9177
7220
5494
5708
4232
1673
7769
8987
5177
3605
6380
518
5970
3675
3341
1918
4919
7371
1839
2910
7971
4625
4585
9151
5332
9038
6121
7622
8449
798
9839
8731
73
276
9874
859
7047
938
4621
8208
9301
4187
5505
7174
6565
8404
4901
4265
9436
4312
5719
6164
6503
7568
5877
6591
1360
2650
5354
8563
7464
6451
7378
448
5540
1692
3779
6612
1784
9310
4357
6215
8178
7422
8213
6490
6231
1246
733
6842
2583
5950
9503
8262
5717
2115
2907
2202
1037
6518
3824
8796
4777
1783
1642
4914
8052
3455
2765
4071
5656
6761
1324
9534
7465
3989
5769
5508
4078
2598
1640
2578
853
8172
9972
4290
3304
4499
8183
6467
2847
8157
3961
4698
6802
7388
5432
4591
6698
9585
4979
2220
857
3343
6732
3488
5022
8668
460
3223
5056
9373
5322
214
4210
5370
3572
3452
7739
6403
2880
6800
790
4386
5355
9052
3998
8344
5851
6731
8378
1209
4242
7535
8531
3915
3697
9153
8353
3394
3391
2368
8484
4179
4048
4987
2056
1249
1486
3319
7369
9168
3390
3732
6553
7011
2006
4946
9740
2030
6379
3437
9564
1128
9504
4687
1432
8977
6755
5555
7088
493
3930
5030
4725
9650
8831
1595
6903
5879
709
5106
3167
3017
4862
3908
7282
8812
9250
5504
3911
9673
1144
9048
8497
1498
1959
8882
4347
7742
4125
8143
920
2566
9160
1995
6765
7181
7037
8858
8902
5722
8139
3078
6683
7963
7848
3846
4560
3024
1120
883
6088
6948
5630
7663
3941
8551
2416
2813
7655
6160
2893
4648
1268
7889
4481
8365
1747
41
1849
3794
7776
4954
1039
7415
6854
9786
2807
396
6988
7167
9440
6888
6749
75
2604
3551
8039
3212
234
9920
6040
1896
3832
9602
3754
6162
4466
206
2864
5236
1466
9029
2280
7089
6611
7915
9923
5636
8519
6783
6576
1313
2579
4225
7964
3284
9053
9917
2775
838
6718
4426
1706
6367
2337
5751
1140
9654
1183
2653
1668
7556
941
8056
6261
925
1984
6629
4874
2089
9018
8277
1569
2105
8788
1420
4500
6068
8900
1116
5300
1633
6739
3083
4976
5552
428
8150
3224
762
8701
5991
210
8832
9316
3382
3501
6858
8912
7057
8719
223
6620
5528
8714
9206
9809
3325
7637
1487
1291
5027
4263
6336
5083
8130
8748
9671
9233
8207
379
2061
4193
9069
2180
6708
3521
9675
1005
4281
5462
6173
6216
337
6180
6475
5426
3324
4108
5279
5460
48
5805
2884
593
3247
9826
6161
2802
8526
1508
5218
5608
3175
3507
3156
4272
8798
2017
5038
6951
6355
4170
2194
675
7010
456
8485
5852
7929
8307
5343
6689
2295
4562
8433
2526
4141
9541
8146
4095
4195
3469
8237
8955
8585
7551
9239
7969
2683
7738
5359
2870
860
687
1238
2021
457
3234
6835
5728
9040
3874
155
9604
4735
490
2966
8026
3841
8112
6972
4997
5456
3120
176
5849
8740
556
2556
3542
7646
4824
77
2668
2876
519
7991
3768
2720
3092
3093
1663
6226
3
7359
9735
9479
125
9831
9918
4180
6758
6519
2510
8071
6574
8231
4900
4516
3161
4947
6434
7006
5598
445
3844
4081
419
4237
1270
420
5017
6887
3181
6555
1307
5044
1788
6308
5282
2133
657
3845
6773
3243
4077
2045
7818
1341
9188
1525
5777
9622
4159
7281
9347
6883
8084
8012
4041
1827
7001
752
7023
6172
3340
4064
882
5892
1181
1604
2007
6432
685
946
758
2959
7745
6779
2685
2541
6932
9489
3956
7914
2002
8088
5685
1933
2230
1129
8824
5255
4385
9561
3724
6965
7693
9082
3068
5511
7172
1188
6352
1787
8391
8032
2804
3755
3620
8259
6587
4379
4073
9275
4250
5119
6847
2858
589
2190
850
7274
4839
9738
8619
2490
2160
3891
2747
6816
331
830
907
958
6002
9734
1676
5386
7698
2820
7402
4733
626
7100
5059
2547
1500
2476
6311
124
3600
3162
8599
8829
7187
865
729
5557
3364
4600
2871
6975
3147
5192
3258
1622
6358
7705
3594
2309
2191
5176
1222
4744
8639
2551
1871
6224
3323
8216
7518
6438
6548
7399
533
5238
5671
746
6397
8699
9312
6625
7587
2601
4831
5249
6229
2574
9765
7122
4729
2178
6595
2872
7498
7117
6089
4433
9083
1319
9123
6505
6383
756
2495
1074
2051
7272
7407
4109
1455
522
4734
312
8443
5382
6935
8692
2654
9714
6929
8741
6546
6120
9385
3371
1737
8641
757
3318
9155
2700
3529
3279
3975
147
409
5320
2034
5733
2261
7942
5136
4727
1727
1200
7758
8304
4537
3244
261
5186
5348
6096
7439
9727
5064
2932
4300
2297
6250
4677
3981
59
8677
9781
2489
8175
2255
4257
6232
2687
2768
5374
4893
7277
7015
7980
8695
156
3157
4404
4812
802
2822
1757
6848
6097
1295
5197
1205
7230
9365
5270
8724
5712
8549
9111
9434
7744
9026
7055
1123
1542
6776
6868
3110
1792
8325
9183
919
1715
8281
8110
8393
9982
2459
6371
671
8147
6709
9745
8954
6692
1646
5260
9260
3104
1174
835
5997
3497
5335
6521
3985
8398
3513
7953
935
4156
9878
4813
9835
3934
115
7627
4866
7891
3528
1634
8080
8085
161
9940
9546
5551
3441
6015
8630
5466
3492
3657
9305
1848
3660
5909
1242
5517
8999
8295
7653
6714
4403
278
7376
4490
6191
4074
3537
9014
4501
440
9936
1682
7363
660
6720
3473
5082
955
6706
4144
6293
6960
5167
2412
4810
4220
4007
6803
9130
3715
956
7564
5012
1394
6993
6446
7656
1224
194
4221
1493
8652
3883
3663
4155
2797
7026
774
12
254
2637
9620
1803
5786
8467
9937
6011
6617
8867
2562
2366
4353
5574
1536
9827
9873
9483
1723
7958
1886
9766
7823
7896
9389
8722
4848
8934
3077
6140
951
6287
2987
5350
8773
4953
319
9699
9033
8001
9636
8294
5303
6799
9291
7421
5179
2014
5231
7236
4904
2767
2521
5541
2074
2630
2068
2109
8218
7226
3964
6253
686
1671
5714
8023
1558
8240
9527
6437
3688
960
4670
6727
2902
6492
3936
3487
450
7531
8274
7208
5122
1836
2411
5665
7687
8797
2375
3490
2253
140
4118
597
2099
6750
6218
4782
4581
6748
8152
6116
4171
819
8759
1410
9381
891
5928
9280
906
142
5773
3185
6307
7567
5138
9146
9887
2543
1103
5264
5677
2354
2534
5248
1659
2595
738
2129
6817
9197
2635
6605
748
666
4157
4653
1860
5199
872
4219
7548
2123
3131
3127
2150
3413
4569
6459
3898
8420
34
7186
7341
462
8946
8338
5419
6220
5011
5698
1354
9607
2381
1026
4409
9226
7879
2348
6152
8688
9820
6964
6943
7557
6771
1963
8099
2305
1106
6136
5336
1288
2009
2972
4918
4631
4855
1719
7520
9934
6619
3848
6844
2892
3813
1024
3368
1993
6480
3429
6147
5009
7717
2067
9165
558
9563
2104
5209
740
5433
1567
5653
7589
3354
3828
3034
3153
8772
5873
2923
3735
8260
2577
7368
8359
2901
5863
3980
1092
9914
6635
7623
8795
2148
655
5181
2537
5981
5996
5257
170
3363
6910
9691
7752
6741
1377
903
6829
8397
9237
9901
2112
4572
6491
5589
7133
8871
8524
7210
840
7948
7652
2323
3722
1068
9456
3720
7293
4004
8529
8367
7336
8492
251
6998
9113
8515
3626
4873
8140
720
2835
3712
8675
9394
4958
5700
9407
9881
2681
8614
2769
9942
2287
3555
1415
6137
6414
5530
2289
2384
9228
1975
9443
4830
1746
3681
1290
5424
6233
9274
3843
9216
4793
9302
1820
3763
5538
2221
8592
861
1687
8919
6130
851
9395
2128
5867
1390
1520
824
305
2863
8527
5715
8236
4355
9526
5806
8577
7973
826
5289
5357
618
6375
1900
3643
9702
8520
825
6442
263
8220
8868
1046
169
4402
7922
8076
9938
5075
7959
9420
5347
6648
3753
6897
2520
6792
9337
8380
26
4016
1395
8176
5312
252
3288
5123
3056
1272
8297
7886
9558
7121
9292
2512
7112
5251
8451
9044
7223
9859
7062
6342
4363
2326
7906
143
1056
7141
4964
60
369
2759
855
2335
1733
1302
8935
656
8584
3468
1830
3360
2247
8904
6737
1833
192
3578
7178
5774
604
1442
6543
4166
1726
1231
7816
3264
9402
525
6332
7468
6049
8336
5002
227
9797
96
1840
2721
6511
5035
218
4615
6516
8729
7565
1163
2994
4176
449
1370
372
3430
4145
7732
771
9017
9304
3003
6053
9166
6954
2755
6865
3694
89
4683
9072
4861
9773
9127
5901
5545
2498
9555
3582
79
3856
523
3233
7689
7540
8743
1426
5174
3822
901
7574
2854
2379
4275
1365
6072
4503
6034
7008
5156
5436
3691
2259
3962
9623
5150
7899
5510
8961
1263
4519
1189
5537
6807
3631
1521
4130
9930
2849
5827
8669
4715
6529
5321
4370
4577
5978
2723
1672
3222
9409
3769
3044
1474
2319
8161
993
5385
9194
6690
765
2008
9252
7729
3882
3506
7539
653
6861
7949
3628
4821
1351
6453
2513
9905
7597
8376
5015
9565
9594
2580
2508
3978
9548
1417
2948
8474
4903
3126
2315
1938
1337
3714
9680
9104
5441
7805
2082
3268
9648
6052
561
322
5713
8636
2154
6828
173
9605
4230
6092
823
9066
586
4207
9842
4995
5397
8546
7025
1606
3138
5932
9279
4592
4937
8250
7530
6633
8242
8910
127
5869
3504
9453
615
9991
7525
7546
7419
1960
9108
7935
5725
524
6187
1680
2678
3748
6508
2819
6875
2806
3970
9266
2091
7986
4346
7611
649
4785
3512
7155
4758
3007
2501
6653
3165
8331
5467
5263
650
4766
9406
8253
2378
5051
7794
6986
7238
4255
1267
9414
1273
7686
4020
5005
7756
1625
7325
5842
1306
7519
7863
68
1881
7766
1077
9651
1655
7357
9643
7125
2764
6297
7096
1592
1996
8571
4658
9821
9290
8373
1218
8656
2975
6017
3968
2187
2711
953
3029
5023
7306
2971
6469
1823
8375
4024
8238
6094
1105
4421
1864
2555
6275
3703
5088
6906
8717
6615
5339
4895
6101
6223
7925
2083
1021
6372
1089
1805
7874
2978
6489
2175
3270
6856
467
3451
2140
2171
661
152
7194
3145
3857
1690
1173
413
5586
8554
9529
298
8901
3061
3396
1108
3380
4023
4266
6882
5200
4624
5921
5240
4667
4673
8377
5788
2742
7130
4331
4742
510
7397
7661
8454
323
7430
7324
3191
2385
7201
6580
6473
8516
6113
9575
6645
555
55
3867
23
390
1298
9996
4411
4260
8412
2862
9437
2093
5936
4450
2066
3310
744
7317
5960
3849
8339
5344
2662
4555
4764
6701
9814
579
1812
7064
743
5461
1236
2965
7262
9232
3747
2391
2452
200
13
5597
7903
2771
6304
629
922
8733
368
5638
6203
8944
2627
1551
3684
1936
4515
8081
3929
3356
3837
8921
1912
6206
4445
7867
1297
8153
9857
6452
4878
2238
1449
8587
2790
4656
7604
5794
3254
5225
9107
8249
468
2395
2401
4380
3761
7907
1233
5164
4254
588
4988
7827
5922
4027
9425
5076
3652
8664
1768
4100
2347
3094
367
4103
6589
9137
2575
6523
3986
3878
4
8509
1889
885
5482
9872
3776
2131
6813
6056
6723
7504
3461
4950
6517
9142
2703
2934
2004
455
2388
7337
1639
933
5789
9380
5405
5792
2878
1314
2232
3702
385
9254
2784
3903
3618
5020
5576
8859
9143
707
7846
1196
2046
3505
7934
5472
1300
7547
8192
633
306
5047
8180
71
3503
6019
6033
2426
1806
2935
7374
5095
2540
2865
1538
3797
6738
2063
6798
761
3550
1368
67
7506
5662
1880
6628
7500
1872
302
1180
5935
8046
9263
2593
4258
1404
9459
344
4273
5587
8050
1607
3443
2
7442
8137
2867
6221
3236
4689
9338
9300
6303
6114
4818
4563
7147
9782
9703
6353
6533
567
591
1591
1761
2064
2963
3798
2460
3745
6018
9531
3654
5523
7940
6000
9005
6214
8506
4487
5394
5367
9718
2405
4806
2821
4469
9609
7251
4435
1637
7441
9678
6006
7072
2173
8439
6298
8964
535
5137
899
7154
4183
9502
3271
3496
2749
681
4085
2421
8978
1063
6309
9933
623
2467
7249
7694
8642
6359
5113
8754
2121
7319
9863
9258
9253
3757
3547
9334
2303
197
5237
8185
7667
8419
8031
7175
4274
3053
9658
7231
3871
7708
8169
7554
755
4149
9886
2757
4308
9283
2811
4956
6408
6080
2605
7481
1040
389
3902
8625
6791
8009
2990
9688
6449
6697
7984
1858
5319
3076
2828
1594
4770
2340
39
5450
5013
7312
9652
7615
3589
5762
6670
9498
1482
7073
7670
3839
2823
8541
8757
1269
8960
5724
868
1361
9706
5897
3610
4871
7507
6603
9317
4816
4297
6392
3022
5407
7056
8875
5233
4923
6786
8674
2639
8459
928
4827
1132
2278
7298
2442
9184
6284
6973
3561
4397
3969
2172
6184
4973
3836
4361
6499
7644
6876
2403
1359
8790
8424
7061
9629
1712
5458
4486
4888
3614
6177
6128
6968
1943
7784
9281
487
9590
8735
2964
816
563
9569
9433
6404
7431
7985
21
6851
9867
977
5498
6217
1915
2836
1780
2782
185
1925
2364
4059
6668
1876
3919
9902
3386
5584
834
4649
3545
2754
9638
9817
7162
5886
4977
7039
272
8744
1689
4128
9566
4343
5310
583
2616
4891
1476
5593
2560
6838
1357
5591
8123
3090
896
7044
975
9067
8762
9056
9471
6283
7348
878
9125
1853
3766
1035
3895
5737
488
5944
189
9270
5140
4143
8300
6819
731
7662
3087
691
6081
4036
6939
708
9257
4463
813
1250
2216
2438
7834
8730
3400
1964
3696
6774
3189
9532
796
3146
3125
7129
4826
5080
1650
6454
1481
3351
9683
2944
5660
2474
8217
1184
4192
980
6857
699
4546
4399
5798
858
773
6549
6028
2590
7774
2072
3375
5190
1628
9285
5414
7387
887
98
6632
8167
8055
5749
32
2860
8196
6066
8179
8384
1958
6513
2614
9583
6300
4713
1322
1396
9170
7965
8314
7558
6544
6867
8399
2597
6070
6945
5855
6290
609
9871
112
3028
713
3803
1647
4945
2142
3597
9399
4344
2392
8975
6029
7353
2001
3917
2925
7813
9523
2211
7041
991
4328
7452
5621
5975
2698
8715
2058
5479
9739
5681
1888
2100
1281
854
4931
4748
3598
4721
8893
2373
9429
7459
3864
3089
8078
909
9032
477
9790
8711
1852
2227
2531
311
2116
2786
4001
2897
9743
995
9004
1519
7725
6487
3516
514
9289
8501
4948
2102
3658
8776
6734
6566
5048
5687
1854
5942
1956
5439
9663
6989
8815
2922
6013
7658
5418
362
9592
7630
9021
6674
5417
9965
2657
9513
2210
2488
6534
8195
3472
1079
7809
47
3099
4570
4447
7613
7292
9554
9966
2544
4867
1930
3335
7505
3637
4657
970
7509
6129
3519
9627
3299
123
7021
1762
7232
5814
7145
1741
6391
3608
178
7381
3132
7817
9634
6313
1920
5858
3782
3290
5120
4660
1973
6079
5954
6001
2360
3588
2701
9586
9047
3049
9035
9080
5171
7790
9359
6585
6178
8844
6724
2647
310
1714
998
4545
3122
2369
5205
4439
2080
3170
9371
7898
5524
2985
1658
7979
5637
1154
6237
5125
3556
4051
2110
1818
7486
7321
7497
6022
4632
8632
7215
6938
7013
1817
8354
208
9492
1581
6424
1530
1409
7650
1688
2690
1055
5327
6228
5239
8679
3317
6809
226
4528
6919
7138
2363
2205
5800
1834
6782
6087
7619
5497
2019
4664
2623
4527
2371
9134
5284
9148
135
9244
8059
7362
8870
3648
7284
9517
2929
3800
2719
1187
1941
5904
255
4654
2242
4773
4076
8194
7489
2826
9741
9926
9710
7632
5283
3357
4985
8610
1407
2638
4965
4552
5391
532
4804
3403
1153
5780
679
149
2455
2728
9751
6321
3814
6863
841
4730
6592
3946
7360
1139
3415
3291
4053
3743
2222
543
5915
4096
4736
1157
5736
3541
1446
7919
3957
6572
2053
4676
4406
3615
9829
9928
1725
5480
4295
2317
1950
9976
2536
5246
5813
6421
818
4383
5674
648
1197
7593
230
9808
6699
2991
8466
8334
7245
9089
5701
9704
4716
1413
5563
8491
8747
6581
6898
496
6125
663
5822
2334
6742
3586
5154
856
8696
6082
6105
2868
4238
8945
5723
1599
3625
1004
3026
5989
8243
5500
8149
9314
6176
397
253
6117
6956
8627
4291
5045
1030
9631
6025
4055
4392
203
4044
6024
6048
8189
2611
5340
2169
4573
6435
9721
3695
7380
2254
8487
7182
8197
3249
7046
2843
6274
5787
5294
2059
3888
4889
247
5986
1947
2036
6874
3171
1178
2336
3645
7066
9833
8054
3218
1800
1700
3342
799
7614
647
1862
2353
1456
1931
177
1797
6787
3346
6927
3584
325
4595
1859
2794
8805
8337
3393
8164
1258
8648
9758
4067
4132
294
8750
4029
266
37
3613
7283
7340
9299
6012
4704
2120
1031
572
7477
9591
3823
1565
2663
8248
130
692
8923
1495
1237
6825
4478
2365
1705
5098
1987
6682
8939
186
9524
9947
3926
9822
3102
5341
2376
2894
8617
6423
3289
1618
5277
2502
8583
3729
2404
6710
4152
7448
6599
4268
7161
2733
1075
8974
534
3910
1651
5145
5127
9150
8296
3193
7076
3738
7398
7542
7082
5053
803
8903
1568
7474
5958
6478
8555
4717
7916
5442
8681
9961
4743
308
9449
7143
2472
8018
8838
6728
3777
9729
4035
4746
1350
9286
5220
6818
8060
4750
9614
6563
4415
3172
2731
5605
6978
2425
9016
5740
3710
688
8540
628
2448
5661
8154
6869
9202
6272
7592
2617
1945
9088
9567
3664
3085
6680
8778
3261
6893
7034
383
5317
1813
1421
9311
8155
8318
1334
7349
351
506
1754
4642
5678
5865
3949
2292
5072
7584
7115
5213
5096
5288
1697
3250
102
4544
9949
8407
1356
3948
6609
862
4396
2503
5499
2830
6754
6942
5906
8947
719
9059
3372
4038
5474
1971
3128
4854
3858
9496
7676
2914
9700
1215
4902
1867
1126
3718
9109
6940
4162
9642
598
7521
8703
3972
4634
5366
594
2101
2296
8135
8092
4384
1510
3042
6331
6700
9613
8387
8360
4120
4575
6845
8891
7377
3169
6104
1829
9848
6524
9377
6721
2900
4959
6318
1285
7966
7643
338
1957
5144
948
5029
9780
5654
9439
1765
7308
480
8958
2252
4382
8698
3752
4635
6004
2535
3912
442
5377
7286
3951
3788
3285
2856
4394
9186
2727
2887
85
1657
6030
5189
4459
9757
1067
9742
5409
2226
5581
4761
7691
8458
8232
2022
9595
8362
8983
2527
4341
5998
8742
987
3850
2013
845
1845
1130
1609
1693
6296
4372
4340
5606
9525
3889
1751
3602
8173
637
3669
6729
1831
9042
7669
7045
501
3624
764
9560
3196
1772
9952
1821
2672
2752
4438
3659
3585
3944
6610
4475
8201
8560
5807
929
5546
4033
1842
9034
6211
3616
4224
2235
9697
6400
1828
339
3544
4354
9100
4613
9582
7392
9404
9374
3558
8441
8562
2699
2246
5160
1388
3853
5979
8495
2358
5627
9850
3673
7470
9807
2549
1552
4471
5256
3306
9037
4932
1217
1972
7887
5659
3740
423
1355
5404
3855
8460
4359
9690
5770
9341
7648
376
4678
8574
5139
3225
5601
5111
8457
3065
5389
548
9241
2942
9176
9131
3781
696
1385
6531
5421
5887
4261
8388
8312
38
5908
4479
5338
6139
5889
527
9746
9353
3821
5362
575
726
8045
2327
3032
8851
4983
539
9964
8038
6461
2493
8432
4842
7014
4757
6465
9985
1059
8063
6269
2081
3750
1369
5801
7977
2938
6836
1488
5895
220
213
1121
7269
8700
8580
5779
2679
8920
4009
7835
3705
5919
5315
9417
6485
3213
9122
9804
5103
8255
7189
6281
7647
4622
9879
9366
273
6497
745
9200
7599
2480
2400
1652
3050
5373
287
1043
9463
4756
2149
2661
6571
216
9813
4763
8203
9728
6638
9306
5202
1556
1212
9118
9163
8613
2885
1239
4420
2324
1790
9892
7462
9442
9939
1776
6294
5393
454
3214
8042
4834
1948
2200
2122
7552
1115
7701
105
1944
4920
6586
8853
2433
8884
2581
2895
4212
2418
5885
6197
4198
1702
6046
9865
2969
1094
8816
2926
7711
4136
7792
8783
8672
4442
6455
4030
8635
9191
4967
2393
8410
4135
6916
3792
3780
9823
2716
6902
8051
9461
7196
784
7570
4175
332
7741
9351
407
4836
4489
4517
2875
3829
7012
8906
1000
6470
7791
172
7849
7070
5457
181
974
7640
9189
3168
7883
3123
8932
9180
7427
5748
7843
1616
2078
2570
8965
1522
5226
6781
7789
915
3893
2688
9235
7479
1053
8283
6752
4636
8916
4068
1429
910
9178
4539
8381
1342
1909
8073
4405
366
3916
9296
438
7888
9598
4705
680
2603
475
3423
9911
5390
342
4127
3771
5016
3267
2281
7664
8058
128
4723
2992
9685
3612
6870
5182
49
5824
737
2487
8268
581
8821
6831
6115
8863
6021
8543
1654
5484
3039
1168
9084
911
8020
3494
1696
8512
7104
4190
8786
8171
4844
4629
2656
2559
6484
7924
2905
5037
2159
9618
747
5141
6426
2788
1327
5923
1343
2906
9962
6662
4547
3112
3742
6200
8340
8596
6254
6322
1192
54
9187
9448
257
3025
562
8751
4317
9473
235
5311
7290
5130
6850
9737
8976
4526
1387
9717
2165
8481
8035
6192
7795
8678
971
264
2673
7913
5972
6578
9190
7600
9438
7211
5361
7936
7830
7300
2846
2624
1401
4820
5496
6688
703
8015
6415
7731
6862
134
5241
1199
5112
1677
827
2447
3409
3278
2153
683
3736
1997
6340
4173
4270
24
4607
7099
7420
3151
3894
4311
6276
2415
6144
9861
4864
5506
940
682
8505
9196
9630
324
5191
9655
4334
7302
2207
7244
6562
2189
8971
7485
6600
5455
4754
2941
5331
239
1968
7050
5641
8333
2156
6642
749
4246
5515
2962
4543
5330
6766
9488
2286
2124
698
6271
4444
5420
6797
7586
9800
8455
9335
4090
7188
9508
3313
1550
957
6640
3995
8922
3302
9169
3055
2158
8188
2356
2810
3909
8352
5929
1436
8483
4872
573
4129
15
8835
6084
3622
2224
6926
3444
3155
3770
8500
5388
1457
4580
7580
9784
7829
8883
5346
5345
6382
1384
4054
5306
9994
9677
6983
7516
4579
730
5830
2023
70
8834
4378
6947
8413
7080
1953
1582
5694
6694
5328
3799
120
7780
5031
7912
3295
1194
6567
3661
2174
4134
7127
8148
4330
7566
4245
7512
2857
7416
3700
7440
3417
8593
1147
3002
336
5033
489
2132
9612
1752
6213
9576
9346
4637
2318
4172
5028
1176
9383
2968
8444
1710
2217
6406
20
9277
2980
4639
7499
8886
3863
7785
967
5006
5299
7982
1316
4395
6664
3108
6808
4015
3746
8924
1919
8122
498
8704
3901
6540
7594
18
9946
5128
1301
8766
6677
2285
129
924
6672
8602
1467
2268
596
1397
1808
7763
7762
2383
5493
7703
4199
7606
9298
7287
1315
2338
6365
2557
1895
4326
8588
6039
7996
1083
3309
5446
1484
6106
895
6976
5408
9428
2033
6204
8278
9971
6381
8930
3835
7974
2795
165
6142
7438
1198
8545
2041
654
4781
4970
8379
3217
9724
4371
8590
2553
1667
5826
9086
321
7105
7327
7515
4751
7957
6444
8558
188
4042
9903
5572
9173
4019
807
7720
7882
6859
6167
4749
8070
3819
7788
6264
611
3179
63
7626
3027
7798
4612
8480
4620
6411
8690
382
9775
9193
6098
6165
1492
7260
258
9712
3667
7483
9027
3907
6793
3920
1916
9625
3101
1873
5222
2920
3449
1331
8136
6474
1070
6777
7796
9954
3447
1383
4218
4966
4663
6245
574
2953
665
402
6884
8279
4803
2027
4147
739
4209
5682
4021
7205
6984
904
1932
1226
8510
8767
8224
4819
4443
9427
9467
7859
1627
8269
1278
5652
451
4769
4702
2195
1431
4348
9103
1262
6925
7079
1338
768
4508
1172
327
5100
1534
8116
8490
9091
6722
3851
3410
4922
5990
1367
4161
2710
551
788
1911
2746
7326
8662
2572
4857
2016
2005
5104
6219
4017
669
5129
5527
1038
3879
1861
7016
2913
2029
7576
3564
9501
1271
8286
2035
6864
9975
9774
4286
5658
2316
72
1629
4465
7514
154
6341
7802
9536
7775
6639
5324
5000
5560
4070
265
8077
5323
5878
9922
7841
8494
6950
2314
3533
3772
6507
8782
9051
2176
7617
3685
2866
408
3548
4617
2620
9910
6038
8911
1527
8586
6315
8752
9182
8941
5172
8928
5293
94
2410
2428
6577
1843
9494
6181
6327
7811
4241
2434
9568
9490
3932
2588
7952
512
8229
7944
5832
5422
9041
8463
5161
5566
6946
5672
1468
8774
6170
313
1807
9132
5615
9845
3806
3522
5041
2696
9694
9977
401
5052
2960
7625
6314
8765
5298
6262
3865
3728
7408
424
9789
7094
4061
5219
3979
3630
9979
625
3242
7108
5535
5252
3820
7709
822
2839
91
5454
8760
6602
4049
7364
8010
5296
3133
8094
513
3991
99
6041
7838
8322
3831
4393
8024
1865
9149
6824
6788
8202
4495
2778
2697
6556
9944
7350
1686
9401
3269
610
5487
2518
8013
3164
2855
9348
5649
4473
1219
2709
1541
8363
6035
7067
3914
7751
6345
2020
8665
3884
3395
3634
1155
5933
8643
3345
8712
3502
1452
619
8476
9816
6346
7682
2086
5349
7831
982
6301
4906
3971
7591
6495
9666
4598
4389
1913
4485
7280
7307
153
3784
4880
9008
5070
2675
2408
6655
9856
6671
6183
947
3495
6236
416
7680
7700
5039
7699
9553
6826
7090
6918
1893
6805
9370
5444
9329
9321
1156
7124
5730
3560
5882
7712
4709
2311
7911
7202
5731
806
5063
5767
8227
1738
9159
7241
6769
1480
7203
9956
9294
2748
5135
3327
8791
621
2199
4069
6650
3611
2039
4160
3982
5476
4502
2655
8219
4282
4512
2208
6134
1303
1049
3262
212
5781
1579
9282
7967
8446
2468
233
267
3000
7177
3114
4949
6601
8680
2658
3629
4424
9762
8121
6138
5784
4536
7685
565
2377
7718
3477
3758
6069
9350
9736
4616
3475
3730
4671
1143
8118
1553
3854
2859
6949
7404
9058
8288
82
2803
8802
5925
2738
6535
3303
4840
8019
7781
1985
4599
9354
723
5396
7900
8111
5062
4796
9837
1257
3314
7111
7713
1033
426
8347
1294
3759
2262
2349
3190
8841
4367
1962
3532
5198
9537
9073
2591
3201
6338
3945
1243
6026
4441
9695
1884
6208
3838
2270
9421
7651
224
638
2659
9319
8894
1979
4262
595
5763
1366
3573
7069
3283
5988
4259
7672
4318
3450
7139
5
1670
1641
6702
3035
5734
7467
9795
5206
4119
6974
7405
954
7970
5580
5940
6934
110
1557
6849
4470
2629
3431
1386
9899
8285
3338
8290
187
8676
4786
612
3392
9265
8351
5955
1099
4039
3706
8221
3339
1512
7621
4808
2837
6634
1028
2506
5463
8174
3148
271
7180
4387
5412
9689
3651
3733
8438
3557
7285
3227
1866
1799
1286
5939
9793
1518
2587
786
1279
3019
8256
8003
205
1471
4283
4640
9023
1304
5544
283
9195
4531
1977
2750
3177
3719
8837
7526
7875
378
5486
9396
9175
2485
9719
5735
3013
6885
182
1418
4423
8223
7797
9045
6726
5187
8568
9854
5221
9828
5603
5853
9958
2873
1603
5004
374
9556
31
5445
5645
9171
6704
4301
4662
2989
8044
1699
1256
6717
3873
9665
2652
6778
1605
4456
7782
1428
1583
4593
6394
1443
2436
4000
5165
7624
6083
7892
5918
8888
718
9709
2484
5402
8151
5077
3787
6202
984
2815
1071
5840
8579
7993
639
3404
4737
4767
6955
766
2329
8718
5947
2449
9606
9805
1164
6163
8691
1739
9273
8212
7981
2670
7723
778
148
5401
8804
1332
4146
4910
4321
30
2796
5194
7146
3105
6282
7537
4511
8133
5756
1029
3048
3734
3656
9794
7263
1125
7453
7049
3311
7629
2233
6623
4534
2269
3825
5931
6822
6840
3031
1011
2070
4881
6199
6823
6240
4510
9993
7428
3383
2397
7937
7128
1344
8556
1531
8205
1
3526
8341
1734
6654
479
6037
9152
4898
9307
114
4509
7877
7425
983
7983
8090
9877
7773
1179
2275
4870
3937
1856
7020
7035
5078
190
9105
3812
2798
5411
355
4277
3084
5481
6959
1773
9372
697
7022
7176
8364
9748
9661
603
3226
9778
5683
4101
5635
8657
1572
8464
1045
4324
9181
3333
4651
2443
62
4583
6350
1589
3830
1047
7588
6265
9811
6323
2478
1204
4968
141
867
2886
6994
2770
14
9157
3581
2542
5727
6043
6445
5753
9824
1875
8261
7730
2345
2243
8836
9866
7946
3419
4905
4728
5951
7573
4644
260
7770
9046
9454
7065
8981
6852
7335
3604
4498
380
7569
2576
5872
5280
4894
3367
9179
5325
3004
3900
1939
3215
2225
1923
5094
3366
4306
1927
7451
3144
3913
3199
4116
7654
4726
1632
6363
2981
8299
1228
4313
1899
7675
6385
3416
360
3402
4280
1529
1878
5159
8777
1653
412
3682
4791
3045
6351
6354
8356
5595
8578
3698
7329
1208
6109
9271
1002
7229
4913
8233
8710
7354
9619
976
8649
3701
1608
2344
3321
2437
2417
9476
1684
3990
145
2183
3023
9533
7156
9096
9391
7987
6552
8346
8442
5501
3515
5559
3726
7168
7198
9810
1999
5547
3574
8289
4611
1097
2139
8244
2454
286
2610
221
8972
7733
4783
6923
9363
8496
6059
4278
3881
1664
8539
7645
3765
7822
2592
3668
5308
2237
1469
7779
2084
2781
3353
8589
3725
5410
8214
2161
9095
3292
914
9470
3277
1064
6252
3098
8938
1505
8929
3632
5185
4376
8604
3796
84
7943
7517
5230
6789
243
2157
335
289
8291
2957
3041
1460
80
1623
4189
4493
6564
6194
9686
4609
601
9344
8477
921
6430
3385
5516
2265
3326
8345
2239
9981
5905
8794
9832
4626
6911
7153
3816
4696
6631
5883
1472
9112
2641
411
4400
7871
9932
1816
3818
5036
6991
6733
1503
3606
2276
97
875
25
1023
4025
5881
9000
8654
8086
8426
5295
7681
111
5109
5632
4094
584
7549
1515
2272
51
7722
2414
4168
8064
3129
2640
4720
1902
9255
8907
164
2302
7778
1892
5358
6156
3379
620
470
2144
9390
2469
1299
4610
1400
1171
9251
9999
1724
9269
9229
6329
8119
5384
5634
9542
2785
5372
1284
9247
4131
3246
6238
9521
1539
8308
3870
3183
8021
5423
8067
962
546
5262
5783
3603
5937
3134
873
4525
1438
1136
7612
7842
7901
2283
4086
2505
6982
4917
1277
4037
8437
944
2825
4110
9998
4434
7435
4672
3424
8612
7256
4088
6154
2444
7333
7267
9278
3952
4350
5689
3566
2308
4251
2040
9980
1165
5623
5329
1339
8968
6036
6166
7365
4236
7342
8000
1276
7642
7118
1910
767
3282
8618
7926
4938
3158
7454
7077
6651
3256
4178
1868
2087
5578
8993
5008
58
6967
8682
6316
1989
6900
2271
1775
1742
5966
2522
2569
7042
1382
3670
2206
4869
9090
6997
4863
199
5079
634
9225
4738
1245
8801
356
2982
4907
7633
4124
4588
241
2949
7314
403
7719
8182
2218
359
483
4829
8763
2596
8411
9217
4980
6457
6399
4437
6652
1405
2399
5438
9213
3054
1514
1145
9544
5089
6317
6260
4203
2684
8132
5585
994
4150
6325
3074
1010
8810
9322
876
5430
7939
8707
113
5364
5825
6324
616
3432
3075
1216
9243
5434
1402
431
4310
7309
1378
4784
5042
8107
9581
6891
8355
8997
2396
3687
5667
8087
2954
5952
4014
4050
1883
5491
8421
7291
6830
9261
6100
505
3935
8942
9755
9801
4319
3810
7697
6055
6539
8475
2694
6286
3091
3337
4200
2799
1458
2714
8144
3012
8716
6155
5622
8513
8027
1744
1789
7383
2481
5804
9726
8382
7508
9303
5709
6679
9388
3263
6784
7323
5201
6302
2010
1244
7243
7157
2055
9551
5363
245
7234
3938
9384
9368
3293
8163
9475
5034
5890
7261
8603
8011
1275
6624
4194
1445
2107
8854
7522
9397
9669
4244
7469
2060
9452
2126
5376
3315
8523
832
1150
973
2026
553
1735
6447
5065
7007
6691
704
1363
1111
5866
5379
7972
6456
4373
1769
1851
4532
8817
9386
2632
69
1743
4492
8473
8768
4541
7659
1329
2816
5074
3046
4342
3808
2589
3407
7343
1062
3906
5899
9460
9883
5133
7040
3408
4377
8839
5802
9711
9791
5647
3679
7910
4589
9357
1264
2538
2166
2947
3182
8966
7136
7239
1078
4111
8511
7131
5383
6716
6843
4288
7412
1305
1124
4802
3847
4105
6613
9674
5850
2413
645
6685
6185
5451
7616
578
354
544
2407
6148
2567
9313
1274
9988
8193
1408
515
5073
6715
1464
7165
6132
3709
3571
7801
2482
5175
6277
7227
4972
198
2844
8263
328
4491
5101
6820
7222
2744
968
4986
8429
8732
4668
8873
5946
3043
8241
168
195
4299
2848
52
2546
4336
5962
1601
8284
5010
1211
4718
3474
4226
981
2394
6957
9705
6258
8615
9185
8779
7706
5162
7534
3439
1232
3923
4505
2090
8594
6933
3178
3869
1328
7059
3641
3159
3070
104
3716
3330
8685
8521
694
4011
1965
5305
8469
6393
9138
7109
6743
1691
898
8995
8937
3008
1412
1166
1081
8028
4097
1588
1095
8943
9114
4191
9164
6439
1006
700
1992
5604
782
9446
6023
3852
5558
4454
5459
6416
945
7684
7316
8564
2602
5642
7724
8988
750
8128
6207
4876
7253
1555
1526
2028
2571
770
8245
8131
7301
9057
1434
3649
5648
6007
881
2043
7806
2491
5913
6963
6291
3666
5568
5265
9333
6801
459
3139
9696
6656
2042
7003
8694
3534
2136
262
7460
4775
5521
6996
1073
5917
6545
2057
9110
3058
146
9960
7826
3154
1940
330
4329
1804
7212
6618
1345
474
7839
7490
6719
8990
8127
6627
2644
8887
869
5834
3365
880
3899
6886
3552
9259
8198
5244
8503
848
4126
4645
1182
269
5616
4963
521
5234
4231
2186
4941
4899
833
256
9050
78
9362
7289
8581
3378
722
7595
659
7885
6299
301
4455
4010
5163
2037
4327
9064
7492
5055
5987
8187
2032
486
4461
5857
1190
5275
2689
9777
9070
5550
6466
5448
4240
2970
3359
6471
7495
7315
9469
1722
8645
4514
2532
1419
4477
4040
642
9010
6527
8994
3060
5152
3454
5847
8660
926
2779
3322
5247
3052
5910
4431
2065
1162
538
7132
9003
3453
5891
7601
3420
8276
2135
7921
9626
6373
9065
8104
1511
6493
7068
5468
1346
1349
6762
7361
9915
2753
1044
1260
3543
5799
2554
116
8609
5429
6020
7386
1251
4647
4518
3198
1080
3918
3355
1729
6482
2103
4961
3717
2288
4801
8996
1882
8482
8282
9951
4513
5553
793
3245
9843
3216
9992
6636
7242
1969
108
3241
870
1193
7845
4989
5613
36
6920
531
5297
9957
122
9211
9156
5258
632
5539
3811
540
236
7192
7265
1815
8650
9198
7807
1380
6616
4590
1036
6550
3807
240
8082
1348
7550
1088
1863
6693
9898
9309
820
931
9209
9783
5907
7710
7409
3940
9550
4002
8576
1905
7951
1624
3220
4315
9495
2249
9451
7702
9411
2113
8847
6958
9610
2833
1523
2079
3073
1779
4063
2164
9487
8953
8908
5142
8595
5754
5471
3639
5184
2976
5153
4457
9484
969
8417
6153
8787
1822
4208
3300
8465
6767
1661
2680
6969
6417
6827
1793
6594
5534
5477
9128
4586
8316
7164
46
6472
7248
5166
8597
1018
3336
1885
6198
5914
466
5469
6463
7031
8622
8530
2431
4425
8897
9324
8793
9482
9744
2766
5974
7628
4325
9415
4633
5400
275
417
4686
7195
2761
2094
2739
7207
9913
7932
3549
1924
481
7555
8327
2461
4780
8209
3037
6422
3987
414
9983
5957
5967
8075
4364
2420
7660
8557
8017
3100
8626
8041
8915
6210
5416
5596
8940
8877
6904
293
6064
1781
9410
5862
2625
7715
9001
4618
204
9408
7418
3607
3876
5215
436
3783
7572
8389
4407
3563
1507
9248
2940
9
7455
5453
6288
9154
7488
1282
1118
1406
8689
3481
3005
9769
6195
5452
9929
4216
4890
4182
7862
1904
7674
1602
8422
4700
6401
9221
8542
175
1645
1850
9234
3580
7355
9538
7213
972
9242
2996
3130
7683
871
5670
7158
7043
3786
8445
2998
2118
4553
547
8222
9332
5884
3176
2741
8025
6209
1937
3200
3954
8872
9486
4762
9679
3508
100
2361
106
471
5269
1721
2565
1846
9431
8267
2380
7852
8967
7411
3842
2402
9457
8758
326
7947
5965
664
6659
9819
5210
4253
3265
7523
622
4760
4167
1826
1393
5276
5703
6330
3721
3166
1496
8472
8368
4835
4682
5278
4908
5110
3480
1423
2024
3088
1440
8852
9331
1069
8462
9491
658
6895
9599
9840
7895
8655
2712
7254
9882
4674
6837
8170
3141
7197
7544
2852
801
6644
3595
3804
4627
4877
4701
8952
64
8
7714
3525
6247
3235
1483
8065
7218
6348
5307
7755
9358
4480
6736
6246
6093
8725
8317
1755
6908
1980
6045
8670
8951
4098
7250
5845
5843
1336
2939
5025
810
2812
9611
2465
4568
9068
2350
4892
5796
5697
4520
7119
8114
3939
292
9145
6328
8401
4994
8737
3587
5628
7678
5337
4211
7880
9509
7634
777
9416
7767
8963
5861
4952
5856
5235
6598
7169
8230
4823
5304
4669
2310
3671
2108
6608
923
3298
8811
9293
6149
2743
1707
2930
6684
7890
8973
4432
536
1114
779
184
1389
2282
2279
3569
2390
8461
3471
2291
2881
2997
2215
7389
5732
614
4234
9803
8623
7214
4996
5097
6356
9224
317
7930
2462
7989
1575
7894
6306
1571
3744
167
1766
2824
9924
1533
5134
6
9639
8775
7783
7836
8302
1091
4789
4688
6912
742
270
6649
7803
7487
8970
9078
8102
1169
8755
6337
5406
2845
8984
4279
4911
8673
7204
2457
6047
6573
2877
9787
1786
6448
9268
1485
1113
2609
3072
2409
8124
4358
9284
6225
6772
6855
7258
9875
7063
2117
7787
3142
3136
6630
2717
1020
4811
6370
5026
6985
5846
8400
1593
5054
9715
9379
7579
2737
7527
1946
1240
4584
5760
1325
9844
8427
8328
3464
8985
5893
5431
6118
7123
1643
7379
9570
6500
4798
8803
3405
7209
7956
1127
2471
1809
4685
9364
7445
1759
373
4697
5369
8273
6440
9264
5600
1347
8335
7018
8246
1311
472
2257
8600
6597
393
349
1203
4296
3977
4706
646
7513
3731
721
2831
6790
6032
8142
2726
1027
3059
2312
2908
3202
5912
7417
5507
1141
6387
7581
17
3116
3793
3412
3320
9203
9147
8637
3294
6402
1598
9043
44
4388
2162
8204
4320
4549
5158
3384
1998
9884
3374
1110
4859
5513
7074
6873
9444
4267
5927
1403
7493
4594
5650
8647
9723
7917
6111
5930
9405
4307
3208
1669
2889
7945
7563
2827
361
2234
2568
9970
7126
8323
9798
6607
231
6528
3767
1372
7318
8072
1230
3530
9015
3535
2077
3760
1008
985
103
3966
5764
7000
6554
9093
5121
5470
7106
3121
6419
2260
8394
1427
7695
2047
5093
5050
8998
1847
9967
7216
7382
7271
1877
277
5067
4497
1465
8332
5268
2904
211
7618
7847
2313
3647
9849
7252
8663
3591
9135
8849
4815
5427
7609
5107
5520
8369
6890
5146
237
8358
7577
1177
6405
7677
358
5117
7688
9587
4060
1914
1310
4446
735
7759
1318
9115
8896
8895
2951
2430
6230
6241
9530
6494
8843
2298
8827
7413
6349
7503
7279
3690
554
461
61
8713
3071
8658
6005
2607
9838
673
2328
217
3001
9392
2362
7173
3381
1100
4106
7746
160
571
225
9162
9024
1379
1248
4587
9245
7142
7812
5956
7087
9624
5108
5911
2507
3815
542
9340
2805
5211
1709
952
3859
3211
4614
8830
7821
2228
1255
3329
4374
8789
6810
9768
6877
5473
4924
3009
1252
3967
549
1152
1235
5334
751
6725
3562
5014
3332
3499
3577
6270
7051
8926
5705
8247
1135
9796
3538
9733
3387
1703
4462
936
4807
791
3973
5116
7120
8022
2646
9545
4153
1014
7668
5696
2762
4548
109
5532
6050
7850
1330
2151
6795
5518
5969
4181
7024
4557
2817
465
9788
2774
4860
9646
2479
1504
4233
5227
576
9272
1814
511
3749
1048
6031
5823
847
9423
7200
8533
4428
8319
690
7313
3307
8633
8666
9094
3119
9352
4008
2946
8572
9753
6606
3097
6536
3081
7424
3723
6703
9853
5976
4083
4460
8226
2511
8818
3096
3860
5810
6952
3445
5212
517
1949
7994
3565
427
4293
6794
6622
2050
1398
7690
433
8040
9512
8753
8493
7028
9172
1340
7476
7905
6881
9320
7053
9984
9825
7351
3150
6980
1042
992
9120
6481
1535
7219
9518
5880
1007
5465
1619
5242
3470
9419
2266
7331
9927
1570
4316
6464
8265
9236
3885
7247
9893
7583
5676
7761
136
3568
7665
2890
1777
7166
2945
9030
5711
7786
5831
4046
5953
4847
215
4345
9520
9215
8528
8948
6522
1109
6582
4213
1430
3570
7005
930
8303
5223
5588
3107
1890
8784
4722
2146
5948
4817
4805
4576
494
9851
8431
1050
5514
5816
1003
4287
3498
8109
6193
3274
6102
8043
3421
207
1978
3425
3369
8166
1175
7750
1683
8565
405
7328
7401
2163
478
2791
577
8683
3741
599
8254
7110
6095
4561
5977
3460
183
7582
5365
8856
4661
780
1422
3358
9031
1537
5710
2618
5254
2729
812
6418
4731
1287
3517
6896
3928
7603
3463
4628
9007
7893
4868
3312
582
4666
8309
4028
7097
6146
8502
8177
1611
7734
2832
1528
3778
7975
7860
5314
9158
19
4521
1986
469
3872
9376
5693
6376
8342
6386
1374
2486
3124
4912
209
2718
1894
8106
4185
6110
4846
1195
7449
2651
250
9615
3678
9698
1117
9897
1620
4942
9763
6570
4305
5228
1717
8095
3348
3509
8514
453
5896
9986
9764
1087
6460
5573
2168
2814
7475
7085
7151
7437
2669
5309
3079
7545
1373
4838
6575
3886
8007
8569
6756
5690
4138
6343
3459
641
7884
7163
9212
6871
3135
5941
9141
5115
4239
8470
2106
1317
4464
8329
8781
2248
7299
6357
3773
7199
5926
2516
8097
9219
144
4875
5126
6512
8120
16
7897
8306
9510
4856
5058
6310
2708
4597
7908
3259
8850
3361
2582
9919
606
2943
966
5745
4115
9830
4416
1012
9214
7904
5060
902
2736
4695
8892
5841
7920
8008
304
6532
1158
7140
7193
2851
8029
6182
151
7955
3186
3791
5757
1312
5747
5602
7635
1563
7160
6872
7825
677
1292
7707
8141
2548
2182
5007
4398
6410
1448
3947
4453
6441
1060
9577
7743
6846
137
7352
1736
8350
2530
9890
6347
2325
644
6498
5744
7931
8628
3436
894
8033
6510
1614
1983
3174
2049
3650
3636
8840
7800
8508
2634
9355
9579
1961
9815
5548
6892
7101
2758
2539
6256
9220
2504
1926
6987
590
1376
5267
6879
7768
635
6273
9779
3983
9547
2667
3109
711
8933
4229
6541
2382
150
4879
315
8030
5900
364
7941
6775
8098
9199
7102
7764
1227
8168
6501
7367
3644
8416
4638
314
5993
4792
3266
1713
10
5019
473
8343
2550
5934
3590
1066
2649
4314
1976
8447
8145
5837
8320
4523
4925
1585
9323
2745
6263
4323
4368
9730
4524
2492
421
9608
5533
9880
1308
4474
4452
8425
978
631
672
4228
8234
6530
8160
4655
4865
3739
8310
7370
9349
7832
4204
7529
1015
5817
2374
6907
6730
4356
3308
4223
7346
4429
7657
3376
4413
6866
6362
8607
8074
8330
8036
9480
6811
3653
3826
6735
27
6377
8252
2879
4164
900
2424
9641
3789
4596
4091
1584
9161
4032
8047
5639
9074
6588
4148
6525
5818
8857
9772
9426
1547
8566
3674
5797
9435
4787
1085
2599
5203
7608
3377
1740
4772
4123
689
6506
1644
5655
4897
9559
3579
8504
5776
1280
9535
3958
4530
9116
6558
9597
8138
3633
8409
4692
2898
7358
4003
1133
8538
4177
7861
2533
8066
5964
4294
9140
674
6127
3680
1771
8434
2386
8833
1835
5594
3297
4926
8878
950
7432
7185
357
1869
3207
3160
5232
2138
6880
1838
5619
4887
6753
4566
3575
268
1560
3349
3965
484
9990
6112
6074
3817
1898
2370
5570
1090
7257
3180
6557
4943
8621
4142
4951
3514
3231
5519
2456
5666
9662
8048
4969
7511
2130
7748
279
274
3567
9485
3111
8709
613
2307
5651
5982
9973
9681
4369
8866
5081
9771
7692
1698
5207
3483
1061
2355
5440
8992
8864
8210
7923
3036
350
2509
893
2911
9885
4079
4375
8100
2950
996
4604
1994
5943
8739
1160
5525
3704
3117
6678
9732
6124
6584
1648
9413
6669
1138
3655
5808
5380
4832
4800
6665
5542
95
1545
9378
2917
4408
346
2600
8573
3862
9256
8890
1076
1013
617
5844
701
5492
8638
2389
8982
585
7078
7240
6889
1716
5371
1234
917
9218
9174
8855
9049
9330
5575
7533
6103
9572
9367
913
2883
8646
8471
8402
6815
6099
7590
5766
800
9540
4936
7870
8809
8823
422
566
1731
8264
4043
9562
6658
1756
87
8634
8820
2098
809
9246
131
4084
8101
5968
934
4928
4449
6966
6131
259
1470
3331
8611
8918
844
795
2466
7304
4571
3790
458
3238
4665
932
2780
7030
6931
9713
9393
5272
132
3276
5726
8158
8726
83
9841
8780
2299
8005
3476
7478
7666
2995
6770
9369
5183
8591
5490
9464
2909
4506
3095
1753
3237
9450
6559
4201
7434
8687
2000
4285
6364
5994
3106
4708
4582
491
2245
2724
8326
9126
6878
6428
9894
9097
9978
9144
8876
8769
2012
9888
9722
1254
9908
2167
8553
1832
2919
7868
76
7553
4551
8761
6579
5316
6076
5833
8697
9889
1955
3232
7999
2044
7423
9297
5529
8069
435
8822
1296
499
3399
5771
3435
4641
121
9571
4430
6569
5985
7671
7641
7562
7824
4154
8165
8414
7060
8440
2372
6305
4690
3370
345
7538
2038
4205
3523
2267
7356
5577
1034
4998
4971
246
9445
9462
7184
3877
7810
1577
4427
288
352
2341
5721
381
1837
9693
4102
1907
3708
6970
5193
3219
2524
5180
9909
5155
1665
1524
1951
2515
7366
2882
5208
3434
482
9478
3621
7631
9589
3775
1559
492
5695
9326
5043
340
6860
6344
2619
2147
1617
772
6814
7270
6657
9474
8800
4113
8093
1615
2977
7771
3373
989
5204
1612
7144
6479
4684
348
1459
2435
1041
3868
2193
7
2256
11
9539
7303
6255
8034
7728
1131
537
370
6977
2155
1435
6806
4550
7902
9328
9754
4710
3539
5318
7995
3751
732
2793
7372
7610
541
4440
4565
1810
734
4215
1887
7954
7447
3273
9516
1266
6604
4112
8601
9087
2119
2192
509
529
5752
4217
3401
7038
4814
6641
8061
2088
2204
6133
6979
5449
4837
2928
5875
9792
1333
6785
8865
3163
7536
3955
5663
4930
2450
2177
8785
4352
6289
8006
8228
785
4916
8956
9617
829
3209
6763
4915
4747
4542
40
9230
1185
2458
2686
2231
8390
3422
248
5102
5898
7058
8522
6747
1564
3398
9935
3057
6757
1473
50
4896
7320
9682
9621
1674
7135
6320
6108
6909
4679
2585
9950
159
2134
2196
5196
2496
4484
2792
2273
3689
9725
6292
4974
8083
2936
564
1576
3260
6660
2834
8405
5512
6496
4401
7480
4092
3546
1167
8936
7305
5556
9361
2201
1811
9262
963
3785
1638
7183
4045
6085
9061
8727
7017
9657
3438
9210
3479
3834
7716
8720
4082
2916
6157
3038
9895
5291
5413
6695
4755
6248
8489
507
3210
9339
1491
7881
4858
6390
5071
5626
9761
9645
101
9455
8561
6999
9637
4991
5629
3287
1764
4034
7450
4448
2861
3352
4410
7052
4417
7854
6051
5829
9400
3195
4608
7103
2294
3518
296
8280
1750
6483
8693
7338
3993
8624
1685
3866
3737
3011
7793
4012
4933
485
4732
9133
74
6061
7501
3458
6476
6593
1796
852
7757
290
7288
6596
4483
3762
8807
2446
196
5040
6944
1708
9716
3959
9412
1636
8162
7206
8324
569
81
2850
9802
3764
9955
2274
1791
1966
3904
1122
9916
5066
4556
1289
4121
6389
8721
2003
7575
6122
9818
7264
4022
2643
8860
9055
7869
4332
6941
627
318
9858
7541
334
5590
5475
5229
410
7384
7171
6278
5021
9511
3426
811
4080
9422
3640
2290
2561
2213
8536
8770
4284
1857
4759
8239
804
5759
2896
1259
4984
2645
7878
1065
3994
7296
4018
1320
6538
5301
710
2054
6621
1170
90
624
9223
495
2301
3619
5169
1870
7396
8862
1093
5503
5612
9102
1728
2031
2241
2899
3623
238
7598
4851
3152
371
3014
9588
7029
6462
6384
282
9806
7858
1082
2988
3692
8436
3833
8808
8605
201
6833
2062
1621
3665
7233
5149
7225
1032
388
7596
4140
9006
8991
7736
5561
714
6894
1450
7191
837
9039
2127
4337
1656
7532
6745
4075
2676
7086
2615
9098
918
5924
8885
8547
191
736
1489
4567
4163
4909
912
5716
1223
2284
9092
7962
8738
3927
5087
8771
9945
1908
8534
3520
4886
2528
8969
4522
4981
3795
5018
668
6468
4214
4960
6368
6067
3344
430
118
8004
8980
4349
706
404
5876
4605
8814
400
9668
1441
2048
8914
2974
5274
5809
9106
760
4602
8372
3067
8357
662
2011
3809
6841
5992
6062
5938
7960
4107
3448
5755
1201
7116
5381
3418
7235
7190
4535
6901
6673
769
42
299
5099
1982
9987
4714
9192
6675
3942
341
8096
2706
2789
8301
8792
3683
7457
6010
2734
8190
7048
1159
1991
3010
8499
2483
2500
789
7339
2188
4955
6696
4309
4271
4564
6268
6614
942
7395
179
2073
8392
520
7528
1513
1084
4117
7091
7819
2606
7777
476
1610
7968
2594
2642
2300
7772
5356
7727
9760
3999
6065
1532
1186
6914
2499
9060
5086
3229
5692
3457
1214
3693
1613
8479
7472
9054
8079
8271
864
3774
2552
1825
8826
2092
927
5428
5509
6312
8575
1433
5188
2333
1649
66
530
2853
866
9075
4365
9852
65
2800
8108
3446
5599
5607
158
8386
6712
580
4554
2212
4184
2519
8448
7950
1478
9468
8287
7390
8756
2666
8374
7815
5245
7083
4603
4322
839
2304
9864
890
6319
5750
2841
1202
244
1745
5868
9900
6676
4849
9770
939
3030
2015
3082
9750
4883
8053
2558
9506
5758
291
9660
8989
6759
3609
2931
2842
6009
5425
9022
500
6913
7002
133
2076
9969
6924
8452
4104
86
9519
9136
2441
775
1517
6003
6667
5820
9836
781
4707
3228
5971
8925
5644
5526
5620
4360
3960
9904
2258
7311
1561
4712
6027
6280
2773
2608
8126
7400
1749
2330
716
7844
5224
8950
5592
3875
45
1596
242
6853
1098
1928
808
9497
4276
5679
7927
2141
9036
636
516
5084
1578
5795
2674
8311
3362
6413
395
741
6746
7639
7217
4062
2763
7726
3069
295
3257
2631
715
9441
3676
797
375
3143
6936
2419
2840
7237
7721
1630
7559
2691
3484
53
9968
5848
7649
9593
7004
28
9557
4414
5003
3173
3462
3305
1917
8292
6687
725
528
7636
3040
2170
2152
8450
1990
8184
2240
171
7856
702
1225
5640
1016
2671
2351
8370
4681
7673
1392
9267
763
4828
5999
6981
9687
1424
1774
6058
2983
425
6366
6008
6222
6151
8159
2973
4472
1922
1794
4335
6326
6078
1475
1444
3992
7344
5664
792
1819
892
6091
6542
5273
753
8550
787
3103
2903
1439
9009
2203
897
5124
6285
1540
9948
877
5633
1101
5874
1694
9522
2772
3963
4650
8535
4680
1221
4703
5761
4993
3592
6661
6514
3559
6249
6760
7224
2586
7765
5569
2097
139
843
7864
997
7027
5046
5702
9020
4122
9580
8880
5313
1934
6189
3066
1590
1102
9013
5746
2071
9868
6509
1096
2244
2229
8403
1509
9632
6711
6537
7295
5536
6333
7466
6526
5105
1824
2398
4494
5214
2523
2776
3281
3988
5168
5699
8385
3996
5973
1704
4944
7737
9465
232
9997
3897
8486
2891
6259
3137
1802
817
5782
3801
5743
570
8799
6992
9360
6488
693
2829
1025
2423
2346
1399
7502
7134
3240
4196
5812
2693
394
464
3861
4975
5684
4774
8659
1054
9077
3334
8825
4776
6407
5378
8879
6057
447
377
3118
9921
2955
2952
1718
9356
9603
8745
2406
7036
4186
3296
9759
33
6175
1546
568
1906
828
5778
9466
4247
9085
4927
5803
1801
1988
8206
5742
7828
943
4093
6821
3576
1494
406
7019
