726
4987
8541
5643
37
6522
3295
4361
4044
1731
9234
4736
7265
924
6298
5074
9057
5023
7061
7350
7181
2636
233
2837
9977
7128
2474
7721
4238
4250
3373
7450
9198
5182
7031
7160
617
6004
5163
8080
5684
2701
8135
832
6123
7004
4891
4931
614
2195
2083
9468
7927
231
2933
4789
8947
1347
4211
5448
9030
9747
8493
4356
8186
1843
4322
4942
3488
6856
2243
1499
7859
2000
6639
6001
4254
2730
2825
9898
6267
2514
1054
9282
6600
2896
7843
9947
5336
5134
8716
2772
1338
1518
1609
4677
3256
5373
9375
8047
8111
1019
5100
8915
2429
1471
4172
3888
7874
3965
8259
3968
8127
1487
2596
5251
7179
8489
8975
6430
2328
4240
970
4191
7580
7324
50
5450
7255
8506
8022
8686
4556
6872
7574
8661
1200
1803
178
3648
4733
6456
3372
3313
6538
5500
7594
343
6322
8971
6275
5059
7513
9106
3546
786
4246
2671
2562
3974
934
3944
1876
1445
913
6173
1811
2303
5935
7828
7608
6526
6511
3023
4531
3479
5206
2511
5169
1128
6746
6168
7406
3466
9854
7814
4020
6775
5677
8535
2964
4444
1435
8286
3978
2817
7289
8390
9802
7126
7447
3529
5523
2481
7689
6300
8097
9001
4717
2733
8416
3515
639
8235
3390
8373
1794
3017
4416
3933
8170
3557
2001
9690
9274
1560
1984
7725
1709
9637
431
1886
8217
9158
525
9480
8446
8141
2151
9577
1932
7478
7568
8116
4466
8467
2695
4450
5591
1198
9887
8211
9479
4578
7617
7677
2476
6614
5781
5028
3695
7665
4136
8995
2090
3242
4218
665
7914
2630
3600
4946
7868
4619
5186
8827
4224
5222
5868
3178
4490
8242
3647
7504
4579
6157
3071
5873
2620
6146
1158
1591
4083
5599
8421
5158
2577
1744
7628
1785
6392
254
9254
8132
7341
9212
5796
4013
1608
7180
8612
5924
6365
6008
2306
6500
2906
905
8899
2820
2457
679
2117
3902
4110
6631
190
715
7312
8798
6347
5489
9866
8124
2312
4595
788
7656
8230
5546
6006
9649
2102
3853
8648
7296
5566
8951
9724
4851
2678
5786
111
5445
1273
5337
3213
2152
1361
9632
349
6743
1048
7367
102
7022
5942
1309
3422
6343
1451
6326
6029
920
6662
2863
7426
3429
8979
4301
9736
5915
2866
2512
2864
2633
7678
3273
983
2839
196
3900
8628
5078
5201
7106
876
3397
8881
9952
9029
7364
1857
9834
4326
1619
6571
8470
8424
1001
9928
6234
3285
5456
4708
4681
4302
5881
5255
9727
7361
7849
2550
3988
3375
4958
1787
4887
6731
2953
4926
7291
1434
1656
8556
8023
8560
8928
4985
3202
2495
2177
5503
8522
6103
1466
2088
3775
2143
3699
6088
9059
556
1597
3790
4288
8729
5594
2257
4074
3802
5034
5455
8942
7175
7963
309
1970
2186
7249
4033
6858
1963
6519
5990
1173
6589
904
6845
7440
5766
3936
2167
310
7557
6671
6555
9697
7762
4616
2403
2192
9629
8269
8204
2255
752
2054
8750
7105
7511
4642
6194
6393
2608
6853
8289
352
6155
4813
9757
9512
3542
3658
4403
5870
8231
5051
4142
6301
1149
6311
6470
5506
7999
9939
5859
246
5267
3194
5070
1853
7079
7451
2974
395
2160
1171
8981
1318
1711
8564
2996
3156
1566
9791
9511
7434
709
407
6517
5795
8642
4623
87
2740
5146
9352
5413
7582
7474
9012
4649
8295
6346
4101
467
5629
1404
7758
3911
1695
4369
4564
6954
514
5819
6825
967
615
4453
3489
9700
9183
7550
1703
4785
3976
6819
5680
4936
6342
204
9365
2555
414
266
8015
6947
7818
2683
723
9968
2319
3810
8180
7036
683
9942
1909
6048
8110
8543
1893
5341
7651
8930
2878
4541
8944
6594
1618
3799
9299
361
9177
1210
4940
3220
2855
4767
3317
2615
6962
5498
4001
47
6610
5156
6789
2121
6064
9743
4991
5605
1974
89
3951
7292
3442
9113
7668
2098
319
1356
2914
7252
8912
6187
6498
3987
7871
5860
2369
4583
4055
8684
2556
7782
70
6467
8534
6717
8407
9869
8479
7051
6835
9944
1604
3365
6409
5440
6549
5585
7674
1503
2719
845
2496
4338
529
4729
6170
2898
6432
2609
996
2501
6117
863
6035
7545
8081
9360
7069
3581
3282
7065
6567
7599
4611
2467
5184
1496
7889
9583
1389
6174
3882
8869
7521
9949
4852
3931
9003
6863
6216
3753
4707
7709
1658
7193
2204
3514
5076
7882
9527
4331
5920
1246
9953
1426
5845
5593
3586
8890
1585
6988
7029
4848
6990
3222
4381
5692
8471
2571
6931
4971
4897
2158
393
339
7082
798
3971
6236
6451
2942
2729
5977
4406
2430
106
8520
9536
7794
6179
1178
8816
5858
3431
4398
3315
4819
3781
9762
245
77
4910
4867
1092
5852
5696
3501
5944
9585
7259
6848
6806
1867
385
2690
9996
8986
7549
5824
3634
4684
123
1260
6724
1164
1559
128
8443
5715
626
1219
7855
2119
382
1511
8939
4202
3670
4854
446
3521
8604
1427
606
1800
2932
9555
7502
4181
3032
1030
8318
9117
624
3128
134
7074
4040
3073
6339
7822
2223
6413
1324
872
6012
5664
2444
7663
4865
3189
9562
9089
8988
488
1987
4538
8145
3683
8706
4756
6094
1353
1520
5947
5518
6688
1249
222
4864
1399
995
3274
6315
9417
4457
2652
1739
255
644
1788
9922
1762
680
8764
9832
989
7488
7615
7564
4400
815
3475
8551
8078
9994
4906
9899
3714
5307
2770
6108
5082
7990
4961
3511
1021
3672
7262
17
1488
5286
7578
4850
8450
2049
6276
5901
6681
4952
9911
7508
7579
5103
7080
2056
4569
3354
4
6439
3610
3675
1138
9391
6200
9726
9239
5350
2465
4641
4930
3210
5426
6744
6792
3569
5879
8071
198
9768
7600
1635
7673
7146
7220
6929
4015
5194
9021
6505
9070
3364
4010
8347
3388
2432
9392
8240
6245
4389
4832
4895
3345
9086
6887
2505
8244
3034
5709
3072
765
6363
8575
1622
9772
2955
2468
6738
8713
2821
9317
4924
5763
1360
734
2985
8579
6587
5777
1234
2791
8566
509
5610
917
9174
3822
8817
1833
9684
7200
1923
4998
3713
4656
2093
5155
7236
8737
5097
9308
2749
7757
2976
1839
5323
9321
8271
1600
5808
2404
7113
8946
5874
8088
5958
5468
3087
954
6807
3545
702
2741
1465
1841
3200
9035
7945
6693
5951
3491
7697
9130
9400
9022
3548
975
6918
7008
4257
3518
4505
9733
3154
3306
8138
1956
6877
3040
2624
1407
3789
1366
4410
7768
3736
400
2018
7307
2008
6440
7152
8805
3096
2696
9987
8392
8859
5564
5788
2200
9268
2797
6063
4164
519
2139
5926
5994
8056
5813
960
9185
9620
8709
9663
3549
9370
2860
2923
7363
8303
6070
6598
4251
1192
1719
4594
1929
8976
8831
4051
84
2295
6487
1425
6640
4533
4008
3049
9341
1467
7597
7397
9194
3509
6479
1888
6371
2277
4477
8403
7593
8002
6939
8844
6133
9881
3249
9893
9481
8414
6071
922
7993
1934
4205
225
3227
742
9173
9307
8721
6181
3843
494
3089
6543
5339
3046
9954
2879
9157
5973
3553
1882
5142
7280
3769
4037
9252
2681
3105
9498
4170
5551
2639
9006
1469
3214
6109
2133
4391
1859
9060
9982
2182
7229
5527
5628
8833
16
8740
6320
8741
152
6506
2463
6161
1726
8794
9682
5900
5480
2892
8066
5798
6677
3795
5501
9132
1725
1993
8048
8366
2734
4423
8490
8797
6793
7330
1661
6824
3457
8200
4125
1696
8154
9696
5353
297
9204
2376
3731
8762
4750
8552
9808
536
1938
7857
4902
4570
7403
9466
1355
4200
843
7389
7239
6893
5360
2052
3703
4752
110
6699
3852
8921
896
2508
3253
4371
9797
1816
8651
9261
6908
6773
8362
807
1239
6054
4544
6753
6726
444
3101
2431
6937
1131
1505
1102
3445
9962
5305
9199
2015
812
3012
8257
2436
313
5320
1455
2713
729
503
2027
8331
1078
6206
3050
4877
4815
6916
1274
6739
272
9931
3929
1782
9989
4617
1730
8510
4230
7547
6861
3814
3994
7808
7047
3035
3343
3796
2014
8178
5004
2256
766
7118
6101
7100
804
1764
7652
2059
2407
2539
1242
9800
9081
6244
9127
4500
335
7407
8773
6784
3391
902
279
6238
4155
7730
8025
3883
5172
4274
4554
3817
4581
7424
8482
3583
32
1992
368
2342
1978
6114
422
8336
3786
9978
520
4261
9658
5681
4273
9668
9357
3205
4436
283
9421
1830
7332
3127
1218
2044
8451
8419
8757
33
9975
3100
7937
4727
3018
7163
453
5521
7464
9930
5398
6930
3524
7616
3711
6685
2040
9041
9591
8592
5760
137
4768
8920
5669
7770
4352
6541
3441
6033
6978
211
1379
9760
7767
409
1684
2435
5484
8339
5595
6122
3134
5888
8841
9584
2471
9655
5945
6546
4397
9867
9693
9267
9636
8866
1981
7213
1746
2249
1493
1541
9507
3663
2068
100
1450
6950
5538
6509
3653
44
9807
2938
8583
4054
6698
5408
4823
1596
4843
3710
5271
1890
3863
5560
8270
348
2274
3603
8221
8668
8207
7683
1139
1423
3636
7290
1083
1393
155
6307
2267
1681
1581
1187
6675
5295
4765
824
9941
8247
9560
5421
8808
714
6021
8850
6053
4913
3527
5331
7581
3007
9774
9491
3686
4606
9385
1954
8800
836
825
3150
3164
9788
3855
9817
2479
1006
8964
5067
4552
7917
3770
8499
143
252
2732
8128
4082
6627
3840
4239
1501
1760
5112
8891
1793
5635
1255
5600
586
1951
8333
7905
2414
3260
4249
2408
1080
3385
1806
1073
9196
4023
7938
6192
9281
5473
1087
7050
8436
277
5108
5332
8061
6603
2221
8725
1584
3024
4100
8682
6303
8117
7368
5310
2800
3947
8440
473
2874
8418
64
4220
4433
8796
6741
4112
6503
4784
2728
1809
7320
3058
3504
1908
1863
2893
7442
8046
7293
918
9432
1753
1904
5478
2870
9105
5675
5802
728
8287
5384
371
264
6005
697
3056
5511
890
3437
1877
1898
3080
4432
2346
9990
3993
5126
7086
8457
6657
5430
1261
5589
662
9884
8652
3481
5666
6996
6725
9861
853
3287
9175
9666
7529
5615
8439
8597
9755
1224
5930
7509
9184
5461
5712
3003
1780
1844
7383
8469
5714
2487
8150
2141
1615
5352
331
2851
388
5804
7546
3321
4188
9625
4518
1798
4169
2867
1296
5387
6828
9571
3190
5486
5759
4720
7338
2271
2349
6081
6410
1996
80
642
7567
2931
4566
6529
4327
2236
2041
9748
2737
1106
401
6847
8586
295
3133
3506
344
5790
1118
1167
2203
8388
4151
2484
3300
7003
6024
2940
1276
4517
6706
2118
372
5719
6493
3069
9786
307
6966
8526
4812
4828
7002
7539
1479
3639
8916
8464
8265
1482
3941
5636
4844
9493
2388
9470
5998
8508
5670
4248
5392
1582
1305
4258
5772
1371
1203
3480
7522
3171
4882
4344
5653
8582
1743
7044
1862
6318
4168
5747
9258
2780
485
5151
5782
3833
2816
546
5102
3730
7352
3607
1668
6595
9529
849
1141
6211
9520
834
2507
5810
623
4990
839
5939
1310
908
8434
6399
2424
1344
2764
789
8383
5883
1637
6737
7132
3502
7572
9292
1766
3998
4479
2667
6885
97
7335
4207
1707
5645
6812
8108
1116
1866
4306
9091
4551
4152
2136
9207
9093
3513
7085
2920
7733
8620
4553
6359
1572
3652
772
4772
8212
2438
6736
1330
826
8017
8972
5794
5088
8147
776
8700
8156
9368
2268
2488
7360
378
5209
7731
3643
6656
9883
1291
9825
8248
7627
5261
601
5793
6184
448
410
4866
61
6370
4700
5123
5268
7519
3062
5545
3328
303
3251
2002
767
7396
1043
2005
179
4950
560
9229
8168
7314
4332
5572
746
8350
11
113
5590
4087
1061
4698
1225
9377
3606
8082
7885
7101
5750
2219
6804
4555
8501
8133
2283
5258
5046
9048
4540
8301
7860
9126
2530
328
621
1240
2707
8803
589
6102
7104
5418
7412
496
387
1789
7817
4435
5828
7191
3858
2688
2309
659
6069
4621
1020
7203
1607
8250
2096
2125
4071
3308
2552
4413
816
6809
3092
2735
1215
3535
7810
4132
1500
6720
8970
4114
4585
5784
8308
4253
1120
2807
5389
1135
4871
3136
8236
5573
1494
6983
3866
6485
2266
83
3455
478
2362
2345
6079
3339
9163
5952
8253
6979
9984
7463
6558
3599
841
3842
8771
844
1111
4006
1077
9998
9795
8314
5815
2316
2258
3558
4911
6225
9155
6714
5374
2229
362
9139
3266
192
696
6163
248
6283
2201
3807
5816
6531
8043
2818
5971
5533
240
9672
3216
4340
3326
9227
8758
7598
6227
1336
1334
6904
4563
7995
360
3589
9550
7210
923
8732
3700
3197
579
6264
6718
8014
4041
9387
475
985
2037
3407
7467
3920
8473
6282
1109
7313
2296
9338
7786
7948
1738
8763
8998
6490
3234
6092
2220
3612
5264
8693
3500
8756
2982
9144
6189
6449
7123
3198
9256
342
9694
1842
9134
8807
6976
3159
1546
6897
1700
7714
8279
6915
3196
8888
3236
2576
5904
4925
9764
4559
9631
6488
2762
4196
9372
2959
8667
9128
9074
6601
8754
5752
3999
8452
9991
1123
4323
3787
4448
2066
9547
6009
8214
5706
8621
8622
7098
6750
4951
4927
6660
411
8549
971
7922
8164
9678
2549
8562
7535
8184
8937
4731
6023
367
7611
4647
1438
1349
7078
5365
1910
1484
8038
3367
8589
7932
3646
862
6286
402
8536
4372
5764
6956
4180
5441
8226
6295
1698
3567
6820
2072
2510
2808
2273
8137
5700
3152
7639
8368
2279
5827
1086
8009
2126
2478
2774
3109
1555
8852
9032
7321
7629
6156
8635
8830
6562
1512
2163
7246
3199
9390
8326
5459
4562
220
1745
4260
9921
5401
7413
5854
436
2111
7340
6993
7728
5842
5997
6178
2543
7056
2631
5170
7197
4835
7544
6583
2694
1606
8593
3763
2023
9769
9245
6395
9472
7979
6420
3907
7202
4401
7233
8903
3538
1966
6424
6457
8158
3578
2230
7472
3783
3379
7369
7334
4176
4769
5783
5916
9366
1038
3887
517
2073
2087
8011
2375
5907
2604
5932
5959
7399
6663
9067
5383
2755
1887
182
3302
7884
5955
1630
5936
2751
3275
7456
5728
7151
408
8685
9851
2155
9309
2909
6870
3103
2595
7176
627
8525
9675
797
1814
7188
8957
7824
3975
4959
8188
8187
2621
8647
3289
1069
2047
3556
6834
6074
9425
3053
4080
5537
777
4098
9355
4774
2103
1602
10
7286
670
3030
4345
6472
4115
9028
1417
9241
5178
8561
4872
4664
1507
7268
851
8264
1345
8902
5168
2519
3031
2053
8776
7275
5493
3685
156
7416
5463
1563
9320
4414
2364
2752
7310
5933
7935
3398
6928
5027
6556
7543
6783
7484
312
866
2399
7789
4907
9473
1649
9667
4663
3258
8276
1965
7400
2777
7410
8415
1961
2706
9449
7538
822
4572
6486
2968
7490
8049
1440
8872
9589
5122
4163
1486
7800
6045
9446
2427
1107
229
4226
1441
7989
6414
415
1373
3257
3327
6745
8982
4577
2370
6140
8774
4265
9045
6403
4739
5438
6711
7379
7841
200
9437
8588
9062
4408
3188
4984
6256
1442
6907
9938
3598
3544
2241
9235
4298
9633
9508
9837
7536
8820
2091
7657
2513
1534
4231
259
7227
4546
4860
2856
7647
4757
506
977
4646
1710
4303
7961
1828
7807
1621
7877
4943
5322
7267
9210
262
6016
130
7184
3383
2613
705
9195
666
5419
1256
9993
653
7205
1385
357
9398
4635
1269
1931
5280
7295
9531
8375
323
501
7276
5165
6235
2034
9323
8155
126
735
7087
2786
6120
3020
2308
3294
9362
8411
3806
1411
4422
7537
9833
6043
875
9316
942
5064
9803
7802
9016
7711
258
9064
1933
6145
4861
9894
6118
3104
5902
7900
1631
9024
9845
7559
7605
2911
2337
1166
6377
9359
1005
4194
4749
2038
4501
3715
6116
8151
9238
5424
3625
1322
4715
2325
6401
373
6297
3774
1183
7124
2480
2859
3555
6683
221
9456
4475
6565
6903
9286
3439
1388
5187
3602
5019
3212
1220
6871
3921
7743
1245
4209
8993
6894
2418
3172
6434
9136
1926
8571
3076
95
9798
9615
2134
6965
2086
3892
6880
3443
7915
3896
2761
7919
6655
9652
4711
8327
1195
7614
4630
6468
6159
5325
9595
7183
900
5846
5127
8904
219
4160
6448
1143
6566
4545
1900
187
6222
7710
8548
5250
7706
1936
964
1598
3193
5107
5253
8453
9415
5111
5312
112
4801
4537
5701
9169
1103
795
6879
5314
7964
8603
7300
6208
8105
6758
5380
4609
8107
46
1728
9519
2448
2602
5038
2318
2903
247
1329
2634
1295
8115
1357
5549
2372
3742
4093
3680
9624
7558
9650
5607
3983
672
817
8851
8387
9389
8109
4446
3420
45
3778
9033
167
6636
1770
6727
6528
8052
8832
8485
8409
8008
9038
1718
4487
1266
526
6874
7282
7266
7642
6961
3464
9865
2700
8938
8974
3341
7020
8627
7632
8742
9230
458
4938
3230
6817
3180
1594
8293
5843
1627
4807
88
9827
927
864
8870
1281
6058
7845
5544
3844
5995
5742
162
9844
1316
7788
375
9859
5733
8125
8853
5133
3826
9087
3684
511
6195
2723
6884
8696
3493
7983
3184
8073
3359
6027
3528
1599
6018
846
8812
6580
5612
281
8431
2759
5953
8087
1576
6028
1457
6017
6761
1736
5218
3254
2307
9414
7144
7506
9034
5757
4140
5856
6364
1157
2626
4091
1722
3862
2574
5792
7211
8321
3167
2348
3734
5697
5369
1645
9737
9662
6829
8055
7626
8432
8346
116
7027
2853
5917
783
8906
2
5532
7886
5631
3112
2784
4966
119
929
4699
8412
3187
6641
6332
3627
8113
5619
7143
8016
7134
1161
8834
133
6985
5340
7214
5847
7476
2401
4046
6722
4632
5362
1682
657
522
4474
4073
9836
5211
4003
8989
6943
5257
7532
1848
1483
1864
710
7405
9877
7501
8654
9005
8703
8595
982
9336
9143
3421
2970
2162
2628
6453
3140
6368
2776
6590
2584
8275
131
9140
1702
2579
5083
4919
141
1076
9602
1133
5001
2586
8632
2359
1528
7446
4154
7708
6345
1975
4312
5241
7073
9047
778
3560
1452
962
2642
6890
8845
1835
6093
3886
1277
3785
5739
1405
9176
793
2708
8539
2653
4529
7207
3679
4263
8567
329
3940
5013
4313
7793
5634
8761
4670
4817
9699
6670
2469
7736
3425
8169
149
1196
5621
8358
5233
1955
1096
2659
8823
2144
1813
3264
7951
2272
6518
1769
3764
1104
5405
1750
6667
6273
4075
2918
5050
2234
6158
8925
4800
8810
4418
9598
2148
6762
512
6385
6914
1228
2130
2765
9426
992
5574
4806
6338
5817
944
4880
8666
771
9394
4648
5298
7896
2702
1209
794
4808
774
3829
8325
4687
1714
5641
7190
5833
871
4979
2360
2637
7769
6041
1840
7879
660
3337
5740
9405
1010
5065
3252
286
9290
5495
2456
9964
2286
4978
5659
5138
8422
1000
9513
2861
7359
555
6686
9573
3592
3036
3108
9351
2910
2080
1250
4596
8789
8258
9671
2426
8517
3044
75
8337
8874
637
8448
2046
3381
9848
5115
1854
5718
791
8222
622
8437
880
5579
6504
7831
5081
5089
3690
6974
5002
5720
2924
3633
6383
609
425
5346
8232
5823
5058
6520
5505
9841
7784
2270
9079
8542
9544
6635
9716
6034
731
6973
3477
3004
8272
6475
9453
4027
792
2445
1387
1675
2545
5948
979
4803
1639
831
1699
6648
7624
6525
4283
6306
121
8907
3808
1832
6148
2294
9218
9732
4321
5012
4834
3594
6891
1363
6127
6852
5366
105
9148
3913
6781
8103
7911
476
9037
3854
7952
9792
2871
4367
6946
224
8442
3756
2795
9448
9943
8584
4857
4415
9546
7253
2722
2913
7117
8600
2491
9895
7469
9842
8966
8568
9661
5143
7250
2502
7636
7602
4146
421
842
3958
3459
1130
7603
7976
2470
725
9509
3483
516
1396
4162
6154
9343
2551
7174
8298
1420
5464
3801
8198
2297
4117
8267
7154
2883
719
7326
6330
6649
9215
6618
4319
8591
8630
6254
1181
5761
237
1856
1028
5090
8134
1293
1773
9374
4461
958
952
874
7498
5543
1540
9784
4615
5689
599
6652
4227
559
1847
4300
1286
2175
2963
8136
3939
2398
8529
7473
6314
4086
1003
6452
9310
4166
6507
6822
7457
5620
9138
6220
4405
6384
505
8176
2768
7021
7924
9623
5633
5702
4746
6366
6579
6927
390
29
8658
74
9361
4514
9541
3297
4293
4308
7520
3959
5095
5685
53
8733
5674
8657
994
3083
576
1335
861
3135
9920
7712
1153
8355
8294
8605
1837
4465
9442
5602
1492
2961
2259
174
3111
9476
3296
9563
2374
6530
1194
1154
7489
3820
4426
5025
8856
7792
186
1781
3571
5526
1515
722
1525
5282
4355
4909
9679
758
3276
3667
1791
9330
4335
4383
1162
6539
2746
882
5304
2654
9190
6735
7920
5219
5212
6229
801
5269
2485
7805
1664
4957
6077
1394
1429
5987
1094
6340
2944
1660
8498
4395
7339
228
2833
3574
6388
9710
4431
1302
8100
3149
235
7653
8512
6734
9855
8683
9715
6687
9521
1004
4127
3701
9312
2227
250
4106
6134
4480
484
9946
9273
2321
1367
6747
2116
3021
6309
4002
5892
6480
2122
9027
6653
8860
4798
8106
8755
852
938
9083
1592
5432
5732
6411
4328
7441
6160
7634
5391
6259
4379
7060
7836
8140
48
4721
3624
9298
1032
2587
6510
2804
1553
4686
9799
8673
8012
5814
2442
4427
8555
2533
9116
2335
5923
3106
466
6850
4104
5466
5762
6542
1589
175
8775
8969
1051
6757
4245
676
4960
15
471
5223
5889
8671
479
4610
6776
7552
6348
9718
9181
8074
6830
9626
3183
675
4660
271
4129
8945
1188
8662
4760
4745
3905
1801
1252
3074
5499
1354
8637
180
1982
7251
8910
6350
4903
3654
8724
7116
5149
2042
2941
2865
7863
3027
197
2946
3910
6697
3358
4215
8664
1067
5642
347
564
9066
3261
9353
6080
7218
2546
3559
9226
3065
3572
2517
3632
8228
4483
1741
730
8932
8280
9814
5033
5861
6764
6431
9171
9039
4693
2242
2926
2661
177
9111
9596
1458
1810
1207
491
593
7375
1454
43
4761
4219
2344
8638
2453
6673
1891
27
8492
299
9180
4912
6224
7033
2925
396
2447
5727
8769
1957
3110
104
7436
6231
2218
634
4222
717
7987
1359
2773
3849
3788
569
1007
5654
5831
4131
7015
7666
915
2237
1549
1797
1653
7395
9759
1150
7865
7720
5372
857
4584
9857
151
2646
7565
2750
2021
8722
9753
3288
524
9403
7284
835
6495
2790
6596
9478
8768
1940
9386
6875
8767
6823
693
823
452
6433
2831
3307
2288
392
2028
468
9112
754
2838
1108
7548
4329
3406
9542
4292
8802
2007
369
2235
4884
7270
2589
9054
8818
9548
9829
3616
3026
1894
5403
7892
6241
8646
140
8697
8357
1875
5344
5047
8338
7111
4325
4954
4657
2832
1311
600
8238
2664
9818
6560
3953
8297
7037
114
1638
232
6068
1783
7422
7835
9209
4993
8190
3507
9731
7675
4781
340
8923
2265
5259
8677
1409
8504
6419
3739
7411
6876
6095
9790
8182
7468
5559
4464
2383
7745
1386
2025
72
5535
8420
1734
9433
9516
3416
8344
2610
1390
3782
4969
674
9255
1998
345
6934
1236
5093
7734
3824
8159
3884
2651
8486
1474
9056
581
8576
3063
570
3621
6404
1056
6212
4604
4644
9129
803
9518
427
7194
3505
2854
9660
8558
9108
3903
4976
5247
4183
8429
1680
381
6854
3292
7371
537
973
5773
9489
5150
6913
2534
4489
1994
6271
4515
4434
1074
201
8617
6031
3777
6378
1892
8149
6497
8521
9050
7168
7718
8323
8196
6266
461
1267
9630
4874
2353
3780
9427
8060
2366
1084
9082
2578
1771
4811
969
3002
9863
3160
1182
7306
5245
7724
5571
6632
1632
9906
7842
4539
8519
4256
8126
265
4786
442
4855
4794
2803
8514
8309
1362
686
1241
6255
3139
7297
4547
1208
4247
5668
5302
4607
2912
566
3396
5037
8070
5416
7241
7090
2677
1265
547
7083
3925
5557
6842
5849
8643
1570
8029
8006
5749
5371
8163
7166
3803
3255
5060
5866
9217
497
6104
6867
9071
268
6247
8949
7916
1655
3423
7873
2744
5189
8101
6740
7517
4889
6111
7891
6787
7630
2275
2276
6022
9384
2472
4603
590
5524
3280
5909
2979
3218
2882
9500
7287
1376
1160
2425
4296
5598
477
6684
4337
364
7366
4631
4783
4881
6341
6584
8360
8893
616
2993
6591
5913
9985
7658
1679
8704
7454
1554
6642
6278
2504
4766
5502
6477
6922
3351
4590
1117
2482
9319
9277
7752
1522
1884
4513
818
2280
9524
4963
273
4203
3705
7390
6373
4059
5661
4197
677
6466
6036
7461
3380
2638
5121
3417
888
9723
4796
6633
8553
6672
5110
4837
5415
3696
8533
4295
1626
1999
1577
9929
1223
3467
324
8020
1018
8509
7099
6423
7830
8121
8233
9957
9659
6277
8393
5326
7753
7139
2560
3472
3490
8919
7260
3070
1941
7032
6091
4974
3137
5220
8010
7007
652
3982
7887
814
3720
4853
2050
3909
4353
9160
1678
9860
1765
6626
9428
147
2778
2170
7095
9665
9123
5984
4939
1331
6984
6935
7336
9849
7946
8688
9220
1064
5053
7518
6592
7872
4425
1025
4198
1629
2209
5370
1348
2026
3332
3360
4944
168
341
6223
3963
7588
8717
1977
8698
943
8084
5317
2381
9873
6443
9945
1509
9686
8875
7918
2847
7121
6175
4937
7985
4099
932
3368
9600
9324
2717
6372
2386
8205
6400
7613
2676
7005
9461
287
7541
2599
3543
1251
1222
379
7018
9787
8491
2788
6391
7765
6674
3211
6605
7783
6608
2262
9645
1015
6844
1062
6025
9017
7186
8160
4678
3693
5153
894
4009
7222
5000
4521
1865
1657
1952
2687
7655
1610
5979
1552
7258
8004
2658
282
2775
5266
6019
9926
7590
3904
2329
7109
6906
8030
1531
912
5009
6537
2622
6167
3064
8629
2766
3859
6351
6258
9483
1774
8574
4289
7157
7771
2380
9404
4382
9729
2890
2724
6052
5040
9075
2124
9681
5487
2805
1378
3623
5691
9253
643
8021
5422
4237
2048
8837
3591
582
2553
4716
419
3604
9269
7172
7650
9395
7523
9613
8032
7093
6617
6394
9603
8363
4605
2857
2281
5550
5263
2497
5039
1687
3123
2754
664
6646
921
4816
7482
7685
6970
4021
5961
4384
7645
5381
7936
1013
457
9725
6075
4084
8806
9214
6164
3898
4045
2588
4271
7563
9233
6795
8746
7844
5348
1860
9995
9525
2682
5556
7196
1537
3836
2065
6165
9420
413
8610
5414
3310
4992
8779
4297
6492
3051
8189
7248
6694
391
2520
3054
5420
6613
6188
8342
3319
1022
5382
2326
4633
3823
5021
4081
9002
5683
5911
5056
5185
7298
5243
6026
603
6516
5409
454
7907
101
1011
1283
3570
6759
8456
8708
3630
6821
7764
827
9956
762
5457
1263
6382
775
9443
4582
5561
8454
5899
8650
3669
5756
7221
8631
2332
7612
6135
5844
1401
6252
4575
7533
4612
6455
534
9349
8319
4147
8782
4999
933
7273
7283
4918
8701
8359
513
9973
8672
887
6704
3894
9165
3850
5342
7281
6692
5327
8712
769
993
3533
4316
4804
9120
1906
8985
1298
1790
9647
1485
7357
3950
732
7869
551
6729
7378
9477
8389
150
2829
6785
2299
4053
8332
1443
9789
6425
4280
8714
9801
92
4438
2252
8787
1002
7984
4024
244
9948
8354
9265
7986
7308
3590
4759
8335
3293
438
5454
7092
5029
6319
3376
8183
5407
8952
4173
7316
3954
8003
7077
2269
8943
4771
4320
2029
6039
6289
9
9102
9250
2433
2039
901
5175
5139
9242
6381
8563
9578
9044
9189
7013
7621
1400
9528
8842
7305
4988
3299
9592
2473
5885
3283
720
583
8528
2350
5213
5534
1231
7420
1677
3666
4634
3492
146
4018
4797
7115
9981
7950
9872
4586
2493
998
94
2320
4286
1036
8824
4012
4120
9551
2666
4738
2166
1636
5174
7573
9581
6083
9221
531
6386
1
1212
8193
879
2333
893
6664
305
2354
8174
296
8867
6878
1529
8195
1337
713
5606
4724
5452
1049
7570
3635
7462
7527
2884
366
682
9418
9439
692
4549
4430
4601
1593
7081
1595
9870
9380
4378
2748
678
261
4655
3142
1786
532
9608
7317
3885
2079
5767
3377
9266
6082
7452
7851
1343
9735
1468
6780
1473
9014
4360
4134
5099
7245
1758
6329
5119
4171
2459
2698
3750
7707
3605
1259
3908
7625
4732
6994
8027
7225
3766
2668
5279
1257
3268
858
6274
1119
189
6360
1237
6900
1976
6658
8063
5611
594
6313
4737
1779
2835
8037
3876
4550
4580
4856
6895
9257
3147
389
7596
2011
2409
9026
9879
5306
5713
7525
5617
4305
1761
3426
8531
7192
9766
2660
5125
8072
5884
6106
2623
3347
2419
7858
3499
8670
727
3952
4210
2358
8175
2246
5656
5736
4478
661
465
8940
5640
3503
1603
7025
1436
7217
9088
2013
9187
8317
6551
4346
2612
1946
3336
8594
3165
9237
7373
6535
618
8897
5334
417
3725
9162
3519
2217
619
5785
2012
1068
5205
5359
5278
5390
1670
3356
9364
6540
671
740
7866
251
4029
6710
1287
4225
4519
7038
7890
2603
6774
533
176
7577
770
5968
6249
4883
4234
7480
9115
1665
9243
9419
3871
7438
8210
7019
5131
7431
3579
9058
5626
6838
374
8039
1733
4576
4376
6801
6105
3608
750
1097
5490
1148
2822
9880
5435
4929
3231
2391
6072
8428
383
2869
6576
3626
8645
5978
8406
7726
3804
4287
9646
7746
7319
6865
8799
3716
7226
6214
635
6302
9712
9958
4486
5303
9331
3641
7402
914
5986
4324
3537
3582
5972
7496
6015
1740
326
3723
2980
4102
2802
1176
4143
6038
1686
669
9687
6799
5652
4763
4665
2292
9923
9804
1214
9103
7925
9407
5555
9934
67
6553
4894
6304
5563
6312
4195
8540
5492
867
7825
1146
8104
5690
5018
7148
9090
9756
9246
1535
9200
1652
9429
7392
9373
963
3323
3067
6084
4504
9821
7684
5345
5188
2132
9069
4704
420
7409
2888
2715
2848
9611
6788
6358
1717
148
1211
5725
9628
6619
9823
1990
8152
3342
6141
2699
1823
5687
1029
604
5853
3148
2081
7847
748
8459
1551
489
7966
8676
5950
3378
3834
3173
7122
1536
8749
3281
1008
4638
2935
9219
1612
7497
9740
7433
9685
703
5906
3924
8880
236
495
779
5676
2585
4706
3722
7864
55
8590
7816
8466
9915
1235
1905
4735
4057
8438
3446
5321
6832
521
2449
9325
7492
2691
1690
768
8181
6250
711
3880
3984
4011
9567
3430
2254
4923
3238
6910
4495
8609
5446
4318
2347
1202
8098
3861
2743
9579
3428
2736
6964
7419
7187
3611
9614
6557
183
1422
5515
2632
9605
1323
3655
406
2045
7775
8918
3949
4886
3125
502
353
1284
7671
9713
8058
8623
7228
5723
3226
4462
6248
451
24
5825
8051
6209
2655
2475
4135
5568
7156
6499
1216
3316
5929
1433
6769
1480
6265
4613
7898
9393
1579
3990
7852
9813
2185
7110
7861
4492
7980
8343
9315
4095
138
2437
9535
948
1634
5254
4334
5096
3962
193
1375
3066
7114
7812
117
743
6196
9444
3568
6749
3028
813
9464
4343
9572
3119
5277
4847
4822
7230
4333
1391
5622
3099
5871
4592
4014
7372
9618
6841
4150
6037
7975
6532
2526
1628
1306
125
9484
4898
3923
981
8825
6733
7850
2727
7876
2003
4463
552
3246
270
7385
2263
6701
1358
9974
9487
6459
9882
3138
9146
3482
4726
5835
5716
9765
6502
9704
2793
7994
5774
3201
3837
5434
8472
3055
2389
1605
7147
2239
4629
4276
9886
9721
4221
4182
6
5272
8477
2801
7049
2614
8139
4692
7408
7883
7569
6501
4965
7881
5912
9561
3418
6869
4845
6293
1829
5780
7912
2998
1044
2669
1292
215
8751
3384
4109
426
8958
756
2145
6099
8378
3081
3400
227
3922
6280
6942
3617
2439
8905
441
7418
5801
2168
7880
2990
9084
3674
3744
3945
8503
8557
3937
3587
5531
1279
376
1776
4428
2462
1972
9967
7827
2240
7929
984
3042
7669
6463
188
5338
3540
694
5729
3935
2606
1654
325
1115
3204
2197
5292
9902
2697
2452
9335
4076
4688
218
708
4932
6050
5010
3045
1543
3845
1156
1643
6270
7234
4339
3691
6137
2611
6682
2794
9840
5554
5020
1301
2836
959
1413
1573
5934
4522
990
8089
8524
7257
3277
1307
9970
7042
7344
4026
86
9494
9276
7097
780
1088
663
249
8689
66
7353
1475
2077
2222
7465
1817
4723
638
5079
1121
8550
5208
7701
333
8843
9903
987
2648
3563
8374
658
5300
5395
2212
909
8302
8502
3746
7722
8835
0
8076
294
928
787
5540
3512
785
9053
5558
1872
7606
5848
6800
5754
9213
5329
118
298
2024
2033
7618
4144
6998
4390
5655
9278
5529
7075
3374
541
9593
2343
910
8770
26
7102
3668
7631
5449
3038
8801
5839
7619
8463
4567
3673
5867
1314
7459
5698
8281
5878
7953
2351
5016
7199
8249
3821
7055
49
1498
1925
1170
4996
8394
5057
223
8895
4123
6975
7271
7679
956
3052
7039
3366
5140
6986
7875
2541
1768
8085
6405
2518
5075
5105
4330
1701
4244
2781
3115
3224
6630
1364
4888
9980
2544
7531
8884
380
8790
9515
7556
7672
9154
5055
4036
4941
5
8142
9408
9485
3141
4228
4242
5569
3006
1802
6465
8237
5999
2250
4358
1588
6389
7343
8736
704
4873
2721
747
5226
5776
5433
9409
3516
3961
6756
8315
9431
8505
8644
492
3813
6387
5811
5509
9838
6406
5052
9874
4683
3436
855
3118
7943
129
6833
6369
2927
9653
4365
412
7429
5274
7798
5141
3158
6831
4034
7693
9107
9178
4290
464
9538
2232
54
5746
6397
1024
2078
9015
9656
6198
8172
318
8223
5180
6763
5054
3284
1751
5769
2826
2872
3773
60
3290
6607
9019
9065
4189
1432
4058
2352
3525
6139
5035
6483
2291
4764
7897
2897
4788
8480
3677
9612
2215
2138
9576
5536
99
1272
2663
1880
4113
3816
2341
3022
7660
6953
3687
9794
8167
6969
7204
1748
3468
5758
4277
9413
1822
430
8707
2966
4092
939
1332
7417
6087
5855
8148
5869
2960
3318
7448
2849
5809
3818
2945
6407
4755
7142
2244
337
7931
4069
6180
7285
5721
6294
253
9783
7325
5517
2792
1747
7575
5159
8760
4488
4614
4223
1915
8935
1184
689
7235
5770
5294
3970
3912
8615
3762
4392
9451
2992
5657
2289
3919
8507
3520
6436
7687
1930
1016
1424
9161
5045
1009
4199
2101
8062
5308
1578
7996
3805
625
5872
1414
7458
2405
3593
9651
3530
8449
9272
4482
1070
7346
9705
2583
4126
945
8500
3245
4821
1705
3162
745
7829
3447
2006
1754
860
9100
4962
9332
9118
1614
6129
5836
9147
4528
2657
2593
6110
8862
7040
2771
891
1716
8633
5974
530
1964
6149
59
1715
889
2986
2082
1544
3344
3303
9287
2477
5137
4393
6588
3340
5358
4975
1912
58
4085
6949
6628
9936
1821
3798
3588
2563
455
7591
7430
2016
2904
306
9348
2650
8143
8203
7756
6629
9249
4758
332
7136
6067
7141
4935
8656
7137
1459
8028
2685
2876
9657
3419
1035
304
5976
2127
4536
2753
3601
4695
5983
9779
3461
829
6523
1545
6138
9809
1749
3523
4751
4341
5190
5162
19
120
8050
4128
759
9424
4266
2214
3585
7661
6796
7723
7610
52
571
7014
9556
5062
8678
3363
6308
7024
9992
2957
7607
7206
1706
6055
2301
9728
3740
5897
9635
5982
2174
433
8202
1082
6421
4953
9777
6892
5896
285
7162
6324
4122
6464
5717
6791
1804
8846
607
1137
9110
4307
5941
6239
1574
7534
2954
8496
5423
185
9604
6097
9131
2238
5179
7449
8931
6621
6748
4879
9191
6573
5349
8313
7837
4639
8024
7453
9327
5147
1221
2483
2819
5699
8260
2662
7153
1453
5864
2745
5199
9698
8263
5202
5938
8705
9924
2460
28
1412
1836
8624
1935
2412
5080
3873
4402
500
5006
7062
9055
6709
1647
5483
8487
8917
4790
7499
9114
2461
5829
4354
2916
9438
5428
6814
907
9523
3410
7294
2823
1085
1667
9025
3250
4121
449
6813
9151
9018
3279
5937
6444
164
5981
4385
9707
7797
9085
9397
4690
6666
5840
7853
7355
5042
1659
8674
2417
8544
7238
4270
2598
3235
3025
9988
3129
9575
2525
3848
8229
7161
6251
8546
1824
8364
3186
3451
6997
2763
8950
7644
5181
2812
1669
9013
7997
4622
7747
459
4682
6840
3712
4511
3433
3229
9826
1868
6176
1881
2590
9965
3889
3989
4875
8687
4005
3960
7131
5135
5513
1772
6228
2428
2135
8814
8475
4989
3874
2371
5118
3707
7215
2084
6586
330
9937
8848
930
7318
3629
2157
2384
5193
5960
2210
9607
23
9076
3851
1895
3469
6331
5737
3088
5928
1795
5221
7906
2194
884
7401
936
572
9078
6044
4981
4206
5765
9876
5601
5275
2032
4377
1174
5101
4476
7649
4269
2564
8523
7466
9216
8996
8882
377
2486
4193
5011
3353
782
9179
1478
9329
5703
4527
9587
65
8715
2009
428
5686
4032
8819
8
5800
4472
9063
1325
7094
8863
30
8391
8887
2868
3554
5393
8606
2908
8883
976
6408
8220
2191
6349
9436
3248
9566
7455
474
8208
5898
9347
7998
3476
1095
8077
5227
3977
701
3335
941
2783
9758
4031
6940
9545
5903
2824
4791
9730
2846
2330
9574
2782
1590
4056
1969
2207
3595
5577
4995
9680
5469
667
4703
8738
5104
8596
9441
1532
7304
8013
3415
7704
916
755
4192
3532
7583
8005
6765
9847
7904
7584
7058
3580
8352
6609
1027
1304
3996
9963
214
1199
5049
5335
5992
3206
4077
4311
2972
3664
2799
2499
6219
447
2557
7971
7894
4507
1539
7749
7487
2738
2705
9517
9570
3676
6816
808
7486
3130
6572
463
6473
8386
5803
2305
9339
3267
9858
9617
2108
3496
7393
8614
946
8425
7119
480
6612
504
3016
6808
1516
9901
3495
5077
1921
9345
7303
6926
8719
5061
6013
7694
3955
5627
3450
6317
5504
7439
3776
8007
5751
9099
3093
5753
1489
3835
9502
2561
3389
7208
8953
8382
6578
937
5460
8274
1071
3113
4818
3019
6263
1504
2625
3309
1871
9569
3195
2070
7034
3522
9270
9288
9850
545
4799
7888
3203
2524
2298
7103
5996
7006
3832
9133
7776
4509
9719
2067
5031
4262
6742
6620
3860
7388
6147
4442
1431
8772
4362
5474
1524
7272
5927
3865
5246
8400
9283
1752
7974
4498
724
1288
8611
4259
1870
4038
5954
9271
3239
5570
4905
2644
311
613
6837
4810
8730
1099
7349
6977
8057
7185
7763
9997
5195
8655
646
8197
7555
4043
9467
6461
9504
7170
289
8460
6958
2567
115
8361
8530
3010
7089
2129
5217
4679
4730
8040
1327
8839
9073
3991
8445
1689
1300
6700
6868
1924
1979
3749
1561
4275
806
9933
2202
5229
7862
4532
7540
7150
8433
3208
4235
4284
3709
7164
8699
6754
5614
7754
7299
96
1827
5356
8341
553
6728
398
2069
630
166
1368
562
8745
6707
9095
2591
9311
8766
4443
7620
2796
1398
3846
7676
6577
2647
3033
4901
5910
5394
7278
8886
5730
1688
8838
8379
648
7120
6527
3628
1805
7377
6703
6299
242
3269
3452
3301
9492
4917
9334
4035
6417
5918
4049
6202
2285
4702
2672
1191
8495
210
668
3329
3037
8625
4454
5354
3638
8468
36
8201
9396
4399
1989
2105
3575
6959
320
2178
9192
4217
6920
9986
8748
3271
5367
3838
4672
7026
3305
8367
5198
1046
749
4814
7947
2726
737
3927
2991
1289
4986
1796
2287
2063
9588
7052
4643
6065
9582
2031
9782
8430
6268
8865
8427
5311
8710
338
4914
5157
2886
4039
1694
4174
5442
6730
4728
1416
4407
7562
9474
3615
5851
4777
3143
3460
4778
810
568
9170
4310
5388
6243
2506
700
9940
2180
8570
5171
3403
7165
5863
1646
1430
926
8954
456
1254
2806
334
9300
988
4668
1180
628
1098
9125
1179
8179
2811
1460
4588
508
1641
4278
4666
194
3768
6085
2917
3465
4116
9080
1060
5024
9304
1958
63
2109
6716
773
4802
9225
3995
8478
1712
3704
6210
3086
263
7091
1197
6955
2809
5608
8018
4440
4947
2393
85
5497
4357
4503
2458
7414
1616
8640
4893
1913
5985
1372
7840
3689
9720
8153
5966
1968
869
78
3438
5113
3444
1666
1742
6257
8679
5041
5820
9222
2971
7744
9925
1683
5444
3637
6010
1663
4862
5748
1991
109
5672
51
5962
6438
4187
980
3432
6515
4535
6000
7084
1775
3494
139
523
897
4291
4956
487
2284
2454
2142
3916
3697
386
2051
8245
2004
9109
2171
8578
4620
3942
6564
8405
3357
2216
5265
4651
5234
1914
4317
573
3741
8256
316
5092
9166
837
3352
7759
8146
2387
9853
9830
1808
2673
2619
3881
6846
6376
5648
136
5116
2692
3792
878
2948
4445
2949
8435
2489
6611
9440
8532
6151
1777
8423
3997
2208
5364
9284
5262
7524
6634
4067
3517
5477
9412
2420
6396
5818
4669
5583
1526
8926
535
7633
4460
9771
363
3233
9711
6616
7415
588
7516
8239
7088
4561
6287
7554
2394
2076
5351
1820
9141
5584
3333
7715
3809
2113
9401
4782
1767
5552
2120
5520
1510
9831
8900
1369
4451
9367
4869
5514
3084
3915
7878
2423
8376
856
2128
1967
6076
8224
873
1410
8311
7682
8130
4920
9302
7741
3355
9594
4972
9164
1565
7795
4863
9669
5288
5580
1943
5128
3631
6597
4178
9354
6253
7962
9543
3985
3964
7738
6623
1147
8356
9643
8659
7941
3737
2665
42
949
6412
1319
1340
6513
6911
9539
6427
9322
4994
8585
1729
5921
2311
6272
7968
6772
9568
7934
809
2071
2313
6798
7333
3815
9983
8283
9104
199
8727
5328
1382
1381
4349
2251
7960
1169
7247
79
4496
7967
6968
6802
2327
6960
6260
9868
481
302
5975
2406
1125
3412
4052
2570
3765
9455
7358
8209
7432
7838
4787
7240
1799
1960
1959
5160
2928
1155
6995
1586
5003
8458
5743
6849
4019
6292
1278
7342
2600
8991
4589
8282
5647
9122
7867
7972
4161
5117
6782
6182
9236
4673
7391
4424
4007
9554
9445
135
1778
6901
6921
4640
9616
4548
8873
7622
4158
7870
5471
1034
2147
4061
1676
4574
6909
820
434
4747
5576
1059
5318
3660
2649
9761
9402
7254
1704
2451
4315
931
4859
1333
1313
5510
5378
2415
498
462
9416
8095
3217
8861
2607
82
6723
1350
1756
9896
7374
2123
947
3382
3286
4560
4915
6864
1312
2150
7703
8973
5239
821
3117
5980
4948
510
4351
6755
6204
911
5616
4949
2010
2842
9346
6625
6489
6797
4350
7604
1949
3263
3270
7659
1190
8447
3462
1037
9622
1066
538
3609
8262
3078
3207
3779
3760
7444
7695
5231
9763
5630
5857
450
8695
9806
8273
6992
9900
3241
1081
4602
308
4754
6889
8871
6353
9296
3552
7475
684
6171
4420
7903
1651
3981
6328
6924
6086
8948
9951
6768
764
2149
8481
3192
9262
7107
4243
9101
3728
1514
5522
3091
6454
7834
9810
2226
1110
5547
2969
2099
203
7178
4481
403
4982
9289
9641
1962
4530
7772
2559
6096
7856
9410
424
7909
6873
9150
2331
5467
8165
9326
6090
8300
4725
1869
1873
9506
2987
8166
1205
7761
5458
870
5491
2875
3102
8795
2627
5270
802
7269
935
4524
8857
6462
3584
1953
1495
7404
1477
7901
6066
1152
3901
3463
6668
6882
819
1851
9897
7445
828
9966
8365
91
575
4510
8892
4167
3831
8728
1175
8936
9094
1437
5625
5639
7054
4933
6047
2466
4133
2367
4186
315
8876
5290
2573
3350
1449
9864
6836
8956
7256
9376
5256
2760
1672
432
2198
6751
8122
8513
5946
6126
4676
6654
2540
6770
7959
209
418
3748
1918
3015
2581
7781
2531
2140
2190
5084
7470
6896
6696
6902
5228
9168
3597
8216
269
6545
7495
6458
6166
4743
2304
4396
1014
9703
9597
2548
2020
22
6843
8001
2983
5236
7811
5744
7386
6061
4497
3191
1204
2245
8278
8255
7376
4090
5738
8577
7201
2503
2895
4411
7899
5453
6152
3681
3721
6778
5807
3906
9871
9619
2710
7553
4368
9999
3324
4885
3434
107
838
4184
5402
1244
1142
8171
5145
865
2994
7854
7279
2905
4997
4359
9959
4792
2060
6982
5248
3346
6547
399
2434
7779
7347
3304
9232
144
6379
3001
8114
4314
5161
8804
2498
7500
8398
3841
8636
4375
8811
9819
122
3613
2300
5908
8959
1262
5375
6355
3395
7494
12
9599
8815
6136
4499
3120
5026
1023
9621
9639
8118
2156
4827
8694
9734
6999
805
7477
9007
8791
561
2085
7493
4858
4652
1691
1352
3330
7173
9152
563
163
9505
8065
2834
7053
6215
7443
4149
1419
4696
9337
6794
2172
6169
3487
6237
2107
7719
3168
1055
6752
8933
9846
1950
5005
5791
7977
322
165
5850
6128
8488
7365
8306
8634
9462
1126
6333
8254
2176
5094
2936
1448
9553
5316
3181
2568
9677
2885
3534
3827
4229
591
7688
8547
3401
2919
5931
8601
3157
9305
1980
7796
5309
8977
5905
8329
738
3185
2205
5735
2537
8090
550
7957
6767
2338
1517
1470
4748
9706
6599
3847
8858
1846
5660
5210
7012
5439
6321
3644
718
2616
3930
9499
3424
3060
8968
9294
8855
9688
3758
5451
7560
7526
5925
2522
1506
9167
9609
7740
608
690
5991
2877
7773
9020
1693
2019
3265
3095
9642
5949
1072
3369
7944
1317
7380
1140
2813
3153
5176
4042
3928
9745
8726
5136
4255
7001
3331
8322
9780
631
5406
2390
3868
6561
9530
5073
3411
5120
8324
2055
5315
1784
1232
7823
7638
5297
649
9383
4028
6708
7223
5768
405
986
2421
2400
470
4662
721
8680
7264
8675
7212
5799
9540
8896
8626
5313
7140
4719
6575
3702
3943
4568
3000
1812
895
6119
3767
8384
5044
3642
5587
7023
687
8901
5462
4705
6144
8878
784
9776
2947
2062
7739
5679
5071
5068
1939
6552
7780
4437
5479
284
4213
8041
1464
3784
38
6839
2967
6205
486
3706
8304
2641
2494
4840
2231
2686
9664
7551
7839
7826
8251
7237
8348
6659
124
6991
8889
883
2850
6193
6242
3878
6337
9119
2396
8747
8091
2887
5177
6678
1315
7491
8069
7302
6057
142
4348
7992
9670
6177
4967
6398
4108
9244
4983
7973
3733
6917
1374
9435
8965
8829
81
8515
4709
8353
5581
2339
234
4598
681
9149
8663
9564
5203
6059
2529
2314
5862
8980
9172
9264
3334
5741
8909
5252
9634
2104
2566
7331
2523
4624
8955
2703
7566
4718
9793
5232
5565
5235
314
3659
9303
170
2422
3314
8218
7646
6100
7978
6951
9627
1735
605
3596
8822
1671
8669
602
5519
2569
8660
4542
1727
9843
6615
5592
2282
3209
8408
796
8129
7699
7809
2315
2894
6925
9815
9746
6669
5922
4922
7485
6886
4618
8608
4558
4204
8199
2841
5197
6948
9691
7169
2656
2416
8828
6185
2575
655
5603
2880
2902
4701
6803
6380
8444
9909
160
5562
848
1303
2934
8349
7930
4836
877
5578
4412
2492
2899
5658
7641
3029
8784
2146
3891
8619
2440
515
1547
275
8131
5832
8545
8299
6197
3651
3122
6390
7288
5289
1613
62
688
8580
3755
7913
6051
8483
3146
565
8990
8401
3547
3221
9701
172
1346
5895
4065
3986
1723
3856
9363
6508
6402
4795
3456
7813
239
3131
3272
955
9423
972
1282
1253
9279
9205
4124
1562
548
3
288
9452
6650
1825
9534
1497
2199
9260
5724
7263
7982
6574
4097
507
6702
2261
6569
1476
8026
830
6131
9457
2956
7637
145
7125
3116
5129
7421
171
9469
3453
2324
8743
3649
5671
274
8961
940
4267
3473
184
1550
8461
2785
9839
3893
1122
5085
7428
490
3408
8035
6810
9878
354
2334
1648
7742
9654
5965
7587
5427
7895
7748
2984
5043
34
1012
3348
2365
6221
7635
1620
4593
8330
159
4661
8261
4591
1129
5673
4285
3946
351
3800
6559
2527
6855
2253
9773
2962
7601
1053
6963
6474
8565
358
3322
7048
1899
2572
6098
2635
5539
6888
5238
7958
2183
6190
9950
7041
5363
404
6471
4299
4022
5066
906
7923
8173
9905
1395
5704
6014
4216
5707
8681
4526
5152
4571
7790
4137
3247
8984
1720
2758
1902
8019
6172
1792
1883
5281
4281
3934
9738
7729
3405
1903
5417
2950
4908
7832
7481
8064
3244
5745
3724
1365
5993
4047
5324
9340
1513
7158
5663
5343
8045
9046
9885
8868
1040
499
3497
4697
9912
3394
9537
4212
5411
9382
3291
8399
1947
6124
1920
7096
9186
5841
6494
4030
4159
6327
3565
4185
4421
181
1321
9976
7690
9293
317
7530
2711
4458
7435
3075
472
7198
8785
5496
1556
4525
9313
7130
7
5472
6269
8581
4380
3717
9526
7232
6352
8960
2742
5377
2278
9010
542
6637
3573
6721
3320
6296
8780
1490
5154
9490
2787
1144
4825
4272
8351
632
8000
8753
8924
8243
9052
527
2464
3938
5148
9342
6967
9805
3992
8538
6622
9714
5333
5694
9142
4471
999
1942
9135
6771
2290
5319
2670
3259
276
4279
9709
892
557
6987
8690
8215
1258
3656
9240
9514
3576
4896
1569
2629
3566
736
903
25
6334
4849
610
8908
8192
1383
3536
7592
3068
7692
5875
8083
1721
4241
8334
1617
4079
435
7231
6512
9875
8241
3979
3370
4201
8162
2747
5240
6638
2092
2601
1945
5260
1163
2064
3718
9497
5355
9890
7791
2455
6514
6230
3698
1058
757
3899
6415
4713
6428
2413
2089
4599
5821
6521
4831
8277
3124
9927
416
7028
9121
4565
5891
18
9979
6944
6811
7145
4179
3361
1370
4691
5291
744
5957
3772
9781
9495
9695
6971
3174
2858
9411
2094
2767
9459
7804
9285
4780
4484
6002
6281
7127
370
8246
1850
2061
7991
6089
5072
6647
3661
226
695
9892
2213
5755
6262
6162
9557
8752
4119
6442
8885
7398
7700
7010
5812
4468
3793
640
8099
1456
9482
7076
3082
6484
5048
1874
4608
2939
2206
8396
6818
238
6362
6665
9775
518
6534
2901
1983
3161
8877
8639
9475
2988
1299
292
5644
1280
2095
5596
3262
1136
8894
6040
741
6933
2943
2643
6533
7068
6862
7507
7667
7182
2951
3311
8340
3223
8305
346
1919
4722
9752
6183
5789
6284
40
8296
1845
9203
103
9098
9011
1113
5109
961
1421
3399
9907
2446
4363
3243
5396
5541
9422
300
6367
5425
1406
6191
4294
8777
9918
5244
8372
6732
4233
8034
4088
437
3094
8345
5368
4456
1633
8067
3917
1217
8602
321
3890
4945
1542
6422
7648
8312
7301
6213
7030
1697
207
4157
9206
5837
2356
2645
9159
2368
1624
291
1227
4899
2323
2392
5242
9692
5086
9558
3645
5695
4175
8573
9811
9000
1755
9914
1917
3577
3879
4900
2739
1052
5410
5988
6032
6715
706
6826
2228
3237
1948
4776
6932
8053
8607
6049
8554
9202
2382
7586
716
4779
8720
2074
3897
1384
8718
217
365
9565
7129
1091
4628
4734
4342
7988
3349
3771
2814
3393
5967
6450
1502
5470
2264
3618
4404
1339
1831
957
6554
9137
8371
7423
4455
35
5030
8516
7329
1737
8031
1692
205
4762
1229
1642
9223
8731
3371
790
1151
3182
1713
3650
2336
2154
2137
9767
4770
2373
6945
7356
3967
1896
7643
4667
7510
4309
6416
544
8413
6719
6232
5705
5114
8177
6585
5412
9910
9454
4025
6712
9211
5876
7209
3761
5989
1132
7940
4846
4587
9852
5488
950
5805
213
4534
6435
3151
9751
8213
2769
8739
2528
1127
3732
712
8402
2617
1819
7654
6125
2844
1285
6233
469
7942
14
3972
3166
8284
93
2106
4980
3508
1114
2965
3550
2674
6261
9248
965
2022
7698
6132
5091
6218
3240
9004
6011
1815
8462
1124
5399
4870
5649
1294
6142
4165
1177
3048
7311
8744
7354
9919
6582
2693
3932
953
7766
8599
327
8734
3011
1997
9640
4573
5476
5693
8653
5166
1189
3918
8206
9960
4892
7242
4467
3726
8426
4523
1041
4485
8102
5361
4459
7460
4062
6056
997
1168
4742
8613
4712
8036
656
2873
8497
2716
5613
8054
2379
7815
5215
157
216
2317
7045
5886
3041
7737
3039
5731
3956
577
3980
2580
301
7585
1402
7072
1201
2538
9708
9097
2605
1206
1533
2225
3747
293
4439
7774
1065
3794
580
7819
2930
850
1834
4653
439
4016
13
4658
5708
6007
8821
9862
8320
8641
539
3738
2310
8484
6705
5678
6989
483
9510
9350
9247
4148
7893
2169
2411
9369
6923
5167
5940
4364
423
1508
8266
1491
4868
5834
8809
1172
7820
3414
578
4387
6478
1623
5806
2193
5230
4366
6952
2535
1042
9673
3454
2293
4107
1271
4744
5893
1852
1090
951
2030
8927
1548
3486
4674
2689
5516
9291
3870
4138
7528
5357
2907
1268
9156
1033
3926
751
3614
3107
1885
549
2862
7609
6524
3875
2881
1611
8252
3825
2500
6981
5877
8307
7261
8328
158
9917
4236
8369
592
6851
4685
1446
885
6786
3014
8913
3177
7969
4740
4502
4419
1807
7589
6240
9197
4070
6496
2798
968
3126
5296
1186
9683
7512
1928
1100
397
230
7322
5597
2915
1826
9259
5964
6078
9856
6460
4520
6130
6115
881
2340
5087
5779
2921
4671
9969
9358
6310
8999
9263
1320
4252
2810
6344
5482
3362
9465
2100
2937
5183
6570
9891
3170
9275
20
2443
3828
1587
4118
8094
7155
6936
647
2712
899
854
611
9590
8397
574
543
7926
8119
6624
6418
5214
1101
6644
9378
7735
8370
280
9049
9224
3338
493
9356
5665
1079
651
2840
6042
5385
7016
8569
3620
7702
2114
3470
5963
9796
9559
1418
7348
9741
2110
5638
5173
5586
9430
2410
7009
7337
3312
1270
9092
4626
8788
3144
7785
733
2233
3872
2161
5431
256
7777
2978
1017
4017
4111
5588
3708
7309
4078
4232
6447
5609
2363
4068
4512
8847
3564
6695
898
1759
598
5667
966
7219
595
7928
5726
4370
7908
1031
9036
3478
7933
1226
7778
2112
7755
3819
8898
3085
4347
56
2929
554
257
7542
8929
2196
3719
8044
7949
9031
278
212
5651
9008
7328
71
739
8194
3671
4838
4714
8161
1564
7017
654
9961
1580
8219
1397
7965
3440
7471
1907
7670
1326
5436
6563
7059
5650
3114
8404
9606
4627
2515
9676
1650
4636
8781
4130
6866
7713
3155
5797
394
4824
3561
4473
7515
127
868
2173
8079
4208
2357
6779
8191
5637
8120
8992
9754
3225
3498
7138
5299
4775
6651
8983
153
243
2975
5943
7686
8410
3435
2017
4659
8112
9824
1290
9828
8123
5711
7043
585
2542
3484
3402
1057
3729
7799
5330
1530
5880
5284
5237
5894
2057
2756
7315
4264
8310
359
8692
7189
1927
2675
7727
1380
8092
5293
7954
7177
7135
3387
633
2397
9549
6186
1230
3215
7956
6062
4916
2720
195
4878
4826
6336
8735
9610
974
3228
3145
3791
21
3539
7387
5429
2973
3657
5196
4753
7384
39
1428
8518
6201
4809
108
6288
3413
9486
6112
5826
2995
5775
2188
8879
7479
6689
698
7224
3839
886
8511
191
5567
1243
4820
6445
6912
7159
5032
7571
3485
2189
6226
8854
1644
3877
641
847
1558
429
6046
5624
8285
3812
5970
1039
7483
5098
1855
2958
5838
4063
350
6815
1818
3097
7505
9314
4139
3079
6153
1264
8068
132
7681
1519
2211
5376
2618
4374
6030
5623
4417
5787
1937
1463
4890
3404
7362
3811
4557
6354
8618
7803
3895
1674
8691
3510
3298
1838
3682
7327
8033
1308
1757
9778
1112
2441
4675
1878
9816
2830
2058
7910
7821
5124
9447
4968
1640
5069
3175
76
6766
9835
8537
5022
567
7427
8911
1351
2097
5512
5528
206
925
57
8292
3057
1403
4452
5443
8494
5014
1708
7066
7149
8934
8793
9460
2554
6143
2450
9068
7750
5582
6246
3751
3176
7381
4842
5530
6356
3163
7717
4654
1185
4508
2714
1971
9496
8598
1045
6645
1145
9820
1567
1662
4105
2302
5164
4066
31
7046
9888
2718
8225
2377
5548
5575
8711
3458
6957
9306
6361
6606
8455
5830
9371
3325
1911
4506
8380
8665
5379
8813
7680
4089
1521
2891
1901
9251
5063
1973
2952
9009
4973
1763
9463
1063
7970
3531
6919
7760
9770
5224
4543
9344
7664
540
73
3694
6374
445
9188
241
9955
6429
9399
5200
3914
5604
4955
9208
6357
4388
2131
8268
440
9812
8587
9381
7801
9532
3132
9297
2592
8059
6207
6316
9689
2509
9193
8702
4268
4190
7955
1439
4625
4441
9318
5386
4177
336
7981
6020
2757
1328
8765
9051
4409
1238
7167
1047
3957
1527
90
9889
5778
4597
9644
5015
8395
2684
760
3077
6790
4830
3043
1916
3969
7437
6881
6150
3009
3386
98
8086
4637
811
6469
384
4470
9231
1392
3562
2815
5682
6437
3662
1732
68
5036
9201
7000
2558
528
1134
3179
3551
781
3427
4000
1075
460
9648
1858
1408
7716
7561
7274
4970
8227
2322
7939
7640
2889
5404
3743
8997
1861
6593
9434
629
9739
5734
597
3232
1472
7751
1248
685
3757
6760
7070
8527
4072
5662
6476
5347
840
161
2035
6691
6690
5688
2521
9932
3869
7064
7277
6113
154
6290
1583
2361
3735
9586
4694
4741
9749
4050
1724
7011
4447
2547
763
7503
1341
3948
3754
6713
6279
9124
5008
9471
3098
5646
7394
6217
1568
7514
699
1342
2594
1447
5956
9077
8840
6285
4282
919
799
8941
6938
6805
1889
9702
707
2827
8786
4680
1986
1415
7133
3047
3219
2597
2709
5525
8042
5400
4876
4516
9904
9042
7244
6581
2260
2997
7323
3090
2378
2248
7846
2179
6121
356
1849
8649
1213
3392
5225
9533
8316
9301
2355
6548
9295
6860
5283
1105
2247
7662
4153
9744
8723
8836
6604
8096
8291
6568
6777
5542
2159
5710
1462
3665
761
3013
753
6544
7576
1461
8381
1601
7112
6676
8759
267
673
6980
5007
1944
6491
4004
8441
7243
2184
8093
6536
2999
8185
5969
2165
1050
6905
8864
3640
1897
1377
4336
8987
4829
9522
620
7787
355
3008
9182
1523
5887
8963
4304
2164
4833
3830
4491
4096
7067
2582
8978
7623
4904
169
558
9379
290
9145
5722
8474
5437
8075
8157
2402
5914
2977
4689
612
7195
4921
4214
6602
4145
5553
2224
4060
9935
2828
4141
587
596
2115
8476
4386
3526
2395
3541
5771
1275
8616
4773
5249
800
7696
1026
4934
8778
6203
9908
5485
9333
6441
3797
7732
7216
8290
3752
8417
4394
1571
4645
650
9722
7848
6073
2036
1557
9328
6661
5632
2565
3619
8385
6323
4373
978
2490
9043
9061
7902
7063
260
6643
7691
5017
7806
5207
1575
636
2679
1233
5475
6199
6898
8826
1538
991
6003
9023
3449
3169
4429
5919
9580
1444
2187
9971
5301
7108
69
3973
8792
7351
1481
4600
1988
9674
5192
7171
3678
3278
6426
5865
5822
4710
1089
5144
6291
6883
1995
4493
9388
7425
2989
3622
6550
2385
3471
6679
4841
8967
1193
5465
5447
7370
9785
3688
2900
2789
3474
4928
4449
2981
2922
6827
7345
2731
443
3966
833
3061
2843
7035
5132
9458
3864
8962
8288
9153
4469
5204
2043
9040
1985
2845
6941
9742
3857
9406
7595
3745
5481
2779
482
173
6972
1625
6482
4964
41
1922
7382
7921
208
3867
8922
7705
9717
4048
5285
2181
6899
4805
2680
6325
5273
6481
5191
9501
3121
3448
4156
7833
1879
5890
3727
691
9096
6335
9450
1093
2516
8572
5106
9916
8144
5397
1159
9913
645
5287
2725
9488
6857
9280
4103
6305
3005
6107
9972
2640
9228
4094
3692
2532
4839
202
4064
1247
8849
5882
1165
8783
8234
4793
6446
4650
9552
3059
5130
2075
4494
9750
8914
2536
6375
6060
6859
584
2153
8465
5507
1297
5494
2852
9601
2704
1673
1685
9072
9638
9503
8559
6680
5216
3409
8994
5618
8377
859
7071
3759
4977
5508
5276
9822
7057
