9864
6294
7941
5466
4394
6935
6137
1832
4519
8611
9747
265
5204
6161
5767
6410
4555
5901
7477
9733
4982
7903
9861
3674
4913
446
4792
1120
6655
9284
2666
1273
4824
7810
7802
1375
9211
6149
5773
666
3621
8143
758
5587
7555
6213
4215
4504
2673
8405
9622
7124
1140
5613
2566
7036
7827
6453
4374
2079
7731
9511
2777
9302
8045
2916
7614
8700
5701
826
5370
6936
5974
6349
7714
4565
4836
9699
58
4968
8720
4590
845
2314
6561
8937
1921
7914
8226
7910
8190
1564
2422
1522
1883
508
8287
7588
3370
4032
6515
9689
1129
4406
6863
816
9773
4449
6074
4544
6481
806
1406
30
2917
7297
1397
3431
5256
4655
9598
5234
3931
214
3073
3186
3064
2971
398
8377
121
6071
4928
7558
1853
5269
9032
9561
6560
7841
8241
9867
2322
6304
3495
7587
4947
8481
6437
5940
4339
3360
8781
2343
431
8123
1213
1852
7553
155
3953
97
3056
3194
9223
931
7843
5319
3350
7212
2294
4596
8318
5458
2447
8387
7043
8992
3011
4974
6106
975
8809
1169
8396
2120
293
6431
3617
7491
401
9371
6810
4104
9740
9386
9634
6230
8446
9796
4337
8818
4865
5142
3551
6432
2305
752
309
6605
5661
8266
973
5620
7773
6577
6983
8541
2160
6769
9871
735
5260
8579
4130
5990
6472
3130
8577
2651
3457
2255
4381
6854
2273
1034
868
8382
6383
8760
1186
8402
1566
5348
3798
1519
4842
4346
4523
9229
7693
150
228
2659
6869
1575
2576
1958
3019
5569
3670
3458
7971
2875
4793
1001
4976
8185
2969
6076
1673
3533
1976
8924
1714
6619
922
4303
9484
9869
5325
6525
2766
1239
4652
91
1160
9544
7301
5006
4678
8060
8995
4185
7652
7228
9976
8097
253
2304
3059
8375
6010
2957
9510
9218
1792
3323
9791
7906
2605
4049
769
3167
423
3649
1772
7336
94
8852
1471
692
46
4644
3616
3887
2057
3102
336
7655
737
9258
7498
7237
1755
7535
2915
4795
5336
1136
5478
3309
491
933
2643
346
8741
615
3330
4770
9376
4963
9068
6721
19
4566
996
5875
1281
434
525
691
7822
581
8223
9170
9403
6578
1641
2030
8971
8315
8115
9065
9696
2825
5623
3791
6026
4046
3806
3829
4871
1955
7118
2736
4454
1005
8508
124
7236
8684
3256
318
6201
234
4217
5225
7126
5252
8272
2993
7364
7918
5607
7800
9736
966
2667
4065
6971
2480
3675
4991
3483
4090
6931
6741
1628
7596
6276
7917
4120
7902
4100
705
1472
632
4868
7347
158
4468
6750
7908
7391
9919
3696
7528
6944
8853
7842
2200
7174
6045
2077
8007
8509
468
7880
1130
6688
1815
7505
41
2902
2806
7460
3116
3732
4883
1428
7340
6283
2276
2018
9540
3856
5061
4478
9062
3615
7004
3236
7436
2424
4302
5099
8657
8889
2390
5255
1028
8740
2233
2243
7463
9579
8936
2558
9549
3084
4828
8730
5433
7557
5546
1062
1878
9146
3242
9844
817
545
5630
711
9993
883
1851
7973
9181
9432
8917
9345
702
4127
9213
9126
9830
471
5512
6662
4894
9278
3372
7675
8919
2541
7432
7797
7430
9617
4796
4922
1127
4460
7472
899
9997
7260
409
9499
8478
4998
3184
1009
5330
2436
3259
6836
2624
3646
5467
2193
4059
7852
986
7735
7951
2528
7431
8925
5112
7907
6192
9241
5615
4649
2455
8758
3672
4061
6264
8229
8807
8128
8119
2503
8941
1492
6648
6222
1617
8453
7217
4762
4744
727
9022
9664
2805
5246
8424
2951
4646
4659
5375
73
3110
4645
9801
7240
3884
8898
1038
8685
2976
64
7687
3952
1240
861
6682
8085
9222
7868
4624
6371
6924
6485
1089
6282
5475
5639
9419
8827
2415
5716
4407
3630
3570
2793
69
5757
8196
5531
4885
8874
6532
8331
1643
5746
7137
4356
6738
9117
7849
3586
2683
260
3841
7066
3420
4432
7065
7697
1181
5254
719
2800
5559
3508
5202
3685
6338
5210
6956
7284
3898
7194
5828
5996
2001
2796
3192
4167
771
1473
6618
7912
2582
8709
4472
4211
6142
7663
9216
7014
697
2232
8885
6314
4415
7020
5968
2259
8341
5595
1539
2342
6085
1412
4548
9339
9800
4501
7867
9724
7967
8304
7726
7381
9475
4183
3721
8400
4707
2145
8206
6590
3916
987
3262
1605
3222
8039
1604
6722
8231
229
6054
9145
2705
6679
1781
886
2086
6296
6834
479
3727
6736
8653
138
4516
9434
7450
8188
4317
3230
7993
8688
5851
6959
5159
9114
1978
3381
7578
1825
6613
8563
2128
6591
6622
1313
4997
6456
7837
7226
5611
2225
5075
1834
8118
6819
9611
9728
5350
9355
9911
6656
1969
2085
2139
8849
4892
1918
594
1332
2674
6874
7025
9768
9761
854
1951
8098
9031
511
2101
9548
8945
9238
1984
1740
90
2585
6494
1556
2621
3408
1533
8566
938
8983
9318
9094
9140
8127
4757
9675
3566
6805
1183
6536
6829
7890
8037
638
3277
7366
2358
1907
3804
6824
5188
3101
394
6175
841
5824
3243
2709
9729
1646
5086
9083
5418
9730
4315
1711
6078
2745
7969
4846
9876
5199
1030
672
4462
723
509
108
3039
5326
2664
6813
3212
395
1559
1669
7403
251
2303
4775
6340
274
8977
4410
757
3480
8875
4134
1707
2901
1123
7812
8699
9590
313
4399
2261
5766
8795
9945
9599
8842
4048
3960
5874
941
3171
4043
9030
4335
9461
8942
1411
2873
3707
3777
7064
6287
5197
9446
5603
3774
8938
4191
5693
1777
603
2081
328
1997
7829
800
2995
7882
2783
8114
3925
3232
7410
4751
1588
4855
3364
8425
7074
6685
5076
8592
8242
324
7445
6120
9987
5258
4834
2413
6046
4265
3097
169
3764
2630
6795
7409
8585
8145
2812
1835
1753
5755
5182
8477
6915
5495
7418
6673
4016
8569
8735
8764
2711
7147
5877
8104
3738
1280
2909
8469
4345
2486
1074
8979
5095
2119
5149
5273
5438
7569
3090
7530
8546
8176
8712
8934
3978
2524
4069
440
6510
3296
8413
8018
5305
6077
7439
2557
4841
8667
4402
2756
9042
5229
4050
4387
8692
8236
8724
1055
1347
3793
8670
8170
7571
2945
3534
4318
1585
6982
2697
5733
1056
9430
4827
7566
3749
5057
3057
8584
7703
9259
4695
5617
1892
4411
1603
1372
5884
9691
9674
2559
3634
7607
5647
9822
7525
1403
8946
6095
5558
5648
2847
8146
8580
2977
2487
9148
5031
3258
9877
1630
8108
5666
5583
5381
9528
5152
7686
4673
528
9423
441
5815
1484
2707
2325
7623
9928
4756
507
4327
535
8887
499
1681
7222
7279
2533
8559
331
1739
337
539
4897
3249
1727
3909
8468
3345
351
6831
7691
1357
799
8522
7318
9164
2034
2072
8578
1620
3198
716
4568
6039
8641
6461
7010
872
3305
175
9163
5442
4068
7980
3322
7743
4079
946
7296
864
7393
802
9089
5239
6408
6165
1805
6097
3635
6331
2798
6823
7348
87
315
844
5514
1929
7335
4173
937
7191
9407
9685
9521
3393
9369
2960
8876
9562
7611
9496
8560
3578
9077
8816
4377
3591
5658
6952
8609
4680
5380
9286
7577
3766
9797
846
2769
6625
6767
750
8476
8647
5150
7379
5483
3745
5416
9566
7992
6898
9200
5717
4731
5364
8770
5770
7504
3968
3122
4531
6599
2063
1264
5427
1289
2617
1818
3298
8047
3426
805
9131
4373
5959
4357
2110
8310
9529
4186
6000
4025
2662
5756
6327
428
4996
6765
8320
8850
8212
2396
3930
4055
3614
2366
7719
8061
1941
7470
5931
550
7161
5300
445
192
8812
8645
4180
7662
4823
6417
8676
9125
7280
2245
9018
970
2734
4114
5349
6393
6691
1271
3514
6583
5313
9555
8851
4558
7758
5016
3640
3441
9550
3017
6421
3399
6917
7192
9179
8233
6828
6438
1855
5713
5952
3811
1688
6850
6447
4556
6528
544
8043
8921
8683
7688
2591
8028
4433
2680
9384
7223
4681
7978
6471
7700
3076
9665
8289
9735
1776
7627
1730
377
5071
2640
5664
3368
8734
1253
6830
4936
6529
1395
6212
6640
3504
8041
5970
1593
8513
6110
4414
1571
1686
4218
3150
6380
1333
2750
4875
3112
113
3845
2527
4467
6914
635
1690
203
5856
685
903
3962
4322
7462
9082
8328
1700
1229
3747
3854
5579
6596
2532
8248
4477
490
643
6343
882
6620
8015
1098
3412
5609
4348
7705
4362
9460
455
3506
1491
6981
9658
1903
1105
6963
7319
4550
6102
63
4490
2204
3935
2426
6117
945
3890
879
7780
8049
1200
2384
1361
9176
7378
866
9189
4704
7677
4013
5125
6899
4015
1292
6418
6962
5374
7457
411
2506
6275
6777
8363
6274
7195
8351
6650
8199
6616
8031
5906
3981
7241
4176
590
3035
1900
9253
2946
162
4213
680
1057
8150
6974
5443
9536
3379
8523
240
9788
8461
2550
8754
6686
3914
8473
9124
2065
4759
519
6011
5724
5568
1335
1029
1808
1989
5440
9015
7593
3547
3204
4948
6228
4469
116
1487
4660
4465
3100
4941
1909
7860
8492
8452
9220
8932
6369
593
3269
6436
7533
8660
205
9391
3384
3628
7412
7377
5722
5725
8841
8288
1283
4088
1993
8798
7152
5354
6881
3778
5885
4839
4965
3446
2703
9245
472
8308
7764
4554
8202
2996
6954
6291
5046
9619
1179
1621
7761
9859
187
6072
8256
4355
211
7616
2
1622
8132
3250
4476
7459
7565
209
54
8475
7501
7559
7751
5351
462
1644
9749
1685
9927
6136
7679
5450
8857
6779
6354
9483
6101
538
3342
9884
4113
7755
6708
8106
9687
6955
7218
9159
3183
5881
7451
3068
3487
6608
3062
4448
2751
1716
3639
1145
2066
6757
477
3602
8054
7452
6399
4126
8078
1719
2269
7879
7285
2157
3140
7375
2387
2371
4242
5774
4458
8944
112
1184
285
3763
5402
5527
7606
2466
2483
9503
3325
5487
2142
1959
5001
6277
7900
517
6465
6356
1024
56
5652
5923
370
8673
1409
6448
8517
2822
7090
944
7213
5355
8217
9817
5115
3961
2858
871
575
9583
9327
9939
8107
3
3082
6973
3083
1987
4939
6129
1103
4091
6717
6322
5124
141
7594
4850
3948
4060
7681
782
8471
1321
5107
6812
1879
2344
5036
1952
7176
6928
8227
1398
3753
5249
3576
8429
7668
2115
7308
1704
7744
1432
7544
9011
6610
1796
9669
9895
4080
5219
9946
4569
9744
9572
8220
3808
1590
6451
8052
9440
5781
4600
277
1081
4325
3052
3087
6912
4802
5556
3120
1910
3061
4044
4066
5020
6664
6531
6062
257
5581
9657
7321
9981
44
7944
6118
0
7387
9828
1540
3358
7539
3225
6870
3415
9172
4835
6879
1138
1263
9571
3344
888
4685
9273
6480
2551
788
6630
1811
1557
2668
2595
9435
380
2731
4232
2607
3489
8901
6252
2412
3244
5122
4208
609
7848
8775
7027
3282
6902
3847
2792
9374
9321
8678
5113
2239
2848
7754
5253
6811
5215
5420
4776
6402
2941
6433
8586
5849
1164
2696
576
2014
6050
6696
8228
6049
3579
3712
5457
7778
6184
6464
4378
4494
5530
9110
8459
1158
8752
5240
8786
104
5203
9296
9236
3786
6366
1322
7779
2191
3700
6235
1599
2853
7050
2312
3666
4459
8742
4817
820
122
5383
5345
9393
7639
5732
8274
8668
456
9982
606
1359
3686
8892
8957
4034
501
3938
7367
8774
3045
5259
1677
3118
3979
7369
1717
7115
9693
4112
6345
3328
4764
5038
3315
6081
3496
2440
699
286
5045
3347
839
9819
7360
2894
1458
3286
7233
482
5332
6509
6272
1534
7543
6488
3195
2345
5303
4154
2654
7142
8986
1155
2599
3567
9274
1223
5848
7411
8788
5887
6925
1440
6183
9767
5471
6146
1479
2222
239
8829
13
1304
9119
5403
9513
1318
7290
6305
3825
2098
6107
8191
1385
3784
4470
7311
197
2948
6372
425
9283
5498
6707
6771
1087
2665
7002
5221
7857
5655
7600
4234
7517
717
7507
9039
9081
7003
5640
4165
5052
7080
9720
1386
6636
119
128
2054
1465
4207
3606
9853
5414
1821
9774
748
904
7547
2398
2520
8607
932
952
3228
7416
8129
8680
1308
6307
6790
5306
560
4692
4532
9966
5695
7130
5911
4912
2242
5863
4461
1053
4293
363
6585
4238
60
3668
5484
333
9882
9798
5151
9111
3029
9770
8064
7125
1287
1168
6425
9214
9615
8705
5807
4390
1114
7929
3294
6976
8838
9932
3859
4908
2872
1352
8501
8194
6814
6878
8988
22
6574
5157
2628
6820
4161
6232
3104
7748
6782
5958
8257
6089
9402
1589
7307
1762
2167
926
3411
5426
9688
3990
365
1331
2021
5147
4833
9130
3012
2449
764
2839
7968
5577
1830
3963
9000
9290
3937
2013
5718
2588
1252
8959
4944
249
5806
2257
7542
5904
129
7343
8664
2611
6861
5064
8498
5003
3517
430
1266
402
1572
1112
4340
6550
250
4334
1844
3751
7683
6672
585
7045
4299
5787
7946
1064
7635
2779
5070
6411
190
8259
8790
1342
1121
1495
7434
5883
6588
4851
753
2890
5293
2477
1006
4541
9955
4804
6440
7268
5437
9420
1889
3263
8706
4911
7628
8980
4481
3561
3959
9578
5759
3509
3314
6423
9442
1981
9182
38
4777
4445
5511
9400
6090
3589
4797
9962
5365
3529
3976
3876
8899
6172
3203
694
3527
4562
7960
4614
7916
222
231
7329
4736
9607
3556
4103
4457
1720
3922
2911
4192
5910
5575
4254
2201
7413
8778
4884
7100
7632
1894
12
7939
8873
8602
1591
1483
8868
6196
5839
2612
4901
5526
3395
645
7520
1765
741
3826
7420
2217
3016
8062
3770
4611
7692
8543
2214
2446
5041
2307
5264
7933
6653
5267
2742
7647
6718
167
7239
8130
3660
7651
4064
4330
5751
1611
3434
4400
1499
5927
4098
5135
4605
4943
9719
7315
9809
4950
8581
6297
954
940
8179
6483
7197
7487
4690
2954
7400
9839
9458
3659
2511
9410
3597
4039
6023
7537
4146
2107
1735
3918
438
2370
1119
8589
6945
6278
4899
9567
8572
4542
9831
7256
6502
7563
5868
5078
3599
8502
3161
6115
7601
4896
8392
5118
5220
9256
8548
3267
7698
5098
5950
7690
9173
2935
5436
5091
1749
6980
2900
4667
8616
4669
4768
5281
1577
7642
1511
1726
6713
780
4500
4593
5065
7828
8990
3539
3769
2833
9935
4005
4274
71
1816
6667
9718
2564
3522
426
529
7897
993
2357
4382
5171
5879
7103
1607
4341
2274
311
2443
6758
5235
701
3871
9991
1672
92
9166
3912
7158
2121
5434
6880
7394
2774
4686
8784
7390
1330
3773
4879
1991
9564
3643
3143
1041
5957
8273
2084
9372
8470
8111
3971
5299
8497
6083
4760
9922
7384
9417
273
2653
4086
7579
8910
4866
4801
9476
8133
1407
1466
4725
4386
4443
1198
8297
8095
558
95
8991
8406
2180
8823
5015
7328
7926
3026
9620
6143
3092
1033
2005
7355
2326
2324
9676
9605
9507
5145
9538
7468
8149
9704
1906
8412
4739
8410
1376
8642
4656
6108
1831
6202
3331
9346
1773
3324
2158
1721
3037
6363
1584
626
8347
1702
1609
6265
2888
9954
3532
669
895
1950
2009
7041
3337
1251
3768
837
3255
2715
4359
2484
7905
419
7575
9411
855
9120
2420
4592
5537
2207
1043
7135
7538
5428
1417
1310
3945
2778
1113
5162
8393
7081
8869
1070
7245
9269
8567
3521
9553
6539
9331
6932
9905
3555
9805
9852
7774
7281
2741
4691
838
5525
139
5295
2230
2843
5183
1470
27
654
8652
5700
7892
8550
4952
6868
7401
213
7608
1527
921
7524
3669
8739
9965
9448
4338
760
5677
8027
767
7148
1531
7570
6284
6353
7473
4187
1299
7380
6760
4696
1268
2189
8157
4196
7324
7406
5913
5014
5373
4967
2504
2416
4418
2497
3559
1026
4754
7624
9950
9760
9152
6527
3276
8323
1616
6958
7007
6429
858
1277
5331
9943
1598
3840
7397
2884
8802
5562
8293
8665
7082
2789
2955
40
383
9379
8603
6378
3525
8030
8383
1148
8265
2410
2457
5455
7745
5895
4613
2898
6063
6003
1365
7353
1705
5261
3944
4702
7775
9310
7930
117
2114
278
5110
360
415
33
7982
3993
5896
1371
3046
2575
6087
6082
1554
1608
5366
7911
5694
3299
700
5503
8465
9378
9764
8249
6675
4984
1875
6522
364
3631
2395
178
4398
5855
8162
3069
2451
5446
4480
1986
83
1713
7306
1693
5796
1680
487
7480
6659
7031
7267
3941
5998
602
7801
2578
2434
2852
7422
5955
6379
7923
3453
5949
994
9524
5211
7674
6200
5846
82
9556
2856
8431
1911
9776
728
1635
1678
6179
5790
824
5493
7682
9335
9206
6727
8621
7884
1843
3006
3271
1206
5391
5417
6848
6290
4364
1837
5195
7862
3502
5488
9920
9078
3020
9053
5682
6392
1219
7603
4178
715
3883
5535
3060
3754
2352
1326
8427
1353
1434
1939
3428
798
6407
9998
3949
2105
9477
7580
6025
4615
4518
3720
7362
2923
6121
2004
1270
5146
704
4577
4108
2248
3191
2414
9569
3834
4711
1791
3361
9231
8542
4909
8075
8575
1137
3549
7320
5169
5187
726
5730
4670
9985
6695
4508
5769
2794
9405
9546
6751
4498
6524
4870
7264
3279
9467
4179
1905
5882
8516
5864
5093
4661
7243
7317
2570
1751
2776
6623
9855
4416
1071
5563
417
4506
7372
8539
2260
4852
9834
9621
3765
4708
3518
4573
5429
3227
8839
9757
4466
8411
8666
1956
4869
6731
7878
3215
7008
9707
7996
1481
9249
813
9350
8207
4587
1430
6233
9354
6163
4524
3321
7127
4723
1044
9202
1149
930
5644
3920
9154
7995
3844
9766
4994
8729
6553
6361
7595
825
2194
5608
8042
7994
7769
5002
9552
5153
6325
2463
4970
953
6332
9486
772
7247
1165
5092
7070
3254
9363
1507
5236
5515
4907
6223
2552
387
8209
4117
8820
8914
6794
5707
5618
4021
6882
5257
2596
8762
9784
2760
856
8006
8950
5404
4886
8105
3273
911
6703
5739
9397
3349
5248
9271
5943
6965
8830
8388
4539
823
8348
330
6430
9144
5201
2650
7858
2737
1944
7768
5674
4030
4153
432
8354
9523
4561
9349
3562
6125
8416
6670
1992
8032
9799
9680
5133
7257
9570
3213
8966
4964
1476
4110
5480
5400
8168
7976
9632
10
6916
1037
6487
2768
3291
6643
4141
7534
4271
9857
1482
4366
1547
740
367
6581
7011
2221
9870
157
3574
5035
7865
5905
3402
5720
4497
2183
6160
4620
2602
7215
4383
739
4632
7986
1143
596
3875
1232
1144
6857
7749
651
9323
8507
1731
3656
5465
2048
9427
762
9230
7469
8759
2073
7550
9813
4268
4684
4915
9464
7793
8420
4608
8949
28
2130
1546
7972
8035
1896
2867
457
1341
7131
2877
6182
7495
7302
1795
7244
9918
9156
9504
5074
6739
1872
1237
9305
8430
221
965
7789
2126
1933
393
5473
3336
1255
137
4720
142
8024
1770
1822
9491
1320
6901
8757
5430
8372
776
6134
543
1788
5597
4284
6571
2159
4451
1133
9367
7847
1640
9454
852
7629
5988
3469
1759
1480
707
9136
582
5605
7585
7757
4586
6057
6720
1382
244
2816
2571
9262
756
1656
4534
9377
9100
9005
3422
8796
7999
6566
4245
5405
3652
891
5356
8605
2087
4298
8408
3043
4693
2397
1827
2633
1008
7834
4263
6190
7643
5270
6496
3241
6665
3170
1060
7112
9979
3872
9394
3862
1117
7864
4746
6098
6499
1767
5935
3832
6733
7899
4162
569
2952
9929
1803
5034
6221
6518
3409
4677
7925
8637
8902
7204
1207
713
6154
7111
4405
3619
9277
2118
9700
1439
9316
7216
2516
6055
8962
5301
8767
5902
4421
7727
2175
8407
6846
5499
6799
4862
4136
6400
8316
4637
8593
2016
8362
5709
981
3665
6606
1691
7936
9897
7981
2972
9254
7831
5083
5334
4328
2562
5857
3014
8604
4029
6647
540
9701
5363
1027
7942
3946
9325
7684
4890
3000
7149
9135
7943
3903
3391
1971
4511
6687
5932
1856
6609
4428
7874
6382
8139
4567
8141
6780
5728
2284
4604
579
500
3713
4589
6017
1847
6185
8151
6966
1634
6977
6940
444
8003
4209
7572
779
1051
165
2152
2285
3892
3134
4483
6674
2600
9275
4898
1259
1221
2937
3535
4128
4249
6933
2423
8639
6635
272
1052
5262
3797
1444
1629
9806
9967
775
6692
1908
2462
7795
7376
2606
2394
4425
3474
4617
4158
1745
4602
920
5827
2895
898
7358
437
6286
3433
2124
5903
4881
6403
8588
449
295
1298
5121
9322
792
4946
1729
1000
1722
3202
8531
4698
8218
2744
2049
6225
1857
1099
183
851
3164
2379
8277
611
6827
3145
1080
2036
4709
3687
2583
2336
2268
1754
8884
4553
5676
9332
3481
218
6816
9329
6701
3729
2507
4956
6988
3899
5833
7824
4149
5378
4755
4231
9574
1174
6697
5772
7122
8881
5490
9851
5681
225
2642
536
6404
8540
6968
1748
7009
518
768
1220
14
9045
6254
7875
3552
1366
7299
7177
2417
744
777
722
2080
1091
7546
2047
2721
3193
3733
1967
8821
6473
612
7417
361
1161
9375
2198
7953
3479
5163
1698
3671
5538
3447
2859
4181
9024
9177
1601
5870
2784
2797
413
4650
5333
5297
5469
8448
4527
9112
4281
8381
1325
3257
2471
6370
9
1508
301
3031
9782
5814
6776
3879
3042
5834
2313
5893
5184
2912
8002
8147
1346
2556
4993
161
660
8036
7592
5673
4820
2883
4779
7762
985
3136
6908
4493
3974
5519
4701
6572
2153
9370
5776
4011
923
6594
1216
3704
8437
8245
9057
9715
2308
7414
7909
5649
5861
7075
6245
8050
4919
481
6030
3124
5841
6251
106
9975
4351
289
4246
8928
1586
4285
8090
6579
5415
1733
894
4654
307
9956
2453
2538
5368
9944
818
6841
5024
3896
2400
9709
1618
2399
4584
9708
2529
6699
7246
3503
3882
6587
268
6144
65
3932
4395
132
8506
6546
7736
9243
7167
5000
4199
9846
9815
9149
374
7407
7977
4540
5411
302
2020
7092
2616
3603
4636
7208
9084
6105
3343
565
3940
8369
2190
5174
546
2878
1228
3933
1178
7316
6186
3853
5369
263
5192
7482
2212
7023
2899
408
7786
6603
283
1650
8512
4957
2433
6629
3510
6978
2565
5687
327
1778
3857
8332
979
4375
1230
2823
2592
8533
2362
7889
189
9239
3363
4371
7133
9457
1660
7618
8860
9786
3717
2608
9382
8659
5445
109
7521
687
1974
5232
4142
1389
1912
5692
3908
6671
3629
6663
135
1153
4530
2829
3307
1177
8547
5216
8731
7156
814
355
3023
5764
2007
6964
6020
4769
1613
6133
8252
1829
6862
5889
1913
1806
6210
1820
4576
9810
1078
1075
7959
4358
4703
5196
7054
215
5324
8625
1193
2041
1453
6321
4559
2317
5497
494
7720
5482
3904
1351
1420
3287
7005
5602
8644
2838
833
6009
163
7309
8598
7665
9326
8968
478
3885
7044
1626
3915
4712
3677
7788
9309
2661
9246
9589
3741
4847
5945
4844
476
7134
1535
7288
5131
8230
6389
7509
1764
2939
3499
7516
35
6044
4789
5731
2156
8844
4694
6486
9896
3513
37
7871
7352
9695
8524
9019
6960
5323
4170
3756
3437
1438
7072
5625
5947
7193
3383
4962
1446
9833
5641
8345
8880
1667
3977
7832
6390
7426
6693
9251
2767
4503
2724
2574
143
8961
2828
4574
563
2288
8260
5198
1151
4781
5037
5129
6207
2017
6617
2278
5536
1570
9890
1204
8538
8749
4672
6374
406
26
5193
8426
6116
9047
4630
2188
8708
2921
7235
8482
7071
4676
9105
2920
4041
5308
9842
4959
488
621
6365
9299
4118
3849
4857
9415
3735
9157
4251
6787
4621
7295
1373
1699
1246
4122
9418
5696
6384
7421
5134
7888
3550
989
4471
9444
3157
4905
7178
4520
3251
2330
4368
2291
1760
5594
9090
659
5009
4040
3002
2518
708
6995
3488
7163
619
3699
1888
3401
8071
8515
2104
1329
796
2090
6152
1639
3723
674
3980
785
9850
5627
5860
8294
8057
8591
1050
4157
5636
2244
6891
9712
5706
2632
5566
5165
5922
2113
5586
6253
7710
4264
7385
9714
2539
5961
2056
4633
1394
5167
947
2136
6920
9041
8640
5660
6091
2117
641
929
8650
1245
5104
5663
4867
8493
649
7771
7791
6497
8975
3984
880
9908
6004
1494
4743
1943
3050
1998
316
627
8878
483
3820
6876
7893
7653
2590
5189
936
8727
8590
4853
1368
6957
5754
7741
7331
9193
1597
4171
1946
4311
9261
9092
9783
3783
9756
6364
761
3612
176
5804
9485
6773
2881
8799
5328
2880
7314
9811
5132
9717
3880
561
3472
4121
5136
5624
7060
9328
9904
587
9726
4610
9474
7680
8033
1450
448
3021
7449
105
657
794
3387
7790
7312
6032
21
3053
9971
8906
8327
8428
4083
9849
3571
3293
4250
5513
9681
5127
1797
874
8281
7084
6638
8954
9856
118
5172
2382
8450
1069
3785
5200
2740
688
7210
7033
6065
8307
6754
8379
2060
6742
1116
7586
447
9470
6001
4728
2311
235
1437
1787
2808
4856
2055
85
843
7078
8013
2209
4379
2346
4273
6838
81
2008
1045
9097
1945
1957
1497
6508
6479
2817
6415
2500
287
896
8466
1880
7725
9795
3473
8082
3442
5097
3357
4063
4689
1709
418
8806
5540
6859
6689
958
4297
850
4767
8432
4826
3697
1097
3788
608
9725
3642
3055
9051
1624
8981
3706
9746
677
698
8571
2999
6538
9727
5812
9547
8449
7101
681
7919
8544
7803
533
4420
4819
6300
9734
7276
6492
5842
9056
2684
960
636
2356
2083
8474
3329
3800
3911
5979
4598
584
1817
3373
1642
6018
1578
1703
2197
3311
9147
4033
5500
7733
4496
2824
9498
2488
521
9209
1379
6826
6832
9424
8617
1871
4972
282
9808
6634
8102
7262
7121
5144
4430
2677
2252
3569
4384
7102
8004
9025
9034
68
5909
4722
3178
2965
2210
7717
7839
9344
3988
8464
7859
1388
9526
6540
3079
8656
4606
1319
8100
1011
1
3132
3855
9029
1095
5387
6923
4155
1309
977
1885
219
3873
6772
352
709
8189
9934
4169
3142
3865
3929
1350
1860
3371
8675
2499
42
9076
4007
4514
8627
5194
5960
323
6548
9930
4714
1110
2088
7293
3004
6130
6019
7428
4452
2450
2903
8985
4408
6075
3266
6592
9300
2813
5634
2219
473
9684
5238
4240
4682
8967
7567
9340
8890
1528
1501
52
9178
4056
9080
275
1088
7062
3190
9490
2166
4349
4724
4101
8365
642
4393
5876
4721
7966
9534
7252
2548
9647
8489
3780
6943
2127
475
1286
4848
6450
6967
5635
2803
5650
9854
96
7825
7711
9825
6140
1496
1550
3970
859
9184
4526
3040
2372
34
4487
146
755
3152
1736
4257
7363
9591
3449
5073
7282
6474
9661
4248
2050
3159
9358
3725
3414
6093
1445
9910
248
2061
2644
849
3924
7863
470
8643
2966
5358
7429
5721
4665
9188
1218
1295
1348
194
1079
5683
264
730
3846
1980
3210
2418
1066
3234
4422
3654
7734
7660
1695
8181
5859
9723
5143
3396
2758
9416
6896
6310
7492
3958
5432
1545
7887
6398
7713
2333
8669
9883
5791
7183
5161
714
458
8743
1965
8183
4
876
414
7024
2587
1464
3955
3781
2924
5953
2727
8554
6255
1203
1737
6442
8077
422
2907
4910
6866
8350
695
8804
3590
9754
5588
6562
9472
3888
4054
8479
972
5245
9395
6204
3231
5491
7188
2263
5472
2522
7488
3632
3942
1396
6189
8608
7956
3443
803
8364
9933
7446
7455
1819
9594
5567
3448
6730
1576
7202
6556
8793
6002
8334
7466
4509
6503
6266
8701
5946
4094
2202
506
366
230
5830
5386
184
971
9115
3144
4283
7877
3831
2339
6012
1312
6607
8279
357
5651
3424
5030
4829
75
1426
4166
8694
5522
8000
1047
9244
3757
7940
9793
4992
4513
7186
9033
343
9314
668
2690
847
6135
6344
6800
3648
3054
1387
2757
4551
3304
6766
8224
5077
5619
877
1658
3910
4132
9064
9626
4647
136
7886
7303
9453
6295
2830
3796
1775
6061
9893
5105
5799
2161
1449
1809
3312
9343
9495
160
9445
9279
4075
9500
2258
2615
1552
8789
3868
7634
4221
7220
6652
4662
4028
4989
8010
9493
5209
9073
2042
1269
9069
1323
7068
3688
2425
2168
5408
2716
7738
2874
1935
5685
1824
326
4766
4313
6126
1301
6206
1800
7650
8159
9127
1427
8055
3380
8126
9422
4927
1451
4143
4109
9459
3106
2669
4258
5462
7974
8336
5180
3779
6084
1147
1666
8244
5290
9285
1544
3098
7012
7039
7526
572
3280
8561
2720
5542
6507
610
3969
4772
1063
4683
5760
9624
9826
5385
4588
8298
5977
8940
8058
4070
4674
8344
5632
1115
9441
2238
2835
7162
8872
2868
7649
1594
232
655
6260
729
5089
31
8514
881
2936
3235
5128
5890
1973
8076
8014
7898
2185
9235
2338
7263
7273
7961
8352
5670
7957
9085
6227
1931
3600
4115
6883
8103
151
2435
5576
1423
956
2439
7035
369
842
4729
8378
1502
8017
5545
6763
6516
6797
1456
3644
902
9333
8997
5939
1549
5154
2770
4599
2732
424
7096
4256
6947
631
308
5894
3737
5043
7182
1159
652
1167
2137
8855
9636
9640
6158
3491
8325
6547
8615
1190
5723
7454
8528
4666
5591
6198
6043
5686
6068
101
8094
7350
4365
7079
3146
6211
7286
1975
4002
1513
7707
9753
9303
4671
2882
530
153
320
8824
5916
9133
2671
3482
6761
2989
2452
1142
1602
5809
9671
1233
453
7396
7224
5175
3460
4276
2281
8972
7019
2693
9471
2563
5460
3498
5138
3957
2555
1380
9762
8630
6168
6961
9028
4320
9992
4717
6038
1516
7338
3182
8330
9155
2820
1498
6501
433
493
5307
8738
8483
1294
3767
342
1405
3471
8343
6234
4200
4988
9063
469
2560
9388
9341
6387
6844
4198
7028
6661
8595
6042
8148
5011
633
5829
8845
6856
6951
3196
6737
1003
5702
7136
6131
5869
6434
8746
9248
968
9308
6289
5389
9618
9752
3830
6426
6563
5017
3572
9580
280
9537
8011
2535
5032
5421
6455
2341
686
5656
7756
4124
4195
4975
2391
8359
9512
5296
4510
7851
389
6986
3577
2537
4219
3680
939
1356
3692
8283
1746
6298
7289
3109
8053
1985
6285
6029
2980
6217
5589
8527
7063
3715
7856
3390
1828
7604
2622
8158
4623
2938
2270
5541
4966
3702
1109
6022
6885
9385
1940
2206
637
8087
6743
4485
875
9368
6248
9517
6728
7408
7500
2337
3701
4845
1712
5549
2728
3689
1241
7589
2947
9586
9373
2992
2613
8779
5100
4601
4626
8280
4864
1211
3386
2670
4307
5971
6584
8371
549
86
4904
7644
1648
7049
3799
6031
5853
4280
6388
9429
5994
9021
6319
127
4201
7794
2329
4071
3008
3418
3950
1526
2289
8089
2220
4282
4291
2353
8877
8361
6238
2510
1664
8768
9860
4799
6716
3986
9381
4262
6013
489
3468
7423
3398
9298
8296
934
9465
2150
3607
9938
9593
223
180
591
9637
4438
296
207
5786
1265
271
9263
3013
6698
2718
6774
693
7300
6821
4446
3610
93
8046
9165
7386
8648
2959
450
733
9508
2603
8687
3618
4619
2162
6712
1914
6808
1478
3038
6904
5170
3860
6921
7419
5735
6922
4874
2862
6889
8314
2855
8814
1429
4444
1866
7405
4816
4182
4831
6989
7051
8234
4981
3219
2726
298
2043
2106
3705
7633
4272
8301
3085
1930
4000
8794
3546
1004
6598
9324
9630
6756
6732
6420
8187
9414
6336
988
1580
8717
4210
2686
6724
236
3417
4733
3465
3451
9007
4979
3376
7664
7287
5341
7512
5980
9656
9789
2133
7527
379
919
9936
4597
2103
7128
731
2818
8619
103
531
5048
5810
7876
2076
2918
6279
9673
9252
70
1661
7696
1625
8495
6086
1689
4538
5179
359
5207
2681
949
7164
3650
4888
4350
9294
9531
2743
6258
7474
8120
5311
1636
3095
233
3281
1226
237
7196
624
7175
2062
8715
9722
3378
6280
7496
6729
2109
3964
907
6334
5792
6919
2327
3356
9183
9603
8456
4931
7154
6801
5838
9113
9306
9921
7356
4396
7798
6611
5813
8174
9438
4687
547
6058
9597
6628
2505
8154
8863
2973
2481
6312
6752
8063
884
1377
3114
4861
5056
2819
4289
3030
220
2403
1214
7514
1422
4594
2151
3051
9479
3209
6783
3405
2802
4653
7022
9924
5346
5481
4331
4301
3698
1327
4241
7840
9642
6362
7332
7750
5243
8080
8756
7646
4163
1780
6615
3714
4352
7493
7742
4921
2309
7370
4403
5534
8792
7424
3147
4423
5033
5479
4945
9558
7427
5461
1013
6381
2753
7740
9787
527
1655
2473
6702
8600
7729
1267
7590
3165
3928
4144
2033
8993
9406
2070
664
2733
4552
676
2045
6139
3889
8843
3117
3218
2474
7529
7732
6109
5316
5762
9894
3987
9525
644
2543
1248
1627
9107
9295
4085
3726
5850
5139
2141
1460
5371
6817
9781
7464
6203
8040
5800
5066
4700
5379
5388
9338
5088
3086
2223
8186
8305
7709
526
6523
552
9497
3595
2844
2904
2444
5805
227
2459
1842
1367
2092
2514
6791
3181
8800
5079
1514
2250
3662
6489
7484
460
2689
2148
5454
5507
8696
647
5044
4536
1339
7341
7937
1166
7962
9380
3802
7552
8893
6299
9102
4918
9812
1469
3905
7140
7975
7388
2292
2863
5492
8551
8610
6257
6444
8292
8355
7728
6759
256
300
245
5047
2688
7990
2069
5517
1694
5451
8485
9554
2445
4188
7
5616
2053
3435
6597
5335
396
1209
9743
6113
4580
1324
1581
7984
2163
5362
671
4771
4937
3248
3824
5247
1990
2914
7631
5008
5474
3272
1884
8204
1059
7561
4278
1393
2625
961
5740
1441
955
9268
3593
5382
3947
4316
2549
942
9270
6549
605
57
4072
770
8088
6704
2534
4809
724
4607
7804
8908
4023
6632
1936
1715
5289
9942
1926
6443
9838
983
2893
9613
8626
7945
3676
7787
7536
5689
8166
8846
5317
3934
3310
8019
3168
8832
259
7667
8291
2000
5873
8048
7138
5367
3528
5775
9317
4920
2490
1551
3989
5266
130
405
459
1072
2173
6526
3870
2807
7120
592
5025
556
9199
2215
8867
2547
9758
7805
1306
4097
7622
3926
7088
2963
9906
8511
9307
5811
9952
8923
6187
617
8494
3837
8895
3605
6614
9425
8791
9885
5401
4790
6
7924
2059
8545
2866
7584
9635
3641
1500
6710
1468
8529
6867
8201
497
7382
9829
2940
4203
1845
3608
8171
3427
5944
5470
6580
4973
9067
2074
8833
6621
6092
588
9060
3611
2854
7819
2589
6059
8329
7085
1868
9452
4742
5788
5734
7932
3423
2430
6851
8160
4923
9678
3313
243
9843
4808
8346
9990
2401
6352
24
4306
3827
1083
3497
4635
9260
7099
6348
5808
1869
1019
3108
3392
7985
5452
3848
2441
8879
6391
9347
2604
1521
4640
3588
9863
8367
2010
3233
3679
1743
7722
9093
2944
2876
4507
6865
7442
2184
6939
8268
5891
8999
1448
23
1794
4578
7928
3166
3224
3994
3548
1536
1565
7046
2287
7034
1662
7753
5997
8834
7132
3160
984
9091
6627
8929
8156
2429
3285
9940
4822
3229
1676
133
4417
7737
1128
6122
1243
5919
5633
1506
3274
4529
305
5580
5818
890
7950
9210
9203
8728
1443
6860
5899
2351
8263
3623
4629
5158
8765
7574
6470
5797
7467
3290
8695
1504
6855
5847
2572
1208
8443
4409
8613
5397
6337
4239
6316
6375
8771
6511
1779
3044
2569
7784
8864
2788
840
738
1486
6218
1362
7783
8894
7620
9543
9677
6180
8066
80
8484
340
5622
9186
7513
4563
386
4525
1838
914
2730
1217
9610
7701
5987
1687
7636
773
3091
2577
9389
2254
66
356
5263
9568
4495
5703
710
2626
8319
9320
2068
4111
3664
8125
3452
188
7337
8182
281
1090
193
513
5284
3835
8391
2509
1503
3005
368
5737
8638
7206
4949
3105
5865
1435
2886
4235
7441
8918
1150
3077
4877
2597
9841
6406
7225
8398
1783
4688
662
9228
6493
6946
832
1793
1474
2694
6789
7817
2272
9221
5168
734
4929
2747
2179
2746
831
6170
522
5907
9208
6463
2226
2704
6159
4062
4517
2283
7706
9191
3750
1988
3801
6568
6079
3787
8270
9428
8951
5782
6822
3419
7443
7205
3388
8718
8454
963
1189
2266
2889
515
8840
2974
6948
8663
6877
6482
3278
5550
6243
1049
7471
1725
9038
2870
5832
807
8238
7792
317
4042
9682
2861
6051
3816
2318
4934
1254
9690
4961
8682
3327
5228
1718
2032
8723
6269
4151
8463
957
7656
7146
2231
6681
4440
2519
6111
3758
6998
6292
746
3996
4778
6224
5286
4575
1328
8309
514
8092
6788
3694
6066
2629
7835
1077
9694
2310
1454
2234
6512
9311
2708
4230
1645
6521
2132
5989
67
1256
8380
4475
3995
5937
6559
9364
6517
3728
6660
7965
2953
7947
5983
4266
4031
6439
8368
6949
3094
3176
3730
7989
951
7016
8306
7796
9748
2638
5867
8766
8955
625
416
5554
8138
8134
622
2146
2850
2804
111
2251
2144
3782
9342
2213
89
3403
2933
3939
2554
7229
7298
7322
247
6100
2925
2846
8503
1035
6723
667
2594
1222
4603
980
791
7895
8964
8568
9196
2227
2448
1475
3596
3492
8989
5410
9542
6229
454
6368
4089
7617
49
1163
8438
7271
4017
7058
4618
9522
168
2431
2885
2015
8848
3906
9037
6351
3893
6005
5637
147
589
6177
2542
1188
375
1836
6887
4214
2979
1360
3795
2321
7265
9609
9702
7059
1399
1447
3289
5155
1537
3558
7209
5190
5816
623
4489
2411
321
4557
8859
2573
5340
1887
3239
7373
4699
8532
2530
2675
3592
6858
8755
4954
6792
3814
6205
4077
7826
5600
2035
908
7602
1870
5018
1084
7935
59
597
3189
9129
3001
226
392
8865
4734
8535
4305
5858
9134
8998
7365
6719
3544
8302
4175
5276
1042
6942
1804
8386
1916
7001
6460
1250
1338
1493
5278
8065
3111
1215
1135
1180
2526
4773
5291
9337
6145
2319
3292
1867
9088
3511
541
9821
3245
3516
658
20
1196
1477
2787
7485
4024
5928
8716
7883
9638
5164
6612
3861
4591
1548
217
1336
6569
2982
8994
5826
4547
5975
5679
2722
2892
925
6301
1861
4439
5178
2913
3049
1538
4321
1683
2719
5304
6842
2355
8165
4309
6582
804
9066
3973
8221
9071
8654
1262
5185
115
8131
8725
759
4812
435
5845
8175
198
2286
2354
4003
656
765
9602
7076
1210
9614
5862
2082
7166
6096
5237
7673
3895
6911
1383
7357
3138
834
3598
1747
5339
1863
4455
7704
200
7581
9931
6837
4020
6326
7150
1723
1227
808
7425
5357
1769
7087
9132
2517
1543
6386
1305
8436
3197
1378
3121
9197
870
8144
867
8671
6457
4140
924
9683
9892
6586
7189
9917
9040
9565
5551
9234
3464
9242
4150
8370
461
4027
2834
5010
8124
1192
7672
196
2377
4788
1201
3587
1790
9575
2906
7838
2713
8240
7170
5509
8390
7030
7844
4333
154
2249
5837
254
8299
1249
8068
4716
2961
4803
3792
3207
3450
9794
50
537
3626
9969
6127
8996
7833
600
3531
5494
9412
2634
696
9313
2236
2950
7017
5978
7963
9608
1823
9633
6070
1659
3581
9058
9628
2031
2143
3943
6884
2785
7258
7327
6268
4022
7518
2381
8866
9426
6069
6040
7476
3771
943
7747
2140
9087
1185
3333
3397
9001
604
8451
464
2296
299
1925
7872
6684
4935
241
5390
1244
292
9606
8394
1007
9004
9150
7139
2164
2763
3982
6193
7006
3470
4732
9215
7846
6346
1314
9002
1947
4765
2256
542
1937
8505
9803
7250
5992
480
3200
2290
3580
3863
4106
8349
4488
5657
297
2028
4763
9409
4906
3058
7151
5309
6725
5779
3613
7207
2998
1612
2402
7508
8732
2494
6024
648
2172
3316
1096
900
6220
9016
156
5763
9044
5729
3461
5747
2699
3199
8813
2192
6871
5251
2022
1017
5638
3438
4392
9480
4782
6726
4253
3205
8152
3317
1558
3627
6930
4969
8897
2328
9915
7548
1647
9437
616
6148
950
3404
2224
7374
811
3554
3154
4435
4147
5094
1490
5520
9359
5212
5574
5898
1040
8573
376
202
683
6941
7715
6996
6416
8445
7661
3622
4627
1904
9600
6709
4902
7806
7187
5344
1202
2122
4955
5914
703
4953
3501
2660
4275
3066
2775
4880
5582
5929
3520
9648
1942
4237
1529
1517
2350
8649
5231
5727
9481
8935
5593
177
7114
3410
5090
3103
678
1463
4464
1632
553
3683
4010
7123
9653
9192
9875
3891
7685
3352
9994
4123
407
8826
1697
4585
5294
5353
6067
3874
4924
5280
9649
9293
2023
6047
5063
725
1300
8025
9968
5548
4084
9336
2658
3027
5292
3921
2849
1728
6246
503
9880
6466
618
3657
6979
4087
9836
9121
2501
4622
6903
7613
6449
1696
6796
8112
4987
6669
2112
3478
1031
3151
9745
7765
8356
9949
6459
8808
5360
391
9837
6873
6355
673
2593
6762
1291
574
5840
3466
3078
5758
6555
3351
7576
304
3954
498
3810
9612
3128
9881
5283
3681
204
873
1525
3843
4156
7389
3983
2178
9848
77
4247
639
1433
959
1162
8180
6306
6910
6557
4570
8303
2811
3886
9408
2910
9219
3742
8693
534
5598
2078
9139
5224
4353
7026
9995
7766
1757
2702
5166
7896
1125
5051
420
6151
7676
348
5463
976
61
5449
9706
1761
3454
17
8423
4255
9195
8197
5986
8549
8900
4863
1354
8931
8913
9456
2335
347
6498
1076
2908
2279
650
1085
995
9351
3703
3425
9807
6894
5708
2253
5250
3459
9266
8597
2869
1337
7659
4806
2131
4288
9225
8748
2058
1652
4634
8167
9123
5062
1276
4336
8553
1025
8340
7785
8153
8290
2919
4354
5103
4977
9240
4067
4269
8737
2437
2306
4107
6909
9900
901
6028
8275
5012
1010
6099
6167
3093
4658
7171
3682
7955
8121
4990
3653
2739
2378
4900
3515
7915
5029
3115
6231
8969
246
2476
9878
4663
6678
5836
1567
2663
5771
6558
4983
3869
8247
2641
4224
5572
6975
9739
6313
2405
7845
2891
4326
9978
5973
1290
630
1840
8486
4814
7107
9138
787
1708
8552
7894
8254
7305
974
7522
7648
9392
1021
5275
7949
4872
4052
3264
7304
6015
6446
7169
7597
8467
8624
6781
4045
3919
9353
1895
1587
1282
8530
6267
1850
7979
2990
1881
9104
9655
9914
3334
646
7670
4903
126
9581
885
4419
848
6270
2479
9629
3512
6176
4159
8038
2211
2246
5108
3444
6056
3693
5560
5023
5485
2692
3382
5181
3162
1275
6987
747
1972
4628
3585
4583
9832
4794
9960
5272
9977
9291
1187
2373
8574
9272
9835
7554
1897
512
2046
8333
3789
3047
9891
812
5496
5130
4832
9666
2348
1205
8271
5596
7056
1016
2186
8083
5752
107
8707
9898
2170
2460
1670
7456
6454
3661
3436
8797
9128
2174
7083
3690
948
5160
9874
3667
5315
2241
548
9008
4014
3169
2235
4343
3557
2561
8029
583
1814
2523
2003
3394
9509
4858
6324
8831
1297
9772
8311
6934
4429
6506
918
5177
1272
2496
2465
4710
332
7091
1039
7637
2897
7511
6839
810
5678
3221
8322
1555
6644
7760
5279
8480
797
8441
9506
6311
2975
4784
1966
8008
5712
7160
3864
99
9957
7259
7820
5802
1928
8903
1750
7077
1560
9947
6700
3776
9692
2100
4286
62
1046
270
5413
9587
3815
4369
4133
1459
990
5915
5925
5871
3573
8321
4277
586
7615
5448
8462
5798
6793
4190
8222
1962
3620
5964
3172
88
2685
4706
5042
6646
7095
1882
5821
7583
6195
9646
7231
4639
9101
5642
6999
1510
6088
6602
1924
7598
4212
2706
173
8237
9986
9330
8081
9396
6302
6199
3505
6178
451
6786
8519
3490
2359
8556
5714
5981
4082
6413
3708
8870
3709
8
442
1212
6153
6907
1982
1802
5501
5917
4135
4986
9312
9116
4840
9334
1960
3400
3985
1561
7481
7853
7000
9169
9049
9988
2586
3127
5564
6394
3071
8907
5486
4499
9103
7619
6514
5376
7699
8704
5543
2782
2038
7759
2380
523
3807
6872
1596
8488
1682
1623
5941
3034
1917
8537
5924
6333
2135
8086
5004
1194
1363
9205
4740
7274
9588
2896
7098
9287
9198
5111
2531
2949
2512
2138
9026
3346
9879
5982
1653
4648
9099
1334
9074
8385
7870
9264
1067
1054
4287
397
9399
3139
9858
9631
3975
8614
2831
5019
9153
7815
6554
8555
9383
4431
9449
9167
6419
8200
3866
6467
2012
4543
72
371
4193
48
1638
8072
2367
9003
2393
8440
8773
8915
9519
8912
1758
7920
3936
6705
3761
9160
182
4837
9201
3179
5715
2623
6985
7113
7395
2024
1296
7997
9462
9401
3430
6359
5141
9974
6740
9161
7621
3153
1890
9478
8787
7694
2442
5504
4012
8215
2714
8681
4895
6132
4705
3530
5823
1953
9158
1915
7203
6543
9232
7612
1068
7038
4456
6128
3545
3838
2515
754
5612
1927
2498
7055
3998
863
2295
6744
9996
2676
114
9404
5342
5908
4184
4442
4657
2293
5601
745
4047
2002
8122
5675
3369
4229
5242
1421
7447
5230
1176
8069
2610
4643
9356
388
8634
4638
47
15
1431
303
1197
7479
3318
1425
1568
8216
2695
4102
9118
8258
1315
3568
1523
7201
7180
2386
8835
2301
6937
8854
6953
6807
2710
2749
4131
6397
2229
7108
6360
3341
7067
7415
8606
1839
9824
8435
6138
7983
53
7814
9168
9109
3223
6676
9827
1744
8433
3565
9466
1343
3542
7392
1541
2472
3308
1849
7294
997
8521
6293
4995
3339
216
5872
1520
5173
6764
1014
8801
4018
5206
5314
1665
897
909
8811
2404
2108
4581
5749
8562
9926
4821
9755
6124
783
3306
2579
7958
8536
8096
2761
3366
6595
1833
5447
1408
4971
2195
7234
3484
1107
8698
2388
4312
1756
5699
3283
149
5347
4916
7339
9095
7515
5653
8198
3265
3663
4930
6303
4038
9247
2927
1152
8235
7214
1766
6021
1344
7767
1583
3284
781
267
8883
9923
6601
3072
5667
1345
2347
2228
5711
2332
1968
6631
8116
3744
8861
2656
5399
5392
1404
378
6565
125
9250
354
467
9366
7770
4225
5933
4367
915
4579
4323
9187
5578
5087
4222
3432
2406
555
5738
1983
2931
3526
9450
2360
1996
8073
6849
7506
4735
2809
5547
1518
6412
7630
1874
9439
4761
1649
7654
2267
4838
9888
1738
2544
3041
5140
384
6927
8192
3133
2655
3226
7199
3365
9958
5795
2064
4595
4194
2513
8815
8690
4572
1512
4236
7540
6239
4887
2649
7398
822
3416
9964
6052
6888
3900
4668
6323
8285
6373
4522
9686
7821
6027
9086
9502
2826
2584
9759
3536
3155
466
1285
4810
5085
8987
7499
2964
2149
1505
7013
7109
412
8419
6171
3731
3819
9983
8276
7475
5516
8313
5502
1485
928
8012
1798
7818
6094
1876
5684
9616
1058
7453
2648
551
6513
325
8753
4172
9365
7094
9804
5453
5227
5422
9494
338
2865
9362
3301
8612
4361
2208
1414
9560
2071
6385
1488
3966
8635
9667
5621
5007
4296
5072
9539
7323
5398
8733
6714
1094
5835
9872
5
123
410
3028
7219
7342
7523
5022
5866
5817
3088
3033
3582
3300
743
9530
5282
9604
5027
9501
5557
9315
8661
8674
5643
9582
2679
8399
7708
5934
152
917
1199
7159
620
5969
9886
9108
7854
9577
3467
2408
3755
16
4849
7541
8246
7061
4641
1813
7605
5948
614
9527
5271
7145
2672
6567
1899
4372
4813
7927
7437
5423
815
4528
345
2645
2280
5191
7494
6335
159
8101
6600
4290
8882
5705
5524
2029
3927
8965
8736
562
5768
3137
9017
5825
9162
4177
6542
9780
7531
7105
857
3822
4747
4004
992
2864
1938
7519
7809
2567
1092
5628
2985
4389
9697
2646
3817
7952
4035
3878
3956
1810
1515
4985
9865
2926
7249
8203
7716
5372
8016
4482
9651
935
2037
8155
7724
6530
8599
2095
6427
181
736
1082
1801
9023
9845
5287
8582
2094
5745
8958
6990
3297
6637
4942
1684
496
5962
5060
8009
8920
3951
7106
2986
2361
7808
2970
4960
4502
9961
2614
4786
912
5407
1157
8389
8455
4811
9953
505
9319
6657
1654
9006
9769
1934
8772
5532
6992
7253
4441
3126
3201
3081
78
5298
3821
3917
6893
9122
9174
9823
2129
7497
2218
2470
6784
452
4036
1122
8140
653
1542
8719
4125
3303
8744
6409
5476
5459
9660
7261
7532
7198
7251
9644
4243
7334
5059
8710
7073
1284
6035
7190
9738
5223
998
2199
3477
5936
6468
9280
4206
7110
3070
5528
4279
9059
5508
5742
7891
5646
6706
8847
1841
5892
8978
427
2196
5780
4491
1293
288
5377
9361
5571
1462
9650
8953
4096
1316
2216
2169
4116
2123
2682
5570
6735
4521
6639
6906
1893
9055
2181
6318
1303
3772
3655
853
7144
201
6247
5117
6972
6157
9907
2039
399
7591
9137
3739
916
3494
8564
1023
6649
3260
8769
8421
1124
25
3594
8239
5419
3158
1278
5888
1358
6748
6541
3852
3624
1954
1701
7185
4261
7721
9916
9352
5930
1614
4951
8342
322
629
2568
2609
5590
9840
8691
5951
2759
4727
9212
36
3067
11
5329
6970
3553
6308
8250
577
3992
1898
9814
7551
1679
9713
32
8909
7435
3833
6802
3967
43
3476
4259
8782
1710
1724
8091
7157
8284
6208
3188
9043
3156
5967
8750
4051
1182
1236
5114
9790
3217
5744
2025
4019
3584
8023
5424
9014
5222
2205
4800
2096
2006
9505
276
443
4292
8442
9973
8113
2735
6103
6395
3175
9535
5359
1782
978
269
4564
684
9027
6589
7776
2639
5743
8295
2700
242
4426
2546
372
8376
9532
6236
8491
7991
1489
2958
9545
504
390
4202
485
3010
6913
4651
3633
8137
261
795
1086
999
5659
9559
4216
2374
8618
5697
3736
5822
887
373
2363
6242
9035
4741
5984
2364
8711
8534
2988
1126
5028
599
170
2019
2701
2678
4329
3353
45
7042
8927
7383
9489
5084
8922
6840
9751
3743
2482
6249
350
474
732
2376
3748
6330
2987
6376
4074
7626
5005
6633
3007
7573
8338
2282
7402
9357
2942
6694
8576
5233
5337
5464
7458
4223
3074
7730
6803
7901
7934
3338
2799
510
8312
3208
4664
2810
8267
964
679
8751
8059
9096
4294
2536
5631
3842
7695
8422
7689
6458
4197
7746
291
4148
6347
1410
9698
2409
9785
1424
5704
5058
7465
6469
784
7830
564
6341
3913
6174
4737
5053
1768
1048
1238
1932
9175
7444
1970
5573
6993
9098
6798
665
3500
3867
1061
2302
5040
5765
4515
9075
2385
2247
7545
2698
6897
1260
4137
7869
5926
6080
8444
8164
4873
1102
3812
5444
3096
7723
9276
353
8822
5523
786
8837
5819
6377
6320
6809
6155
1902
2991
9257
5274
3740
6746
9204
3385
6666
6806
5942
1799
319
3775
6997
5741
3099
7988
3560
1637
2790
3270
1247
3658
1961
3537
9010
9020
4616
7811
185
4582
9482
8205
3818
2943
5880
3637
3148
6173
4026
191
2754
7881
8415
8623
4815
3601
7777
524
6317
7048
2089
9455
640
3456
3575
3032
2657
6339
6048
5026
8963
7669
598
1418
8982
2299
1015
8783
5425
8871
3089
8005
6645
3678
5302
2438
9989
5049
3538
8324
5468
1977
3354
9487
7712
8093
9443
3965
7931
8021
5991
8952
3421
570
8596
2827
6147
5900
8761
5477
8933
7291
3214
5406
206
2067
3877
4560
4363
8034
5441
6833
2427
6405
6188
4958
6240
1146
1763
3407
9492
982
358
8395
1340
7921
2165
6037
3836
4008
9292
4227
8703
8856
1235
5794
5186
312
4697
6755
4300
382
5852
8056
8262
9595
1022
9217
4818
2491
8084
1131
4436
568
9868
4310
5789
5361
1242
8510
9663
5393
2187
2781
55
335
1663
2111
436
1963
9072
6950
6770
6441
3177
789
4092
3048
6166
6288
3645
3523
2729
9267
502
4914
2264
8253
4917
8819
3015
5995
9999
1999
8255
4726
3493
1302
9643
6500
7270
140
5412
6576
179
9641
5878
2840
4385
4926
2271
2637
9301
9282
290
9473
4479
5963
6895
9623
1065
8620
2725
9514
9226
7510
675
3340
2932
2723
6328
1995
9901
2334
3216
7052
5439
2375
5920
3625
6778
1002
195
6104
9584
8184
5668
9106
6041
1455
1134
8417
5599
8631
1771
571
9190
5310
6329
8810
3326
8337
3187
2978
1108
18
6237
8662
6926
7483
8601
7399
1231
4260
4889
7560
3691
5972
878
2553
2177
74
7658
9705
6475
2752
2456
9070
634
8697
385
4780
2984
661
7116
2871
1400
2717
8702
6315
2240
5680
6533
5068
4938
3253
7292
8558
4404
8487
8658
7568
171
2801
4401
8886
1370
7093
1606
2365
8689
3564
262
9765
2525
2478
5801
6006
6593
613
6262
8904
1858
7904
4891
5912
3389
8825
1100
4319
9654
4505
8117
6263
4750
4244
3997
2125
8490
9792
7461
9775
8300
3302
3445
778
9750
712
6624
4642
4787
5101
7866
1579
5288
9925
1854
3003
5343
1789
8219
7813
9207
6490
6747
5938
29
5584
3803
8888
5431
2879
8496
2275
6256
2298
9652
9573
3809
8780
4805
1948
5629
8557
3651
8726
1413
4314
8587
429
2691
1994
3261
6491
7562
5338
8633
3237
829
4675
7227
9048
5783
578
3295
9778
8135
2581
2687
8828
2851
2369
3131
4138
5886
4391
6929
3335
9941
8651
2432
3752
1156
5320
100
6036
4512
3638
8686
2171
3541
7582
4252
2580
828
8525
6428
9779
9670
8404
484
3907
1668
5985
6414
5553
1886
865
7089
2934
8211
294
5761
4609
5897
8447
3173
1311
9889
9387
2601
6668
628
9431
8278
905
3332
6495
8526
8805
5069
1734
2841
6551
3359
7141
4748
7799
5921
1610
9627
1949
4474
5021
4347
8679
1859
5106
5965
1922
9436
6734
9180
1848
3972
3894
567
5218
306
4427
2461
7564
6008
5561
6033
7913
2475
1873
1524
8403
1651
3275
7200
8001
7277
2619
9737
2780
3238
3288
7823
9447
6785
7153
2468
6194
6818
7015
1923
670
9625
8970
3063
2492
4057
1509
1139
1419
821
3794
172
2265
9912
2102
7964
5854
7657
9413
4093
718
7181
4233
8570
9151
7053
3268
1592
2116
962
7047
2099
3036
8020
1018
8161
3206
7242
8956
9237
6271
9862
7807
7211
9887
6244
573
7330
7478
4434
2368
3805
1595
1862
706
8722
9679
4370
8384
1891
8583
3463
6064
6350
1732
9288
3009
6014
4859
5435
5555
5395
557
1355
9433
5533
2508
559
492
8948
8646
3519
1416
5585
6690
6753
8655
2620
8905
3211
1563
2540
1349
3609
5966
4376
166
3240
6852
2485
5645
4484
6900
7850
8984
2755
110
1036
3583
9972
5918
9741
403
7345
3113
2419
5604
1919
164
210
7433
1436
4807
8051
3180
9143
4893
5120
4999
145
4882
9601
520
7179
4545
1101
329
9551
9585
5067
5226
6309
4876
4129
5109
6534
1392
5993
3991
6241
7599
8109
5119
8022
5956
6477
4933
2323
3851
465
5217
5750
4878
7781
9970
5409
5662
9711
7255
6422
8079
5671
8339
3174
9141
1786
6564
7816
5669
8520
6250
5529
8629
7987
4424
8044
1225
4006
9360
3141
3247
2956
1574
8458
334
7752
2428
2454
9937
827
5606
7032
8357
5614
3319
5954
3129
6435
6537
4843
8500
8434
8628
8397
2928
6651
5277
8891
1111
2618
7269
6535
2981
7040
9171
554
2521
4749
9541
9959
6357
5318
4825
7948
2237
9050
7232
5082
5208
310
4631
4473
7325
7640
9902
2929
9563
9304
9742
8721
7221
3524
1467
3252
5976
892
9721
4174
6209
7172
8232
7448
174
742
790
4105
6169
6424
4546
1175
2791
516
2320
6749
7272
1631
1401
1615
7861
9061
6864
3823
819
8457
3734
6396
1774
1864
7310
4412
2176
212
8326
1452
3362
339
362
7057
463
6484
5081
6545
8026
6573
9265
2887
6214
7018
8672
255
6544
7836
79
6216
862
7763
4745
8317
4001
76
3439
7549
4980
5654
6053
3722
5803
8677
7609
8785
3673
889
3125
2027
8099
7772
2383
5736
6342
4413
2636
9142
1920
4625
1415
4220
8142
9909
2458
3024
8622
8836
1171
7021
4549
258
8947
9913
7718
2316
3540
6034
8178
8195
2748
5176
1141
8214
6918
7556
9421
1573
2075
2421
2052
7346
1457
9771
2155
4719
4463
5999
8858
9289
5102
3246
8916
4785
3881
4758
5510
6853
381
5844
1826
349
9710
1442
1258
134
8169
721
9703
1279
991
8264
5013
3220
5785
2349
7438
3897
7275
2182
8976
1234
8745
6219
4783
1390
1173
439
7313
2093
2765
2772
1032
9185
9009
4360
5394
6654
2836
9963
4774
1671
2467
131
9847
4295
663
344
2652
6843
4854
314
279
6886
5080
4099
9732
9672
5518
6462
6226
7666
4053
3923
6504
7165
3377
4270
5244
8110
2011
1093
6452
7173
5327
3065
4344
7678
8335
8243
6123
6007
7097
6197
4308
199
7029
8565
341
9046
6575
6181
5690
4095
4145
9645
3406
8499
102
9659
7119
893
400
3374
4715
6835
8803
266
9297
2340
7855
5610
3746
1274
6991
6445
566
2389
5592
3901
7954
6215
7333
6164
7104
2764
2647
836
5539
7283
7361
1020
2051
3759
6478
6073
6984
8067
4492
2815
5156
3123
2392
1369
967
1675
7086
4160
927
6520
2994
7645
8163
8177
6060
5698
7371
969
809
7489
7502
8862
8353
3647
4119
2832
8070
3413
2407
6519
5214
1633
910
5831
4798
6804
860
3762
6552
4073
9984
2464
252
3185
9816
6505
3025
5265
532
2489
2905
9488
2277
2814
7349
8172
9662
6768
4058
7230
3710
2297
7625
5505
5268
3486
1132
3348
1374
4332
5784
1812
4388
8414
7922
1195
2771
8439
2300
2842
5137
148
5456
5820
8472
2091
5753
6775
6401
9668
5565
1307
5626
4537
8173
7238
6815
763
2712
2967
1191
7404
3119
5039
1742
6162
8974
3355
1752
1600
8460
8763
8074
7490
51
4830
9233
3375
9255
7351
3455
6905
1317
4450
5096
6604
9224
5285
5126
720
2795
3839
98
869
9390
3828
6680
749
3790
2097
9533
4437
5116
9576
6119
4168
1706
8193
1785
284
5384
4752
906
1104
1172
9716
9951
6847
4791
6273
801
2922
9763
7503
5672
4076
2773
5691
8286
1741
9596
1692
7368
4940
8225
2495
6626
6367
208
9802
3858
3684
6969
3695
1261
7998
8213
7326
8518
6191
1012
5055
1384
4189
1657
2821
1674
6150
7970
5322
2857
1118
3716
8973
4713
6156
9052
9054
9520
4152
8418
4228
84
4139
8210
4925
9820
774
9903
5396
6658
9818
3563
3462
9012
1381
8926
4397
6642
9036
2331
7266
1846
2968
7359
5213
9079
7938
5665
8373
6570
5777
2997
3604
7739
3719
4612
5726
6715
1979
3475
8401
7702
8269
3320
7254
2786
8636
9398
5506
3485
1562
5778
9463
3507
3636
8714
835
5489
8960
4324
2134
4267
9948
4447
5241
9980
6141
3149
8261
4486
2502
6476
4226
7069
120
3850
9516
6677
7143
4078
9518
2044
1402
2598
1569
6112
793
2631
7638
4304
2493
7248
2147
9866
7168
3760
4718
2026
3022
8360
1106
5552
8282
4204
751
4453
1154
3718
9194
1391
404
6259
8632
580
3135
2930
7641
5352
6114
8409
4753
4205
224
1784
486
3999
4342
1582
2860
4978
682
1073
6683
5544
2627
8817
7671
8713
4081
186
8504
495
5123
9468
8358
1532
3724
9281
7184
689
8208
1224
7885
2203
8136
2040
6641
1807
2545
595
4164
766
8251
4380
5521
690
1964
607
144
3902
9515
3367
1619
5321
6016
6825
1364
39
6261
2762
1288
421
8374
9451
3429
3107
7782
7037
7354
7129
4730
1553
7610
7155
1461
4009
7344
6711
4738
3163
6281
4679
2635
9557
9469
1530
7873
2154
2315
8896
6892
8366
5719
4932
6845
6890
5148
8594
1170
3075
1901
2962
4533
8939
7117
3813
9592
7486
9731
3440
4037
2845
5843
7440
2262
5793
5710
3711
1865
1877
2837
8776
2738
8930
9899
8943
9227
4535
9873
6875
8777
601
9777
8747
6358
7278
9348
3018
5054
5312
4571
4860
238
3080
9639
6938
9013
830
1257
6994
6745
5748
8911
913
5050
5688
2983
2469
5205
3543
