3967
7105
9609
8024
9475
5789
9439
7268
8122
7960
370
2402
3502
6171
5329
6056
1539
6431
6725
610
8773
9412
6712
7749
2698
6314
3501
9151
6096
7807
4249
9287
5230
7811
6509
9444
1741
9116
6075
7267
712
4743
1109
1409
3866
1088
6295
1056
6484
3296
5077
6226
7672
8756
6109
9024
4888
3310
7059
4074
9992
8423
9675
5553
3804
1458
866
3904
8123
3860
2975
1527
1083
438
5659
5647
4930
9177
5562
5113
4144
3770
7181
3433
3334
1131
6724
3628
1698
4904
2299
7368
5755
3578
8483
9111
1990
6759
9521
7275
9588
692
6060
1987
6618
7346
3906
7738
4137
7566
5130
9235
7863
3823
1922
1682
1390
9898
5912
5002
206
3477
8950
7662
9304
7900
8686
203
6327
3542
9094
6815
3037
64
3536
7459
3247
2427
9719
5954
7871
8033
6873
1346
7573
3656
7589
8679
4019
9520
4893
1975
4443
8610
1068
9903
2098
9401
7274
622
7516
3223
4280
3092
18
4594
6367
6501
6968
5946
2983
7341
2805
4276
3522
4181
32
800
1577
7550
3538
2712
7107
4177
3489
3515
7402
4752
1550
1960
4847
7429
1272
5302
7095
8505
2646
1069
3646
1751
5845
5770
5815
8990
9266
5597
6796
6405
859
7750
788
9089
6851
7101
7862
6307
5471
4308
5212
8635
2602
9119
9481
8038
4278
496
8086
4553
9264
7339
8494
6854
9909
4567
902
5694
842
2410
2517
4673
8947
9409
583
7138
8854
639
6333
5940
2105
288
5331
2549
5116
6122
1668
6580
110
7411
7039
3557
1317
2564
669
8201
3951
5120
4485
940
2223
6088
9446
6734
2778
4373
542
8241
7330
4407
3754
5803
4098
1284
4850
597
1601
3309
5473
731
1022
9290
2877
8306
155
5391
1715
1099
3269
1767
5164
8794
8066
1120
5165
2026
9673
6285
1625
2377
6066
5390
8810
2950
7519
9437
9857
8911
4453
5375
9669
3660
5777
2874
8500
8140
8585
4996
6642
6653
3998
1819
511
4164
8538
3224
8882
2456
3549
286
2617
5635
1717
4532
1761
6343
704
9879
6388
8698
8231
7391
5272
3987
611
283
2644
4229
1633
3875
3917
1136
7590
959
8164
9776
640
1507
9973
128
3835
6483
7510
400
1081
7547
9711
3194
2820
2575
492
9716
452
4024
5017
6256
5464
4203
2374
6612
7927
9153
5548
8390
3753
8957
7091
4611
7133
8470
9662
6211
1807
7397
4044
3380
7865
4421
7722
4222
1787
3636
9278
6876
8829
3992
4330
3886
1169
5277
2496
8054
3289
9078
5930
3476
9416
7768
5973
663
4660
6541
2095
8591
403
6680
2409
9107
3026
9733
8733
4484
9296
8282
662
5073
7480
6967
887
9940
3134
7619
9305
3488
6308
1433
7217
6384
7373
7136
8189
4945
3567
5959
946
3109
5590
6054
6495
5600
2101
4686
3025
4274
1523
8928
9885
5894
6319
447
9037
7291
6648
9867
406
2148
8742
8678
194
1917
9907
129
2902
6329
2518
4577
2235
2195
4250
7987
1104
549
204
5123
4306
8800
2255
9360
6181
824
7192
4117
6528
4343
3745
4721
4855
6464
7856
875
1683
6315
4292
1052
7326
1653
9965
5736
6615
9291
6888
9552
8956
7249
592
8324
6443
5191
2141
3734
6276
3302
9396
293
1248
3210
4768
8710
2439
7505
7336
6825
3264
7622
6619
9777
7454
736
1606
1150
762
3313
211
5040
82
6996
7569
4267
3935
9216
8532
2446
2875
620
7782
4556
3575
9758
341
8237
8392
9172
8656
6736
46
4750
5261
7323
8641
7045
858
1997
5240
4190
9817
6690
587
3129
5773
853
4795
863
6444
1823
5771
245
4251
2069
1464
218
208
5886
5956
5296
3467
451
21
2376
5543
9187
2398
2746
5306
3772
2257
2629
8287
2994
8162
5259
5156
8577
8604
4659
7973
621
7989
1192
831
6006
1264
9345
4324
8114
6090
6977
2793
1153
618
6010
7906
7154
2228
6140
427
5155
7602
1526
3088
9991
2120
5653
3005
415
2637
191
9717
4241
2574
2100
3351
905
655
2888
5207
8508
4069
3396
5499
977
1670
2032
5823
2526
5963
3325
7018
8530
1901
60
8259
1631
8350
7067
5064
6115
8117
3796
5931
8305
3528
294
581
580
6018
7312
4844
9359
4828
3867
5996
1453
5812
2954
2350
6391
328
3776
4994
7201
2448
8252
9328
6105
697
818
6499
5681
6058
9075
5138
9690
6658
9431
7041
2563
3950
9815
6881
2175
7220
1781
374
9966
3625
4352
4537
5651
9852
7281
2316
466
2533
9093
5083
5538
3448
8809
9544
9737
5095
4159
4114
6795
8136
7940
5377
3228
7435
8465
9862
4140
6698
8408
2962
5386
3962
3819
7627
7316
1203
9370
929
7893
4042
5906
926
5792
7356
7401
9440
6848
9908
1155
6940
6052
4419
6722
1053
6217
75
9441
4700
2028
9530
6708
3644
7426
7978
3749
6208
5753
5015
7229
1122
7236
3145
1648
7647
1824
758
2750
344
8975
2341
8270
4154
8432
9408
2323
901
5722
8131
9890
4262
3400
4432
1848
7075
3571
189
2077
5646
6879
7727
4412
8561
8624
309
411
7431
6280
4990
8725
2631
5224
1839
5506
2231
7717
2811
8785
6350
3081
3810
8000
8421
4065
3832
3825
5575
9877
6371
7804
4566
5512
9557
4183
3308
9386
8228
4603
3667
6589
790
9935
760
3199
2400
5334
1385
9355
9782
4689
1396
6928
326
8642
102
3212
7118
7964
9445
7203
7979
9681
1721
6591
7162
7621
8867
6045
4483
9943
5958
4503
8709
367
2030
7155
45
1235
8260
8884
4156
2915
4006
8906
4717
2647
4064
7526
454
6435
9402
8974
8099
9312
9884
6463
8364
414
5747
6407
9454
9807
279
6053
2214
494
5707
1927
5322
7924
7298
7578
173
3524
1491
6184
5591
8543
2618
8314
2314
7130
8215
2835
1755
8748
5283
5867
5424
8289
3063
1048
7535
9250
570
9232
8623
4725
8766
1564
2938
7099
6515
3422
9295
3388
8245
5970
3381
8859
5535
4043
6855
9722
5910
1206
4450
9953
5010
8491
2906
749
8647
9727
2610
7390
2869
1538
4827
6422
413
6662
4887
8615
3043
4886
2225
3032
9466
4487
432
4208
94
8167
1285
7235
2613
7257
1191
5454
1182
2147
2895
606
5154
4118
9101
1694
6934
1318
9629
7254
2130
9680
9797
6163
5630
7701
1309
7887
8449
837
3718
7086
2583
2342
9067
924
8905
3045
3846
3711
8944
3089
9713
7587
9922
1525
6179
1148
1114
7173
6437
2788
5088
5654
5717
3150
9714
2812
1096
209
5667
8496
1765
8771
1977
8845
8058
4975
1129
1532
1924
6695
3480
9925
3892
7231
1544
1093
113
3829
2249
6975
6555
3486
7523
3256
3356
9949
6469
2508
1289
5678
7347
7135
7150
1143
304
6323
4961
1529
31
1071
9242
5945
4821
9467
3828
7416
4928
4057
8838
3417
2829
3190
4607
7436
3021
2572
1894
63
9500
1734
7019
3531
9728
5305
1998
5991
7259
4729
2187
3798
1773
8475
2619
6410
4876
4525
6707
6588
3087
9606
3827
7486
5357
8758
5556
91
6688
8111
9033
395
5698
2649
6737
9600
6390
5961
2806
5915
5794
9732
7912
3551
4837
5321
6423
7024
2062
6071
52
627
3675
8042
7818
474
8177
584
1365
4751
508
9628
2925
9803
8135
1029
5387
9022
2845
5492
9275
8706
9906
1078
2951
6212
1044
5984
5603
1557
7551
4759
1794
2418
3237
9259
2816
9878
5379
146
2215
4647
4676
1375
3518
4390
2623
4998
7903
942
4687
9686
5210
1168
4149
19
3692
9149
2961
819
149
1349
1897
8886
8316
4466
1487
7985
3686
8714
9748
8031
6790
4020
8489
2786
6132
6061
1681
4571
6039
4146
7923
2604
9555
9383
8967
1750
9766
122
5925
458
3563
871
6473
9986
3527
483
2861
868
891
9545
2430
5115
8504
7058
7353
2512
6476
9115
2901
1132
199
9181
635
1426
5824
7944
4499
1034
5869
855
8341
1508
2337
6379
5035
7340
1688
576
630
3554
9252
6544
4543
9507
5148
9019
3923
7692
290
8081
3053
8688
1530
1748
7047
4194
2263
7945
5389
7719
8057
6524
7352
9970
3225
5583
8594
9069
9015
7809
8187
3457
9048
9417
2768
2682
8617
5710
3306
6188
5848
9667
2136
4956
9640
1483
8368
3577
4787
9228
4036
2944
3618
5046
338
6586
6032
2432
6603
4749
9098
5715
4761
4134
4351
6229
1392
6228
1627
6291
8193
7032
4362
3626
1072
3587
1062
9933
670
5430
5621
3534
7096
8589
6416
1419
8752
2670
6925
7474
134
5092
5776
8751
5043
4943
4699
5761
7949
7581
8184
303
3647
2923
9541
6980
505
4110
5221
4617
9854
8969
3544
142
2103
92
6038
6185
2737
2463
2576
9419
3787
9538
1588
2125
1893
2974
2018
7776
7522
1825
4430
4438
8132
7639
9332
3674
8410
3101
6726
9692
1228
4737
4873
861
8798
4497
6857
7997
6272
6859
5431
6205
675
488
8119
5834
4481
5902
5865
409
5311
5974
763
6195
4035
2724
6482
6069
8731
9592
6368
6396
4528
4364
5818
5403
2230
6946
8899
5174
1940
1463
9547
316
8267
3474
8574
1760
7559
2872
5685
7500
2258
4939
3295
1230
7905
4672
9353
1880
1808
695
4860
6461
3744
7691
9211
1252
5011
2920
6627
5341
1140
520
8188
8932
7261
582
3863
5682
3280
8548
3679
564
4143
6978
7048
6577
8250
6450
6677
4889
2385
650
7813
2562
3354
4328
2273
5167
3217
8017
6360
555
4733
6893
9627
3695
311
9568
6310
1401
1257
1986
787
6202
8067
2420
6540
7645
6207
166
2511
4072
6252
7311
2530
3817
4246
6575
3301
4822
6351
5758
8473
3632
798
2089
9771
3826
3512
3071
6040
2941
7117
7693
6317
6417
8721
6951
329
1984
4359
4923
8056
6592
5018
8827
2110
9562
8545
3078
4167
3706
5582
677
2818
6183
2126
3645
8226
9490
8163
7092
4967
7317
1028
7228
7503
5025
7878
3051
5251
9913
1334
7481
9226
7810
9566
2734
6352
2369
4253
7313
2343
699
6378
8762
1024
1756
8683
7218
7664
7774
4627
4937
1360
4399
7187
3355
9163
7613
954
6717
153
8217
5459
440
3232
2638
7921
5074
1218
8395
6981
6271
9721
7393
1912
872
6551
899
9497
8089
4680
6994
1619
653
2545
4433
7121
8872
1039
4460
8387
7835
9234
1590
7378
1387
9630
7114
9213
3750
2603
2490
7852
8502
9462
4944
5428
734
8556
1994
591
3889
2067
2387
4289
2179
2865
4522
4600
9322
717
4813
9405
6908
3958
6025
5483
6762
933
2743
3446
1571
527
3974
9774
5238
8206
1303
490
2688
7698
7762
4234
5371
387
5775
7817
4059
3311
2090
5801
9540
1331
1493
5416
4811
1287
1930
4869
4946
6864
7801
7633
6732
5063
7803
8242
4248
3854
2984
2787
3487
3672
9178
9594
358
9536
2926
5675
1371
3031
2909
8227
8782
4244
9202
761
7999
423
5806
4915
4841
5086
7030
5660
8363
2795
5028
2064
1939
8546
5420
4767
7703
9781
1106
1567
1591
9827
5578
3689
8339
2466
6914
8613
8576
966
6072
6778
5175
7196
729
9251
2393
3513
3511
4127
8675
8901
8298
634
2065
4021
6637
4775
4200
2298
1416
6370
2589
5186
3397
4041
145
4755
6972
6237
7877
5980
8965
9145
9678
2465
9955
5427
558
3236
7792
2770
8143
2899
1801
9485
3703
1160
1833
2470
6706
6344
737
9350
4997
1948
598
4805
8973
5347
2386
6000
2210
845
9120
8666
9331
7780
3879
4479
970
7324
8717
1033
7716
700
1430
8514
5285
3721
5625
3008
5158
1001
3545
8662
7365
8889
7305
7755
8462
7902
487
6628
8602
6502
870
7052
1103
1680
4657
4225
5234
2633
9134
78
324
5127
9824
6475
7354
4207
8097
443
3342
8581
7557
3028
6201
5439
380
2382
6777
7883
103
6007
9316
4988
4557
6997
5725
8134
5480
267
4161
1418
58
1778
5817
5994
9948
4235
1640
2558
8665
3444
8527
8425
3740
8520
6735
7079
7542
4387
5097
6079
559
9240
9987
5613
3657
1290
315
7046
5253
7735
4488
4028
1677
6457
480
1369
1490
4898
4774
5618
3629
1438
1413
2469
1618
8352
937
3024
7487
9124
3782
105
7677
7102
7650
1373
7093
3820
1903
9585
4570
6852
8012
5030
2264
2960
6164
502
8059
6013
5399
5203
8634
8991
3441
3765
2433
5455
3602
6674
2338
39
1876
9971
1415
4489
8689
1220
3376
6513
6455
9929
4193
9762
5363
3966
9289
7706
5108
6204
4573
2399
1542
3374
7911
3115
109
2669
2739
9059
9915
2458
5404
5172
7926
5825
716
7442
1797
4670
4102
20
2327
4429
8808
171
8192
1872
7951
7066
5045
3118
3117
3137
388
6283
3562
9088
965
6159
8015
984
8788
4232
4155
6775
2118
1089
4832
5627
6927
4995
2122
7163
7748
6472
9514
3263
8176
9916
8146
4245
6545
6952
3851
4152
3720
402
6664
8301
2333
3970
7134
3470
2308
6561
7574
3733
766
1516
6118
2371
9414
1250
516
3113
6213
4257
5855
7915
8362
8346
4011
181
6962
1546
2979
14
1119
1135
2660
1707
2936
646
8633
5860
9171
6452
9643
569
8804
8286
9661
4993
2952
2965
6957
7580
4153
5673
3276
2232
4307
4829
2300
1017
4458
5192
6564
4113
656
4265
1786
5977
2570
9123
3874
8993
430
6487
6051
4535
8120
7984
8034
7842
7694
7963
2842
3283
9919
3837
753
1292
9887
6057
2893
6831
2597
713
6900
4007
9310
2675
9273
8699
7858
1123
4000
7080
3550
6241
1621
9225
2967
8995
1651
6267
5342
5609
4312
8373
8544
4681
1875
5058
3799
7271
869
9904
838
7360
4643
8569
4948
1846
396
2318
4076
4139
1184
7640
6729
368
6223
275
7572
9602
5400
8870
8826
5004
682
5998
2447
3961
3322
5491
1238
7111
6077
3922
442
8885
4677
5622
7527
4275
3533
6837
9649
7460
4871
5048
9571
7649
3079
1959
2024
5943
7025
9458
9127
3775
6558
5947
3610
4354
4920
5883
724
6279
4252
9109
6136
3561
4734
6240
8960
4942
757
2868
8354
7759
9814
9221
4637
9411
5269
4555
2275
6915
8658
9694
7140
7348
3366
6255
6568
8319
7005
3965
3265
1311
4781
5820
7752
996
8046
9593
9044
1372
8478
4378
6160
2919
3363
7174
3427
4799
9820
8942
1086
4402
3413
7682
9659
3328
1352
3569
8711
9003
515
3271
5218
9841
7374
1342
1699
7371
4465
4872
803
112
2766
6560
4540
722
9997
9068
3900
5691
3017
8694
7771
6832
3382
1870
5568
6805
6704
509
5091
3165
1626
4091
419
1836
6988
2437
9923
975
5638
5433
4952
26
137
4131
8442
1159
4189
6120
6325
7263
2250
6892
2259
8802
786
261
9255
5942
3438
4517
3813
5518
5446
6597
2471
1622
9939
8547
7537
5200
7061
6447
6626
3182
9842
188
6802
1753
7409
9121
9558
8438
5176
5417
8003
5780
4916
285
2689
6232
7836
5601
7491
2914
5656
950
804
1910
1656
230
4471
6679
4126
5596
2841
5178
4726
9535
2301
7853
2544
7457
3948
3040
8745
5849
6731
1616
9810
9623
2115
7375
8526
7194
7610
7833
5336
4297
7366
2509
3559
1909
1061
2683
8291
8069
6949
9258
1208
2188
4882
3219
4368
6896
7591
9002
4045
3324
1593
5434
1865
3172
7796
7433
6233
68
5225
7663
2652
7564
1985
7038
5472
5000
3120
8774
557
2361
7528
4588
7754
6672
7669
1597
1338
4105
4584
2178
6019
5474
3844
493
6991
9006
7177
4924
355
8739
8322
7069
5642
3591
7273
944
2226
8895
3175
8917
3147
2856
9195
9688
812
7471
927
678
7424
8525
7329
1295
4693
3975
101
366
1265
8638
8820
5846
2476
9300
897
7036
4612
9362
5542
6669
6020
3932
7980
9479
3980
2772
6936
6402
648
4604
743
3000
3580
4858
8836
806
6143
8910
850
5345
2614
2894
5279
4334
3203
2358
390
2657
3793
4597
5933
3479
1697
5544
8082
6709
3390
8536
297
9131
9524
3004
3722
9324
1988
9735
2493
7850
6926
2331
1531
4400
1058
4071
6536
4661
8345
6984
8171
821
8336
9357
3555
2443
6168
2694
450
5714
3098
6169
8887
9626
4846
7670
7265
4770
1747
8285
7966
7723
7746
4515
1524
673
6710
9927
1420
8833
3226
4880
2742
9561
7021
5924
3822
5350
7142
6292
2074
3969
9201
1234
9498
7597
9248
9050
9392
5513
2781
8654
8098
9952
2672
9025
2654
1691
1543
811
4095
1522
5546
6910
9341
9128
1889
2212
3091
4119
301
3176
4344
3391
2181
5738
1675
5422
6441
8116
9056
8558
9051
7178
2733
6411
9559
3541
1332
2265
7995
6715
6155
2154
8225
886
2907
2807
243
9129
7103
234
2160
2522
3094
1448
1800
2186
3344
8126
4081
4820
9934
9550
4870
1485
807
5033
5081
3510
5457
7658
7090
808
2565
5029
3220
5050
8404
1189
8690
8515
3546
71
5890
1792
3402
5611
6923
9843
3128
6196
1969
4762
9802
5649
9364
5917
3142
9613
6511
3378
6309
7222
6048
495
4178
1705
5275
4187
8981
2913
6827
7642
4817
9442
2676
6983
4406
9780
9026
9423
3498
2083
1558
5727
6678
9138
2929
4404
5677
987
1610
7674
6481
369
8655
2
1202
6902
9563
1536
7211
1267
5162
4243
4621
3742
2989
5398
756
317
7077
9491
3836
1036
1121
9768
141
5549
8161
7363
6245
5987
6363
7029
2134
8288
8141
6786
95
6538
8210
7097
7207
9271
945
841
8361
6895
6500
3416
2826
613
7605
3712
6909
4409
5948
3694
3239
6687
3714
1878
7027
6153
9740
3809
2063
2474
4620
8971
2628
227
1224
8396
9999
8153
3833
2121
482
12
8814
2192
59
4987
6076
5975
6944
7794
5442
9343
5488
4808
1167
3864
7832
8240
3208
7484
125
3899
5170
2640
5215
3084
2455
883
9621
9655
1475
2052
8793
4644
6807
8261
7714
3986
4482
4083
768
2990
6865
7586
5037
7711
1073
7408
5658
3287
5159
7002
5222
6002
5790
6507
4694
2995
6813
5502
829
160
5440
586
7772
6199
9236
9899
5637
3108
9994
6894
7216
8797
1974
7016
2690
276
4674
2595
8907
7338
6763
6640
3611
8850
6092
7689
5486
1193
5232
9622
2344
2548
54
8767
2942
4545
6572
727
514
1595
1445
728
8934
2320
8629
6089
810
2071
7861
7846
468
9456
1970
9230
8614
5173
1060
6787
6399
6982
2867
8007
9897
916
9032
7583
4003
7874
7814
178
2988
9918
8424
9763
5351
9314
3104
9191
638
5851
9188
6516
2112
1743
5462
6373
7418
9664
6718
4490
6106
5570
8078
2415
7245
4049
745
6799
7531
3023
5228
6862
9794
6742
9428
5393
8949
5188
8777
8269
5112
2678
4012
48
1556
4910
8205
3737
2922
9988
6413
3406
3680
3637
7440
8370
3955
5163
5744
2274
4393
1722
9219
1882
9009
1157
7507
3460
7501
6556
1139
8811
7628
65
9366
2947
25
8174
9338
4901
1410
3640
5103
876
782
9031
6821
8151
1744
8618
1031
6347
8006
7423
1347
9811
3034
5478
9837
8451
1811
633
8460
3814
5089
4211
7740
9796
623
9818
2137
8311
8416
7488
1650
4896
9665
6186
9871
6448
9125
2020
6479
1737
9730
659
7006
5140
4868
8413
7972
4864
1568
2935
5452
2998
6670
5293
1869
6571
1261
4862
9279
8378
5412
4338
383
6671
6404
4550
9591
1855
8749
8268
7837
6498
538
1883
815
691
5786
1511
9488
2068
3942
1087
356
4831
4616
6005
7088
1920
3868
5355
9985
619
1789
339
1091
7014
9710
4718
6550
56
605
5708
2883
3437
2822
5882
1632
915
1364
1777
1582
4391
9648
4388
8133
604
8343
5211
2892
8703
485
7033
9406
3585
2452
551
9237
6098
2124
4707
8127
5463
9583
8691
5576
2541
5183
3372
6770
8266
8958
7072
2881
5661
6638
1461
6877
9516
5887
6652
9378
5852
6180
9220
805
2196
1497
892
6290
107
130
8925
3048
6529
8103
2972
3011
5504
7314
7568
8853
1554
9461
9453
6986
1926
1469
310
4195
1950
4157
2976
7739
5640
1686
2365
4825
5255
8839
7618
3100
5863
9632
1236
2803
1376
1907
8320
6358
4470
106
2057
2970
4658
1608
9729
4838
5262
4037
6847
262
5911
5450
6676
404
9473
4585
224
2045
7319
8636
554
6293
660
7205
5574
1966
7307
6772
5605
5517
4425
8441
8537
3717
2207
4080
7718
7280
192
2220
5314
8955
4853
9148
9020
1384
5968
2149
6382
8799
4255
4665
7556
7204
1965
7159
4186
4213
5250
8832
4214
2687
5436
1152
1764
9750
1242
5688
8178
1692
7282
4447
8608
8293
6121
6512
7721
2662
1467
9005
540
7562
6728
6203
4650
412
4861
5157
2696
747
7930
989
1925
8970
8398
6635
2798
1885
3006
4685
2783
3421
9895
2702
2328
1509
711
2964
6694
9670
9480
4310
2193
4675
8010
183
9434
6960
6433
6214
9114
5606
3971
9091
9217
6230
5075
6357
8648
3215
4349
9671
8847
7860
7148
813
43
9356
1921
9404
8603
7933
345
2395
3373
9812
3540
8091
6497
3057
8627
2578
446
9831
5449
7078
6346
4809
2785
2292
7215
1560
426
2035
4702
8964
9859
2691
1389
7468
8071
357
6755
2224
1945
6905
1578
1256
9277
1065
7671
567
4383
4625
8030
1971
5118
7137
6496
2707
1713
7477
7355
4411
6033
7400
9282
4630
723
7028
5508
2847
416
5742
9715
2729
4646
8968
9447
1822
6833
5759
6549
5788
607
5354
9471
9317
4357
4765
956
1026
8443
6903
9783
9731
1281
5201
2047
6424
3994
4027
4367
785
3197
2021
1871
5489
3654
7540
1504
6505
3453
906
7599
8183
2108
1952
7244
3747
6666
3268
6082
8966
4125
7094
1714
8014
8980
2279
2236
1059
3842
9064
2884
100
578
3762
1832
9635
8562
836
2686
8621
7778
5071
5634
1013
6221
3107
5629
2370
923
2516
3697
8554
5273
7868
7859
4026
1962
8292
6845
4437
4935
1864
5951
8100
1572
4223
8005
9760
7555
3140
8128
7318
9834
6552
3180
2973
6933
9436
708
6275
1217
7456
5309
7004
5041
3688
8179
5885
2933
9152
7358
3937
1976
1784
9677
5595
6273
4561
1636
8434
9947
1862
6823
5267
826
4959
9206
9584
2183
6720
3913
4261
1095
8880
3601
175
2061
3387
180
1555
7225
9964
9699
8772
5111
9087
2939
8579
1102
9281
2625
8914
4361
9157
5236
9508
881
5929
8541
3
680
1271
9038
1709
3930
999
8393
8807
6682
1936
2713
7532
1233
5752
4348
9770
1393
830
2796
144
9696
2234
9099
1835
5494
8356
3924
6320
3152
1008
3070
6649
9476
6771
6645
2079
742
2144
1803
548
8984
1196
1967
8778
9704
4077
8411
9073
1928
4705
7034
9734
8366
4624
3764
2532
2388
7660
9499
9229
3133
5784
5411
1381
3136
7040
4583
6719
3926
4865
8047
2449
774
2738
4427
3916
6490
4236
4932
8154
9285
2419
7910
1316
6036
2251
7327
4919
3893
3459
1417
1723
4954
4346
4093
5190
9254
6148
1118
7294
1428
3748
5808
9415
4086
1613
6428
1881
7843
4641
994
3838
4495
2963
1336
3648
7971
3643
8375
4025
3114
37
9327
1016
2239
6341
6355
491
9403
9739
2831
2886
8357
6074
1432
1310
571
3343
4692
3080
1762
1269
6354
16
5366
2949
3662
8063
1665
1847
3401
7398
7297
1514
888
348
8570
9972
7306
767
5242
8735
8701
8559
9684
8068
552
7467
8834
3564
9374
8199
1275
9936
4260
679
8232
2087
3768
4590
4925
3192
4370
4654
4173
3568
4866
1197
9525
1634
6073
973
6822
4449
895
8879
1101
7246
5557
6029
5997
6583
4148
6817
2362
9638
1899
7377
2406
2693
936
7303
5344
3927
5545
5768
7884
5636
8611
1964
9448
2911
8511
7272
7278
710
7726
1337
1394
4199
6632
5530
3592
519
8369
733
573
5670
4814
7575
7956
5838
6569
5767
6945
8294
4478
1770
7546
8258
9738
3154
4087
9180
321
6890
7827
1125
3461
2555
9764
3736
2752
4298
7925
935
6789
7469
1291
4434
6835
960
5523
9175
9581
3157
9889
1142
6776
7707
30
719
6647
1592
2573
1492
6131
3947
4115
8998
5889
1596
9052
2157
5514
299
4132
8781
7333
8764
9261
1353
7049
550
6414
4802
8273
9894
5697
7666
4989
6526
4380
273
2827
6527
9888
8394
4273
9253
4696
6557
4791
9334
7932
244
3730
9268
5507
1361
5836
7370
4141
2966
7119
1573
741
5830
8963
8157
4991
2536
4384
1611
5476
3320
1730
1355
5941
1856
6935
2953
5117
2571
9650
4558
7043
7251
3594
1620
9198
9598
8876
3105
2073
6254
8437
2366
3238
9246
1645
479
8893
381
4552
3121
7420
780
8009
2117
5953
8209
3738
4549
5239
9307
223
6844
9990
8125
3060
3462
2592
5695
9529
38
1696
4151
5313
3331
5465
874
3022
7076
1639
1107
1763
3450
4046
5534
9136
967
5141
2169
6651
5650
1177
6508
5257
7579
4764
561
3905
1605
7200
1840
2309
2240
7143
5425
889
7892
8495
7654
5875
1900
890
2996
8295
9137
9432
4533
903
8912
6070
9806
9185
1027
907
240
2146
8640
6875
4168
4638
5421
3726
6034
8461
2535
5263
9159
2495
2728
3424
4004
4748
525
3590
418
914
6289
6969
1624
499
2266
34
5056
5184
5217
5950
202
7786
832
6884
8276
6446
9057
6992
7872
6906
9785
6579
8509
4204
1245
8913
1795
3608
7186
3159
6111
2059
7250
5862
5479
1669
4559
4968
5297
4097
9586
7699
5971
7447
7632
2011
1642
9825
3696
3972
9082
6278
9298
3902
3635
5565
7745
1266
5451
1175
6605
8727
1170
7125
4608
9892
448
8946
7258
3653
5288
2379
6624
9299
6394
512
6754
8445
2360
8796
4894
5701
2107
5614
3171
5493
5540
1563
8084
1178
9570
7873
5564
9631
9311
5196
2002
3641
9981
5106
5554
5438
371
2580
5125
6566
6525
1194
9654
5799
2852
7571
3691
6548
4917
1661
7524
4691
9517
6
7123
5719
2557
6403
6849
1693
8297
4663
7406
1662
2804
3327
1804
4055
3790
2168
7051
8713
5448
7227
1092
176
292
8238
6376
911
7595
3449
5122
1190
3090
6091
4188
7888
9008
6339
7479
1446
5533
5795
4128
1260
9804
8650
7073
8446
6173
500
2782
4709
7430
7167
1733
2634
1486
1958
7953
8682
9844
8757
2347
2735
5281
4776
1902
3095
3884
5937
7239
6425
1294
337
6919
1268
8041
5969
3018
3389
1246
6889
1274
1273
8663
312
6326
8236
3471
8050
8865
8036
6049
8275
1229
6901
8936
6601
908
5444
3282
3054
7350
8643
7334
1288
4835
27
8582
384
463
9108
2606
8418
9853
565
7385
1141
752
9303
6430
1307
5699
8902
7788
2992
7848
6985
3857
9421
7895
562
7485
5062
4973
4715
7880
3556
3887
1788
589
9620
5617
9150
7322
2135
1000
9813
9377
4905
4766
5287
5268
9532
4320
1815
4506
600
475
7648
4918
1442
7686
3016
4797
8571
5829
8938
6820
5589
5729
1655
2677
4135
2581
2243
5144
4510
5850
2488
7761
3298
6301
6250
6008
3148
6766
4279
6656
5821
8754
9047
1776
5372
6684
2403
3076
894
7188
3067
4085
9941
8300
9004
873
2354
5610
8600
5126
201
3430
6886
8079
8921
6251
9786
5559
1980
2643
8243
8519
3925
5680
3604
7683
910
8736
5477
3187
5346
2454
4342
2485
7603
8982
8334
305
3891
6365
8962
3605
1466
6878
2003
9192
990
7536
3901
1063
9358
8195
1263
3614
3456
9505
4810
2971
123
5602
5300
40
932
2051
6730
151
8687
5500
1742
4002
3944
5528
9375
8685
5330
6930
7667
1772
1212
3973
9944
7826
7720
2825
5027
5133
9709
1456
8568
7147
5858
9573
1108
7975
1931
6144
9214
3755
7840
9560
6362
8945
7455
4547
3359
8507
1116
9607
9054
1435
9860
2424
6533
6030
1283
2958
2584
1012
9030
2245
2709
529
9105
8523
4285
6774
2946
7310
4103
47
4145
8072
4341
8428
7127
7570
6599
9917
8008
979
8365
4683
378
8145
6288
7970
5982
5750
8129
7122
2792
1502
2267
6027
215
877
1932
5949
5579
3410
15
6126
8386
9100
5016
6861
1297
4986
4472
6911
1468
3668
974
7238
4999
5798
5087
2431
8825
8992
637
4068
5811
988
1137
2165
8593
5432
7920
8596
8864
8077
8308
632
3319
4029
1133
2780
3085
2609
6046
6380
7299
2550
2216
9868
7592
7766
3254
5307
3530
5226
6009
7493
5407
8229
6460
6248
3234
6436
3725
1436
7891
689
2297
2202
5066
9515
6866
2753
3056
6912
4609
4974
2173
4360
4931
2681
5460
9194
5413
4667
5628
6372
4798
3055
8718
3500
3621
9707
3326
5153
934
1712
8399
2554
5843
300
392
9579
1540
8866
7806
3204
4394
4541
3760
3615
9865
4271
5327
6426
6128
3978
9400
1671
4191
949
4653
7760
2272
823
2172
599
7379
7824
7011
7315
3871
772
3870
7675
1877
2624
5684
2116
4723
3259
7942
764
9503
2494
6841
8181
5952
5936
1996
7967
5935
2359
4938
4122
1961
1201
1227
3801
3156
1817
2099
1154
4172
7441
629
8332
3497
5810
108
4311
2411
1350
3386
9329
6739
5807
506
1816
2356
9833
9390
7185
4493
8565
4897
4501
6522
5832
3350
2013
4854
822
1710
5241
3464
4335
1657
3824
8612
3895
9388
1188
6608
1700
1018
3258
7146
2413
7896
161
5519
4793
1954
4890
751
8996
4958
6157
1888
8191
3622
3036
9484
8381
1973
1444
393
3248
8391
9679
8020
1377
900
9210
291
136
6932
6510
4219
8202
9518
720
4082
6316
4531
6675
3911
1451
5921
8724
7157
1040
7428
3481
8531
3666
2200
7210
7992
6757
2497
9182
2082
7773
2505
9522
3312
4757
265
1145
233
4094
4184
8112
3169
7100
3019
5145
7681
3072
4197
5861
986
263
8279
3027
3919
833
6660
6260
7855
6400
7636
9186
820
2140
3743
4645
2254
1821
1992
9
9474
1278
1032
5989
4492
9336
2627
1858
3858
9531
7894
3124
609
6781
2114
9465
2156
4031
8878
687
6078
9065
8459
1450
3803
4420
1200
4576
6257
3811
9911
3035
4329
5032
3304
6681
5248
9297
6176
4304
1085
1674
2391
8043
6595
8403
7108
1301
3989
3445
7612
4639
7404
3683
1609
5367
9668
4163
1644
6198
3495
7448
6989
4724
8824
5429
795
2586
11
9477
6697
287
3982
3122
3103
5760
2244
8533
5709
6673
5294
530
212
5079
7890
6625
6744
5783
5124
2233
8692
1575
7292
1630
9183
2445
289
2325
5748
8180
1500
1598
2290
4911
9161
6741
249
5244
2048
6643
526
9040
79
9382
726
8160
8941
9184
3881
5749
239
7553
9746
642
4845
8013
2749
4129
8105
4655
7875
5128
4739
5426
4671
4215
2790
6044
1305
2310
8021
7757
9993
625
7823
7936
3414
4735
7237
9385
3877
2023
5447
904
9391
5185
3729
140
401
948
9212
6990
7577
4900
7124
7164
2843
4284
186
9861
13
251
4092
2917
5348
2459
8498
8497
8676
4507
10
3898
3716
531
2648
8669
4879
6562
7506
8383
4852
4636
2551
5376
2912
7668
6650
617
4423
4703
3270
5901
3073
7065
4459
1576
3361
4039
2607
3222
7492
7001
884
5668
5561
6127
5085
5966
4758
4509
5995
9893
9452
172
8857
5797
5516
4883
7712
6752
2611
7916
7007
8023
9233
9938
9435
3616
7449
2049
1366
5657
8477
104
6110
4695
9597
9805
9200
9910
1183
3153
1431
2414
9272
6602
7110
7789
9081
6532
8848
5558
5841
1802
8235
3246
6486
4720
2182
7372
5208
3702
7659
2203
1437
7035
5402
7959
7444
1340
2528
7929
3242
207
7260
5131
8628
4130
5055
7798
6830
3830
544
3241
9469
422
8348
8087
4417
3207
3888
5219
978
4221
8672
8653
3520
6099
6395
1247
1128
7643
2529
6094
5182
8769
1477
4833
4574
9839
8203
2295
3316
5381
2823
6489
9170
575
9260
4513
8463
1293
332
7938
9162
2014
5084
1545
7473
8340
9795
1254
2837
7042
9599
278
7128
7214
7421
8439
8027
2855
9380
2457
4486
3794
7991
5487
3583
3849
1204
4521
9450
4551
1684
5414
1534
6456
8601
3560
6015
4634
1646
3262
9614
9141
7609
2352
7939
9769
8626
6950
4951
3341
8040
5047
3882
5114
2246
5856
2492
4927
2765
7290
8898
3260
3364
8985
4491
1580
6840
6401
8831
6093
4615
3661
1805
5585
1813
2111
437
4649
3075
9058
9767
334
601
9269
1757
735
2208
4386
8377
9658
8397
3613
789
4640
683
2078
7882
7845
5672
4088
5581
8185
2237
4536
843
398
377
5310
7791
2389
138
5303
8450
8979
5765
5168
7232
6663
5044
2123
1473
2513
9569
3141
746
9542
4217
4147
8022
6594
3284
5229
2813
6003
1391
7262
1603
4410
7300
9864
2019
9816
5317
3046
5370
9113
5785
8290
5139
2378
951
9265
9533
7466
281
6474
4504
9590
3102
7437
2542
6523
612
9682
5922
4815
5711
9348
1685
5315
2722
3525
436
6693
217
9090
1604
6393
5944
5743
5572
7732
9483
2070
5280
6607
4960
3418
5550
6749
2081
8572
794
7219
9968
1359
2383
2142
6954
2039
6253
4629
9342
7364
7974
4971
6175
6740
5319
7388
9387
5312
4771
1258
9745
681
4656
8924
6259
9572
2993
1946
7399
6904
2605
8484
3914
1187
6012
909
1094
9753
6374
8274
9130
2340
7729
5475
6868
644
2916
2033
9393
3431
8019
8406
7829
69
4371
9905
8281
7417
992
6614
8431
3348
3099
1003
5529
3704
5290
2007
1867
4940
4397
476
6377
4247
8680
3952
9978
9034
3160
9828
3699
3685
834
8503
5532
5560
9049
9076
4992
1658
4546
5019
9582
184
6222
229
6261
196
5690
8573
5880
302
9519
6834
1628
3394
5093
5644
7183
9754
4773
3731
9335
1207
4957
5161
5179
7131
6187
9712
5835
3369
4922
3677
3943
8338
4030
2422
1412
9502
3305
770
9980
6576
7332
9576
667
7514
2040
7747
2666
4560
6349
5353
2221
1906
2862
343
9791
1172
9720
9023
991
1344
3144
2878
6149
9455
3452
185
1834
6765
1479
274
6702
6028
3588
7990
6166
1923
7172
9097
1127
9554
7425
7733
5751
3669
6114
563
1054
4678
4179
1014
1424
6963
9326
5877
1300
8076
2269
3873
5669
8659
2163
4314
4777
6598
6565
7349
9223
8419
2692
6412
4238
8115
9126
9526
88
5005
3202
3074
5893
4395
4902
6590
3038
5608
8355
1216
1676
9110
2206
147
1617
3537
2368
6321
4955
3843
7549
4582
8466
4034
1163
5531
5038
2143
3676
3333
8744
3428
6745
7552
4160
361
2491
1075
8540
1745
6134
6818
536
8172
9102
7169
9351
7948
9325
7530
4408
4651
4741
4321
6539
3777
3493
8567
701
3990
8542
7396
6246
9166
8039
3332
7081
9438
5665
8668
4807
1374
919
9836
8035
4662
6767
649
5324
3393
1884
8702
3231
5335
7057
4099
6611
3597
7152
2758
3392
8107
7295
3953
668
9079
9840
8344
405
1654
5008
4963
3584
2416
7688
6518
3086
1505
3985
9744
8948
5713
1918
6785
3991
5223
2999
2094
9165
3455
3162
4385
9016
2283
8303
6768
1731
4498
8961
9779
9577
5782
4589
22
9747
2155
2987
3617
3705
7800
1382
165
2760
9424
5160
9146
8280
2096
3878
4228
2404
7301
5631
9321
4772
4592
7293
885
5246
1279
6995
5247
7008
8435
4227
9757
6703
3506
5511
459
5380
4520
8937
1441
4684
6948
6747
7361
7139
7665
8342
8716
8074
7112
2775
23
8877
1455
7513
9605
2277
4422
8400
6296
7104
2762
9931
8358
7496
8001
9610
347
6491
216
6383
6828
2744
8218
242
2499
6087
2261
5735
4032
5278
8560
3253
2905
3508
9001
7089
2903
3634
5739
6917
7593
9482
7988
9637
5700
8124
1911
2751
8029
373
8152
8415
9080
3371
5866
3112
7439
143
9413
4964
359
7783
1186
5918
6125
8994
4947
1004
3281
953
8700
2176
2608
6466
3988
1908
410
2324
4622
8331
8516
2621
9478
9267
4652
6753
2486
8501
3579
7242
6427
4524
1956
6973
1408
2838
7830
4579
2863
6189
5368
7986
4863
7983
3082
6750
8253
7422
9083
1720
5566
4779
6503
2663
8900
957
3116
8759
7190
3574
8002
5626
8447
3286
8743
8138
8738
5031
7208
2799
775
7452
5343
1904
2174
2937
925
417
3483
1402
9687
5757
7767
5237
76
7931
308
1638
3532
8353
2086
3940
9323
9900
5135
7968
4116
5588
1891
8090
4753
624
3185
5754
9135
2715
9487
257
7023
1732
3997
2479
2336
7071
0
4133
6137
8083
962
5014
425
3701
1798
8444
9339
268
4123
7325
1771
7392
6062
6705
7651
3599
139
1664
3999
921
4316
2910
3135
3728
1520
9486
5388
6050
8860
2042
2373
4264
2908
2478
4800
7053
4836
7116
3267
9286
4296
9932
5594
187
3458
9270
8528
8590
1754
2043
2158
4268
5024
3607
259
5632
6243
9742
8052
8321
4282
8476
6723
3338
5503
5100
6631
5384
2375
2543
3434
7954
6585
5633
2510
7600
5405
5955
3404
2717
5927
1185
1280
546
3278
1237
5146
9204
2280
8553
3715
1339
2472
5481
3029
8868
7907
8940
469
6692
1565
1935
7003
5406
8417
5318
2846
1886
3582
3042
5408
2029
6262
5908
4121
4108
7567
5243
7962
5060
9427
9247
2000
4848
6249
8371
4712
2010
5205
6165
6514
517
7277
313
7934
1476
5304
5899
9875
9292
9960
6234
9043
4216
9956
8467
3761
5732
2194
3093
8407
4581
6445
2731
5520
5098
7070
9257
1484
407
6971
9698
5181
3766
2741
7083
3130
6836
2900
1162
983
6616
408
7797
2487
4881
5746
9615
2306
560
2286
6348
456
5382
7170
2797
7656
7328
7779
7445
8813
5349
3945
2864
2312
2701
6883
652
1637
3658
1329
3665
2242
6520
7685
4784
2873
1321
4448
457
2004
2650
6190
4962
8909
4500
5299
6031
121
7206
3007
3909
2519
2943
4287
8073
2921
714
8583
1051
115
3139
1407
2185
928
8055
3741
477
4218
8333
7815
1470
1156
3255
864
1612
214
2412
6563
9901
433
1354
8064
6392
9055
8278
1796
9433
6477
4281
6083
84
3773
9365
6494
9951
5923
5639
4358
2991
1082
9381
1210
6063
8915
5563
467
4834
8606
2853
6885
4788
5592
1672
5142
4816
8584
2859
2957
1421
484
2636
8649
2372
9998
2080
539
8304
4619
2525
7584
7230
3565
8953
6104
2945
1173
4457
7064
1423
4230
523
1562
3792
2594
1030
17
2085
7539
1704
363
2593
6783
1896
4317
4382
8427
3494
7109
5023
4554
1304
4985
7022
8104
9315
8712
4428
1005
2405
6792
4714
797
4050
247
851
5692
4732
2927
9174
4978
4933
8402
5619
1586
7288
3752
1047
6797
2537
4104
8779
6721
5195
1857
8325
9989
8931
2948
3968
6738
7756
5249
6506
2097
3682
5254
7697
9464
4523
7534
1314
8349
8896
5873
1348
9347
7657
702
825
2407
7085
8657
5271
9969
8728
3586
8166
2723
9611
4505
7384
2857
535
2473
4575
738
3807
5069
5289
2177
2630
636
2871
5423
1708
9902
4642
7149
8328
1459
470
5999
3558
6107
8761
4332
4892
1738
3329
7412
9029
9501
6162
7764
1057
7614
2801
2940
8674
769
9618
5702
6999
4018
2303
651
867
5525
6304
8436
6129
3529
8760
1180
631
3918
5009
857
4731
9546
7521
1874
7405
5012
9880
3912
307
8892
9765
7637
3593
6235
2704
3257
1077
9775
1395
1569
6011
7026
2664
5187
6880
2655
2685
2284
158
8433
8792
2858
8776
6867
2293
9646
5166
541
9443
6468
148
3681
524
3012
7508
7182
1510
421
5891
7512
3340
6913
1098
9937
2329
8062
6064
3439
4480
3708
4972
2521
5456
4912
81
2133
2315
2559
9896
9846
6748
8326
7175
7179
4698
5328
9027
6269
9256
6282
5252
6543
8234
594
8664
4202
453
5833
1276
1215
5983
7687
2854
3240
6646
8563
4078
985
9238
5723
8457
641
2468
7635
1474
3125
5362
9410
8216
6150
4355
7376
3349
2887
5298
72
9018
9647
7847
333
9470
4823
5881
9866
8254
2248
1643
9612
8113
3447
8458
1211
9363
8818
7113
3649
1727
6385
9227
3069
4885
4231
9751
1955
6366
1541
4162
8768
5264
1810
5121
4345
8186
4913
3727
5359
7256
8862
1378
2588
9851
5437
7596
1308
6340
1841
7243
6659
8705
1232
4180
444
1404
4192
5180
1615
28
2441
2579
2268
7881
327
3252
7499
2601
4635
8182
7427
1478
2348
5526
9061
9869
1025
2539
3484
3375
2834
5498
2253
9830
7432
1494
5080
7876
4542
9425
1343
9787
8972
256
8429
6258
9071
6331
6270
6542
5555
8720
449
7151
3572
250
9449
3463
8372
221
7751
6026
2706
4226
2390
1513
8803
6274
2128
8155
8815
5604
2421
6547
8765
847
90
2815
8823
7252
3785
7470
9574
7993
7854
5505
5679
9800
3595
4444
2824
2769
8791
8651
809
2504
6853
4224
1399
6192
6041
1914
8858
4664
5878
3065
6998
9653
471
4496
2817
8522
8061
7504
7977
8385
3880
6194
9429
9672
5435
5769
4100
4079
2828
197
543
6629
5316
6689
4979
1074
1002
1916
2084
2809
7904
9674
5976
3077
8004
1873
5985
9589
2321
464
70
5676
8168
6620
6432
2364
4185
5962
1518
2464
7607
8142
1949
33
1151
7180
5510
386
4201
6113
4632
8170
4455
5839
4599
6451
8493
2547
4782
7598
2598
7464
3218
3249
2661
8881
9604
2442
1322
2821
5152
5932
3581
7994
3403
3920
213
7241
9309
8106
9703
1049
8846
2381
2810
1652
1115
1759
159
7608
5620
6899
1422
5733
2708
6264
4763
5022
4839
2808
9451
5666
4605
2534
3627
6024
9736
1327
7248
114
6485
3507
4150
3469
252
2008
4379
7013
5169
503
7056
6322
5740
2591
860
3367
1351
3261
8158
5409
2396
7558
1457
5397
4801
707
2759
6438
6699
7702
2771
8037
3995
1425
971
2777
9074
5373
2980
2736
1828
4976
4439
5458
8471
7630
2789
5102
2278
9243
5857
2335
1313
2763
3934
7611
2699
2438
4682
3221
3606
9578
628
4323
2622
6067
7644
1820
3353
7898
4401
5689
5013
8165
6182
6733
931
2041
2346
3440
389
8220
997
1488
1325
323
2748
4708
9274
7120
6356
8770
783
1559
3993
3473
3521
3454
3168
6582
2726
8384
8207
4690
4539
222
6993
2531
1941
3158
7737
5337
2585
4291
3044
7285
3771
8806
3290
8661
5274
445
2031
9693
8535
4242
4456
1660
2844
3179
1067
3600
4369
2897
3030
2060
3724
231
6200
585
8708
2330
2282
3983
1829
5323
1255
6021
379
5286
6119
8939
969
4593
1725
280
7851
8790
8903
1386
3475
6829
1465
4727
7908
1991
193
5716
8456
4877
219
9293
7673
8487
8588
3300
3853
8094
4198
2294
3840
8474
2152
2027
9702
6701
880
3596
6942
9352
3620
912
3514
9845
6242
6415
8212
8485
8409
8821
124
7708
4970
7296
3757
2651
6409
9534
4969
8564
3266
7342
1045
9772
9369
6386
4263
5039
9239
2296
1324
7461
9302
6191
1138
6839
759
6335
1482
1447
7825
5291
9262
3339
9122
7438
8249
3314
4136
5957
365
5584
2501
1844
3362
3885
8693
9619
3161
9407
4908
8575
4526
9513
6108
9346
2932
295
7957
8222
5896
6639
8841
497
4874
1070
9856
3834
9959
7160
4878
5284
1919
5068
7158
8652
9778
6193
163
2904
157
4302
2776
9773
3110
2189
2498
8426
8805
1472
8173
3468
7952
7828
6727
4336
5809
154
5791
9000
6177
2475
8631
3126
8843
9354
2703
4040
7191
9982
4270
7730
7141
4610
8645
8755
4017
3442
2477
8323
8085
947
6086
9564
1809
7769
7389
2394
4628
8486
5419
7520
8265
4240
5101
5137
5772
7922
9789
5509
9011
3385
3690
1249
4389
1838
8137
8412
3700
9870
4175
664
5648
3979
1286
7565
152
922
709
6043
4812
1989
6606
8619
1845
7387
4895
2270
9418
9873
6218
9596
7690
1363
3330
1011
5730
8835
3655
3321
6530
684
8597
9928
8951
2839
9132
3609
6130
6017
2467
7897
4233
8318
9930
4256
665
73
2408
7734
2556
7176
608
1979
4669
8405
1937
236
1326
6764
3419
2880
657
5308
9422
3213
1221
435
5567
9077
7195
6332
9912
5652
8096
3429
4803
5686
9095
1791
1434
9741
3652
9624
8695
9847
8347
3050
6152
7700
4169
9537
6001
8521
1205
7617
5687
8986
7367
5580
8499
5352
5065
3769
6145
5842
1982
2339
8455
5741
1830
1219
8239
1934
182
8159
116
6268
9996
3193
2009
391
3275
603
4711
4849
8871
8894
5132
3244
7017
5496
7351
6102
568
1398
2924
8852
5482
3426
1769
7928
3984
5453
306
8722
3946
4294
3010
556
6938
8916
5149
6281
8730
3623
1695
2642
705
5988
5260
1706
828
626
7844
4372
9463
325
1517
1222
5764
5967
4716
9179
3370
1345
8488
8587
5986
2271
9528
4112
5245
3735
5104
1166
4819
1302
5926
6097
6359
6806
5193
7482
8307
8492
3960
4760
7866
3883
420
8248
3047
5874
7638
8044
8997
8093
5369
7247
7885
1780
8529
9156
2153
4171
5021
162
6929
3908
5256
2582
4508
1411
3111
5683
8469
6918
3106
8197
5696
2968
4789
1
3061
3897
9066
1270
9509
4468
6353
3195
7357
2260
8214
3155
8388
9976
688
232
846
4052
8517
852
998
8374
8147
7132
816
3478
7626
1226
4679
6420
3781
993
461
3791
3519
5762
5485
4322
1050
6172
3323
1716
7403
9361
205
3003
5965
799
8518
4237
1851
6870
4013
6265
7615
1861
49
4518
3789
8753
6713
9527
1859
2814
8454
8856
2357
2012
5674
2767
5078
9826
2745
6644
3763
779
1758
7624
9983
2015
5395
7969
6210
6398
6022
2754
952
498
939
3938
7419
61
7545
2053
1506
2830
1689
3678
2645
2851
8999
4843
6306
3345
2819
7087
9189
7705
602
9013
2977
1995
1006
4445
827
9790
2774
6916
6135
3957
2093
5360
6683
5805
354
7240
86
6312
9337
545
1356
2714
3612
1583
319
5216
7710
6123
6449
2561
4469
1981
1863
5779
8118
8605
6869
817
3039
1335
8927
8315
4272
2615
1370
6871
3191
2791
4353
376
4366
4374
6534
44
9496
8592
9835
3188
6263
5052
3638
5171
3687
8401
4648
6665
9567
9595
9801
9506
8327
4744
6784
8109
352
4562
4058
5828
8213
4166
8464
169
7770
6023
2870
4331
1214
7604
2353
1259
4325
9368
1147
8480
8828
1042
1225
6266
9967
5793
5213
6907
8775
9798
5094
4477
3131
3719
5007
5905
3379
7359
8933
1879
5136
6178
3432
6897
5547
854
1647
725
4014
3929
995
1388
2075
6124
3014
3650
6493
1702
132
614
7407
8737
3002
4376
7413
590
7976
4048
6800
6746
5879
8988
2552
3357
1397
8224
938
7458
781
4818
1953
4840
9045
4668
9349
1827
5521
7631
1144
5383
3317
1951
5326
898
7020
8045
120
5099
6920
4598
3198
4170
9053
4023
80
5151
7529
3504
3876
4290
3780
5781
5105
3365
6219
7414
1019
5332
4728
4038
9792
198
1746
7126
7655
5813
4980
7234
5385
3138
5796
4054
3315
9863
3292
1854
2451
93
9333
5150
6345
2384
272
3384
8380
4548
7744
336
2238
6298
6478
2506
3020
6979
1176
5800
686
6596
4033
7
856
2091
6300
9154
3291
8095
7074
6654
5587
2928
9950
7736
6803
3164
3211
5339
8557
2931
8726
8414
5292
7646
5206
460
4965
5853
4301
8255
4022
7625
7472
2017
6641
6138
2287
9092
8329
2209
6964
9858
7221
4337
1947
2199
2978
5320
2291
5495
5276
4796
1443
896
1130
7031
228
7943
4347
6559
5049
6791
7462
4473
1124
5706
5663
4462
9103
4884
277
1779
6103
7684
9759
9784
8367
8555
4806
6454
9096
3178
8534
8430
89
375
8855
2016
4929
2050
2453
9046
2436
9666
1905
7395
958
1711
6154
1403
6408
9203
6621
3936
2986
8026
6587
174
7287
6860
5198
2959
5978
9695
8490
8922
2620
5333
8935
8578
9389
1860
1174
8763
3274
2417
7795
6197
6480
2170
298
9644
6850
3865
2058
271
346
4060
6581
9701
7805
941
3784
6142
1358
2930
8660
9112
7450
248
2056
537
8637
6714
6364
2440
9420
5837
4631
7197
6299
9689
7166
5964
1766
1357
5034
7054
1783
6151
6554
6146
8671
8144
2276
9920
5107
6537
3797
8025
8646
9284
7820
3663
397
4467
2500
8223
7816
179
8883
8954
2833
1849
1015
7502
754
8822
2898
8376
1126
9164
9399
486
5903
9504
8959
2697
8616
8524
4826
3802
1690
8923
4009
7335
6610
862
210
721
976
9142
8667
7213
9995
2076
424
4591
4769
6661
5282
1594
4182
674
4921
793
314
981
5871
3526
2700
693
3671
796
3673
5026
2747
4254
4949
773
5214
1320
4476
6966
83
8016
8512
4365
3543
4005
4288
394
7012
8780
6239
7037
434
6826
7765
4851
2730
8644
5258
7629
5914
9676
8453
5774
7062
6330
672
8549
8175
1752
2985
5001
4565
9883
2054
8221
6584
5325
1161
3523
9575
1043
9872
9036
3360
7601
595
5892
9636
6303
7955
1842
6891
3273
8849
2317
9639
6546
3778
1915
5693
8389
3425
2345
4300
8908
4786
441
3664
8784
7498
1414
6931
920
8296
1549
6655
472
8787
3928
1296
2632
9224
6116
7202
9244
6959
8550
7276
7724
2524
2705
3756
4867
6801
5003
8684
4165
2667
258
1729
4061
9954
7741
8310
9886
2198
3272
1503
7808
1427
1566
4286
6492
7849
5616
8801
3001
9367
9062
9489
4413
4299
6342
4713
7901
3939
8211
2219
127
5468
6593
6381
3633
3693
3709
9645
3279
4392
1600
9245
968
3907
2658
462
6788
7381
963
135
3516
1306
9656
8952
6286
744
9756
98
2222
6758
5042
643
3189
3921
7715
5928
4516
5569
3358
5720
9977
9208
2461
7483
3490
579
2740
5177
1496
577
164
6014
2262
1850
6004
2502
6065
6685
9118
3758
1515
2450
8479
7255
8472
7515
6604
6440
8263
1868
3589
7763
4051
4747
2311
5888
6761
4514
1110
3229
1519
5057
1341
7941
2132
2034
2307
1481
8130
801
1105
6471
6085
6231
9276
1942
8919
7822
6453
1041
9685
3143
3964
6311
2425
7475
8028
776
67
955
1383
9706
8219
1440
7106
4107
6794
1406
730
364
9472
8873
97
7946
7913
9167
2836
7098
1066
1667
9104
7451
7918
6630
4327
246
4056
8092
7623
7919
7055
2138
3482
9340
671
4356
2161
3399
4909
1663
1719
9495
5059
3698
3774
1046
4101
5992
473
3083
1379
4016
5536
4377
4586
4983
3732
2538
8422
1793
1231
2711
5070
1866
715
6156
3915
7864
2527
6238
9663
1537
96
835
1179
1635
2659
2891
111
1728
4426
7543
5204
9799
4424
6824
8482
6921
2426
1240
4405
318
8677
666
9394
6080
3015
3815
6668
5898
4746
382
3177
3818
4053
6922
7554
6141
3146
6782
5552
7362
3872
1134
9493
2119
5981
3230
9724
5586
353
6375
255
6779
8918
6872
3659
2727
9565
6609
5054
1333
2180
4340
1112
3186
253
7588
7576
8920
2885
2460
3806
7084
8198
4062
2109
1782
7494
3850
6459
2484
5231
5612
9063
4106
4454
1774
7812
8851
9924
5919
5467
1963
4461
7696
2319
1251
4953
2213
3949
7253
3096
4339
8729
9876
1666
8904
6812
4303
4474
6369
7831
6756
2653
732
2896
4209
8599
2351
9218
7742
2890
566
8987
4830
5194
4891
6974
3535
3062
6016
7996
1561
3068
698
1454
3383
1367
9838
1117
6216
7331
5664
3890
8335
8194
5737
1282
9510
755
7171
7879
9556
41
9829
7283
99
4313
3485
7834
6976
4350
7115
1528
882
200
7289
8379
844
3170
5441
1890
3841
1277
8150
694
5466
6488
6158
9468
4572
9543
7538
4903
3977
3619
5020
9874
7165
8747
2997
4530
9580
4618
8897
2037
5539
8943
29
3411
5265
740
2773
3097
9143
2489
2840
5119
4452
9318
3576
340
9155
4109
3547
9634
8200
4174
1079
7226
1312
5061
4519
7548
4564
4142
3009
3041
8863
8586
1812
237
6816
2718
7489
6084
9697
7753
5072
342
4066
8607
9809
1790
7961
238
2322
74
7153
5816
8819
522
6937
2444
8148
9106
7490
5392
771
6055
8277
4446
1449
4305
4512
4856
5787
9010
3710
3910
4315
4266
703
5340
5361
4220
1007
5872
8302
3505
654
282
7585
9028
1253
6236
7560
5662
4451
1895
9512
7308
6811
7634
6133
3277
8732
840
6397
4785
3631
3941
2088
8481
266
534
4416
3033
1328
5804
528
572
7184
9319
917
7784
1943
4704
6101
3347
2779
4666
5527
6773
2435
7270
3299
2850
8989
4008
4375
3149
7678
9974
4277
5990
177
5900
7679
6843
2145
4569
7802
3335
1368
4309
349
8351
8244
3788
9176
588
7161
5524
428
5209
1244
7839
5469
5641
8272
3013
8551
6882
8011
9173
6622
8625
1243
4259
5394
3119
9617
9548
9616
5522
7266
6819
7518
6961
6517
8051
42
4381
2397
1724
7383
3250
2392
8723
7344
8312
62
2367
9641
6338
6519
6941
4824
5415
9822
1837
7620
6421
1023
4333
5537
2668
1055
696
8639
2716
2190
6578
1581
5143
9608
3855
9657
7063
1649
4073
9691
5365
8978
9190
2106
6751
8715
7777
1929
9039
8740
9683
6700
3503
4436
6227
4015
8513
6418
4688
3639
7899
1552
296
521
8468
8065
7819
1548
3956
2022
5199
2001
4745
7189
6798
270
8890
2184
9084
50
2764
9914
8977
7870
5703
2481
5541
8190
167
7199
9012
1009
2720
1602
2732
385
5655
5401
1806
7653
2784
3227
1831
335
3436
4534
2515
8
6294
3707
3166
3420
5934
4494
1181
507
532
2006
1035
5993
2635
1113
7758
4587
1495
9633
4936
1164
1740
117
1944
6769
4719
913
8707
2566
2332
1380
6521
6531
4075
8926
8539
1171
5
1400
3200
87
9823
1439
1533
4326
3903
6206
518
3779
2934
4778
1501
1599
879
8257
5197
6939
6434
7060
2159
4740
2302
4138
3783
2560
8580
4511
1892
2483
5907
2326
3651
9961
3174
465
5724
7965
9848
9085
3167
6958
2462
6100
1198
1852
4842
3368
8359
1512
489
1623
9313
6924
3856
1010
9958
1799
8696
3624
5418
7935
9320
6287
6467
5571
2197
9821
1064
1843
4794
1462
330
4319
1298
6047
2227
2710
284
9231
6277
2304
3954
51
8284
6760
5189
1239
6858
9832
6095
2044
6324
6037
4563
3598
4293
7279
2503
7476
2849
792
6313
3800
961
3847
7793
1330
4176
4283
9288
6987
4613
4206
7269
574
2241
119
8382
9147
7616
4415
8620
7453
4544
5704
513
2252
6225
8930
4047
9726
7144
4614
3405
9384
8110
3759
3293
1818
6574
4977
9306
4926
501
2832
7345
7652
8330
9700
8233
7781
6059
3209
1673
9241
6887
481
9133
8983
9511
1038
2285
7889
1021
8309
3767
9723
3235
6361
351
6328
3181
4414
1853
7867
5443
2066
547
9761
7302
4463
2102
7704
2680
2540
3123
8251
5461
3243
2612
2568
6068
8789
7743
4907
8746
918
5573
2725
7785
6139
4804
3294
4606
9209
8622
3852
5233
8247
3570
5864
6419
3751
2656
3409
7841
6117
6743
4440
7917
9882
2482
972
7446
1587
7838
6406
8552
4258
254
9921
3499
429
9158
2046
718
9263
7410
1209
7320
2679
9398
3896
6170
9196
5960
661
5726
9376
8750
53
5756
9042
6863
7582
7193
4464
5814
2247
1775
3642
765
9430
5904
9718
5840
4981
7443
7394
2546
7561
2256
5593
7958
431
9725
3127
3435
2205
7998
6458
8632
6284
2719
930
1678
8842
1614
8256
9642
3723
4738
4595
9749
1718
3288
9117
7799
8510
3303
8317
6657
439
5301
8697
4435
2616
5134
3336
9140
226
7544
7606
9652
9494
9017
9397
7343
7321
2520
2600
5718
6035
9072
5763
4111
1213
5897
9962
8337
1076
5819
964
6947
4941
676
6389
55
3821
9553
7982
7594
4089
2349
1768
7168
5972
2131
9283
2665
322
1037
7525
5096
5067
6209
77
8208
1090
3862
5712
8283
6247
9603
784
3894
3573
593
3496
4966
553
7695
8830
3395
8817
3548
7209
2577
4442
982
1362
3465
8681
7495
1607
4396
3423
3285
320
3307
4124
269
8101
7937
9301
8032
5235
1785
3337
2480
2139
9041
9587
3859
4736
1299
2150
8262
3173
2167
6623
3816
8816
6470
7212
4158
9984
5920
5854
2401
3415
750
8420
9850
2229
5338
1223
3163
5831
8169
3214
6573
4792
3245
36
6567
7563
1978
1080
1968
849
5270
2211
8246
7914
2523
2860
8869
7465
8506
865
131
350
3805
8049
5884
5551
9460
6634
2721
5822
739
5938
4196
8976
9539
2599
3831
8440
9743
6174
5410
5607
168
893
7661
1579
1262
3233
5847
8595
1315
2761
3861
878
5705
7082
7790
8121
9808
4120
1471
170
8783
1589
8719
9060
9788
3839
5731
3407
6297
6943
3408
9963
2918
6465
615
1749
9979
9344
7010
2982
3201
943
9379
1480
6504
4090
1735
2355
6224
8786
7509
3552
7728
9793
8673
9139
2673
6535
7981
5374
658
4742
5913
2072
3981
2129
8609
9070
5745
8271
5643
2201
7369
3553
1983
1499
9752
7224
1898
9169
3931
2281
6809
2005
7415
6220
5501
2757
1551
8837
645
156
3398
6336
7264
8060
1158
3184
5470
5778
6081
9395
8048
9007
8230
7511
4063
9426
3869
9371
6042
778
1726
4602
8018
6953
5876
7050
2036
1195
1199
9708
1814
2848
1100
6780
362
6804
3064
3603
4475
7709
3509
2025
1701
2569
3346
3739
5006
7380
980
5599
8264
5868
2507
1429
4568
1999
1938
1570
4431
1659
118
2055
8741
3412
4318
7009
35
235
2092
9601
802
6846
6874
5378
3352
6112
3205
4790
4269
66
685
5624
6613
4859
2641
4982
3132
814
8360
264
2674
8204
3959
6600
260
8053
1460
8108
4783
8452
1020
5109
7463
5598
9492
5870
5490
791
9457
5227
5844
2956
9035
2684
9957
9945
8734
3491
1887
6810
6442
4398
9215
4906
4633
1489
5577
9942
2794
4984
4502
1584
2171
7284
2313
6305
150
1535
3466
2288
596
9160
331
9021
399
1146
2164
5827
1405
2567
9197
616
4210
4701
1993
3539
6334
1585
8149
748
2289
7015
8075
3377
6147
2166
5053
7857
9086
7676
4418
6318
8139
4756
1574
1739
9205
2800
1521
6856
4780
5515
9249
8812
8704
4601
6898
3049
1913
6633
4710
8448
9705
3845
2434
1736
7533
2038
4403
2626
2380
3812
7787
1241
9755
7382
8566
8080
2882
7337
4538
6711
6814
478
3848
1679
5734
372
6167
6667
8795
8840
3684
7909
9280
6244
8891
2429
5202
8102
647
2802
1933
1553
3963
9946
3630
5979
2889
3196
4950
7821
6838
8156
4857
7156
4
9625
2879
9294
2162
8861
6302
133
6691
1149
5445
5939
7309
7129
3933
1323
4084
5671
4001
690
5356
2587
7886
2866
4070
9551
6686
7223
7641
4626
8670
3472
9819
5147
9881
126
7198
4697
5623
7145
5859
7044
7869
3808
9855
9193
6955
2590
3786
5396
9849
195
8844
6570
24
7478
4914
3451
5766
777
220
4596
4239
7233
7775
1957
4706
6808
3492
5826
2428
3052
5082
6215
9891
7386
4580
1826
3996
1547
6429
9549
7680
504
190
5358
5090
9014
6387
8299
455
7725
3976
3059
2334
9459
2969
6842
4212
1703
8313
4527
6462
2671
9372
6965
9975
2695
3151
510
225
9144
7000
4730
2981
5364
1629
4722
5497
1319
6636
6439
2218
6956
3251
1084
7731
7947
6617
4623
2151
3713
4363
9199
533
2955
5129
6716
4205
1687
706
5615
9330
2305
8598
9207
9660
4529
3795
5110
3517
6793
3216
1111
8875
5484
2204
8888
85
9523
2191
5895
1641
2104
3297
5916
5076
1452
2755
241
7434
7517
2876
7950
8196
4295
1498
9308
5220
9926
5728
9651
360
3746
4010
4875
4934
1165
4441
7304
1972
5909
4899
4096
3318
6970
2113
2514
5266
1097
6161
8088
2596
3206
6553
5645
5721
848
7713
7068
9222
5295
57
7497
3183
2553
8070
5802
5051
3670
6337
3058
9168
4067
4754
3443
2756
4578
3566
9373
2127
2217
8929
8874
8630
7286
839
5036
7541
2639
2363
2423
3066
6696
