2373
2503
6094
8436
814
5199
99
4287
8274
7585
3980
5442
4013
8744
1082
5725
9563
4655
4624
2021
602
5479
8348
2208
9758
3324
5013
4514
9632
7776
2608
3545
2492
3091
3988
5288
2696
3128
1376
5996
8678
5567
1279
4683
4281
7019
9691
6436
1959
7094
5999
9513
1622
8491
7816
7717
5976
2648
3932
7579
9057
1924
8232
649
6068
9143
5889
2002
2036
516
5448
1700
9396
6584
8999
2698
5094
4823
5425
1314
9323
4724
4730
7964
2460
4355
3237
1052
5274
6232
43
1544
6060
8580
5355
1946
3420
2658
3527
2260
5819
8370
1292
9120
1008
7655
4512
2113
6840
9375
3890
8793
8121
2745
475
4687
6637
3188
7360
9572
1827
3079
6686
2242
1135
6395
9590
1185
7896
9967
2362
3747
4113
1874
9191
9392
5728
176
27
9730
1721
4820
6820
202
327
2861
4079
9337
5265
3516
2903
7910
7963
92
8013
7002
1163
2537
124
2195
6958
1136
8722
3396
2781
6194
4017
5343
4749
6537
7674
6110
8943
8827
4228
456
2082
280
4180
1731
5792
9237
3797
7296
9097
1266
6535
1430
3959
9152
7349
4373
4853
3525
4801
1848
3697
3832
7929
4391
9973
5869
5780
1231
2398
7367
4498
5575
9047
169
4418
7773
8032
1382
8340
1469
3693
4821
6259
721
8985
1206
1000
6894
2374
4534
1995
2618
9623
9179
4875
8361
6466
6132
3224
1182
6338
3052
6885
3496
7246
7128
9033
4524
8921
2223
4133
6449
1258
8655
2159
9095
2825
9845
8885
8220
142
4918
8135
7332
3022
5159
764
7698
9766
1058
7369
1255
9356
9267
3850
2232
3006
3585
5427
7652
5319
7244
4869
5807
3534
739
7411
9317
5395
224
4075
325
1855
7925
6867
8549
8644
9804
5885
6708
7560
5066
7497
5788
6790
8394
8501
208
8176
7822
240
3138
6751
6604
7828
6062
2758
2152
8420
4007
3378
409
6718
494
1425
3864
2767
8352
8713
5853
7958
3702
3994
2458
7901
1778
2239
8899
667
2927
5364
6920
4539
3741
7400
3258
5362
9870
2366
5225
9504
8956
4186
4185
305
9319
5586
638
7028
1209
2449
3829
2869
4380
9101
3775
3448
3240
8930
8237
6516
3492
3957
3956
8129
7540
3738
6822
1918
5600
153
7660
8672
1201
5820
5953
3278
5686
7358
1539
9972
6113
1883
7090
7486
7195
4936
5638
6084
4998
5463
3652
9192
7444
5346
532
5014
4462
4586
7722
4356
414
1089
6413
3299
4515
1666
8668
3145
9748
4670
2246
2224
4533
2404
9913
1969
1059
5422
5965
7554
5619
4270
3705
9407
6341
6983
6561
4570
271
8115
8319
7401
8075
6815
2355
7827
6245
424
1902
2166
9403
5563
3471
6044
283
6467
4110
8295
2402
3259
6656
591
8118
4352
9830
5632
3495
3935
7225
6021
3417
5504
6776
1211
4741
8179
6889
1684
3837
6904
7227
2597
7446
5752
53
6830
2550
4970
9566
2786
2018
4054
1973
8453
9548
9542
3762
769
5673
7108
4695
4689
93
7851
413
379
4520
5103
7021
421
3210
6216
1491
2311
1191
4208
4126
7185
1661
8452
4740
1212
5254
5147
1361
2071
9496
8056
3843
441
2989
3589
3695
9137
7607
4997
798
1317
4195
8104
3998
1882
6145
6989
35
3086
8732
6332
166
7134
3898
8061
368
6693
3400
5768
9731
6250
3314
5429
1757
4247
8950
3301
9779
9699
5025
5399
9345
8997
2800
3318
4956
883
495
4891
6877
7564
3
9999
2220
5607
3302
2943
7481
8089
8636
8042
4209
3507
9789
7390
6320
4351
3676
9560
282
3118
9867
8768
2911
7483
2704
6468
3182
8019
8478
946
5241
1803
2395
1858
9846
2900
8893
5424
840
216
2548
44
3110
9686
3421
2762
944
5492
1558
5676
5203
6534
1391
7824
1809
8243
5666
750
4413
3080
4268
8190
6841
4962
3791
6005
6290
1774
1720
3085
1480
1345
3531
2623
6453
4078
3263
1737
217
7433
847
4097
2415
4916
1181
3536
588
2811
9092
1264
5743
8503
5713
4708
6317
3866
7623
2653
8357
5034
5818
7675
6356
3206
6323
4715
6982
4866
688
584
82
989
3427
7673
2609
5236
7051
2194
3853
3628
9099
1043
4759
7712
948
617
3755
4156
6917
9104
8936
4583
8092
4772
2828
5834
5092
1860
8979
8946
1945
7949
2654
4012
4809
8260
5753
8905
3717
8215
7049
6104
8185
297
1230
1637
5784
7458
3739
1260
195
934
2009
6391
2448
7662
278
4132
8450
429
6627
2714
357
2952
1271
9177
8405
34
4196
7636
2453
9822
6374
3445
3207
438
6834
1849
9111
8640
7653
6034
9438
6919
9442
8894
3202
6404
7449
5687
4279
232
2852
2094
7302
2831
1379
5282
3446
7938
9567
6461
1428
8158
6976
7255
5371
1509
9227
9030
1426
8435
5207
9190
6931
5264
9385
458
7346
8981
3917
2244
4246
2309
9390
749
7789
7635
4878
3875
1536
7687
3644
5554
1545
1739
4343
3984
2519
816
5152
7230
5544
4836
7898
4014
3770
7144
1992
3482
2214
5107
254
5052
8341
7045
196
2000
4861
9787
845
1725
9690
6900
3923
4631
4976
9281
6765
3922
4267
9387
6668
4626
4134
9583
5522
5861
6246
8300
8728
1632
9965
7867
91
7719
4799
4277
5994
9682
6443
7630
8966
4776
2681
8664
9727
672
6364
7183
852
4766
8821
6795
6163
5387
6923
9492
4794
9987
488
661
7347
9156
3928
3369
3376
6548
5525
1401
4206
4890
2350
2571
5185
5070
3663
355
3472
4403
4124
8694
3090
1032
7924
3071
1907
1919
662
2297
2315
2945
6417
9627
2330
1226
8488
6309
9484
1702
4317
8579
7807
9529
3254
4453
9649
7756
3724
7884
2241
293
1432
9078
7799
3317
400
2337
541
6560
5179
6462
8063
1762
1856
9259
9751
3162
9629
5983
4207
9712
4819
4470
9726
7892
4594
3312
2813
637
9491
9996
6335
5381
1746
8541
7643
1473
8829
8630
7250
2870
5790
6054
5963
9841
6430
513
4746
6326
9541
5891
652
6514
9052
2032
5576
9255
6800
1065
717
2917
9865
1381
6846
9547
6692
3754
1165
1026
5443
7299
7681
6688
7129
3590
6658
4216
7242
9533
489
9771
5615
8248
7133
2264
7707
4584
7012
4606
9581
9592
5117
2787
6674
67
9395
9013
9173
7408
181
4547
2504
4394
3914
3874
3892
3715
167
6805
2138
2325
2902
2720
3839
9070
3752
575
4445
9228
2603
7575
1454
7873
7547
8750
9007
8138
5613
6059
5849
56
2045
3094
5123
4769
4929
5155
5410
9302
7983
4379
8759
3203
8166
8669
675
5075
1166
9004
833
9593
969
874
2983
2844
1329
9480
6433
9873
4338
3761
9916
6318
7689
5916
4495
9654
2530
1786
2913
3426
9641
6818
744
9045
5648
5246
2914
3093
4120
6202
5257
1568
1641
9922
6032
6495
9578
2274
2523
8653
504
8200
9855
6251
4920
1113
1438
5911
8932
4060
8380
6994
7200
687
434
9053
5846
8219
2177
654
8244
9263
6747
7854
2093
3562
3688
1968
6903
5828
1478
5887
5367
1063
7950
1416
4256
3641
7758
1330
4592
9425
9931
4167
88
6088
3594
3904
8073
836
5010
8612
8990
8645
6832
5971
8637
8918
7772
1982
4094
9753
6105
2963
601
7174
6970
9754
1137
7729
340
9584
2400
2599
1696
6760
291
2649
8915
6025
9971
5964
4517
2407
1281
4580
7452
6786
1414
1474
1328
861
5917
1971
4315
3383
9628
6090
1096
9429
3716
2746
2028
4181
2680
187
2062
3271
6739
2099
7696
9242
9434
2723
807
1254
1616
9188
5925
1149
8093
6878
4049
2586
2836
1215
2319
5931
524
4321
3348
4903
9858
8389
3334
4295
3961
2707
6108
7126
9468
8028
9458
9849
3578
1146
9760
1490
9824
6888
9914
6715
3953
6662
7649
4815
49
3027
2734
7123
6129
9253
7532
2884
8305
8480
4593
2834
1081
7217
4424
8776
6824
6610
406
6494
2413
4699
8676
3616
9802
1408
3858
4244
7577
4310
3345
592
2026
8152
3986
9090
3559
9650
1875
869
260
8924
2302
1304
4638
9108
1715
6746
1178
4835
6654
3179
2779
537
4425
1948
7535
9985
6943
7420
650
9182
8819
103
3631
1175
2143
3308
8085
501
7078
8363
5745
6485
724
7281
9401
9276
3340
1742
6029
6865
333
7294
4541
4561
1451
3300
7976
2509
4991
287
3046
3999
2604
2879
5140
4880
4463
2428
5043
3912
5231
7538
9688
1274
1372
1127
3964
9113
1087
2016
2663
6292
2665
8945
5875
7905
9353
9854
5308
1709
6011
7251
3342
6260
3539
4476
1942
4435
5900
2672
5333
2595
4342
9197
5649
4762
3140
9794
7236
4288
5543
7829
2936
7011
6336
7989
3963
1559
6757
633
4755
5228
6748
5800
9570
731
4579
686
4335
3951
1528
2047
6282
3751
2664
2087
6097
163
7991
7890
3200
9181
5279
4193
249
7176
772
6871
1346
1245
9451
2724
9329
2199
4048
321
5453
1246
5764
7997
1286
4664
6896
5111
7661
2527
3049
4431
5844
4608
821
5020
9126
2469
5467
2508
5019
8029
7718
5074
632
9617
7102
8974
311
2921
1505
6370
4849
776
1595
6388
2969
5488
5281
5462
5273
5774
924
5816
5741
9424
9379
1668
5919
8720
9460
8551
1267
5011
77
4886
2179
9347
3025
9223
8051
5616
3457
7111
1693
6722
354
1167
9680
9426
9521
8763
5982
3630
3337
1005
7286
2617
6752
415
231
2569
907
5977
427
3665
908
6796
7825
3132
3190
6579
3488
6385
401
6843
2693
7631
5806
3198
9776
7993
4345
6655
8515
2713
5517
5180
7609
79
7714
3026
4327
8440
3814
54
4500
6990
3175
4341
7594
9518
671
5874
7666
2038
8585
8555
2761
9893
4297
9697
219
2380
70
2867
9897
3517
7527
9961
6066
862
2526
7686
6891
8403
9334
3776
2865
5476
5914
589
2768
9249
8069
4358
6993
69
5386
8102
8055
1672
3619
1159
2329
2358
4898
476
4662
9673
4493
9000
7323
4885
2001
2580
3627
7939
1997
4602
6448
2090
2447
9262
8680
6476
5266
2946
1213
2276
7770
6606
4671
1783
930
9665
2100
9549
8756
6437
3114
3065
9718
8842
3950
1371
2436
4553
3710
9107
8760
6027
7324
4942
2049
4129
5677
9710
4235
1821
4050
6343
1385
3808
3707
4657
7782
425
6676
5272
7568
5459
8557
9948
5766
4365
5483
8494
2483
7321
8705
4790
7080
9456
2226
6798
2585
3486
1615
1123
3580
5307
4299
6459
8062
2037
5951
3809
5133
3095
1793
6183
621
419
4243
3266
7265
9877
4192
5864
3075
594
1929
7855
697
7741
8263
9056
1660
4557
8443
6511
3430
3067
9411
8345
677
6613
4832
6492
7972
5734
5168
7971
1449
531
2101
2697
7723
2363
2269
2690
3561
3901
8621
7245
4434
1007
5324
3432
9135
2294
4761
2961
3807
6629
1186
4521
8566
1776
6691
1961
3744
5457
691
5756
1574
1390
8812
7132
8016
8509
7505
393
3163
7331
6979
3930
676
4843
9381
1336
2184
8734
1162
5464
1553
87
2709
7428
1625
6330
9065
5507
6212
1817
5095
486
7618
8641
9871
1670
8277
9273
5408
8031
6377
7935
4665
515
4779
593
4467
5325
9708
1373
8616
5330
460
3851
936
8787
4978
384
9523
5383
7272
6291
8923
3305
2097
6358
4666
4928
5198
442
4688
394
1546
6881
674
6496
5286
7525
7081
1023
5441
7791
1299
222
4258
4489
4800
6678
2846
7032
3660
462
470
9939
375
263
7982
4283
8700
8
3788
8556
6319
6070
6240
5527
4910
1238
5871
5839
2300
3236
9532
8663
5811
8404
4398
1288
6538
968
564
5359
2155
1251
5142
3386
2628
8954
8033
1775
1504
1183
941
2432
3152
2987
3494
7847
326
6033
4015
4857
6996
9291
1888
4630
6314
7804
1338
6675
2014
123
3983
139
9406
864
3677
7767
6737
3112
252
5577
5824
5562
1086
161
6647
1040
7257
2434
1759
9977
9422
2030
4917
1618
9201
1237
2316
6361
9667
3241
8896
4648
347
7904
1865
6856
3107
9366
6261
4816
548
8920
7956
7182
8661
3050
5880
6862
7917
4654
9096
3180
648
6168
2176
8059
5042
423
7199
2711
1815
6017
7753
9901
2857
388
7276
2493
4148
1497
5944
3133
385
7559
1758
5420
9279
4618
7617
1837
6234
901
2405
8206
2401
9195
3872
8259
289
2367
1908
8339
8080
5505
8757
9928
3297
5580
474
6174
1110
5652
7241
685
9964
1448
7240
8802
1986
8372
4264
1646
256
8327
8542
3277
1707
2635
5083
8145
9669
1896
1977
8657
2667
7521
9130
663
7801
8850
6759
1158
7482
4253
6522
7678
8739
2972
2556
5612
6269
9850
4852
538
1359
4473
7624
2688
6625
1984
215
301
503
1792
710
4001
5172
3003
5365
7377
448
6115
257
3784
3830
1681
5511
7570
483
5480
3918
8284
9538
4938
3789
5967
2715
9440
2912
422
4240
7703
2661
7318
3613
9671
8908
8377
5187
5122
4409
9361
5285
7496
4478
4375
9559
6474
6493
1287
875
522
9676
3888
1614
4791
8091
1164
6909
6683
4109
4241
4174
2091
6882
7670
9848
5655
623
6914
9170
3612
6528
9497
1814
6184
4899
8476
3685
13
6355
8765
6734
3575
586
9745
7490
3458
5716
8788
6200
9952
5817
9919
9474
1002
4313
4622
3375
1806
578
7345
8472
2760
2122
9473
5049
3948
851
9341
3409
3382
7047
8238
2410
3183
9214
4234
1369
7534
5629
9354
338
5773
193
718
5961
6617
6829
6279
1957
7022
8608
5540
6735
5656
5469
5583
6381
5384
4305
344
1989
8038
4022
5746
6126
8550
4614
4363
2426
7391
5221
6611
5267
3353
3885
2024
9780
6609
2249
5378
3120
453
8154
9596
2270
7914
1143
2560
7326
2095
2430
8493
6484
2510
545
2751
5191
3167
6785
5873
3041
9588
1876
1184
7667
7363
6695
2144
4390
4275
265
9059
4221
7903
5928
5903
8710
6450
1766
7539
8761
3871
2175
8224
2975
3836
8938
3726
6663
8606
9365
4443
7293
5193
2303
7009
4702
6193
3501
8391
6416
1708
7077
5146
8364
2638
3282
358
7614
4668
3287
8925
6774
2019
3020
3490
7440
9894
4382
1262
1719
5486
7065
487
2142
9094
3934
2158
5040
4364
2022
3239
1477
4433
6293
4935
1154
4973
9764
7254
783
3217
2486
6652
3149
4830
658
5921
5902
6921
668
5440
9105
9155
5664
317
7130
9325
6922
8751
6368
3967
8972
1892
3018
6075
5100
9899
2296
4230
5703
1752
1180
9660
5292
7342
5524
9920
2965
6512
8861
6161
4471
9640
7928
2111
9651
9352
2744
6836
5261
8801
791
7875
233
2501
2947
1192
1486
4963
9536
2708
4598
4867
511
6189
5335
21
6042
7934
2145
9944
8500
9768
170
8777
8625
4634
561
1327
3346
4392
5177
7477
382
9840
2487
6239
4496
5937
9157
2039
7933
373
3159
9498
8629
6445
9194
6375
1816
8052
5047
2977
5217
6076
9685
6930
1944
6969
1261
9112
8328
8868
3639
8039
4781
5323
7069
3059
2641
6702
9284
7988
6649
9073
9326
3084
9038
226
2991
8619
2210
4250
5569
9880
3405
6524
8374
8103
1364
6726
6475
9535
1500
4095
4679
5546
7494
5219
6117
7426
2283
2267
5795
7003
4441
3771
3043
9349
7520
3720
9646
2497
6187
5304
3587
1409
6940
4082
9286
2919
8034
9377
3733
2938
3704
6531
3099
4459
1794
4718
1689
4307
5609
5805
1501
426
5416
4522
1308
1169
3674
141
1586
3774
3863
2182
3895
3344
8097
1836
2069
867
2290
9736
8252
2190
5130
618
4985
7410
627
2874
2204
7732
3913
9021
4051
9694
4314
9890
7330
5896
567
3893
3438
6214
5913
2764
8419
2218
3013
7462
189
6401
2784
4930
9158
1903
7860
6897
5068
3419
2327
4046
681
2960
306
5430
820
2245
500
6701
5101
8351
8654
8900
4536
1514
5547
9951
8588
7198
4190
2196
4043
1443
9495
7625
2583
3343
6241
4266
2944
4008
7249
8528
3322
8607
7930
3803
8572
6167
3264
7442
3453
6219
168
9886
7071
9664
3743
1419
5719
1921
9597
1915
2092
4481
3960
7644
6952
2838
2435
2610
9117
3650
5701
2855
669
3460
5328
3518
5439
6847
6771
9773
323
7775
2106
9306
6799
8164
656
4589
9421
8935
8451
8895
608
2731
2343
3802
9357
553
2369
6552
6479
9882
1050
5485
1979
3854
5161
610
2643
7911
8198
7836
8724
8591
3735
6973
1485
8273
5451
1144
191
1629
8330
4551
2817
5833
6505
4197
4782
7571
5370
7106
6287
1022
8264
6035
8816
114
6852
7434
8878
3238
1170
6564
8382
1690
5633
4006
2552
4691
1537
8023
3048
4139
1221
960
7220
7279
2074
4118
974
1368
8681
8325
9862
7315
9510
3100
7006
459
5572
5836
5698
6864
9729
4200
5908
3745
5754
1852
8099
9247
4045
4868
3333
919
558
9305
251
6766
5035
4176
2312
57
5340
3818
9485
5905
7438
6155
158
3668
477
6349
242
2733
837
876
2489
9402
8250
569
8929
6667
1174
5695
6951
8933
8800
7388
2980
449
8662
6750
2013
9839
7237
6539
9277
1627
1076
7365
7926
8741
4573
651
8082
3592
214
6160
5924
9586
5789
154
8702
3007
2281
397
4165
8422
2951
7768
6679
8406
9213
2114
246
2060
655
83
9509
6397
8660
5503
2392
1276
1935
2236
9054
1077
164
2007
2108
726
5930
6434
2420
9254
9463
6580
116
7556
1526
4789
3625
7947
9435
6944
6541
1810
8674
2481
3481
62
2706
3028
8444
4999
4723
1527
8927
9067
5015
9450
1893
1952
7057
6428
6303
4128
7136
4609
1613
7067
9991
481
3194
8367
2031
8667
1751
5006
5858
3320
3143
461
5126
7668
5060
8601
8383
1899
7641
1312
4052
1362
3249
7381
5243
3543
5974
5418
9569
4788
8988
6243
9433
1532
5901
6149
3781
3141
8832
2084
5528
1091
4021
9145
5301
6898
7798
1198
9511
407
6758
1422
1862
4384
1325
9876
8898
647
7957
4263
9068
7597
7797
9217
5968
8968
3251
396
4627
8958
891
6677
4183
1476
3462
184
4404
7839
9750
7015
3732
6883
7578
7868
4311
8483
9644
4064
9151
463
2875
2553
5523
1531
984
8095
2555
3658
9383
6057
9039
2388
4112
497
8804
7751
3881
2006
7466
5334
915
4727
4175
1650
8916
4000
9950
4751
3068
4726
8881
2644
7606
3842
4027
7328
4381
2949
5685
8225
6628
1319
9553
2386
8964
6390
3509
9866
6988
916
2769
605
1054
5855
8151
5086
9889
5291
831
2729
8586
2559
9388
6210
9678
4005
4656
8626
5437
530
5710
5610
7429
9225
5573
5755
1811
149
7166
4300
5240
5496
5113
5108
8831
3011
2004
9062
6372
5026
45
2359
6148
5271
540
1470
4825
996
5421
5529
4954
4502
933
2027
5444
5174
3523
8142
4291
3675
9457
6945
4320
2083
4487
2211
7253
8123
624
1515
5091
3227
5164
3476
692
3547
7190
804
8813
5733
5876
2476
6162
507
9770
2250
212
8726
9863
9821
9344
510
8967
5456
9832
7422
2233
7260
4271
7664
2382
8332
3313
4039
2110
7941
9981
5627
6515
4107
6331
6283
1236
12
6553
1900
5293
9608
5375
9167
4940
2993
4203
6274
7612
8465
8535
3632
499
2488
5230
9703
4091
2576
1928
8524
3489
5658
9963
8492
2015
1513
4508
1188
6429
314
1835
6687
4927
5349
9927
7995
7846
2048
5385
363
607
995
4104
2999
7531
8817
9670
2904
5096
8859
7943
5985
5939
8141
4178
3626
1664
4366
8969
1129
5587
6095
3323
6299
8544
5515
4429
517
8358
1588
7226
9025
2862
7291
4605
6471
4967
6648
6884
2292
2807
6542
5393
7891
1360
9869
6380
8890
9046
5477
32
2134
746
8178
6620
3544
7760
9599
6965
8941
5237
9058
144
4233
1620
4569
5942
4368
5508
4992
7165
4438
1826
1326
5058
7405
5566
8070
1789
6177
7205
7298
109
7031
200
7083
5997
4238
6316
1993
6912
5952
6704
5426
6506
5714
7099
4302
5684
2279
935
7704
7472
7777
5737
4796
1139
7680
1691
2939
5186
5175
5882
2837
725
6408
8071
8287
6112
9618
1866
8002
3422
7319
9216
7288
8297
8479
3248
6557
2421
6562
9124
3104
9881
7157
3009
3849
5950
1828
5840
3642
2160
2592
31
1651
7657
6716
2125
4915
4990
5081
5176
8040
5145
2785
4397
4753
4897
9918
3840
4943
5433
4862
9915
1554
9619
1597
9169
5898
5024
8564
9934
870
1976
7210
4587
7695
7508
7392
4071
7672
8125
6497
9997
5989
4663
2433
7093
3941
4187
2186
9250
4130
9374
1657
7271
2306
4222
6520
97
6373
3054
4201
9164
9843
6478
4712
4784
9207
8426
5166
1771
8628
8481
4485
238
5506
6166
2491
7127
3146
709
2858
5669
6837
7528
492
3135
315
1294
8506
5487
9562
7161
5089
7024
1765
4842
4859
7375
3201
6354
8992
3655
6633
5252
295
7387
5106
4325
177
4979
7322
7317
490
813
6626
1897
8477
7596
1962
5738
1148
1298
778
48
3555
2558
4309
8547
5105
7327
5954
4125
1511
6415
6048
5004
3398
4711
7384
1176
3185
2478
7500
8826
5313
9029
742
3358
2717
4457
9677
3298
8998
1920
2877
3586
5097
2238
4236
4428
9198
2722
4040
7899
3268
1227
3411
738
5245
761
8849
9744
1084
9271
5156
4098
4444
2282
9630
1173
1851
699
9172
5165
4446
8066
4600
7352
7812
3092
8111
8495
2427
8356
4415
1062
4676
1273
299
5055
7784
7158
7566
6711
1822
386
7818
3556
9203
2864
9907
2737
3479
2151
9482
6521
6079
7206
2535
3165
9427
6997
174
4229
7894
3096
1773
3653
4163
8395
5759
2771
6614
6901
2200
1703
1332
9408
2754
7726
8960
5602
2349
1884
1337
9148
609
6387
2076
7647
8762
1596
2258
9031
9935
2894
8989
3220
3047
1306
5169
1718
2755
7007
9774
1898
6498
4166
4797
5251
1460
5591
6513
111
2702
100
5087
7738
1832
6165
7999
3868
9398
4157
5798
3431
6421
6069
7819
3208
563
9792
6396
9604
5548
19
8392
8431
4802
2321
7149
4239
7967
377
5794
1263
1972
1217
4913
8174
2517
8407
6616
6405
7747
8562
9834
7493
7537
4257
4323
6696
3072
5363
9534
6500
2139
6670
3772
1102
2010
6369
1686
8986
2372
4616
2616
6178
1787
7944
7005
3567
7479
7372
664
106
2127
1985
3250
719
1461
5593
5786
8792
7880
322
4087
5594
1234
9722
1452
5770
2712
8324
3328
5980
673
7137
1975
6598
5137
7842
8362
9138
3989
8140
2878
3664
7584
728
9343
374
8782
7507
9358
341
587
8139
9476
8303
4847
2201
8532
2148
682
5314
9591
3503
2379
2285
9838
970
955
5119
5391
6465
6128
3787
9076
3680
8350
7223
7865
5023
9266
336
9938
2633
9793
3404
6546
8285
1445
7004
8217
9127
3730
3170
2399
7216
8627
9852
7048
269
1018
680
6902
1780
6308
1791
5388
360
9909
3102
3449
7605
6540
6
418
3541
5758
8909
939
250
4646
4406
773
8455
4879
5099
8962
1996
1122
3397
8338
4218
7809
5559
7608
1576
7561
192
3367
1648
1003
5636
8203
729
7218
6705
2561
841
9294
3359
7567
2308
7512
7940
2876
8202
7587
2816
2033
5640
466
8568
5671
9500
89
4565
3410
1885
4213
6483
2301
8131
3017
5995
2839
8613
4031
152
1579
771
8525
2046
5189
4231
4850
9103
9998
5003
9936
6644
4518
2441
5793
7932
7850
3897
2240
4988
3683
5358
3796
3947
5857
4484
7992
6365
2468
1638
9005
565
7837
4747
5624
7404
1510
7421
1991
1038
7304
8184
1607
2225
3454
8110
1698
6563
3290
3262
4304
437
1031
2391
5781
1207
653
8699
2966
3981
352
365
5235
2265
1457
5674
5432
1138
7849
5678
8517
6270
8385
1829
5194
4100
2955
6714
8805
954
6845
2574
1482
7907
9921
7558
8209
9428
9028
3841
6543
28
9470
4505
7040
5071
9061
4030
6267
8134
1587
5344
9681
1947
9706
992
9412
1727
3800
8397
8050
4150
1131
8183
4038
1600
7592
8415
9445
629
5341
5173
7551
4908
3820
4447
8136
7151
8469
622
2636
8539
7546
6848
7262
155
8651
9289
6379
3177
1502
6591
118
6585
5991
8329
5653
2342
6707
1939
8201
5993
9272
4074
792
6635
59
9801
7089
7590
2551
7953
4895
5667
3582
4696
359
2253
2678
5910
1901
8298
115
4474
64
3785
523
313
2518
1910
6781
7017
8171
6230
7058
8851
9580
5372
7366
5872
9008
6595
6347
1824
8281
8199
6578
6366
1604
2452
6602
8368
7355
3306
5568
4127
1001
1444
3996
5468
8534
4057
3260
9416
4585
2165
5877
3442
5294
1680
7070
2064
942
9436
9701
4604
3805
9930
7832
294
7962
4754
6987
1583
544
5298
3423
732
7340
6289
4223
6622
9384
404
922
2899
4863
5150
2594
6491
1663
3010
8418
4833
9891
9605
5404
904
9106
2566
521
6154
8161
1101
2328
7374
8825
7079
122
2505
110
7439
596
1024
3319
7119
3861
2442
6464
3798
981
29
9910
1021
1608
6171
6201
2721
6980
330
5681
5205
366
6248
2568
2788
533
2205
2228
1111
4685
8239
4184
9360
8302
1523
5478
171
9982
6026
3464
8855
8548
2217
6242
2098
9544
1517
2907
7504
7634
4588
2472
5206
9756
2647
8567
8683
2918
371
5731
9969
2457
3972
574
7750
2304
1155
2669
2932
8709
179
2692
2128
838
5394
5604
1923
1107
9116
4289
6809
2691
5670
339
6130
4932
953
5163
5787
9683
6984
5870
5717
7937
3880
2471
3081
5791
1602
7338
9318
9270
4282
8707
2780
6135
9200
2718
6964
3055
8512
5581
2883
4083
1464
6590
8747
2901
3533
432
420
3822
1634
8877
7088
4577
4793
5316
6195
1683
9462
2360
8344
6577
8961
5380
3753
611
9721
2409
7167
7985
6876
197
1272
5941
51
1437
1895
2606
9404
9165
734
1194
8632
8320
4280
9160
7685
7309
2351
1631
6794
9851
5296
2406
1413
4516
6217
5407
8769
8146
9257
2728
5757
4750
4778
6030
926
1331
2895
9313
4106
786
1937
2295
6164
1370
8167
4680
3291
255
3483
3949
5182
1321
5689
6507
8837
3882
8408
5736
7385
2783
3310
3211
1006
9752
3408
1562
1466
2970
5702
6817
6402
381
6218
4085
5534
3602
440
2554
493
235
7273
7307
8593
3070
3506
2797
7084
6229
1566
1147
913
8318
6322
9957
5799
6420
4369
7473
3032
3292
1307
6753
8983
1049
4331
1521
8679
5027
8780
7416
8559
4957
945
5708
3553
5590
9674
8865
7343
8132
7946
8688
3199
6262
9311
6107
3066
2881
6185
6307
8053
1589
4698
7965
7229
5545
8614
1293
2923
6724
7690
1584
9638
9986
6808
7029
7771
1747
9778
6710
7498
5259
3927
6681
9072
918
9102
4972
4029
6700
9288
527
8931
4621
6386
7897
9307
8457
6935
2545
5691
4070
8516
4160
2121
5868
2147
1242
9823
2353
703
766
8883
275
2541
6518
2059
213
3053
9466
9419
5044
4934
3633
9631
8127
902
3993
3905
8041
8449
1889
1619
9716
6209
1280
3661
1940
9399
4278
7755
8529
1462
4469
1418
6545
225
8565
4924
1590
8447
7803
9803
4882
9304
8258
6826
3970
1859
5428
4414
6549
6313
7790
9811
4
8864
3195
880
4199
2981
9295
1352
1344
616
630
7041
5287
2298
8416
2335
1389
1621
7529
8835
8704
1841
8926
6091
6957
4706
7339
6544
3902
331
9380
1010
8434
712
2699
3742
2119
3574
9064
9339
3954
9035
7092
9853
7613
7506
1881
467
1145
7746
8892
8907
2439
5644
5454
6067
4737
3321
1440
1569
2137
3519
5847
5865
7702
2964
8173
1285
3451
2424
8035
1289
1922
133
3636
9735
3283
7258
780
8233
9835
7730
4612
9926
4582
3265
2942
4103
75
4215
5582
190
6961
8808
9555
4660
9807
1963
2677
8474
8289
6725
1392
684
1296
3659
5683
4041
6228
9815
9668
8514
7735
165
4504
2451
5749
8207
2789
4036
1560
4848
805
4212
2547
3532
8717
3315
2777
1433
1098
7511
3000
7737
3098
5315
3371
5357
3388
1071
380
5337
3186
5682
5373
5356
5863
9700
3274
8430
8006
6605
6254
5312
1106
1565
3088
4817
6986
2624
3403
63
9603
7489
9171
9692
8553
4840
9355
7793
4179
1722
7658
1386
8824
2655
4360
994
3399
3416
2845
3247
4619
2361
1909
8685
9378
6173
927
7979
3780
3557
4141
7228
8740
1529
8271
1754
356
9437
7295
5326
6712
3037
6672
4996
9245
7393
4432
4567
8853
6660
3894
2266
700
180
7975
6630
9809
8727
6640
7835
3779
958
5473
5812
3521
1417
8086
5530
3437
2740
9060
8117
8944
3538
4959
7980
7640
2070
9517
4635
1100
9568
5329
1112
6816
8022
5646
8221
7659
3467
4389
2589
7412
643
8838
8456
9806
6892
5706
1706
583
6742
2061
977
3510
689
2346
1013
4339
5184
9762
2774
9042
3373
6444
9082
7638
230
2378
279
5538
810
5302
8076
8570
735
8349
5909
2716
8107
4845
1132
7187
1880
5742
304
8598
842
8441
8046
7474
9737
774
559
5893
4611
5120
7361
320
346
7285
737
7857
9872
8060
4158
1468
5879
8513
3326
7231
4914
6302
5112
9684
4542
683
7646
8308
1078
6731
9464
5821
1797
3579
4717
5934
8188
8901
9050
9432
7487
8543
2331
1115
1252
4152
6203
1927
5552
5471
2130
2725
4333
9128
6838
716
4137
3725
445
9248
1278
5178
4678
9864
641
4350
5260
3101
1481
2640
1405
9746
1301
1609
8770
3002
241
4752
1453
7430
2652
4901
8265
4084
8583
7710
806
4033
2596
6855
1674
3572
6305
7671
4416
4933
7333
3113
8856
2891
4925
2582
9528
6470
3280
1738
8355
4968
6256
1092
4063
6321
3480
5064
2992
7491
8670
5662
2197
3478
8511
7046
1516
4960
9505
4332
7802
7795
8165
9826
8057
4172
2495
7563
7811
1772
5692
7075
1861
39
9791
3234
9100
9187
2842
502
9002
4340
9453
3374
9373
9441
8490
7098
9019
5406
5157
1823
4742
9743
8791
6028
2387
5213
9525
147
4931
7252
1396
3040
9018
768
1813
9265
817
1705
5277
9359
468
1744
9348
6673
185
7945
896
4887
7814
7170
6002
6523
6939
6587
1357
8677
6783
4864
6844
1431
2905
9577
5402
5854
5838
6013
2206
6985
3393
9785
9635
9796
2313
5065
9808
6736
3231
37
2191
8423
4146
9308
452
6570
9833
390
2524
5411
8249
4269
7676
4807
5727
47
3834
762
8354
8282
6501
4089
3225
3976
9298
7418
4540
7287
770
2772
2174
6345
5353
1335
2299
7588
6770
3727
7468
6143
5643
4370
3689
5048
8995
3252
5621
9747
7952
8009
2538
2735
7186
3945
3968
7711
713
4242
5139
3366
4374
2533
7168
1872
7368
4975
8065
5390
1728
9805
9702
8462
2511
8326
2102
1567
3811
65
6040
9350
8767
3568
7311
8755
7598
2773
6255
2085
8871
5720
509
7530
1282
5675
5001
1571
5856
5452
2539
5022
1541
5592
9508
1253
7164
3622
90
7036
600
1825
8428
4855
3678
7072
7212
5617
1507
8037
328
3117
5651
7996
6594
7027
6351
5093
9414
7248
7715
2613
7155
3289
7188
8010
7105
1095
7142
2650
5760
2564
9268
2467
1358
9829
3505
884
620
4690
6252
2660
9946
2598
5215
4177
6233
5518
268
6198
5332
2077
1171
2871
613
8307
5
573
9226
8467
5585
9037
2625
8007
6014
1193
7437
9687
881
625
4475
894
8618
1244
6096
3440
3019
2514
6636
6813
2465
909
2104
2841
7222
8470
3487
7184
5657
7415
4123
7113
952
372
84
2040
1315
6077
2601
6490
3865
9539
5645
5748
3031
536
2694
7688
6376
6910
9301
666
2986
7721
6086
4454
1966
9923
6732
3223
4937
4952
4871
2749
469
7101
6727
7378
127
7600
9662
8845
7042
2054
1784
1673
6264
6926
9817
1573
2117
7001
7278
1732
1356
302
8045
2958
383
9860
3971
7501
403
3087
1578
5170
1917
5564
7549
794
937
6127
2748
9321
7586
6136
6791
4062
8293
8464
7700
7238
243
4372
6947
8771
8360
747
2971
3447
9720
4262
5988
9430
7256
1890
4538
997
4983
877
5299
3649
8886
1108
4032
6828
3395
4455
529
3643
4738
2280
9695
2338
1067
310
6425
2591
4734
7177
6227
1556
6146
9576
7038
1499
5201
6106
8446
576
7124
7863
4105
8715
204
8251
5017
1064
9043
5718
8227
947
4086
4530
7550
52
6180
8230
1605
6811
2464
7139
1659
3699
8212
6024
211
975
1354
9713
7376
5255
4322
9589
9467
6298
9615
4563
4009
542
5940
9264
1512
3831
7153
2131
6357
5054
5906
6502
5382
9515
2081
5474
751
6213
3623
2377
1533
6893
9261
4011
4511
7694
7516
6455
8852
9679
5059
7180
2454
6125
5009
9493
4923
555
1070
8437
4798
2666
2126
342
7620
9479
4442
6477
5238
3756
6078
108
6438
3946
8187
9239
4245
4069
859
6925
2984
828
8257
2042
4838
6134
4692
1441
1367
1730
3083
2397
7432
3991
7509
2262
5535
1894
6568
3926
3647
6962
444
2364
7056
3042
3903
3936
1623
8673
3126
428
2149
6890
3267
6703
4248
1034
707
843
8323
5224
6593
3350
9819
8691
2440
8279
345
5949
857
7889
7325
5249
912
2118
2575
1228
2339
5016
3651
2897
3475
9309
6738
1094
6717
9734
5415
9902
595
2890
4926
9369
4334
8911
9153
3662
9522
8172
1045
9292
3364
3129
4092
822
3219
7370
4639
3272
5039
6384
4482
6085
9814
826
6419
1770
3196
4941
5303
9351
151
3824
9231
3504
7893
2885
8505
183
9531
3786
1999
3441
5057
3821
2651
2168
8112
1980
1235
1313
5449
107
9285
1933
4399
4205
2051
6441
4088
2171
6763
7883
5190
6073
1119
6050
1140
4617
2419
129
9903
6271
8427
9303
6788
1205
949
9362
2829
2187
4672
5542
3617
3384
6367
3813
6458
3057
8247
1496
4337
3722
4255
5907
5509
2741
5668
999
6400
5149
3060
5809
9287
8369
8160
9693
7121
9118
7706
6854
3484
4401
4393
9552
3354
172
7461
6301
4576
7555
5078
1240
4169
5560
2612
7601
3309
4532
6685
3164
3439
9942
392
4858
1014
8054
5305
7697
2929
6008
1467
4182
9014
2356
7356
1055
6418
7344
6821
73
1956
4856
7727
1970
391
2254
1302
8696
7351
9332
472
4969
38
4728
9925
7243
9032
4912
9765
303
1247
312
3876
7087
1671
5852
2107
8584
94
2646
9775
7125
237
3879
9336
7794
4285
549
9719
6504
66
8502
5012
1199
3838
6055
8822
6123
5922
6503
4497
8410
9874
4645
7583
6953
3212
4556
2416
9856
5216
5223
2978
6398
9616
4477
2868
8003
2215
5270
3158
3862
2578
1342
5431
1347
5079
3015
9728
9974
7526
2926
7805
8346
6037
9139
2475
5537
5672
4501
1334
3514
2502
4220
8730
7492
7572
7131
1069
157
104
3406
4232
9389
9988
2988
9725
4507
156
1080
9256
4357
7557
2657
3161
2063
2801
2396
9898
2614
2631
5694
7399
8109
5445
6116
856
18
6142
8752
6295
4919
9051
5729
130
3646
5447
2893
8226
6423
923
300
6311
2384
7178
8128
5704
9109
7552
2129
1838
8004
9386
9738
2089
5497
5409
8955
6329
2058
8012
2626
2805
5712
7615
7542
4544
4831
5306
2494
8317
3550
5959
7389
835
4984
8210
7834
8143
9134
2192
9081
9423
7616
2096
8296
4451
2213
1446
7879
9912
3698
443
2908
3477
3062
577
3214
9777
6615
4142
3637
8671
966
2423
9602
1035
9141
2889
829
3673
1351
1652
5051
248
4987
7725
7565
7764
5374
7066
24
590
2034
9459
6755
4412
6031
2352
7817
4888
7301
8561
6929
6875
1126
9672
701
882
1833
570
8587
5726
5320
8815
8079
6152
6975
9659
871
3670
9896
4116
2403
9885
6294
2078
9098
3470
4760
5516
4076
9186
1830
9797
1807
7100
7026
7215
285
7514
412
4273
3570
978
7269
5947
5723
4818
8229
1295
9086
3860
3372
8577
8386
903
17
9235
7749
2496
3546
8159
8603
4595
8634
5450
2634
76
4488
1550
2833
9483
431
3748
2035
6559
6823
6804
5661
1177
7629
9582
3826
1394
1121
7402
9645
8365
9180
435
3696
9363
7684
5943
6275
5707
3952
1384
7329
8242
8475
1767
6586
6159
959
8067
4214
4252
5827
7306
7103
3335
1551
1854
7109
3973
3833
362
1479
598
2408
2687
3793
2065
4284
6517
4164
9376
705
5579
5018
6810
9933
6206
7221
4948
8987
6197
5850
6176
6041
1845
8400
2605
7705
3889
4902
2525
8473
5222
8170
6065
931
3684
7475
8743
1259
1130
6481
3900
2291
7146
1799
7495
6179
3171
7203
5210
7902
921
1318
8211
9168
9573
2170
8084
8137
1104
7284
4661
9444
612
2849
7844
6749
8485
8269
3463
3115
2357
3601
9979
9142
1938
5697
7116
7969
1269
6334
296
3886
1981
4042
754
7037
2683
5700
7082
5829
2822
6575
7923
4949
220
8223
9755
20
7821
1714
471
4067
3909
8993
7745
5396
3560
8949
2956
3284
8775
8575
5256
8276
990
5183
2459
2153
9724
8862
6222
6099
1056
1633
5918
9079
8077
6566
2381
3209
253
2967
9448
2437
7097
8910
6010
4188
5398
8433
790
7533
457
957
827
8425
7724
4025
5705
8569
1788
3275
451
3330
8563
9859
7204
910
2830
872
887
3723
4439
9330
2500
1697
9940
2183
4644
7709
3767
1857
5400
4785
1492
3061
8703
4111
8854
1745
8633
4884
7582
3074
4306
973
7464
2843
5765
3679
58
1716
844
2462
4846
4448
8241
5797
9027
951
2950
1085
7544
8870
7480
9732
5830
4572
5589
7062
4805
6946
8697
9324
4531
9501
3635
2859
5721
1214
8463
1877
6934
6937
4004
6709
9757
3293
5200
1639
9658
6768
2293
1704
6288
3597
2810
6124
4211
3709
7451
2892
7736
4722
8622
335
9418
2120
3846
1339
6955
2630
1044
3385
1305
7562
1779
8546
9011
6348
7148
7261
6315
203
4055
5557
1726
5740
4361
8840
5351
8735
1819
4503
276
2370
7335
6642
5605
7961
8860
4301
8445
1763
2230
3773
7845
7611
3034
8011
9283
8843
7503
2738
7431
7052
9749
4865
7808
9166
8873
3160
6999
631
690
2819
2933
4860
3873
3638
2207
1741
6306
7406
2003
7920
4703
5551
2934
796
9176
8088
6407
1628
4480
7966
2997
4876
889
5599
7864
830
7919
8799
8806
5804
6019
1781
849
4468
2256
496
1365
6012
2257
6181
7800
74
6977
9550
4437
1535
7720
7922
5608
2463
6277
7263
120
5519
4290
6072
3355
2326
5956
704
8336
3192
9150
6669
2516
8647
9540
9244
585
9122
2620
1647
1949
264
6793
2429
7663
3929
7518
7692
395
3173
4194
5008
6671
582
4950
6664
5088
1760
7300
2322
2770
6860
6908
6699
9093
4641
8322
4733
599
1592
6472
4945
6527
8712
7954
1941
8149
5248
4026
1311
702
6899
2347
5110
1475
8486
4633
5501
3197
4330
8466
7463
4720
8711
9494
9653
3184
1839
6778
5056
5690
5711
3908
6974
4874
7383
1753
9637
4786
9119
4058
2443
2795
763
2674
9241
1954
5814
8970
9299
7651
9017
5724
5461
9990
3666
2044
4652
7886
4420
5555
846
8520
4410
863
6297
8952
334
5290
4402
5151
4155
2587
8576
2124
9328
3621
3123
4171
8412
3540
9820
4383
9246
3965
7470
552
8889
3899
4870
351
3939
5033
3204
1840
8624
5776
6412
8982
4059
223
5510
205
7450
9026
2180
1083
2607
4877
7743
9282
6874
1377
5973
7872
7786
5779
9675
4629
9993
1463
2815
2994
6022
1029
4224
3828
6762
3701
5045
983
1153
1407
6001
2012
348
7197
1114
1093
1905
9960
9212
6205
1075
2005
3103
4669
4824
9656
7859
1712
2791
3169
6802
2073
4812
4700
6978
4757
4065
3611
8810
9
7823
1393
7654
3370
2703
1591
6551
1042
6353
6589
3155
3394
5803
7114
1548
5499
6446
9955
4346
2473
8912
3870
3847
9210
4774
8830
5276
7796
7471
5620
8094
8623
2222
8218
580
9410
5413
5912
8971
9204
2528
4491
8758
7599
4822
1366
6657
6101
6641
2053
9714
9929
4653
1200
3228
5417
7122
1116
4298
2531
7580
3121
5623
7350
1538
1435
7357
4568
6719
825
8675
206
1363
6411
4293
6907
6971
7779
9968
962
9322
5550
3230
3526
551
2736
7734
866
5030
6278
8922
4710
485
6814
2750
3990
137
3105
3005
9370
2109
3750
5345
5596
8439
8254
2898
7955
9543
3669
1572
6009
3706
1871
5975
5336
4227
6339
2255
2345
7025
30
5495
2307
6169
9420
1912
173
3361
22
3584
3554
7787
2976
6529
4986
3987
1522
1068
8947
3069
9085
5104
8811
8186
7888
9989
9626
7074
3790
318
7247
4362
6231
7778
2856
8000
4513
2368
146
1582
5131
288
9161
3134
8438
7303
3414
6454
7524
3769
722
5962
5211
2020
526
6597
9175
2072
3024
1424
6204
7154
8552
6754
8387
7147
78
2521
5197
4721
5037
398
6221
1831
2719
1256
640
5886
8975
988
5297
8959
3222
6555
9879
3548
5031
3033
4673
3816
801
4707
755
9415
4564
8384
6624
2112
2543
8313
6337
6853
972
6960
4154
3712
506
7484
3819
5628
4994
5500
4787
2041
8733
4081
2446
886
6488
3974
364
3522
5533
8195
9091
597
1580
8163
9083
5945
1157
8934
7488
4558
5377
745
3064
5348
3063
7014
7840
134
8578
4811
2995
1649
6324
1275
3758
1667
6913
6608
6740
3591
4939
905
416
9739
4810
9742
9260
7510
1343
9251
1800
5715
8331
556
963
9020
5992
6363
5109
8304
8414
9465
9781
7683
1796
3122
1090
1603
8021
2886
2470
8848
9516
1109
7313
2011
9209
4101
3997
234
6588
4066
6689
519
7359
3801
8222
4659
5634
6186
1925
5310
4387
4625
8058
9970
5618
7316
2305
267
2156
9224
2896
535
4667
775
6296
5647
2689
7656
7423
5732
6767
1645
1998
3056
5998
3327
125
4596
6526
8155
8424
4783
387
5987
2935
7977
8708
1297
8083
6175
273
7267
6666
9959
1749
8197
7341
2757
1471
6619
4077
3765
7763
1785
8236
5077
2656
2637
6949
1239
4981
4138
4265
182
993
5134
636
8731
4675
2826
6779
353
2809
402
7159
7515
8454
3933
4388
2588
9595
7589
9741
6959
2324
4422
6389
5002
5144
7637
5639
3640
2925
2743
2632
417
6911
3008
3381
9883
1088
2212
7984
4603
714
1617
491
7202
1864
309
6133
9759
5327
4226
940
3473
1450
7970
3711
4450
2376
6157
5601
2480
3368
8599
1028
2730
8846
3777
5659
2068
408
2185
8665
3867
1125
1290
9639
7233
8499
6473
6452
8652
5775
8891
7602
678
270
3634
26
7364
3598
7728
2872
4108
5278
5046
2940
3692
1225
6431
4744
4647
6109
8081
25
9956
9431
8283
8337
6769
708
5275
5578
4367
1931
6916
3857
8049
4034
5890
2515
290
8913
3030
6224
3407
8903
4725
3938
9937
5481
5311
4889
2742
8213
3257
6905
3418
4276
943
3332
7733
1179
8659
2154
2808
1795
3966
3910
982
1723
5514
8353
2542
1552
4249
938
6406
2067
6325
1685
9545
1411
1640
514
7173
7034
3144
411
9331
8026
8169
2318
4254
8809
1610
9342
2221
7831
3896
6004
9010
2482
834
2982
2271
7143
1374
2909
7987
2529
7353
4615
1818
6694
6280
1843
7397
5884
9300
9761
5460
6272
5229
8928
7679
4090
5153
4261
8471
8834
5143
4989
5202
2562
873
4905
9184
3690
660
8126
9740
6850
9634
1891
5132
3768
4259
8519
6058
7224
1748
3815
1656
3565
8658
7035
1487
6819
9074
7856
3581
7866
7140
711
2659
7110
9316
4732
8409
3759
7780
7394
2567
8014
8867
5960
899
7916
4543
6730
7013
7691
2668
5490
7275
7305
5866
6457
4892
3734
3156
6196
3500
8181
6482
5969
1066
1483
3681
4640
4044
1434
4151
5376
2577
1324
8875
7023
7762
8615
4591
4056
3925
2910
6046
3817
9312
8180
9556
855
3804
5465
606
3671
6063
7628
7622
8796
4872
6312
1612
5558
4102
5076
7189
2229
7409
3979
9661
5751
8823
1701
9800
9202
9958
9537
3852
7871
2520
2251
8977
8156
9234
5321
7574
8522
4764
5958
6550
8869
1873
1868
9947
1220
1208
8656
1484
4344
5966
8291
1241
3812
2619
8497
8393
6276
8571
800
7591
8917
795
7986
7960
8256
3142
9945
7096
3304
2611
8597
8723
8531
9199
4010
8194
7887
4894
5041
765
7701
698
8582
5730
5955
5239
4003
9527
4292
4965
1642
5862
3465
9215
2931
132
2979
9222
7033
4743
3845
5722
7974
3116
138
9503
5339
8521
2676
2017
8048
2287
7213
4466
858
5801
5162
4053
2726
3605
1429
2532
4527
9908
5894
5280
8736
8240
6225
274
8316
8686
9954
5842
4436
5883
8261
7785
3296
7277
1768
259
3357
5642
6936
6409
2414
1415
1847
9205
3806
8600
7951
512
3153
1743
1340
3823
8948
6938
1402
4016
2248
1519
3226
6859
7336
2673
7541
430
5932
8429
4349
4037
7292
3915
6350
2193
4168
8268
140
8940
9507
3992
1914
261
8902
9163
4765
3497
6743
5160
5062
6558
4904
3425
8574
2941
3766
7152
8204
7239
839
5262
6728
4951
9949
4121
6344
7371
6554
6257
8398
3485
2485
6713
706
6869
4681
6038
2189
3792
2968
4574
9314
2055
3911
80
3412
4019
6144
4651
5986
1653
7270
7862
5813
5438
534
5631
9594
8484
3944
9233
5073
6236
3708
9488
964
6928
9220
7848
3459
4260
3119
5549
8496
1932
5414
9132
991
4613
8312
8411
7274
9405
8545
5665
8980
9012
2549
3731
8596
3331
2411
3051
2237
8573
3244
4977
9089
2782
4601
9976
562
3189
7876
2915
6083
5090
3530
1764
6915
6733
5625
9995
8144
5981
247
8518
7927
6831
6052
6394
3760
1099
6150
4115
6621
6789
7060
8701
8984
3608
3551
6601
478
6849
9526
7259
788
2798
9994
860
4814
8047
2164
8120
5158
8554
5466
1675
8558
5895
9554
8749
201
4144
8508
1074
2570
3178
6247
454
8794
1887
1777
9189
72
5859
758
554
7742
6016
752
987
3468
3916
4318
6328
8116
628
8833
4396
7485
6653
4093
2029
3029
3285
644
920
6933
9439
8378
6784
7788
7117
9346
50
1103
2954
8820
2490
4319
5116
9571
1853
9243
2499
8366
8693
1555
8246
3044
5005
6873
2050
6071
7838
7455
8347
1097
6039
5067
7457
895
6456
8335
4274
4329
9565
5258
3907
3810
55
4839
2479
9454
4854
4763
1197
3279
7337
2123
1988
9657
1309
8879
8090
3233
6618
8417
1030
2622
8866
2150
4682
8153
7289
3703
9006
8504
8737
1387
4198
7843
4597
9782
2385
6861
2799
6744
1761
5946
3498
2766
3082
723
188
9514
1750
979
9178
965
4844
8130
9772
914
6623
7145
7413
8976
3433
95
5484
6003
8994
3076
4377
1151
4458
5904
8015
1575
4217
2438
4483
8482
8904
9174
5263
8526
4637
8646
9252
4303
11
1717
6258
2522
7931
2417
15
6966
1427
6509
4694
7395
8122
812
6603
5268
2962
2906
1978
6963
9788
9524
7915
3931
928
5796
3269
3035
756
3764
6045
1229
2136
3491
2425
1965
148
3111
8939
1958
3329
3242
2219
7362
3937
4566
6235
3848
7900
2116
4286
6081
1120
6249
4395
2671
4219
8530
7050
736
3558
1755
2863
3508
5744
1459
9075
10
5226
1057
9446
2172
7163
1916
7648
7297
1041
8795
9080
779
277
2247
6530
7398
1406
815
4061
8766
4506
5696
645
2105
4642
5688
5129
5867
4620
9274
1019
3877
6706
2086
2169
6056
7208
2
119
4143
7553
4308
2008
7948
6122
482
7806
399
258
332
760
4548
6000
7699
2394
3721
5979
3139
6833
5050
5475
1733
8773
5536
3434
3424
6932
7016
7
221
8897
4417
3174
6998
4735
4159
1525
9813
3216
5204
5121
2695
4122
720
4162
5808
9551
1808
4909
1964
879
7169
2924
9472
3687
1383
5815
626
6872
7665
450
6439
9364
4554
2581
614
4881
5929
5693
3825
4552
5494
33
9663
9984
1606
5957
8785
4966
3783
9614
3213
6646
4296
6797
9905
8604
8234
8267
986
7645
6080
7138
1016
7020
2818
2544
1333
1011
657
929
917
8100
1072
4803
3307
1073
5750
9087
5822
7604
1943
2827
5227
7386
3648
7536
7076
2278
4099
6352
5899
6378
5635
480
4745
4827
1593
6426
1404
3542
2484
464
3714
3827
9825
1442
2277
1561
5455
659
4237
2231
6410
9625
6263
2778
6777
9146
6592
2756
6486
9229
7669
5114
3672
1577
8828
1994
36
2853
9609
2498
550
9798
6661
9795
6061
5881
281
4971
3502
7936
3656
9417
3729
2675
5361
950
9783
8609
6631
7990
484
7499
5247
9077
3520
1734
8538
5588
4770
824
1601
2866
2685
4140
7141
8168
3654
3377
2216
9827
8442
7906
9333
4153
2814
5845
2178
9847
8468
5843
9895
9477
6120
7908
236
4528
5767
2273
1699
7754
3593
16
7310
3513
8294
6806
2140
8147
9063
1804
2141
3529
8589
5851
5611
615
7752
1844
6102
2627
8779
2418
9831
9400
8314
8605
7283
3958
308
6087
6360
5926
2835
465
7235
8498
4632
8189
5978
6139
2821
2227
209
4378
3995
4590
6238
9696
2167
350
8266
3014
8280
7569
4492
3749
9861
7523
8742
6775
3740
4535
8746
3859
9924
6634
6720
6879
3887
1488
5660
2990
8105
433
8963
2973
8235
3172
3109
3512
5118
4170
4210
1268
4461
9828
808
4490
4294
8162
7209
1037
8191
131
9382
2466
9136
1203
9489
3125
3016
2534
9297
5269
4658
8649
6273
5032
1243
1284
7998
239
5435
9884
2314
1926
1863
5232
9978
6596
3078
7282
194
4119
2383
5212
782
4961
446
4714
5233
1729
7921
9211
7059
9512
5167
9140
1250
7708
3131
8807
3023
8290
1423
5392
8748
4946
8402
1611
6131
3124
3191
4472
5679
7748
2431
7000
5637
7135
1195
9024
2700
892
4808
5927
5571
1323
2261
3452
4419
4599
2824
4449
730
2579
2075
2776
8973
5606
6427
8716
3004
68
579
6284
1061
3600
9232
1398
3235
4525
8786
3975
4423
3795
6607
3499
8888
1196
9502
5102
8648
9723
811
7191
8333
1051
5782
5837
2775
2162
2920
207
4610
5171
9236
5699
5920
6253
2832
6047
1594
6382
7104
3261
4479
2572
4272
3390
8942
2198
5309
1472
5141
6690
2445
2323
3884
1834
178
8270
1682
4145
8537
2670
848
7175
571
6887
3469
539
8124
9666
4376
7573
1740
809
2389
1879
3588
3352
1046
784
7774
9071
6576
4628
2792
7522
7044
1598
7435
5220
7008
6023
4993
7739
2752
8595
4709
2268
8148
9799
3955
906
8193
3694
2235
9066
694
3985
4426
8510
7895
9962
1270
6440
2937
5769
2953
6801
696
367
4096
3782
6244
5598
1316
9992
6839
1495
3466
5641
5502
1867
6812
9818
3058
6172
9048
6188
8096
6995
932
9290
5138
3450
6170
2848
447
8857
8774
6215
5938
4713
2557
8884
5472
6773
3288
3493
5136
646
6442
1812
8020
6992
6399
803
2957
1534
7156
8231
7882
9371
7280
128
2444
9280
5419
3130
3215
3566
8182
6300
6723
8784
8008
2286
2354
3389
3106
2252
8642
337
4896
8458
7781
6787
5085
4834
7064
6567
3435
5762
284
6053
9009
5735
228
5127
1105
9842
5990
2888
9652
8311
3363
679
9816
7268
2344
2079
4883
956
9055
4795
1134
8906
1410
7379
6285
5984
1232
6304
9016
7193
8272
8064
4202
7830
1141
854
1643
6111
9185
7234
9338
7619
5401
4650
1669
6220
1624
7196
560
2317
5785
7783
3878
6532
8205
8343
5135
8301
1017
2371
8460
6460
7467
7543
2135
1223
7869
1218
7266
8803
4047
8507
3281
8373
5565
5154
757
525
9413
9733
8074
6208
2332
1
8108
5244
4636
349
4018
9574
2804
2793
9648
3869
9409
4359
4173
7870
3576
2173
5318
1599
7150
6383
8914
2057
3168
4575
9698
2333
5331
1790
6182
1769
4581
2161
1990
7478
5007
7909
4023
7595
7192
4430
7073
5970
9888
3511
7513
1911
6827
5128
316
781
7320
4529
9449
4893
7445
1128
9983
7403
2456
4555
6211
6924
135
9133
7055
369
1547
797
3137
5354
1300
5888
361
7030
634
6333
7091
498
7382
9606
6697
5289
4995
6020
162
4775
5347
6807
9980
4980
6463
9611
743
7682
8687
3362
3336
1493
6226
2948
4686
5482
9296
961
7765
3736
9394
6281
6772
4792
8192
1009
7214
2263
8764
9023
8798
9546
7761
3737
3629
6093
8698
9293
3150
642
2682
2455
4316
1688
1036
5300
8421
3218
102
4550
4526
5181
3645
9610
802
3151
4958
7373
832
8639
5772
4465
6792
9904
9717
2794
9558
8937
9711
9125
8872
2512
1403
4328
4562
8025
218
8214
1156
1455
1160
9471
3763
8150
4035
3718
6851
6650
5124
4251
2023
5825
6137
967
4460
9932
5935
5832
2025
3906
9906
2375
4731
5630
1870
6764
1047
1291
4947
1904
9857
8650
7312
8721
1133
6906
198
7443
7308
8706
2880
8876
6451
898
3962
4486
528
3365
6639
9084
4607
3380
6089
1713
1869
4114
789
8044
8005
8459
5379
7172
1421
1465
4326
8379
4974
5423
3569
6981
5366
2310
4427
8536
4955
7626
6114
2850
2412
6268
14
3682
8692
8631
3021
7417
9790
6835
5747
4499
1375
3347
1204
3387
787
1846
2584
4191
7858
4758
1678
8036
7813
1348
8087
113
543
6036
8292
1172
3528
6574
376
5778
6600
5663
6043
6782
46
5897
8078
635
7759
8527
8371
3571
6857
8306
1913
1420
7968
5115
7881
9612
9875
8401
4907
1210
5080
2133
4773
5283
6948
4020
3001
3657
9206
1168
9040
3719
1004
5553
4841
5574
1233
1570
3391
6573
3401
3232
112
9278
1079
1626
5218
1676
6803
4149
1150
5072
2860
9230
3187
3618
4578
2477
4073
3246
410
2259
245
2922
4873
1277
3039
2600
1798
2732
3147
6346
2615
3794
1503
2272
6392
8101
9258
7810
785
5595
4131
2916
3610
3429
6525
479
6118
7650
3379
6310
7348
3563
1388
3799
3455
6556
6103
9704
6147
7465
5209
6422
5434
8030
897
3700
5403
6156
1395
4982
1549
405
5188
7792
603
7290
2705
9953
143
3943
2348
7820
7545
1636
6199
2974
2540
7693
6435
3276
1644
6424
324
4421
9469
6967
670
40
4768
60
9812
5835
9941
2103
6954
3356
3205
3255
568
2593
546
4347
4024
3303
3428
6447
8288
6480
4407
5389
3176
1557
1248
8814
3713
2928
4829
8714
8841
8590
8278
1950
4080
8953
6119
1048
1380
7912
7826
186
2930
1265
2621
9221
1906
1320
7211
436
3573
6918
7201
3920
8695
7179
7519
893
175
520
6510
343
8781
9193
9162
2341
5284
4705
3942
9269
6870
6698
9943
5036
3294
1530
8216
8399
1439
985
5195
1655
262
7833
4719
5063
8844
8882
6565
5436
5860
3193
3977
5000
7853
9689
9391
227
2202
2474
5458
5826
3392
8018
9001
210
1506
9786
976
1724
767
5317
8991
2422
5029
1955
3924
4806
7453
3148
5584
6547
5208
1498
8487
1161
9844
566
9481
8315
5520
8836
4697
7744
1711
3940
61
8638
733
1118
7207
9034
9218
8682
7447
8228
6138
2243
4147
4828
1842
8245
1987
9767
3599
1399
9624
9114
4771
8540
8643
5021
7627
8253
1189
159
1508
86
5234
6006
7424
5125
5028
6051
3549
6327
9335
6581
1630
9238
3609
8797
9966
9320
6842
7160
7476
6414
105
1283
121
2686
3686
6121
3295
4944
370
4813
7861
5570
2747
740
9368
1756
911
8957
42
1801
7162
9461
4837
5556
9887
9837
7115
2701
5541
3614
5622
5848
8610
971
888
8334
4739
4804
2823
799
7581
8027
4028
7610
5038
8772
272
9557
9892
818
3615
7061
9633
9475
6049
9115
8847
8262
1190
9621
3038
4693
6141
7757
4324
3603
5539
1378
7716
5069
8119
4911
2066
7959
145
6100
1015
8157
7219
9620
3921
3691
8965
2847
7419
8718
329
6098
9607
3844
1658
759
8858
2765
7194
5368
5250
6927
9613
2536
4677
3835
741
3045
9579
3316
4161
8818
1805
3229
6684
2056
8666
8359
1353
581
3338
9636
6651
5084
3474
5061
9715
6340
9159
9643
455
2959
3245
9530
7063
6359
9015
8978
3461
7576
9049
5352
1142
6569
2181
6190
3166
8461
2573
319
4623
7459
9443
2854
298
6571
9088
3243
2461
7427
8390
5526
3286
5761
3856
1710
5771
3537
9655
150
1850
9486
2802
6729
868
3136
4354
8381
9561
6895
4371
81
5650
9069
2336
2998
4510
160
229
9022
4464
9911
9975
9601
6092
8177
8113
4068
9149
5603
6942
2739
9585
7603
2390
98
4643
1983
4756
7181
4385
8790
9275
6863
2887
1187
9575
3515
4922
6968
2996
1124
5350
9327
8594
8068
2513
5948
3311
3595
7639
2753
3436
7677
7407
7068
6519
7441
6599
6499
4519
5446
8376
7632
8133
5491
1687
823
9003
5360
2602
4684
727
8719
8388
5777
6007
1322
439
1930
3919
8299
0
6207
1967
7054
1020
4189
5597
715
6972
7232
2115
389
5512
8043
6886
1540
1665
6572
2642
9044
557
777
3077
9208
101
7454
4002
3413
7425
4225
5680
9519
3883
7010
2565
8533
1878
9647
9397
4736
7713
1400
4336
5214
1397
1736
2759
3157
5933
2629
665
3624
1025
9310
96
9520
2812
572
6151
505
2796
748
3728
4353
4411
7436
1222
980
4701
3097
8745
7878
8778
819
1936
2320
9041
5915
9372
5498
6612
2506
2043
9455
6632
2790
4780
8432
9769
2088
4405
1033
8729
5923
850
6371
8489
5831
286
5532
9763
7456
9868
9393
9110
8684
3181
1542
4674
3583
6858
7913
7885
890
6393
8208
71
3978
2662
2052
865
3891
2340
878
6153
8919
6265
7978
3341
2684
8286
6825
4312
6237
3154
7448
9144
9900
5513
7548
3577
8611
2639
8072
1518
8874
7314
9447
7874
1027
4136
9452
9705
7107
5802
6638
6583
6941
1662
1341
6082
8310
3667
6868
6761
6158
8342
8106
7334
2985
1310
6950
3351
5053
2209
6643
2546
5253
5082
199
6487
8375
1012
2288
6756
5322
8725
9598
8789
3256
1249
8592
2284
8753
473
998
8951
3012
4559
8560
6880
3108
3552
7642
7039
1654
5521
41
5626
4549
518
3757
5369
8581
2393
4906
8413
2507
8617
1039
3620
1974
1303
9622
5972
117
5823
7517
2275
6342
7085
6582
6223
9196
9709
8620
1585
1694
1695
307
4400
695
6015
8114
4560
1886
1494
4900
4767
8839
9315
9154
8024
6536
6074
1489
5783
8880
8523
6432
9564
3221
6645
7621
6018
1412
2840
5614
3339
7264
7095
3127
7380
6721
604
5470
2873
1679
6191
8001
5098
1060
4545
4509
7633
2563
3270
4826
136
1782
9642
3253
5412
3524
5397
9367
4953
2234
7018
8448
7769
1543
3604
3402
5295
2188
6866
7112
793
6682
9707
7086
693
3325
1436
8321
2146
2820
1216
1802
7502
7994
126
3273
7981
2763
7593
9490
378
2163
6533
4494
8754
6659
547
5489
9147
1520
9499
85
1563
9183
5338
2132
1934
4117
6680
1117
3564
5342
4408
6140
6064
8689
6362
7815
9878
6469
5242
4546
3855
7460
4440
7731
8017
3036
23
753
4072
9129
5878
5810
639
3535
1349
2727
1152
5405
1447
7469
9784
619
7918
4135
8887
3360
3778
5654
244
8863
4348
7053
5531
2450
9600
4523
8098
4921
2803
292
3089
900
925
9340
7942
9123
853
6956
1524
6745
7396
3982
1564
3073
9506
1219
8175
6192
7852
1257
9131
6741
4748
9240
1202
1053
6991
6489
3443
5936
1677
4386
5892
3456
3349
9917
5841
9810
3415
8396
2289
8738
6266
6780
4204
1224
2851
8275
9478
3969
1951
7766
8196
2679
1635
7120
7354
8255
1355
2365
8309
3606
4964
5196
1350
1735
2157
9836
4777
1458
7118
7740
2080
1820
4537
1581
508
8602
9121
7171
2645
4704
5493
6403
2806
5709
266
4452
8783
5763
6286
4851
9487
2334
9219
7973
3444
8690
3746
2203
2590
5148
3607
6508
885
4571
4716
9587
7414
5192
4456
1456
5739
7841
1960
8996
3596
5561
7877
4649
7043
9036
1692
6665
1953
2882
2710
8635
4729
