4849
1330
2469
2632
260
1608
3869
6678
194
5992
5517
4004
4854
8424
7578
8172
3472
7648
3328
5535
3600
2488
7722
8125
2101
3853
5619
1315
9973
8368
3120
1223
5794
5174
4198
8567
7417
7072
5641
1475
6438
3400
8803
8668
4121
9599
5560
9815
4916
4138
4408
2798
2172
5395
9185
7737
4291
3058
1388
3525
477
7617
8816
143
7217
7766
1488
2591
6416
6330
395
409
1916
779
6169
351
3508
3590
4120
1893
7654
173
7658
1299
5338
6233
7541
5125
9655
5267
1177
2327
7283
7160
2858
9214
8604
9764
588
4052
9777
4231
3695
6619
102
5868
900
4833
8568
4720
5486
8198
5570
2703
16
4814
9660
3692
5618
5147
9992
7376
1033
5159
9697
6426
6432
5480
760
937
9021
8531
3288
8623
1693
2999
1551
5224
4153
186
6401
6101
4473
9446
3565
9833
9059
1030
1751
4413
755
4603
8249
5631
3681
7723
7597
736
2870
7974
3854
9950
1683
683
3073
616
7588
1127
4468
2609
7514
2093
8095
3360
5023
5281
4129
6882
1319
3206
2527
1797
2015
7099
4152
8630
6578
3261
9130
8560
358
998
7678
9164
1929
843
8377
8522
5413
6974
2965
5777
6706
4585
3492
1162
6563
3199
1251
3318
7150
8470
1707
8852
1557
6904
5393
2725
4740
4911
6309
4875
8117
1829
5534
4243
2817
1718
3608
2322
4370
4126
4094
9765
7897
4230
7226
653
7554
6172
7393
7823
8618
7913
4249
7727
4195
6450
3023
1834
6451
2215
4077
8526
2210
977
6923
4008
3990
8180
1347
2241
6312
3223
3317
4532
5189
2897
9062
2873
1105
8647
3447
7043
9549
8990
9976
9762
1755
1696
2165
6408
2927
2158
7427
8703
1089
6731
1220
2603
2122
9619
2719
8572
3880
4618
643
9874
3248
2586
650
4546
3198
559
5259
9250
6906
799
242
6651
949
5569
7412
6383
470
1456
1528
2447
3431
805
7619
2952
1436
6530
5148
732
9141
8232
5755
5603
2204
6934
4443
5923
8494
5175
8348
8518
2627
7995
5658
3131
5518
811
4900
9651
1546
4242
8955
5303
4192
7453
5101
2092
9483
2926
6159
9658
4813
8022
6199
9936
23
1883
1955
8536
9939
1079
7679
2151
1848
7824
7209
4648
6206
9847
7610
125
3094
1849
8525
5703
3910
9957
9115
1649
1780
9439
8628
8672
471
2987
5185
5989
9269
7984
9421
8353
6517
8716
8634
1285
2597
459
3203
9648
4009
1803
1728
7536
6363
8805
5788
8683
5153
8229
7868
9159
4776
7182
5222
8227
7625
8099
7589
8951
8004
7348
8561
640
8366
6775
6720
4913
6231
5789
5528
4646
8938
4599
3613
7382
2641
7703
596
2313
833
6587
8551
2483
9008
8136
5336
5823
7841
4626
3587
4681
3197
9063
7787
5183
9084
8499
7483
56
1028
1284
8886
316
4232
4513
7968
8861
6891
5514
3639
3864
9128
6550
2633
61
9186
4253
2726
7731
5107
5286
4821
5306
7936
2438
9494
6813
2108
3117
2741
7977
2296
815
9654
5632
2615
4993
8755
5105
1727
9396
5131
9180
4926
4974
3321
9441
2695
1055
5848
1940
4139
7218
1084
2930
6797
5213
4295
6493
200
7174
5279
523
1338
7706
1801
5319
5617
7159
15
9693
9809
7311
9985
2366
7759
8231
6669
1037
1494
6724
809
5981
5523
4747
6491
4779
6375
3642
2494
9751
6539
4373
290
5067
4766
2765
7034
1157
8989
1498
3002
2399
4683
7711
6447
5447
8449
3173
9613
5091
386
6832
7915
6086
3858
3053
214
628
3589
1281
5917
9072
6232
1124
6093
105
6079
8071
8660
3640
1914
2860
3019
1118
5291
6573
4364
5734
1969
2445
3513
2166
2020
4432
3745
4252
5434
3787
970
851
7548
7757
6919
8005
3425
4191
7660
2582
2932
9337
1668
3021
5871
3977
6245
2570
6664
6733
8199
1213
7917
9793
8778
3699
7612
4093
6614
609
4629
9652
4449
2331
3286
2626
7609
1064
9837
7046
4210
9222
6248
5488
3595
4271
1261
8119
8316
4688
621
293
6789
5135
7542
4086
2892
8983
5539
7991
8960
2430
7097
6346
999
7299
3780
6089
5529
2354
6202
7092
2429
8813
7087
9535
7155
4424
2760
129
5602
3794
1640
9642
311
1443
7903
5773
7567
3268
9280
3356
5542
498
2656
9963
2560
7811
379
674
2543
4197
5821
1471
2444
9390
3114
6717
438
1168
8016
5233
5630
7196
9987
3192
3831
5082
2220
1306
3493
3961
7878
7455
6337
1719
6288
5141
9871
8175
6325
9116
961
9443
6471
9145
86
5890
3013
4534
6252
1984
1744
8507
4902
2035
1493
9074
8687
2033
9703
9398
6395
4816
700
6468
965
1669
3648
8444
3408
5240
684
6152
3132
3083
5775
9544
3116
8967
735
9955
1631
6259
826
7162
2167
4743
4571
5028
7922
5364
346
9368
9300
7645
123
270
5621
1255
2698
9192
8248
6715
7562
980
9606
2522
1954
954
9142
6690
1565
9790
222
7553
8872
8503
8116
517
4185
4787
8400
4174
1383
5321
8098
8439
9207
1129
162
8064
1116
3956
2079
8080
8901
9601
70
7310
8303
3982
6109
6368
7685
4171
7108
6982
53
5054
6212
4482
4746
171
9726
3
9255
5522
8157
6170
8084
1114
5121
2621
6038
2195
5984
7593
7237
6414
1791
6452
9677
3798
4606
2964
9341
2177
3511
2728
7037
5580
1833
543
3402
492
6217
62
3709
1364
6597
5378
1446
926
4030
2885
3850
1190
8455
7700
6428
7354
9520
5825
3254
7556
9513
8851
2884
7994
1556
4389
3038
4350
9834
9533
4530
2958
8167
4898
2099
4477
7788
5507
9066
8293
9410
1844
9909
9283
2182
4685
4759
1647
5287
9857
2580
2534
8028
1071
1226
8403
7396
7550
9297
7397
7636
6108
6473
7279
2637
7945
1924
6191
271
1367
6788
8367
6617
5792
3027
380
2262
6398
2191
6586
9523
2934
7105
7672
8152
9001
6975
4072
7261
516
6338
9699
4981
7042
6289
7173
600
8770
2546
116
6683
2770
819
3935
2318
2187
9921
854
6024
101
5751
1144
6208
2773
3683
7739
2756
8206
3278
5353
5266
3995
6642
1778
7435
4481
9470
3461
5015
7524
1063
5654
8181
1692
3222
5344
8985
5352
9143
8689
3986
6931
5019
536
9095
2976
4308
7733
4836
9702
7401
1505
6077
1962
9630
8797
4862
5802
718
8753
804
2217
5928
9896
4572
9118
4523
5979
8106
8883
800
6774
3592
6602
3441
1784
6572
7408
6762
4567
964
3951
4910
8549
2363
3898
1960
1581
5562
7495
6168
3539
9881
1
8926
159
2383
8115
2292
3282
1814
8833
7420
5811
4803
6448
2111
3262
5064
4581
8975
1426
1252
2956
8007
3670
153
1032
65
6896
2759
2836
7248
2929
5596
1348
1656
7796
1720
2850
5335
5032
9529
5797
7213
2545
3057
331
827
8894
8841
3457
3380
364
2537
6069
8386
4957
921
906
1852
1418
64
1988
5880
7332
9364
4382
7126
4667
5497
5526
9740
7339
4266
4637
4330
9877
2068
4395
8552
6250
4305
1291
5537
8731
394
4435
3950
8818
9244
8076
933
7684
240
2472
7119
1401
1257
2118
8930
968
9079
1664
3701
9379
6037
6868
295
3007
9309
6712
710
391
5585
4724
4083
7470
1470
3924
4552
8019
2077
5593
8495
8835
6721
336
8001
9753
1697
2055
726
2985
6386
8756
3743
5418
120
6106
9323
4259
9507
71
639
9917
6718
3473
8663
4401
807
4512
5234
3015
3620
5860
4959
31
2521
2022
4300
3112
3930
2257
1606
9545
8185
8725
9339
3281
3438
9944
9752
1604
662
1134
3547
7564
8142
576
1453
8853
6290
8622
2155
7253
4659
4990
5958
9509
4654
4200
8692
6163
7122
7651
8039
9589
68
5584
4277
9104
8165
564
2090
5325
2218
5022
5978
3686
7738
6860
3030
4251
6418
5346
3677
5235
9233
2768
1609
2841
7458
6834
1065
1142
2058
1452
3270
5736
847
8848
9675
9614
7794
5683
4000
8773
8483
2072
6474
8490
5554
1412
2816
5051
8726
298
1742
8588
3770
2670
2672
9264
1796
2390
7355
6279
3602
8021
4582
5109
4591
2624
1913
646
8128
8473
4701
7061
8257
8440
6003
2618
916
5855
7432
5084
1873
6837
1642
506
1250
213
8631
2214
3928
6656
8742
231
8477
7717
38
8718
2990
2386
3232
3064
8896
2464
9225
4999
8322
9117
2173
80
6520
4168
9278
7492
8534
9552
7216
7143
2123
7970
2038
1153
5483
2564
1438
6925
9365
8690
7760
3443
8430
9404
4805
7797
7958
9262
9810
8579
4831
1374
7366
5468
9464
2466
9135
6236
8599
9326
4290
4374
4925
5151
3752
4096
6317
761
2566
7729
9824
1823
792
8166
1785
9574
1216
666
4714
9969
2174
9602
9591
4708
6623
1898
3242
540
5866
5341
1335
6590
9029
8327
1541
9025
2886
3479
6632
9432
9230
7426
3939
5944
8304
1329
6965
396
4184
3644
1249
6883
6622
4700
8276
7902
2601
7238
226
7871
2030
4818
7887
5991
8203
30
614
7926
1343
8485
2708
6344
8362
7116
9064
4037
5356
5482
3485
5100
5444
6716
4209
1232
7265
1845
6693
2509
8556
4980
2024
1504
9879
8375
5972
4144
5081
57
3941
627
3089
4727
4770
7343
241
571
788
1553
8581
5361
2674
9034
9462
100
4366
2308
3376
5432
2295
7629
2400
9741
6761
6467
5961
6010
1821
8182
5278
9384
810
7212
4777
7001
4414
9761
2571
5118
7100
5943
3958
4017
3277
4764
7681
1975
3656
7080
2501
8415
5709
4562
9107
3969
4784
8130
7777
5037
9953
2297
5844
1151
7084
5247
5885
2715
297
9859
1712
1324
1489
2361
3084
9803
431
1964
1994
3396
5945
1042
8384
418
1259
4954
2071
5165
9009
8738
1106
8796
2087
2051
6094
1437
8992
2540
3075
6388
2140
5326
3209
2041
3367
8665
9736
9473
2896
4734
1765
5814
7986
1451
7247
9662
9310
8616
7781
6339
4607
3371
305
4608
3937
5812
8500
9395
7389
1560
9880
9257
5874
7363
3575
5021
8825
4758
2748
5059
6333
2840
8013
6935
7611
626
3949
9888
8902
6546
6800
99
3994
4050
8111
5628
1578
2349
2548
4105
1948
2497
2743
1576
7560
3446
2553
4207
5226
6833
7378
1353
4368
5574
8608
5948
617
956
7161
3688
6405
5149
96
6185
9249
2458
1594
1509
1616
918
8008
2248
1534
1497
8739
4292
1806
7447
3289
5613
1238
6616
1572
771
8302
2148
3081
5128
7633
4014
6742
1835
8453
9389
3047
7661
1901
9723
4504
6351
2876
636
8870
9782
6625
8979
3865
253
8217
545
7051
9929
7137
7373
6734
2642
5163
842
9996
5006
9688
2316
9663
8648
5071
9007
3444
9391
6189
3671
9360
4881
1070
499
3040
6852
247
8927
6352
8720
3746
7233
8553
6071
8666
5088
3685
1558
2175
1515
5927
6698
8138
1667
622
5026
1358
3824
2381
4461
2202
2405
5857
8344
4510
7947
3567
2863
5655
3233
6643
8284
7833
5549
4656
472
6747
3405
6
3407
1921
8787
6726
4857
2367
6184
7909
1174
6556
5918
7214
6267
2393
2742
4312
3633
36
7521
4263
5070
947
2342
3138
6658
5260
1103
3611
4706
7830
2109
9906
7169
8527
656
4143
6784
9958
5055
7967
1783
9659
6577
5380
4025
1219
3902
5104
6959
7336
4882
7566
5298
8734
9447
134
223
882
6889
5719
6929
6640
1104
8355
4318
3893
2828
5365
7243
8012
2941
2706
3952
3877
4019
2576
5904
5168
8193
196
5403
9805
7402
5611
400
8895
8824
2996
2700
9965
871
1575
5558
7367
9236
1360
6920
3154
1919
888
3148
6482
4703
4352
6433
1761
5442
7307
4789
4755
6403
3517
2161
8040
9804
7972
7931
1425
6661
4672
6811
5455
2685
7053
8961
4741
7704
4393
9760
6315
225
8279
3022
3296
6156
9220
2384
3819
1130
5575
1590
1621
3895
6903
9089
4446
6359
6133
8053
7745
8451
1752
1522
4239
6817
9254
5191
3424
6694
9769
7015
8639
505
6166
5740
6347
4544
7404
4577
1334
5144
6173
3715
3011
9460
9046
9943
2852
9149
6978
3756
1915
791
4775
3315
8746
4702
8995
7322
9088
3501
4376
7148
1090
3451
6059
8684
8431
1884
4369
1789
5328
6946
837
5608
3033
2485
9487
8747
204
2382
8785
7598
4362
3265
2190
87
8859
4173
9287
7980
5637
2532
464
5696
3171
1670
5678
1100
5322
6977
6078
2757
2734
5935
1872
714
182
7245
1831
9564
6853
7894
9922
4430
6646
5579
2184
3804
881
3390
2192
7260
9113
6018
5505
3896
8535
1477
1009
9643
7230
5780
9897
9854
1973
3832
7615
6781
220
4936
8088
4730
8414
9536
3077
9620
6056
7911
5816
2707
9196
2230
9915
1457
4800
4437
1206
463
7327
197
1841
2139
403
3967
2693
7056
6013
8151
9231
8149
1766
191
7170
2
2539
9305
3693
1978
4257
6034
3772
5494
4994
5396
4092
6349
3584
1549
4489
4987
4617
1645
5236
9516
2300
5883
9055
3795
4652
2692
3689
4948
591
6327
8045
7206
2152
5939
4695
349
8521
1554
8270
8606
722
6518
6541
5656
1619
2953
620
3229
352
850
5099
3603
3612
8674
3341
9370
5577
5732
2687
7044
9110
5889
8845
453
7512
1137
4381
8356
3458
9402
4122
5652
8060
1263
3275
7519
9845
4612
6944
3919
2691
3714
2838
266
522
1983
7277
2516
2818
5013
3150
5768
4991
9873
6528
6091
2138
9276
8120
785
2640
1544
9306
8359
1811
4396
1552
9429
8046
6827
572
9224
3412
5735
6188
8114
6441
7940
4985
5644
1584
6627
6772
2222
3240
1444
6791
9314
5401
739
2587
5515
4718
4332
8714
5903
7751
3808
7086
2909
1790
3467
7438
690
2333
3500
8707
9133
8830
8050
5162
5806
6496
9611
198
476
3364
2402
3285
4363
5381
9317
4715
3161
5714
9869
4453
4610
6814
3800
1533
2898
6430
4067
6237
9820
115
3697
8601
3273
4270
8866
2813
6055
500
7862
8974
9569
8966
397
2353
2569
4325
6584
4543
4333
3059
60
2931
255
5277
304
6225
2758
9260
2017
6725
1391
3012
8941
2769
8131
237
4977
8262
3252
8342
5914
2377
5598
7952
7439
3041
665
1985
7848
2487
2499
9682
8515
5955
466
9320
8764
3966
3024
2265
5002
9592
9673
3599
5294
399
6830
1199
5887
9175
8219
6521
5728
6457
8000
5357
8858
5452
8612
5178
3086
4016
2614
4801
1680
2979
1860
4927
3874
6140
936
4358
269
6630
3891
8538
1087
8192
264
5869
5817
6825
5323
7592
5840
2416
2039
7456
2027
2266
5207
9972
1521
4797
4928
9839
8798
6370
6479
3813
1769
3649
9780
9983
3122
7131
3032
6914
6458
6666
4214
7125
901
9433
8269
5238
9822
4745
4939
7011
3793
4355
6127
8398
909
215
2250
7549
1138
2740
2690
4761
4890
1165
5898
9331
5152
7328
9709
402
6855
3839
6999
479
8274
9671
74
7478
2812
6114
7798
3437
3700
3757
7962
3110
1019
5130
4498
2224
2891
1094
2375
9615
5218
8605
2007
9481
2506
753
7580
6770
2578
9052
4133
2775
9340
9573
9189
9259
634
7262
7520
6682
7785
638
3258
7956
8107
8988
757
2738
4971
4057
3476
8636
8585
4878
9492
9562
9707
1695
8673
3702
8624
3499
3524
1088
7380
2388
6964
3944
3711
6778
5463
5556
1842
4418
108
25
8436
770
7688
4301
1484
8530
4044
9831
2568
6142
2764
4845
163
1726
1459
8508
6345
5901
5859
9788
2730
1700
3453
6292
8055
2247
8311
8387
5594
2915
2914
5173
4907
4710
4840
9184
6141
3008
4082
4343
1681
3520
7191
9646
6148
4458
2905
4444
672
2514
4738
448
1066
6737
4500
4778
3790
6876
2663
4781
6697
1061
7571
6858
1763
1080
1026
7132
164
7565
1062
1657
9251
2988
9286
8314
4865
8058
7932
7038
6629
3445
9272
1550
6756
1690
6750
938
5668
8469
1628
1499
5366
6254
8093
5627
7291
1349
3728
1889
8479
8020
2036
5766
3504
8437
5638
4114
6930
9122
8496
7676
5867
2596
4384
1149
532
407
3742
1154
5400
282
4157
4456
8922
7263
9274
923
1992
1876
2475
7335
8201
9952
5900
1159
7341
132
5843
2197
185
2493
2063
2459
4319
9515
7091
445
4964
3388
2617
1959
3386
1045
6850
3991
152
93
216
5886
1292
8340
4550
9023
4978
4923
6710
7227
3253
7948
161
4876
4241
7847
5968
3377
4108
188
1663
4609
6516
275
5181
3143
2662
2489
4029
2936
4470
9517
5807
9290
7171
2721
6878
8478
4921
1340
6799
2302
5295
2216
697
337
9899
8890
7415
4316
2789
3466
4412
4520
1221
6952
5808
5894
4835
922
7436
579
6218
7872
250
3218
430
1454
5742
5909
3100
6711
2879
2286
6260
3901
9097
2610
4101
9767
775
6365
5
9849
9086
3598
6777
174
6886
8915
1638
9808
3706
4307
9631
2271
744
6771
6900
1736
9165
2239
8081
8189
9826
2808
7369
3104
7975
8771
2159
9073
3828
1518
9894
8670
9065
2145
9623
1749
8562
4931
6275
7543
8658
3151
9040
7555
2274
5960
6100
4046
7418
9853
8695
8243
3631
8160
8268
3988
2233
4317
4472
2947
8090
3483
9825
8259
6653
9477
8875
5340
4237
6320
9463
7934
8815
343
6739
2753
9154
8237
6534
7294
4466
6915
2105
3454
924
5490
5532
2752
2406
5680
8015
3842
2676
3478
2395
4357
3097
8208
3959
7110
6885
4834
9332
8837
7627
1881
6422
2134
20
5722
2249
1176
2450
658
9146
2374
6122
9205
1107
5252
1276
973
2668
7167
5111
8774
3782
4597
4341
284
3088
1891
4920
3342
7732
2371
3887
1022
1678
2062
7423
9580
7067
8349
633
8602
6917
9887
3762
9048
8914
5760
3601
9442
7993
2221
2697
3904
299
9140
6167
8629
6453
7503
787
4125
8497
2665
1024
7379
2751
7657
9047
4499
8350
8127
4832
9101
83
4041
4303
9495
8501
2490
9358
8819
4018
6821
7442
6130
1345
6531
1472
535
2433
4361
7200
9650
6641
9261
2067
3331
6053
469
4476
5519
46
7570
4620
5837
7224
6912
6980
7234
8810
9087
1559
3339
2059
5892
8946
2579
9019
1214
8942
7383
6793
4909
2408
595
1986
3264
77
7094
794
1235
5333
6329
6542
4762
3166
6145
24
8558
401
7586
42
2144
5371
9247
1837
7128
7640
798
8736
1132
6551
9043
2115
9668
9163
8964
3507
166
1827
8250
4180
8643
7502
1912
3912
3105
7667
3696
2253
9461
504
9206
3042
2972
5170
7445
9061
4228
1408
2255
8056
1342
693
8310
9913
7025
592
8291
5950
2369
607
4879
992
5782
3796
3785
3713
5872
6960
9380
9785
6425
2650
7381
4871
67
6190
7516
228
3614
1414
5046
748
2842
3046
6568
7186
6449
6465
8903
8889
1899
433
5329
131
9722
8321
1633
1363
6835
2294
7613
3429
4272
8943
1205
7198
6186
6353
4733
1479
9843
4891
9789
6397
5383
4772
7755
8150
1701
6454
776
7085
5776
7641
7693
9082
7780
3190
2902
1048
7151
2236
7222
6314
5731
4299
6680
3908
6867
9347
4005
2831
4657
8722
6322
1203
5384
7416
6164
877
4060
6297
7849
5214
4452
7219
2473
9296
327
5394
1684
1542
366
7843
278
9123
7052
1368
7472
9346
7130
2324
8034
1810
8712
988
9366
8954
8392
5203
2268
8100
7943
8179
3374
6306
4040
6608
1734
6485
5117
6080
4492
3998
1095
6000
2427
3778
1892
7767
2498
1384
6303
5129
4768
9022
5670
2334
5264
3403
4329
6011
8832
557
6360
8161
5297
1078
1767
9026
4517
7274
1545
6787
9718
9986
2859
2189
8239
8446
4483
7460
1069
5583
1634
9361
178
2026
1939
2228
3960
3474
4616
127
4284
7451
5056
6988
9947
894
6090
7232
7036
2611
310
1038
1372
7154
5212
8416
583
9604
4024
7266
6512
6258
4643
915
3481
6730
5713
2185
8044
3111
7813
8876
2082
5315
9617
1073
5063
3014
1626
4615
3477
7677
8223
90
4997
5253
8790
3732
2731
7734
8543
8502
9212
6735
9103
2357
5485
890
9633
7437
4958
6354
2782
6437
2920
7062
7179
4601
1410
8947
6751
9959
510
9268
9550
1380
6840
9484
3191
4233
5625
3489
9725
629
4967
6842
1240
2407
4970
1967
7630
3581
217
3781
9188
3799
8675
6745
1595
4258
6966
4276
4679
9353
2143
7655
141
27
5127
3852
5424
2825
5254
8633
9090
9500
2788
3540
8263
9217
9076
7286
6854
5040
2135
905
172
6972
749
212
281
5009
8892
8899
6277
4397
4694
4975
6807
3816
2421
7010
7351
9512
5541
9811
8791
2346
4588
7215
3535
5201
6794
5158
2937
689
1396
9931
9496
6088
5307
1655
3953
4275
9373
9721
8991
3095
5420
555
2961
3069
4888
8178
1295
4642
5907
4663
4457
3775
9984
5199
8412
3303
2589
6216
3669
5408
8173
1710
7326
7236
2727
2309
7607
8420
4131
7626
2290
2923
7031
610
6905
6295
1156
1397
4953
7720
1286
5186
7929
9134
5417
6192
9587
7735
1614
3297
777
2518
3863
2598
7687
3989
869
371
8324
5533
4922
7867
1313
9571
3494
9796
3306
7825
886
844
7242
6909
2078
207
1416
1987
8112
2183
4564
6431
2666
1150
251
8082
4289
8993
5096
9541
3829
9770
5986
9689
4310
6265
7577
9321
2766
6429
4749
1059
9635
1301
4155
5155
6251
1762
2918
4496
4411
4756
4383
8645
7270
3583
9153
4402
3231
252
7799
5351
4894
7855
6871
7744
3835
5856
5767
655
8678
6249
7773
3152
7910
1034
5313
8077
6565
442
9714
6310
7489
1900
4497
7691
8334
6736
5195
5936
303
1325
866
3534
6081
3747
5047
721
7298
1440
2839
6887
4485
7814
3659
6740
8486
9273
5550
130
6881
8266
3219
2120
5762
4425
2299
9131
8980
5256
5745
9518
4527
54
7865
9218
590
6657
623
5036
1483
7390
5146
4709
3130
9730
835
7471
5239
370
7938
4246
318
9669
8761
9350
5616
1386
8856
6636
1152
4281
6308
4691
9263
9758
2321
7394
7055
4844
3820
6102
2443
4099
7712
160
6861
7989
9091
5947
2254
1191
4055
1430
8245
9132
1809
8801
586
2620
7163
1419
6547
5250
6969
5974
1714
7008
4480
724
3978
6819
1676
5119
2006
3840
8696
2660
2285
7434
8164
3635
5576
3498
3838
8937
9266
4780
9884
8598
5774
3329
1029
3625
2356
9042
8721
3177
4043
9865
4904
8881
5524
9559
2010
2581
2379
8865
625
3404
109
8607
4447
9657
2080
8758
8775
2403
1248
4159
168
5633
6026
7009
3559
4507
6918
306
6529
9085
3962
4874
2037
3720
6155
8467
3293
9948
4932
7559
7145
3423
6795
6644
7807
7569
719
4647
9501
4848
5662
3001
3103
7775
3636
398
5110
4782
3185
1671
2227
1160
9666
789
3343
527
9572
6606
441
1850
7493
9519
7349
707
7188
285
5953
8905
2102
238
8944
2778
4940
773
8484
2762
4294
8073
374
7476
2240
4742
5080
4422
2908
7313
4976
7158
8124
9400
1260
4697
750
962
4001
3216
8542
9256
9747
2613
5588
1495
1506
4858
8256
782
2881
5572
6612
1228
4529
3464
3394
9798
3236
1650
6713
261
1871
4531
8260
4433
976
7448
7845
3087
1039
6864
3305
8844
9315
4686
363
8987
6790
2723
5839
4079
1911
5803
1356
7444
6829
365
4208
6872
8846
9325
7762
6776
3357
6274
5778
7007
5663
503
5372
3536
6269
1201
1731
946
3921
423
8642
2823
3316
236
5376
3624
7998
7241
7111
4187
507
6461
8068
4438
8318
2157
7419
1308
6943
1968
48
6592
3811
2054
8715
6446
2814
7484
6023
7231
7694
8235
1732
1538
9308
2471
4966
4950
6120
7966
8184
1283
2592
8929
4205
9227
2594
3187
218
868
9744
9024
5925
9050
6823
3617
2880
4698
6818
4282
4199
5878
9068
5809
9742
3997
4130
4465
3350
3510
6224
8141
2722
1867
7874
2418
5553
9378
899
8042
7546
3468
5624
312
8745
5305
8969
3080
2252
7239
2348
2181
9430
34
4536
2584
6828
8539
6728
8593
4662
2040
9437
4584
8897
5302
7168
8300
5275
6574
7356
3818
3733
7740
2551
1703
7764
1328
9905
584
8868
2525
1570
6074
2524
6241
6215
3543
4804
6197
1072
3417
6785
8463
5194
5962
5769
3751
2330
4644
2076
1272
3615
4895
4545
1466
4323
756
2588
8419
2906
157
8529
9610
5922
2056
1886
9547
4792
6621
7049
490
6749
2864
8086
8956
3646
7361
8085
3495
8035
219
6870
1265
7060
8156
1245
1531
6532
6938
9720
4161
733
558
4309
3153
8788
3710
2980
8299
4115
8429
1005
5665
885
6843
4763
3123
8982
708
615
552
6001
6709
5245
3159
6444
4877
2606
8664
6376
3418
5934
3009
372
3516
2785
7680
1227
2074
7073
9674
1659
742
1885
7395
4007
7665
5171
720
5193
1641
2702
7338
3866
1738
3907
1562
9199
2565
7317
7846
6118
4992
7664
4760
7551
2278
5838
2848
5538
1512
6423
2311
5473
1320
3562
1091
354
7473
4942
6036
7246
6256
308
3954
4998
9126
3914
2854
8888
2957
8341
9791
427
4283
6221
9978
6591
1500
8233
2634
3542
4085
9629
845
9901
2362
2434
2340
3072
8493
4123
4378
1305
4479
959
5133
9408
9525
417
4215
542
9639
1579
277
6802
9486
3353
368
8760
2629
8511
7027
8959
8452
6866
8067
3708
2655
2671
8492
7990
2235
4486
5261
1332
2073
6708
5525
7129
1679
9191
2370
2358
738
1266
9979
8884
4575
1880
2314
857
279
1768
1539
5078
2924
6757
1941
5501
9968
6257
1730
1377
1666
9284
1610
4570
9150
3137
9374
7106
3140
5453
1699
5495
7181
8877
2949
4829
8059
7713
8627
9242
1399
594
5097
4234
6227
6099
26
808
9291
8587
6296
8637
4075
5060
3985
4573
2657
3573
6105
335
8212
7620
5200
3470
7575
4141
2871
8782
6662
1839
147
1357
2091
8023
314
4753
3885
6589
2065
7481
1822
5220
1906
9431
6223
4751
5454
6357
294
1093
6746
6519
7485
3527
2127
1564
8476
4839
8094
7523
520
9343
6503
3817
7146
2057
598
6603
4795
668
8010
7149
9816
6499
6722
3455
199
1691
1908
4250
2882
3830
5634
8037
8091
4379
8326
7881
1974
3113
1902
9056
4798
2465
9445
6255
848
2451
3675
8768
6635
6509
3660
6107
3653
6061
338
5475
4347
6962
7653
8776
8123
7728
1110
4003
7490
9108
8214
9687
2862
4726
7656
126
7702
1278
49
3851
4650
3062
8345
2504
4557
1813
5440
4711
2861
8226
7885
8723
874
5427
345
9938
6355
5142
2651
3899
9106
7003
7969
4886
4226
2857
9708
9851
98
830
3291
4463
6242
3093
1956
1517
8677
276
3188
4103
5257
9664
2437
5115
9607
4628
3439
2855
8267
6511
5457
7089
6675
6304
3251
137
4201
2121
8030
3833
3574
9575
8693
966
2070
32
6409
5919
5145
2484
5675
5103
8860
3604
3654
9684
9372
119
3558
210
9786
682
9036
9381
1611
6628
4488
4729
5001
2171
7023
9768
6389
1981
2984
4872
2974
896
2904
3334
1979
8557
5990
9394
6039
300
8425
7449
1937
1333
4635
3841
1930
4394
5629
5824
1643
7875
6501
1622
2631
5761
8254
4194
8286
9801
3857
5120
6377
3684
7622
3872
9312
8121
5873
7388
2260
4586
3243
1233
1036
746
4380
6767
1187
5716
2962
4056
2938
814
339
642
1068
2439
7904
7039
3487
6768
9700
7156
3909
5265
8241
3676
9783
3729
8679
4972
1102
69
4960
6318
4375
9083
7121
2149
5756
5348
9595
5345
5764
3411
8205
9181
8218
8842
2843
5359
4012
208
6264
6526
6176
6894
652
6455
9890
9393
1298
4032
8222
5350
9817
2293
7510
1309
5815
2903
4735
8589
7827
1422
8092
6626
7306
2750
257
5061
3055
8506
3016
4592
6439
7673
2415
2544
3049
9299
5197
9275
2147
982
6462
1147
7411
2283
8838
3302
3099
7312
9766
903
6165
7836
6927
2921
9105
9867
7140
9342
4721
5405
8358
5727
8244
2894
1119
6633
3406
4825
5137
8976
8763
6213
2718
51
9202
4917
930
2104
550
5052
5982
6129
8052
9476
7211
326
1321
3564
179
7518
6880
6396
648
5072
5604
5969
7019
1758
6174
1365
8343
3039
3769
4690
3205
1467
1379
4851
7069
5635
8211
828
3957
5822
2162
4846
4837
2364
7422
4211
4965
7768
5564
183
3655
5180
1996
6424
4660
3652
329
359
4459
5492
2955
4632
6111
1441
6046
5926
9235
3548
1800
9383
3395
9488
2520
2119
3546
5758
4327
5263
5136
323
2398
6298
4451
8635
5949
5508
5884
3020
2153
6280
1404
8766
7475
5360
7385
9991
63
7914
7808
8681
8559
2401
1246
8471
393
575
10
7756
2872
7817
5739
3134
5622
3463
4566
7165
5309
3127
929
4145
9928
4625
1196
7891
2771
2095
8072
7123
9420
7978
7250
8575
3225
1947
5411
9510
5835
9836
5881
9179
6599
8873
5956
836
4471
7252
4699
2245
7859
106
2969
3387
812
9686
5997
7109
5882
6463
2628
1271
4943
6072
7801
8434
4279
637
1865
6220
2724
5280
9271
7185
5406
2664
5688
852
5448
1733
9015
1395
4666
7152
7534
7999
2481
4387
6035
3349
5251
5332
5140
2211
8335
3691
972
7201
7340
5421
6051
6971
632
6844
6228
1362
7391
2763
9053
4817
5114
5682
9827
4704
919
9842
8442
5198
7267
6041
4322
6598
8204
2643
7054
1910
287
1856
6798
7289
1369
7497
1405
6847
4576
9570
1336
8789
5966
1044
5079
9109
8978
2556
1588
1597
8968
6723
5156
759
3106
8999
6631
2754
9248
5292
7093
6348
4450
4671
6128
2552
2790
8428
7900
5249
573
2343
3662
1211
9270
7324
832
1302
11
7281
8426
9176
6913
2044
2954
1207
4158
8792
5312
1737
3309
6849
5491
488
8569
6758
8740
3530
9195
8891
3992
6207
259
7050
8089
6502
8220
4117
4929
8365
5474
7939
3788
2780
741
7359
3968
5555
5820
554
891
4169
7285
1816
6660
1698
6659
9093
1598
8965
3279
8547
2205
3308
6916
4934
7474
9080
1178
5646
7017
3915
3760
2392
5465
2829
8447
7466
6331
3521
6476
8380
911
3118
5206
1434
4645
8312
8513
1433
9124
865
1120
1658
1163
1775
3759
2352
2264
8070
9756
7477
7933
4580
884
9324
9413
3043
7508
301
8546
3771
3183
9600
450
1476
5749
8963
4587
6613
2704
8564
1958
3883
4027
1961
1805
9951
4106
1772
7229
7240
1966
1229
2795
816
9166
3344
8292
9399
405
7770
9336
1076
8409
4863
3704
8338
9640
5971
9868
3480
6158
4503
1717
9112
4080
7804
7325
5730
6324
4049
4132
4069
611
3010
1599
7587
5445
7302
9028
8347
440
925
1289
1043
5217
5708
2456
7350
4136
9044
4748
7115
1942
9017
2995
1722
1922
5074
7971
8183
9388
3035
2326
641
92
4525
6123
551
1991
8480
3079
8669
8524
7454
357
858
9119
340
5832
6497
8489
8644
9004
79
4794
8908
239
1057
1244
6727
8029
5954
3566
5425
6552
7430
4340
6361
5693
9840
4220
3078
1686
4063
3723
9590
286
457
1041
9138
1662
6182
6754
7686
3462
7742
3442
9367
9349
485
375
774
3496
3061
2457
8309
5694
3537
4224
1478
3512
6364
6362
8537
1390
6488
8921
8432
4493
4622
5039
9678
2368
1420
8962
661
9152
3970
8641
9279
9334
8565
3739
2993
2325
5077
4074
6440
9960
2291
1887
8893
2711
563
1230
7646
5951
767
9137
5414
5050
8063
1415
1735
3228
8550
4335
8808
4170
4653
6016
3085
5456
3182
4286
8281
4407
7935
3725
1927
320
7851
12
8271
382
7539
97
6175
4280
3124
1601
1514
8705
1815
8135
6492
8423
8102
5763
2372
3637
9407
7101
7104
9246
6583
2800
4553
4540
456
2163
474
8264
6198
2301
8626
6214
8285
8389
546
6897
8190
5431
1529
1051
5122
3271
3572
6553
5568
7513
544
4901
8611
3933
3274
730
243
4261
9864
5938
2277
1054
673
6420
2869
6824
3879
975
6508
9311
1296
6367
1965
4830
5449
2052
288
5546
7532
9554
5446
5460
4883
9932
2380
9414
5478
3434
5076
6869
4245
9739
7032
5988
7178
3947
9475
7141
1198
350
5752
9318
114
2547
487
9307
1982
2832
7058
786
206
5500
6719
7600
7918
2085
4416
7782
6342
6924
8945
7880
1990
6343
6313
85
4634
7048
526
6525
4757
3146
3848
4078
6863
8145
322
9038
6273
2396
6305
6738
5672
5712
4068
224
7290
6857
2875
7585
2463
7668
7718
8287
9156
9288
6284
9285
9316
5725
2681
2337
2866
6874
4526
5390
95
8126
6744
4636
4137
1853
4186
7077
4707
6879
7643
8957
509
2089
1625
9526
3373
4334
7071
5241
8544
4812
5601
9540
8554
9975
985
6851
8625
8278
9111
5531
6436
3340
6048
6470
5439
9924
3797
4269
1224
7927
9348
3560
9419
4915
2029
2791
6124
5274
3426
5342
3365
5270
5300
9182
4737
2008
7708
3776
8754
1322
688
3409
5045
2150
6369
6769
3976
7563
7465
2310
6571
7752
6696
7384
5068
3755
2561
9070
9436
695
565
3552
1406
1429
9911
4088
6743
170
1378
8406
5370
7386
6068
4614
8163
8155
4047
2786
7957
3184
1568
1186
5810
9895
8882
9120
7591
5902
4112
6116
8224
5423
4164
5469
6138
9213
1793
5597
9000
9490
5828
3868
1075
5516
9452
1256
3469
2387
2001
3905
6701
1099
9177
5520
8288
7637
7753
7527
128
3241
3972
2572
7778
9835
8323
9465
5864
4859
3347
2533
4107
3561
9778
7374
5667
5720
8514
7715
823
953
221
2146
428
7076
7330
1290
7750
7280
6940
9474
7228
5831
2779
2746
5415
8027
860
5044
1143
5591
3557
4533
1155
907
7522
9479
5363
4677
5317
4021
9295
3533
6012
321
361
7308
3555
6884
1204
9030
2877
531
5563
763
9144
2774
1715
5188
6865
2523
5741
5018
4838
8504
7873
7346
5282
2341
72
2555
981
4855
8354
9194
3724
6838
1896
263
4786
4006
73
1113
5692
7795
3903
2714
9898
3570
6981
2590
3882
1648
7488
4314
9234
7057
9187
8397
1646
4142
7557
8880
6936
2803
2526
2042
8011
6015
6581
17
8140
381
9491
14
3135
9645
9557
165
9161
1855
549
5010
1052
2479
717
3812
1826
3213
1589
934
3668
1202
7255
5929
189
6149
5744
7164
1398
6066
2417
9997
8592
715
1274
5202
2830
6222
6601
1708
7834
5387
1355
5017
6413
2012
1586
6020
6136
747
494
3139
9190
6358
1297
5132
5389
5086
5551
4267
8749
7552
5347
5977
3250
5527
6672
3354
5422
8807
778
6700
6095
9701
7561
5753
6760
8410
4390
9203
7486
1905
1953
6311
9772
4933
7877
3938
2890
1724
6319
1673
3975
8794
9480
2895
7930
6610
1897
2307
9253
3136
8325
7223
9560
8652
6555
2455
4238
2922
7220
9977
6926
2130
1818
9910
6098
3070
6300
3529
834
1217
1817
1741
1706
4661
5231
6684
9850
317
3734
2917
5648
3810
8360
740
6113
7398
781
1344
1317
4627
685
9886
2002
8762
8617
3585
1577
9301
4903
7761
4128
6226
1327
8462
5975
6204
6580
4455
9694
1702
2951
5020
2179
1139
6062
7899
7463
7040
9237
2967
9363
5443
3650
864
8305
2982
7431
3338
5215
7864
8573
3971
5284
5177
908
40
2344
5487
5331
4149
4962
8595
384
1020
6442
1743
75
78
5041
561
2261
4454
7912
9612
4148
829
8221
283
2844
7357
898
9031
3580
1085
7812
5150
784
7365
5476
8907
6671
4689
3719
8653
9621
1757
1847
2574
8667
1128
7498
4066
2213
5700
3894
3657
2837
8296
7674
7779
421
3141
3694
3923
4841
1442
4203
155
9746
8596
5544
1508
211
7175
4732
5640
1311
7919
7075
3836
6096
6638
4349
1394
1015
9506
6117
7480
3758
4428
9503
3368
5916
942
1049
6687
1413
6535
267
6901
1081
9566
6466
4104
4752
1050
3160
2834
9918
429
3738
5993
4182
2649
3362
3129
9344
8519
6246
7292
728
8225
9532
8580
9802
9563
2282
4051
5392
8814
3459
8751
6504
8935
2272
8826
8996
839
5639
4819
1583
6022
6336
6293
2600
6544
7045
9920
5772
8933
4045
8391
6350
7892
7953
6262
8421
3763
5595
1031
9636
9731
8168
1082
5471
5650
7996
6732
2263
5451
2064
687
4487
4524
7786
4028
3663
9577
5382
9813
3298
3319
8487
2636
9151
5571
2948
6764
6620
6027
7649
8919
4593
1117
8215
7257
4038
8139
6406
7650
1781
9773
1381
9183
249
7225
8025
9988
1792
9771
914
5012
892
8817
870
6907
3181
5190
8795
825
2822
8986
7928
6032
2468
5721
3003
7203
9174
256
8614
9289
5311
3420
2682
3545
3806
4664
9322
6527
1461
7893
883
4793
5783
3421
6064
5412
5765
8981
3304
5565
1123
8950
3448
8936
2141
9335
3698
6394
1949
2744
3541
6611
4669
8228
4621
3801
2833
8395
3630
9852
88
9653
8916
1008
6402
8869
2512
2251
4135
8767
6045
764
4528
5940
1623
4091
9012
7634
3889
7584
3414
7424
7614
5826
2110
5964
6645
8713
7347
8017
5854
1361
6283
7579
880
138
6104
2045
2219
4247
3526
6044
521
6302
7406
1918
2658
3486
8435
1770
3098
76
1788
2467
4583
3142
6153
3929
2912
1166
334
2846
6703
5273
18
1013
6480
244
2925
6910
6286
3667
5374
3717
3791
797
3940
1857
6187
3179
6941
6779
963
3522
1627
6989
556
709
4508
893
6809
2535
4419
1210
1167
1001
4116
495
1665
5998
7951
1225
1145
496
8170
7199
7284
2312
7368
3579
8282
9821
9823
1894
2772
3257
4415
6483
9211
6017
9696
1936
7282
4244
3802
9925
9993
5512
8061
3876
8018
8331
702
861
5310
9169
2878
7638
8823
5863
2563
6121
7965
7399
1465
9672
3324
2935
1923
7005
7028
4963
9828
7747
940
2701
8759
4716
3666
4423
3878
140
7251
2332
8319
2659
6419
1018
692
2031
4982
9698
8371
8188
3052
9609
2047
3299
5738
1282
8002
9644
8408
5407
4410
7183
4518
9171
8702
5717
935
9628
5959
2441
9327
3594
7829
7082
6992
5620
9941
7793
3523
8836
2939
983
8913
6384
6961
2050
1799
5924
6495
8153
3931
9998
8998
8169
3867
6928
817
1491
1629
2280
9294
9449
7724
9638
460
9330
670
4605
9974
6510
813
5058
5375
6996
6229
6261
5545
7531
3881
2604
3641
8009
9210
5379
3269
913
3385
701
8101
6373
1482
8829
8393
7895
8555
7886
3050
1617
6382
8700
5409
5847
9239
9401
2188
8649
7988
2043
9303
2350
8186
2761
9841
6939
7026
6967
5196
4071
3761
9148
6600
4750
995
8491
8074
3884
1989
846
8590
6514
9903
28
7792
2404
1185
6201
5489
5888
6985
4516
1651
8574
772
9313
5834
1777
8216
7923
1140
6043
8925
9728
9282
1748
5965
110
1864
3741
2928
1882
4313
578
2599
7133
2675
1392
4388
104
9937
9627
6139
7387
6848
8694
939
3731
356
712
3378
2470
5164
9302
6067
1672
7568
2781
3287
7083
8779
9732
184
4042
3823
904
7364
1445
3502
7937
7301
547
4285
5094
8132
2531
177
111
3814
3871
1547
205
984
2385
5437
2648
989
6593
1469
9229
3638
3174
4535
8822
6523
2454
6609
8958
7884
7461
3647
1101
5790
8610
4935
5398
1574
570
478
2849
1527
7916
9018
9667
2424
4405
7190
7166
7652
4406
7820
5106
2435
2797
4651
802
7098
7608
3651
7647
3768
4218
1602
7604
1824
2223
5653
1046
7187
5441
1011
9351
3294
6278
5853
4624
4474
8460
7300
2646
3645
9173
7538
6902
4556
3996
8369
6560
7014
2428
6810
3786
5899
5024
6210
3178
4216
4630
7210
5771
1431
9861
4118
7264
6561
1943
7730
581
4150
8520
6301
6995
6326
7047
3186
9795
5484
7095
9685
1963
4298
6752
9618
3736
1449
8372
4262
3588
7022
8843
2713
7269
5779
121
3358
3172
6801
8706
3658
9579
7318
1316
2359
6272
927
4988
9125
1025
996
3846
8024
5587
8388
461
9521
9035
6888
5669
1832
7342
1209
4193
8472
2680
5865
3955
9818
117
9711
9426
2517
1125
6950
5800
8620
5723
9989
7599
4696
4843
4806
420
667
2667
1798
5246
1236
9528
8240
5605
1181
6321
8828
1486
7400
1511
2635
1980
9935
7505
5685
94
6686
4167
118
2394
6548
7540
3805
7293
7805
2287
8041
9319
4070
5557
4908
1946
8333
4273
5271
113
7462
1858
5607
9170
6132
4828
4847
5304
2032
475
2729
7632
7500
9277
5718
2616
3475
2747
7749
6567
5799
9995
8361
2329
4348
1513
3518
5973
3922
1526
7726
5711
9240
9415
8381
3897
5314
758
7392
1677
1060
5035
5795
1411
9757
974
6691
1131
602
4426
9498
136
1403
3207
6007
4675
7763
9705
389
7004
5225
1779
3163
9221
2575
5073
5368
7960
8273
9594
3754
9930
302
1694
8939
2389
4633
8752
530
7172
678
2794
5679
5612
8137
6253
6381
2673
1212
4403
5994
344
9454
6083
9883
8465
3227
9735
6836
6596
5042
330
3634
2168
4102
1182
9704
3217
3415
2476
4367
5419
2160
9013
4441
2508
1536
3531
1016
145
6270
7353
6895
562
9902
4265
1241
7287
3170
6976
9033
659
3460
4952
4229
4668
5701
1407
6119
9362
6049
1705
1682
5673
1175
1685
2124
9856
5906
8834
3361
4563
9238
1003
9482
1866
497
6648
5258
2196
1828
4013
6605
3109
9980
6125
6285
4359
8417
5995
4391
6205
5651
3735
4769
1618
3718
993
9553
4712
7819
1273
9178
9534
1890
2705
9981
3259
8466
9885
1846
9522
3974
6057
22
6702
568
5698
5248
6792
8784
7716
3774
3664
6911
4097
4110
4547
7987
5228
4385
2607
7184
5891
2623
7603
6162
3549
6513
7888
1158
6092
5876
8308
4665
8079
5784
8769
6183
1519
5243
9598
1194
4288
4631
3936
5791
7601
0
9527
8600
2270
4098
3157
3413
2856
7573
2317
2256
2106
7582
9338
2410
150
3283
2970
5385
6947
9763
1375
4678
3176
1161
6585
449
483
5750
6316
8313
9139
5499
876
9129
6073
1184
9386
2868
2809
7468
9160
2011
7114
8200
4495
3440
3436
4287
2799
390
7765
5510
2500
169
9468
7705
2505
4163
192
5930
818
5737
6498
3048
631
3108
4255
5008
5921
1944
8904
2448
7425
9858
5477
711
945
9716
601
8850
1567
5459
8932
8800
8911
1644
1183
1304
9727
979
4539
7800
5770
3629
8857
1359
3606
6615
2129
3913
6460
5578
5933
2414
9962
7331
280
7659
3310
5320
4924
2198
4119
4549
7963
4947
8003
7345
3245
7961
7981
8799
7024
9081
4979
8047
4684
8971
5996
853
4360
9683
8931
1624
9565
9193
2511
9267
8390
2431
2107
2432
5536
6294
5687
9466
1237
5858
4598
3532
8404
1934
8301
8394
190
9524
4561
7572
7837
1074
9964
9245
3382
862
3571
6826
8433
9891
3973
2206
8357
1262
5416
4398
8158
4996
9582
5660
9098
9293
5521
8328
5262
5561
3932
654
3215
6803
5242
1935
4604
1208
8578
3803
1771
1957
1007
9712
6650
7333
415
176
9800
6076
3622
6281
3596
5184
671
4823
9281
6371
5025
7670
990
3168
9724
232
6087
2515
5707
6417
5657
7102
3224
3393
2678
3230
2893
5092
9875
5706
1510
5108
4440
7942
193
3255
6536
2558
2492
2973
2994
8213
6178
8940
5747
2946
9434
324
2338
3076
1323
9624
7861
574
7235
5957
4248
1928
9472
2919
7506
1279
5963
2199
2446
3372
2019
2016
6990
606
4639
2440
6282
2412
4919
4467
3026
9717
4172
8176
8238
2784
6400
3325
737
7925
9970
1303
9418
7177
3211
6052
416
5083
9954
1400
4087
5606
2133
7545
5293
8744
6705
8038
7410
5664
1337
8337
4765
7096
604
3366
234
149
2805
5846
8014
6160
486
7906
2013
4873
7030
5288
997
3918
9637
6816
7606
6486
7982
7857
2128
3300
8246
273
7856
4521
9555
9265
2083
2835
8456
8615
9219
209
978
9198
6741
9467
3249
8207
4541
9168
9469
4478
9967
7682
3082
3065
5377
8864
4240
4555
5438
3551
2709
2733
377
1709
7194
3379
4973
4767
2538
4870
7835
2232
4827
9448
5318
4297
8154
7826
5754
203
5430
2226
3333
8632
8973
7074
5399
5915
3320
2306
1083
7790
6953
4190
2025
4023
7985
9546
4061
2554
9423
9679
8382
863
2137
4113
2391
9593
9440
2696
3119
7924
5167
4494
793
1630
7033
3740
1490
3427
4722
664
8780
9779
889
3860
3071
8488
2888
5049
2801
7068
2169
6805
3519
5983
3618
3031
4918
6335
7244
3067
6557
2103
5875
5666
8793
9737
1745
6058
4595
58
5552
3582
1952
5166
3963
920
8277
5559
9806
8275
47
3917
3488
8148
6147
4893
5952
8144
3946
8540
2821
2559
9485
4820
1661
3619
7515
618
55
1786
8972
4124
7810
1573
4914
6808
5470
4356
8306
1760
2131
481
5870
5829
9676
5069
3235
4565
7337
52
8710
4065
9010
9427
752
1874
7259
6390
419
7428
6031
3456
5941
360
7002
7208
1326
6385
9333
6135
3484
3632
5043
9258
9945
5402
9933
7896
8783
9814
2496
9060
4127
4175
6890
2992
5729
4941
3125
3875
7059
7482
8750
6019
1938
1373
7946
5645
1389
3722
1423
3834
958
8871
5048
3167
8885
1932
4293
133
2528
9459
5897
9597
9956
2335
9345
5681
8242
1023
3045
59
4490
4713
362
7360
1014
3063
1639
1971
3381
6009
6707
8923
533
8697
4031
424
895
820
525
8196
7576
8541
4853
3593
1654
2710
3323
7297
3528
9543
1480
783
1754
3004
3422
6569
9403
2225
41
8162
392
1473
9514
694
3280
2289
8781
413
3616
7103
3284
960
7889
2201
5493
9949
5285
7459
9797
9876
6892
3312
8638
8863
2503
6443
4717
8948
6404
1808
1997
1121
1170
8464
696
8887
9838
1010
3260
3626
1193
6195
6042
2887
5661
4744
727
2638
4906
2602
3301
5509
2423
5087
8657
3845
5582
897
6689
5428
1012
484
6030
154
9241
2950
524
8396
6134
7831
8109
6839
6618
6472
8708
8051
6179
7303
9759
4324
7358
6070
9872
5216
2900
7959
482
9409
6997
1721
9695
3773
6407
1300
955
1711
1931
9051
227
4179
202
4640
9829
1288
9422
2351
9444
9946
7840
8043
3784
6933
3056
3210
2684
957
8069
1215
3121
4884
89
7405
7769
1253
6445
2319
2874
8026
8202
8512
9774
9745
2009
3749
4783
2933
4020
3266
6533
9912
8195
4213
541
9622
8230
3208
4514
3964
4619
3397
2373
9
6500
2557
2867
1977
235
9900
3727
2507
9077
4264
7144
4676
4109
2677
987
5845
2737
2315
7446
6949
3028
6434
6655
6150
7714
2792
7372
9561
994
3623
2284
9878
5373
7525
6955
8820
8748
9304
6412
7041
2550
2883
5093
8621
729
8548
6695
5786
6624
9710
5581
4206
9539
3193
9893
2244
9292
9376
8661
2802
7189
4386
872
2732
5976
831
4568
2304
8650
3017
7772
2943
2355
5033
7197
9863
5893
6595
4889
4491
803
7758
4826
8413
630
2901
8757
3068
4623
4802
4177
6085
762
3843
4442
3765
3092
4035
3505
491
8680
9990
716
2612
7595
6575
8849
1596
1455
9966
8096
5030
6143
4434
1587
6060
3609
3849
7976
2940
9385
1653
8609
7079
3873
6268
4081
8066
8458
1909
5349
4824
9121
5649
3384
5466
2288
139
8194
769
6230
4404
7618
4723
4346
6973
7509
9781
2826
2549
7743
8407
9215
7491
6234
1591
6421
8078
1820
3267
2004
6984
4983
5255
1424
7644
2028
1339
3730
1318
1776
5836
6748
941
6562
7088
4162
7319
8571
6968
6898
6410
856
3336
4431
8735
5244
5715
426
1021
3591
9158
5462
5410
2717
1895
2907
8831
6151
3721
9243
4166
9069
8033
4693
6763
3156
8143
2793
6144
1972
4188
332
3886
2453
7315
9942
7443
9596
7719
569
5743
8174
4178
4799
6247
4692
1366
2745
3987
796
2097
3767
1179
8280
6566
8265
6945
8209
6157
2755
7329
7783
3825
2944
6540
333
229
4736
6415
7407
7377
4146
1563
841
2541
5671
2777
5642
5098
2978
4589
6831
3678
451
2683
9039
5614
489
1242
4039
291
9748
9356
3916
734
8122
3292
437
7802
3416
5229
8364
5204
8374
6180
4059
3544
2452
840
765
5089
6692
1239
1548
8329
3942
6266
2542
5339
1535
436
3983
3716
6668
9045
7433
187
6115
2258
2422
2023
3096
5841
8786
3220
2460
3175
7117
3128
313
873
1195
6554
7504
9377
2449
2736
33
8516
7809
5192
8970
5435
3335
6537
8906
3239
4519
8577
2689
1773
6287
4611
1592
4377
1122
7487
3348
5391
9200
7135
387
2819
7907
1277
5879
5861
6239
5237
2661
248
3827
258
8187
5999
3419
1307
5113
6387
2303
2997
6875
3855
8730
6040
6028
7323
593
8709
768
8272
124
6209
3399
4896
4788
5053
3169
2267
6490
6877
1040
9908
1516
6559
635
5690
4256
35
3906
8733
4354
9530
9232
3037
9201
9172
6494
3359
7784
4506
412
1740
7671
5905
181
9892
3984
1674
7452
3578
2847
9157
1402
7852
3999
8743
3449
43
5429
680
8031
1310
4306
6323
4773
5946
723
7118
4260
529
3948
9665
1141
8517
8505
7870
7012
9355
8566
9453
3036
5343
7529
8457
5289
2735
8994
3465
7635
512
3556
4227
7954
3779
9020
6196
1878
7898
9940
4372
5095
4811
971
6489
1275
7479
1189
4790
713
8867
4436
4887
1774
4815
2694
3430
7
9357
1448
6378
1464
4559
8481
2100
8351
1135
8924
7371
8576
2510
3744
8032
9096
6171
383
4774
4235
4989
6899
4969
4111
1447
4538
986
1863
5589
4225
2156
3809
2767
4868
2502
2246
9719
5827
2081
6679
5139
2420
6065
6411
7537
2986
9537
3433
7258
9548
8448
7063
7134
7157
2154
5085
5075
2824
4331
2053
3764
9807
1331
2096
7748
3703
4058
6822
6815
7669
408
7321
9058
2983
1293
4315
5862
1903
6131
8874
9451
879
8603
9776
4809
1950
1888
9844
5910
6146
703
6841
5852
1492
8290
2749
4670
4033
3597
7409
1804
7883
8147
9014
6334
1450
2436
2378
7710
1133
1543
5931
3147
859
1393
2273
8083
7774
9005
2787
9971
3497
6459
8283
3226
7352
9298
6021
2519
3471
1951
8236
5272
3195
385
8741
1854
7746
7979
4680
1000
9405
7828
3673
3345
1126
8411
6372
3180
7309
3491
855
9027
6637
9002
6328
1047
3859
2639
7821
5912
9982
2114
7869
6665
8711
1077
597
9078
230
6137
6505
6238
5573
2605
4165
3514
8862
9197
7997
2237
538
1759
3503
2480
5506
8475
5813
5472
4791
4076
3133
1067
1267
7142
9647
1585
5467
3750
8330
5299
6464
7375
5705
2536
3126
4064
6391
3569
7983
2397
4861
8532
5296
8879
5481
7850
9862
1607
1739
1173
5187
9228
7020
9489
548
4537
151
1917
4674
4949
4641
3200
4399
4100
341
82
2593
6773
3753
3554
577
2486
7692
7950
6958
4899
6427
6243
1004
6025
3202
7574
4212
6050
1108
5112
2413
289
1830
8104
404
7016
7815
5851
644
9919
2959
1312
1520
5913
8427
2981
7699
8482
8197
8289
7839
3102
7547
6654
3330
8984
2699
2482
5327
2409
3737
4026
5308
4687
455
8662
4089
454
6667
5502
9003
9634
4054
3322
8054
44
2136
5268
1058
875
8646
1056
434
5626
822
3410
1111
8383
1409
6564
969
3351
3674
4154
3450
5029
7526
951
7581
7594
6507
9775
3553
675
3246
6263
3856
9375
7698
8177
7065
1136
2323
4296
8688
9037
4420
4140
7193
4961
9328
2945
7955
9136
309
950
373
7139
2178
2716
8379
4658
9787
5819
1569
2573
4511
1688
780
4342
3025
6082
7124
1802
7195
6193
8422
3201
7662
8049
1385
766
9011
7964
7275
2910
3237
9729
5208
5219
1035
2739
146
29
5005
1096
3844
3690
3815
2827
7314
7822
952
7697
8468
1507
6047
6307
7511
5116
4147
4409
3221
5504
1907
3363
5003
4515
8719
6244
4189
9713
1675
5426
91
9799
7544
9632
5210
2625
2562
2411
6766
262
3272
4084
6014
8474
7334
3643
7789
8570
3314
3005
8062
1243
4502
9162
1875
4728
4955
6845
5937
2305
1870
3900
7882
2806
1582
2212
7268
1258
3680
414
3870
9216
4196
9041
917
887
3506
3981
9584
1280
5684
480
8729
254
9889
6392
9927
8057
5985
5674
5530
7296
8443
3568
7528
4336
9576
4022
7683
553
8682
6873
4464
5970
1254
8336
5031
5479
5276
9792
3890
5354
6951
5176
5134
1836
5699
9471
7689
3563
122
4156
5710
7064
9914
7771
9690
6963
4095
6812
4938
2679
7853
4462
2820
9424
528
410
4596
9127
2810
6755
2989
6005
5643
2495
1532
821
6558
9691
5610
8917
2807
991
8977
1613
4321
1571
8563
1270
5388
9656
8108
3979
1148
3029
1746
9819
6029
8717
3145
3577
8253
754
4274
6579
8934
8732
1840
3926
1351
2462
6670
45
7295
7623
6681
943
8118
7276
599
4649
4326
1097
4867
3847
4439
4134
5337
7138
928
3605
8839
6110
325
1904
5842
2014
7590
7205
5540
9329
353
9649
7707
5062
4986
1782
3337
1795
6299
1637
265
1970
2170
458
1171
6200
1998
9067
8129
6957
3610
1976
9458
8376
2977
6991
6481
4010
1756
1218
245
4160
4551
9567
2720
6804
3164
1346
2117
1234
8438
5000
2911
3389
13
9603
2567
7440
4417
3311
7621
502
8317
6380
5920
4236
9866
6983
3945
3607
8087
6998
307
1164
669
2034
2242
7113
5793
8847
1838
3687
9223
9583
7818
6942
8258
7842
9252
5369
2966
8545
910
5787
3401
603
8583
432
3822
1787
2889
9994
2320
8840
6075
7908
1006
7863
8656
4719
2960
1861
8113
6979
7499
2426
7450
9054
5796
6478
9551
7696
6780
5801
7854
7701
1115
5450
2231
7860
751
1764
790
2018
2069
4822
2644
5511
6786
8528
8405
2442
8191
8812
9392
3826
2112
447
7469
9904
9508
5066
1716
3748
5830
6543
8619
5599
493
4558
2654
651
9114
7596
7305
7666
9397
5691
3837
3247
612
5805
9907
462
4400
587
5124
6699
7642
5726
2046
1812
2942
2238
3490
7153
6211
4445
8777
9794
6846
180
1481
566
8523
8594
9715
5027
8297
7858
9456
1600
2776
7741
7866
2003
6986
21
8584
8110
367
3000
5464
9542
8928
4930
4429
9999
9354
9032
1474
2176
5138
5334
5895
1879
5386
3428
9352
508
705
5161
2530
3482
2113
4842
1636
4183
8454
7791
1188
1247
4590
4469
9099
8006
9382
7806
3051
9625
2094
4705
931
9681
2491
5942
8146
2088
6649
1540
7273
539
7639
5600
2804
1704
4204
4460
6161
699
9209
7021
1501
1993
7112
4945
2269
7441
5547
2619
1264
2275
4897
9493
2647
1523
8676
8699
7507
4613
3060
8533
369
5733
4421
7070
1487
5004
4221
6469
6399
1427
1496
2259
8401
8640
9075
3861
2811
1999
1555
725
4062
9923
3925
806
1287
5090
4181
9670
838
7147
5301
9016
1231
6782
5548
6676
5697
7176
5911
5232
4475
5677
6652
4673
5007
296
6103
513
3044
8949
8878
7675
8597
4542
5590
1593
5689
2669
4880
6893
6570
1862
4655
1098
4304
4850
8159
6181
1603
681
1092
9071
1354
5785
3244
9147
5967
4731
4638
37
8097
2234
2783
5316
6379
8655
7278
3911
8910
9369
824
6932
5458
6604
1421
7920
743
2061
3621
1314
6393
6987
8765
6970
4771
1502
5223
4501
9706
5182
1868
84
1566
4796
3682
3391
443
645
1525
1146
3144
4944
2853
2328
515
1462
4785
3777
1612
7631
2365
8685
8613
8724
9425
608
5397
9411
2583
7583
5850
6908
6291
580
4866
3550
1859
2652
4574
6366
2126
6994
4
6647
1222
2336
347
4365
4073
1635
9743
3398
5566
4048
5833
8075
5433
8373
8210
7120
195
4578
7370
2000
4351
5804
698
3238
3509
4754
9860
4984
6576
4522
7695
7736
7000
7517
7533
5849
4869
1027
3332
6084
704
7249
8105
1926
7605
3672
7029
3432
5567
9100
6677
6688
8441
144
9661
8811
4053
4219
3679
5746
867
7501
6859
745
6456
9092
2971
1417
1370
8509
8295
1086
8809
6765
1435
9616
9208
1294
6219
1172
2595
2281
7992
7204
912
7362
5513
8370
9738
5676
2048
8827
6753
3352
6759
1723
1530
4268
3194
6674
112
3628
9961
5230
1652
452
1689
1807
3234
39
9585
9371
2478
5355
1503
1387
6673
9499
2513
292
4011
2622
7271
619
4725
8339
849
511
3661
4600
7530
6356
3627
2686
1428
2645
5636
167
5704
6004
4808
7901
2712
3726
1197
6002
9428
7921
567
2991
8103
6475
5496
7344
8252
3369
4912
2193
3066
7816
7941
7973
9226
5014
2084
3586
1485
9049
5615
8445
5592
6524
8363
5748
5404
8418
1877
2021
388
663
9626
534
1382
3162
8294
9478
6729
8036
9750
406
6954
605
50
3665
8900
6477
3327
2243
5126
3934
7624
1350
9733
3355
1463
9578
6154
7018
9916
6922
1750
8586
706
6033
3326
9505
9870
9502
5221
5461
4036
1341
6714
5283
6993
4956
2066
8298
7202
5623
9832
8686
1458
4739
4860
2075
8898
6783
6194
4856
8920
1660
1995
3107
967
7429
2229
439
9155
3214
9568
2630
8315
19
8352
8399
2125
679
81
514
5102
8704
7272
272
2477
2968
3276
2851
5781
9167
4509
9749
355
6806
246
6126
8855
9588
4344
7721
2180
5123
8065
7078
9511
1112
7414
8459
4015
4345
1605
4202
2132
7776
1269
1819
3149
7496
1580
8737
4090
268
3375
5498
9754
3189
6582
7221
2049
3965
677
4885
8997
3212
2899
4937
3705
9848
411
9586
2529
7890
7949
4602
6588
7107
2916
8332
6796
5759
6639
5702
4353
8821
7288
4594
2360
3313
1925
5143
5172
5038
5154
7013
2298
6063
4864
4223
9204
4905
2200
9435
1352
7136
4311
6177
1524
4968
1376
3091
3155
468
8772
175
3295
342
3204
9926
348
7090
274
8171
4151
6862
5586
4548
5209
3807
8
9812
6271
2376
5896
8651
7494
2339
9387
9102
5543
8654
1825
8307
2086
1192
103
9094
5160
5367
6594
9882
5818
6435
9417
1933
9057
948
9406
9455
107
6054
2209
9846
3993
7035
6276
878
8918
1620
5179
6008
5211
3515
9497
9641
902
4892
9692
8659
6634
8251
4995
7304
2975
4569
6506
2815
8134
66
6549
3165
6820
589
8701
3158
142
7905
932
4328
3392
2474
5757
5877
2116
4554
7207
8591
2347
7709
233
613
4579
2276
376
7081
7127
8255
8048
7876
6538
649
8498
6374
3263
5798
7690
3862
3920
3346
2345
156
7944
4320
2461
7254
8385
9359
7320
6685
3538
5205
6340
4427
5987
378
3115
3196
6487
5269
467
2998
5057
8804
2005
8691
8450
8510
7628
2208
9680
1561
1843
4254
6112
3054
7535
444
3789
560
7464
4176
7754
519
435
9006
4034
8952
2585
1460
148
7832
4810
8461
3290
4217
319
5065
8582
2796
4222
3307
7421
2194
5908
6332
5362
3707
4302
3892
2577
6515
446
3792
2279
9558
4337
1725
9450
4946
1371
7006
7725
647
4505
7838
5503
5324
5724
1615
7413
465
5659
8133
4339
944
425
7256
7803
1053
9755
9556
1468
9538
6856
4338
8912
135
4002
660
9416
3576
1632
8909
5016
7602
3018
9531
582
6006
3452
4278
5647
1729
8698
5695
5011
1200
5436
1109
9438
5290
1537
7403
9734
801
5169
6341
4852
7663
158
2865
3006
518
3766
3712
7558
6240
8806
585
7879
6704
2164
8261
5358
9504
3034
6921
2963
3383
1017
5980
7616
8727
3435
1687
1851
537
5157
2688
4371
795
422
8378
9581
1439
6948
7457
8346
2060
6937
6522
5686
8728
686
4807
3074
9784
9934
9412
9608
1002
8234
5932
2142
1920
5034
1747
8402
2845
2207
4951
8802
2653
676
9605
6097
2913
201
9855
691
2425
2608
1794
8854
8953
7066
5227
3821
6607
4560
2419
657
6956
1180
501
4484
731
2203
1945
1268
4392
3980
8320
8247
4448
6484
8671
5330
9830
3101
6203
2098
3370
7467
1869
2186
3888
4682
7316
1169
3927
1753
9457
3256
3943
7192
1432
6545
1713
6663
624
6235
3090
7180
3783
5609
315
473
7844
328
