9355
3476
2185
5118
700
3224
6038
743
2660
8602
9494
9384
4981
993
3180
8038
961
6065
7134
9991
3185
1361
8390
2665
6484
9333
2840
3081
6421
4058
4338
8558
9500
4444
3479
7751
352
5852
4560
2602
6103
4272
6879
7476
3919
9748
9242
4126
5096
8949
7278
9983
2494
7418
3363
8833
3340
6155
2913
8498
5466
5019
3534
3190
3027
1334
9612
6423
3101
9311
8617
3302
2730
3316
3361
3747
256
1628
2720
4724
1959
5052
4370
7577
8169
5392
2810
8279
2893
8300
2910
8867
6806
3644
5628
7794
6609
1169
5470
1884
5507
5397
8248
8604
2752
5999
7126
2149
359
340
1246
2336
7211
8364
9302
6813
8124
609
757
9097
8703
829
9200
8507
5016
1740
7089
216
2598
7583
9435
2545
7949
8203
644
7147
9841
6921
7446
6234
8682
7377
5512
7364
4594
3021
6391
6383
8093
4245
7347
1179
3548
9944
2482
2116
7128
3713
5613
3420
5382
6576
7862
3735
1138
8580
3978
438
4677
9820
3782
178
4488
806
5650
6191
3282
9749
3809
972
6190
3777
2642
7402
9662
8676
2479
4261
9107
4938
6755
8956
60
5803
6003
7506
3284
7113
7490
6169
2113
1591
5333
9692
9894
7858
2341
7141
1784
5592
1480
5345
3521
3099
1369
8340
8631
4384
324
6630
1300
6981
5816
2502
7283
7486
1906
4054
4900
7458
2554
9429
4590
1009
1726
1428
39
2040
12
6756
8909
8217
6657
975
2373
9768
8900
8163
9755
6635
9915
6448
5931
7269
7863
7102
7488
778
1709
3909
5585
397
9708
9827
7044
3473
433
4140
8175
170
6913
1524
1544
8871
9318
2026
1221
9347
808
8579
7756
3906
3279
5635
3816
613
4984
3424
4883
9886
5930
3051
3162
6013
3860
3225
3648
8657
1037
2350
2819
9177
27
6172
7050
7787
4734
8247
9608
5957
8337
8987
3484
9781
5941
2438
3796
9512
8672
8024
6997
8435
5580
6782
7223
594
9705
1123
3662
6449
6737
1644
5105
1372
189
7773
1966
6102
344
9084
3961
3323
4198
1121
5991
4178
7781
9444
944
160
1002
4235
6773
8718
2354
4114
8240
4218
6335
7547
1751
5605
7767
887
7680
4509
662
9715
1556
6479
1383
5586
4007
4782
3703
4131
8698
3471
5459
1201
7690
767
6966
7136
9731
9960
1132
5612
9775
8851
4615
3526
2637
9490
6326
7365
8008
3956
5285
6133
3671
9420
5293
9723
8786
1310
7202
6914
8731
2226
8452
1079
3718
4127
7628
2024
2014
3911
5398
4356
1557
8378
9566
6389
7407
7732
9555
5081
5234
9941
2605
3536
8849
3173
8997
5678
7515
6468
9837
1715
2132
1161
9947
3973
4929
5329
2626
935
2586
9253
6232
718
295
5442
8250
2868
1502
1669
6107
6247
2098
1599
2614
5786
3393
8744
9679
1939
8944
4004
375
8511
2124
1027
9076
4777
2328
2916
3557
378
7465
6627
9129
1030
4629
9988
135
9397
3985
8119
1744
227
6919
5309
2415
8147
557
1937
6607
9283
1279
3138
9663
842
5813
6210
3806
6501
1223
5379
9687
35
5046
5675
4297
7620
870
4586
1773
1092
3861
2128
1522
996
7380
7782
1197
1064
7367
8069
7006
6394
7369
6960
8778
3397
8893
2461
1043
5716
9810
4359
5317
6764
7534
2347
533
8274
5783
8681
495
4768
558
7349
9531
3229
1872
9445
3115
602
5888
730
7601
2274
6477
8388
4371
7759
9540
3131
8383
22
4436
2395
5765
1153
6511
5842
6340
9496
3877
9560
4435
2550
924
5390
5029
6695
1489
3288
320
9515
546
81
3299
6689
9487
8612
4391
7655
2214
5297
6336
5208
6008
8335
3680
7735
6807
8642
4633
4294
7403
2667
4147
128
8813
6685
4410
9013
2514
2387
4427
7693
3194
8162
1451
3498
5536
2747
8668
3155
4502
4012
8397
4982
5728
1076
3794
3063
2314
1338
3717
9598
5652
6518
9664
5972
2197
5537
542
242
1559
9545
7922
1958
5760
5989
4876
1843
3384
4620
4666
5165
3338
7682
2122
5802
3847
8270
3018
4924
2248
9556
1056
4450
1533
3249
6466
4238
5611
63
933
4087
8475
2883
9940
6768
3216
809
9740
9967
3679
8810
57
3330
7271
1278
82
2774
9224
6074
2908
7473
9357
4312
857
9017
9307
2889
2684
4667
1534
387
1411
1423
4893
3817
2906
2743
5174
7832
4288
2302
119
1975
4927
2719
1116
7448
6804
9077
3096
1653
5051
115
2454
8870
224
5796
131
4634
3949
4165
9602
5971
530
8422
3550
2580
2261
5689
8568
2162
3402
863
8939
4847
9978
7323
2309
4445
8089
5814
8524
9683
907
1393
1429
2544
3165
9965
1682
9587
3168
4912
382
3918
8086
3230
8776
8139
5809
3952
6063
9044
2337
3048
817
4824
9459
1441
3917
489
8244
618
9074
7002
184
8085
5641
6864
1512
2500
8797
3295
1657
2321
6341
7070
305
2789
4196
2538
2032
2212
6604
5505
2702
5969
8404
4793
5100
5548
2152
3029
4582
2503
8808
4575
1151
683
158
4207
3754
1192
2987
5651
6587
4762
8141
9450
8065
6573
3884
2758
7149
1530
3689
3709
9934
1220
8334
4040
7880
5246
779
9823
6288
8559
1816
6796
6033
6916
9982
7611
6259
2710
6720
2562
9828
6424
6295
9197
8774
5919
6357
5461
5445
879
1670
7891
1858
8391
8715
7511
1479
722
5434
1208
4076
2228
6148
8057
8109
7546
2386
6136
4256
8258
5468
5055
987
8637
7731
9584
9614
7063
9787
3892
9296
1025
9113
2330
8135
2725
6964
7975
2390
3134
210
3346
679
2378
5556
967
7306
6605
5953
7182
4581
5928
9346
4490
9094
6877
8512
3451
7277
1811
6167
8137
7423
5378
3673
3854
6088
7518
3591
7604
2999
1476
8437
3620
9225
1558
2543
7259
2003
4273
4199
2477
5022
3211
670
6062
8624
7381
785
2079
9358
2641
4243
5173
8044
267
7716
2714
9166
1971
5008
6187
8392
1371
9767
8649
8961
6858
4712
705
9643
6220
534
6490
2008
8351
4543
7016
3799
4376
9467
4208
5163
8972
3433
9068
8709
3039
7622
2316
2989
9123
9536
3421
8194
4823
2273
3750
6196
3113
1350
9168
9388
202
5646
1409
3618
8720
8492
2575
4017
3905
3447
8837
4424
259
5199
1133
9480
5591
2351
8834
1313
1286
7205
7979
9887
2536
5465
7576
2284
8319
588
5570
7733
9639
8647
1852
9932
7111
4784
6109
365
5127
545
1610
7375
7923
4191
9156
8425
5638
8852
8689
5254
6294
6694
7817
3846
2956
1485
8573
7887
9815
86
9517
2148
6406
9291
5643
8074
235
1282
9241
5159
2327
9391
6659
8836
1155
2139
9730
214
3762
1565
8224
6320
2631
9403
7565
2474
1128
8906
6582
2419
9599
6601
389
6238
954
1432
8521
9847
6240
2899
9369
1765
1034
5827
8652
5028
6987
9362
3519
5766
308
5265
3741
3459
470
946
4729
3114
7018
331
24
1770
6084
9051
8005
9037
2430
3030
6321
6255
7753
1171
1219
9721
4892
2100
746
4010
6060
9844
1954
7805
3629
1438
2264
1934
6050
7150
627
9007
3125
6358
3463
8585
2832
4134
2229
2171
1035
9125
3690
6923
9961
710
4658
1022
7475
6123
1082
9235
1713
1948
434
1433
9172
9270
5217
3283
2371
6942
5609
8584
1309
3654
302
6759
6386
742
7054
8023
8255
1511
9005
4498
2647
2627
5767
143
7820
192
8775
420
2019
7754
8958
3930
9674
5274
4621
294
4197
8030
8599
8620
5942
2190
3683
9498
117
8835
7555
6371
4099
3965
4928
2759
5698
3714
8571
343
7638
6771
1150
4836
739
9600
735
958
2777
2773
9617
3831
3702
6794
8457
6023
9910
5720
6991
6318
6469
4844
2286
1472
9488
1961
4210
2245
8012
2134
9049
7537
3253
6093
5359
4627
6218
1835
9579
3869
4189
3660
6030
9557
8046
8593
7678
7606
7310
8918
42
2587
3488
3246
426
317
5823
1
9863
1601
9588
1016
6898
6413
1290
3601
4070
481
3219
1245
9484
2535
142
4188
9711
5676
1391
5950
7695
9795
6628
7450
6983
2199
5206
6700
3686
7118
2319
6117
5191
3625
3381
4577
7798
5386
8659
4166
4226
221
8307
3139
3871
8327
9060
5661
2911
3382
2709
5198
1026
9028
6611
4115
301
6844
3834
5630
5310
8755
5775
6500
7031
8091
3040
7065
6085
5908
6064
7088
5413
3054
6831
8706
185
4081
7033
7357
1783
2324
5231
6223
897
9001
1555
1301
4232
9656
3700
9989
8952
4694
5598
691
5521
941
6202
2460
6591
9080
9530
7814
7879
871
2187
617
799
8164
1953
1237
7219
6265
1190
7366
5726
7213
789
956
6496
2866
4497
6910
9290
3589
1736
4526
9133
4447
5973
7260
2994
522
2925
7744
8487
3203
2830
5298
1228
7883
8446
99
6624
7404
4442
5060
7837
385
4130
1856
6872
1888
5083
2412
9624
3448
2813
3912
8433
3198
8294
4723
4800
1100
4304
4878
9310
5226
5253
5932
856
7159
9953
1624
7664
8503
7719
1437
7005
8902
2613
3774
707
6260
9006
2276
5866
7165
1755
8590
3406
5291
5587
544
9440
7646
213
136
8855
8917
2557
8129
2036
173
7216
5499
4222
3631
9062
7012
8761
2472
428
7363
8356
2736
4022
6494
5039
5057
1874
2448
8777
217
9209
3441
3907
8611
825
4327
8615
5150
7961
6442
5603
6855
2693
3057
4730
2068
7028
7355
6416
906
4940
9395
3050
8910
3736
692
9843
8941
6612
4608
4462
6026
6534
1548
9535
2958
2099
8745
8966
601
7681
5484
9507
9541
2191
3320
9601
3080
6571
4083
3704
8916
3850
1780
9888
7085
6393
6852
1824
5350
4550
1381
2033
3635
6052
6029
5653
8070
3791
6
7480
3751
2129
360
5109
5290
394
9710
2939
2905
9313
7272
30
9742
605
7976
1272
319
8121
9923
2953
286
5376
1471
1993
410
2193
7869
7566
2256
4035
981
1978
3234
4013
5890
4794
4175
3365
9860
3895
2104
3642
6007
6401
9434
6701
9430
6907
1761
4911
3848
1440
4397
9724
6495
844
8650
8188
7997
200
1719
8333
7917
3734
7077
2433
2340
1152
6245
7905
2451
8597
9190
7956
6112
8534
1890
9102
6135
361
2483
6489
5836
7775
9645
106
9769
8108
6810
7765
8199
1532
3135
5522
5001
4751
1188
6289
741
2042
401
7244
636
1733
5408
4700
1680
8348
1977
9684
4250
7007
5704
4889
4330
9411
9465
1664
7788
6280
6884
4280
3053
8358
1508
4145
7861
7925
6087
9549
5708
934
2298
3119
8190
4738
8880
7607
908
4631
2858
8477
3837
1377
8638
3568
5183
3412
1503
7284
7889
2757
2117
2018
7941
2850
2977
181
3706
9099
654
7144
2571
8352
5123
9219
6128
8759
9157
5700
8100
7968
36
5259
4138
9249
3277
8166
3002
2993
2172
2464
5119
8078
5007
9297
3577
9981
6550
3240
2787
4501
1859
1902
5336
9660
2497
8179
3887
8013
5897
4322
1998
2050
5207
9408
16
499
6246
6538
9135
460
561
4278
6724
5980
8138
1067
3759
180
1436
3178
7004
9506
5970
7538
3922
8004
3564
8713
5313
2293
6046
3982
9251
2834
3241
1021
7066
5732
8931
6180
753
5664
6478
6735
5955
8879
5178
7239
3258
9454
5616
7112
3012
953
6710
750
5393
144
5416
7217
7436
5744
8788
6522
2393
512
2409
6629
9903
9884
3383
2074
46
485
9605
1695
1674
3543
905
9153
2247
5960
932
8037
7615
5421
381
2105
70
1366
2220
6436
8671
9833
4112
2525
4291
663
8165
9658
1174
7372
1781
1982
447
3888
1639
8314
6994
8286
1566
1589
4336
7902
6967
8697
7768
4919
3658
496
3404
8026
7919
6640
9838
4411
8110
6192
9165
3838
4464
854
6499
6699
4783
6968
5161
4993
6070
2762
8877
1010
9173
91
8443
7841
4270
3522
1148
6067
424
9771
8656
8284
6670
3655
4237
3045
1504
2755
5121
4279
5441
8973
7199
6338
2895
4760
76
9975
7516
3307
3305
9145
9594
5533
1083
282
5023
3480
6481
4396
2672
7329
6349
7835
4757
638
1204
648
1863
5833
4096
1273
5822
8913
9538
7804
129
5682
8105
6379
5542
7337
1468
2635
9375
3
1634
7273
2270
1911
6344
1227
2058
5227
5204
830
4024
5979
7592
5187
525
2077
9933
8680
4842
5307
1001
1202
7316
9272
6168
5758
7670
1003
7322
2960
537
7876
6372
1329
2661
2332
9959
5318
1281
2638
4954
9976
8555
3103
3866
1488
9150
9202
9220
1909
6870
2988
3571
4084
7779
8929
8714
7912
4247
796
5171
1495
4255
3712
6912
7056
9406
5079
9891
4669
429
1964
5321
1848
3969
9917
4804
8289
1365
773
771
3342
9790
2622
3072
6681
37
8277
2792
2805
19
8281
7037
9565
4352
3920
4423
4869
1820
1115
7036
362
7208
7313
8901
3289
7389
4332
1849
7580
3465
1630
2232
4426
2898
8998
48
4693
598
5706
9104
2600
6638
7334
5372
7674
8064
7669
6653
5958
2499
5251
1801
5354
9170
760
8161
3790
4881
2087
7228
188
3438
4521
805
3730
5582
275
3863
9677
2478
8514
3511
9760
4482
9292
2657
1550
2413
6248
3280
6314
5625
7299
321
8890
6181
571
5741
7354
4934
5311
2140
7806
6955
716
6707
8140
4258
4707
1442
5409
827
2424
7220
2376
4597
6242
2841
6703
2292
3461
951
4623
3845
8980
3641
9191
7399
4077
4971
7836
6137
2086
4531
5709
3191
5811
6798
3189
1850
837
7528
3900
6779
4950
500
8238
6311
9830
43
4036
1196
3600
3126
3495
6019
1587
8010
4039
4111
7642
7083
929
3681
8483
4651
3732
6583
7390
3803
8582
9036
7025
1492
1382
2591
1435
1089
8052
4311
2083
9525
2698
1728
9364
6928
9216
2706
2427
2145
4514
2569
5342
4660
9468
1992
8361
6165
1326
8894
814
872
1606
7194
6722
7940
7581
6485
7962
2480
693
5525
2217
2006
2754
7851
1525
9492
690
6309
7536
4296
5517
9275
1790
9562
1802
5794
4546
8691
591
6652
3903
9635
585
7602
4579
8581
3893
8061
329
5094
8454
734
1172
67
9987
3254
5088
1164
7251
1107
4372
2519
7918
3746
7231
3634
810
1505
4890
9443
7987
3186
7595
1199
9414
4771
6520
7344
9424
8635
1195
9503
674
369
5362
9180
9325
1028
1295
8045
3516
2189
3587
7926
9516
1838
3613
6909
2051
5565
8152
4752
8349
3921
2559
6943
4469
8220
1186
3570
3060
5683
4780
3028
7951
2686
1857
2874
1182
8768
1626
4309
6745
8313
9799
5144
8282
9914
5633
6574
9655
5746
2967
2969
7189
1142
9092
8765
5863
2159
5961
6545
6330
4104
7080
4519
4363
5395
5848
6041
6002
398
9205
5674
7973
3807
1901
9866
9306
4072
1134
7032
1842
5283
2691
2442
8513
2610
7945
7944
5010
1356
3573
5315
3974
3611
2897
4559
6766
5261
1012
9667
8589
4832
1181
8712
1621
1817
7058
3222
9590
5430
1345
931
6976
4360
9327
4574
3067
9316
4675
3520
639
1358
6868
1819
8826
5600
7294
8102
6418
3535
5296
7503
4169
2081
8935
5471
4073
9004
4342
3315
966
4344
2278
7356
8466
3011
9942
4267
3608
285
9345
6450
862
2135
1593
5501
9954
7784
6697
7156
1144
1077
9186
9383
3599
3321
5320
5849
8674
1470
1255
5212
7738
6746
474
9733
9052
8567
1841
5918
8662
463
3449
2170
3489
8983
910
8626
4069
8827
3524
3579
6292
7287
6476
7041
5690
1049
5631
2618
9436
503
8216
3152
9893
4014
8535
8783
3395
5617
4811
4750
7897
6164
2517
2995
6546
2481
1825
7550
6498
8641
6212
5419
651
4630
1395
4432
7246
5841
7171
3497
2056
9672
3698
1453
1921
7328
9918
6999
8084
6577
9175
8227
5429
5713
2133
8928
8095
439
1538
9300
1103
5724
5072
3630
5021
6729
8937
4955
7722
2059
3656
2233
13
8930
6993
2885
4541
3726
816
2749
2147
9266
9373
7091
6621
6327
9972
8670
8693
8367
964
4217
866
442
1895
7689
6385
1561
2075
2518
5457
1235
9098
8619
728
4045
8288
2475
4573
7336
1370
1594
9218
7706
4177
6528
2028
5115
7621
7575
4379
8792
2375
7720
5128
510
1075
6066
1320
5936
5974
1928
1055
9143
7541
8278
75
8211
8298
293
2767
9726
2069
6430
1390
1896
2585
6846
9543
3724
5256
334
5797
252
5634
3992
3578
2968
4616
4395
5490
9213
2769
7535
8104
6706
1283
3994
9034
7055
8453
7831
1306
7242
7140
154
8739
7071
2799
3793
2206
3035
3823
8416
9922
7908
3729
9518
2035
2971
9269
8847
4996
1175
646
2788
6215
6686
9040
5695
7714
4855
9647
8264
4613
1658
9597
1683
5711
33
287
7676
1060
3598
6977
1637
3886
6648
7319
8471
3972
8967
1247
8636
3311
3835
7563
1452
5130
6001
3864
7302
1976
255
3694
2080
6845
2459
5905
6053
5597
6551
7766
633
1918
6459
194
3368
7867
3544
2072
901
885
7564
3385
5327
5990
6777
2234
5780
6079
5629
8882
8101
9928
2506
5179
8863
1521
4132
4507
4300
9513
9328
5002
3432
6056
8610
4685
165
6040
8632
5337
2200
5228
5898
574
6407
376
4995
9654
6539
2763
5113
3038
313
3576
1384
8957
6958
9043
23
2121
5701
4088
6633
201
3958
3901
3477
4997
846
8060
2879
9725
5913
6562
9792
9808
9210
6890
6767
9892
7910
9773
6775
8322
2280
2301
4496
7430
989
289
2829
1576
9909
8606
4285
5606
3469
5981
2299
50
5210
7813
8470
3948
8481
3783
4419
5181
3858
4899
6381
2677
2804
8442
6147
8570
8605
2260
6560
2576
768
6552
7964
2845
4333
6978
7952
9589
4139
1450
8451
9509
2683
7631
8881
5189
5884
8955
4563
3501
6306
1640
6398
7451
1725
5152
9295
8723
925
3483
1904
8122
2794
5826
4151
1157
8633
9261
9071
4585
1608
7749
5483
2848
3819
5865
9120
9714
5308
9871
7386
9814
400
9178
7340
4174
7578
6235
124
8342
8856
4788
92
2265
9065
5627
1588
9986
8173
9586
8218
5805
6094
2523
5747
3013
4340
4421
5662
3865
8629
2633
6377
7774
3583
629
8762
396
3953
273
6672
6917
9469
6567
5680
7737
4393
1597
4558
3239
6733
7986
4331
98
4704
5203
3319
2211
2682
7508
4252
4061
3464
4746
3252
9936
2397
5853
6351
8254
8932
83
1139
731
4943
995
7625
5762
3182
4051
8272
8575
7265
1551
1268
1259
9937
2770
9616
7169
7694
8747
1875
645
6214
1970
7433
2931
1166
3221
5095
4194
4524
1673
4364
118
8779
1581
877
7345
3596
783
8323
2903
5003
2255
7761
673
5753
6995
326
3341
6557
5257
8824
6723
3255
2339
2579
7972
6434
4065
6036
3770
604
4023
9449
7296
7661
8936
2057
6732
1619
1569
9394
2744
4164
784
1769
2549
4041
997
9744
1217
9217
6973
3267
5885
2507
7186
7494
9801
6083
947
2169
8496
7392
3509
486
7842
4825
3121
6918
1647
8805
2215
4479
5715
6853
1831
535
8846
1354
4079
2685
3353
4843
6130
1526
2629
5451
3765
6284
5642
354
4737
9653
6096
1776
7045
2871
3798
5500
5462
4133
5528
8525
148
6362
1165
3455
1291
5906
6936
9030
2567
1829
1560
6705
4692
603
7809
62
3334
1284
1743
7827
794
7061
7424
4409
7980
1620
4303
6051
132
1870
140
3154
5903
2510
1516
2578
6818
9248
7848
3286
2851
8516
2634
4958
4265
9048
1373
6069
8828
395
711
7371
244
1756
2658
7990
2616
4930
1615
9031
5005
6791
1073
596
1193
251
5594
2828
1935
8006
2467
7222
4135
7301
1454
9163
7241
2556
2426
5825
89
6519
6811
6963
1960
9181
3242
6903
687
7950
6355
4159
4747
2951
8414
2944
1239
8924
5116
2383
6427
3933
3722
6750
111
3719
2783
5280
4774
5294
2466
6249
6954
8742
6141
9188
9797
190
6944
169
4544
5745
5837
8974
4472
6312
7700
4097
1981
4697
6947
3481
7748
8504
3853
1339
8842
219
7648
6217
9876
234
8032
3212
113
9930
5583
5891
3870
8486
4542
373
4749
1050
7221
5093
7992
4713
5328
1006
5667
2739
9772
1244
4803
3744
7168
1779
4318
7398
4988
5584
417
4078
1426
3984
2179
3355
1086
6099
969
9009
2711
1117
2263
3758
1232
8598
5795
3439
7395
1897
1994
6548
5738
5722
3915
1646
4263
1792
6863
2420
3136
7531
204
5781
179
41
7888
4655
2676
3235
7225
5407
6346
9294
2606
6603
3553
3350
3970
7374
8771
695
511
4649
1951
4636
1506
9993
3902
902
6465
9025
7545
4786
8758
9458
4945
5086
4989
3857
2052
7591
8204
6835
149
8115
3804
999
5820
6816
7747
5772
7605
4454
6350
4441
8982
5192
1518
2180
296
7001
9222
1236
3456
7514
7770
4960
1113
409
1887
5756
4503
5940
8234
8014
9880
3962
406
2764
7478
2000
6049
3513
3372
7008
1916
4921
3977
6931
2443
7370
2713
7904
900
3333
3998
9381
6126
233
7010
1118
6460
6896
8412
8553
6717
7874
6307
5984
3716
8155
264
1871
6802
2741
7024
3470
4262
2565
5938
7275
4173
1229
4499
8905
3753
108
1690
592
3493
6708
6975
2047
1537
7479
7954
6819
7845
7639
6938
8497
2894
8669
5031
9423
1145
7726
527
6045
2884
8999
9642
356
5869
2537
2295
788
3959
7289
668
9547
1368
7711
9889
6089
9501
2962
6838
1231
7195
7966
9151
7431
2155
5316
6823
2007
6396
7483
2873
3492
2970
8128
2141
2259
7264
8495
9240
3326
8231
2721
5670
3143
2157
4307
2291
3779
7903
231
1814
1136
8410
9770
4495
9433
1478
8818
2833
3389
4756
3352
9786
9479
4632
1455
8563
5432
4652
4345
3500
4791
6175
3533
7099
7026
2398
9680
6839
9226
2296
9994
1833
4289
7797
9738
4857
3233
4802
5420
80
1711
6521
9649
9078
5186
59
7598
5225
8456
4328
4665
1484
8815
3987
5220
5295
7452
8094
6483
4547
9690
1062
2254
5673
7914
3270
4301
552
2963
1845
7098
5305
8562
9474
4368
2724
5043
5384
2539
392
6513
9095
2583
9432
2439
8324
3339
1799
8816
6618
1575
847
666
8954
2976
4974
3676
8419
5644
5917
336
4319
3567
8209
4150
6727
6915
4205
5146
1353
7011
7303
3437
5730
7734
2619
4966
8460
6343
8331
322
9155
4008
4483
7965
9604
1474
2945
4353
2115
1321
8565
7132
3517
430
3337
7267
1718
2363
5776
1337
2002
8798
8222
414
6565
9709
8099
2926
976
2034
930
8265
1054
5527
985
2528
7038
4452
2846
8233
888
6323
9447
2411
5874
2092
4759
4408
1672
7629
4733
9990
9041
8158
1654
9576
5438
2553
744
1665
4034
5899
756
126
7417
2797
6774
9160
1427
918
5575
8400
3859
7258
9854
1747
8321
8366
8594
1545
9702
8226
10
2095
327
1987
4739
7309
3159
4909
9246
9571
8263
3678
5798
4171
4873
7442
4959
2957
1344
4437
3329
3951
649
626
3940
6216
4801
7807
5
7274
2644
9821
1642
4688
1789
640
9389
9596
2859
8537
5331
2521
593
2218
6475
4933
9486
5596
5602
7408
9214
7351
6505
1805
7437
8267
826
3674
9862
6347
1198
2593
4639
7057
5511
2701
454
2640
9638
3771
38
5289
3786
7574
8197
9278
9618
6880
6564
839
1287
5423
5103
5245
9609
7438
5194
8075
1568
4053
9288
6151
2998
9885
8309
7146
6985
7795
4603
9140
7463
848
7982
1401
6054
2136
2447
9895
5846
3931
2178
3008
7324
876
7218
4037
9
6078
3144
4094
7803
8374
3262
3784
6258
5954
5026
9070
7069
2679
8912
7613
8201
1724
5589
4887
2855
8439
7090
874
4493
8090
5415
1343
1444
3821
914
3110
2490
1990
697
5921
835
2816
1688
2975
5401
1652
5494
9855
5553
7635
5952
8520
2005
292
5301
6980
7584
8303
4015
5896
6684
9803
3537
9651
3802
567
1486
3410
9706
2279
51
8480
7133
172
7656
5851
8719
3127
4810
9966
747
2242
2529
8820
3336
6581
9865
4949
7920
9574
6032
6726
2589
5620
7502
5660
5312
3386
2694
6254
9064
8116
1753
811
6643
7499
952
1613
2102
9606
9119
4215
5278
9920
6736
1986
7379
4983
4357
2671
8225
7308
9697
8474
5154
8564
9640
6199
2596
7489
5877
5281
1590
4032
8411
9431
6105
5349
2793
1011
7650
4465
9818
4515
4708
752
3745
3593
3440
6161
6453
4827
3294
2863
9572
2062
9073
3167
2473
2335
332
3650
3666
4460
960
1795
3805
5717
6304
936
4172
7989
1294
5418
7298
5422
9784
8690
2307
9824
3575
1119
4508
7860
5893
5404
6763
4635
927
669
2648
2666
4875
1609
675
7342
6533
841
4657
2612
4570
957
1832
9002
8677
3032
4833
6405
6780
4863
4765
8172
3610
69
8840
3617
9473
306
7653
1648
5009
1830
7509
9747
6654
2313
3263
5410
6205
7551
4859
2771
5271
5455
137
9376
6048
4726
9046
9652
248
9286
7691
6352
5929
2202
786
1572
4459
6488
7627
5545
4557
5702
7145
8394
689
6776
3291
3814
1880
3184
4789
5476
8076
8499
7723
1218
3594
6719
528
2126
3502
1865
7556
3428
6162
9528
4043
3556
4373
3878
748
3269
7705
3541
7330
3981
4068
6233
7444
6471
6183
9522
102
5047
1443
6282
7229
6071
5506
8552
4064
4540
5241
1774
2399
6364
196
9739
8206
7393
7665
1573
4428
4466
3957
1020
2368
9282
4485
1618
8083
2831
4879
6410
4659
3078
318
492
6671
2617
4990
7899
1189
5024
272
1129
564
8154
2277
9026
6875
5193
5966
3150
6861
7461
303
7103
751
3889
7885
7983
3820
2235
4744
6020
7
2453
1099
4518
1143
3572
8418
7210
8921
4583
8977
5080
1721
3757
2822
8428
9836
9644
5474
5102
4354
6906
7729
2449
8054
4405
1853
7257
9096
1137
6243
8896
2435
6412
8933
6237
284
7457
5394
5881
4253
4994
998
8576
5871
9056
5610
9752
349
5011
3932
411
8178
9553
8363
5688
5120
7636
2778
4703
2570
1529
6403
2401
4108
473
7844
3298
4830
8841
6646
1333
2431
1889
5516
7780
3685
9118
9081
1078
3937
824
9859
3665
3077
1465
6296
3357
5249
4343
878
4438
4817
8843
8951
6623
6988
6229
9603
7318
4641
7453
7314
8749
9336
8692
9809
1068
4619
6665
9426
3331
3615
4754
554
2230
3561
8463
8040
8212
980
3247
2912
5759
1359
3841
4399
1222
3005
1549
8544
3376
9793
5182
5169
5431
1399
337
6570
8198
6599
8232
8259
621
1007
8021
8728
5604
819
502
6301
5656
6206
5857
243
6098
3093
1331
9995
2418
4763
5994
8829
4554
8048
1420
6679
5590
4264
3209
889
8359
8934
7510
9551
1039
4798
1042
8746
6014
2078
8041
2090
7663
5467
8609
8
1114
7974
1389
6160
1737
5032
7673
1940
3883
3204
1612
4025
2986
5335
5645
6883
7994
1604
2825
9176
5956
9699
2452
4095
8058
5761
1578
4212
9762
813
7179
5142
6290
6989
3414
1746
2485
1722
7764
3370
5034
1130
8306
9359
8438
2653
4728
123
6157
2689
7816
4473
9121
2108
9321
3223
408
2597
122
8822
6945
531
2735
3200
9331
9108
821
775
943
5935
5363
197
5209
9184
5180
4656
8753
6298
7230
440
4606
3369
9029
2847
7320
1140
9520
8791
249
6263
2392
7815
6021
4850
2209
5221
1929
1886
1177
9719
1191
1362
6721
112
7035
8370
9019
7524
2325
7504
3993
6156
9335
2158
2403
2808
3979
4415
240
7542
425
3602
3924
4727
9361
3111
7495
8022
3740
1162
7076
9260
977
7549
4609
580
8112
6200
9495
3728
6414
9152
7672
6270
2010
3430
7852
4701
4702
501
5369
3672
278
2176
283
614
855
2160
8545
2012
5839
9780
5607
1539
4362
4829
5861
7553
3344
4266
521
7282
1806
9471
5876
8897
6144
5529
8444
7092
6388
2930
6952
1677
9132
7311
9957
815
6569
4123
9268
7659
7238
9332
5818
208
9457
9831
5862
4066
3373
5054
1497
5707
7474
5855
3755
3141
3555
3201
4992
8804
1122
6568
7561
4063
6929
8648
3565
8183
5870
6920
1224
4047
3486
475
2768
3017
4663
1298
9324
5264
3894
4141
3059
5987
9326
8578
576
5647
8241
3829
1826
3914
793
6894
8780
894
3478
6675
2811
3348
4846
2262
8844
5223
5033
6454
5343
7127
4604
5302
8968
7469
6397
8430
3818
8301
6830
8509
4453
2110
1950
3208
8379
3731
5779
3436
9750
2555
3929
4244
9729
5778
2531
6140
4477
7176
7166
3409
4779
8566
9109
2240
8948
1791
1493
2269
9086
2227
391
1662
5692
8653
6908
191
65
1213
9766
4852
8249
1065
422
4251
6188
4124
2772
8406
8800
9569
7295
2700
1215
6313
7183
1147
661
7901
725
1777
6508
9753
5485
5567
1033
5082
3651
8627
8441
7253
7696
4898
3971
9032
5236
5276
4553
3508
8601
5202
6937
4467
7741
5513
2174
1666
9633
229
32
1252
1974
1919
8984
1200
7823
1931
6517
7573
5444
1258
6690
1943
4337
8458
2429
2670
5882
600
9407
4902
2304
8651
7594
8752
161
8120
2356
7224
6698
7321
2369
9045
8699
6770
7543
6108
7612
5727
3123
4416
3849
315
4400
7626
96
9712
8666
6316
9720
1460
622
3604
2492
8922
8887
5304
9581
8235
3434
516
2854
4505
5850
1109
8315
5924
8055
740
374
3193
7666
1864
4228
9162
3349
1101
1105
9973
8242
171
820
4812
7785
5424
9339
612
6514
6874
1127
4951
2414
6012
7699
4807
6849
5539
3422
7317
9788
2928
3192
9059
9979
9106
5729
2389
5543
4991
8979
2118
5066
4948
6095
8716
3528
562
4044
2266
9088
715
6970
9925
4241
1949
2388
5160
5864
4277
723
4545
2268
1305
7359
9122
9410
270
6101
2803
8393
3206
3399
133
9524
5387
4306
2416
8223
5867
8675
1335
341
1965
4715
5560
3116
8382
6082
6221
9154
9926
4286
4618
5469
5277
6354
9470
5288
7522
2377
5218
9185
7247
7139
1815
7108
4
4682
8721
7142
3120
8275
9577
4434
209
1230
5503
2238
1800
6969
6805
2290
2326
1315
2625
9939
7931
9591
7256
547
9881
6716
8177
1414
4404
5671
6000
5523
8113
8461
9867
9858
3132
2980
9534
2508
8293
2306
6378
5219
3546
9148
8320
6905
4962
5997
5453
5268
840
4030
314
729
3073
2843
3306
9398
1095
4257
898
3364
6334
8770
3855
1319
6663
1908
7151
8330
5427
8345
1540
1184
384
4192
4778
8730
206
4753
1732
1788
5806
3245
3049
3832
4221
1567
7094
5785
3043
4745
4162
7668
657
7821
3908
7170
1261
2
6231
2935
8583
9131
9704
5232
94
6588
7445
8299
5334
6184
5985
6742
6043
9570
1995
7003
1796
4834
9212
962
4725
9400
3257
3539
8794
3325
4229
7796
207
2360
7683
2082
9271
6400
4219
4826
9502
1585
1932
782
4868
797
2784
8950
2015
4814
7358
4028
4645
3297
2030
3637
7647
4767
4048
6616
3874
7125
6525
9183
9912
7572
5684
4646
4661
2782
3785
5030
7585
6269
2023
147
6789
9303
6820
712
5239
903
5299
8092
5176
543
513
5790
4206
7120
2462
8976
6163
176
7924
3037
4772
4806
5229
1036
9478
421
6740
4571
2853
9819
517
3068
8381
688
7712
896
518
3963
9015
3968
1248
1907
7895
3086
5752
3540
5770
2965
6862
526
3551
2323
912
2860
882
9228
7394
2436
4233
3324
1979
263
868
7255
9904
1293
5365
6493
5619
8280
6834
1827
4622
3549
5339
2875
1473
4182
5059
4871
1515
150
5215
5731
8613
3590
4916
3226
5748
218
1542
9741
156
8539
3701
2984
6208
2146
3941
9061
1057
9392
168
4146
9385
6876
8149
2609
5025
5414
5124
5571
8807
2011
6677
2639
4455
7685
4976
2601
9054
8417
6563
3066
4696
121
2652
923
4176
597
2488
1483
8655
5828
6950
3074
9688
2887
4042
7081
2920
6230
7391
2979
8907
1357
5993
4741
79
5749
469
3403
3273
9416
2882
6022
4602
6027
1052
8943
560
6004
3693
6586
2084
6257
9247
1636
5854
9695
5195
6337
4773
9386
1464
9761
795
5755
6402
5375
1898
7315
120
2715
4100
427
3231
9483
7198
8310
7875
1570
444
3899
3426
8510
4813
802
3083
7933
1160
9890
3084
541
1462
6384
7485
6176
9265
6702
1178
9493
7866
4461
6850
4011
1946
68
1554
4422
459
1088
3773
7454
1463
1699
6451
7517
7341
6241
8920
6783
5819
4315
4864
130
3292
5944
3317
8311
2950
5782
2558
4204
823
2177
5986
6131
5915
3001
7763
4293
4841
1616
4185
6244
7107
7109
7812
780
7338
7958
8832
9878
9195
4644
5515
8892
5895
7292
1810
345
1288
1903
1207
2738
9985
1047
1855
3312
9698
7868
9971
77
4367
2396
7051
5868
3377
6142
9293
3009
9243
3259
9342
2465
3272
8208
2870
8053
8883
299
2656
7410
2664
3499
484
9848
7406
5216
3518
9593
5947
5920
4520
3171
6927
6510
4413
405
3503
6201
5381
6885
139
6837
1668
6891
7268
7428
5006
5703
5787
928
2929
6179
8701
44
7623
1074
7172
4748
2156
2867
4046
1322
8011
6704
4865
5213
2577
3343
5996
371
167
8687
8784
9164
3031
1487
7427
4684
681
5092
2932
4056
4923
2823
577
7325
2790
6333
6486
4758
8184
4896
2890
945
763
3768
6452
568
4662
8911
6435
7188
1952
8785
8336
7568
2690
8502
3633
5367
5978
72
9069
955
1342
88
6236
1418
3454
8332
5205
5067
3400
164
6900
9946
2573
6971
1458
9559
6227
8338
781
4862
195
2712
9964
2936
7468
330
8344
8859
8773
9800
5396
5425
4102
7304
6152
719
1170
7046
1154
9057
6297
7388
7093
2630
2112
9927
9671
9621
3446
431
1481
4275
5992
4555
435
3825
8724
3592
8661
3776
6658
2707
4086
8769
1205
2533
4527
3491
5042
4027
9323
5649
8131
4406
1741
5900
4985
2509
1491
6375
1412
2207
4578
9279
8160
5040
4193
7425
1424
3527
9018
7067
1645
2780
2138
5892
9267
8554
6680
8528
4018
9085
8618
1847
4640
1510
2740
1607
5843
974
4448
2038
1254
2487
4717
1969
6328
4382
3891
4711
1098
4975
5636
1431
2198
3684
978
2668
461
3260
1893
4678
8614
1605
7830
2745
174
7110
7829
5018
5411
7214
6059
968
5015
9700
1413
7097
2239
2961
4967
9211
8473
3296
7686
717
7977
4430
1803
3345
7967
4184
5743
9255
4795
4874
765
2224
6425
8107
8643
5740
4821
8003
6990
4118
5659
9850
8159
774
212
790
58
9456
4290
4914
8271
563
5812
1600
436
7137
4775
6209
3983
2705
6696
3271
8522
6266
8221
3090
7154
770
2688
4142
4565
2974
8550
5140
8754
419
5800
3999
3739
333
3691
7911
9554
2422
9856
9237
6356
1837
1467
1997
3975
8995
6268
1731
4431
5623
7331
5070
1297
7184
4956
3748
6930
6250
2434
7701
9785
6617
6491
5267
4901
9763
8462
6536
3614
9035
6668
4714
7824
4523
5714
9782
4155
8325
6353
7651
1066
109
3742
3649
7971
5568
4512
4418
8899
852
4339
4381
3435
8469
141
7339
1692
9839
9147
7740
3976
7839
9675
3238
9365
9368
5665
1477
338
5799
7778
2901
965
1325
5510
8071
4103
4489
1112
1496
2812
1084
6851
3264
2949
8960
5463
2765
6547
7571
6509
2271
6739
698
4562
7998
7840
1514
883
1111
2216
6432
5951
3696
3619
6644
506
5117
6113
3752
3308
1059
114
2918
726
3085
4680
8803
479
9341
9238
1498
3581
5353
9139
6291
4513
3423
6515
2624
3218
3287
4820
5049
3529
2312
8062
7793
836
2611
413
9630
6986
9083
2786
6150
1611
5243
3181
5056
7161
8117
3659
3215
2161
5492
9438
8133
8532
7984
6264
6324
2708
1410
3525
127
834
3986
8825
686
5158
490
9694
2195
4907
2186
1257
4388
5601
7859
3174
9229
8664
1336
2527
2225
4664
1024
8729
1910
5572
4781
9834
9548
6543
5949
3943
363
3087
2983
653
455
548
9908
6433
7946
865
7935
1045
2937
9090
226
4407
890
3780
6940
791
9665
9259
2964
9882
8170
7155
647
5324
7943
8963
3413
5577
9014
6636
4346
9913
8992
7871
2463
4987
8380
3274
4941
5481
5937
4389
9446
3117
7853
6419
3268
8312
5622
5162
3980
4029
8796
2948
7105
1274
6526
2654
6025
9372
8596
6116
6445
7291
290
4718
8743
4931
4002
7362
5663
9999
1032
2491
6317
9657
6204
8192
6239
2552
236
415
5614
1535
5138
798
5443
1760
7618
8118
5581
6610
8317
8549
5237
4071
4654
4202
2353
2938
4885
5699
2659
3797
1876
1330
3646
4776
6129
6666
7129
3942
4822
520
247
5962
8658
6532
6662
8607
7196
7988
8081
9427
5269
7675
4242
8748
8595
2305
9252
1346
6055
4214
684
6832
5458
2154
2548
5255
279
9208
2119
992
7163
4764
7709
1689
4592
6361
859
1708
6713
4274
8628
7432
4944
2044
3275
8407
4720
1873
9813
3405
4922
2046
7771
3214
266
7959
3505
8028
4828
4853
6363
8369
2311
1586
5791
5433
177
6198
3487
5750
4227
1124
1490
6302
1008
5535
2468
8016
3996
5402
5712
2017
4392
9950
5977
6715
1328
2064
3727
984
1684
3276
3708
5368
5098
8623
5131
45
3070
6482
801
8872
1563
5101
1745
7114
540
5013
7087
4648
6037
9349
909
9254
9625
7497
6873
8253
1912
2322
5668
6946
40
8043
6203
7916
4903
5514
6754
2205
7890
3515
4917
7191
5697
7096
792
7649
5380
5147
9727
8621
4021
4361
5371
5325
5347
6010
9735
6825
2025
4566
1614
6143
6438
7059
694
631
536
5566
8326
8189
4398
7307
5887
4946
6738
4691
7562
812
4819
3056
1316
4882
2753
1914
6673
7384
766
3711
9285
2722
8536
8864
7138
9610
8964
3228
8737
4625
1625
5242
5272
8019
1892
9607
7762
4248
8500
3183
7616
9075
7014
6174
7640
9425
656
9996
5840
5456
804
3408
9648
4457
3332
2921
4057
2632
595
3392
3705
5330
549
6256
4598
9777
3006
3401
5360
7075
2275
445
6674
7743
2317
8346
348
8888
1900
2563
6812
5524
3188
4601
1759
3795
2727
3210
7643
7960
7938
9451
4595
116
5145
9239
2881
3145
2208
2673
9811
8971
8449
4831
9728
8663
9611
9481
5691
1183
1509
8688
8862
5988
6893
97
7507
6757
4683
1723
8440
1203
3158
8806
5792
7412
364
7455
8787
9561
9370
4671
151
7020
1125
895
3836
9745
5063
166
8236
2650
4163
6540
3928
125
4628
1945
1693
5847
2243
1307
1735
3391
6843
2223
6645
7921
7419
2877
2820
7530
659
4860
9696
9615
9938
8529
9789
7471
1786
6871
4591
4674
6556
480
2379
6529
3800
3163
6683
2623
288
2300
6134
7529
5677
2168
7554
9951
8245
3954
4009
4259
3766
5916
3129
6941
3387
5036
9713
4149
2437
7587
8694
8923
5122
4979
5341
7178
7396
6953
8527
8660
4676
8526
8182
7343
9701
1276
2800
6278
4236
7204
664
1651
8969
8304
9921
215
2071
8376
7703
3130
9875
6470
6613
3964
572
6784
7855
1355
2588
6594
1818
5959
3106
3653
3560
1214
2444
851
2628
4209
9737
6561
3695
7736
9691
5374
940
5968
9453
2076
5530
9401
7995
9124
714
994
7702
5569
2101
7579
8865
7496
6073
6077
6158
5361
2303
1500
9455
8372
4429
7181
2940
5478
5077
696
1303
7750
8940
703
9673
1710
5574
1679
1922
8491
4686
4298
6195
456
5844
2836
7397
1650
9861
6303
7707
4216
2581
6632
7634
2891
380
5654
2338
3664
2380
9258
5389
9544
6456
4125
919
9791
762
7226
2728
4761
881
8625
665
7881
2065
677
9201
7276
7544
2737
950
7470
8034
493
1459
6641
2513
5166
9298
6687
1828
1226
7421
8174
4668
3250
5637
3885
8385
8866
379
8214
916
886
1659
2972
706
6626
6647
205
1536
2798
4113
2282
1678
2731
2750
2344
9421
157
3003
1862
3109
2681
1270
1707
3176
9130
5907
2041
9707
2990
6373
222
4840
8722
2343
7657
8015
6226
9179
3482
8523
5910
262
7049
1676
9374
9027
7249
2364
7207
5486
5829
3638
8355
2817
4611
1980
828
4705
9000
268
5475
5107
4383
1962
6100
9832
8557
4348
8734
4439
5151
4837
8096
8991
5693
2073
6785
5262
6262
1983
5090
7387
7742
4770
1623
5965
9422
3789
3371
4624
468
7929
1087
2952
3108
6512
1748
7413
6651
4576
7346
575
1807
186
4377
7422
7864
497
2219
1053
7022
7115
2037
6186
6441
5666
7717
9439
8750
4254
5167
3512
9396
5168
9167
1821
7104
3347
1933
1552
8373
8560
4137
8634
3020
5373
9685
7288
2144
9223
5148
7206
3873
6171
590
9067
9169
9670
5576
7175
1482
1704
2183
7608
9703
3839
1005
6809
6076
8489
7200
5914
8741
1163
8704
9945
104
5014
8237
5248
7969
3256
84
2357
4567
3443
9637
5838
5074
4240
3243
7894
3749
2287
8988
6924
2923
6602
66
1439
4880
5037
8025
2213
4158
26
7434
650
9896
1374
2358
6310
2856
6566
2091
5038
3354
4910
4062
8543
7027
5233
4848
4568
8073
4596
8985
2425
1963
8686
1352
1262
4486
416
1013
3788
1734
1209
5139
198
2515
4538
4925
9012
6897
9751
2645
453
2997
5982
9718
8702
2818
1360
1891
1250
5817
6882
6922
4074
5754
6345
54
9873
1080
4378
6676
3875
7348
7472
4687
721
8781
8186
7153
8210
3205
5735
625
5763
8488
4607
6178
8368
7892
5480
5111
6443
5141
6797
8273
5045
237
5859
9234
3675
6711
641
7996
9874
4866
3153
3097
3091
3582
1720
3881
6444
7746
2796
155
7405
5435
2361
1417
5886
2404
2532
5155
2540
9842
6669
2615
5358
667
1899
2775
2428
6154
6277
5222
4539
2267
9158
5133
6124
3062
4980
4913
6808
61
5477
5108
5552
7654
9905
4617
9194
7009
3107
4033
9812
393
9011
504
1543
6718
8450
1517
8857
7116
8811
1661
3715
6197
7810
477
508
4530
7466
3004
4458
1499
1877
2320
4593
5446
2621
2294
7482
8153
6392
8328
5547
9021
1686
2655
9232
5901
3202
6826
9304
7856
3639
9382
9511
7082
3947
9462
6957
8515
619
1846
5508
465
2367
3112
9378
3251
7582
8308
4239
7658
4861
6034
3358
5549
2649
5224
3367
7991
1292
7846
6998
3913
2016
2345
6104
8908
8814
7440
7526
4494
899
9315
4491
383
1093
4394
3061
3946
1445
5546
8296
1494
7305
7791
3697
4120
3621
8518
8142
2941
7532
3896
6531
6017
2253
2717
4433
1097
8399
6329
9980
8148
6166
833
4964
8965
652
5808
6935
73
4961
4148
3360
6814
7567
6404
1973
917
7730
3609
8246
4978
5640
4504
9853
9350
4905
1304
7570
6447
9646
8705
1094
1754
4904
6287
2285
1378
5520
8996
3506
1967
9149
9193
6535
1225
3787
4522
3623
1757
9309
8756
8339
3778
3935
5621
7801
6867
9322
9805
8262
7209
8080
1580
1520
1782
9308
5352
5669
5273
6387
5185
8050
9020
1131
9595
0
6979
632
2061
1063
8530
8757
7101
4517
7477
3756
25
676
277
5777
7042
6057
230
5197
8143
7293
6949
182
2561
3474
3082
5348
5270
1681
9273
6961
4075
2004
6639
2785
3867
6620
9257
4179
6018
9413
4282
2329
9404
4281
8413
2143
1240
1061
4260
9798
3065
9387
6359
1187
2331
6778
2674
838
2486
7072
4895
4321
9344
3761
6614
2907
3991
6933
386
5733
6865
9360
8547
755
9134
3472
8187
5464
938
926
7609
6111
1574
6409
5608
803
2872
3069
5789
1764
4719
745
6749
8426
5436
4886
1406
443
8068
515
1629
5563
6730
4792
6106
9066
6462
3733
9053
672
3811
1716
4695
8685
9245
2417
9442
2045
6842
4365
4537
3842
5068
3076
861
2524
9883
4003
7327
1579
7786
4440
6972
8533
2097
3179
3453
3094
4156
3044
3532
8736
4552
4271
2761
8644
2909
2048
2446
3822
9902
8586
4932
2352
9716
9931
3137
4380
1944
1972
9955
7590
1000
3318
5934
1146
2876
9418
4463
9356
9736
105
4612
6194
970
3661
47
1571
339
4972
2590
8591
8904
9977
1387
988
736
1596
5509
6315
5064
1211
4269
4716
8318
1275
8176
7250
6744
4952
9636
3429
3496
260
5488
8027
678
3195
7312
7957
9299
29
2862
6127
6728
3925
1017
9879
7173
8945
2678
5027
2947
7426
87
7439
6537
5089
6714
4589
9829
6122
6293
5164
1404
963
5489
4785
8130
3142
9550
9482
2791
7361
1553
5879
701
8854
869
5284
9352
8468
7739
4401
9063
450
9472
7947
754
1809
1302
8970
1793
9552
1562
7928
1785
1349
7290
145
9437
8732
3169
7519
8679
6474
6544
2029
1627
7382
4511
6342
6667
2560
2551
6596
2902
7872
312
6146
5454
9312
971
608
5440
9632
5544
9274
2608
4614
6795
5364
8938
3764
3265
5244
163
7799
9628
4313
1879
4402
3737
2978
4529
366
4358
6091
7948
4355
175
4107
5263
2955
8156
913
4187
6228
6523
4963
4626
8572
1206
6541
5062
685
2849
5889
1176
9314
4487
2824
2922
1968
5736
5626
4897
3559
6274
582
2838
432
6281
9203
2802
4470
4564
704
5909
2031
4213
6859
1285
6580
3898
6411
1096
7597
2522
6693
8782
9276
3490
6420
7481
7492
5071
6590
3041
8947
9676
4334
5551
6153
9100
9898
6678
9033
1267
1762
9802
8434
3876
6597
9082
6145
1263
6283
3552
2697
6173
7350
7124
9984
6399
9452
581
2766
2237
4349
7715
2432
4709
818
5250
5240
1280
3098
8981
7185
9198
8067
2009
2400
2333
5400
8377
3380
6207
7449
1917
573
800
3955
4168
9189
5065
9779
5344
3995
7755
3936
787
7079
2564
6982
2063
5550
1398
7187
2013
6457
1379
1375
7429
6772
3944
1771
5845
4766
8541
2716
1341
6829
759
5091
7533
3102
3607
8735
4157
9262
7559
1446
8252
6655
5235
7261
6527
4001
1924
1185
8654
5562
2289
4387
232
6934
328
9641
6114
9681
7870
7725
1243
2021
6840
8600
449
3667
8622
9461
7934
8874
491
2826
3628
922
7281
9050
8839
8001
727
3415
6824
6213
1631
3248
2607
274
5247
845
1812
607
9079
566
8415
250
8398
7326
9058
7667
4287
2495
3022
5282
5417
758
4478
5872
6431
6606
9038
3840
3164
1878
3510
1763
9623
28
9264
6765
8884
1592
9759
7521
7825
8853
7539
4449
5403
6251
8423
9924
4170
1090
5719
2835
9526
368
3967
539
4815
8478
671
7335
7877
5332
6132
56
7243
8106
8861
7201
9128
1583
9171
1210
3095
8082
2175
8269
6762
628
3851
7630
4480
31
4947
2410
1108
2088
7279
8256
7414
3398
8002
4335
2257
448
4474
7501
9864
8725
2704
1938
8445
1868
9806
1947
9542
3669
4475
2695
8180
9505
2470
8125
6138
4638
5824
5564
1430
6753
5710
6848
4740
9992
9127
5815
7270
635
529
6031
2493
4870
2315
6086
8646
505
9997
7936
3213
7192
5156
7828
9142
487
1407
8009
7300
220
6332
2541
5687
3157
8802
4200
7993
867
7679
7052
6286
367
983
402
5578
5472
2281
5495
3196
2107
1840
8925
6857
5998
2127
6554
3904
3023
3047
8132
5793
5447
2943
620
8505
8876
5383
9464
5835
9111
3079
2067
1323
1212
5300
7617
5983
6559
483
372
2137
2476
776
7818
6786
8845
7932
1434
7078
5933
412
7106
5012
2182
7728
9230
8740
9872
2669
3626
8608
8942
2566
6593
8290
5314
8476
6932
7513
7122
9305
4305
8136
8903
2959
9146
5405
3042
15
3927
4755
4052
8420
2815
8464
9348
4385
1656
8501
1014
8384
4481
7254
973
5599
3910
5099
2222
7029
5035
6492
7333
9380
1070
8371
6709
304
7286
4375
8000
6325
8230
7500
3378
8789
584
7710
5385
5618
4234
1638
9911
8551
2055
3584
7523
2385
5593
2534
257
7865
6911
14
1749
3668
5132
8157
297
8889
9901
6047
4516
7493
3046
6751
7727
9199
8494
2246
1314
2103
7599
6817
6159
9337
4093
6464
6058
2489
1705
7637
4672
3452
5555
187
6558
658
2196
524
2732
2348
1023
3485
6608
5769
1422
1507
9497
8295
5323
7909
6578
21
3810
9529
4580
8684
9371
1380
6682
6042
4698
8347
2501
1989
7040
1738
556
2066
2163
2756
8424
1702
6899
8056
948
6480
9757
7548
2781
5588
6275
8561
4050
1752
1271
634
6974
9161
2318
5902
3645
1797
8707
6803
9367
1823
6225
9489
2572
5388
4936
3019
2992
8927
1004
457
7777
3088
5201
3872
52
4121
4699
849
1466
9055
2241
6429
2696
1729
7838
298
7603
1238
2165
4136
3128
1308
3010
5493
8838
9196
1999
2734
737
7143
7789
9390
9187
8592
4324
2125
6365
5061
9137
9620
9558
1660
7624
4731
8869
1241
8020
5922
494
1804
680
5860
1069
1216
4551
5196
7525
3281
418
4098
7939
4769
9419
1742
3652
1988
6592
1698
1854
7644
347
1425
1085
1031
6376
5532
9825
2109
2244
1996
8239
6996
2001
7157
9338
9669
3812
5370
7632
4953
4965
2054
9822
6024
3236
4412
8243
8490
761
5366
8886
5967
9023
7368
7017
7698
2201
3772
9115
4790
2966
5925
3531
5238
8207
4689
8343
6631
4915
3359
921
5450
9399
8167
17
1839
71
2381
4038
1513
6516
225
9568
5774
4031
451
5615
5639
3738
3769
2455
5595
466
6092
6272
110
7023
6503
4600
8098
8873
6068
7927
6370
8448
8733
708
4049
7462
8531
4484
3507
6692
3585
8017
9320
7520
2511
6497
446
8639
5053
5658
2985
1106
3632
3824
1038
3462
6367
5377
2954
4249
5657
5773
3227
1058
5258
7558
4091
7724
6009
7013
53
2362
8455
8168
9514
323
4183
2151
2542
1822
9776
9039
2114
4059
4085
478
2746
7589
1071
4710
2942
6790
7193
2742
9428
3574
203
3304
2933
7769
2150
5831
4055
9159
2406
9870
3966
9734
9110
6847
5948
2900
1403
6625
9622
3707
7884
6575
9968
4109
1388
2844
6637
5129
8763
7443
2584
3813
9952
377
2620
3934
5153
1386
4647
6222
3554
1233
4588
2498
2982
6276
807
7614
5355
7162
611
7822
1930
893
9764
1311
4743
2249
7953
610
2915
7435
8291
3149
6118
1400
9256
8018
2173
2310
6888
4000
1405
9949
3394
2251
5078
733
7641
310
8751
1984
1685
7100
4082
860
7084
4569
4970
9499
2718
7955
724
34
9215
8727
4799
2729
9631
3844
4180
5172
777
5696
8915
1836
4283
4845
6319
831
3375
3015
280
6360
8266
7660
265
2892
7792
9816
1813
193
713
153
9393
1501
1700
9852
6615
1675
1180
6530
579
8738
4116
4935
8251
7227
8408
1266
8895
6390
8360
467
8695
482
2236
8097
7610
8111
7233
9778
7833
4414
5473
3687
5104
9765
5679
1772
7704
5788
8885
9409
4796
7757
8508
8087
7248
7645
4721
9613
146
3945
6781
8506
9907
3624
1926
5757
4835
8459
7164
3335
9929
550
7060
9466
8848
4167
3133
2776
5534
7802
4106
4510
4858
8812
5075
4190
9666
3356
6656
2450
5406
4403
2801
1461
6044
555
8710
9877
615
2188
3026
8035
8766
9897
2421
5945
9353
4653
9250
9301
4128
9405
8485
3379
8926
399
1040
1167
2457
5211
570
9899
4939
6080
3237
2599
2458
3566
3175
2394
4998
9851
1767
7047
3640
9114
9722
4366
5561
5044
4161
880
309
5286
7409
5340
1663
7999
6642
7981
4681
471
1603
3118
138
6892
2504
5911
6331
9144
4386
9363
2814
7068
9089
6115
9916
4605
5821
9686
2334
4186
2469
6415
5685
300
5391
9047
9629
8830
1029
7718
6081
6925
3950
6664
8700
3160
3092
7491
6956
9117
2308
1528
822
8978
514
3833
2049
3170
9754
4308
6439
4369
5904
2896
5880
8538
7117
8994
6600
9668
8546
6090
7401
1706
507
9650
2973
5573
6901
8767
5632
5266
9661
1110
732
1277
6589
1351
7826
2120
884
1866
3815
6869
6598
20
1547
5041
3293
9317
1044
9093
1957
6948
8196
4417
2852
2991
3801
4230
3597
6120
6688
498
7095
1798
9319
1015
8395
452
291
5106
587
4732
307
5946
9868
6006
5830
8447
6584
9138
9280
9379
1564
5655
8283
1775
3938
553
655
2919
4092
7783
4080
8493
586
6506
183
4067
2733
9626
7280
8432
1955
9634
2699
1881
351
8402
7942
4154
9659
2888
1091
578
9477
2405
9103
3146
8409
1584
7378
6895
18
6549
7174
4839
5705
3075
3303
2349
8540
7400
1727
6005
8821
3880
8353
772
6455
3351
3558
4587
5875
3760
3014
8673
1582
2342
5926
6984
2374
8072
9583
358
4223
2505
850
3595
3545
6828
5541
2582
6691
276
5437
5135
3663
4610
5579
6801
5157
7131
3390
6821
6761
2089
1851
5356
7190
1697
8630
100
1048
4476
4937
5742
1794
3879
6585
8341
1956
1717
2384
9521
9869
2520
6149
8975
2865
9774
8875
8297
5718
5491
6437
1102
6822
3580
9281
7215
7252
4110
3328
5964
9794
2297
346
8665
5460
2094
1156
5004
4143
8772
3643
1269
11
9564
7021
8801
5346
9592
532
4276
4854
1523
3416
7266
9287
6866
6741
5058
1081
1766
7907
8215
4679
3244
8795
2878
8051
4284
9857
7352
4533
853
864
281
8387
316
1159
1135
325
8077
3024
4246
637
159
6959
8429
3388
6121
5260
6467
6634
3172
3622
2512
472
3460
4690
9204
4119
6579
6748
7708
9678
8268
7237
642
2382
1041
4451
9963
6793
1447
2283
4673
4736
4968
9475
3827
4838
253
6507
6125
7721
6299
2795
606
5694
6193
107
9340
9126
6992
8472
4884
5519
3148
1714
2252
6889
5439
9022
5426
4986
6504
2043
211
3467
9900
7245
6366
8603
3036
1173
6185
7000
9003
3156
4506
5559
709
7758
9746
2880
3988
5017
8185
1882
4787
6502
7915
2546
9533
769
4548
4144
5214
5069
9582
3677
2516
4201
9329
1448
7263
4973
2192
3418
7415
5449
616
3122
9476
4735
3606
6463
5143
64
3843
4805
258
509
3916
390
1750
2153
6252
9796
1861
5177
6650
4224
1457
8799
3856
8764
7808
3569
4536
2346
8285
7160
6446
404
8144
4642
8123
7697
3197
8986
2167
1655
624
7285
8033
6760
2530
4310
5279
403
4532
9523
2827
6119
7232
8114
5624
9448
8868
103
4818
7687
488
162
9619
3016
4977
1348
4390
6279
7671
8007
5126
4969
6553
3055
8809
8678
8126
5498
8919
2574
9284
8396
1449
4525
2085
9343
8427
4918
4268
7332
1251
858
3431
3828
7086
3926
9756
623
2288
875
6035
6472
2408
4350
3636
9289
892
4195
9943
1927
6428
1519
437
569
986
8860
4471
3407
1396
1703
2020
1894
1256
8431
7878
223
3300
7152
7505
3033
1265
1920
523
2142
350
2857
8134
8717
4670
9236
6752
6792
228
3266
2106
2096
3290
6902
239
2203
6758
8990
6542
2924
1018
9537
3612
764
7297
6369
9207
1317
3699
9627
7552
4351
3466
423
93
1126
3763
1019
3301
1242
7073
7030
7619
9817
6211
4122
5085
8482
1991
1694
559
1168
6473
4706
9116
2221
9689
4117
8683
5764
3767
5496
8403
5975
9693
9580
9519
7790
9510
8878
3830
8405
3989
3826
8542
7633
3725
6224
6110
311
4020
3104
3670
5275
4561
4572
6886
3207
3105
3161
2258
8150
5768
1051
4456
1194
2164
4314
5807
3309
5804
6743
8989
7588
2194
9182
5230
3475
1617
5531
1419
2423
5487
1712
1402
9732
4908
8711
3327
7135
8819
6348
551
9366
583
1641
6787
7360
3052
5188
7930
6660
152
2471
5784
9962
1392
6061
2027
7420
2231
5000
643
9845
9334
9578
6189
3285
3419
7713
1253
9807
589
245
2680
5412
9415
4019
5175
6747
3868
8213
7048
3427
5252
3542
937
7158
3124
1739
1541
9227
5357
2651
9010
2946
915
7882
1808
4957
6827
9091
2839
1158
3034
6408
6926
2053
3261
4856
7906
3450
6799
1456
5943
7498
4556
3523
990
7688
4225
2726
2779
8200
2675
1327
5856
2914
1469
6219
6965
1778
8039
8946
9351
3852
843
6380
5351
2692
6308
7019
9758
4872
8959
699
6458
8229
6951
6426
3720
4599
5686
8375
9804
7937
6285
3362
6572
8088
4101
749
8645
9846
5287
7873
9970
2210
9491
6305
3775
1249
7064
357
1936
8708
6878
7776
2809
8365
1416
6374
6788
3199
2917
5306
5873
6769
2359
8079
8588
3808
4160
7487
5482
7963
7416
476
8898
2927
7447
3721
9969
3322
3588
1234
4211
4650
134
8329
9682
7896
8760
3563
2646
9563
3723
4535
3692
7684
3411
1415
7459
5020
4129
519
2272
6139
8891
9008
9206
3007
1367
9330
7240
9546
5540
7074
5739
5190
9840
7652
1289
7053
8181
9573
6253
3217
1376
2636
3374
7886
4203
9906
8193
1691
1768
441
8914
1299
1363
4926
5734
4005
8389
2391
7847
4317
95
6836
6016
4006
2547
6417
6939
1149
7484
6887
4888
8350
8042
2864
5883
3890
1385
3862
6661
7849
7857
9412
5292
8305
1527
2496
8059
2821
2166
4877
3657
6273
6904
355
1730
3627
5737
7130
5723
2440
458
8031
5894
4894
5322
7376
2723
5672
7677
3310
738
4637
4549
4090
5303
5338
3458
9585
1318
3089
3586
1687
2663
1834
9233
3396
9112
6271
3997
3000
1531
1635
241
6028
9087
2370
7167
7819
3710
9460
9402
5073
5112
4153
8548
2806
7383
1633
7015
5428
8171
7039
8421
1787
9277
2131
1867
4851
2751
1622
1260
4060
6261
9532
1546
1104
9105
4500
4420
4722
101
7970
7456
2643
8127
2869
1324
8640
3743
7385
2123
8667
7467
1347
2526
5721
3278
3457
7854
6712
832
9956
9998
3538
6731
8726
1340
1696
8953
1985
4534
1421
9024
7043
1364
3140
720
6368
464
8066
5399
8587
2594
2456
4341
1913
991
3417
2981
2904
5076
4231
4299
8850
5087
8354
8029
8191
5479
9141
2184
5149
5810
4446
4425
6595
8036
407
9192
3960
8517
5923
5184
1072
1883
1394
4181
9441
85
9575
4920
1598
7752
8793
4906
2662
3990
7692
5751
7119
9919
55
6039
7180
7745
8817
9743
8047
4325
6833
8219
3064
3442
599
2355
2365
2060
7034
4026
2592
1844
6854
3882
6619
4443
3682
9974
2861
2934
1905
3071
2441
7062
199
9174
5995
7123
9835
9221
5832
2807
8823
7586
3504
6339
6649
8228
630
9539
8287
8357
6015
353
7569
9527
5963
5558
2603
4320
1408
8519
5557
979
1475
5502
7900
4867
9463
4105
6860
9826
3147
6300
2402
5048
1869
7262
7212
8205
9377
8556
2604
7148
5448
4942
2372
5319
942
5725
1649
8386
246
5801
3058
370
5939
7177
2181
6072
8103
3792
6267
9101
3923
7203
7593
7834
5170
2837
8302
682
2204
462
949
7557
9354
2093
4809
9508
2366
2070
7893
5114
5326
3616
3468
9567
4329
7985
5097
2748
9016
939
891
1701
2842
238
8292
90
7913
2039
49
5538
2250
4891
2996
6177
8616
911
1925
4808
5554
5976
565
9042
3166
3897
9935
1632
6182
4326
7411
8049
2445
3494
9417
9231
5452
2130
9072
3232
2886
3151
4797
6815
8276
8202
1141
6382
6461
7596
4816
2595
8362
4323
1915
7662
261
8790
5518
2484
1595
8145
4492
5137
78
5497
1671
3445
6395
8195
1332
702
7464
3100
7850
4016
8063
7772
7760
4316
3444
2022
1296
7600
7441
1758
6524
959
4295
6011
5110
2568
9136
9504
9244
5834
8465
4220
9783
7843
873
9948
5912
8257
7235
1923
3314
5771
6097
9717
6322
9485
8577
342
1942
4152
3605
2687
7197
1120
4584
2760
1941
7898
3313
7234
1264
7800
8569
3562
7560
6734
7460
3530
1860
4643
3647
8696
7540
6622
5648
7512
5878
6075
3939
3366
4528
982
8993
8436
3425
660
5125
4302
6422
5136
335
3603
5504
7353
4089
8151
6487
8146
6170
8858
7527
6856
7121
1667
3781
6881
5200
1602
1577
8467
6440
8401
2111
8261
4374
8831
9958
1885
8260
2703
3177
4999
3514
6800
6725
9849
6841
9263
5134
5084
6555
74
8479
5681
5927
5858
7811
4849
5050
1643
8484
8962
1312
5526
1397
920
8574
4468
4742
904
3547
7236
8316
6962
7373
3688
2407
538
271
7978
254
3187
388
4347
4292
3025
269
3220
1046
