1064
8200
4478
1566
4183
6436
9955
7616
3042
3852
4465
9879
6229
5593
2507
4210
7193
3674
1918
3764
3120
1942
7450
3557
4164
7273
8005
5882
8029
5180
2900
8885
6171
5656
7597
1430
6355
9616
1444
9084
682
5832
9403
4355
5374
1083
1843
444
211
5879
8219
3790
8899
7301
2560
957
1441
6040
2438
6606
3220
652
7947
6655
5308
5447
7227
8681
8218
2721
5898
5486
330
6967
3893
6073
7635
8824
7089
792
4630
3910
2469
324
4813
2784
1025
6584
3209
1519
6878
4363
7290
6091
8770
9738
4233
1511
9590
2741
8179
3502
7061
5773
4319
4964
2746
3624
1424
7049
6921
2098
4339
8394
4410
1551
5155
2042
2069
8293
5725
4694
414
7170
7188
5650
4091
2303
9704
298
939
3940
6566
5563
4898
4455
600
6649
3470
5044
9503
3044
3851
24
2207
8764
2029
8553
8645
613
8388
5516
9740
7531
5673
5940
3881
5667
8908
6628
6565
6525
3158
6133
2877
2737
6127
4070
654
6063
608
1958
5883
7392
6597
7403
6135
851
8691
4552
9672
1662
5954
1276
3286
5411
8125
347
716
6161
6263
7293
2616
9587
8639
1569
9969
6444
5149
976
2012
8448
5524
237
6862
1695
7614
8153
1494
5733
2872
2402
9824
421
4413
5914
2508
818
9456
5446
270
8991
1983
4617
738
8392
6277
7887
6767
7512
9812
4777
333
5166
8617
4554
3801
2794
3986
9236
5520
8333
3987
1372
1552
4450
5927
1748
6114
7547
4245
325
4368
1711
8831
2965
5657
1999
4205
2596
3774
8068
2578
6286
2644
4201
2510
7748
3433
5413
2889
1866
4804
3228
7835
5241
5119
1810
9057
9186
7858
320
6437
1676
3242
3705
1949
5666
4287
8630
4442
5995
801
3149
8785
176
1150
5490
7008
9054
3962
9406
9872
3318
2941
6987
4832
1243
2071
425
65
7541
6328
3081
5943
1097
6316
8632
4659
1111
4658
1850
8543
9432
9787
7499
6250
3064
4294
4488
4361
2984
7542
7715
7370
9627
2806
78
7498
4027
8151
4513
8288
6370
6399
1708
9401
4258
153
5922
152
5784
1609
2088
6567
7051
5223
2680
2307
7322
803
4369
1602
8225
2279
1739
7429
5209
6482
8839
115
1018
6027
9012
9288
2816
3453
1582
9217
2061
4053
5997
1585
2598
3019
7588
8795
9104
3834
109
2599
6992
6320
9554
9542
1265
7598
3964
2078
6297
9105
601
4652
385
8136
5168
8122
9766
1069
3410
8420
2940
174
7759
8481
52
928
3377
7115
6301
4284
3989
2168
4263
6183
2471
2097
8230
3083
5670
5652
671
4825
958
1282
4038
6267
7328
6469
8003
4895
6082
3632
5912
9399
275
4678
3703
3927
3629
9333
73
2634
6890
1063
1785
2082
9131
9516
1169
3683
6645
8606
8461
5526
3355
4773
372
508
6448
4153
5118
4203
2998
3546
3583
9811
5523
9019
8865
9990
4161
1574
2478
8714
7685
1365
7747
3617
9758
6303
6478
353
3118
3441
2533
8588
8676
9124
8369
6960
1508
2003
4905
94
7866
1475
4130
7472
872
9372
3620
8144
8987
3206
1656
1681
7292
6276
8740
5147
6721
30
7879
381
7732
5217
7744
471
5896
9944
4860
4493
7533
1315
8696
8088
7809
4247
4471
7620
6607
6895
7192
1984
3541
118
2383
5224
7314
2242
9540
3260
4499
4614
5145
809
6156
9404
1085
9237
6603
7050
5110
8297
2485
6162
2642
448
9901
9263
3214
3428
8900
7143
8304
9413
7404
7164
1830
4495
3845
2786
9328
9359
6670
6798
931
51
2915
8033
2983
7677
1416
4312
9315
4996
9176
834
3891
8130
8092
9093
9907
4831
3877
1113
4035
1127
2939
2385
1104
6505
4644
8718
1773
5039
2936
2329
5099
9828
363
4690
9075
6203
5558
9723
6674
3868
9216
4851
776
2219
4571
9597
8842
784
7213
2347
7445
4761
5609
3549
1358
3923
7697
2658
9455
904
1930
568
5780
4978
6499
1286
7476
8581
4285
3130
3769
7217
4494
8911
8830
7425
650
5427
4492
9355
8889
4420
1212
4942
5073
3585
9667
5616
6847
7166
8021
1393
6005
9727
9481
5790
2550
6163
9466
9897
5760
7263
9113
7710
566
8841
5651
1367
4805
7390
6119
3124
2073
8623
8352
9529
4896
2952
8058
3697
7479
6332
7128
208
399
2356
2408
9347
6092
7663
2749
609
1273
1578
8565
9422
283
5865
3995
5429
2924
7432
853
9153
1716
2229
4667
8203
961
1460
7507
3128
9715
7047
3675
8516
3642
7766
4622
8934
6587
8825
6280
4434
1524
7036
8250
7951
4448
7082
7266
5601
7636
6741
9358
6873
3509
3515
1201
9750
6407
4680
8057
9925
2531
3611
8008
191
1190
7491
3564
3327
6672
5810
9085
7943
6531
5549
8329
535
7942
7052
2512
9668
349
9111
9228
648
5746
6213
2766
6126
8970
8952
2442
6912
3713
9769
5907
2584
7970
3341
2921
2091
4952
3035
7247
8775
8187
8735
1285
4960
9366
3907
2109
551
6110
8319
1204
7989
7515
1808
8493
3058
870
578
4042
1684
4011
3824
7708
4781
7819
5129
7357
4716
244
1723
9369
7983
1960
1689
6800
4955
6562
710
706
6579
8930
3521
6832
1329
3375
8209
1188
3794
725
5269
9245
6833
1935
1857
7991
7381
5590
6695
389
6346
396
9823
3497
5122
5031
2633
495
2052
1167
4028
3049
2744
8274
4729
4221
2254
3134
2800
5196
2189
7968
2094
3359
6098
9103
4998
5111
3906
7931
1834
8946
2290
1863
4913
293
8485
32
4281
8668
9720
185
3792
3886
2988
1576
3412
4790
1948
6048
4827
1331
5376
637
5011
8367
3272
7103
3818
2468
6462
3654
2328
4771
9825
1301
8821
8525
7327
5471
4063
45
7985
4793
4992
7137
6752
4119
7283
71
3082
7201
510
7212
4816
3257
1271
563
8896
3805
6281
6797
8914
3563
2833
2851
5701
3323
1147
4852
2396
1141
5310
1377
557
6248
8604
3071
1535
2086
9006
2654
1859
585
9517
2164
4023
5831
3404
3596
8962
4399
9561
9882
2703
252
2626
3666
2132
9718
5419
5467
54
3944
4623
6204
2692
2007
6708
7846
5023
2788
196
1415
2160
5197
7489
2084
2513
6064
4440
4699
3136
4354
2918
2668
9289
4864
588
5461
9763
1542
4132
8809
120
9386
2483
8222
2808
2277
8084
4204
2366
9005
9380
1940
7749
7701
4237
3184
9673
4444
2466
7589
2666
5175
9239
368
7903
2743
5294
5595
2167
2202
1981
1380
5002
8898
9480
747
5
2853
3820
8990
4419
3752
5365
2509
7964
2931
6889
5203
1666
6836
2010
1023
3216
3694
8124
7548
2585
3074
7963
4774
2972
6428
663
6796
9175
1943
2543
7039
3513
1951
1442
1878
2714
9259
9160
2192
603
5888
6288
4375
1260
9446
8793
7928
101
6395
9613
6260
1309
4279
5902
3982
1044
2830
3434
5301
7609
9173
308
2986
6828
5440
2639
8916
8078
8285
7132
5257
4993
5860
5797
6662
4173
4324
5198
1389
2051
253
4785
7427
6884
7487
912
6687
1961
5247
1627
6507
6202
6145
6906
9569
8719
6052
4484
571
4007
7358
9087
2953
1179
1516
2247
1597
7270
9361
978
5562
7057
2960
4295
7152
1361
6683
1432
4654
2426
9277
7359
1699
7469
8932
9437
9052
835
4451
2871
7676
2363
6824
7621
9449
5931
6643
4138
8593
1327
1354
4795
4945
3972
9080
1799
2865
949
9556
8343
2593
8245
1989
2530
8642
9519
2827
1909
7665
2716
895
4826
7446
7791
6045
1893
8456
501
8585
9941
2330
1284
9417
3947
9458
8703
901
4600
8044
5727
9261
3329
9210
2748
6545
4843
4093
9197
529
9376
6430
3939
1835
9926
9044
1053
5009
3926
224
9152
9196
4767
3679
5321
1789
6699
3048
8317
1615
8556
5755
6397
2868
6099
3627
9846
1978
7762
9731
2667
2147
6932
4081
1453
1724
4562
5100
8861
5776
4497
2694
753
3397
7520
4736
6498
9567
1763
6461
6751
796
5104
5095
9375
2092
9013
4997
8216
4745
2023
481
9850
9821
1538
8843
3519
2701
9281
5676
4396
5781
2198
8704
2255
6360
4094
3472
55
6227
6819
8677
8191
390
204
7782
4638
945
8113
1392
198
1975
7918
5514
6616
4227
8923
6378
423
5408
1665
5543
7611
2691
938
8039
8313
3331
8402
1784
5181
4477
4747
2113
2326
8884
9939
1280
305
2241
8100
1452
5677
7705
9745
3483
4818
9156
6943
8259
156
5302
1456
2127
2387
4809
2640
8631
7865
9700
6747
451
3992
173
5439
5592
4124
9709
3677
6621
3151
4379
5499
5278
6986
9666
6319
3464
7869
5510
2301
6124
3599
3553
9978
1213
1346
4572
2212
8724
3236
5571
485
4084
9523
9914
122
4671
750
6364
3328
5354
9804
1218
5965
617
1005
9966
4850
440
3222
5326
3172
1550
6081
8111
4696
4039
8736
6637
2162
2754
4235
5003
6574
3750
6358
6716
3051
4916
3966
4856
2803
6007
2435
5511
7228
6718
3306
354
6300
9298
7058
468
5962
3
9799
9651
8559
9916
5453
1132
361
942
8994
9489
7925
326
3867
9885
3948
2945
64
7145
5343
1464
1181
413
1827
5026
6
3006
3699
8251
2860
9949
452
3208
8171
5723
2832
9331
5841
4430
1183
2014
5889
3480
177
7802
6623
6050
530
1272
4582
5568
5762
6172
3192
2870
1355
5522
5256
9339
8920
4435
4273
3170
6341
4506
7034
8868
8798
3259
1849
2456
6348
4881
5163
1608
509
4681
3467
6583
1222
2444
6852
486
576
9695
7745
2060
7923
445
9089
2990
2587
8977
1191
7993
8038
5835
2278
9260
770
1546
8852
4489
9181
9468
643
5633
4511
7338
6477
7914
3552
8292
7211
4995
985
811
1368
1144
1994
2515
3890
7768
4365
241
840
6043
1731
3366
2182
1010
9568
1200
1463
3353
2888
1345
6335
7252
1974
2310
437
2807
9592
5221
8186
8089
6750
9486
9002
8905
764
2619
1182
6327
6689
5176
3121
2377
4770
3185
5749
1092
9887
4047
5325
7855
2165
9470
1670
881
866
5323
2951
1820
3308
1747
8651
7902
6891
635
6314
4635
193
9435
5051
2287
6305
5363
1349
7570
5035
4166
1108
3568
1234
987
2153
6922
5589
6614
8365
9241
8002
4977
9632
4522
181
1997
1143
5606
4919
5847
9257
9397
8418
128
3864
6528
5264
5358
7998
3159
2594
9760
1250
2974
6756
9810
3911
1388
8794
261
7863
8635
8
180
5091
9028
4055
2188
5218
9742
2664
4268
9961
6057
9633
8969
8507
1634
5189
272
4578
6382
3771
4262
9630
4026
3368
4531
8488
1562
2628
8479
8605
6625
2676
9334
3053
4573
9886
614
7485
1117
7196
1788
5769
4723
4688
7026
7040
8373
5693
8544
3477
1837
1894
8158
9986
9136
6150
2738
2526
3724
728
9212
2474
7420
4387
9425
1725
9748
7926
1246
9807
8265
8748
6524
7410
620
4244
9996
12
4664
644
9621
670
5766
161
6326
3152
891
4239
228
6911
6977
7261
5332
7615
5683
9061
6886
9
1528
7183
7134
8640
7779
6031
2912
6978
3702
1531
737
9219
3309
9653
3358
7360
7758
8035
4072
511
3602
697
5979
9883
9164
4546
5034
9831
1135
4902
3958
5559
8396
8422
3207
1419
6274
2251
9913
1769
1946
7071
970
3442
1131
7578
6152
2342
9814
7434
1721
4585
3487
3941
9059
3393
6559
2058
7067
9759
849
5185
3807
8104
9243
665
4088
9051
5162
7151
4034
5229
4525
4356
6959
2070
5926
7015
3213
7976
2450
9305
5235
7098
212
3451
6810
4202
7282
2762
9570
787
9128
2775
5525
6742
7579
6904
9365
6618
9775
6644
8634
9505
9971
2663
828
8303
3639
2291
3429
948
2166
2193
2968
3814
2095
5585
1208
9433
7077
7574
7195
3622
7418
2707
4704
8587
6958
2772
574
7527
5983
299
6225
8984
2338
4988
2491
5487
4924
6937
5106
5501
8189
2358
6811
4015
6466
4067
1294
2354
8109
7138
3178
7256
9591
5283
2187
4415
3529
9377
119
517
7756
7800
4416
8446
7565
2243
5745
7486
2440
5770
573
2785
7042
2370
5442
1413
8252
9982
3730
4409
6581
7013
8797
780
7595
5872
7695
7581
2137
9445
2226
3506
466
6706
313
3842
9948
3591
9875
3183
76
8307
9231
8502
2217
9840
570
645
488
1224
7032
5574
1847
7783
9566
8689
7849
1844
983
3862
1766
4256
2262
4744
6476
5027
9065
1583
1478
2913
5058
6601
8497
2651
7295
1342
4928
4121
6262
114
3618
8549
9120
584
2288
1302
5794
3385
7826
9663
7380
4080
4344
4482
8761
6008
3339
6025
4611
5398
3294
9628
8960
3555
3633
5066
9782
610
1483
1450
2392
4637
5344
7038
4316
7065
982
7921
7529
9867
7214
7400
1435
6888
5720
1429
3001
4253
5014
2040
1445
902
7437
6423
537
6966
1515
3688
7977
7535
1427
7203
266
2017
8193
5615
9551
6290
5925
5627
7112
8051
5759
4918
167
6954
8870
3026
6990
8361
8976
810
9967
7198
9608
6089
9677
9538
7718
4760
2818
7326
3097
6181
5485
6483
8954
4580
2002
9491
1688
365
4941
6785
6760
8574
5172
7670
1457
4901
7721
7483
2194
6485
5345
3615
4456
6196
2894
4616
2315
4621
5280
1914
2183
561
9994
5547
2591
456
2892
4105
8434
9167
9572
1800
144
8699
6164
8355
791
7526
4873
9797
206
8320
1357
8804
4934
5786
2834
2881
6806
5141
5330
4198
8372
656
1049
9521
3822
6253
8371
8762
4999
26
4240
5144
5030
868
334
2076
6117
5025
2234
2465
5653
1719
8504
188
8834
1328
6433
5366
1786
3075
5945
5682
9757
4152
6115
699
4408
11
1239
9431
4333
6925
5623
9319
4193
7631
8075
6642
388
142
2142
2001
3344
5360
7605
2103
7307
6210
7808
3798
1375
500
6982
4540
2973
2555
4439
1249
9275
7743
8614
2538
4180
2709
3803
9857
8679
5267
3117
1556
4689
2996
5881
4052
6769
8881
8433
2304
2461
1758
4656
1472
5045
6097
2158
7843
933
2761
8129
981
9371
2665
1370
3445
9705
7949
5317
4755
1156
8325
7362
5275
2197
2502
9943
6042
9891
4866
9789
5393
2657
8849
4791
5121
3909
8895
441
202
8711
1269
3154
7306
7763
4326
5437
4894
763
447
3018
4838
759
3575
1324
4394
5391
219
4043
4383
4300
1982
1977
5788
7979
3849
9134
7909
1564
3399
3466
9203
2399
5751
8138
1449
5724
3901
1326
7473
2138
8195
7788
9311
8558
129
5859
3456
5273
7504
4817
3439
9162
8700
965
2897
273
821
3448
798
3922
6541
9462
4782
8782
719
7304
5328
370
5006
9862
4994
1491
969
756
5856
6715
8197
9744
6669
4863
7924
6180
1321
5293
3685
9083
430
7323
5594
6412
6155
6022
9233
8526
392
6273
8903
2032
6011
4909
6393
9266
2846
8586
3437
1171
4646
8729
2429
1290
3014
1950
8678
8519
6475
6241
3540
9736
755
1895
7378
8777
4064
3330
1807
1056
2327
2072
9267
184
2858
7402
5707
5586
5620
2374
1825
736
1854
8271
1510
7922
5295
9304
7474
3548
1745
3912
3504
5591
9525
6205
163
9690
287
7240
6200
7711
1502
4888
9140
9920
3196
4807
1015
8323
1522
8806
4400
3021
6665
591
3280
5538
8947
7088
1852
7246
2335
3710
9194
1614
6125
7789
7765
8577
2252
5425
7637
9868
2424
1341
3821
1024
3210
2570
7523
2367
8749
8256
8879
407
2043
5540
825
480
1211
2039
2323
140
9997
4048
816
3670
2009
3937
5392
4293
5734
6827
8082
9998
3345
2575
5315
2462
1123
9374
3415
7804
3297
6053
8924
3781
8170
4223
884
8548
3843
7933
7435
7900
105
4708
3744
6350
5050
8757
247
739
428
4615
1045
8460
9249
2134
5833
7955
3163
1754
758
1638
1047
9265
2053
2272
7497
6419
5403
7219
3335
543
2038
6049
8318
6875
6030
6085
1805
2577
255
569
4447
5494
5292
5550
1447
1154
132
6957
1832
462
4620
6952
1059
3978
6032
1264
2156
6770
5496
7165
4013
715
328
7965
3347
111
351
640
8011
2893
297
910
532
4853
9026
1038
8616
251
6487
7001
2801
9688
8469
975
587
1671
9777
7184
2371
3952
7729
3133
9388
3588
9975
2631
4802
3491
1735
6220
7405
9512
5190
8408
2360
189
4220
4059
2739
7244
4002
2320
9547
6731
5004
3738
1230
6780
4936
1682
6947
5242
8643
814
8043
4174
2929
6650
1939
126
1196
8657
8430
3731
117
7948
9550
2750
8662
5503
9426
2883
3554
678
1801
3785
1178
4979
1730
3837
3734
2987
5460
5789
9739
5249
1541
4274
9125
6812
2994
7191
820
9508
9142
4969
8817
8570
2836
7596
1119
2361
5548
9794
749
4700
3795
2063
2445
7255
2656
9976
7959
6664
8324
459
7654
364
9017
7590
9157
9232
7907
6201
356
6354
7754
3438
9202
9919
1484
8017
2266
3317
8857
7603
3061
4645
5716
9771
3859
925
5668
2552
7861
1828
8277
2282
9546
1225
312
2416
7984
9880
9870
4037
6079
2236
6985
5086
2980
8240
7147
3684
6291
9674
8979
4358
3928
7377
4228
9048
9684
8871
4932
8524
3285
2566
3609
2351
4074
5792
6548
8992
5092
3961
3266
5357
3479
6551
1175
5252
8399
1052
6340
6529
9609
6610
9016
8743
4214
8595
7346
4021
2369
50
6143
3558
5982
2200
2607
8127
9999
1572
9545
5074
6160
2312
3017
7555
6185
8112
9904
1911
1589
2343
2588
5167
815
1790
79
3954
8290
7873
1081
1462
2867
8683
1332
8192
3484
6961
7475
6569
3186
5383
6556
8472
7502
499
3115
2206
6724
8148
9337
1991
3247
7167
1643
6515
7506
3913
5985
9877
5846
6841
4633
1770
1579
4587
1395
8180
9042
6924
9121
2394
6122
907
74
560
2630
1728
5966
9992
9989
2819
319
9662
9040
3254
1410
8061
2840
7717
3855
7154
5268
5903
4403
6026
6849
8858
232
6413
3302
4899
4154
3813
1270
4380
9332
8744
5993
2124
5456
3161
7384
7899
7571
5255
505
7297
1400
4338
2961
2950
5032
3788
8013
8126
2256
7464
4191
9250
731
5711
3056
3374
5236
5212
9482
6514
7988
158
8612
8957
7030
4207
3423
3523
9855
730
729
1640
3398
9714
6552
2437
7530
6532
960
8756
5573
9548
4334
1921
6058
3708
827
5207
6883
547
3252
3102
669
6222
7197
3761
8128
5472
527
3943
516
7961
6881
6630
1106
7053
6375
4460
3836
5950
9675
1901
8020
6720
5975
8540
6568
5719
7248
160
9226
4759
6197
3630
1136
4737
3657
6168
5312
337
8712
4735
7272
3010
8720
3623
4889
5396
1061
3233
2497
4739
7757
1498
3538
6047
1755
8437
3087
6638
7458
5500
2439
4684
8937
9889
1134
366
3934
5463
8169
4427
89
371
2025
646
3488
2864
4315
455
1077
1702
9387
4833
5159
2563
8360
5577
3407
5906
2274
3829
2629
9450
9589
4405
6799
5298
9090
8776
7648
2381
3561
7163
7451
8229
2459
6903
4779
7011
8270
6394
5480
5065
8563
3511
9893
1446
7299
1864
1718
1617
4702
5082
6467
6193
2276
1623
1881
9985
5713
1701
4526
5901
533
3686
8301
4693
290
6914
7551
7817
6877
5758
7070
8596
6942
4260
1245
4672
8708
4381
8427
4275
771
9463
549
8147
605
8560
9420
7881
4965
4887
7109
4867
2489
9841
4169
274
4500
3215
8538
4230
8142
8973
4563
2244
7376
6557
8591
8107
8415
7245
6858
1611
7215
1124
5133
3810
8393
3197
2318
5150
9459
449
8572
1957
3711
5199
4599
8378
9066
3520
4377
6700
727
3243
1976
593
6896
8569
908
916
9577
4714
3188
2825
6589
7478
4698
57
3180
1026
5174
1120
3760
8196
7160
4357
9580
8064
9341
4196
6479
5739
6148
6311
8226
4073
7608
3612
8024
4561
4874
1387
5146
8362
3253
3426
3693
418
5934
6088
4364
5154
8496
9951
8045
1990
9970
1653
6850
3950
5904
5756
8917
8312
5316
4498
5373
2125
7433
525
8796
263
62
9634
9242
2623
3274
1601
5602
3770
2728
3973
2910
659
265
521
9201
4516
9165
5637
6493
7480
9324
5730
8023
4291
8014
4515
6151
5570
1513
9325
6717
6692
7315
3905
674
1258
5613
3357
8615
9058
4206
4588
8152
4254
6766
2114
9207
1549
5254
9579
6069
5887
2731
4351
5134
8536
4677
8511
2215
4586
913
7687
6602
8515
711
1369
7537
4236
3129
7953
9756
9498
5192
4535
8211
2946
3371
9532
1504
2590
8294
4553
9290
411
6774
4660
2267
336
5996
6564
3498
4113
1861
6964
5580
9074
1259
681
8426
8820
8670
905
6443
9954
3408
8247
1032
4251
7063
5695
3501
8306
4592
676
6136
7150
3376
4564
4062
7037
3270
8232
779
534
28
7996
5698
9802
9983
3268
5324
9046
2891
3092
6239
4156
6351
5459
6680
1330
4752
4569
3312
1612
9076
766
935
7207
3698
157
8439
4753
9647
7627
3573
6000
5566
9187
6520
3449
9279
2938
6544
5355
1152
3647
4509
6330
403
1750
6010
7938
9392
5844
5917
8376
8750
3016
4858
2976
215
6654
9264
8234
9866
2678
6595
8315
9721
684
9805
4241
5445
2751
6518
5764
2481
8490
7468
3138
8854
4057
9389
8395
1402
8589
9119
4595
1692
1034
2074
9803
8190
446
7144
8444
9185
1207
8311
2026
4469
4071
5742
470
3638
4695
8575
5182
8278
2375
5895
7386
8150
7731
1292
5555
8327
5013
2735
7860
2901
9303
5193
7225
6373
5843
9936
1351
3304
3022
2268
5258
7853
1517
5814
7124
6215
5289
4443
405
4006
1314
8121
4882
8269
5630
5359
1816
6764
7999
3458
8474
7752
6936
7099
6338
8160
1545
5838
1404
1712
1539
376
3598
3895
8224
8390
3743
467
8379
918
8161
1133
6917
2828
1229
2745
6468
7617
2957
4742
5782
6392
8110
4030
359
6440
9409
5624
2933
2979
3756
6622
7896
3547
7905
4862
6838
8698
612
9415
9724
5826
7511
2753
5920
7430
5136
7775
5311
1037
8667
4322
2567
2949
6509
4820
8863
6705
5852
5783
1527
7319
6814
3211
7679
8047
2410
1122
777
4144
6831
899
3012
2511
2848
3175
5575
1310
7302
5918
4740
6421
5916
629
717
2822
9683
2637
4612
1752
9141
3156
4989
8996
9316
3706
2427
4299
6492
6268
7363
2126
6686
3800
1130
3321
4910
9318
8501
2505
1116
6555
9749
8060
2083
7833
5089
8364
9053
9912
6408
3534
7004
4342
9612
6108
3946
9129
2378
453
6503
5284
3844
995
2823
9144
9003
4884
2732
8337
4
5148
4168
4577
3882
9890
162
732
3839
3282
4626
2645
5626
9492
1417
3202
6658
9931
2024
8812
1742
9472
4865
3833
2962
5351
8866
3382
1448
9626
2111
2713
8571
7296
7569
2843
514
3582
3625
4123
4512
8073
5349
3112
7518
5958
276
4346
544
6449
5434
7641
4591
3902
6147
943
7698
9460
5131
6591
7210
8828
3059
3616
7519
5536
5251
1240
8291
5632
8398
8760
7625
5469
1177
7488
4662
9713
9562
2687
2401
774
9786
1394
7699
8262
1000
5941
8255
6422
4298
5853
9928
9510
2281
583
2674
4025
8950
2298
7619
1337
6016
9184
9038
7453
4783
5949
1451
893
9682
3050
1146
7391
819
2080
3809
4179
5153
4907
5369
4568
526
3691
5382
7557
8462
1194
9818
9362
2034
9565
3293
5662
4446
3039
22
1654
3571
8646
9665
3748
2292
657
7832
8034
9911
5728
7734
1934
9859
7892
4505
1787
8582
5722
7562
1858
9483
5075
7254
9817
2451
2008
8015
6313
977
7586
170
1592
5033
5729
9148
6727
6212
6887
1307
7638
8106
4841
5598
1971
203
1162
4135
1792
7129
3189
9660
1765
1628
6501
9322
4133
6560
5156
3965
5375
395
2257
3621
4125
6791
926
4746
6218
1074
1629
7281
4459
1112
2368
9642
1261
435
9411
8532
7232
9368
3592
5243
3755
4457
131
1386
4454
4963
4542
3143
4949
5710
4185
6539
2264
1287
4422
8936
2110
6059
8263
2121
9641
1672
7181
3447
3831
2862
5631
2422
6182
9270
8505
6132
772
7726
3076
2336
4691
589
769
2384
854
7055
2817
3840
285
373
9500
5250
6511
9147
4171
2602
4314
1110
6537
4345
464
4538
21
5271
7176
4100
2519
9478
7308
5262
3093
9072
5806
9346
1168
9067
8052
7737
1042
7538
9078
42
9159
8086
402
3311
7815
6481
3856
4000
1090
8156
4032
5266
673
1353
1423
2223
5157
2600
123
4131
6651
3853
217
2404
5263
1571
0
8032
4953
457
8000
2669
5554
1362
6728
386
8141
5055
3648
5309
1068
5353
3396
43
5977
3775
7125
7387
4304
3815
3471
7048
431
9698
5477
7640
6357
3528
9557
6009
9671
3643
8206
8467
6714
7075
7264
6284
357
4019
4159
3999
2423
5849
5939
622
7448
2790
9800
9244
7309
1547
6611
6577
8807
7799
6238
369
2613
5040
5478
7277
226
1669
3405
9102
3204
6935
967
7267
4921
8853
1426
564
209
4373
9092
1325
2935
8268
9743
9716
624
2253
9098
2725
1848
7659
3658
5381
595
1514
2473
1006
1885
5435
5488
284
2216
9927
1697
8945
443
1352
5019
5409
2718
545
4266
303
7288
4012
9485
7294
2969
6676
9697
4683
1317
1567
1605
9350
2943
6343
1867
4060
417
1363
6787
6813
1813
1919
5038
483
5339
6287
7610
1932
5909
694
7930
7812
4327
3594
8628
579
7668
87
9563
9221
8808
7724
5648
1338
100
2696
3030
2412
7673
552
9693
7500
8886
1013
9394
436
2311
493
7158
7823
8351
3290
2798
7490
4041
6777
554
4763
9145
3780
5608
6845
6974
5240
6389
4844
653
472
6656
4238
397
1482
5054
5299
2145
3060
5071
2942
4359
4259
8157
1641
13
906
7374
9852
7856
5952
6337
8498
8463
5619
3011
2181
9539
4347
1350
4310
9116
7546
9055
7081
1710
9271
4642
1073
1740
4056
898
5337
6571
5368
2876
5313
974
2293
582
2948
3645
7161
9447
2382
2149
2781
8117
7041
8625
7895
8709
6778
4111
2204
1003
2299
3284
72
1378
7046
6490
668
894
7133
2120
8665
4565
9091
6315
8541
1658
6450
2348
3478
1075
3777
4732
3572
5732
2117
7503
5213
6694
5641
9501
7662
4922
1995
5712
4192
2970
2564
9442
5226
5274
6154
9774
8159
2895
1418
3957
9174
4189
4390
3653
3718
8244
3313
1399
5836
8477
7986
307
5741
9956
7575
2205
8999
7730
3361
7950
6969
6517
6866
4217
67
1019
5215
4157
4544
5951
8506
3489
2379
2146
2261
257
4596
4641
4428
2362
6283
8094
1022
5800
9071
6540
6230
4764
5186
5057
1461
8971
130
1606
7606
1091
3430
5541
2592
9910
1796
4386
920
5947
1268
6624
4880
5378
6732
9351
5450
7769
1507
8732
604
6224
5915
1553
4360
786
9314
3733
7454
4302
5502
8284
2178
3749
7014
1384
1509
4619
7612
394
3876
9770
5823
8049
9284
6956
6816
733
6704
7351
8330
8083
9957
1555
5322
8299
8966
3522
5202
7239
3559
3084
6578
5691
572
6788
4653
8874
1833
6076
2108
6188
9509
4255
9295
7969
8403
8221
8731
1086
8710
6231
454
5300
1210
5120
4270
3401
7440
4020
3279
7492
558
8341
6131
615
8823
2248
2233
1680
6593
6101
679
3444
6901
531
9276
1253
9474
7265
4821
1588
6488
6899
882
6060
9959
6527
7857
2756
2495
179
7399
799
7447
9272
4149
1802
8671
6945
8629
1912
6474
9689
7009
2270
7443
3650
3029
3142
8101
8568
4697
3475
9464
3646
8573
9607
5808
7521
238
1794
6868
5097
1868
1202
4417
1466
9575
1412
7558
6266
6802
3816
6553
7649
919
7355
3263
1157
7054
923
8867
2107
7477
3924
8747
1235
8855
3725
3319
9382
4122
6779
8666
9421
3024
9765
3608
9629
2464
9353
4483
4120
2218
1741
3762
7114
3722
9884
1846
2487
4541
9278
1382
8260
778
9987
937
7174
3935
2224
7332
8080
3164
4772
9778
8815
6240
1920
1734
1678
7100
3276
8441
7466
6432
1880
5152
6425
1925
2863
5933
4340
6913
2740
3212
7233
197
1599
1855
7525
9648
5452
9856
1125
6299
8787
2679
1563
1304
7439
6938
5400
5923
2518
7349
823
8258
6249
1029
5877
2802
9070
8774
8007
38
5046
6128
5441
8346
7852
2213
6470
3782
182
5639
7177
3391
5924
9419
4987
5140
404
7927
3342
6356
966
8766
598
7259
4265
8523
8087
5173
634
9636
7230
5234
1186
2926
5296
9149
5686
9623
6107
9952
1121
520
9211
2597
7313
133
541
280
4872
2536
6725
8239
3249
310
3883
7062
9945
4151
4897
8436
31
631
150
7408
7116
5529
9681
6198
7401
3757
3680
1883
1962
761
7883
9302
6325
460
3556
4283
289
6923
2004
3033
5530
3468
6103
1436
7600
795
2172
7330
2246
4332
5407
9154
2488
6417
5612
7712
4931
2425
8053
5022
5260
1505
5214
143
9624
4823
9300
4731
9280
1657
7690
8745
6997
4733
149
2411
2898
3741
2569
7220
4923
611
5747
5581
4308
1693
8763
6309
9009
1155
2504
8091
9180
4140
6743
6907
2407
1703
903
1379
7580
3132
360
5056
4520
6739
5544
6002
8901
3956
1685
7864
6134
559
3265
7470
3367
4792
7382
6486
4734
8638
5390
2695
8813
9942
1798
5233
7141
9603
6137
6793
3307
6329
4190
1870
4432
6184
8833
565
1252
4389
675
5449
2258
8385
714
7461
1166
7967
3421
8974
6388
6822
5880
685
2011
1263
838
2540
6442
7623
2729
3778
9582
8241
7353
8042
7108
9977
4058
4692
3041
4724
1008
6818
2982
8140
3535
662
1944
8746
5164
264
7667
4102
2021
6321
7398
879
9849
427
6447
9861
2199
39
5216
8534
2767
7560
9247
8752
2140
3707
7104
3695
1040
2472
2688
506
145
9256
2792
9166
4250
8894
7845
7844
6516
4461
5848
5546
5060
7024
8198
2018
1499
7836
528
4756
8118
2129
8915
9972
2742
4502
8018
2636
5475
338
4065
9968
7373
5433
321
6086
5840
9751
9106
5974
5007
8328
5578
4975
9584
9829
4335
7840
5754
2854
2934
4307
6776
8016
580
5078
7772
3960
3980
9047
1927
125
1376
9833
2964
4225
1824
9008
3427
8214
9170
2503
9438
5822
7810
4148
8249
6575
2455
5777
1497
6994
7072
4385
4846
2006
6989
408
350
4801
4845
9737
9208
5552
567
997
8055
3908
2057
6897
2859
416
936
6804
2814
7958
6773
3871
9177
9034
1875
7199
5959
8213
8478
863
9528
8672
4436
2430
6729
8819
724
6020
3543
230
9602
3248
6934
6996
3970
8512
7897
9251
5968
4632
7885
4029
2349
7577
2332
8733
954
1966
3505
2975
9086
1199
3589
7286
3450
8921
4282
3436
7954
9161
666
1926
3195
6345
4216
1809
3235
9020
5812
1262
9531
581
3652
242
6100
3460
4280
638
2122
3516
484
9383
7781
1468
2717
8972
8674
5891
6968
1343
4195
2683
9246
3225
1876
3234
8607
1890
9524
362
9479
5655
8705
8686
9127
3332
3406
5551
4507
3205
9801
4891
1340
519
1635
8619
7777
4665
9138
7118
7321
947
3863
9206
8205
6775
3823
4049
7305
1244
9762
6310
4625
2776
5137
1084
5070
1888
8254
6489
9224
3690
3687
8995
98
8093
5380
875
6308
1931
4937
8499
8314
8810
5426
382
4297
8305
3874
5288
9586
7785
4939
2341
5981
7767
1705
3719
8001
5346
9606
2839
7066
2331
9118
7471
7090
4246
7528
9555
8829
8647
3723
1620
2624
9601
2661
3459
5305
7318
4165
5744
2850
258
8844
2547
9767
8079
1228
8459
3303
151
9988
5331
8555
4836
1986
765
846
602
4504
9063
980
5785
3610
3811
6869
6980
3316
1924
292
5458
3726
4177
7524
8627
8366
8004
1339
5342
8649
4534
268
2161
2539
4224
8145
6024
5139
8876
9178
5178
1967
3662
4812
6112
5864
826
5607
7688
260
7415
3287
5992
2289
2175
5647
8046
621
4163
3038
1039
8421
5796
5671
8929
9646
3465
1840
9130
4412
3090
2390
5971
9114
3113
5220
7956
1877
8624
6455
5521
7839
304
9583
2809
2316
6228
2981
8495
7628
2777
4521
3373
3168
3005
5961
1474
5364
6359
2573
2815
2930
1373
596
4974
4706
7095
1306
9493
5944
6072
7770
1953
6037
4045
7033
4603
6019
8663
9110
5385
2837
3291
5614
1028
8131
2492
6167
7329
9863
2027
6753
6244
1082
4972
9981
3925
5737
5388
1811
5640
4828
4143
9021
6972
6526
4141
3898
9444
384
2655
1126
9327
6041
5963
5532
8076
6252
1153
8283
8840
5421
4229
4657
8935
3333
7250
2308
2093
4329
7348
5259
1619
8102
1411
2334
986
5245
3933
8300
5287
7952
3425
5870
2115
2106
9984
5984
7728
7185
9908
8279
5596
1775
4112
9650
3812
3177
3369
7172
3975
6084
1220
5037
86
1668
4155
6582
8500
3098
4929
7140
2647
3068
3419
10
6166
850
4797
1105
4097
6830
1757
751
2902
713
3747
2359
7629
9526
745
5237
7371
7092
2190
7003
3004
4944
8904
7540
9843
4421
9402
5424
6963
2458
9064
6296
8473
8452
5579
9938
4089
8771
3190
7539
3751
1954
3709
8010
1871
6667
7275
562
2747
1873
3720
1336
2771
4738
8653
932
1414
5635
7101
2214
7811
5395
4815
7416
5893
4754
5170
6944
8968
5130
4115
4017
3577
5005
4137
9434
1760
2841
5553
227
1687
1422
1690
6709
8134
6876
6138
5041
3601
7334
110
9477
7776
2414
331
8597
1274
2899
7834
6371
4885
8174
3173
1278
1727
6502
4109
9620
2446
7727
7093
7945
8120
6384
9708
7336
2353
768
16
7584
2561
9599
1993
5948
7990
8851
2653
3587
2389
6534
8779
2605
8419
3689
5329
8081
8484
4433
3226
239
3298
4407
3194
3349
7444
8414
2648
7831
4330
6401
3292
824
3310
6975
6641
3365
367
1371
5705
3846
862
5036
7064
3848
3682
7069
7431
6174
5957
3182
1195
5077
5726
8382
1492
3046
1836
8902
1197
2220
1646
6703
3381
309
2565
2625
623
1987
9854
3123
5622
4517
5689
229
4834
433
7068
9676
4031
6426
1663
8354
9440
3971
1928
6387
7671
7508
1107
1334
4466
6424
9552
6255
3576
3595
8716
6211
735
8673
7837
5084
5109
8384
4567
1437
3641
8791
6648
1561
4352
2000
4849
9095
4292
7395
1613
1316
9779
4610
9357
7703
5151
5978
6554
7678
677
7352
2525
1892
3106
5718
2231
5986
687
8048
2956
4116
5481
7097
8583
7643
3661
8652
599
8445
9871
8592
8062
3221
7691
9838
6755
2842
1677
410
1016
7369
1297
6745
6691
6927
294
9255
7031
5389
7592
5798
8022
6504
4452
9845
6933
3692
7827
1804
4900
9726
5394
2856
5873
7412
1459
3403
1403
1933
6513
4005
245
842
5738
9881
9965
5821
5706
5811
6792
7078
9839
3838
4911
6880
5802
2355
3346
6646
8223
2804
1335
2454
8725
5417
586
3569
3007
5772
4306
112
5194
5869
9892
9618
5124
9056
4150
4749
8648
5165
4472
2056
762
720
2810
6121
400
1831
7452
7877
7274
1590
7867
2884
4712
2571
886
4311
5688
6919
6304
3499
5094
1947
1180
7142
8275
8188
2568
6931
7367
6130
7626
8550
5088
9832
3716
6495
35
2985
6572
9725
7202
93
3239
17
8340
8728
2885
3817
4518
9001
655
3452
6094
5341
7419
2689
3095
2954
8837
4786
8347
8167
278
6647
7992
2036
8944
1021
5079
9108
5778
9728
789
1587
7794
515
1744
1012
3869
924
3119
5290
6608
7920
36
4096
8675
9631
9869
3171
3545
874
8955
7829
8723
4218
4780
1205
2909
7337
5105
7268
6666
2923
3008
1762
6632
7639
642
7460
7311
4018
5771
5866
6522
5083
1661
2191
5735
8576
7709
9329
7505
8453
233
950
4971
27
8335
522
3278
7457
1383
3640
5431
9126
4830
3570
6039
7672
2523
4296
2919
2090
3567
5093
3238
6970
271
664
7407
1526
8287
1899
2622
9172
1217
5531
1102
1129
1256
2493
8755
8416
5465
2133
9146
9043
2050
5603
5851
9835
647
3574
4290
3665
7944
7287
4181
4098
9050
2496
3808
3322
9617
6855
847
1622
3885
6805
4087
3518
4991
9974
6279
3160
8380
2764
3223
6894
4757
474
6175
3277
5183
5572
7549
344
5625
5518
6139
4957
6234
4528
3360
8942
2977
2545
5282
6265
4847
4431
590
6362
3281
3560
4367
3899
9899
7735
702
7110
9558
340
2967
8958
6012
9703
3295
1173
4722
8978
8564
855
7456
6948
5839
6243
7973
8838
1299
1036
2698
3841
6535
1160
7912
3714
6508
8988
7484
6376
8116
5704
9851
7568
4982
7096
1500
8781
4725
6872
8401
8409
3258
9349
6278
9497
7661
2559
4370
9027
852
254
5793
7007
9000
5420
4776
102
3532
6542
9645
3340
4649
8658
6536
8096
3746
2821
4559
4597
8522
7023
2991
4134
892
7021
7644
8494
5515
2324
7814
6153
8783
9391
8339
4986
9792
1226
6116
9025
9962
41
2099
5761
5837
4811
2432
3993
3431
7716
4788
877
5043
3131
1433
4799
3457
8334
9798
4533
4463
2102
9657
4879
1374
9499
2890
1941
2100
7567
4679
9819
8338
9696
885
3579
9469
9860
7564
6271
7982
4976
4398
5379
3003
8227
14
1161
1821
9488
7237
575
9947
8025
3384
5892
1206
9711
2917
2169
3380
7532
8070
1408
4958
2005
5333
1593
1145
9830
7262
7159
7751
5938
8680
8661
1503
546
8644
9408
8235
380
5862
4551
6336
7882
9049
917
1051
8480
1030
4598
9576
5845
790
2068
7876
9188
1101
7162
2955
377
2906
7010
3383
7105
4859
9163
3414
6096
7599
7079
6192
2757
2345
1645
6264
1221
1242
3086
2037
8697
8237
5169
3089
5998
4473
6690
8622
8375
5053
2829
4548
5644
8108
4938
973
3945
686
168
4182
3942
4406
4676
2831
6772
7221
1964
5451
6023
3763
9806
6035
7514
1333
628
8368
4170
6815
3027
8276
8026
5320
9227
2144
797
3386
4543
3455
9593
2925
8726
5184
2271
7632
7365
7509
1577
8295
1066
6254
1431
5610
4751
8322
7786
5350
9595
5102
2119
767
9307
3835
8822
8964
1489
6282
8455
3531
2066
7298
6736
7411
1559
4474
7179
9457
9139
5008
9680
6761
107
9772
3500
8177
5791
9922
1558
498
5505
7686
7674
7111
3072
1649
4566
8940
5690
3524
6910
1275
5753
4545
7842
9398
9935
3402
6809
9513
2932
3663
6663
4051
8751
2221
9373
3884
9781
3370
8531
3826
1257
1938
7235
7851
8742
9536
4158
9471
9898
8598
9654
2541
7739
1709
6190
34
8163
9390
1058
3009
6342
8551
2364
9465
8412
2049
7987
1955
6173
2101
4014
9155
1897
8792
5265
3607
48
6807
1209
4341
1149
355
6219
6441
5646
6673
314
5418
1312
3915
8656
6302
9258
4861
6434
4915
3052
6459
9158
4146
1795
4366
3224
281
2417
4145
9791
5765
3866
2321
2297
327
6698
9396
7258
4794
6463
8201
6754
7550
1014
4490
7573
8440
4401
1532
9439
8693
1537
992
8561
8912
9109
9340
1664
3219
3983
7602
8413
4487
2947
7913
1815
911
9564
4232
6660
9661
2350
9594
9930
9560
6999
7084
9151
18
8802
2734
1164
7340
8105
171
1100
4640
5708
2650
3974
291
1651
8734
2275
3169
4609
3104
3137
8537
4721
9678
3918
6472
7675
6549
378
754
1512
9004
5127
8790
4429
5476
9815
9848
47
3337
8233
1980
7805
3469
1917
5029
8486
1158
7017
5138
8181
8207
2372
2020
2409
1568
7091
6576
9622
6195
6765
1495
2470
2770
4309
2180
3736
2793
9475
1851
1017
9643
2065
5069
6381
3362
7187
5779
432
5937
3273
1969
8172
9220
6781
927
6051
8788
3261
5900
8321
1087
9808
8578
9535
1910
1506
7482
802
4104
5052
5871
4810
5767
5775
2265
5692
5335
3917
4044
4054
9837
3745
1359
4475
5012
2635
5740
4842
3296
518
5645
4336
4317
5303
2150
3759
434
3938
5201
964
3887
9077
3256
5564
1973
5205
2128
3443
7120
2179
6762
6451
1776
5219
1733
1405
4631
4701
92
3352
4286
478
8694
4674
800
9171
1704
8139
8097
9269
2795
2055
199
5438
1783
1238
4784
9073
2196
7229
4303
8599
4636
9826
8528
2532
4425
6955
5528
9213
858
1655
2882
6713
5990
8272
2582
1227
3976
4593
2283
8115
941
4510
9918
5930
7934
2875
3267
4209
218
6685
3482
4468
5967
3271
8784
3199
7002
900
2177
8387
8342
9822
6909
7862
4730
9183
8267
9958
9604
1348
6452
7764
8289
5813
3936
4384
1184
3440
5314
4321
2428
9041
9015
3951
649
5885
4136
2774
2449
5304
7633
2135
6416
4519
630
1488
4715
7825
2480
4524
9367
9115
1493
8182
2992
8370
3955
9484
8883
8913
9734
3673
9888
1477
2155
2672
7760
5987
8503
186
7898
135
9533
8066
6405
3776
4669
8546
2148
9453
2710
9644
154
6939
6784
9946
2838
1543
2791
3889
5334
8424
7284
2995
5519
5506
1485
1902
504
7285
5557
5402
1128
9619
2583
5702
7559
7335
9746
9537
2302
6640
700
6400
1610
6106
3806
269
4114
9363
5306
7889
2907
4557
3919
3860
6245
8826
4926
5567
2730
2240
9100
7932
6609
2139
8492
1043
3305
7389
8040
9410
8168
2413
3606
4940
4001
9834
5989
7073
1536
5386
3903
1070
4950
707
1652
4686
7012
619
3108
5875
3968
3073
6953
5874
3878
3315
2498
1554
7742
97
502
9285
6044
5016
7655
5542
7652
7394
1548
6242
3147
85
6790
7342
1397
9082
1822
5527
5569
7005
6707
9585
3250
7341
7871
7074
1421
6083
4349
7087
9506
5404
6415
4437
831
8281
7194
3533
6391
1595
6860
3503
989
7868
8231
3493
2452
6333
5230
8242
1952
1853
8132
880
4711
722
2726
1525
3139
7707
4343
2044
4990
5842
1882
5545
7123
641
20
9991
2799
8208
8862
1860
8633
9784
8028
1479
4868
1007
6681
7157
2045
2878
9490
4639
8910
83
1603
9896
8475
3565
169
1465
9150
6004
6962
9330
5956
5752
9694
5507
23
688
7778
1323
2131
8466
2993
6457
9215
1905
6066
6322
6480
2673
7459
2780
343
5191
856
7291
2136
104
248
4320
4200
476
1458
6105
7339
4962
3754
6842
5347
2306
7424
3767
695
607
5143
4061
7790
9045
2484
6347
9032
9527
3020
8407
1856
9664
3729
8927
4966
4175
1518
8348
7190
8803
4036
6331
6803
2722
8491
3740
8037
626
744
9143
3176
9193
7331
2711
2295
1630
2811
9235
8514
7901
5597
3985
9416
3364
1729
8850
9719
1281
7501
6176
9395
4277
8400
5179
223
2690
8085
4967
6102
6823
1300
9268
8450
4008
7119
2618
5809
5018
6671
5491
6530
141
4579
4129
8358
7946
3187
7361
1998
3023
8887
4350
5063
4912
2697
8435
4392
3372
8457
1407
5768
6233
7249
3122
6471
6853
3783
5108
4162
9039
6396
4629
4376
8236
66
3921
5858
8925
8707
4973
2463
7761
8684
3179
5659
4954
9429
651
7713
9753
8031
7156
8143
7656
3105
1078
8483
1033
6900
3244
8114
6744
8580
7552
8897
9873
6635
7888
2763
5908
9692
1277
9530
7397
4391
2035
3454
1581
4968
7354
5953
438
2922
1471
7368
341
1803
5352
8650
5474
4947
5248
6380
5001
9950
616
139
5556
984
6940
2028
1761
249
8877
9473
9273
5876
930
2768
46
2419
4441
2415
9639
5618
3463
6349
1749
5495
813
7957
6620
7937
7344
8557
897
3897
4796
806
9669
2760
5665
4703
6612
4101
2237
6991
6722
513
9451
3544
6930
1067
839
2448
6379
6199
9309
5277
1959
5042
225
4395
3765
286
8513
5195
627
2263
503
1356
4219
1707
2285
8602
2719
4090
4624
2712
1428
696
6404
4418
7593
8243
6075
3728
3668
1915
3664
793
4933
6710
6221
5936
6275
2269
1409
3417
1138
5399
5142
7741
3107
6067
1642
6247
6826
7182
1767
2720
6523
3984
4337
5905
8425
6768
205
9283
8220
2562
2260
7171
5272
5123
5921
401
4806
2154
9864
6055
9903
1560
8429
5629
2344
7241
7222
8846
3486
4775
4033
3894
5253
4212
994
7316
195
6684
3045
9252
523
6339
7102
1557
4194
3802
6258
1148
106
5942
220
53
6749
1793
1936
412
3850
7178
1137
7666
1632
1233
6377
2441
3288
4663
4278
5621
7280
5731
6981
1215
458
8210
2844
6093
5884
1231
9747
6570
342
187
8722
2615
5161
1839
3094
4717
4211
7422
1737
7393
6366
2769
9820
7696
7651
8406
1159
6246
4824
5763
4328
7056
3096
8454
1979
4176
6758
1467
9761
7383
1214
5489
4876
6941
3527
8374
6546
2612
5081
3700
6723
8933
4718
1266
9518
7618
4556
9101
3101
6902
9610
2958
2376
8363
1072
1772
6232
3892
1172
7792
5932
2403
5679
5825
33
4491
6226
5988
2905
3539
2352
8030
5535
5867
375
7591
6861
1648
2195
658
231
8350
7173
7962
7513
7379
5599
9514
6746
178
6835
2520
6179
2849
6893
4980
7257
5513
2529
1573
1521
1667
7681
6344
1618
9596
5132
1575
2210
469
7366
6820
6782
996
701
1060
5061
741
7624
8381
2544
3262
8405
8204
3217
1035
9405
6054
5432
8470
6817
6882
2022
2789
2405
426
5715
5112
1114
9853
7027
3334
3963
4076
7838
2517
3721
683
9088
8780
3492
3057
9137
3264
9354
4496
4574
5929
9323
6090
9301
3015
660
807
7725
8175
804
8458
2388
878
8919
8067
7276
4798
3000
6120
2997
7693
7613
8155
7113
2433
1048
4769
5863
2759
1050
6521
5820
5928
6615
3148
7131
5017
1115
4550
3198
2143
2171
8875
5537
6857
5972
2522
618
6484
7269
4822
8611
1189
7117
5479
1968
1031
1771
5204
5020
2614
1420
8386
25
8778
2170
4903
146
7917
5401
7553
7200
8608
3990
1055
9123
6420
4869
8133
3218
6208
5560
5497
9964
2675
7935
8257
5815
4710
6390
1945
8296
3613
8099
7793
4514
3232
4261
5911
2812
8873
8739
4673
1203
742
221
4075
718
3566
1241
4547
757
4160
5387
6634
7660
3847
3275
781
3526
6028
8688
5177
5994
8184
6984
8816
116
6146
9741
2386
8508
7822
6726
113
1223
9507
5672
3593
2978
6783
8882
8907
137
4536
2467
7694
424
379
6454
56
1486
8264
9317
4234
5443
4083
7750
9345
8767
7343
9809
8389
6626
7438
3614
9282
1819
5714
8618
9652
4476
5721
3854
5634
2920
3140
5285
3111
6734
2937
7634
1636
2733
946
6235
9010
243
5697
988
7516
450
9515
2724
9097
9424
4110
8594
7572
210
1041
7494
2089
1625
6372
4570
82
4426
3126
44
3991
7409
2765
9036
1746
4318
8539
5406
1887
1929
703
6056
4956
3062
3858
5654
4050
6118
883
2400
4382
1198
4532
4800
2232
4503
8562
7372
8695
8993
9670
3512
2554
3977
9600
9541
8442
4651
1434
8800
3032
2457
6737
2782
2157
6317
2118
6748
8123
1988
3191
96
8308
9443
4650
9096
246
7796
3085
7664
6920
4079
8702
7554
8428
1594
1140
346
8059
5049
7774
3338
9640
6285
3230
3351
2896
7421
1476
155
9917
5588
8878
1455
7966
4222
9293
1660
5062
9730
465
7130
1534
473
9710
7658
3981
7891
632
9294
9659
8660
4470
8941
7204
4594
5583
9712
2418
7704
6851
4078
3496
3669
1904
861
1781
6639
8891
5868
9768
8098
3701
6950
822
5231
8178
6439
3069
3605
3530
491
1992
9169
8404
8953
6445
773
7534
409
9934
9686
5960
2857
2604
4685
311
3145
127
1937
1089
1360
4231
7604
5829
1313
7107
4523
4016
3959
8246
1884
5135
1806
3485
5096
3784
7797
808
8302
2357
2641
5533
1185
6995
7736
316
9876
214
6406
7850
9379
3181
2835
3411
2643
8773
5405
6324
6068
689
5664
2621
7085
7121
4462
9796
4886
5703
8056
6374
2685
2916
8009
1071
4248
788
3435
329
9865
914
3114
5774
5348
4778
9306
2490
2286
5466
3580
3600
1874
746
2549
1487
3536
5126
3495
439
1267
3969
4948
536
2453
88
497
7971
15
1768
2944
4539
6013
9418
2708
2273
7746
7995
9223
6519
1584
5076
1726
301
867
3772
6293
7594
9520
2130
8510
3865
1283
2537
8069
3967
5805
6142
934
1600
7544
7325
5246
5415
3166
6701
3193
300
1841
5128
1530
4983
6688
6217
6633
2174
6837
4707
9023
159
5059
5085
8202
8554
6003
555
6334
8566
323
3649
5709
9836
4575
4875
7692
6006
5890
6465
6558
2783
8443
592
5830
6834
1385
8772
5482
6740
922
1080
9262
2041
3299
37
9133
8845
7585
2322
7428
6843
3537
6500
1633
1057
4819
1098
6029
8212
8986
5430
6926
1759
7980
2339
1295
4537
1607
2556
5827
963
7000
2524
9448
6272
442
3002
8765
9035
704
99
6157
250
9553
991
3739
5508
8928
4959
1095
6460
2551
5636
2096
3125
1596
5113
8997
6951
9240
7481
1523
3888
4371
9729
7242
2184
8261
3590
3581
8547
7018
3791
6712
175
3378
4675
3390
6464
7025
5117
5384
6189
859
9795
1675
7035
1544
1743
1062
4362
2116
6870
1298
9921
7601
9487
6563
3904
7975
3476
817
5238
2015
2230
5021
5816
3879
4069
3758
1736
9094
2542
3507
2535
2185
4411
6034
775
5717
8872
7126
295
9310
597
391
833
9336
7317
8309
4835
680
7904
2284
5436
5649
2670
743
9427
1722
1151
4147
6619
4892
8621
406
2852
429
9068
3028
2652
7683
8027
7243
6604
6385
4927
4726
3036
1001
1889
9385
2030
6738
8864
9192
4728
691
5244
3727
7798
2528
2395
2477
3896
5817
5422
1308
7874
2506
5661
9816
479
2610
6033
3100
8162
6585
9534
4837
968
3409
4305
4583
1088
6015
3289
2499
7813
9335
860
4348
7733
7413
5681
9338
7417
4289
256
3283
5748
2085
5222
1192
8601
4269
4404
236
3420
3343
2159
1027
4085
2999
9011
2016
1099
9793
944
8584
7978
8476
6693
9107
267
889
8238
9356
6206
8956
8613
6438
489
9024
4705
2581
2681
726
6795
841
6892
4009
7545
60
1251
9611
3551
2824
5861
3135
953
3269
2294
7043
9253
6629
6294
1842
5098
4555
7462
77
3387
3870
5818
6109
5412
760
339
2163
3804
6398
5428
6682
2514
8759
6733
8963
7720
6879
6018
5270
4668
3047
1390
3796
1216
8447
1443
4914
5470
8438
4920
4961
6949
5894
5024
1296
1778
9452
2796
6659
8654
2646
6256
6497
2595
5372
4118
147
6976
5969
2966
8165
6191
1318
9785
1780
5680
6561
6104
1193
4762
7279
2340
8655
1777
1956
9313
7019
2662
4106
3229
1580
6216
2880
539
9060
2704
3055
7467
3542
8431
3631
1096
322
9343
1480
9230
487
9179
5281
3656
4197
3324
693
3979
5371
1826
9037
1751
6675
8998
4719
7396
7821
4257
2606
3054
3034
6194
7803
8336
8041
9635
1616
8344
7801
5504
7094
6077
4325
2346
1236
7890
8981
6512
2238
9112
3655
7106
8331
7122
8357
9895
5736
9238
1481
5377
9827
2705
998
5687
2250
6087
4331
740
7941
3773
5565
7510
507
4249
9348
2603
5227
1163
3116
6368
8176
5757
709
3413
9655
1738
7029
6473
29
6789
6361
9905
8072
7238
8326
3672
4648
1347
7136
6550
6580
6586
5750
9953
1696
5468
2013
6908
6169
5232
318
2847
7607
2632
9029
7375
9287
3636
2886
2752
712
4077
70
6458
1639
4066
68
4095
9573
6435
7076
9571
296
3155
9842
4627
4925
6801
262
2105
6696
7080
8137
5604
2959
9929
2373
1700
1647
3988
8636
4893
1972
2609
121
6080
3416
9605
277
5297
4313
1698
4271
494
5819
8918
7364
5935
4464
6318
1076
1829
1381
6017
6186
9248
1293
6177
4581
993
8835
865
721
4857
7960
5319
2558
5206
5171
8071
2421
5643
4024
4890
5090
8948
5669
3153
2820
1923
4467
3474
3013
3832
1713
1908
9378
1674
4647
9649
2152
2479
8931
6840
7919
9222
8906
4758
1637
7576
4984
7209
4741
5160
890
7878
9321
3517
999
6237
4682
7848
7893
4576
1094
3424
9638
6735
3717
4904
2755
6352
4878
9436
6590
9780
6757
2521
3797
1254
3916
6506
6111
4186
8706
4855
279
7884
9549
2904
1996
90
7880
1900
7253
2874
1797
1501
2314
5587
490
3626
9014
7455
6070
832
4003
496
2031
9229
6874
7981
2235
3231
1438
9205
2611
4604
2476
2245
3786
2855
3251
1963
1965
4743
843
7974
3490
1496
705
6261
6363
2572
4139
4107
138
8685
6771
8939
2259
9495
4634
1118
7647
5187
1812
3510
7824
4126
8266
909
134
5834
7894
5338
6905
8961
8641
6129
6998
8620
3671
6270
7997
4117
6402
8154
8926
7155
3562
956
7646
1142
8754
6078
6965
876
2778
2317
3348
9370
5080
4301
3873
1529
1470
5493
9407
3619
6653
4530
8482
4527
2337
929
2019
3696
8769
2104
3144
2067
8464
8077
5340
2684
5397
6140
4608
5087
2176
420
9214
9081
477
9995
708
9598
9687
9878
8690
1598
2638
979
8827
5410
234
2617
1985
7186
306
6918
4086
6697
9963
3110
7347
9783
4750
3088
8856
4010
9342
6386
3240
5576
3065
5361
6885
9658
857
9906
9168
6821
4378
8253
864
6979
4458
8036
8730
1366
5327
6864
4606
1756
594
2553
1896
2914
2574
7650
7755
1425
577
8310
6786
4414
9707
540
5970
9755
3336
4727
3040
3127
8880
1322
785
6307
9189
8286
7496
5448
8530
3392
6652
5000
6165
1291
9069
3067
463
3237
8065
1624
633
524
9381
7218
4323
3389
1219
6763
4930
2319
4602
8626
794
748
5261
4839
2475
6533
7406
2225
1311
2758
1109
492
6596
4560
871
4142
3660
2397
6594
6871
1753
8146
8451
5617
6711
4529
5291
7820
3604
9773
8610
419
4226
4687
2460
6636
3900
1872
3920
5356
5336
3819
240
6446
1303
3787
2391
7939
9099
5787
7442
7189
9254
6915
3079
4374
8659
5228
9031
6214
9467
2079
5743
4590
2887
80
1604
9296
2500
9614
91
7630
8692
2971
3681
2727
5370
2928
9937
6859
1891
5955
288
5878
1401
69
2773
3930
3091
136
9007
1913
3063
6259
6021
1232
4661
192
2576
1248
9352
6383
2081
6678
5803
7060
3077
5539
7841
164
4264
2406
9924
9844
9847
6865
7738
7773
8789
8019
6993
8951
5116
8471
4848
3597
4288
5946
259
1364
7289
348
5208
6123
7818
6825
6071
6971
1650
1004
5584
3461
8664
4243
4481
2494
4127
7682
8836
9511
2077
2589
4789
9559
4768
5239
915
2579
2380
667
166
3872
3201
9581
4854
6829
6074
9430
1886
3494
6306
7006
84
8603
3678
6730
2173
3949
9030
9360
8228
4605
8298
9423
5964
5674
4172
7022
3462
672
7312
4445
9902
3066
5015
9813
9932
393
6677
1103
4438
5307
6323
7543
4666
3830
6065
848
8847
2420
6898
2869
7566
5276
2201
636
7684
4501
972
332
9308
482
2046
4765
7180
1673
4208
6592
8590
4829
9461
7645
962
4883
3080
3157
2779
7653
8282
2062
7847
692
4766
8975
6236
5897
7906
7929
7706
9393
9894
5028
8805
7463
7807
5611
971
3628
6983
5473
8280
6702
4040
8814
9625
8609
6095
8717
8542
8909
5824
7702
5675
3712
9735
5457
358
2682
5362
282
845
302
7561
8980
6547
959
8217
5799
8713
698
9909
1065
216
5638
7916
461
5801
8074
9685
6661
4092
5286
2706
4276
2486
3828
3203
5200
4393
8164
1396
2659
6365
2649
6257
9776
7622
9691
3354
5899
1621
8095
921
8166
1922
4985
6846
3245
4372
606
9320
6187
8417
548
1139
2527
6719
3676
6014
9699
200
7787
49
6062
7135
7780
2393
8533
1686
5700
1644
1970
7870
1247
8786
1288
9701
1046
1490
5795
829
9218
3363
7356
1779
4103
4353
7669
9754
1279
7723
1823
9200
2443
8487
7086
9504
4068
8119
9312
3246
3301
6046
3314
7300
1903
6668
7493
2557
6298
7740
6613
9960
2280
7536
2963
3400
3109
9496
4720
9502
6292
7936
8199
8063
4402
6369
4748
5850
1791
4713
2447
4808
6209
3586
4814
2211
9234
7226
3227
783
1838
7700
7044
7994
6543
837
8741
7345
7
8687
5454
4272
3914
4108
7657
1631
6158
3388
844
4670
4607
4397
3880
8527
4946
9543
9637
3997
4267
2845
3326
5663
5857
9940
4004
2693
7828
6223
5973
955
1540
8054
553
5509
8893
639
8411
661
3473
2482
8943
4082
836
7149
6510
5696
2546
8860
6038
7872
7753
6144
8103
6657
512
7689
2989
2186
3241
9209
1706
9225
1732
1659
951
8552
6494
3432
7303
6856
4601
6141
5064
8579
3525
6269
2087
3953
59
9790
7388
1439
3766
5991
9588
8965
3735
7517
9022
3070
6410
5685
5658
7830
9979
2699
8859
5225
2048
3320
2249
40
1
6418
9933
940
5807
5582
4187
8727
4870
6453
3704
9454
6588
2305
2601
315
7423
8892
8801
4046
8520
335
5484
9191
6411
8410
1898
7719
1473
2
7722
8721
4589
9722
6170
5628
8050
3043
8173
1683
6929
1565
3418
542
7251
7972
8135
8938
4628
8006
8359
9286
6794
8982
7911
6988
1782
2222
3446
5910
6631
3644
3929
723
4099
4917
3031
4022
3732
8423
3737
9788
1845
538
8377
5492
9033
2398
9135
2227
1520
1469
8356
6159
8983
5913
1020
9494
9441
9915
7441
148
5210
387
3793
3356
8758
3167
2627
2548
8449
830
207
8949
6863
1570
2296
8509
2436
345
1305
5318
8799
869
9428
7771
9018
3350
3165
8185
3715
952
1715
5101
4709
2300
6001
3861
6036
4877
8869
7495
4167
9656
9732
8432
6759
9717
4423
2228
7224
6844
5211
5498
805
3994
7436
5158
2805
6946
1002
5068
9615
3325
9297
7153
3635
9764
2686
8383
6600
6973
2333
7216
873
9062
2151
4252
4449
7714
2879
7385
7028
9923
5855
8682
9204
7854
9733
9326
6491
3667
9706
2033
2723
4803
9122
4424
422
8567
7205
7169
4558
8989
1174
6928
3037
2580
8332
9117
1011
5444
3394
1187
8353
398
2677
8600
4188
6149
5534
3300
8832
7059
3637
172
888
4906
1289
6429
317
5694
2736
6867
7449
3422
3481
8637
2239
7795
1694
7875
1626
5483
8715
7806
9980
3799
1591
4508
7310
7206
5125
1774
3779
6251
5660
2715
3931
9299
4970
4453
5067
8737
2075
6538
7231
2064
2209
3998
8811
194
7910
9195
1170
1255
2309
9414
165
8517
5854
8521
9400
8273
7465
6353
8349
7175
6627
5115
2813
190
5010
6207
7563
4215
5600
1691
6427
3141
9900
7587
5103
3099
2208
3996
3634
887
734
1764
4943
7859
475
383
7414
9476
75
5416
3651
7886
2365
201
19
2927
4935
9384
4486
5464
6679
6598
6113
9702
3508
1862
556
3150
8194
2059
8959
6289
3584
1814
2861
1906
2123
3255
5512
4618
9198
95
7940
8215
3078
2586
183
1406
9752
6367
5976
1344
9132
8818
8967
3162
896
1391
6617
3578
8922
4840
550
4908
5072
3932
4951
2797
1818
5999
5561
8316
5114
5047
4981
8545
1717
1879
2501
2908
2911
5919
4643
9574
9544
812
1679
7016
2141
1533
2054
3514
4242
6456
8397
1319
5828
9679
222
9274
6178
7148
4480
2608
1093
9292
415
3789
1237
9182
8529
6839
124
9522
1165
7208
8090
6916
2313
7234
8848
63
8489
5678
7236
782
6848
1869
5605
6854
4787
1586
7271
9993
1720
4655
7522
6403
6295
625
103
352
1817
8753
2112
2534
7278
2434
4584
7127
9858
9079
7582
6599
5684
4485
8669
7642
1079
7915
2660
5886
2325
8888
9578
4178
3825
8738
2826
7426
7908
7324
6431
7556
7045
9199
8985
7139
61
1440
8535
5423
5188
7350
235
5699
1176
6414
3659
8183
2873
213
3827
4128
6573
8149
3875
5642
5980
690
5279
5367
7223
3379
990
7146
8890
8248
7020
3603
8468
4184
6061
4479
7784
1320
2047
8518
8768
3200
7320
1865
5455
3146
5517
9412
6496
9874
1907
3768
2866
9190
8701
7816
6808
9973
2620
4213
8465
2903
7260
9364
3753
7333
8012
4199
3742
1714
374
7680
5414
2787
8345
1009
4549
4613
5048
1454
3103
7168
5804
81
1054
752
3857
7083
3025
2702
1398
2671
5107
7583
6605
9344
108
8391
3550
5462
2700
6409
2516
6312
2203
3174
1916
4871
58
3395
2431
9291
4388
