8237
7842
5757
8680
3321
267
6205
437
7060
5439
58
6279
7431
2784
905
5006
8498
8896
9286
3648
7149
6094
745
3398
7956
9888
7563
832
6394
7260
7562
7211
9083
9945
9893
729
417
4720
5852
3498
5845
7957
831
8877
2868
1020
4644
110
3466
8838
482
8061
7067
1499
9789
5710
4703
5502
2325
9426
702
8254
2612
8206
7886
6859
7306
538
3444
4375
2424
707
431
773
8620
2921
4021
4068
4822
3486
6702
144
5305
2530
224
1594
1011
1672
2239
5413
1510
6562
4346
2793
2674
5965
9836
547
6675
8760
8957
432
165
3463
5053
1785
3224
7219
7900
3706
6399
8931
6262
2032
2470
6489
4082
4248
3355
5201
4104
8065
9501
5414
4595
4575
1506
8489
9851
1475
4692
7493
9378
7048
916
2182
9408
9446
5139
3277
3376
703
917
282
1196
5993
4107
748
9874
9660
9324
2817
8902
9564
6643
8939
7859
9635
6160
2363
8407
3488
3971
193
1690
8604
2250
4302
3804
8095
6877
3840
630
9632
5846
7870
1304
5307
4508
1852
5682
7186
7089
6256
5098
4465
631
6812
5154
9074
6895
3100
763
9176
124
1602
5613
8316
1273
5408
8637
5651
2581
6508
9688
9602
8041
7237
3380
2244
6614
3595
1310
8616
9266
9729
5064
2226
6438
6402
1114
6485
1112
1512
9934
3437
9033
3963
5279
2907
2562
3354
312
9038
6192
4525
9237
5788
1668
5867
7285
379
4730
8279
7606
211
7996
9745
3370
9672
5801
4892
6983
5545
3563
2144
323
483
8513
9503
9369
3893
3430
1002
9316
4603
5112
1232
3729
371
4731
9535
7775
2420
6291
750
701
2131
4566
9062
4396
4937
3002
2112
3248
951
4007
4806
1332
5175
4338
2765
1368
2255
6698
8662
9665
9175
4829
2575
150
6539
754
6685
7008
5498
588
1483
4693
9466
8682
7380
1981
4526
9405
5043
9315
730
2886
7967
299
8281
5877
6697
7071
9516
2201
1866
4901
3605
4308
856
6778
4127
9350
3819
4733
5743
79
4940
8310
1342
6168
604
4626
1863
9541
5051
2123
5365
963
6570
8754
9615
3077
2878
5378
1621
9838
15
7310
3761
2358
4310
9876
2488
376
4880
9212
1875
7990
286
9732
3018
3642
864
6406
3465
9444
5450
6276
7249
5114
6232
6663
3096
5895
5559
7610
4546
8660
5615
4619
5376
389
8756
1328
6148
381
8801
5494
2831
4145
8969
6401
3234
2067
8232
4881
8481
2071
4242
9922
9274
5792
5039
2259
8630
2974
1915
1305
4628
9530
5722
1400
3280
2926
9519
3901
5291
2893
7782
6303
9436
1989
7175
8893
9287
7461
2814
6555
2360
8008
3371
9508
4605
1964
4419
2183
9689
4570
7695
943
8491
1015
8602
4796
7611
3590
1193
3509
8358
660
8537
6530
5944
602
9954
9658
9119
9252
9878
1087
7712
6169
2125
3366
459
5248
5056
5389
5371
7855
8947
2644
4240
6599
3809
1257
1786
7284
4105
5227
3787
510
3123
5599
179
1197
8525
3655
5985
9707
3794
7776
7243
1982
8992
2347
1599
3294
9580
4519
3955
4939
9588
2523
2427
7194
4071
4293
2154
7593
7972
6028
4276
3395
9556
3530
8671
5459
5267
4765
7675
8323
4305
7265
8959
1009
97
220
9714
3447
5029
999
4449
5519
7184
3929
6124
6760
4938
540
7155
6430
691
119
2729
8120
386
2510
2543
2971
3772
4573
5554
1910
1415
7950
8119
5363
8898
4489
1468
7317
9834
9498
3135
4586
4456
9075
6640
6370
9809
7040
7818
7796
127
787
6330
169
3826
8087
3048
9410
8402
1961
6831
4146
2661
4523
7077
809
7156
4564
3898
5872
7583
7403
1640
1769
4220
7511
9616
6919
4046
6653
931
3739
8446
7928
7656
6362
8004
8956
3361
634
3981
3852
6811
5190
2843
3435
2133
8456
4016
909
1445
8921
8624
8532
6542
5603
0
2391
3705
4002
81
8159
6367
5650
6480
936
9538
7304
1399
1710
8075
9943
5742
4848
9168
5712
9601
6236
7948
8150
9671
5344
9142
6531
9494
7542
2733
1047
1513
2002
5318
1140
9547
1124
5987
5132
1992
4691
6790
2873
7710
9135
3829
1826
7425
4164
3013
4747
4770
1150
3131
2080
5350
3612
6952
4290
3007
16
4077
4292
2940
89
539
7698
7452
5989
5108
2389
5083
7328
8148
4961
9159
863
1669
7247
3964
5759
6780
9127
854
2155
4233
7467
1269
328
5732
913
7874
8464
1797
1867
388
5457
1847
7045
5624
3207
7192
2009
7904
7469
1534
693
2160
7289
8688
5862
3159
9375
1734
6934
652
1201
5598
8412
1659
8572
3283
800
1794
3613
6290
1255
867
1930
7828
8015
8364
3855
4847
6672
5563
1970
7774
5021
5087
1726
818
2481
4169
8179
9120
1751
8827
6299
7006
7055
3770
4769
8511
9855
2618
426
2219
7359
3790
2611
8837
3041
9791
2049
3558
90
6625
8196
4163
1802
6070
2706
8872
535
3044
9772
8899
1380
4802
149
4317
300
9418
5217
9226
2090
1470
8752
744
1500
41
7228
356
8213
2158
5794
8920
7728
8627
6727
9921
8304
3145
1228
8586
1424
4695
1104
9800
8906
8772
5369
4864
4184
1479
4513
6309
1354
6693
3060
2969
6238
6924
7651
1496
5105
3882
6595
8884
4621
2398
4283
4932
4114
8897
9203
7684
181
6696
8822
4266
5804
5560
4830
8743
5496
1303
5317
2137
5113
9040
8779
8174
6106
6713
1722
3885
5919
1218
7663
1997
9101
8275
3990
9010
2702
5819
7601
5894
2243
1579
9924
263
3116
8327
5775
1644
5026
6556
4408
8669
1514
3202
261
1756
6118
8778
7750
6255
4618
5676
6022
5294
6645
9335
7270
6507
9332
3058
271
9211
7556
3666
5940
262
3820
5297
8526
1955
5187
6683
6628
2822
2094
6375
958
1531
8988
4920
1573
9158
618
6854
1546
7414
1813
3685
7377
1169
3449
8419
3231
3534
680
4340
7224
5570
929
8606
5922
6707
9871
5265
3919
1572
8724
6634
6302
2446
1995
4154
2174
4949
7971
4269
3723
9473
5215
3807
3070
2006
2272
5483
3335
7340
7897
5121
3221
5242
717
2536
3630
164
9443
9435
3178
2408
587
5660
6564
9865
3166
9467
3764
9621
9966
6876
1259
122
9028
1543
516
8940
5366
808
1732
9304
5789
7314
2732
7435
3098
8340
1071
4093
1116
5691
9603
5717
8058
5282
4063
2778
8744
7739
1715
7690
18
5161
5511
4235
2484
3206
3578
6100
2463
3678
536
7762
2362
4688
3870
5041
4799
1295
8047
3369
4665
5699
9859
1864
4332
1783
1003
8341
4572
3495
6010
4744
578
2303
3713
6011
3459
819
2354
5705
4593
1423
1407
862
9955
8372
3344
9637
1789
3353
6186
1939
8039
2747
2727
8468
8506
5887
7492
5957
7860
5740
4596
2855
7576
4217
3389
6761
4958
1717
1249
5080
8580
7768
3697
4311
4792
4282
2038
8231
8117
4963
3022
2609
6848
9470
6611
3511
5277
8697
6519
9563
8303
4250
1451
4781
2328
2684
1821
3490
6360
5520
1427
6504
6422
9322
8319
806
8717
5671
780
3436
9551
7986
6432
1226
1643
2012
5745
7946
2856
9891
8152
3195
3152
7189
9459
464
6274
3287
2417
7422
215
3728
4380
306
5274
6817
8218
834
5362
3004
425
7407
1411
1673
9636
7506
8885
4503
7329
3130
2518
5547
3793
8596
9133
2744
4383
6813
6074
9897
8907
1975
9577
7578
8577
9515
5781
8438
6356
7063
7628
7266
7385
320
3235
8195
9166
3704
7430
3315
1796
7441
5995
9288
643
7631
5436
3701
7394
7106
6638
358
9386
3211
7802
3588
920
8166
5715
2482
6275
6909
1
8789
4027
2531
7821
4842
2217
7215
5955
5606
3668
2441
5438
8673
8557
326
1086
4918
8103
666
9063
1410
3494
977
8333
1724
4170
6688
2625
1882
6374
7174
7992
9936
6057
7565
1288
6739
22
1707
8069
9763
9768
3673
93
8018
4361
429
9542
3586
1590
4196
8538
6961
7949
3177
6082
4520
8615
5706
175
3603
2621
1250
9868
9297
6381
7101
4479
3542
1039
6346
9961
7595
5830
1541
6548
4843
7581
9300
7961
8692
5331
8337
2343
6014
9543
8050
7462
190
5730
5306
7700
3709
6135
330
8078
9250
2274
4200
1692
949
2672
7744
3497
2854
6825
5495
7854
6096
1282
411
2804
8073
4774
5480
6143
1708
7594
8721
1334
2181
4448
4136
5523
4247
8440
938
6226
2070
3954
8314
4589
5395
9998
1664
7126
1431
9366
3293
2939
7839
8032
6561
3962
1787
2318
9361
5440
2005
8527
9992
6907
1562
1880
9721
1081
9940
7062
1637
4464
2903
9093
719
7448
7734
1322
5718
7559
4406
5942
7726
3031
1219
2238
3768
434
3111
8858
121
3987
2891
6933
4583
4085
5264
3113
2786
9469
4973
2901
72
6734
359
136
2285
9114
6273
7364
6113
7968
513
252
6249
8221
5535
6071
9198
9701
9317
7290
4393
6283
7704
9869
7465
8255
5099
420
3378
1767
6719
8545
9003
9394
5467
7404
7683
8781
273
7546
9664
3165
7749
6577
3688
6103
6503
2035
6997
4125
4076
4130
1267
5333
9604
6411
5202
6943
4041
4151
2962
8013
9752
3891
8698
3969
6694
9806
5286
612
3909
6816
6832
5314
92
2089
8157
2084
5585
2329
3620
9451
3696
858
5255
4225
2550
5423
2429
9807
1175
2787
4926
4337
2768
7819
4896
9433
3481
3854
6569
8972
7584
5164
5586
8998
8132
6965
675
6450
1154
7534
6835
3171
9774
4548
454
9392
4594
8033
9178
7307
1360
4681
8674
9313
9051
3835
6142
6151
4917
3011
9088
3695
8422
2029
6894
5892
3404
3606
6996
7130
7635
6516
153
5368
783
6067
5966
6988
7391
3904
9863
6939
1551
3026
4978
8457
29
1917
3715
3188
9025
2246
108
8758
2522
1950
1958
5288
449
5094
9573
6787
9115
9390
3357
5823
2148
1791
2930
4379
2151
8949
7574
7623
403
4756
8274
6112
6382
7722
2169
1040
9356
4851
5549
3260
2983
7951
9980
4719
7409
3757
944
7811
9645
2569
4582
3735
5149
6472
3017
8993
8403
734
5476
3863
2117
8016
6188
4625
214
8531
6603
1805
1686
3988
302
8034
6095
1979
7803
2797
4612
6366
7072
5090
6001
7725
2728
1990
6776
820
6408
4839
8383
5565
5258
3095
2216
5034
7398
9634
6554
5756
8493
9981
8502
925
3974
3742
5372
2976
3643
6157
7280
1075
4545
1508
8128
4288
1631
3423
5551
6220
9773
9110
7523
4480
7388
9339
965
7230
6656
6294
889
7936
5930
7592
1008
9526
8096
2888
1057
4103
8202
499
493
4140
1365
4485
7537
8997
8739
2880
4812
6904
6435
4849
5619
4013
5663
382
6875
8910
9690
4486
4034
6560
1858
5820
3080
593
6072
2013
4162
3267
3519
9561
2583
840
9259
574
7522
6571
7625
9423
7958
3699
96
9265
3061
4653
8477
9454
8053
1158
5592
6265
8507
1907
6963
9346
5017
9271
2715
3055
1261
4212
6147
1330
6349
5532
4797
6380
6829
4285
4372
6240
6434
2106
8492
8561
8042
3233
6917
8210
1633
162
8278
9391
9065
2975
1966
3356
669
441
5015
2963
1063
7134
2852
1291
8518
6392
7315
9134
2686
8623
2467
8453
8500
5301
3296
4055
1163
9887
3707
1746
7190
148
4945
7027
9579
4188
3169
802
664
543
807
861
605
8636
6424
3037
7566
3104
5666
6898
9047
3275
8968
4412
59
794
762
9674
6873
8276
2093
4423
4003
3005
5635
6720
9537
1425
195
6994
6982
706
570
4074
1241
4662
6185
5879
439
5420
9685
4512
3360
5092
6493
1217
1396
461
492
7343
4205
7849
374
815
511
8463
7204
7687
3619
7059
4960
8614
1359
4401
2830
1252
3149
6090
7387
2959
9079
7831
6718
8505
7074
6373
249
4904
384
2455
9574
8192
3806
5772
8799
5234
8240
5435
3999
2387
3106
4234
1517
1815
4133
7529
1323
4872
6498
7410
4557
9912
2073
3228
5815
5949
1870
7701
4921
2194
2668
2410
2188
4527
2499
5293
6475
3434
6558
6872
4343
2334
1761
2313
9437
3635
8312
1084
4971
5831
5120
923
2300
1373
4132
8267
2876
207
5000
1570
3506
7466
2941
210
7139
7889
3276
3622
1070
1490
3525
5814
1356
5063
3042
1501
3731
4176
2658
3388
1959
7054
4567
402
5647
1058
1699
8995
6469
9942
2919
9824
4745
1393
9309
1028
7752
4784
8354
2277
5206
8788
7381
3812
1139
7807
6586
890
2806
3190
5434
3273
2628
5176
2860
3154
8632
2034
6004
4161
4006
131
2877
8098
8044
4674
7471
7533
5607
1029
5669
8394
5979
6646
5767
9353
456
1839
2099
418
216
2355
7883
5336
7840
7049
5191
8494
6695
608
8155
2890
7039
1162
4661
805
344
9383
1836
3212
6061
4284
5791
5239
8690
638
3529
6414
1480
3180
3670
6793
3099
9890
3441
9370
4213
3485
9827
3301
8875
1485
4521
9700
548
5920
4700
9138
1101
7239
2902
9695
9201
4675
886
2330
6602
1374
4280
8201
5798
9949
9402
191
2790
3996
4509
5739
1737
9607
1386
1321
553
1129
2889
7150
2081
5068
1183
3198
9345
3471
6207
8809
1587
6162
3000
391
4947
2323
9479
3232
1735
6632
9364
2796
1682
4120
6288
8094
7827
8593
3239
2044
9593
9549
5023
5507
4318
3076
4871
1842
1179
2320
3223
9747
2431
6711
8642
1367
6235
5381
4969
5284
155
9828
7200
1353
6282
7083
8430
948
7183
698
8023
4395
7037
3117
6589
4236
1639
8651
5140
7216
4542
8369
6800
1953
902
8209
3393
9991
9456
9284
3747
9269
5163
3869
8514
1798
1059
3848
5550
5572
6123
1926
7322
8554
721
218
4604
9275
4989
5568
9548
4457
4473
8160
3208
7372
5111
5422
5859
2677
9797
9520
2237
3461
6452
973
7686
9049
2092
5441
5628
2337
8715
4711
3203
6183
7521
4696
4092
8418
6247
626
8091
1598
9562
3671
9651
7841
792
7390
1738
5661
2774
4600
4578
1624
7348
7787
4459
2760
1647
6946
613
636
2527
5066
4429
8106
6199
4421
4810
9412
7330
9913
8635
342
3775
2295
9164
6363
2794
1481
7645
8400
9552
8848
9048
1661
3146
7705
7935
5042
2952
1469
8816
1068
6481
42
2251
4363
877
6066
7815
9139
6992
9625
4749
8909
649
1263
5487
3956
8449
9480
6179
5750
7384
3051
9737
6666
1568
4376
7516
5485
423
4831
4277
8841
5689
4550
4819
9569
2346
9985
5432
1727
2490
6300
6164
6515
6292
1135
9239
3510
9413
7218
6333
5081
2223
1823
2540
8317
3473
9323
7792
3158
3547
5601
4020
6620
6050
4764
5614
937
6120
8930
9453
4249
2620
8136
9071
7082
9327
410
117
2719
6126
8045
1299
9849
5828
35
2556
1498
4153
2048
1581
6742
6144
3841
7309
5464
8905
6993
6815
2651
5697
3452
4402
8581
6754
1625
2423
5429
8450
9825
502
8219
177
2171
1464
5052
3741
7320
5810
1652
7346
7779
5639
4278
228
590
9995
2060
250
5835
5390
4870
3331
6912
7801
8846
6714
1770
4157
1369
3336
5890
3766
2301
401
8640
2040
1375
5655
8718
5089
4159
1006
6009
3133
1848
9294
2773
7061
5466
7386
8892
7191
3776
2449
7499
739
4472
5037
2546
2938
4053
1079
4265
1758
7234
2589
9676
9434
7323
3350
3937
2828
1932
5131
6750
4316
4707
990
8413
9595
7421
987
3016
9546
4222
7609
2489
9293
4407
1213
1049
3639
1309
8522
1924
7930
1091
7823
8814
1951
5417
8270
1666
7740
4088
5834
9697
8550
9598
387
9610
7463
2968
2091
2676
2713
3681
198
9333
9883
8962
2585
2432
9854
4390
4447
2557
4142
9586
8079
1453
3010
3940
4
8628
1382
4680
2795
7666
5236
9646
6052
8961
1693
9149
5230
8381
6278
903
7168
7220
8979
6798
625
2315
9117
4253
6180
3952
9896
8346
4818
896
8866
8981
2632
3640
9349
6269
9053
7974
5125
1985
6161
6284
8301
4599
4913
980
7258
2262
465
2228
2820
8855
1942
4631
6337
5864
6447
1771
940
6820
5329
6506
6069
115
6005
5569
2361
1416
9308
2869
5634
8700
3318
9174
9517
5133
9796
5188
9170
8257
8038
3204
2409
2634
5958
1258
6224
3682
7955
5332
5951
1860
7494
3941
4437
8019
5896
1200
1403
7994
9521
1073
972
4096
7633
9784
5646
137
9725
421
5746
3237
2211
5984
8380
727
225
6833
1505
6860
5228
5678
847
2023
5514
1628
5946
4588
2497
6751
6463
7525
8605
4181
4608
5431
961
9713
7500
6936
9699
3846
8002
357
8548
6047
4203
2440
9262
2281
7254
7375
7833
7716
4403
1554
8465
6968
8064
8564
5802
6795
8408
7065
70
6040
6925
5761
5116
5153
1716
2493
9196
8409
9522
2704
5455
4965
9532
6927
3816
640
2399
824
5696
6929
6658
9377
8271
2014
3043
6341
5
8421
1947
3621
9296
3047
6510
6686
4775
5298
6448
3036
6056
3691
8177
6471
1366
6926
7195
413
4028
9163
5247
8062
5600
814
2675
2881
8626
6879
5901
532
1888
4658
7598
5107
2128
7064
8736
3429
5891
1064
4577
8528
7966
8339
2375
8970
2791
4925
4860
2989
2741
2689
9669
6054
3218
1452
6023
9529
4910
9766
7925
6027
331
235
7513
4610
2373
2512
7233
3409
3923
3587
5959
8027
9424
7212
6019
8904
1684
2842
5833
7685
784
4639
230
2077
5913
2377
8311
607
4752
240
4758
5687
9054
6190
6110
3281
1774
460
9698
2872
3086
1017
4080
8987
3698
1239
3292
7891
3069
7291
3062
291
512
4362
1519
5809
2582
6537
2063
9126
66
3859
3686
4563
2267
8410
9089
8138
2924
1709
2336
2400
3813
9715
7416
3868
6334
3046
5022
1221
6449
1211
4635
1777
9415
8431
3362
6499
8813
7587
1030
7018
542
3734
7259
694
1327
8798
4182
7268
9225
8908
506
6763
8006
4713
9614
9584
3980
2887
3019
9733
837
1026
4320
9803
5002
581
3245
9146
2486
446
4964
1078
1757
1083
2949
6704
9793
779
7012
6665
8186
6981
799
3907
3285
3103
1062
6321
2571
981
935
549
914
3492
2020
6105
1511
1711
645
9230
565
8142
4773
8517
2603
3774
6136
9524
7036
7177
9533
7519
5533
5928
1873
8031
3875
9558
5465
9004
5162
9724
8261
1895
4869
303
4723
6893
6884
9276
1287
9488
7746
8005
9202
1102
7073
2241
7451
213
1466
5587
2993
2725
8705
2501
3213
6457
5167
6410
3418
8371
9933
4030
1800
20
1603
6842
8675
5953
509
9020
5280
9095
476
3420
3825
9757
8295
4039
9999
6184
9810
269
5028
7530
276
3948
7086
5521
8644
4772
9486
6630
4392
7050
9264
2965
7501
8332
3442
893
6127
1441
5529
3056
2627
9447
3911
1307
6594
345
7851
7997
3482
5208
556
5906
3015
3652
1178
5143
9989
8657
8791
6404
6679
1713
2352
1121
7896
4365
3343
9061
7738
2933
9879
3503
4255
1429
690
1618
5383
5019
62
289
8942
396
6885
244
6580
7428
9682
3477
3115
1537
2599
3528
5232
4885
718
869
4314
9758
6738
3164
9599
8551
5934
3067
2844
7560
2529
8382
6271
3539
6281
5643
7758
8391
5196
488
629
1899
4827
615
1100
2157
5653
6667
8540
5238
6509
3484
4418
9152
5388
2496
670
5544
7481
9493
8603
8976
1773
5723
3083
7637
4734
9589
5963
4387
9652
3609
9472
2187
9594
9750
7472
9384
6130
7185
5972
3797
5616
3155
1507
4237
4891
4761
1276
4469
6036
7804
9407
6864
199
8693
3312
8474
3850
1171
2601
5010
1984
828
7415
3692
8167
7634
4930
5595
7446
4555
7374
2808
2857
5632
1181
7324
8379
4328
5725
7003
1156
6805
2981
8321
7577
2755
710
463
7357
1474
9321
4659
1782
6252
4780
308
2436
1812
7604
5224
8299
8108
7153
7121
7275
3075
5543
5135
3431
4865
5109
4350
3298
4410
7708
860
5582
4502
2826
6699
6788
7489
6307
668
9570
2637
7287
333
6384
9337
1283
1583
2276
4544
8661
347
7824
2961
1198
3478
9428
1788
6015
8934
9759
8859
4264
7924
4697
9885
6899
2293
2742
3157
1238
5939
3201
1272
3454
2030
2365
1126
8737
9832
8974
741
4815
484
2415
9617
5850
7753
3562
4650
6581
7326
3938
1123
1042
5212
9483
1463
1394
4495
8654
4808
368
6769
1325
4045
1526
8696
5253
5259
3193
1956
2230
7257
6461
9080
7176
8666
2186
1220
7321
1487
9359
8479
1589
952
8529
1565
9
3908
3440
253
6986
2927
6972
4342
8315
9291
8542
7895
7131
5061
6032
2028
324
8089
5681
7629
1868
1174
4768
891
5129
2673
3167
2737
5076
8950
6350
6633
2372
440
1844
5364
573
4514
2245
8353
700
5079
188
2980
6918
6365
4409
6203
678
5981
2640
2821
5704
9693
1760
334
9850
983
1766
5927
5910
9663
7745
1289
6901
5578
7913
8588
3972
5790
5754
6317
4948
5731
4501
1007
722
692
2606
2775
298
3446
8852
1703
8960
222
7140
9116
186
8393
5667
10
6980
1389
319
5605
9070
284
3546
8459
138
2946
87
7235
6419
1563
5797
2917
5036
6592
4782
8973
2457
8171
3616
4832
4484
13
1301
3577
99
6376
3470
8184
4584
7678
2232
4042
575
661
5152
5127
2685
9006
9760
4197
9717
8599
3305
3991
209
1680
567
2368
5184
3674
1231
3700
6237
5269
3346
1919
1236
3738
9360
6425
3464
9231
537
1319
7809
1041
8805
7460
4416
998
4463
480
6415
4411
6264
5424
3822
4816
6484
9427
6209
5205
2984
6458
1388
8280
8389
9182
6305
1456
4460
7154
6260
9476
5460
4678
2269
1229
9862
6552
2134
8247
8126
7638
6101
6314
9822
7853
447
5386
8190
3823
8929
6984
6444
3653
2643
294
4636
2639
6277
8611
601
5847
7119
7655
5219
5583
7838
8851
6388
7677
2648
2227
4725
1578
8149
5878
2534
5245
5938
8915
8566
6915
5235
178
5416
1504
3391
2406
9248
6802
4123
1676
7255
2931
8844
6889
9923
8217
4194
6403
1818
6755
444
628
3148
7022
2882
5231
6386
1136
9180
8600
8273
5610
9371
21
8185
1095
9609
2840
304
817
7295
6906
9471
8420
5399
9982
8011
8882
1454
6650
2461
5126
234
1426
7477
2695
6245
8101
4590
2383
7600
7445
8059
849
1037
146
6544
1560
552
5394
7167
8659
3059
4258
7030
7021
6797
8215
221
2022
1176
885
1076
3833
5018
8164
6966
728
5025
6062
8176
4919
9703
8978
4794
8234
3866
4976
1605
6766
3780
2500
833
8755
870
7938
9939
6483
6518
6172
8757
5596
2268
3538
9738
2057
4004
7429
8134
5886
2816
7443
2475
6574
1209
9686
3836
8344
8638
6958
4086
475
7103
7020
8520
9468
1577
1397
712
161
2039
9792
9214
2798
7133
7514
5527
5060
3714
2386
5880
2731
7873
8802
5869
8262
4327
1166
6445
2711
4601
7916
443
6125
8181
5303
2199
6389
4909
6128
873
5881
3600
6108
3340
793
7670
4554
4097
2565
7780
709
7975
95
2898
7286
6217
4943
7905
9938
6730
3250
1147
6464
829
6000
2176
8914
9705
8175
8296
2862
558
9684
4664
8820
4673
622
3617
100
3756
3262
764
5976
2738
5515
6553
2705
7868
9898
8591
9037
8397
8748
7292
2861
4149
6930
2996
5769
3581
9263
852
5005
7653
1340
632
5988
4637
7347
7166
1567
4048
2892
3881
6462
26
6850
316
2172
7871
7541
9187
4915
4476
5330
5516
8
850
7470
3792
6173
7197
7713
6736
9753
1825
7396
9875
4427
1892
6084
7298
6099
1887
5200
6559
4727
4912
183
5199
3851
8742
7969
4524
6387
4474
1357
1658
1349
8197
7371
3338
6610
3878
1886
3090
8842
8260
8151
4023
6819
4399
105
8535
2287
4333
8178
8168
7902
5377
1914
3979
2883
962
7402
788
9432
3222
5861
765
3108
2058
4655
8466
9687
3144
7276
2915
2353
919
1744
8771
8046
4776
9132
8223
4634
7497
975
1705
7863
1667
4677
3896
2004
5839
767
4907
8702
9513
2338
9906
6606
9121
125
3623
7152
9448
4252
7550
4325
7923
3514
268
5777
406
3134
6836
5387
4355
8322
1103
3676
3864
6989
4741
5141
5960
2682
2525
7544
3401
8686
8156
8284
8873
4683
2521
8051
9439
2967
7646
6639
395
2807
7812
6809
6025
2691
1538
992
4984
1404
9917
1406
327
6747
4934
5101
9055
2319
2848
5160
5670
1872
5997
9540
2759
5251
2312
3500
3814
1137
5721
3408
7450
2957
6473
7517
5868
3801
1978
241
3727
9808
104
9036
9965
3849
2185
2404
5178
4999
1182
1339
8643
5263
560
5917
5885
4272
4762
4031
3432
258
8665
6722
7105
7102
8911
2649
9799
9659
3818
3508
6910
688
9372
8829
5296
9904
4667
735
1060
6857
7163
1192
8307
2086
1784
2299
617
3945
7627
2789
7379
4743
9270
7947
531
3596
1437
7496
9946
5358
4862
2937
4155
3063
4671
473
8109
4348
8765
5070
7790
3308
551
1921
7016
3992
9251
4069
7447
7209
5260
843
6851
4491
830
2516
494
8808
6920
3163
458
2191
5355
3554
9654
9076
6241
8022
5950
1704
2087
2011
6584
7068
3328
3251
6974
6500
8313
1065
6601
5146
6193
4287
4482
6046
7644
9668
610
5654
8996
621
609
4874
9150
335
4528
47
4339
8351
130
9818
3781
8539
6063
619
3120
152
3049
9044
8208
7182
3088
5418
9708
3857
7376
6853
4699
7485
1689
7279
7765
8509
2635
2670
736
223
4766
9141
9312
3580
7535
5921
2209
8193
2041
9910
7066
8401
2552
9000
9072
3782
8575
67
9257
8727
5734
8854
1799
3555
7532
8579
3658
5038
4241
6735
7143
1576
2444
8066
8306
798
5278
3548
3628
4431
3140
7549
6999
9005
715
3426
1417
9338
290
7786
5500
3860
2331
7358
2641
8601
9253
9106
98
655
2545
600
4324
2498
5974
4451
2614
6035
2506
4924
6331
4101
2547
6726
7733
2800
5158
6619
993
6532
287
5771
3592
2623
1046
5472
7518
7138
6941
9104
2305
3566
184
3033
8609
2100
529
3272
7989
4005
810
4216
2350
7232
2985
5737
1898
8030
6840
9008
5590
9821
7539
1533
8867
5738
8329
9129
75
771
3347
9045
6745
7945
1853
1772
6749
2752
7005
9964
3947
681
9015
6351
3561
1134
7724
9228
6068
5073
8227
4141
348
1762
9144
4329
2018
6083
8118
848
4313
5954
4470
6258
6903
9258
6263
3024
3072
7389
3112
5897
6051
697
1438
6287
2322
4552
1294
8054
8437
994
7509
3265
2853
6969
3890
7983
2827
277
6824
7423
2916
3254
775
6971
5335
1564
5638
7615
8242
5780
34
1130
1696
2646
227
5786
6170
6774
5367
6785
4432
5058
7649
8924
8519
9137
1998
3125
1846
4656
3730
995
4224
2192
7781
2351
7433
6451
360
8298
1313
1725
8162
1189
7676
5620
5698
23
3493
6289
5391
9507
9988
8782
1986
1768
627
5904
3745
685
7597
957
7491
7444
5618
4571
4185
9937
8228
3162
1206
6629
9852
1613
7026
5506
6887
3153
1619
8243
4364
3550
4108
9431
1580
7172
5700
3560
2972
9539
5747
851
2435
4740
8958
4025
3352
8416
2202
1733
471
4336
9926
4135
1615
6104
3263
3978
8425
5604
1420
3532
6133
2992
1320
94
597
6781
756
1721
8975
4215
1066
4374
3406
2799
8880
2177
7201
9334
8583
3403
8889
1392
5602
3975
9232
501
3407
283
2524
7852
7123
3230
9145
7757
6882
5273
6364
3143
699
6008
4191
4227
1306
3128
9223
394
4228
6834
2357
3365
3684
8655
7297
6239
7231
4684
2304
6607
8775
2735
6838
2593
9395
305
2419
8710
7242
3861
7588
3379
4560
5221
8886
343
5865
514
3170
1044
8663
405
3604
2631
4179
340
2845
1973
5873
8411
9352
4436
9919
2124
3320
5673
1810
3364
9017
6228
7692
2783
8222
7495
3455
4986
5189
6764
5816
5538
1840
8971
8102
557
3815
1843
7165
8833
2310
3618
7453
7171
4800
7585
2608
1421
8677
6129
2247
4877
3428
9409
3910
7727
5446
4933
1144
4641
3114
7023
3132
9157
7288
1224
8476
7814
2385
3456
6908
8955
508
2942
3084
1530
6794
3751
5210
7229
1925
3425
6765
4183
4728
3719
7763
7759
9947
646
2574
7555
892
4585
5537
3571
147
5182
2994
9481
2454
1793
7641
3311
1074
8211
5575
106
4532
4498
4446
5825
5326
4490
4391
1609
5351
1555
3014
2487
2636
2407
9204
1803
8139
4878
2369
1697
5662
4616
5574
1524
9915
1529
4144
1943
2452
782
7736
4627
48
1108
4471
8524
8451
7694
7622
2616
5612
1246
5370
6661
3427
4281
7283
2010
1381
3078
5223
3778
1050
7927
6092
7241
8081
4014
3924
9329
682
5181
904
6420
9583
380
3982
1177
6285
2600
1010
7866
1251
6626
2721
8784
6890
9775
7614
8928
1948
1918
3516
895
427
3524
3387
4095
2370
2296
5522
1736
2945
365
9856
7227
884
6268
939
7810
1559
7531
7784
5826
8945
4876
5817
857
1329
7136
9098
8121
7880
201
1685
7361
6182
3266
6768
3533
8077
2283
6024
4245
8843
6808
3710
9840
7162
2356
8189
6308
2162
811
9506
5445
2147
9744
176
8967
1832
6588
3021
7464
7044
6684
6443
8286
8469
5813
5874
880
9510
5914
369
3474
4167
7959
1574
812
1412
4493
159
2572
9740
50
1540
2380
8427
2761
4786
611
5773
8291
6945
7888
1781
4415
8706
2083
5271
9619
1244
4672
2264
6377
7553
4087
659
3094
8965
7110
5320
8964
2896
7536
3660
1747
126
4244
4307
7269
1168
3517
1347
761
8745
6339
7135
9103
8302
7882
8244
2396
9648
3200
6021
57
383
9450
7568
8560
5693
4426
8869
4175
4405
9341
7104
6198
5779
4962
4507
212
9112
9779
6545
6823
5540
4587
1045
9973
9482
3935
4443
6176
52
8012
6159
4694
7085
1884
7208
5821
2203
8226
966
7
1503
6523
5837
2297
2777
2
7210
2553
7114
8347
9819
6158
8863
5315
8259
8283
6746
6197
996
2447
9306
3905
109
4038
5672
145
3317
4199
6326
9155
8483
5214
7837
7331
9762
1671
2242
9673
8083
4898
1544
2515
9571
6724
8994
9626
2680
6729
1889
7915
2925
5159
251
2748
7571
1678
4300
1315
3579
9465
2622
9881
6248
1436
2207
3634
1225
9716
8170
8269
1227
1235
2532
4882
6468
4879
7982
5396
9710
28
6950
3523
1372
260
2859
4959
2235
859
7561
5832
4535
8648
2248
5254
3127
713
5261
6657
3657
4760
6600
8258
5157
1111
6550
7193
5741
6947
4377
4424
9559
2700
9960
9518
776
3518
872
3647
3717
3126
4000
314
2662
2036
9362
7108
6153
8435
1053
3724
3718
9786
4259
452
3716
515
8834
1891
6109
960
9210
1845
3552
5225
8324
9704
8470
8857
4701
2430
4483
9783
9927
9969
3374
9680
1243
1719
5799
3319
3569
1718
7636
5295
3921
8009
6942
2772
2229
6955
1742
6870
1279
4442
9267
5573
5836
6568
1662
6304
2624
7202
3522
7282
7979
5499
3472
7977
6352
5898
1809
6436
238
3322
3227
1743
1444
2879
6839
4478
9416
1877
5401
56
3915
1656
3390
4275
8861
8375
5130
7038
4763
2344
3844
9227
4475
7419
6995
2746
7558
6960
8824
876
9186
1595
970
6167
3694
3304
2161
2776
3457
1523
3417
5321
2613
7316
6175
3327
6243
2308
9389
229
1208
3631
7079
2694
4856
6733
372
9962
5427
4202
4981
1364
6743
9956
5405
1606
1132
1792
4952
6990
2321
1214
6429
8681
5203
6534
1741
6495
8426
6962
9014
9002
8719
2240
866
9123
6329
6395
4349
9820
3504
4706
2514
1223
7095
3607
7719
5571
237
5421
332
6080
3536
6896
1811
1398
5014
3445
6691
9310
5409
3358
495
366
1094
4487
2597
4126
9527
9221
3438
2113
44
6206
430
4246
2598
985
1654
4165
6867
6486
4015
3035
4073
1937
1665
5899
5447
9421
4239
3767
4102
2730
4309
5848
3326
6332
6146
2708
8355
3951
8305
5276
5142
7877
7772
9845
2964
906
2871
6741
8385
1054
6477
9511
4439
1556
4558
5443
6088
9249
5707
7029
5425
7353
3636
4173
4685
5695
74
2279
2130
6721
5119
3029
4263
9059
7847
3268
7401
9367
2168
7098
3977
7382
3278
9565
2082
1566
8292
5497
4049
1222
5117
2743
9722
841
2210
1881
5674
9148
4109
9417
6149
4067
5347
3802
4138
7439
650
3708
6576
9224
1701
8641
5733
7918
544
696
7341
3329
5177
1097
3808
7339
2234
5893
2491
5327
8699
4022
7207
6612
9907
4256
3025
8840
4875
8471
648
4836
6828
1194
8374
6390
1486
5594
4757
2894
7711
9082
5382
69
1694
6578
4632
3926
723
4454
2904
704
6841
4492
3073
7914
2954
976
7349
8377
5863
4669
7151
9169
2116
3443
3690
6163
2703
6728
1859
2688
2970
256
4506
7864
5404
5870
6814
3045
1038
7004
5508
3151
4422
5103
1991
4931
4198
9950
1883
7820
7084
4211
1804
2413
2698
8204
1912
9027
6712
3217
6880
5229
1494
5977
8597
7203
3933
1636
9694
4980
1558
4083
3746
2504
5067
8390
151
3665
7964
4804
7953
7940
4111
9206
4047
9107
2288
3944
1729
362
5726
9554
4561
5104
5925
8890
2736
8398
1509
8028
5458
9826
2459
7325
5900
6977
2849
846
4553
3960
5763
4210
2102
2031
259
9787
8356
7313
9968
1495
7046
839
4787
9873
4297
4841
6250
6155
2289
1835
1096
7294
7942
442
8043
6547
8515
572
8574
4748
1155
2317
6189
956
6222
8804
7356
2812
9765
9666
4298
1131
4844
4452
3795
9277
6928
4178
7764
1358
3091
5071
9192
4668
1256
6985
5729
1497
2121
428
1025
8071
9039
603
6888
5400
853
2780
559
4790
4888
4990
8631
1004
1977
5785
3460
4835
8442
2908
5489
4576
307
4262
7715
8817
2911
1493
1553
9990
3847
9916
4450
7124
2175
3645
4732
1370
3194
1936
6325
9640
9343
8544
4098
2019
1270
8810
7843
6421
3009
1779
4518
4709
8683
8879
7345
564
5855
9344
9153
296
523
8790
1460
4187
2478
971
4440
2485
5046
2815
9215
6078
6913
1946
8357
9261
9396
6575
9755
7830
3531
3625
8729
6689
7069
746
8684
9931
4753
5677
5328
6723
5077
7125
2955
4739
4551
3641
5783
2595
9726
204
6670
132
8668
7798
5755
4737
4779
1706
3733
1048
8085
5818
8441
156
3243
1878
2103
9130
946
4615
7438
5095
8127
6623
3348
5530
5735
3721
5561
7052
7350
2745
1432
823
2178
9661
2548
1934
9567
6804
5216
5866
1963
6680
2707
5679
3624
6371
4352
1378
6453
725
9238
1515
7791
6467
3415
6427
2897
3799
4840
3931
2098
9154
1186
2307
4534
2195
907
4036
7092
6789
9829
7662
8787
491
1318
4648
7318
5994
2164
737
7087
5552
7693
6502
5169
4538
4345
4384
6428
1277
3196
2870
9831
5241
9805
9461
6737
2788
5912
2260
4883
3118
4040
278
9683
7832
3381
2104
5252
3284
1302
265
9746
7721
4646
1164
2953
6312
7264
5349
2528
2749
4884
8169
309
4090
9244
3410
2679
4051
740
1913
705
3763
5749
2027
5488
1849
6770
3765
5380
6579
32
7709
3003
9358
8749
8776
3210
4174
6315
1897
2655
4941
9299
3545
3271
8359
5933
1817
6529
921
8839
4997
5106
2509
586
5621
1749
7088
3399
5555
4953
4640
3074
129
4609
7903
8563
1822
1655
7699
2145
8685
7113
1072
4824
2037
6227
642
4716
1090
4687
1215
4606
3515
9983
1968
2170
6807
6107
6916
9325
9953
3760
4110
2222
8576
2764
8584
1971
4201
7056
7586
2266
6837
36
3986
1630
9788
7732
7921
8266
2895
6846
5032
11
3226
2135
399
5299
4809
5237
672
9190
8439
5752
2660
1032
5609
8774
2136
9971
3487
9743
9781
1027
4540
2659
8037
8326
4670
7406
8547
5393
4914
9531
8860
3922
7312
9429
9861
6682
3858
255
3030
3310
8953
8713
6048
8759
5936
116
3575
8074
2958
8521
1242
5748
2132
5478
2395
4979
470
7057
3880
6397
3834
1660
8233
1067
3932
337
4433
3521
6407
3246
757
5412
5546
8415
4150
8163
7145
3
2998
4056
9959
9814
2678
8573
9837
7482
5541
4676
9236
1828
6590
8634
7589
1161
6998
689
6511
3725
5625
8238
4322
4633
7630
7141
1764
2156
7808
7000
4017
1681
5246
4702
2519
7116
933
4598
2956
8913
3753
5998
1443
3469
4117
1993
3832
7742
8864
7667
8888
8068
5343
855
6758
4330
1085
3187
6187
4735
1333
7621
438
336
7718
9136
3574
3480
1808
1145
708
968
415
6466
5683
749
4500
6779
8472
7221
6855
4458
3257
4057
8252
3779
989
6642
9243
9606
954
3821
9381
1351
1712
9720
5924
6648
8154
1976
6546
9978
3028
8818
8158
3876
3582
4018
2973
7890
8895
4803
142
8417
7449
9328
2762
1170
4791
8656
7906
2000
2190
6566
4807
7835
9283
7478
9484
5633
8916
1260
845
5385
3290
4477
8594
6229
1036
1477
6949
2920
9422
585
8723
967
5736
8773
4394
2428
3798
8923
1414
9568
7097
8629
7053
7654
3396
7178
4273
9677
7567
3405
2472
591
2206
4065
3644
5256
3985
5675
7333
1465
7081
4497
390
2818
82
9587
1674
264
9776
6058
6956
9240
4029
8052
1745
140
5719
467
6343
1646
9234
4686
5709
3662
8348
7619
200
8952
9492
295
4260
9886
6622
1833
88
7437
7755
2333
6132
1753
5055
1472
1428
9242
5822
9041
9590
6295
2560
2411
663
2278
9952
7392
1691
1916
7985
5004
3240
4887
9525
7899
4714
2043
5803
7137
9767
4354
8294
5947
3567
3544
6748
3638
7696
5876
5768
2914
1906
5240
8248
9077
3872
4895
3961
3865
472
9730
3559
1099
8922
2513
9925
4995
8562
9024
5929
9624
8088
1561
3161
8055
9042
6213
9464
5526
7618
633
433
8251
4977
8352
1550
1471
9681
3902
1001
2311
9631
8161
524
5134
6391
1285
1035
4759
7795
4922
6409
8734
8365
9295
2258
2652
9183
9857
9970
2270
8214
9021
7998
2884
9419
2442
8241
3300
1316
2438
6871
3397
7799
2180
4647
2045
2683
9058
6938
9026
8983
9113
9347
2922
6830
9627
3873
4371
7093
4208
2448
8026
8901
8093
4846
9611
8057
4160
6353
5360
3307
2802
1600
1180
1890
1759
7620
8236
6783
40
2630
4903
1133
6616
9709
9128
9302
4238
6752
1402
3913
68
5168
6347
4119
1021
3805
7109
950
7367
7486
63
3269
2781
2095
8658
1549
2111
6700
1922
478
49
550
4124
339
1539
3402
2492
6202
3032
3314
8040
2015
8991
5281
7697
6505
4811
43
2393
528
2054
2977
3205
1601
8796
6715
4951
3755
6563
2960
8793
1688
9987
7885
7456
2474
2366
1522
5970
7554
8792
2146
4094
6572
568
8503
2273
1172
2074
9449
6379
3053
1754
5356
8272
3661
1331
9216
466
3897
1187
1433
8918
1778
3867
1278
2642
1957
8703
3241
8495
5008
4729
7668
4717
1143
4129
1923
2573
5649
8856
1614
4207
8691
6319
1960
8800
8362
2253
2779
7206
7751
1865
5964
4569
9199
3886
9711
7024
4378
3341
65
3274
8239
9909
9122
123
5765
4462
4715
6849
1292
1271
2076
9376
1088
3499
7342
5150
7033
457
4505
113
7730
2061
7335
3570
8496
5406
2068
8198
8932
6753
7267
1033
4638
8608
5907
3453
5054
821
5824
6075
7075
2465
3081
8935
9173
3107
6923
6454
742
7909
4267
5082
4712
9816
6922
5517
2751
5323
4905
9742
8751
3853
7181
5711
9205
8000
3856
4360
5858
894
3105
1857
3008
6878
1972
4956
83
1944
7483
5373
8926
3828
2617
8894
796
8565
5770
6674
9023
7159
5690
8473
318
8750
7498
7591
7952
8552
731
2559
1000
8716
5198
2671
7293
8145
2847
7238
1545
2149
1019
6041
3650
8220
5991
5027
7128
5275
826
353
3957
986
9279
5334
8486
8825
419
7987
3930
3871
6701
9018
4158
2656
1113
9864
8029
3949
6677
2215
5195
7769
1720
46
3611
9597
5353
6031
9030
9374
1904
8726
6223
4008
9131
9908
888
8948
3900
8072
2805
9050
9311
1005
7672
2280
1142
378
2580
3197
197
8598
8590
5300
7850
5637
1851
673
8556
5448
8985
6338
5337
1518
84
3282
6690
6398
8785
6007
9920
5611
469
9171
8423
9001
9100
6412
9193
9068
5542
206
4389
7303
5211
2066
7894
8831
1016
1376
3038
2539
6868
8558
1160
2836
6709
6905
8277
7872
1520
982
8497
3414
9052
5088
4530
3050
8533
8963
6487
25
2541
7995
8110
7180
879
3939
3412
926
2508
2425
6914
3520
6654
2517
2792
2918
3672
5171
7411
6042
3549
5968
8530
8434
8003
8819
1597
6219
4679
6957
1336
3556
8821
6705
7575
6954
2875
9764
8678
6476
6635
4602
5504
5118
2254
236
2734
8653
7756
1390
3984
4592
5708
3553
3839
7671
2166
9811
9425
1920
2059
4718
9930
9348
8694
6540
4122
2069
6230
2233
6310
2851
4738
8730
1902
2213
5428
9411
8946
724
3424
753
8235
3372
1861
8763
2910
1488
6423
6771
6636
7876
436
9882
1876
9504
4367
1204
414
7978
8135
6400
6803
6089
6012
2345
918
393
3185
2846
3654
5909
2586
1820
5124
3540
1419
7981
4398
5186
6018
997
4358
5851
2753
6844
7505
8753
7007
6668
7602
2184
6593
7901
4066
7262
7043
2576
4539
9866
5220
1300
9505
4218
5806
8429
1478
7058
3324
1824
504
4139
6301
5999
3936
3129
6911
1093
8447
5313
4388
5266
2693
8082
8720
1413
1391
6644
3479
9550
9613
5842
4496
4229
9843
7836
1626
5525
9899
7369
4850
6254
5827
8516
5875
1592
2129
2075
3236
5451
979
400
2053
5969
6154
9575
4344
6336
7747
7943
2476
8746
5354
6826
614
7213
6357
4050
7010
6522
7299
2433
8667
6087
5664
5442
8414
4033
3762
73
3722
7107
8386
6368
1795
2214
3330
297
9678
5292
5415
520
7919
4035
8133
7399
3411
3917
7965
654
2327
9918
5567
1928
3750
2590
1430
5069
5918
4113
3065
3683
3749
1202
2212
6280
1274
8191
5992
4825
5645
6311
3903
2909
6191
1593
7524
4833
2809
8147
2988
217
2819
9380
878
9029
5024
9932
9189
651
3602
8812
2538
5384
4420
8523
4923
9585
5030
4522
1056
4009
8084
2564
3726
2224
4488
2758
6039
6891
4335
677
9233
8424
1092
232
6270
6234
7922
9608
8187
1893
5249
6385
838
5342
4334
8862
6296
1324
166
4902
2935
6659
667
555
6344
4783
5728
5591
4441
486
7179
6081
545
5312
8432
9241
2561
3174
6549
416
4171
7214
1248
8173
2422
4724
4966
5102
2367
322
5617
5304
398
3656
6156
2542
4517
6843
5049
8367
6514
7931
3384
6792
9502
6762
4331
8764
8467
1750
8625
7253
7019
6214
9804
4516
4607
1247
9877
5426
5642
2265
7076
3054
9761
3181
8828
1152
8689
3256
4579
3160
9884
8478
2298
1780
1695
7300
9769
5007
2443
7960
2503
2341
9064
2127
8836
5375
2767
7480
281
8130
8458
5492
3564
7939
8112
2578
5348
3349
9292
8704
5589
7127
397
6178
2982
5956
9096
3367
507
3147
8336
8342
6114
3513
9785
6818
5982
8512
2464
8607
9592
9357
8585
1237
7507
8076
2936
9256
5640
3817
4854
2416
1098
5509
7031
733
9085
2718
1482
4983
5962
5844
3791
7729
1298
7788
4710
5471
7547
4996
7543
2200
3122
6866
2801
2379
5469
2097
8433
6731
2263
8293
4974
8728
3953
8592
1173
5170
9191
778
6361
5311
7251
9647
4381
4444
2944
6298
3225
9830
6417
1115
657
2462
3711
770
5062
3093
5840
9644
4189
9795
4295
325
7789
6491
2110
7476
6953
7826
9340
3928
7626
4890
6121
361
3023
6316
6059
2384
9330
5001
5430
7648
4341
9081
9069
163
8582
1034
1731
3119
8613
9656
9365
9948
4837
1110
5534
9401
9463
135
5584
9218
1528
7580
8143
5727
3740
9090
174
8504
8140
9457
2987
6536
6732
8097
9268
2633
2364
1422
3827
462
7805
2291
3773
9273
1462
4289
6460
1807
836
8146
6660
6964
7115
6340
8024
8770
901
4326
9544
7579
9022
9578
2256
6856
4058
716
3291
2966
5475
6604
128
60
8246
4591
6655
351
4137
3537
9298
2899
168
4059
3877
804
2607
526
1585
7080
8049
9151
7351
3565
4494
8633
8777
9848
2437
9181
5003
8282
8990
3253
1447
4226
1343
4927
3925
3087
7973
1879
6049
3458
3959
8725
9739
5419
1949
6525
4541
5659
9219
6900
3824
7120
7748
8462
114
522
7907
7015
6482
7848
7440
245
4081
8707
7096
5040
747
1107
1790
1268
7679
6921
8250
8230
6439
7129
4789
5468
8761
5453
6703
9957
6253
8104
2024
5338
1582
2471
5322
2835
2995
9557
3279
7538
3942
5971
9900
7926
9165
5197
8048
6496
2138
8999
7858
9229
9197
5636
5503
5805
1896
329
4156
9623
1230
5057
2714
9397
5192
1089
9373
8253
5973
5479
8092
3215
1938
2120
53
3359
4562
4112
2619
7475
6137
9414
5398
9474
3289
1234
911
8487
4751
686
8131
5309
4428
7682
6091
3191
2885
2867
8289
1856
9975
8007
3589
9638
7373
7875
4858
5629
3568
4929
9630
4106
5539
2629
4801
8452
1051
786
1683
6122
5860
4019
5588
2913
6678
9835
7420
3752
6097
9812
8010
4853
6845
9984
6931
7703
4868
5123
2834
2681
1765
6064
7737
5151
8225
2001
2152
8639
6441
9536
4060
5931
3040
7132
6585
3192
6975
2065
3788
5501
7723
3551
3796
6865
4967
1629
9272
226
9778
2687
8320
7354
7944
5473
2150
2332
4075
974
1588
231
7281
8444
8205
5923
8740
2839
4274
4180
1604
8501
194
1830
490
7001
941
4296
7418
6976
1450
816
9880
2469
377
477
2782
842
9641
7642
7771
4044
8536
6060
4230
7512
4166
5110
1575
9031
2610
3693
5262
4323
498
8941
4556
8263
2456
5048
5352
6152
9143
1999
6662
4942
5548
1611
9754
6002
8767
3496
6433
5883
3264
1838
1122
1931
2284
5512
4778
4100
5518
6442
2003
1296
732
822
9951
8826
1308
4950
9278
579
5576
3109
759
5686
9094
6886
9078
5811
955
8445
8951
7144
479
3363
8376
7552
5179
1383
1739
4845
7911
3416
7094
3598
2710
4580
1854
3136
4099
2663
4404
8876
2292
112
7658
9354
5656
6359
5137
5065
868
2865
6322
4143
1748
3892
4746
1586
4620
6076
7993
4373
1945
4894
5941
9281
2294
3175
196
9576
6652
6474
589
9091
9254
8709
2051
5948
2316
3914
8428
7861
3966
6940
7442
8650
7147
9066
2588
2101
7014
3247
6138
4079
9833
7856
1188
671
8264
930
527
4115
6335
5011
4271
8370
6852
2803
7142
5100
9523
8017
9355
9445
3594
4893
4369
1974
6526
5888
2165
1435
3502
3027
1012
9870
2690
1612
7502
1345
5407
7865
5751
5652
7336
9084
4705
8256
4866
4254
9301
2997
7272
6597
8938
7887
9331
4435
1233
7817
6225
8823
8290
5766
7025
4231
9528
2558
4817
6637
1492
922
6079
726
978
1641
154
6034
1869
635
6208
2769
173
8308
2549
9895
1245
9734
2088
5882
7099
3039
9105
3179
8335
1379
285
4312
8768
2231
2388
8546
4012
7035
5172
8373
1728
1344
8001
6863
7844
4190
928
5474
7717
4708
1446
7825
4536
5084
9013
3138
6978
6944
2402
8025
5623
7741
4070
1763
1138
8405
1275
5096
7246
4630
1837
3543
4814
3591
2412
5449
3997
4957
85
9441
4353
3637
3439
8387
1290
5047
2064
5093
8670
6029
665
8287
4581
7051
7773
1476
6478
3102
3736
912
9495
9553
5072
7332
3599
1335
7767
7271
1240
2374
9860
9156
5857
1203
9993
8105
7011
5233
3383
6687
5807
6932
4304
5361
7665
9320
8733
160
3679
5980
9385
6973
7970
8067
5486
6393
6801
1607
3448
4742
1908
4010
2026
9399
1080
4614
5854
825
5694
6383
964
1148
8568
8455
3659
8063
9388
7365
2477
4417
2645
7436
8100
5701
2810
9643
9509
9657
8541
6211
1616
1650
6259
1700
8020
7383
7846
5564
120
4453
9629
3689
637
9319
8943
3983
3667
5319
7311
5724
8488
4001
9458
1885
7892
4704
7454
988
5463
3906
4899
3368
7720
468
7800
4859
9670
5148
8107
3323
5744
8738
8115
1489
1548
2906
3800
2349
8137
623
4445
6810
4116
2615
503
2257
8454
5764
3702
1635
683
2118
2866
4946
6786
5086
2520
644
6181
6216
7879
4788
6426
959
2381
8578
5829
5461
2025
8649
2495
5183
5128
5593
5185
9902
9977
5085
6708
2535
1128
2340
5209
7573
1022
2205
6937
7366
1440
882
1645
8933
4649
6017
2720
4032
7881
2249
6328
8203
5138
9560
8212
3121
9485
2142
1125
2626
7250
7963
3895
7617
9496
5270
3172
9905
8056
101
9872
1109
7112
1077
7042
7599
5795
9462
1442
2874
7572
5340
1484
9497
9092
315
4863
5776
9735
1461
4750
6858
7735
639
8871
4397
785
3156
6744
521
594
8297
9102
8712
6527
3526
7527
6991
9245
7352
8153
6799
9379
3141
2439
6512
6649
6517
606
8404
8865
1610
392
4306
2563
752
7941
947
8868
9305
3316
9901
6257
4682
30
7884
1730
2654
7198
9109
4357
248
2943
2511
9928
5470
8099
4533
6710
4643
6355
1677
5528
3626
2421
5556
3385
4430
8384
6725
5257
1165
2650
2309
3483
6608
1118
9086
5490
554
2669
78
7564
8937
143
2699
9260
1264
3450
9118
2480
2414
908
6196
1449
7822
7161
8847
7248
6669
1253
1687
6596
5597
4319
674
474
4347
9944
6215
2042
9958
4698
1355
8070
3993
5290
9034
1714
8903
4438
2577
313
6541
571
2392
7002
257
2723
4467
2722
8891
2335
7515
6631
239
2544
518
4537
1266
2934
5165
9649
4622
4987
3614
8741
76
7158
2108
1552
2193
534
1698
6218
4186
7338
6446
2587
9124
4037
714
6242
647
3837
915
2763
3887
1210
3664
835
3651
9032
6822
4279
7187
1987
6664
1043
2533
684
3712
1657
5774
9393
874
367
7504
9718
4955
3842
6692
875
1491
7650
6869
5437
1153
2863
8769
8349
9440
4351
7488
7169
5033
6488
1967
9622
219
598
1675
7898
3608
2371
738
790
8122
899
1409
2445
7797
9403
1362
3541
3576
5703
576
6286
1755
8711
435
7652
5608
6085
7173
7199
1996
5657
5115
1623
9111
7188
7681
8917
118
8676
5122
4972
5031
7540
3950
1350
2912
3573
2221
4992
9185
497
5097
2382
450
934
9351
7148
7639
3899
4574
4134
599
4985
7490
2342
8610
7664
404
7397
7009
2990
3884
791
6756
1648
5482
355
8881
1105
1980
6772
8571
7920
8021
4857
4642
2850
6166
424
1216
1952
7794
4861
8125
375
3345
3677
6520
8165
7473
9712
1806
2141
4568
9290
7273
8687
3615
1338
2483
9207
2647
7760
7013
6233
760
4251
6862
5871
9280
9748
5310
9815
1031
5713
8570
8300
1584
7479
3082
7777
945
487
64
6881
7908
1467
2236
9706
4301
6016
1752
9363
4434
3912
9487
2494
5716
4089
8113
7813
6497
9723
9067
8499
4982
5510
2838
9846
51
5513
4611
4221
5145
2591
6077
8830
6297
1348
9452
8188
3737
7245
2046
8832
3874
6861
5462
5050
246
3803
5325
5059
7669
3687
4315
9817
3337
8111
2324
5243
1670
7368
8806
4559
9756
2596
4838
9853
4121
4118
7878
3920
3451
898
3894
373
5250
8123
3927
9179
2401
3462
5630
2460
9460
6358
7569
2314
8621
9782
4531
7274
676
5411
4204
1819
5374
1014
5226
2062
3150
6902
5213
1457
1649
4991
9972
8124
6543
4461
1341
4072
6093
8361
9596
1516
2666
9056
9512
1653
7111
8587
8475
797
3976
8399
338
2697
9303
8549
5204
3888
8199
7980
3057
5397
9162
2592
8129
1052
7122
2602
3838
1384
2339
5308
2021
8645
789
5793
1983
4214
3242
4209
1361
2359
5244
3754
349
4356
409
2555
1569
7226
317
2140
4666
6598
6627
7632
517
5357
679
5684
4795
1909
8589
9842
6775
7869
7100
2978
2458
3333
7613
3943
5945
5536
8035
9777
8116
4793
6231
8245
3124
5665
2667
2739
2754
8448
1775
6767
6459
9986
4820
5345
953
9889
8984
2033
4988
2505
3845
2568
1151
6490
3186
8194
2348
4908
3965
6320
4821
5841
6959
3879
5926
1146
8555
8485
2468
182
2167
5580
2932
8795
3386
3946
4805
7912
17
844
6140
3261
8786
5091
2833
9318
8595
8216
8708
7657
8343
541
6006
3220
5193
900
2716
7244
3079
9404
7603
9790
2122
254
9220
9430
9184
1547
5456
8378
1061
2055
4366
3663
7754
274
7393
270
5562
5156
9222
3400
2473
2905
321
2403
3467
2692
167
2397
5581
8090
6591
2153
5491
3199
5692
2526
5481
2072
4193
9771
6266
7217
4414
5812
1933
6533
6177
7607
4660
2159
9935
991
3184
5302
5553
9326
2770
5856
6318
1286
6413
3342
6324
7766
7528
311
489
3633
5477
9177
8887
5787
2282
3601
7526
1281
6437
3419
1205
3786
6201
5444
272
5702
6501
8567
2813
39
8618
3720
6348
7146
6195
8480
4052
2712
9147
9731
5558
1894
7590
3382
9125
9534
9620
2979
7041
4148
5433
4466
7196
1293
4993
1024
5074
448
3862
883
1827
6951
1521
4386
662
9633
5147
9749
1527
641
5631
9770
2604
2261
4026
485
8925
5784
2114
5967
6757
9974
6573
3934
3883
5808
4515
5648
7929
1962
8338
4886
9813
6618
8086
4370
1651
3646
2326
3777
871
9097
562
2115
7363
7545
9741
9941
2579
5531
9794
6521
3973
5849
2566
9628
9246
4785
5952
9108
7240
6513
2405
5339
3313
7659
6621
1622
141
4828
2079
546
9929
5505
656
8309
6200
7160
9499
813
5685
3377
1679
8331
4547
8747
1141
9209
3527
2007
3034
180
8982
3394
563
8318
6345
8835
9976
3501
7510
3918
7691
7362
3557
6369
5884
363
9582
7783
3006
341
9043
769
6306
3252
1927
2252
7816
7427
4873
1157
1069
5975
3783
5753
55
3771
2726
6313
275
5658
6026
3632
6897
9727
3843
5194
9442
6565
533
352
7932
9438
4897
19
7689
4813
7999
4499
5843
720
6706
3758
8368
8363
2451
7405
897
9161
8977
6033
3373
2999
7412
1127
3994
3183
3998
4954
1596
4299
8080
8508
4663
9655
9566
3297
288
6043
301
8912
7551
7222
6267
8794
7867
2376
481
6557
6784
7910
4382
2306
4994
9780
8622
9247
8224
3214
1055
6342
2302
6204
6323
1502
9398
4219
3139
185
3597
1387
7674
9046
1988
6615
2290
1167
1816
3255
6494
1212
1536
9823
8783
111
496
755
7034
577
7503
4413
5346
6582
8652
5983
2766
3110
1195
7984
5782
4321
3970
3669
7707
6935
530
3743
2823
3085
2554
8014
1207
9489
4504
7845
280
1829
4722
170
5943
5410
9307
5155
9555
3789
3512
4043
8060
2218
3958
4975
2139
7459
582
6782
4645
6212
1117
6418
7616
8268
4654
8695
9642
7337
5916
7702
9500
5903
616
2900
3967
1557
2537
7090
9802
71
3505
6037
6716
455
1965
5359
6431
412
4206
6617
9073
6624
7424
653
8815
8510
6847
7793
3259
4192
5166
6065
4944
7205
8883
7508
5136
887
7432
5289
8249
5961
7933
3649
7302
795
1994
7334
6405
2173
2390
7785
6740
2450
9336
6150
1459
5493
7455
9618
8780
5838
7468
8036
9996
772
1159
8732
3675
7457
8328
6587
1314
3270
8265
8647
134
8664
5379
8954
3325
1265
6378
208
9406
7360
932
6647
6038
2986
6613
6272
1262
45
6671
4232
1862
7680
2664
6538
7934
8735
3173
3012
7991
407
7743
8701
7344
7277
4916
5218
2567
8461
711
7117
2225
8927
7378
6119
5207
6979
9140
1871
203
8853
3785
7278
1776
596
3422
1850
5644
6759
7557
5577
103
9289
801
8334
14
451
3238
5778
3748
4726
3066
8200
6372
9368
4906
8443
7829
8679
6251
8490
5180
2928
4481
8180
5557
8797
4613
6967
5044
5911
4152
7223
8850
2507
687
2204
7962
2825
4721
7170
7570
6044
4565
9195
5853
7660
4935
4777
5078
4900
1023
6479
8612
9478
3489
9728
2724
9285
6013
2271
4054
3258
3219
9200
3097
6821
624
1199
6492
6948
1941
6465
620
8144
1119
3229
157
1834
243
1401
7296
4368
2923
1408
4543
1284
2771
9679
6020
4064
6416
774
5579
3593
3020
9217
1627
1841
1337
2832
8762
7370
5287
3303
7426
7408
5915
8845
31
4168
3703
1377
5045
3584
6261
2196
293
5932
4970
7458
1901
5902
5324
4400
4771
4195
7647
1702
8619
2950
5760
172
4597
6641
1542
171
7834
6651
189
8989
5402
1532
4826
4855
3339
4623
2948
445
2016
9420
6171
5484
6102
5272
7976
346
9653
2394
7487
6134
4998
6246
1905
5316
9662
107
7017
1458
8944
8141
8482
9702
2638
8395
4823
758
37
9172
8183
9016
1801
6
6470
2126
4834
2220
5622
3476
7252
4128
3811
6796
1855
865
3244
7806
2757
4024
8919
8811
9475
292
1418
781
4177
9194
9798
1723
9490
2143
9455
9650
7301
1900
6456
9858
2864
9967
6327
2466
8288
6551
4291
3092
9979
6145
1185
3332
3089
3302
80
6806
6583
2119
4061
3189
7520
7731
1395
7434
1184
8345
6717
91
4736
279
5908
1297
24
2709
3475
8388
8900
561
5268
4091
2085
6055
9255
9847
5452
1831
3468
9675
1911
1254
4078
4223
584
9696
5714
5144
4243
1642
2584
3629
8484
942
6086
7857
385
33
3769
3142
9639
6567
3535
2665
3182
4911
9012
6676
8114
9867
4755
3627
5762
7484
5454
6111
4629
3968
4294
8534
2947
4286
8646
9667
8878
6221
6115
158
7673
7624
6681
2756
4889
7078
6174
5403
8936
2056
1634
1434
7327
2653
2858
354
7643
202
9841
9911
6605
969
2109
9691
266
6987
8325
569
6210
1439
3001
7395
4624
6535
9605
7770
4968
4468
27
566
6141
7157
9514
5174
3680
9188
8182
9591
3433
9007
3137
1352
8396
2179
9235
8543
1814
3610
6528
3334
7263
5283
1620
2829
1571
7070
7236
7706
370
8207
5905
1082
3583
7164
505
4385
453
4652
9600
9400
1371
3392
3995
3732
4754
9545
7308
9692
8986
8229
4011
2594
2453
3286
8870
1448
4867
3299
3168
9844
9208
6827
1632
5173
9914
3295
242
927
6117
6293
2837
9314
1326
3491
1013
2047
5013
777
7474
8172
7862
751
4767
4084
4257
5937
9963
3572
2105
8722
1106
881
2717
5641
6194
3916
5009
3052
1317
6777
233
3309
9572
5626
9892
9099
2378
8966
9719
7612
5889
1954
3810
2502
5020
3507
1591
7548
3421
3784
1191
5285
4425
7256
3585
7417
1940
4303
3064
8330
187
4511
6165
2078
8980
6244
6045
3249
6440
5935
5627
12
1455
7319
5758
5680
5075
1280
9801
5566
2434
2696
2740
8874
2107
4549
1190
2050
4928
6874
695
9060
3759
9736
2208
3831
5720
6354
3830
7988
9057
3413
8803
7261
4798
3209
1969
6139
9491
6883
8569
6030
3176
8617
7400
9387
9167
1120
9160
2017
2096
743
525
6455
7761
7608
54
5222
7028
1473
6970
4617
2785
2991
8731
1663
1018
5796
9213
924
6892
3989
9581
408
3071
38
3306
7118
5392
7954
5990
5341
1638
803
4852
9612
9019
2052
5668
6396
766
2657
7091
7413
5035
9011
5996
1740
205
7661
8392
61
7605
500
2605
1311
3101
133
6053
86
1903
139
2551
6773
8360
2824
9282
7032
1312
247
7596
310
5978
592
2189
8460
8672
8436
4172
8714
583
3744
7047
2929
9894
4131
1385
984
2479
77
9839
9035
422
4268
3375
9382
4261
6116
1525
7225
9994
8366
9751
6524
2198
2701
1617
6791
2286
7714
1535
519
5688
4062
9997
658
4651
1363
4689
5016
2951
350
595
3288
2008
7355
3351
9903
192
7778
4147
580
9009
5800
2418
9477
827
4455
910
6609
6098
8285
1405
8849
1935
7917
364
102
4690
2811
3068
1346
2570
1874
5986
1608
6131
4359
6003
3889
2197
2426
7640
1929
4510
7688
1149
2750
8807
2275
7937
5012
5524
4529
4270
8766
7305
8559
6073
6673
3216
8553
9342
768
2841
9087
2163
8406
7893
8350
4657
7582
4936
