9269
6914
6457
6831
9859
9699
9503
8088
7497
6918
9116
7039
6330
2110
3275
3975
2273
1384
1952
7479
465
3847
1099
524
5384
2952
691
623
4567
4194
3879
2183
1378
7241
5304
7095
6965
5601
5701
6665
554
1936
8631
4855
6342
1764
6650
484
1164
5397
6305
1954
8470
1928
1218
8932
3169
6467
9560
5394
960
8921
7247
8671
8797
3709
2174
2263
225
3389
7918
4197
4301
5935
8282
7921
934
2187
942
9211
8444
1407
9482
9295
5634
9114
3029
3569
8653
1583
3720
7951
3508
2512
6960
1395
3118
4472
7219
1997
9139
5432
1205
2147
4290
3262
9730
9530
5630
9193
8900
6744
1008
4373
254
5058
2984
1398
8691
7578
8079
9789
2363
9783
9676
3612
9127
4400
6581
7936
4886
545
7081
3737
8043
6716
8722
9529
6786
1160
6020
5047
4607
4574
2253
7888
2802
386
3425
7006
5026
5253
7248
201
930
535
463
2769
5723
7912
4953
630
3040
6506
8258
2316
1861
9181
49
2124
115
6997
9494
8433
4498
5001
2563
8348
4016
9702
2129
9337
8741
2393
4253
5885
228
5719
4271
2122
8220
8145
7473
8128
84
1097
2937
5055
3849
2537
9761
8138
1979
4570
9650
6206
74
7127
9259
4699
2504
1110
9260
523
4645
9563
544
4949
4113
7999
7613
568
8810
75
1666
3877
3793
9241
8673
5173
7446
8638
7842
8223
9488
7964
7882
1049
6095
4943
2510
4079
8664
7603
3386
2179
9983
1289
5801
8332
2734
5514
973
9196
1823
9393
7952
4763
5954
3562
6646
9256
1876
8516
6767
444
221
4424
4439
3126
3917
9480
8667
6756
5633
9348
7397
1386
3459
3453
2458
4944
9948
7075
3745
9980
2689
679
7522
2819
7230
1421
1497
106
9647
7739
4429
2864
6047
6533
8643
3489
437
5827
7435
4077
2328
548
862
4491
2579
3111
5217
2148
2688
1854
8265
6601
7513
6631
1374
9923
1417
7340
7571
8210
7717
5306
8886
852
6636
4707
5554
8658
3661
2521
7537
5672
8334
2807
7541
7642
5318
1621
3844
1235
1970
2476
3495
5341
8911
520
4312
2408
2040
9390
6677
6029
9471
2275
9554
7383
2009
8097
820
6909
7506
4128
4133
1145
310
9177
6496
6184
2101
1640
1293
3568
8297
2403
8259
6861
7433
370
8092
1553
1219
9890
4166
162
425
3595
2439
4594
4507
1893
3640
8849
3302
8231
6365
8809
8513
5249
8303
3574
7005
1768
2599
9398
4349
7724
7573
5038
748
8189
8546
5730
7743
7377
8424
2556
1654
1022
6508
8721
213
1900
3166
6134
7509
5939
3670
2730
8785
4862
7458
6996
2254
5006
8569
3883
2993
6611
8383
2117
9882
66
7356
7664
4443
7507
7045
6227
7004
8143
9583
181
2679
5242
9330
2353
6429
9089
7115
4202
2284
6096
5868
3073
5709
4957
2838
3834
7508
8668
6075
5049
6560
5898
9245
558
921
9839
8136
602
4571
3254
6524
907
4328
5668
8462
405
2961
1015
4586
9490
5537
8387
9145
7638
8269
5307
8598
7082
5572
4387
4099
1222
830
6781
3344
5886
9192
4823
1802
1717
2963
9649
5281
2909
9776
1773
4036
8694
8959
4762
3519
4141
9065
7931
7748
7172
8270
9070
7052
8176
4562
3098
9424
9178
1828
3003
7275
7937
4027
2197
4055
5587
2494
9240
328
8588
509
3770
5722
4887
4600
1323
7762
5901
9655
6547
3341
6889
8148
19
10
1029
7632
4440
2790
5176
1718
7981
4951
7974
3563
2452
9895
5406
407
966
3728
4003
7583
333
8977
8094
3515
3918
8464
3309
9403
9831
5864
4041
8752
436
6289
4236
805
7527
7740
3398
3772
1458
4192
1598
4398
574
4252
4946
3367
6178
1644
3082
6328
5610
5241
5903
3435
6401
3142
2642
3357
4959
1060
9379
4084
7841
6382
8185
8238
8746
1798
604
1225
1906
4896
1503
3643
9601
6573
189
9832
7448
1230
4983
9206
8792
5367
1923
409
7315
7655
2171
3216
7948
9002
738
413
4988
778
6246
4345
7627
9427
7270
1946
6200
1034
4403
7993
5129
9792
8204
8041
6546
248
815
1427
2713
3005
1072
895
4015
2795
687
9212
4756
9007
3601
1763
6220
2492
3541
5791
9027
5718
8218
4506
5463
9988
5086
648
9016
7896
4982
4528
244
1346
2950
7982
4121
95
8371
2394
8568
6240
6035
5853
300
8331
3859
8780
5187
5577
5688
2879
207
1146
7308
7336
5763
3792
7391
1039
8343
8396
2326
644
8833
5551
1251
8607
400
7869
813
7960
7089
2826
5842
8158
1151
5231
720
4118
9857
5362
9778
2435
3293
3101
8684
6618
8622
6660
4759
9956
1667
1006
7876
1963
7373
9579
4048
7944
6486
4582
3477
5229
1752
946
5196
4492
6072
8867
8633
3019
2639
7027
4739
8768
5545
3685
4117
3476
5103
6700
3244
7350
5390
456
5874
7565
6718
995
6105
1877
8199
7429
3874
4929
1655
7916
1508
7781
8750
4042
2349
3953
7343
5594
6142
9995
3747
4514
8007
9368
3210
959
1009
3869
5135
8864
4805
4984
9479
7375
5388
7877
4686
7849
9094
3649
1595
9117
4059
4459
3959
3981
7348
6764
9023
438
5211
5442
3011
9040
4757
4262
7236
3567
9019
2364
3394
2032
4302
8729
2423
8602
2052
1596
7354
2228
3845
1972
3342
5443
1305
841
5120
3510
9961
9387
8437
8814
4145
8927
3627
2376
9755
6850
7114
4032
3905
7784
9235
4813
8054
3385
5328
3696
1038
5562
807
9020
8988
1047
1715
7407
9284
4812
7189
860
9642
3451
5768
2085
1402
2352
640
6267
8961
5543
97
102
5820
9140
6283
5958
3050
605
3157
556
4053
2587
5101
5560
4509
5714
6550
6032
4317
455
2128
4383
9072
2742
2305
1660
3412
3516
7742
2270
2016
1714
6114
168
1914
6874
8773
1392
6862
4692
4174
9625
4295
4284
6697
5617
2551
6661
8027
7857
3153
146
6166
9535
1801
8890
9763
3857
8414
7367
533
2354
9012
3673
8708
2869
5825
655
8853
4266
682
8141
1592
1646
9419
7010
9905
8615
3771
6711
8775
2561
4368
8937
3500
6949
4160
3238
3899
8887
9204
1016
9972
2477
3684
6509
9498
3358
2266
8345
7460
3881
7852
8162
2471
2445
8632
9425
7929
3222
3174
9924
9341
6388
4
2046
4667
1136
8354
7814
2887
9670
3473
7465
8645
8171
2853
6014
9526
6774
3022
352
8840
7838
3733
319
209
9823
9359
4952
3290
2544
5421
7942
7059
1364
1304
9688
9450
6191
9225
3831
6413
9866
7687
8784
9841
5145
4234
1996
6308
5163
937
142
30
5087
8239
37
3414
8475
4318
2846
4511
3287
8213
6748
4622
994
334
3911
6440
5682
7674
7616
6392
175
2922
1612
2506
5995
1990
955
1617
5591
6783
2583
9812
3475
6572
3652
4082
2674
9692
9190
4990
8765
9046
3033
7023
5913
8107
3873
7060
6606
4011
2058
9481
9561
2581
8313
9400
7468
6432
3774
5882
3533
7807
5733
5515
420
7542
5943
2837
6135
8678
7020
4729
6061
4856
2260
3154
7605
8415
9325
8848
6147
2789
2298
8682
4311
1306
2036
5469
3588
21
911
2321
5530
7221
9198
3632
2654
1697
1722
7291
8642
2907
9849
4765
750
9255
3812
373
5727
7378
5228
9969
2775
7559
6620
1649
2702
5802
5065
1995
6510
3058
8374
6982
1736
4004
3486
3554
1573
6358
3663
5623
7943
9586
8525
7346
5757
9979
2859
9058
702
567
8125
5804
2849
6162
7250
9162
5773
3842
9531
5033
9522
5100
4473
8530
5314
2549
1873
904
3808
2929
9229
7862
1721
7186
6110
6389
5449
5809
5973
6974
12
8725
9213
4353
4662
2843
3229
693
5654
1829
3215
468
5488
3942
1653
6279
164
3921
4948
5161
2358
3641
4120
8575
6890
1234
4258
3228
2111
2419
126
7183
6317
5191
2094
8349
5223
8028
2264
723
1863
6194
8078
6286
5685
6019
7328
4421
6376
2502
9432
4170
7277
130
8056
9051
4243
5926
9506
6975
6180
4731
8902
1432
9024
1699
6998
989
8008
8735
5483
7274
2297
7552
1157
408
5986
8359
9520
4110
5081
8869
4269
3760
9937
7309
5492
4715
9709
262
3960
2406
5286
9814
974
9335
3912
2259
9150
6474
131
1511
5585
2015
1787
7365
3224
3687
7749
2244
488
5994
2536
564
6842
1302
5793
7149
294
2010
3523
882
4898
2082
4740
2912
7173
2488
9549
4875
1143
543
9336
156
3305
5702
3894
2617
9085
893
4864
7229
3214
9096
5189
1630
3362
1273
8003
1057
4527
7980
587
2842
3241
7705
9780
1634
8111
5872
8117
4758
6816
2914
9607
1631
2707
3280
8209
2585
8804
8304
978
4865
7587
2042
7480
7812
2208
1150
432
9401
1301
2595
8548
9242
62
1080
5317
9422
8277
4063
8675
2252
4546
6161
8939
4480
9265
247
5927
7337
5105
753
3445
695
4819
3132
2998
9092
177
83
8930
8507
991
8542
5111
297
7901
2377
2190
5413
1489
1352
1509
5418
7649
8917
8347
780
4541
731
8099
7425
9339
5011
8748
5464
5356
873
5438
2312
26
9091
3619
8827
7424
5407
2860
3474
6866
251
7325
707
7311
2168
9185
4814
2234
9358
2770
1345
5749
4275
8500
7019
4411
4149
3326
8389
1133
9447
7618
4248
4348
2076
6262
1391
7341
2781
1938
9123
3982
7925
4572
4623
2757
8466
6063
3858
1420
150
7055
5484
4785
1882
7621
1891
9569
256
1808
5032
8838
2207
7791
5371
9822
8086
7116
3350
2067
1153
8945
2219
5287
4802
1414
7046
8170
5257
3468
2402
3030
4390
8831
195
1827
2109
1663
3993
1363
6537
9507
9738
1224
1283
2303
2421
8357
2637
2788
6426
3295
6133
5777
744
5753
1903
2232
191
7769
1368
5184
8808
1161
2235
5109
1162
8142
4669
9413
7012
8876
6945
6337
5203
7665
8681
1915
9131
5937
4414
1280
9039
9060
7410
4173
3572
7393
1070
2398
9153
1693
1257
9646
8620
8121
1735
6048
4801
1664
6332
1772
4213
9829
2163
3138
3996
9782
9852
5690
3036
3351
5961
6215
8659
941
2557
9155
1120
7782
7030
4378
5527
2829
1780
9743
7228
6642
8595
8903
2141
6719
6763
9435
5154
2268
3951
6754
8596
2920
4725
4467
4064
3886
6749
462
5876
4908
3418
69
306
8896
2447
3896
4602
2396
4477
931
2014
498
2953
5278
2690
3171
8783
2410
3183
9929
491
6402
8352
1172
2613
6357
366
4319
4397
8944
9951
869
7134
6138
4661
7986
3682
6737
489
5583
145
4476
552
4799
3680
3878
7643
395
9220
2892
4549
7200
7691
947
6321
9199
1024
5907
2478
2663
3296
3513
1103
185
4678
5959
9564
8670
6956
1965
6847
7684
3285
3127
751
9331
1958
7512
4155
688
2189
2741
6384
7967
5477
2068
7519
7455
887
1743
5057
7207
6031
8302
4433
3972
7093
9511
8594
2205
9992
9420
2733
9412
1582
1579
1797
4854
6070
9565
7313
5313
3416
4683
5625
3870
7434
4542
7318
4578
2855
6653
1825
2848
5369
2011
7971
6897
6643
6683
9084
6978
3505
2320
9719
9464
4583
3866
5662
4460
1951
9729
2735
1180
1381
5967
8648
1895
6234
7863
9456
546
889
3012
3320
3135
3250
8452
5563
757
9944
657
1094
2300
5726
8743
4076
2835
4255
3592
1526
1479
7385
441
3079
1177
8559
7672
9459
2753
6130
6984
2764
970
7043
8112
2643
6621
5089
269
7510
3482
2761
5836
4863
7505
9421
4687
2687
704
7611
5495
8379
8506
4062
5137
3555
1371
1932
7208
8938
7285
1742
6066
680
6926
363
8246
3933
2241
2323
7364
8324
7498
5948
1562
4743
8776
4474
4305
5311
5190
1665
9915
6469
1870
706
1176
6085
9144
2468
2933
1059
5092
7080
7469
9518
7810
2245
4671
3688
1056
11
4296
1746
747
9604
6471
4265
331
424
6169
3231
4151
5426
9701
6921
6932
2675
284
8289
205
9292
1532
5345
7798
5608
6507
3496
7170
2576
9317
5743
6574
1585
5320
3514
4584
263
1380
2366
4753
6088
2554
8190
3832
325
4108
1687
5751
988
3871
1620
6564
756
7704
8870
3885
2565
6464
4347
502
7085
5166
6545
531
4617
5711
5922
82
8852
9636
9267
9252
6658
4754
3165
5647
8891
6625
2400
4095
1778
4085
1350
4065
7774
9134
5689
2213
6282
3742
6944
2140
8319
3987
617
7014
562
4107
8491
9219
4366
9575
8720
1046
4184
1462
5404
6391
6738
4456
2629
3470
5981
2060
5830
296
9633
2696
428
1575
1953
1624
5835
4056
1163
1760
996
1547
9302
7213
6517
7646
5949
9375
3723
814
6755
5762
4239
2746
6833
5590
3983
5839
3032
212
4259
3006
3187
3454
6443
8562
2397
6231
5980
2980
20
3219
6177
2237
7249
5797
705
9405
8344
783
2024
2765
2602
9496
6400
906
5555
7668
1987
3980
6657
2484
3056
9774
3620
6913
1677
7820
9745
861
4615
6957
9056
1369
4462
7396
4598
5364
9034
2426
7335
8527
4287
2175
4346
9713
6980
7412
7374
1284
3948
6534
2872
7995
9293
1849
5991
94
9158
3776
7190
3078
7266
1831
1945
5232
7738
7728
88
9993
1171
732
6490
9160
6804
8695
9322
6428
4147
5569
584
255
2885
6348
7786
4522
5675
4024
2676
2098
2701
7485
9939
2459
9664
1838
2170
3405
8405
1850
8243
6385
6186
8051
4215
5336
110
5781
3443
3112
5534
6451
7240
9026
5354
5427
2248
8535
8333
2615
8757
3791
5084
6523
7097
8110
445
4859
1440
2280
4191
6826
8057
9356
3345
7475
6436
2773
4933
3013
3729
1514
4451
8553
2758
7090
6629
6456
1993
3085
8186
9349
2994
163
7761
4493
790
1297
2862
5277
876
7715
7123
3744
8207
3396
2116
7688
9669
3148
7755
7923
6113
957
8484
2608
3828
3409
6981
9184
7487
5276
6872
5945
8953
3410
5198
3265
180
8194
109
1704
8916
9769
9166
4502
4922
4438
5665
8399
5999
3315
2648
3301
1327
2910
3628
5987
9273
1307
8637
653
3446
916
3798
1459
4867
9550
9460
1638
4531
7935
4718
1832
7693
6516
2778
610
1980
2274
7977
1750
6722
7661
9044
8710
6462
6669
5054
9446
1820
5810
7066
6758
2768
4045
811
9661
8409
8203
9106
4681
5073
7370
8377
6791
1603
3298
4432
8471
9093
1708
1121
7177
5079
7355
8715
3815
7904
6598
5310
1027
381
4547
7157
4750
2451
1751
5226
6955
1403
2215
7111
5164
1949
4647
2884
8322
759
8169
6185
3872
3348
8924
143
3380
6045
9594
2153
6762
2601
849
7663
4564
4445
4900
5812
5071
4723
1058
7298
5308
1858
5365
8915
8124
5900
4067
2645
8166
8736
237
1197
380
1264
9723
1588
9041
9244
4937
3325
8913
1860
7438
3624
345
8973
4810
6136
9842
980
57
4049
5603
8123
3393
5889
508
6521
8188
3841
1591
676
3428
4298
9370
9846
6951
3989
4434
4314
8955
9120
7484
2230
5896
8727
161
2450
958
4783
9756
2191
6752
133
5372
5788
7525
6410
4978
6787
5538
7600
7047
2334
1132
8102
1688
5193
3716
4966
7129
4419
2112
7531
6324
709
7558
3014
8316
3606
4379
2409
4979
9414
8150
1659
3444
8906
8021
9881
3528
1050
1741
8163
6785
3010
8177
3679
3404
9600
3170
2771
5691
9274
2818
7443
1089
1210
5728
8600
4883
2911
7489
1201
5813
5035
5570
7959
8952
5415
2744
1090
865
5374
2699
1824
7137
9902
3532
7800
2359
2866
2415
2092
9632
8777
1445
6202
2943
2545
7595
1487
2915
5598
362
7071
5002
3824
9431
7686
4525
6373
9927
829
6821
6258
4289
4637
5920
9203
3810
1604
3201
2858
3116
4083
755
4679
9122
6687
8795
1728
8052
4709
1999
5266
8385
1898
5912
9617
4936
3604
3765
7265
4676
2821
8328
9760
2432
4889
6659
8704
2437
715
8974
7554
3517
5697
9546
5023
4233
716
313
1730
627
8011
7783
7747
448
2523
5891
8515
6803
769
6994
2123
7911
4088
3162
9945
826
2824
6163
1516
8038
5088
5707
6257
159
7660
4911
7750
8215
1510
6411
1207
3433
3934
1475
6205
8227
9562
1652
2414
9227
9000
5248
4058
964
596
7623
231
5099
7164
2431
5467
1755
3639
2893
2951
8068
9928
2607
8442
7879
3308
4164
5844
8877
3677
8802
6638
8791
615
1198
339
6353
2033
4918
787
1296
7399
3702
822
6329
6908
7199
4766
9128
570
7065
9807
349
2152
4448
3251
6245
9102
3090
471
9624
4700
2810
4619
2632
2796
4374
3795
3657
4437
4267
8728
6438
963
496
8122
2589
6077
1700
6941
2301
8474
5746
7917
7779
3999
7602
9903
7596
7408
7745
539
4670
9552
3623
9690
3042
8392
6678
9086
2472
6503
7992
4705
6920
5811
3462
5639
621
8843
5114
7323
804
8393
8149
3
6437
3580
1078
6396
9194
1214
4468
198
6679
1578
4060
2177
2578
3372
965
4139
8305
9216
4635
1354
1107
1448
8583
5879
1362
2021
4458
1190
839
7680
446
4333
3368
3854
6807
7457
6682
5340
8674
4555
3939
1310
6172
2279
2382
4552
1048
6052
4264
9228
8388
2865
8706
9705
8487
59
4136
6773
6770
7887
7966
8030
3217
2467
92
6049
1068
8294
2261
8420
9119
4013
2780
3053
7796
5179
9081
2503
7764
3360
7658
9610
8434
3361
810
2050
4947
9371
295
8284
316
268
1818
5816
421
7534
9148
1504
3891
4331
9505
7736
8222
9621
4186
9270
9438
7286
8933
7965
9865
8127
2900
2065
9171
4102
5787
5321
2201
6127
6056
4461
8468
3603
5826
4711
3365
511
8411
7338
6655
6883
368
3814
6999
9207
218
6284
8049
6302
6233
4573
1294
6125
7459
5977
8187
6473
6006
7645
7281
3956
7147
5778
1338
9853
1904
5869
9674
5775
5785
607
1243
8571
3282
3940
3675
2540
241
9771
7159
5206
500
578
8257
6805
5860
7650
2126
222
1702
7418
5458
4327
2055
1590
5528
7132
6152
5866
7848
8081
6886
8910
9834
3932
1662
1211
6835
5924
2638
6090
6092
2493
2695
9906
3827
8557
6116
6458
4580
7495
5134
4020
9557
3401
6042
5829
4836
246
8064
9409
3665
2990
8700
6950
2308
3065
4426
4054
7037
5861
2306
4227
4712
7699
4795
6575
1610
2256
4685
7878
4828
3039
374
6463
8449
6527
6928
9013
5858
9090
144
3786
3261
7070
9904
9248
1988
2002
116
7358
5244
9821
9136
4126
60
9873
8146
7689
9165
8856
5755
6146
8942
1577
2670
9970
2646
3337
6126
7243
9022
3920
8140
2809
6709
1191
9588
3064
8443
2370
7940
1731
6613
4964
8421
1833
5382
7828
8365
1137
2169
4632
5918
8851
3600
4849
3218
2420
2618
4086
734
3922
423
5165
2041
3613
9173
5579
2982
8552
8881
2302
8865
7614
2355
593
6057
2500
1602
9029
7609
3110
2318
7359
6904
4530
8794
1128
922
6040
9076
4794
4563
6554
1512
7823
600
1676
5966
5526
1513
9590
3802
2031
1776
912
5952
6771
1469
7758
953
2960
579
7416
9712
8045
2889
5148
4263
2754
981
2000
283
9441
3439
9257
9589
3311
6822
7873
1748
13
2787
2136
7751
4565
1837
7092
925
7100
2144
7353
4457
7678
417
1076
4532
6555
2061
3986
2619
4203
1556
4496
8318
3333
7040
4587
5823
9508
6522
5694
4991
5041
1286
7927
3929
4535
2446
4579
7744
9052
4561
4341
4533
9612
5645
8098
2200
1329
1846
6608
6776
6587
6153
3329
8816
3466
3738
5480
9071
8824
2246
6374
7716
9454
7444
9946
789
3096
5338
4817
1033
7681
4388
430
3255
1203
3164
3558
8114
5075
2954
6935
5636
7152
7670
8982
8193
3456
5651
3297
2453
2976
4212
9469
98
7630
3043
9747
8719
4242
4967
4904
2850
3958
6285
5259
5096
3205
9813
8417
2930
8401
1195
6514
3100
6717
372
2020
5053
7011
1919
5297
6345
5018
681
671
5667
3072
9845
3458
3088
2059
6062
1519
7388
8753
3861
3547
572
3114
6461
4915
8080
8904
8528
4078
1087
2001
9010
2192
187
2759
2331
9689
1229
2285
402
7357
1496
5299
2499
5157
1141
8106
2262
5285
7227
9004
4708
3442
5656
2045
779
5747
2483
3779
5331
7701
5459
1255
1290
2384
1452
415
3941
1318
700
121
6693
4713
2525
2062
2625
1455
5725
8740
7184
3356
9342
8494
1281
5491
1409
8118
6708
2404
3499
7756
129
2841
1518
3739
6139
7615
2938
6079
2857
3676
9101
737
6971
6331
1333
29
2267
9298
8863
3949
8956
7068
7889
1138
3449
4444
9889
2566
5622
7606
4775
3490
5235
8943
4365
4616
5799
2417
503
8459
7381
8100
1313
6640
270
5116
4235
9080
1973
1668
3140
8677
3480
9960
447
6479
4442
3440
7234
7978
5059
5936
6840
2130
1236
1017
5595
3000
7215
1397
651
8031
6074
3903
8929
2162
7476
9984
9033
5208
9415
4934
220
1684
6905
9608
4646
5453
2218
7158
3188
770
7785
6249
3646
2038
821
5873
1911
8626
6356
4554
3800
7881
3192
4035
227
4524
7775
3109
8139
8572
9315
4569
5621
7104
3497
1411
1124
6594
517
586
2029
6844
8108
9174
5127
9098
6893
4972
120
8799
9172
1724
6274
341
5399
6891
4358
6987
9502
1998
3457
6004
4788
1910
340
6856
1939
9635
5450
1438
1792
3992
5695
1555
2739
6304
7972
8696
5779
5377
6081
7139
5884
6425
9533
8050
2752
577
2149
7984
7329
7708
9210
1471
3542
8283
7922
1961
2131
4044
2913
2343
3955
6855
512
8587
4471
5741
3520
9577
5247
1628
4901
9276
7121
4604
1732
388
639
2381
6201
4614
8151
8271
7861
9653
9009
5419
61
7463
9684
5663
5064
5498
7083
4737
200
3402
9576
9764
1811
6548
5267
9968
7185
4696
3248
8048
2534
7102
2749
9289
1940
2526
6086
8446
3113
5855
9141
3946
943
2375
3063
458
8296
9629
5867
4674
518
620
6582
3355
7759
1564
6171
9311
5034
1102
9514
2694
7597
8026
5181
485
2594
6745
4157
569
3587
1085
6647
5769
9169
7636
8958
4871
8893
6229
4689
7897
4395
9429
6532
5643
2480
4501
9068
1253
2120
8627
864
7453
526
9637
6577
9236
4837
6269
8402
7155
9536
9540
7369
3995
3369
5497
8493
9620
1023
6296
7834
4793
4629
5652
4860
6498
7721
5319
4106
8745
9934
8412
9828
480
5564
6009
8164
986
9108
6050
6051
5282
4702
2571
9837
696
9272
8182
2989
724
855
541
5843
6170
1957
305
9073
9818
5204
7169
482
6067
7579
3904
7696
7829
3041
983
1977
9279
8609
9679
9901
8134
1260
1725
7352
4620
3184
5300
8811
4994
3717
9879
493
8524
8796
4773
9125
9202
8884
1594
6733
6977
6394
2692
8005
8901
5216
7411
5696
101
6617
9779
7061
9333
4127
6674
8129
1441
8850
6936
5547
2727
5964
6911
479
6237
1705
3501
2621
1786
2216
7072
219
9963
3718
7255
9585
1300
7652
591
6906
410
2868
9395
7319
6766
583
2964
2457
4171
833
4510
9008
7619
7544
9935
2890
3769
1733
6859
8024
9523
4881
6197
1382
2202
1488
9299
5740
5792
3763
2896
403
6145
8812
619
6843
6007
9740
4945
6903
7860
2569
4751
553
9124
6343
7332
3191
1884
2845
9693
9100
6352
5233
2172
1278
3034
3093
7064
3488
6515
3327
4955
6592
1943
9238
1114
8071
4206
6877
1948
9254
8522
664
8820
6993
2840
9656
9407
754
6213
1694
9752
8410
1320
8984
4316
1460
4820
1367
1309
4104
4230
2388
1139
3502
4697
240
8652
2582
8260
4771
884
4293
7368
4469
2711
4624
4241
1937
4200
2592
4630
6536
3817
1851
3237
3979
4791
2401
6800
7413
8023
199
6673
5144
1443
2756
2586
832
5444
9685
5473
7634
3395
8
5511
7504
6038
929
6946
1691
6832
8873
2469
492
9867
6569
1826
9468
8872
3015
8537
7577
7239
7983
2665
9266
9797
3429
7371
1855
435
8526
6497
8403
9596
4742
5863
7731
8597
3137
5269
7780
2198
5486
6895
2971
1422
5706
290
5772
3035
4599
3664
9909
4997
6078
4138
7754
5337
6963
9908
5653
5512
9230
1524
2066
1091
8846
7712
7260
8888
5541
6489
2574
1899
1220
4335
1739
2265
5832
4585
3963
114
5350
6223
540
419
9570
1454
6811
2539
3575
4292
7201
7996
727
7521
3339
5215
1248
3498
7790
3625
7854
2693
1533
9440
132
510
5928
4688
9921
9448
1037
9455
9622
8355
192
3830
4116
3781
1658
6688
3227
4596
1600
5036
828
9444
2559
3283
3819
1274
802
6841
3129
8067
8300
2455
9613
2346
2430
2102
1767
765
8601
6491
505
3571
1447
9018
1805
2348
3579
1480
385
6036
9683
3570
5381
2107
387
1328
9543
5520
859
1557
170
7431
9724
4970
3291
9796
2871
7161
1795
2606
5401
5549
7379
4609
7557
9386
835
8999
9666
9784
1062
5612
4992
6584
1074
9512
9591
4463
9581
474
8996
7826
8532
6399
6630
6259
478
77
9006
9801
4537
7868
8309
1353
7415
3916
3839
5260
6735
4641
1545
5022
613
6210
3864
3004
7840
4920
6964
1580
9750
977
3945
3239
3589
2166
1670
1223
3376
8006
6593
2969
6828
3220
920
6651
8981
5063
9015
752
5670
8778
7160
6814
1561
7118
8661
9247
6915
3363
513
3352
785
9485
1925
542
1413
6645
9899
5115
9282
5895
2121
307
5544
4797
1442
4942
565
7156
8993
5355
7212
5012
6106
5435
33
5139
3974
7644
378
2812
327
7196
9830
335
4486
1252
4187
6885
6447
672
9055
39
624
576
5655
7727
4007
4125
9187
243
70
371
566
16
7772
4201
3268
1000
4989
3257
2535
3292
7058
4550
8821
1054
6668
2700
320
5532
8268
5132
8582
4625
7167
3060
8603
2945
9118
5942
7718
7304
7387
3897
4131
9619
8941
6409
3001
1140
662
6030
9304
6836
4726
314
2292
5558
5207
8723
626
125
798
8233
2814
5358
2309
1117
6919
1324
9595
4869
9850
5687
9353
7975
2948
5710
3117
7529
6724
3158
7025
3741
7493
8786
6586
4592
7423
656
224
3436
4695
5212
4489
817
1559
8323
8739
3408
8391
3674
7278
5529
2097
3173
4402
5393
5972
8767
9232
9129
8004
2291
9466
8144
4642
6715
5575
4664
2997
1885
8341
2839
2157
7637
1881
4659
3264
1428
9110
4334
7591
5352
2552
5571
3691
7913
6307
7765
1783
2332
5031
2034
8165
2999
5298
9515
5069
7795
5557
7445
3889
9896
4332
9138
2225
8090
8202
8894
8857
9294
3556
4772
4909
4832
9811
6034
1269
8130
8969
6809
8256
4873
6637
3585
173
4336
8366
3384
2666
6624
5169
9135
4415
182
4196
9003
2449
4940
7837
2479
8264
5251
5997
3263
866
2786
5410
8184
1467
7532
7099
9268
5
4786
7875
9593
4039
4244
718
8919
4675
1423
4728
8724
2007
7629
6441
3423
7793
2087
5846
5540
6477
9107
5279
9938
6825
7194
5476
1605
1483
3047
7087
7026
2448
5539
1115
5378
4009
6888
3198
8180
1
5932
5542
6931
7141
6251
4091
3195
2962
7244
1813
6966
3838
5270
7566
856
4965
8541
4643
5288
9910
8883
8173
6422
5151
8968
7839
1166
2811
5897
3310
4830
5649
4857
8272
67
2936
2725
8514
5693
9430
9717
7320
8922
2957
2718
4225
5771
5887
6576
9154
2888
3038
134
7690
2697
147
2622
7288
4733
8549
3804
4208
6179
6848
2928
9887
6097
5784
5025
643
8714
4628
8073
5721
8860
4071
5521
9687
1390
6813
4858
4431
3492
896
5043
4874
528
5951
1729
2019
8508
2894
649
1570
7594
6151
5290
7021
8862
2881
1446
7305
816
7036
6109
9453
515
4337
8465
4764
9892
9079
4760
5387
5620
5346
9597
2553
4724
5851
4798
717
4369
5245
6444
8584
9361
6380
8798
41
6452
4362
4070
2610
9675
8425
818
6561
4776
6815
3021
8228
5357
3076
4912
8551
915
2851
858
6360
3594
7452
9334
3898
8762
9286
4441
72
8378
8226
9718
8200
5589
7120
799
5624
2222
1679
2023
7426
5818
2093
27
4158
1238
7154
7440
2793
5578
4190
842
43
6761
8230
5713
1396
6610
1069
7314
1242
6779
3766
5850
7806
7088
571
4357
5796
3617
7078
6131
1892
6334
3346
3049
4884
1984
8611
7395
2669
6421
631
5408
8320
1266
8672
6445
5375
8000
1501
1186
4452
4841
1340
3097
3666
9062
4030
5124
3156
5283
7351
4134
3276
7570
7947
2344
7766
2698
4999
3193
2428
2515
9941
9878
1698
5052
9411
2706
7939
9350
8829
1125
112
2774
9264
2816
3564
6414
3054
6681
4515
1187
499
4250
5776
5968
3343
2546
8858
2287
6254
3190
9305
3120
1756
1339
8734
2973
8989
2856
2071
8744
5230
3525
299
5301
4281
6736
3161
990
1947
2941
3860
9555
1213
2461
2878
5083
3322
5516
5862
1848
4330
5472
9638
138
3924
9461
9383
9183
5669
5170
969
2828
2095
8604
8063
7464
8133
4385
3246
4747
6940
9602
124
612
4351
9741
6420
9313
1147
9449
2591
6796
5993
7590
2327
3909
4047
999
1781
264
3821
2081
8301
6923
1757
217
336
6967
3926
2317
5614
1071
9406
4916
6518
2624
3773
2337
2356
6016
4544
1370
1498
8047
8103
1036
6739
4142
6412
6158
5638
7702
3757
4519
4391
9021
9103
1130
8476
5676
6896
2661
6465
179
8447
3074
8565
2368
3700
7117
4710
3807
2236
1563
1156
4152
888
5859
2022
8592
3252
3994
2805
2641
6021
8585
891
193
9855
7342
7146
8335
6417
107
7181
6704
7511
6559
2797
8419
5659
6830
93
5586
5947
4051
2319
4000
8880
7001
3236
7520
6634
4877
4749
7180
7482
5550
8590
7280
5156
6544
3086
361
7209
8427
9851
6820
8579
950
7454
4868
4237
7050
1619
1720
3586
2053
8315
5525
4376
5218
2465
6852
551
9707
3703
4540
6204
5602
8290
4684
9209
9860
9809
4074
7263
2433
3867
9694
354
6512
5640
2154
4977
8554
6459
2226
4150
4738
3463
9884
6846
9964
5871
7899
379
34
2229
8770
5423
7057
5361
4021
7867
3411
1774
9258
17
4100
7187
6502
5370
2558
6887
5274
3121
9066
9641
3850
8454
7555
2532
592
8261
5160
4648
8970
215
301
5431
6731
293
7290
2528
6571
6589
8247
1464
5342
2399
8520
5596
3910
3059
5082
902
647
8806
3705
740
1593
2490
8292
1633
6492
8191
7112
6168
8463
2708
2777
2118
5911
685
9457
2723
5194
6552
4005
3865
5969
4693
7246
8504
9800
1686
2282
1325
9297
6008
9031
5974
1747
7382
80
8386
8800
9858
1822
2338
3731
1212
1063
449
2750
5106
1429
9048
5445
6454
1249
2691
997
8697
5989
6475
7017
1332
1918
5531
172
501
4508
3179
5265
6867
8065
1669
3130
3794
3503
2233
5243
6907
6294
326
2389
9876
9043
796
7144
6221
103
5070
4161
4536
892
8841
6015
7197
6442
1538
6898
3607
7545
5420
2519
4068
3943
8503
5294
522
6107
6476
5734
6780
460
2573
9826
7466
645
6884
3964
6347
429
6028
71
1552
4175
7297
2820
7086
3708
9290
2103
5765
5852
5168
1581
9463
7735
8570
8521
3017
5906
1118
9611
3316
1337
9493
68
4914
7892
3306
6609
735
3659
4006
6746
6622
6300
2967
9606
4238
1894
2289
2719
3338
8394
5642
4034
1043
7091
6604
9121
7604
472
9115
8072
2983
5500
739
2897
7272
872
3805
9360
3491
8009
2772
3636
936
196
2442
1887
5878
3124
1209
2240
7145
466
2463
440
4436
86
321
6958
4360
9930
9880
1484
9277
2367
2004
8702
9161
5003
4384
6188
3584
3182
38
7572
8914
2792
971
9894
2992
8232
2243
5960
2160
2008
935
7056
5353
781
3550
6316
252
9364
4512
2335
4270
2703
8168
7574
1650
4288
2511
3066
5462
9660
2507
3441
7516
2899
9226
3335
2560
8467
636
1295
1507
7864
3967
1544
1100
1968
5767
5414
2418
4899
5975
5143
6742
5395
1073
5422
1200
1685
879
7824
1567
5396
6011
1174
3681
4842
412
6190
4154
2748
9483
2570
5112
1466
898
7919
5729
4518
4851
2069
4824
5941
2779
9681
8629
9706
6568
2342
8807
6900
3070
9473
3611
3037
9806
4717
6485
1348
3706
7633
9167
1607
851
1530
951
369
2863
993
4831
6750
3200
3099
3694
8278
4217
459
1185
6976
728
4721
8380
8923
6128
148
317
853
3908
6423
9083
280
6252
3740
3952
236
4278
4523
9253
3971
2875
8423
8496
9925
5344
1319
3553
6702
5325
302
8153
5478
404
1388
4925
3406
1771
9224
9478
608
8426
659
5138
8907
358
9662
7865
1170
4897
8660
7143
1531
4701
2383
2817
8022
5988
8161
536
1478
4073
2362
8479
7553
1196
6058
4826
5447
7347
8505
1907
3848
5523
2509
9321
8275
4878
708
6583
5921
4026
7256
9470
8017
4364
1966
9766
3577
4668
1116
7683
5739
9525
3175
3778
249
6338
5890
3235
9380
3150
8897
4811
2919
6480
4033
9840
8962
3546
1031
8053
3833
629
3180
6802
4870
7561
4326
8016
7503
6381
8550
5738
5888
6375
6404
8972
6112
7514
4906
5019
763
7811
2212
3531
1468
2986
7998
1803
8662
4806
1246
4601
1481
9088
7580
4162
1053
58
4779
4219
7989
580
8732
7
8815
6644
6250
3655
2548
9541
945
8693
6902
304
9787
581
6288
5056
2209
3018
7276
6641
8221
5263
5761
7584
4650
7676
7422
1018
5013
8926
2949
5250
3272
4028
5312
235
5108
2206
5923
2372
384
3806
4517
4980
1614
9975
2956
8234
8689
6261
3698
1775
663
9200
7135
2272
4722
8486
2217
1674
901
9112
9698
2830
2760
3937
6837
7647
4714
7900
4548
9735
7903
4735
8432
5256
7502
9949
529
3895
6922
6315
6372
7398
6799
871
330
2974
3581
6829
6712
4224
927
6044
1262
1551
774
6232
9195
332
7856
4847
7231
606
6916
7299
976
6355
3704
6481
6790
674
8641
4231
5335
8367
836
5611
1789
6094
2115
5110
7049
7710
5824
6350
7902
118
6929
8502
8293
1277
5455
6543
5398
7822
1221
8035
8160
7492
4658
9932
123
2731
9326
1909
9788
2600
3610
2861
232
5914
6633
8126
3647
8754
3397
3750
3123
7732
467
825
4880
275
5950
8255
5412
4928
831
184
2276
3743
9544
8356
3242
3754
8400
6364
355
595
1571
6878
6244
5745
4122
6954
3258
9959
1840
8490
4834
4094
122
3381
137
2995
730
9714
2003
9790
9149
278
5548
2751
7908
7138
2290
1444
9156
940
6483
5205
5894
6765
1490
5167
1165
7777
7226
4135
7054
7575
9767
3025
3427
9710
406
8307
7282
5437
7366
105
8866
7289
3390
4218
694
6985
899
25
9381
6664
3431
9542
3906
5005
6488
3534
8206
6734
1379
5615
1897
8167
3455
4902
6626
5386
6183
573
9036
1476
4894
1226
2436
5275
3448
3279
2803
7767
7671
8946
158
9848
6418
8766
5141
2088
4168
9695
8312
8954
497
4352
2513
678
1784
1291
5451
9287
3976
9014
8992
6439
9028
557
6266
9917
3506
4521
1001
9977
7122
2339
3379
6870
919
1572
4354
76
1258
3783
8617
5933
6118
1426
8286
393
8012
2134
3645
63
638
8229
9870
6310
6093
9484
1956
3143
6327
2096
1184
2249
5347
1158
6141
7287
7376
8687
8688
6361
3102
7151
854
6460
585
1616
5805
2485
6540
4246
31
9501
261
6255
1788
4513
6794
4103
6528
7119
4575
559
4998
6226
6948
6010
7872
6818
3122
7162
431
2142
6495
3549
2611
3973
7979
6553
4935
5536
6873
5930
7421
9971
7451
7456
7018
210
5508
7166
9278
1815
8317
5904
6018
1430
2852
772
8172
8964
6407
5626
85
7523
1270
9802
3330
7153
9049
1921
2955
8217
8826
2724
7763
7817
1794
9303
8214
5770
9645
4968
9603
7928
1819
4703
96
56
7677
3168
3203
6103
7517
4556
5234
8683
3751
3548
7402
3269
9721
3748
8439
151
274
1240
3775
8976
1520
9376
6924
9810
9919
5210
2847
2965
7322
1872
6962
9011
588
2972
868
1576
8686
288
6277
9163
8986
8240
1287
9654
2143
9146
9888
9063
9844
3026
5917
3067
8450
5857
3790
9942
2441
8370
3253
2813
2106
900
3950
646
9099
8543
7973
9731
1239
8406
8237
2135
4829
745
279
4809
3762
8979
9418
8567
3062
2767
5121
8416
7067
9725
3403
9703
6563
6500
1927
1206
9737
2221
188
7394
914
1035
7461
8083
5213
3851
8701
8280
4985
7569
507
2324
298
9147
9316
8742
6961
476
1144
1711
411
3796
4782
7639
5910
8084
4446
1839
1672
1045
3177
3631
206
377
7778
5102
3977
5485
1723
1357
8703
2782
4482
5126
9309
2562
8834
1055
4399
4866
4774
8817
1064
3493
5368
4893
9936
6672
8375
7870
7312
6222
7294
6089
6806
6301
7622
6000
5680
7053
2891
8761
7722
7344
3349
8832
1298
2942
2395
7526
3061
5363
5416
9820
5849
7333
6667
8712
9599
1096
5546
5704
3710
7079
1974
2486
3303
8718
4769
7442
490
890
9720
9391
7279
8361
3538
3618
9558
1105
7847
5565
7910
6939
690
1317
2378
6181
1351
9803
2501
5764
7957
7548
5795
2959
3582
1385
5280
3438
598
5790
6863
7709
6714
348
7898
1042
2831
6684
1077
909
6157
6101
2374
2145
1082
1896
9215
4888
4280
3615
2785
8774
7562
8499
9998
5971
8015
3392
6449
3522
486
7232
7430
7038
9827
4921
4559
4343
2939
8327
4172
5838
6366
9310
6565
6925
8882
803
6472
2530
6530
1119
7906
1359
9627
8690
9722
4780
5715
3259
6297
5436
7419
3799
9428
2636
8087
9677
698
9053
3518
3887
239
1799
1812
7890
5953
483
4626
5782
9347
8885
2737
9372
311
9477
956
5934
6122
3197
7165
6990
5976
4274
4220
2710
6160
6685
1770
2924
1924
3597
5517
6615
7029
4043
637
6654
4660
6144
5429
3232
3930
8488
1536
7306
1502
5376
2158
6969
6280
2311
3483
2360
7439
6276
7858
2434
6797
7488
6025
8918
7961
7380
1439
6167
4490
6676
5731
3212
8665
9843
8818
4276
5178
2720
1986
1976
2250
469
7450
1505
9378
3374
3256
9815
2516
4835
1285
5574
6069
2904
7581
2883
3089
7846
3634
6369
1917
22
982
6268
654
1424
9246
1766
9931
4560
979
1399
2462
2886
18
2876
1558
6567
3178
1208
6239
5815
7794
1215
2281
3711
8928
2745
6164
7941
9319
7331
4603
1719
5559
8803
3069
6772
2791
4313
801
9067
7958
8685
2704
171
3095
6525
8581
8329
9615
1092
4339
794
4389
9275
3856
1066
5329
8619
6691
3755
2844
7843
8152
8605
8960
2438
5009
838
3176
7034
4682
8196
6292
7363
9953
8044
6972
5831
9907
8749
1418
8868
5510
3370
3485
1695
2139
8519
4002
6450
2917
1199
7833
4973
8372
3027
9280
7620
1010
6649
4538
4315
9137
6817
7914
1108
9262
4123
3626
9580
7816
5592
5803
35
8438
4861
4221
9285
6100
2575
3699
8563
6723
622
9399
7471
9082
9978
9521
3206
6751
952
4046
8430
1962
7725
5077
7292
453
650
563
1389
4408
939
4409
3452
8878
8830
8655
8404
8248
9486
7988
2940
337
1931
1101
2604
2542
389
8431
6419
1701
7808
8025
1960
5597
2588
4644
2227
2653
3081
7441
2905
7883
6055
3787
427
5848
4167
4430
5627
5908
9064
1866
9715
5584
7805
6894
5343
8561
5736
712
2728
7945
3008
8813
3671
2063
6720
360
3551
5060
9891
2834
3016
9499
6535
8656
4557
6727
8250
6694
3635
4484
1316
6303
350
3788
3481
4627
6359
1817
5635
6082
2721
4294
4286
2132
4706
7907
7182
549
1983
1093
2738
9835
2966
3304
2043
4130
347
3559
4320
3985
908
2495
6236
6635
8480
6656
6482
4205
5552
2977
6729
9197
260
9157
1908
6155
5240
6071
155
3213
204
9437
7905
5946
8460
1639
9045
1929
6845
4840
1642
2804
2664
8262
933
7203
8178
1499
3181
9965
1623
50
6557
5909
2293
3460
1793
5324
8339
726
1703
8536
8624
4505
7390
2975
9950
4885
4260
3139
4207
6699
8759
4465
8244
4651
8429
8758
9201
9659
8837
2188
628
1625
3364
7723
167
9753
824
51
6875
9696
4323
5677
4778
1026
9838
6241
7254
32
3782
3045
3359
9105
1342
1044
8236
2075
1521
2988
4299
962
5140
9283
9397
4987
3724
9877
590
710
9816
5606
874
5366
1472
2413
1123
4089
2223
2307
7222
5017
6212
8299
2533
4105
9191
7803
6046
7478
3323
6695
8037
6788
7472
5613
1539
186
3544
1712
2304
8874
5152
3057
9933
111
7550
8109
2127
5814
9142
1375
6306
5522
4639
1597
3108
6740
4581
3149
2568
7307
9458
7386
3024
9487
3669
5588
4427
7797
3391
1086
9445
3759
7022
6091
1745
7818
2496
9651
2823
4304
7428
7131
7915
475
1905
4761
5553
3880
5474
7813
7110
6504
5094
1902
3884
1079
5880
7987
6952
9042
8835
3855
1415
8523
8991
5845
8472
3294
6484
2077
8085
9417
7406
8364
9547
2800
1012
1095
9875
5698
547
6224
7405
2630
2425
8925
6041
1425
1360
9054
7564
8533
6054
4211
5461
2464
7372
4961
9765
7997
5985
7404
8936
223
6087
5008
5678
9288
3927
658
7345
9382
3131
7682
1985
8029
7819
1194
6312
6325
1400
9
6024
6701
9962
7044
8871
9176
6827
4279
4672
776
4597
7142
1410
9517
2736
5875
1529
9263
9994
8096
1689
667
4494
1406
2596
9524
315
5255
9775
7768
1265
1673
6448
8263
1869
5158
812
1356
3578
5641
905
55
8639
4222
2072
5673
9952
53
1922
4846
4386
3540
5502
8679
4195
4736
3818
1486
9556
9362
9663
8760
7362
3560
7041
2017
1052
359
6558
5037
9799
8909
670
2482
3373
7990
3803
3829
7403
2211
7635
9189
4037
6519
8589
4892
2614
6775
1088
9475
2902
8649
1613
149
1336
322
6986
5291
8616
5712
1134
2644
4297
5392
3651
3892
7612
7035
6344
1500
9639
3314
6603
2958
9500
4342
9943
7483
1852
1678
8657
8363
42
6757
7950
2294
9281
2729
3767
4808
7283
7214
4503
4087
7920
7673
7669
1681
3678
7695
6937
1967
3835
1202
8898
4324
4566
5238
3852
6235
6468
6405
3167
2978
2520
6340
3226
5582
5409
8310
5756
2877
4223
5261
5021
3378
1331
5619
4159
6910
8709
1779
4226
2763
6121
5970
5750
967
2968
8564
8469
2547
6675
5333
6988
5507
1204
1589
3146
4910
8501
8957
9327
5268
4941
4526
4193
1349
8285
3199
1706
1622
5128
5254
7271
4781
4745
9609
398
1690
2498
7074
152
733
6083
6759
7414
6953
433
9109
2113
426
7188
8337
3507
8326
5870
9126
9785
8440
4962
7235
6810
6632
4631
3593
2931
4848
1920
870
5044
8101
4372
4291
6947
1461
1485
5599
9402
9074
6934
6983
4407
3484
7432
8698
2299
701
8779
1525
5580
2593
9551
451
6217
8413
8287
5237
9626
7836
4784
5956
3876
1482
7205
7938
6989
2073
5471
589
5284
4092
7321
5334
8539
4367
3862
7714
8091
7563
3660
234
1709
2564
2025
9038
3249
4610
2626
9868
8844
8205
6857
809
5246
532
5146
2766
9354
6599
8819
2392
1847
8577
6666
8676
9678
3689
9392
259
8531
9539
1308
4061
6588
3434
9874
2916
8338
1769
1084
87
6123
7954
3954
258
3318
7126
6271
7825
7136
7268
8179
4850
2491
2204
454
6542
1942
1315
9726
6627
5411
64
1453
7789
6619
8636
5460
1618
2278
7109
886
7033
4879
2682
8591
9989
2627
2051
1791
2108
9833
1527
351
8254
1584
117
3134
1401
3642
6793
9914
530
5068
6591
3913
3653
926
1259
4401
5010
1645
6991
8482
8763
4081
5136
3422
5202
3245
5865
9746
3602
5783
3789
3068
7835
923
2345
8266
3471
7130
3094
394
6333
806
880
4216
7259
1901
7757
6408
5666
4792
3965
2580
6628
3928
6839
14
2044
5759
2822
684
6189
5568
3621
5834
2597
3321
5434
998
7697
8113
8971
6336
6970
52
8558
4746
3478
5222
5535
308
5605
292
2635
4913
8032
2985
9572
9804
611
7032
5045
1879
8295
5273
1366
2658
3009
2133
9180
4975
4418
3730
9436
3371
7821
2193
7588
1419
2932
3840
7698
2755
5292
3524
9918
4591
7648
840
5062
1856
9433
3868
6992
2732
3785
6556
7859
3825
3609
8408
2684
760
2527
961
1113
3596
8001
4803
2089
1456
9686
5657
4129
3761
8253
6265
4306
4475
9592
401
2685
1814
8346
2239
4593
6203
7125
3557
4608
2238
8963
8279
6043
519
5466
4325
9328
5465
1682
948
4410
4361
4969
6320
5501
7069
1716
5330
1599
3931
1241
1853
2867
6368
8042
4558
3938
5133
1629
9451
2714
5153
9164
918
9363
5798
1800
8771
9035
8369
3155
3400
9388
3693
5661
4455
194
8951
4435
6696
8606
1028
5200
561
2489
6406
5479
848
4640
1081
9871
9568
4520
470
4018
4691
7850
4768
9898
7893
226
9824
4652
7392
3784
6792
1193
5385
9527
8175
5295
338
4199
3260
7211
3091
5271
7994
89
3092
5786
5305
9700
3080
4882
7792
6
3055
202
6416
8362
7809
5224
3988
3662
383
1416
2005
6743
7830
9648
8183
3811
4727
6370
3923
2981
2330
6713
4663
2529
4657
7273
6080
1019
5916
2925
4821
2466
1025
5817
1810
867
1361
9794
635
5509
1534
6256
9338
3962
692
7624
9864
3565
9584
6228
5225
3630
8252
6605
7653
2935
4101
8216
1978
5428
1098
1005
9786
6272
9574
8634
3271
714
3317
5125
9672
5482
837
323
5440
9697
160
4605
6671
1314
3721
3207
9652
5481
9573
4344
5692
1836
5699
282
3991
4420
8547
9893
7477
1522
2313
1106
9791
139
312
7844
4818
2531
9314
9249
4029
2996
7827
3616
6140
9976
434
9658
1981
1003
4188
3758
7300
3464
2125
4464
9223
9548
2412
5929
6362
1835
5944
8949
8593
7051
3141
6795
3273
9974
1344
3087
7760
1473
4285
1457
3605
8461
3726
8498
1175
6068
5519
6880
7016
3902
8859
8159
7924
9772
8764
599
2181
4890
8436
2427
4923
5175
4098
4282
7202
9926
3667
6499
9739
9534
4183
2037
2203
9605
2577
6892
8477
8059
1233
4132
4229
4165
165
1982
9404
6102
8077
8612
1912
23
2257
1635
5766
1216
5840
8847
5854
5220
7073
634
7267
6595
4588
5506
3031
6378
9913
4338
5402
736
8950
8062
6192
9567
7150
1971
5893
5681
6017
2310
8560
9808
5029
4495
4177
9233
7707
9346
8314
4240
2508
7436
6453
9711
6309
2716
3530
3504
285
1845
1282
6562
8291
2286
641
4730
8574
9836
5155
7832
5316
367
7327
8556
8325
5671
2079
6973
4329
7626
5720
6580
391
4633
6600
5403
5147
2105
5735
3947
3907
303
477
8650
3622
1013
8147
2712
1661
6390
6295
8509
6538
7962
4189
9442
6566
5197
4115
3020
6117
6616
1189
1762
1261
1477
8756
5807
1744
7178
5452
1041
9668
1383
399
2683
4666
6099
9509
3764
1989
2609
9296
1565
113
5493
4483
8105
3863
9332
3732
5983
396
7133
6680
2680
609
3893
4014
7666
4413
1011
7490
1523
9999
1365
5303
8895
1051
758
3048
4180
9218
2424
3469
1841
3512
452
8801
5309
4974
1067
9182
5561
238
5174
795
2369
1040
3399
6698
36
439
7610
6354
4447
6218
6326
2165
4380
2926
6505
5644
4931
7107
6243
1517
4919
1537
4405
6868
894
2518
9491
9856
7719
4752
8350
3984
4198
3128
7499
7253
9733
344
7963
1494
6529
6881
1435
9344
6705
8441
9657
3561
8793
7192
7746
3521
5118
910
5487
6623
4228
1358
9762
3997
4140
44
5700
9732
4872
8713
9958
8711
3583
2379
6968
6137
5441
4093
9324
5323
375
1451
7598
2874
4412
1944
1355
1154
4655
4022
286
5302
309
3083
2880
878
4767
984
7894
4450
2662
2659
3777
2799
6367
1135
9644
8390
2184
5899
1272
6033
6427
3430
15
8273
242
1867
7953
8115
5567
5940
9396
1830
7242
6273
8997
8492
834
3266
9734
8545
5573
6732
7417
8351
3925
9728
7076
9987
3536
2722
1173
1343
7409
3813
190
1372
8875
7224
1387
5048
6323
1934
3240
6005
4613
5119
9985
1615
8458
9301
4485
1875
3888
5556
827
1493
4097
7853
7008
4179
6156
3447
81
1149
2794
9966
863
8034
1181
675
7547
9798
265
6335
7062
6415
8644
9538
7589
6865
5264
2333
9744
9825
5424
3686
3614
538
7662
7324
5425
3633
397
4371
2224
819
7692
1865
792
271
3714
6433
1862
277
127
5050
9680
8456
9133
5833
4993
5315
3147
141
1002
1393
4680
9940
4075
8075
4621
4504
764
3566
8076
3230
8156
8788
722
7105
8751
3637
4423
2411
5883
7042
4553
1065
1075
9345
8518
2220
7168
7815
968
6026
8473
5609
1341
1436
2091
4822
5373
8342
6602
9996
4938
176
1713
324
2538
2825
5091
8353
3654
4543
3727
6248
2156
1275
7007
6104
443
1857
9973
8733
1761
850
3278
3573
1657
2429
3270
5881
4545
4719
3163
7656
4673
7427
6551
8608
5090
6741
4800
5322
1228
3413
8845
8566
8621
8069
8330
3023
9883
28
6264
3823
5576
3331
4853
4377
1637
8485
917
6808
8790
3734
7752
4839
5066
5475
2155
6858
5186
6470
8990
8578
3383
924
79
4283
8321
2247
2870
749
5468
7171
2340
8618
4308
6493
683
3044
3419
6196
2743
3882
9047
5162
2475
6824
1816
8787
9673
6003
6260
5808
2150
3526
746
1740
725
2086
3494
5760
3511
1587
2283
9990
342
3328
3136
9805
7599
1474
7586
7225
5658
1888
2199
8276
1032
2251
6710
5684
2660
6012
1807
791
2210
3672
5748
5593
9495
276
7926
4478
3978
7326
8082
6782
4976
4825
4050
2194
2481
4816
8040
6747
3233
8137
1245
660
4930
7518
7031
1408
3919
9954
4529
6132
4981
5962
7641
3701
3690
9426
9394
3968
8308
8360
1754
1542
5716
5107
1178
9768
1994
2100
9130
3243
808
1969
253
5359
1227
5600
6193
4300
287
1566
8805
3115
7198
8705
1871
614
1878
8576
174
6686
9132
4396
3209
9214
762
3599
6022
364
8455
2634
4466
2740
9159
616
6198
9920
422
3289
128
5650
7729
4012
9323
2295
6339
2655
1809
233
4995
5499
575
9075
2590
8195
2373
9366
9665
4057
5405
4971
7949
6777
5349
881
6823
1785
9616
2347
1434
8978
9113
8093
3186
3809
7909
2407
4254
6901
3160
8095
4156
9472
2650
9057
5391
9410
7174
8376
3407
7217
382
4576
8219
3299
5085
1941
8717
1182
6854
6379
9982
5794
2783
6108
7303
9510
5629
9492
8010
9367
9912
7474
8912
1188
771
9854
7524
6760
1321
7317
8235
1244
47
9727
9186
3234
4590
8511
2119
5664
666
6395
516
7048
5705
1608
7310
2815
699
9271
9671
3545
7657
7261
4487
8197
7251
4416
938
7640
9587
7932
6513
4404
4926
3816
2652
1726
4704
5007
7576
6487
2514
8288
5503
1465
1155
9087
4939
8251
7401
6721
3375
2598
3208
9291
8451
5632
4606
1890
1463
1232
5919
3935
1648
5581
1759
8201
5505
8646
6195
8654
2054
6578
6208
9352
6670
5683
2550
1061
9300
4182
6111
3211
1859
2057
7799
786
5014
8879
1231
4589
5380
4734
2039
4690
3712
4356
2991
9559
7220
5841
3336
2114
3107
773
2405
8755
7470
7420
9578
1734
954
2084
3527
8839
9306
9143
7582
1004
6511
5042
7546
2612
1683
7400
6299
7295
8061
3307
6173
8614
4204
4119
2873
4950
7713
4249
6346
1288
8823
9355
2806
3552
8013
6435
8647
7955
4080
7969
4905
6541
6225
7009
8628
6027
7874
729
2906
8445
6290
7556
1641
1169
784
3756
3300
1271
108
487
8540
521
2903
6927
2390
2180
4996
291
6639
73
2146
1470
2325
8967
2681
1843
6129
677
7163
45
2027
7113
8281
766
357
5040
7269
1437
903
5433
6397
1111
9967
5533
8555
6238
7741
6383
6076
6430
8435
9716
9504
376
3104
7804
3590
5027
9251
8033
1183
9467
8934
775
6455
5828
2671
6570
24
642
7934
40
1152
5185
823
4852
1546
987
9384
7447
9037
8987
3990
4001
3656
2277
5998
3221
4986
8769
6933
1279
4534
5646
9748
7753
7262
1535
4112
9389
4247
4500
8119
4428
8782
5236
2386
761
3608
6216
1292
2018
8267
5020
7659
1554
844
4790
9545
2505
5806
2946
4917
2923
9682
7991
4322
9175
4340
7389
6263
2070
5296
5252
3957
2296
1880
8985
7098
2934
721
618
8737
1394
3752
1159
9667
2677
4787
5566
1142
9759
9981
4406
7851
9519
1959
3683
7140
697
3797
1930
9312
7500
9078
6247
6187
8966
7801
7103
257
6531
2623
5454
8066
8132
9847
5686
5097
2522
6768
5524
3890
9217
4148
418
7895
7685
9234
7349
555
8116
8692
4741
1821
2927
6281
793
6864
1626
9736
686
4907
3487
6176
9308
1975
1506
8241
2104
6393
1586
4307
1874
2336
5607
4417
5982
7771
3668
6851
6706
1373
4256
5637
5104
6351
9221
8131
8418
8368
365
1250
3313
2030
9239
985
9237
9704
9911
4072
2271
1651
4146
8089
3697
6692
7592
9640
1692
1179
8002
8635
2908
5877
4309
7237
8625
661
3046
7601
1541
6387
3377
7968
7195
4031
2827
9462
5188
2667
7617
4470
6064
7651
4568
3366
78
1131
2668
5239
8640
633
8669
6278
1256
8534
6124
7776
8483
4251
768
8726
652
3479
8889
1710
8828
9385
4698
2895
1727
2258
6943
3247
6784
6434
8135
6291
4694
9628
4453
5742
847
8586
5024
6607
9817
8707
157
5513
4649
4479
3638
741
9369
8336
289
5963
6614
7449
1868
2365
2049
504
2649
5180
3288
7700
885
1020
4653
8940
7284
8453
797
5470
3052
5142
5856
5837
2784
8070
742
7128
7084
5631
3725
7679
582
8998
8651
8680
9781
975
1991
5389
4363
4273
4069
2656
9634
4393
7845
1515
800
7148
1540
6314
2901
6065
3753
7536
1492
104
7101
3387
3936
4499
6979
8730
7551
7711
8407
3347
949
4843
3961
7515
6466
5992
2185
2709
7024
597
3472
913
3159
9516
8340
9618
8666
9754
2705
4392
3420
1913
8192
2159
5093
8892
514
1412
2836
1707
5074
4153
3417
8014
3537
5067
208
7533
8517
9104
2013
1433
7831
6707
9032
5724
1647
2182
4038
7726
8529
5080
669
4665
632
153
7530
7106
5192
7218
3535
392
9261
9231
4017
2028
1549
8225
4277
2231
857
9631
9770
3340
2138
7956
1935
1268
4008
7223
8899
1806
473
3119
1886
7730
2717
6311
9777
5628
7437
8995
442
1267
3332
2898
5822
7000
4268
3998
2137
7191
3185
3312
8397
8948
9566
4359
8055
4732
7013
1148
944
1632
4176
3692
8306
5046
7501
1311
5457
7257
7593
7096
1675
1299
1312
3432
4595
3204
7970
2083
2167
5708
9373
7871
7703
5339
7706
9307
1237
3529
7539
9050
6211
2497
2487
8623
494
1109
7077
6154
7301
8716
9340
9168
4375
2255
4114
5990
211
8947
9916
8157
625
140
2151
9861
7540
7568
6060
8613
2628
7770
928
2315
8422
2006
9059
6098
8980
1782
537
9862
1916
7361
2473
48
9955
3353
1543
7028
5177
8842
9097
6403
7330
8428
9582
6725
6834
5078
3133
8398
5199
1548
1322
346
2801
7360
9489
1254
214
267
6287
5439
9537
1560
4777
6494
3334
9869
2371
2979
3768
8074
3105
6899
6386
7607
5360
5892
5272
6349
843
2385
9571
5931
5800
9377
2555
1192
7210
9598
178
8058
4770
6690
9997
1601
9749
4137
8731
481
7733
5660
6769
6377
2161
8249
9423
65
7238
2
3695
6322
6242
8931
5819
1014
4066
3450
1568
8497
7737
6663
5955
9991
2832
2605
1955
9474
4924
8018
3223
6002
5293
6853
7193
0
8772
7885
1842
3543
550
5789
7339
464
9528
6293
8478
4023
5348
5417
9077
2444
4844
9452
4954
7462
7549
7015
7316
5737
7296
8747
5351
7866
3465
2726
5456
9343
3707
90
9922
845
1636
6363
1796
4611
9005
5219
9465
9208
3598
6398
6001
8481
6596
1926
8699
8825
1992
7528
5000
450
414
2064
2195
6053
4804
229
8036
2651
6298
8212
2173
6174
2921
7494
5979
9872
6730
1749
2987
4638
6424
2947
8020
5616
3914
5183
767
2048
6838
3539
8298
8630
5430
6159
2572
353
7628
5905
3415
2686
1129
5902
1627
5039
3281
2164
281
6115
3151
4833
6175
5131
1104
4449
8975
2833
5448
3713
4796
2035
4927
6182
8781
9188
166
2854
3007
2357
3843
3274
1804
5150
2798
8510
7567
5061
7094
7245
713
9434
8242
689
197
5978
8920
5182
4232
1550
3424
2616
3509
5518
5489
9691
7946
6319
4310
8448
3125
6876
9222
3071
6230
4370
5117
2970
3277
6882
7233
7543
5379
6703
7302
4481
3644
4181
9111
4807
6912
8573
9205
8384
4716
4744
3267
4634
2647
5327
9532
2470
9900
3837
3915
7667
4214
5015
7264
6207
3002
8994
5030
4488
1276
4381
7467
9250
5648
3735
1127
2288
9553
703
1347
6753
3284
8154
2242
8983
154
9863
1680
8060
2454
3853
3966
7694
6446
5925
2944
665
777
3196
5098
4539
1449
5227
8311
3836
9365
6143
3875
9513
2361
8663
3658
5821
2672
3820
3901
6849
3172
2808
4090
1844
2269
4272
5400
4755
7179
7886
5494
3722
1611
5123
6165
7631
7334
6219
6812
7891
5122
3591
318
525
5262
5326
3202
4169
3421
7855
2056
2460
4096
8104
3736
8965
4956
8822
2584
3437
5004
416
4111
7773
2314
5965
1696
5221
46
3944
8457
2567
5051
9318
9885
9643
5732
216
7063
3106
6253
6059
7216
2350
2178
6150
6789
5996
6869
8046
272
203
2047
136
8512
2026
5604
1609
3354
1765
2882
7608
100
1303
2387
4958
782
6819
2329
4827
6860
5504
9416
5209
9947
5496
7538
3194
6871
2080
6778
7486
2747
9179
6084
4895
1574
6120
5201
1405
4144
119
7258
5332
2391
3749
4656
1790
8155
3144
7560
5016
4903
4932
7880
7124
7496
8224
8738
9001
2176
230
1753
9773
4497
5072
5752
9708
2524
8935
8599
4720
1376
6801
8019
4010
6728
6579
9329
6917
9623
6214
4876
183
266
5214
9742
1168
6585
8908
4209
9095
4109
6938
877
1007
6037
2186
1377
5938
7884
4654
4245
6199
5171
4382
9795
5679
9793
6073
54
5130
673
4355
3084
2341
9320
1247
8181
1528
6313
3319
1569
5172
4143
6662
5774
7787
2517
7481
9374
4551
7204
6501
8381
7734
1864
7175
6431
2543
4891
9819
5159
1883
4163
7293
972
6149
1656
7535
4963
7491
4040
601
3826
4350
2443
8358
9061
2541
527
3225
5754
603
7002
9030
1889
4577
3324
1217
457
6930
7788
9351
897
4178
883
2633
5490
9986
3077
6995
3028
8544
1495
6478
5984
711
560
8489
5758
9243
2657
6013
390
6520
3822
4185
245
4019
8382
8373
8198
7585
1122
594
9897
5847
4748
3382
4425
7930
9443
7985
4394
5258
3780
6549
6023
2090
4845
4124
4815
6209
743
8855
9069
2380
3629
1738
2673
5095
506
5289
8538
2678
1950
2440
8208
1671
2074
3051
5915
5195
6275
9408
2322
8395
4789
4303
1263
329
8211
6689
3715
343
1606
4257
8039
8120
2099
6341
4612
534
1112
2422
6371
5076
356
1404
8789
2196
3650
9757
1083
3719
6119
7108
8836
6648
9758
4261
3746
1491
7176
9152
7675
9614
6959
2078
5744
3189
788
2762
3846
6652
9497
3467
4677
7654
992
1964
1167
6039
6148
1737
4210
8861
3075
5149
6726
9886
250
1326
6539
2351
6590
5446
4025
1450
9025
5674
6612
9439
1834
3801
7384
9476
932
2640
6597
4838
1431
2776
91
5113
9017
4618
2715
135
8610
9151
8495
273
2416
3970
169
8580
9957
1021
6798
2631
2474
1126
7933
7252
7802
99
3286
1933
2918
2603
5957
3103
6879
8245
5780
8905
9630
5703
4422
6270
5028
6526
5717
9357
9170
4454
875
1330
7720
1758
2456
3152
3145
1777
7003
4516
3576
2012
4636
3900
668
8274
3648
3969
8854
461
495
7625
5383
9751
1643
6942
2620
8174
4960
1030
7206
1334
719
7976
5618
6318
3388
3426
2214
4321
3461
1335
846
4052
