2792
302
8610
8920
1745
6792
8680
6528
7575
5449
4881
741
4231
788
3637
5244
8830
8051
9809
6289
3713
961
6028
420
1967
5845
7388
4401
8789
7505
2390
9893
5221
8129
808
8242
5241
4749
9311
6529
5598
5263
4167
9874
1369
2967
3291
141
2477
8262
1270
189
1811
7764
3053
6763
5008
9523
6677
6830
2204
9428
3648
7372
9256
3253
4504
4798
9334
6920
8823
2989
4628
6768
2216
4256
7763
2098
2500
1183
64
6054
8693
7772
3693
3069
8245
5975
3856
9249
855
1978
608
9269
5790
2489
3876
1761
265
1718
6290
2148
6643
2446
7346
5591
7853
9979
9743
2620
2355
3474
6929
1903
6134
5651
1179
164
7100
3894
5187
1555
4639
7606
666
6399
5780
5172
2073
2139
9847
7202
5636
5752
6454
850
8419
2527
4063
4170
8648
5519
8210
9183
750
3075
9884
9781
5678
5133
2571
3329
2803
7219
8387
306
4438
3557
2223
2281
5916
7441
4565
5345
3256
2244
8085
7973
8609
6211
9584
1494
4513
6688
4910
707
1051
6158
1226
526
7807
1421
6557
8517
107
8032
6498
5175
2901
2391
3984
4150
8422
1517
2900
4935
8224
1038
3412
6133
7796
7798
4673
5998
982
2709
9082
501
9980
5162
3304
4245
8437
5923
3605
988
445
3331
3225
730
468
3109
6606
2334
8228
358
3662
1054
5896
5700
4301
6921
963
9282
4449
5267
7274
5366
7900
7314
6244
1940
8006
6886
706
3682
9286
5481
6402
3355
8161
5517
3011
5028
8477
653
3466
677
9648
6401
7681
2938
5411
9556
5355
8894
4118
729
1225
6301
121
7326
1
1499
2606
5671
5269
4405
3181
6908
5125
4346
1864
5572
906
4637
9114
1851
6701
6375
7888
6034
7484
3018
1570
2420
9295
8406
8321
6324
3349
9537
744
6312
5609
8312
286
1609
3092
9912
9643
2911
5818
5210
9920
6491
4950
2026
1972
6109
2309
7264
5491
2004
2589
2344
3756
4247
4730
8819
4446
5576
2825
2798
3199
7408
4160
7800
1659
7870
6089
1858
9255
4112
9316
3534
9907
2044
9443
6059
6671
7500
3837
9972
2496
2895
2940
5005
177
9035
2495
3156
3599
610
7212
5509
9330
9838
9179
201
1835
3206
5948
2776
4221
5620
5242
552
7023
1321
7158
5712
7955
4917
301
4700
8662
6273
5494
3070
9079
4053
9718
9973
6415
4289
2359
1652
1025
5564
4756
3341
2270
7041
6321
5811
6526
6634
1466
4143
127
2674
8287
897
9827
1134
4626
9436
175
6509
4609
507
5367
1651
8581
5067
7753
2673
4902
1047
8249
8613
6950
6278
7379
8780
9512
9516
1906
1522
4551
6280
2828
7011
9338
2473
5441
7199
4490
2060
5199
6075
5722
8139
3095
1644
2569
6114
5141
2517
3436
8827
6661
7424
3613
199
8375
2805
9843
1414
9390
4126
4874
2683
474
7636
6320
499
8853
2019
9504
303
9043
2095
2379
6487
4549
6024
4783
5595
2407
3814
7956
3327
5972
1031
7861
1035
3477
8440
8392
2958
3656
7375
5899
8039
6715
604
1260
3861
8708
8299
5822
2654
5797
180
5526
9913
8181
1212
324
4034
1917
5583
6458
2684
448
2368
3498
4125
4645
8563
1003
486
6669
1442
2613
3908
392
597
5556
5670
3375
9760
4945
3451
634
760
4718
3514
6264
411
7040
8053
8917
7253
4069
1888
7338
2262
4121
9937
18
6428
6852
5251
5692
3718
9493
516
6511
8118
5801
9225
330
9674
2131
1605
6031
329
8221
7479
663
1479
2833
5618
9931
8757
2959
7897
5589
7086
315
8146
55
5212
9575
952
6309
4711
8049
8537
8991
1689
7210
62
2686
6722
4611
9681
8279
698
8194
4766
2540
1911
8617
357
5457
7980
3864
3310
9075
2718
1255
9959
2524
8005
9936
1657
7568
7131
6313
3616
6412
9461
1443
2163
1556
9800
6196
7153
5272
4195
1604
9356
8938
7662
721
5566
8156
631
3202
1685
2923
9929
8967
3027
8134
1930
7134
9227
7079
8513
9589
7410
25
2304
3414
7006
3520
3437
9656
1095
9403
6302
3055
1747
276
1204
2748
1532
2149
8373
1723
7634
8486
2624
1852
753
1769
5870
1285
4632
6065
8712
4921
4670
5229
2883
3798
2614
3413
4328
8267
980
1854
5029
1990
6232
7088
8747
2615
6694
1069
7696
3043
2206
9539
6106
5708
3650
5344
8762
6531
2091
211
4744
8178
9192
6586
7157
4028
3029
4498
899
1692
8027
7409
444
3354
6565
4184
4865
6229
1810
5222
3947
8481
8583
594
5098
3268
8616
4469
5308
4164
2072
3522
9619
369
4927
7455
701
5310
7823
9325
7508
4295
6675
2033
5551
9198
1629
5069
1954
56
2410
5590
7856
1240
9088
3515
3615
4854
7407
4987
3235
198
9160
2065
8236
7607
4607
8352
5877
7191
6869
1770
3046
5903
727
4510
278
7343
4839
5890
4079
31
7954
165
1127
4745
9756
4350
580
7609
6426
8447
992
948
2199
1458
955
9
1918
7307
3999
8303
8569
1796
5062
2411
3835
722
1596
832
6484
523
8541
3772
3338
313
2114
5463
6870
7470
191
5259
5387
8430
309
8466
2725
3240
3383
9507
2927
7687
3074
1731
8559
4573
6507
6042
7872
4636
5521
8208
375
3111
1015
1601
5838
5454
46
3063
6413
5633
1965
6725
5979
2541
3138
394
7019
7413
9534
3232
7246
2628
2729
6670
9805
1881
5066
401
1220
967
4060
685
4919
4092
5045
8546
2272
7939
7492
4372
5254
5260
8119
6204
5683
6887
4319
1308
1361
2799
3172
2354
675
221
2643
8243
3511
86
764
6390
927
7603
9425
8381
8495
2059
9917
6846
9336
3840
1011
5514
7473
1963
9444
9369
2671
8092
8997
8256
8365
4638
5862
857
2159
8505
9925
362
4977
2568
3214
2706
7426
5470
9093
4741
6850
8108
5421
7055
5513
2870
3314
4173
8478
4840
5159
3404
2449
694
1172
6874
4011
7999
8379
4297
8570
987
1948
1352
7522
3221
6132
1524
5554
5030
6095
7992
8147
5740
8037
6898
7540
789
5286
749
4465
6263
6235
8802
6833
2408
113
5035
5393
7785
2575
1819
2362
6931
7560
2672
4180
3071
9134
9954
5677
361
6315
7105
6626
7703
1647
6272
771
4482
172
1176
7173
8878
2081
6540
6435
6043
7536
4630
9994
9384
4728
2510
6144
795
4697
3374
3196
635
8429
1815
5986
6873
9683
1650
1187
5938
6930
8860
3736
3761
1793
8407
462
9359
8041
2826
8022
632
3930
5867
8335
8719
2394
5490
5807
846
4647
8736
3238
5617
827
3223
2711
9635
4199
6418
4686
6733
8963
4765
4375
7682
3449
5703
2115
2480
5497
8380
9527
2101
9604
8340
7526
9158
1520
5530
9776
3101
5293
7627
4648
4958
1403
4407
5178
2338
2205
6933
8291
8164
6658
6748
5428
8772
3959
4535
5281
8850
9327
9655
1271
3788
2357
8870
1485
3082
9985
8336
9767
1470
7850
4492
9870
5527
4755
4589
5440
7035
3395
1727
8389
7232
2581
1345
9479
9940
7075
2998
8125
1448
2820
5220
8244
6086
9045
2118
7555
8385
8717
2324
4553
4450
2692
6558
7402
7167
6171
6334
4644
2196
1344
3362
6798
4330
3305
8007
8488
3933
8725
3609
4701
4308
283
8154
8083
1568
6619
3453
6316
7333
8529
4368
9234
3372
9558
9069
3993
1079
5857
187
7262
8296
2560
2664
410
6566
7347
5410
2228
9213
9577
8149
4457
6925
4394
3815
7782
9990
3359
2966
8585
1301
1505
5396
332
8996
7881
3730
7647
1883
7739
235
768
6180
6141
4196
7875
9675
5335
5921
2554
4265
1780
1573
3919
6637
962
7120
3083
5805
2217
5247
9571
8165
5091
7051
2507
1287
4653
9857
7527
6682
5117
5613
4341
9749
2728
7377
3945
4456
7857
70
814
1795
5498
9281
8307
7136
3459
115
8831
39
6575
7774
6087
7367
3174
5483
3489
1739
6535
5034
1105
7313
6970
5705
6508
2325
1405
3263
8438
7266
6608
720
6274
9894
3845
9701
2040
7164
1907
6099
4211
3204
7721
5283
4991
7629
8363
7064
2231
3593
5413
912
6934
1322
9548
8100
9399
9941
9038
7218
7080
8600
4521
9452
3661
7882
7572
7563
3839
9453
7729
7761
2737
1101
5038
7386
412
3150
3726
4174
9329
8525
7467
6155
2493
5726
562
3392
1619
6003
563
8696
8460
8391
509
4956
1812
4580
1368
9588
3844
3330
3966
4210
4823
389
8441
6556
4007
1913
6306
9663
3013
8750
6574
3123
6452
4239
5341
820
542
5788
3257
6999
9939
3091
4869
3184
7693
4776
9271
5471
2030
8659
5398
713
731
3254
9404
6259
4922
1444
6432
2113
7412
1496
247
7032
7979
4807
8649
1894
1426
232
1264
4782
5841
3974
5953
8701
2016
7310
3785
1989
7668
4587
5330
5940
1900
1434
2616
8692
6752
660
3023
8619
1668
4193
1885
6906
2318
1566
1968
3139
9794
9451
7645
8400
1593
9377
1437
7378
1237
2619
8633
7445
5932
4440
6937
75
7462
8682
942
3762
567
561
1431
4046
3917
4757
2698
1542
8110
1117
258
3923
977
6707
1627
3562
6142
3886
2790
904
1516
5309
8877
6040
8586
2392
4920
7453
4826
6262
6794
6485
4246
6562
9001
7716
2188
9055
2550
1358
2863
628
5914
3683
2063
8804
4983
9754
7971
7520
7542
1033
7650
4061
2430
4853
6396
8620
3378
1206
3636
1388
4721
2775
8751
5643
9303
9620
305
5616
8915
9246
6268
1805
1017
2518
6854
9288
754
9168
5512
1598
2388
8730
438
9837
8618
6771
9374
4579
2369
8289
2315
3950
1300
8274
4959
3800
3000
6460
9909
3983
7964
321
7273
7425
4214
1690
6355
627
442
2960
9342
1052
4136
1624
7415
9686
4606
7121
7605
8718
551
798
8735
7400
4179
470
8193
8131
2415
2351
7839
2455
268
3279
9688
334
2926
4237
622
3922
2595
5363
5802
4176
6760
5869
8587
7757
9529
8899
37
4434
2794
616
1032
5186
8790
2583
1792
353
5405
9226
8867
8357
7248
6911
376
6849
310
5974
7306
9597
1238
4546
8411
1424
4355
6922
9084
6471
2618
2675
7423
9285
1174
5515
8855
3364
7353
7124
1050
2226
8137
7279
8250
7914
6875
1310
3394
7852
9786
3757
223
3242
6992
4713
6027
6494
5223
9738
3985
4496
2003
5756
1713
6035
4280
81
8035
4423
6209
6664
7459
6029
4091
8745
9744
4581
6704
5320
5128
2992
3700
9023
7714
1382
7571
5343
3059
8889
1626
2243
9704
6972
4712
6077
2681
6527
6440
5942
9638
4892
2097
3760
6080
5276
2695
4571
4017
1755
4378
2013
6147
945
5667
9354
5092
4966
1013
803
9319
3986
1655
8069
9458
8189
7421
2387
1798
441
7615
2712
1935
9162
4315
4323
3186
2869
6569
9332
9208
9289
3371
8019
1857
8791
6861
8639
7185
6607
1081
5522
256
9881
6477
2023
3145
1064
3611
8374
841
1860
9287
7350
5706
2950
6404
5123
6468
9982
759
8124
6017
629
1709
5240
638
2403
5555
9039
3296
4965
7506
1859
9868
3538
6904
8760
1590
1987
4287
7359
4042
858
8909
8544
6843
884
5666
1999
8881
7226
8554
8645
4706
2271
4078
2876
3905
6343
249
3687
6136
905
6659
8144
7345
9484
8311
4963
3550
3376
2409
1921
7495
2723
4360
4153
9352
6482
224
7211
9737
9171
3518
1779
2229
9665
6939
3989
935
5147
5437
34
4419
38
8968
9182
6103
4429
3344
9591
236
8706
8797
9157
8432
2715
3162
2308
8500
3841
5432
2454
3532
183
2810
8024
6731
3871
9382
3689
1941
4043
572
103
9572
4409
5051
5306
1056
9672
7145
5767
3830
1928
193
8643
949
8368
9003
6269
9637
2088
8063
2301
2747
9728
4859
5789
3681
7630
15
3610
5816
7817
9788
7544
6282
9142
4790
5887
2107
7391
981
4144
4306
2469
1150
9664
5044
7894
6584
4514
7713
1751
1493
856
6581
1853
5065
7702
787
6596
735
8732
1113
3194
3302
9194
2746
2784
5937
6129
4398
3847
6504
1389
5579
2749
9761
9697
8464
6111
1340
7344
5577
3998
1752
7037
422
2445
4651
4903
3208
7669
3509
4436
4660
5053
8872
3471
6506
8665
1062
4460
2128
5190
6549
705
936
4317
1535
5864
1428
4462
3838
294
169
7201
7806
9904
7509
8749
377
4072
9590
7115
4014
5042
1348
538
4066
3929
8471
5025
5933
1728
2857
2116
9989
5364
589
4508
9032
6740
5580
823
9879
4190
4018
6684
1272
1239
6894
6026
656
2700
7690
3012
6757
6400
5906
8420
9601
4796
5193
1024
9107
2367
8230
4159
8163
2399
3688
3612
7885
3666
1510
3587
2645
3315
2827
6897
6314
5346
8301
2096
5847
8803
9729
3579
9143
3280
1869
248
2416
6615
1138
8252
7125
7168
7283
2842
6766
3014
1993
4593
1749
3504
7436
3190
9499
5570
1537
8342
6602
9640
4292
6810
3433
8934
5753
7287
4578
8054
5644
432
3810
1083
9840
8759
8943
2738
6285
6571
8993
1223
2174
5503
7735
3672
537
3076
3233
4389
8421
3553
5424
8101
8982
6747
5307
7579
76
8539
390
725
5243
176
544
6284
8473
3701
5227
7385
7207
159
1103
9049
8177
9974
2291
7516
8512
6427
253
6917
1486
9042
3854
6537
5843
4013
3686
5080
5852
3495
5108
5094
2689
4336
3956
643
2557
8021
748
8346
4411
2578
418
5661
3531
1146
7297
6379
7573
2649
9373
2596
1820
7017
7361
6327
4054
797
9723
7285
9061
326
6650
2623
6465
4722
3081
2055
2617
3487
1983
6652
6542
4624
6323
7837
1311
7944
9254
8865
6090
5697
3379
847
6561
7015
2006
4596
9876
8390
8624
6165
6295
8358
6530
1289
108
950
439
3874
282
4282
3767
1440
818
8436
2963
4762
4135
1483
8327
1001
1473
7244
9161
4962
237
7611
9201
4039
5072
7180
2650
8013
5430
7258
6215
9842
403
9616
6534
1367
8395
2646
9063
1377
8369
9236
6069
7903
4276
1617
8113
9457
6070
603
2660
9657
8222
890
5153
4430
2172
8522
6758
6842
9398
5145
2849
9203
4810
1040
5585
4010
7265
4819
4100
839
7946
9696
1454
2256
7259
9864
2431
5750
1080
7720
496
5501
4517
2949
2708
4725
2269
6079
7617
3866
810
3740
9992
4784
2078
4385
6689
6276
2041
527
4586
3112
7680
1545
6294
8099
9154
9746
7556
6666
6490
6480
2130
4605
1354
147
2251
3955
5798
3646
8540
5196
7712
6720
7759
3397
8995
1821
1538
1128
8412
9326
5578
9277
6242
6033
9468
2733
3456
2498
9987
8836
8553
3040
9764
6703
6188
5443
3653
2045
9671
9033
6657
960
3367
9627
1698
106
7639
4475
4470
1594
8179
6642
5927
2232
1636
2488
4390
9460
9898
5438
8798
7638
7865
8653
5728
5964
4283
5963
8838
6764
3245
2108
3005
5704
5385
1193
7787
9467
8305
4543
3931
3079
3308
3057
3977
6414
7567
2997
5659
52
4703
3179
3445
893
9339
1411
5569
9241
1737
7523
8650
116
9383
9279
2282
1870
9755
3541
1356
7653
3822
8240
4825
3849
1525
6067
6552
822
4290
7920
8923
7751
6524
3924
7322
7289
7582
8754
5126
9801
8431
716
7855
6206
9708
3447
658
1197
1877
2761
7818
7475
5882
2296
758
9494
5642
2914
7428
1107
2582
2027
9086
2968
5582
6395
6883
3597
1938
8393
408
6729
9465
4590
4862
4584
5825
7241
4831
9632
2948
7460
5059
2227
2092
9414
657
6882
7209
4727
488
9944
5719
8207
3913
2932
5786
4124
8283
4984
4550
9555
7842
9552
7438
8777
9557
579
363
5701
5041
974
9645
9388
3458
869
2203
8197
6100
4656
8251
1189
7873
5302
4695
5352
78
346
143
738
8663
1995
8399
3771
4347
8770
3215
811
8857
1390
8664
4964
6588
2696
7746
1330
6697
3708
1994
6848
6161
4612
6088
4359
7068
5496
3659
337
3365
4532
696
8314
5669
7238
6248
3155
9116
5679
3903
3870
7593
8043
4305
1577
3704
2861
4824
7932
8981
4200
7864
217
7130
514
1778
3705
9222
8496
4740
9610
7755
587
9127
9510
6371
4531
7081
3937
5058
733
866
3973
3796
3503
9721
7537
4568
5353
4836
9244
6716
6946
5968
6489
8360
7965
9464
1663
6245
682
5455
3755
6751
1897
617
5492
5458
4583
3476
7515
4030
606
2809
1375
5063
6891
5422
5078
3851
7935
9434
5518
398
5014
5926
2020
8122
5760
9765
8106
4353
4243
2570
5817
6919
4259
4851
5395
4285
2677
9634
407
3134
5376
1791
3556
7501
1077
7519
9238
1553
4033
599
3297
9407
459
2716
9867
7181
5465
6230
1347
9415
1595
7468
1988
1338
1392
1610
3491
92
2971
167
7524
6386
2858
7305
3963
4228
3555
926
1088
7245
47
6948
6829
6872
7877
3607
1705
7644
5880
9447
7114
5474
9375
2850
1826
5226
8764
2422
8425
6052
3827
623
2198
7930
5112
4203
9204
8582
7395
3640
58
8191
1029
3608
9195
4742
959
5981
4483
9554
5368
6977
7841
2286
5587
9005
263
2713
4875
4288
2234
8678
6225
3442
5691
1275
202
3580
3028
1295
3671
2782
9848
7230
6437
1396
838
2935
8716
7879
1726
7216
1481
8743
1265
5749
7363
8341
3575
9824
7024
2278
1004
9540
425
6685
9427
1406
3017
1126
2236
4416
816
5464
5439
8023
9687
8722
3318
6387
2280
3411
9361
4396
9151
5349
6884
5236
6772
3339
4872
6698
7578
7461
6388
1449
5143
5860
5952
144
6958
829
3006
503
7358
5649
6730
9830
1645
8044
621
9341
3026
3482
8416
6653
2612
1603
9176
1802
4889
9253
4489
8111
2688
1730
1809
9981
3262
9852
7370
1471
4083
2189
4002
4249
3953
8449
2694
8426
4944
427
1823
7754
3991
7998
6430
3353
8882
4044
9943
6525
5380
1167
1131
9715
2470
1863
5596
8698
6457
7498
860
8724
6202
7477
3988
6445
1767
5525
2151
2840
6117
2293
7674
2516
875
3045
5061
6928
400
6518
4381
6640
5218
2014
6299
3715
342
4737
9217
2110
7452
1487
3703
8795
7887
2150
8238
9265
100
983
5118
4468
8628
2957
2103
8771
3969
4525
9544
1049
2875
9148
5406
6706
4105
5105
2265
137
2644
4558
5165
8268
6277
4437
1232
973
4230
4803
5004
5861
3720
4183
1816
8105
5149
826
3472
3004
2816
135
5768
3964
9186
1699
7007
1018
1364
4382
9132
737
5675
7528
4690
126
4887
1244
999
6019
8270
7487
718
7504
8418
2007
4918
9970
5567
2175
4036
1922
5068
7828
5216
6381
6749
996
3322
7432
774
9710
1674
3809
7396
3368
7084
7730
3336
3758
6816
9607
2185
3366
7832
6066
8506
3493
4342
7127
3191
8922
4519
4111
2343
417
69
4538
9732
7373
292
5930
2756
4454
6628
3900
5547
2845
5900
485
8593
5608
494
3644
4661
4516
4832
6915
7529
6981
8356
8076
7192
490
9408
9690
6986
1378
6492
65
728
3724
194
5699
5663
971
6319
6963
6143
8415
8241
4563
933
6812
2287
3306
6131
2640
7553
2730
2220
8401
5524
7969
4601
6784
8687
3222
2635
5291
1441
536
6806
7871
2302
3529
9337
519
2171
5318
2305
6076
6769
5
1228
5973
4312
1675
6918
2487
288
4241
3334
5624
2834
1585
1992
257
3201
5858
4264
2254
4681
4870
1600
1950
3571
9381
8120
8463
5334
6942
7039
7340
2332
4764
3016
9639
24
3158
284
6254
6270
4238
2824
8642
979
4898
7311
9150
2137
1433
5689
6667
2862
4792
9915
7254
2843
2372
8895
3450
9030
4597
9476
1303
1165
8913
6150
6545
6447
6216
2402
2314
2661
8695
4047
3696
5148
4098
3727
4933
2448
1700
6486
8886
6055
8344
8487
6166
5011
5386
8077
4754
6893
6459
5823
471
3654
5322
4067
2680
4181
4828
7659
8924
1783
6041
864
83
4702
1336
7382
477
1337
5333
2207
4020
4406
6824
1960
1642
3265
4750
480
3224
6358
5023
9090
9068
5955
5668
7329
104
42
3264
4909
3975
3875
3060
8269
9320
7987
7291
5113
5732
4012
5680
4073
9378
1177
1558
8595
1463
7830
5540
769
7456
5274
5157
6672
6156
3885
6604
2976
9623
7995
3668
9740
1813
4435
3409
9469
4680
450
4326
1241
1394
209
2838
3776
6815
1502
3231
9719
5855
6844
3385
7059
1953
7097
5316
4895
8492
870
3935
2732
4212
8277
1899
4026
431
924
9119
4234
340
3895
946
3463
1125
2463
9611
1181
2213
9878
6499
5954
3585
163
609
2531
5553
8
6638
6266
8567
5050
5539
593
3439
7733
6409
2284
3217
1034
2002
93
5638
4198
2758
6914
2210
1199
2465
2140
9268
5619
2043
8218
5459
1021
252
4122
2401
7990
2600
6239
7633
4300
9814
4191
5829
2335
7351
6941
642
9844
4602
2248
6567
9971
6728
9853
6835
5905
2348
6900
2933
2574
2690
8594
6159
2658
3468
7497
4763
8589
4077
1196
8348
45
9520
2925
928
8946
8209
664
7834
2066
6732
8879
3954
4699
9067
2222
8904
1147
4226
7156
1048
900
4654
3982
972
8427
1884
9897
8980
2022
8040
2158
5881
1513
5400
8809
3480
6551
1280
5194
9130
5205
1092
1429
3750
7229
3787
2050
2326
7005
451
4421
6478
9779
6317
8281
6576
7070
6793
153
3805
3594
3944
5834
7989
3843
1067
2832
9961
7652
382
7098
3596
1350
3695
6247
9694
6219
9401
8533
7300
4089
7290
5593
4023
3309
1325
5531
8588
877
4860
3791
2855
9296
3624
2936
8345
1245
1194
1754
1696
584
3936
2515
6231
2865
3623
4726
8325
3097
9258
7822
9795
710
7862
1420
1771
2682
1834
6227
5558
6362
5290
3207
5631
3649
8774
6479
3586
4924
6913
7046
7648
5129
7042
6173
4534
5054
5372
5331
9828
703
2221
966
7223
3032
348
7061
152
3452
2053
794
9596
4707
6683
1708
4139
142
6876
4218
9820
2609
8677
5846
8910
1757
7747
3443
8746
4620
208
7938
8068
6819
6261
1278
492
4747
8703
8947
540
3293
2975
6092
5850
6048
1019
8655
9128
84
6780
2021
9886
4667
3670
9101
1445
97
9391
7907
7624
5473
4878
9993
2604
6153
4938
8684
4936
3146
9882
1623
5119
5036
6951
3407
8690
2653
3766
9215
7786
3213
4585
8095
1184
7976
460
7953
6475
6563
815
9703
280
7988
1457
8295
1581
6580
7249
5502
5388
4588
5362
6463
2024
1418
8514
3211
3794
7583
4074
3526
1706
7545
9394
5893
7737
9851
2839
1710
7319
8606
5312
2946
1871
1135
9716
9967
6394
7360
6603
9628
2867
4041
388
2742
3290
1909
6613
5884
2147
9524
5299
7961
2090
911
5077
9810
9966
2856
4005
9121
7022
2212
1376
6782
1574
9188
6687
7332
4830
8685
4008
4277
9078
3684
6082
192
2237
5420
5755
2818
6000
2360
5358
7126
9603
7791
7771
3938
3754
9433
742
5277
6944
5557
3783
6714
3022
605
5792
4574
7146
4064
3455
4302
7308
2193
3578
708
5731
2267
473
8543
7664
940
6803
3058
5629
6007
7110
2438
7003
1825
7600
4529
7434
6199
8859
6335
6774
5460
3312
9440
8263
4204
4520
3782
6776
3859
6488
7256
4646
227
8592
878
2136
3066
4474
9751
4808
4523
2475
3325
1797
8116
7812
2008
1281
3274
4723
6641
6881
8931
1622
8184
2885
4837
5130
5142
9477
6046
6417
7233
6091
1326
5809
4379
7925
5015
4821
8638
3948
3748
4789
7706
3278
3332
79
6032
328
140
1085
1970
6328
4805
5853
4554
7790
8518
8331
1118
325
1041
1753
1817
4206
1734
1661
6022
9180
9367
4599
2741
985
9248
233
5462
6966
5161
4491
9911
495
8935
3807
3266
6520
3390
5289
6189
4954
6374
2859
3170
9578
2152
4665
9020
873
1151
3629
3220
9278
5115
6012
2317
3118
9221
6436
6064
9392
5040
5252
5794
5402
2951
2421
331
9495
2349
7859
4172
6205
4370
7911
3658
9365
5070
2426
7047
4912
9927
3255
1608
9437
1293
9333
1497
9231
3275
9923
5096
4616
5793
8476
3357
1868
583
7255
6186
5379
6856
1422
6895
3195
8029
6292
8141
989
4627
3647
1777
3751
5911
3865
3628
8676
5601
1046
5493
1086
8465
1667
781
36
9230
4970
9498
3171
6453
2982
2916
1618
9016
8073
1803
2508
2011
4402
1380
6116
4298
3252
4335
1855
5469
9500
6539
5646
1738
2048
7418
8733
3056
9926
5192
2972
6597
3130
8064
719
7222
6761
4719
3899
4540
5381
5489
2981
5394
6711
4891
4481
7775
7416
1567
7621
5257
9406
1218
9387
1973
4802
2080
1365
914
8556
6063
308
3260
8921
6681
7758
8552
7587
5746
5779
9007
5776
1844
5885
7175
2924
929
3970
3889
19
2124
576
1607
1612
9900
6466
5451
2012
1450
2225
2166
6212
1511
2298
6756
956
8534
7364
8142
6496
7698
2202
8689
4795
7427
5859
4937
386
2622
8259
5771
679
7783
7060
8470
1742
1269
9429
6582
3003
8509
7176
3041
9292
2245
5548
225
7591
4081
2788
883
947
761
3519
9541
7951
8442
8578
6818
1602
2873
6462
9018
4458
1611
7028
6860
110
7374
1934
6627
8355
1683
9120
3044
1977
9456
4133
8883
3430
7371
957
5717
7435
9106
7474
4845
3185
4868
8451
837
8148
9219
5681
3797
577
2176
3034
6587
7913
3475
7586
8829
4175
549
4303
821
1920
1939
7724
4884
8300
5373
8975
1676
9181
3135
6045
4296
9057
5639
6197
5958
2506
8951
8752
5049
2432
2129
9906
3778
2144
6994
2830
1614
3347
8174
9027
6696
5883
8989
4299
3622
185
5292
2434
3619
8723
5777
8042
3996
6635
6699
5614
8086
2773
5996
3351
4349
2562
6754
4
1546
1312
5287
1949
2259
7030
7719
3680
7433
4694
8408
44
4464
7339
1268
9836
8479
8273
9080
652
7821
9034
2382
7394
6120
122
3051
6256
8020
1703
4321
1818
4691
6662
7190
293
7986
6370
40
4314
136
5100
8979
3880
7463
1507
6044
8234
8873
4286
267
8960
43
2632
304
466
5339
6050
8010
3928
3892
4208
3417
2831
3105
7095
3804
254
4560
1304
5087
1944
6502
5523
290
5676
9602
6493
4131
3236
5640
1074
6647
467
665
3635
923
9612
546
6001
5144
2235
3852
9223
1539
8062
7957
1413
9410
8467
5603
87
5505
8145
8445
9869
1307
6500
7464
4356
4801
6331
9791
6686
7342
6871
6945
6858
6759
8721
5657
9986
2956
5124
5725
6194
1880
5074
2180
4148
72
3073
2459
2634
6125
320
4488
5983
724
8661
5770
5962
6009
7316
5232
9211
601
1084
5888
317
8932
1575
5231
3958
3714
1697
7649
1986
5296
8072
7225
2364
845
4433
1188
6826
8002
7094
2987
1905
3554
2762
2565
4441
7251
1840
6632
4559
351
8140
3067
3918
6406
4453
5170
1649
5734
8824
8233
9651
9052
7767
8912
6599
8813
1678
7112
6554
8828
8220
322
4075
8102
7863
4284
5213
5995
5079
7303
4666
1096
7008
9685
1569
8104
4952
6676
9091
3645
1263
2691
7622
3799
3563
5390
3677
3036
3997
7704
9984
1320
7977
2585
2937
4291
1631
4505
7384
7689
5748
5641
285
4428
8059
6385
6098
1112
2878
9174
6172
9156
2771
435
7921
6287
287
3665
9660
90
6680
3049
9471
4354
7033
1419
7678
2942
7826
5977
1788
2802
1896
4541
4926
4674
4555
5217
6339
479
2551
969
4197
2984
7770
7104
4257
5806
5714
641
2260
6969
1155
2211
7499
365
6405
2934
2897
6442
4387
9532
9543
443
2239
4415
5581
1274
3131
4512
3370
3178
8138
6307
619
1016
9608
5833
8669
2852
9502
5878
3698
4536
7038
3824
5627
8082
8196
3288
9766
1521
1898
4031
344
835
1432
9220
2719
1248
7103
8674
6623
1316
7883
8966
9797
2018
7824
9542
1980
7299
2627
4115
7959
6712
21
4127
6078
1765
5057
9487
2181
3811
3630
2279
5873
8265
5478
1554
7261
379
9783
2744
3182
2375
4769
659
8333
9105
2764
5920
7701
7288
6431
6522
7170
4216
2396
7819
1098
4106
8635
8573
9629
7482
7143
5504
9691
2009
4827
6207
6974
5043
8182
8319
5208
790
2452
7535
7020
2320
6122
6515
2520
3386
4715
7970
4967
9371
5652
1919
4575
8776
8186
2676
7113
9606
9087
7001
8078
6283
6360
6271
7440
1997
8621
500
295
8056
2240
4113
8507
9417
2641
7128
4235
8561
5230
9430
3893
689
6573
2017
4424
4058
2127
2321
2648
598
3510
8128
9914
226
5849
1453
3300
843
6330
6709
7066
1720
5532
5831
7247
686
2844
9890
8654
6422
3317
5109
3734
2062
7628
1217
2679
343
4376
5571
8405
1491
4866
4110
2943
1071
4761
1969
7731
3205
9448
244
6148
1283
5000
7518
4178
4004
776
4676
6831
259
752
491
1937
8285
3
3786
5382
8397
6612
9152
2662
9951
9372
5812
1549
4960
2752
3879
7530
9818
7512
3753
8038
7741
3882
9896
2468
3972
2068
5225
1998
3604
865
2880
3675
8792
3428
581
2945
2977
5048
6655
2796
8347
234
8009
2476
8508
5114
8994
3525
8025
6614
1707
9803
4786
9000
9435
2038
8728
2556
3159
2242
1342
7723
8433
6275
8788
680
4814
2610
395
5020
1544
7272
9191
7085
1026
2594
1806
4275
3741
7577
7933
7194
1391
7335
155
1256
7869
5879
3152
7802
5648
166
2655
5375
5766
9739
4804
1148
7357
6719
3719
3602
4316
6378
4194
2954
8672
3676
9251
7699
5695
964
8969
9066
5154
4633
6308
903
2047
4788
2195
9774
9072
8482
2804
8450
3496
4675
3896
7745
2146
1327
3826
9550
4165
335
4501
1673
736
3744
9583
2538
6705
4708
5403
4147
3048
9811
2593
2522
9199
1620
2882
151
6074
4572
8103
6868
415
210
2209
5743
4879
4311
6811
2847
2973
6176
4403
7403
607
9625
9872
531
8474
9950
8957
8928
7243
2123
4367
2352
8130
6293
1121
8266
6617
6145
548
2427
6649
723
9684
4759
3064
5085
5772
9250
9889
6738
7919
8332
1671
314
2889
1090
4925
33
8604
4900
8201
9934
3961
1059
8316
4351
1591
5351
8598
2647
4163
4281
2376
2397
8176
6338
1831
779
9109
5586
5693
7063
7531
7263
7485
630
9349
7844
8596
7013
6989
2777
9565
937
4664
6896
3888
2602
1702
4130
5177
1895
9547
7284
3126
5602
8061
4392
5621
7867
4569
7293
3345
3324
7646
3420
2864
9819
1154
9077
1266
4463
4313
7483
6391
3590
1005
3806
8987
5097
433
5594
157
2099
51
1065
9963
8945
755
9865
1430
5433
5002
6726
6787
3094
2184
323
319
7927
4951
5623
9775
8738
5417
5563
7016
9569
3598
876
4188
2860
2339
1943
2625
4337
5271
9709
7811
3971
6185
2793
3183
5446
7049
4877
4929
1509
6365
8545
7149
4591
6866
5086
8666
3884
3942
5508
3581
1185
2902
1158
4797
9280
1279
8532
7196
2363
275
1926
5947
4451
3927
8410
2983
4758
9592
3576
2031
5164
8070
7177
7966
2276
2329
9930
9239
3690
9362
7916
5235
3952
6959
3967
9124
2829
9713
6467
1735
404
7208
2117
1904
2112
990
2598
1456
1599
179
6238
2497
385
9110
6514
7551
1305
3078
9470
3440
7912
5944
6987
8170
7301
6601
4309
9711
3169
4657
4940
4996
3976
8017
9196
8964
7269
5622
4999
8075
5429
5303
5707
3992
5006
4128
2580
9957
4486
1579
3817
7193
2807
1500
1209
836
4318
3738
9952
8787
938
5001
4240
5019
2135
2132
6585
9051
255
5160
6936
4087
1637
1190
5027
953
2835
568
9736
7619
8354
8871
212
355
9561
455
564
2667
5781
1648
2745
3946
640
9351
4743
9439
1931
373
1227
3639
5600
1384
9938
380
1251
9172
4767
8351
1561
7271
7160
4093
2106
7365
6222
6841
130
162
5537
5282
5122
6015
3735
1235
5961
7392
6179
1087
456
2089
7296
4668
799
9573
3542
2547
3780
2429
7493
7884
6495
9525
2736
4024
3303
2273
5348
571
4418
6595
5506
5696
8254
7102
2478
2249
7472
190
8820
1506
5146
6834
1435
6214
5103
6039
5347
7106
6110
3301
4815
9358
1743
7779
109
8905
7941
9275
2457
3506
5101
3862
9545
830
9125
128
1971
8444
6305
8713
6249
4659
7111
6349
2162
8765
7895
8135
7613
2183
5584
557
2896
532
7502
5418
9521
9050
8003
5917
6770
8847
1082
4809
8551
8575
6745
2552
3816
2969
8944
139
8468
4322
6451
9921
9496
5664
3251
1670
5426
2447
2534
6765
1565
6616
9821
204
9317
9202
463
9799
7744
4035
3328
8671
1947
2197
4374
4333
2707
595
7917
4357
1654
2283
1462
8566
6902
2456
2884
5156
9340
529
4771
3478
5180
17
8597
1580
5957
2274
6483
6804
9695
2919
892
2768
8526
4908
7198
2247
1233
7677
7092
3120
3398
5273
5604
9678
5013
5083
4615
4533
3673
416
3710
9379
2703
5248
5197
1383
8255
339
6807
7031
2797
1164
1200
4154
3403
2295
3241
2670
5356
1178
3423
667
8183
5431
1660
9650
8502
2651
2104
3153
5534
3926
3361
5762
5784
9564
298
196
8825
138
7507
3825
4989
218
4692
1297
7048
6786
3699
4880
2800
188
1130
1656
6630
9509
4006
510
160
8383
3512
7422
555
4432
4785
8239
840
691
3187
3994
1109
8413
3883
8679
9871
5653
5313
5875
1014
6423
6734
3759
902
4157
7726
9949
3925
8280
2294
6068
9117
2341
2999
132
2194
1219
5542
2155
1371
7451
543
9699
9283
8527
1489
791
672
3148
9928
2167
5684
8864
4864
9901
9276
8565
6797
9366
387
625
1658
1144
2444
6805
2484
5188
2525
9792
9442
1143
3197
4883
7133
5949
434
3634
3777
4888
2944
2906
6139
2419
9029
8816
7762
2608
7673
1452
82
8584
5182
3340
861
4085
7849
7685
7050
4838
5110
7847
9829
3132
4799
5939
7414
6010
0
6892
3249
1108
2572
5854
4274
1480
2200
9411
2435
9748
1528
8229
6137
4155
2371
6047
5574
1634
541
2310
941
3528
1351
6304
2485
9297
8153
3626
5139
4050
4371
6419
1741
4934
296
5166
7152
2899
4911
5361
6213
1324
4528
2985
7584
5158
5189
9873
9895
5763
3957
5340
5840
9536
8372
487
9432
8590
7091
8485
5389
2074
1822
114
4506
6073
53
954
5155
6583
2160
573
7139
7717
5010
7833
8219
7991
2418
7108
4794
1393
5970
7337
5436
932
2991
2879
2532
2393
1876
1402
5203
6198
2921
5775
3583
1912
3850
7722
6546
1571
3516
872
8320
8232
3087
1498
7444
8930
4522
1205
8109
1306
4760
6577
8845
7643
591
454
4994
1875
6281
592
1748
7981
8026
8542
3743
780
7908
9693
2566
9094
5690
7349
525
4631
6097
9735
8150
9983
2086
6721
6916
8547
1030
5723
7067
6051
1464
7827
5516
1299
9742
9137
2952
8839
1838
3981
1790
6955
5737
8818
6543
8098
178
3161
4570
4001
4511
8326
2727
8668
7918
1142
4986
5769
7640
9942
7616
9528
5745
2787
4733
6813
5171
7354
9416
5234
6152
6093
6455
5056
9071
123
9679
3277
281
3267
9831
1958
5305
6996
8929
3462
1686
6532
7950
7820
6361
9506
5407
8729
2685
9024
360
3860
4503
3248
8290
615
7631
6184
7420
13
1492
7517
9522
4420
2061
436
9360
9856
4182
4101
3828
7043
1996
8926
5314
8856
2208
6957
9581
16
3136
6123
1115
1582
3001
5479
4526
7000
2576
4820
9092
2424
9579
9095
2389
5976
8914
1341
9472
7732
2601
9730
124
6827
6364
9712
6149
5245
3147
804
1932
3203
5835
2306
1638
9621
6346
4272
7601
1586
711
5908
3565
272
4943
9916
2821
8096
8626
4369
1891
8094
6645
8892
5374
4151
3166
8484
9605
8504
4867
6943
3410
28
3337
4613
5774
4166
7294
1152
3749
5918
7122
4649
2054
7896
1635
4209
6473
6837
7002
7597
8862
3209
6104
8631
1924
6611
9782
9056
3915
9037
8330
9717
4714
8699
3346
2791
8741
6322
569
8958
4669
8213
6821
863
7062
896
6372
405
3533
6366
7281
3020
6351
5969
2319
299
5910
6233
888
8814
4273
7286
6251
9102
3021
5300
419
6505
7878
1588
3419
2783
5611
3678
8675
5151
1262
2509
239
4461
688
9100
944
4252
9531
2528
3600
1827
6340
9259
5135
8276
356
7476
1465
8641
879
297
7280
3497
4557
6424
9291
2929
9777
825
9508
4325
2891
7352
469
2370
8755
8247
5414
7205
5821
9272
3218
8169
2366
2577
4267
2490
1366
8071
9813
2848
9019
7773
22
7594
6124
4352
5848
207
6243
9449
6020
4444
2436
94
5127
5084
203
8016
1045
5370
9267
7282
1632
8472
2699
7292
7808
4232
2201
7909
89
9323
4048
2067
9725
5709
8055
7411
1514
6533
5021
3121
3363
219
213
7766
6639
6085
994
2499
9515
3921
2823
6130
9768
7588
4592
1417
3768
3707
8786
4095
1191
9877
6345
1023
6224
260
582
6791
4527
9216
5138
6621
2714
222
1094
4261
9826
915
9875
2697
3287
3907
782
6318
9988
9932
5261
1331
3747
5982
7417
7813
3110
8646
8849
4473
743
1009
2548
2404
6169
9083
8572
3356
9424
1478
4600
6363
2717
8329
428
9232
7666
1315
8317
2412
5461
498
6200
4271
3176
5655
2504
1027
2102
5033
8012
6344
4716
3343
9044
8961
596
3669
242
1140
8349
3543
4294
5181
3065
6690
1399
3536
5423
909
1862
6162
8515
9677
7336
9676
9903
6746
4710
3107
3939
1182
8297
6476
3128
920
5238
2486
3943
8200
2720
4494
3910
7547
6888
2005
8885
6353
7742
4099
2483
6510
6438
4886
3709
4873
2512
2955
3601
4817
3483
4598
8306
7709
7278
9859
2739
8097
8398
533
7975
8034
1976
8171
2380
9482
8577
7589
4974
7419
1693
5597
7036
1257
2157
6775
6083
2765
3570
9652
1211
6984
1282
6127
5152
3115
1847
2340
633
9233
4678
8688
3391
9228
1536
6121
32
1254
9197
41
7228
2780
613
3399
4897
2726
4751
7141
1892
1412
8190
6935
891
2854
9455
3143
5007
8260
7215
8066
9485
3912
6828
5224
3342
3234
7442
9065
6011
3632
9790
4201
6332
1484
2710
697
1559
7186
8720
6311
3535
4331
7053
7552
4003
4625
886
5468
9745
4973
6393
5686
9770
269
2922
1534
9166
5104
4736
7503
7155
4629
1732
3469
8576
2630
4168
1333
7688
6679
5672
6880
8858
1474
9245
5408
228
8377
4022
5487
7743
154
5799
4885
4348
7356
8524
9753
2964
1236
291
9646
5946
5694
8030
2384
5163
352
5445
5828
645
586
300
2663
5783
1966
8126
9734
4363
3103
9769
1495
1490
9622
4455
8093
9355
9153
7341
3099
7848
7727
8940
9922
8362
6901
9757
3425
8767
3517
8832
7816
3494
9530
1564
3490
3299
3716
5842
986
2505
5685
2637
2051
2385
8868
8953
5815
5500
205
550
1006
1763
5482
1291
5278
2853
3643
881
8622
7511
4384
1878
9212
3019
4729
9036
8568
7781
669
9965
8376
1587
1317
9617
9074
5897
3102
8925
8087
7676
1401
8501
7985
7947
6695
5266
4253
5876
4545
1037
3009
2461
6060
4947
7968
770
1246
9386
3164
8656
1768
8310
3247
131
1882
2731
2328
547
7488
5215
650
7065
6965
9908
4683
5201
6656
4650
6960
772
5350
364
3117
1170
1837
6258
7840
1684
8874
3711
8808
2965
2611
766
3281
8388
3108
7437
414
8001
1646
1072
5325
4635
9670
8794
2877
3035
4445
397
3151
2808
7227
3572
7928
9412
8158
5219
4812
5819
1597
5959
7044
7905
5804
4032
6416
7171
8601
2177
8081
3237
5562
8031
1259
1171
4985
1794
7940
3731
8417
8480
5450
8949
9946
5495
9885
8896
1073
7562
6368
4137
8709
5543
4539
3940
4427
2460
714
1687
6940
9270
3872
5839
9389
1843
5687
2579
1849
399
4882
2466
7026
1955
3995
756
6241
9364
238
5198
5228
3388
8226
3086
6651
6367
1942
882
5736
2836
9328
4724
3987
9015
1202
3742
5120
8309
1163
349
9475
1408
4899
7866
4021
3292
440
9300
9315
1175
9140
9053
7814
8278
8562
7838
9115
9247
3499
8558
6392
4177
5342
6579
5994
7082
5628
4248
709
2702
7736
2347
2544
4117
5090
3891
7327
6348
6016
8805
9028
895
7383
6112
7161
3779
6961
8783
8127
9343
9854
458
3381
3904
556
8758
871
5179
5167
2887
3500
7765
5371
4250
5863
1334
1807
372
1981
6303
1504
6910
1890
7069
2111
6497
7058
1136
5357
5064
8258
1207
9054
368
4975
2769
6938
8564
3618
2754
3226
2141
8842
3129
5872
2519
8796
1423
9422
8962
8315
8396
4953
4576
3858
4472
9173
3192
5354
8428
5665
2122
8955
3949
6808
3473
4065
4497
6877
6781
1309
3848
3485
4705
3934
1775
4071
3401
6425
3808
396
4251
4939
3524
3360
1759
1583
7686
690
2077
9714
8761
9206
2299
6118
9505
8611
367
9503
4476
7805
5865
7087
8298
3746
2374
5444
8353
1772
6541
3660
894
1808
2451
2169
566
5650
934
9642
2704
7922
96
8394
9011
7546
7144
370
5298
1719
5658
7163
2755
9996
4841
6723
4484
4207
7574
6809
4672
1222
8074
699
6973
5116
1547
4334
4746
995
809
4466
3712
8378
9165
9062
9489
2567
898
4410
7608
5913
3855
8602
1446
9138
2471
4961
3396
1298
4104
1785
1776
1294
2590
7132
925
5782
3617
5895
8520
481
9454
2868
1166
9081
6326
1758
4269
7598
6702
9720
9731
7810
7891
181
11
9807
1288
1712
3803
2920
73
4928
9185
2822
2917
4358
7656
7667
1039
1729
9210
9314
4219
8835
7672
8204
4134
6997
5009
2145
2275
3792
4391
4045
970
6789
819
1249
7697
4806
6286
5475
3461
2312
6296
9888
8933
2433
3002
4971
1053
6470
2894
350
7858
4158
7715
1910
7906
6223
1261
6801
1427
8123
7809
4777
2423
2058
4255
1323
5392
7298
2233
7675
3024
8491
1975
6927
2734
8683
9405
8988
9613
3978
9345
2025
9948
9207
8555
7960
6867
493
7250
8343
9559
4185
7967
57
7793
6146
778
3521
8079
4567
5956
6341
1002
7072
6203
2192
7221
8657
560
1664
9446
148
4478
6998
1901
5176
1606
1379
7585
8900
5682
8231
2669
844
5089
149
270
9450
4213
8452
7057
7788
4479
4907
3431
5472
1459
2076
6512
9242
9822
1012
7494
2607
6081
5989
6071
1621
7217
2639
2786
8670
9290
5568
6474
1916
2886
1153
4220
3878
998
4905
7632
6851
9402
3868
5791
8919
8235
3551
655
1410
2584
7815
1774
1372
3446
158
8370
3072
9553
5016
4793
9599
4604
3638
9418
1512
7983
5904
993
6298
5647
8453
739
3432
1008
7478
6912
1615
4932
6777
4603
673
4818
6859
7323
8632
7138
8763
1335
1221
7154
9549
8475
3559
3141
5082
9962
8089
7242
9026
2757
8014
1482
4049
3790
3295
5919
2125
2417
4852
8907
7923
3405
68
5195
6107
2377
2974
1292
5484
5336
7025
8607
1936
8726
6735
6825
9789
2414
2759
9835
8753
3382
1630
6178
984
12
2633
5610
7129
9707
8088
9031
2812
7901
5214
7899
692
2046
5673
4057
1628
8936
8195
1665
534
1744
6544
8304
8971
6253
133
7147
7093
9376
8634
6061
7942
1180
9706
916
9626
654
8970
119
968
8151
6853
8623
9784
9863
9858
4480
26
4850
9321
6464
805
9953
2406
5832
7651
1139
8908
7480
6164
8897
6864
4509
7404
4086
4732
2458
9538
3566
4655
61
6593
2266
7096
8159
8538
8652
9097
6325
6727
5017
3438
1169
3180
9209
8261
8382
2563
8644
2913
5901
7148
8744
9135
3906
1099
5047
7657
2170
2555
2277
9727
1760
7740
1156
8869
7237
745
2179
7902
3270
9235
5288
4327
602
9969
4343
611
9586
1250
3350
4161
3319
8893
426
5718
8052
3259
8246
3479
7752
1007
3441
3801
4233
3104
3548
3377
3050
9048
8160
9350
5427
1349
5721
4373
702
6208
1362
5315
7328
5634
6002
9771
3592
7711
5448
3781
7829
9010
2439
8187
1472
3812
4981
8974
3283
5656
5360
5773
8167
9218
3200
9413
9009
4731
5480
1395
6753
9861
3114
2327
6469
3501
4976
6503
6836
6982
6708
5837
6847
6779
2173
2187
1716
7320
8779
4076
5071
8705
5886
1100
751
3090
2133
6182
8384
4641
6523
6192
4338
6802
3062
2743
4102
9918
4685
6053
2597
6228
4988
4552
7054
6926
4088
7566
901
859
150
676
4471
1856
636
5632
2918
1106
7845
6568
8155
6762
508
8700
1137
5255
7708
1407
9841
4619
918
4320
917
8237
3470
5941
8434
117
6889
3039
1846
3426
4623
2721
2970
4242
2075
8647
9614
1022
7077
4735
5645
3434
5599
3216
8740
2413
8000
5730
9546
5279
391
8503
9177
2337
5545
8271
5404
8446
6796
9357
8697
2705
978
7187
8939
2039
2893
6297
2034
3537
1467
9582
734
783
3106
1691
9682
6014
3133
186
3080
9750
3271
1119
8810
3968
4998
612
5039
8778
5929
2564
251
7876
7398
5536
3149
5467
7595
3829
8603
1560
220
5810
8651
8114
9017
8785
4142
7581
6018
5529
8681
9260
1784
8884
5317
1075
4169
1711
3031
6030
1173
6347
8454
9131
3311
1865
9891
243
4658
5052
4145
4662
5321
3965
3244
2903
1447
2656
9593
6838
3333
9956
4772
8811
3402
2668
7541
4192
1224
681
8667
9224
1162
4916
5256
8806
3042
8875
9551
4696
9533
1461
5383
3737
5978
461
2386
9653
3486
5022
2815
8812
1613
8686
2626
8132
3154
9318
9133
7362
4608
1578
9200
585
539
4304
6023
5416
10
647
3909
6673
7554
796
4622
5476
8999
9724
161
2373
5294
9118
3457
7330
8045
9955
5088
8175
3127
1680
5605
3393
5716
1028
8801
5824
7389
3544
5456
8157
7803
6633
9266
9167
3873
1786
216
5606
7014
9492
908
4717
4467
8203
1198
3732
206
7670
8918
786
5297
1339
4222
5295
8748
9490
2988
6592
5206
9846
311
1296
7592
7534
5262
3219
7794
524
9998
8371
4016
2811
8530
7868
9519
7481
2542
2905
3137
4487
8737
9380
6555
4969
3546
1782
4544
6855
406
2993
7854
3484
4842
279
7466
6175
3276
7270
277
7626
1425
6389
447
8060
3577
5233
5338
2539
9839
3513
4502
6968
5359
8977
574
7220
9347
2558
9526
793
511
2990
7889
939
2015
4217
7089
8166
6790
3464
700
1733
7172
5486
381
5168
111
4773
7886
3089
1203
1277
7660
4224
5785
8658
5528
5674
9474
6021
4753
2543
4009
9733
6210
2930
7694
7543
9692
9899
2164
1724
1404
2255
5275
3210
7654
9497
6140
7083
1042
478
1214
7195
1764
1043
4856
9924
2846
3621
8571
9396
3387
1359
3614
2290
4942
2330
7489
3890
4254
8766
9726
528
7197
4123
4621
2258
9294
8423
5960
9698
4377
3842
1111
4413
8861
6594
4116
3651
6501
9344
2892
1848
9370
5132
2069
5761
5971
3980
3902
67
7514
9566
7734
7570
868
8851
9587
9122
8775
8840
7029
1725
8837
8531
1550
8756
9146
2986
5055
6472
2781
506
3038
1533
3567
1722
3408
8497
8047
9103
6072
1061
4090
1639
9763
4140
4412
1985
1276
2735
8976
9178
8992
2190
4768
8313
8888
7558
8143
9535
5724
7671
9459
3173
2084
6899
4813
9144
54
695
446
6578
4617
1063
1302
3752
4642
6038
3820
6750
842
6538
4677
8826
1460
3096
5337
1145
5985
8115
3916
683
3454
9630
241
7119
6536
6036
8902
3358
7620
5787
4663
1104
5270
8841
8734
421
7893
2928
6954
307
8046
8627
910
9096
757
637
4995
6193
2168
4227
7071
4610
9825
3286
9562
9190
7401
1055
828
5249
4876
9306
4344
8048
8863
5520
1439
3384
6980
3739
7331
7204
693
9263
2178
6181
2851
5081
7399
5738
1879
5075
4822
5992
715
1984
9793
9112
9426
1563
9849
3920
7618
7710
2740
8225
3373
7260
2342
1515
2250
8973
4530
4361
4561
8942
8173
3229
5268
3188
2760
8965
8198
8338
5250
2109
4439
4097
1068
29
1215
1273
1102
7725
9689
5851
6382
5630
6949
5488
2537
3898
4215
464
7904
4704
8282
5871
1370
1530
5311
1210
4056
8439
9363
7276
6988
197
9136
3558
3691
3406
2687
7076
6240
880
6234
9673
8205
6663
9661
4846
6279
452
7116
976
5093
8188
5727
8293
3335
8891
1400
118
9098
1951
3250
2358
7835
853
2052
8834
4162
5800
9441
512
9264
9111
9099
4485
4893
1677
7910
8011
2323
4380
4062
4408
5984
2996
2246
7880
951
1845
9804
3125
9741
5264
8557
2693
5425
7945
3832
4548
2657
7203
6814
2261
4896
99
3285
71
3227
7550
8580
5894
3834
7304
289
7929
9400
1543
8852
3802
5150
6190
9395
7
80
2813
1230
9163
833
6924
7321
6976
6170
4542
7123
4307
9563
1830
1343
2962
4982
20
7240
7705
4414
7239
4562
746
5615
8275
3901
3774
7926
6713
8292
9189
6590
3068
9855
6985
7614
6255
1123
1313
7924
3481
7769
3823
8549
4129
975
5741
5934
7101
620
777
4339
3784
6333
8117
3702
6236
3144
5967
250
7997
8815
6736
7490
684
4863
7012
262
6434
2530
4811
6446
3422
4688
2559
9008
8833
1540
5535
9002
7393
5099
6135
9058
2841
8223
215
8660
1503
5541
2511
4930
7429
8185
4019
4858
3307
2536
1836
2365
5265
1192
2253
7118
6691
5239
8927
5813
1824
6291
8334
3389
3795
6398
7602
7691
1318
6890
3168
2361
1653
6547
2087
3603
4345
4901
1469
102
3697
8284
6832
2979
483
6310
6953
8844
6062
7915
2083
2591
6220
2888
1694
6105
2494
4096
9419
4547
785
1682
8253
7078
7107
145
347
4388
1066
8435
6252
3165
4689
7949
1746
7984
3198
7778
7825
7642
8494
5452
6800
661
6119
9113
1666
6962
9274
565
9309
8768
740
8591
7936
8887
4426
1216
1353
8337
246
7549
4847
8550
49
8510
2491
7431
773
2440
2
5003
1314
6357
5814
2094
8769
651
1519
5715
1328
7387
3692
1409
4448
23
4364
6350
2599
2064
3641
8560
3725
5936
1374
4236
8133
792
2592
2910
570
9262
2941
4679
7982
7707
345
9064
4972
5304
7538
553
2082
173
8972
913
852
134
5898
9832
3282
423
1508
922
9787
849
9796
7183
8911
2724
2501
413
2588
3685
824
2795
2186
9243
7309
5720
6519
1243
9964
497
5943
409
4080
2345
8599
1957
6559
2156
3706
8854
919
5561
4720
6201
9462
7140
2898
1589
7162
8950
8302
600
4693
6550
4941
8458
9609
3549
8216
7679
1186
9155
4923
482
6057
2603
1952
7206
8490
4566
3258
7004
5365
9976
9995
6195
6217
3175
649
1576
4365
3853
4906
6995
2474
648
1057
8008
3561
5397
7406
5246
6354
8091
3467
2872
2778
2037
1701
9636
3769
2333
7009
484
9762
7234
6058
6610
4397
6783
4262
687
3606
5121
5552
6739
6629
831
1357
1633
4848
4857
7169
8954
7018
8294
5076
5301
7318
3429
559
5713
2215
6609
3113
3313
2029
8328
5185
9631
5662
9021
8090
3582
5102
2523
3728
2779
3289
9301
7150
2890
4103
6151
1962
2057
5435
2464
1381
316
8386
2751
6737
5830
1625
1927
2381
6909
3789
1681
3421
4084
1541
6636
465
5018
5174
2263
7623
5733
4383
2442
8807
9641
4141
9478
4324
5808
9574
6799
5754
3508
4366
3380
4833
1923
9702
7137
5902
7380
2666
7074
7368
1804
2573
6218
997
8782
7268
2028
4843
3269
7224
4051
9214
1841
5323
2492
2001
9184
5560
4452
3523
7513
6668
6108
1789
8793
1036
9302
2285
9041
8483
3098
266
6336
9585
7561
9481
156
7795
8058
8272
5326
7390
2961
4040
4108
8519
1329
5625
2481
7090
3773
6817
6376
9076
9772
4748
4225
112
7610
5538
6678
5106
6991
6631
5924
5134
4643
5729
4425
6990
5377
5285
2659
991
5990
3679
2915
125
9649
5485
2931
2395
393
318
862
9438
9860
1518
3588
6624
3819
7458
4738
4507
4979
518
7525
5654
3818
4417
5778
48
7465
8015
5993
2218
1832
8876
9164
2383
7184
1129
9618
3911
931
517
5742
8172
3502
9293
3400
2513
5511
4913
3881
8361
1974
9633
1866
371
1714
4594
9910
9025
6820
8959
8866
1385
273
1229
9261
4082
8107
8469
1662
200
2042
9004
4138
8057
9802
2871
5319
2268
6448
229
9705
5137
9817
5765
5131
3667
6646
1332
3088
2405
3627
7166
3569
214
6857
7179
9659
2154
9999
5095
8984
6126
1842
8612
384
9850
7559
2722
1908
5909
3084
6115
2561
4260
1964
9773
2621
2521
6993
1872
9780
8084
5191
6433
2766
1286
8528
2482
4781
6564
1925
8323
558
1436
9862
2165
1319
2238
7252
6049
9423
7448
4752
3246
626
851
5399
2425
5401
9514
3160
5635
9902
8308
245
5951
341
624
7580
1078
5012
6356
4524
4739
2450
3157
4948
9089
8443
4968
1959
171
1867
1762
7952
8948
8168
1956
9012
120
2437
513
8983
9919
7257
5202
5688
3298
3793
7469
7996
3867
3770
7804
4332
8264
5415
9517
9129
7890
2311
1110
7366
6183
6983
4094
3243
678
530
717
2817
6967
430
6429
2316
3415
5966
6598
30
6975
1740
66
7937
4791
6660
4844
9040
8004
3142
7236
6572
8192
5836
4399
1070
2143
3574
7117
3941
4495
1416
1551
6932
3897
3140
4340
184
1695
7312
3846
7576
6138
7799
1122
1799
545
2866
7792
3573
5607
2153
59
7214
402
9229
9126
6785
4978
5211
35
5747
2241
1000
2056
6618
8199
2000
1991
9600
3444
6644
7684
7962
1641
2503
8121
4640
7056
3119
5284
7978
1159
4634
1679
7405
9680
4980
6167
333
9759
4946
8906
8704
4132
1398
2032
8322
1979
4171
6267
6700
2297
6905
2036
6408
5533
8028
2303
9960
1284
800
812
7784
3505
14
5169
1672
3568
182
5965
4992
4775
7178
5409
7590
4829
4577
8212
449
1715
3418
3163
4800
8248
3530
5453
2535
4955
5826
4684
4652
3033
1643
1562
3765
1850
8817
8065
7655
1781
7596
4816
8903
6461
6865
9480
9431
6964
8986
765
9486
885
8711
4310
7695
429
5258
4393
8630
4447
1945
1946
2428
6788
5925
383
8455
8848
9669
1721
7159
2119
9905
6008
9240
3857
4293
2533
9420
6620
7637
8461
7486
9022
9073
3228
2224
9662
4107
6907
6741
7760
9175
2678
2881
747
8846
4278
6128
424
91
9668
8800
5575
6742
5739
5550
9568
784
8941
7235
6410
8516
5710
5183
2939
7182
1902
8625
8673
6823
146
2636
3189
5758
8608
4871
5378
4849
3488
8890
9997
3625
9576
9883
9945
1114
907
3962
8615
3348
1415
7768
6648
7355
9700
8956
4386
475
5466
9752
6450
8136
3008
5931
8152
3093
674
7934
4156
5827
1756
6795
7972
7851
6903
7692
2142
5477
2292
4709
8162
8018
5935
1839
9299
8067
4152
1961
1475
2378
6006
98
5369
3745
8574
4698
1915
2472
8694
1387
7277
1157
965
5889
3326
3294
2134
3077
3813
8257
9353
9014
5046
7446
943
4537
6337
4500
9409
6154
9483
9304
2307
6056
6187
6449
7034
489
2161
5856
4515
834
3177
9958
1887
4120
1247
2400
8784
5546
9598
2219
8448
1213
4779
8033
5866
6845
6013
9252
2904
3448
2252
3261
9324
6102
2331
5796
5757
3061
457
3657
4556
4493
3631
887
9123
7836
2105
9257
9816
5328
6553
4395
9823
671
7381
2070
4957
4993
4263
1531
5698
6352
4149
5037
7348
1548
1889
6693
7369
6767
1929
1572
5184
6971
4477
9313
7302
5795
9968
9070
5253
1091
4518
8286
6444
4687
1438
9935
9013
8217
1116
5031
1476
3320
1914
7165
6411
2763
7267
3316
3424
6
8511
662
3427
505
9978
9808
5922
7604
9580
8459
8978
2665
9170
4422
7943
5136
1058
618
2638
5024
1688
7683
5026
1149
9491
3951
5764
4052
6369
3723
9187
8499
8414
336
6600
3122
2629
4279
1704
590
7454
9567
7325
554
8742
1160
3591
732
3584
2049
670
4146
7142
5327
6773
3193
5950
2753
9147
9298
1833
3655
9273
1451
1477
2182
101
1242
6724
7200
1523
7521
7052
889
639
8781
7557
7135
4186
8112
8409
8579
958
2587
9139
1195
6257
9085
1386
3167
2770
7491
502
174
4834
775
4266
9892
4835
378
9647
2789
7748
8990
6260
6625
7430
3914
9108
3887
1501
3547
2908
1982
7993
6839
7625
5991
8457
359
1736
4025
2350
9806
8715
8952
3545
8799
7661
3560
9305
2230
1526
3272
7599
9331
2642
535
7073
9834
3721
2652
1124
2479
5573
4059
7532
4787
7295
930
7948
8998
5329
8367
7457
5060
3321
2909
2546
6923
8937
3633
6384
230
8206
7450
3323
8739
4114
9570
7797
5207
9346
7099
520
6265
1253
2322
6037
8714
6879
2288
7447
4894
5915
3116
5140
105
5844
9308
2035
3836
2120
4914
7496
1093
6383
3717
1557
7324
5510
7801
6570
85
2837
644
4258
3507
7510
5999
5660
6692
4499
3663
8901
578
9159
9393
5997
1141
8402
1861
2774
9615
9284
8985
8359
5626
9975
4582
9059
5702
767
6674
1089
3527
5803
801
7780
3821
6101
5412
9104
8498
762
2100
6743
7974
4223
4202
5447
4431
7231
7860
5612
7548
6380
7846
95
2502
7151
4268
6878
6863
6373
9667
3642
1020
9312
1874
7189
2549
3273
4734
7700
168
9193
7109
763
7045
366
8521
1584
3729
3595
5945
614
2138
5237
6517
354
6420
50
7898
5820
6622
9595
8080
7831
9511
2586
9833
4027
5892
9205
8364
5442
4990
726
5544
704
2071
9933
327
4904
575
8180
6439
5384
6191
8880
1267
1814
1873
2912
7738
3764
8536
9047
271
7188
6589
6956
5434
9977
2443
6560
1616
6548
6403
588
6441
3589
6456
806
807
1933
3465
2300
3047
27
3030
1231
2313
5280
7750
6654
7275
7663
6226
264
274
7749
6521
5588
6250
5565
4459
2978
6342
231
1010
3863
2462
453
9335
2980
3007
5200
4362
4404
9812
9887
7334
8843
9501
9488
6160
5592
9778
6004
8548
2953
8227
6665
7569
4205
8535
9237
4564
2289
1234
1787
312
8403
8050
6778
921
1132
7994
338
2257
5204
7963
2750
3990
521
5324
9991
6377
8702
3052
2346
6113
5907
3552
9006
817
3932
802
4037
3831
5173
8036
8288
1397
6359
7213
9654
2801
2907
9845
8350
1168
1529
9722
60
1252
8822
2264
3833
6157
5980
9560
8404
4618
240
8489
1258
3037
7728
3435
8523
6174
9421
9747
7539
4029
3869
1592
2529
6407
9397
2994
4855
1455
2214
8424
9758
7776
8710
88
9947
3620
4400
5744
5209
3416
9368
3239
5073
5874
6516
8493
8629
1355
4055
3877
7665
6421
4443
6096
7376
374
9880
6744
7565
3540
6591
8366
5751
8727
1097
4015
6822
6481
1290
8202
5507
5391
2336
854
4614
7174
8898
9060
5032
1468
7874
8691
4770
1717
8339
5928
3960
874
3230
9307
9463
2526
6221
4229
6084
3564
9473
6329
4109
848
6885
3015
8640
8318
8462
7471
6717
3352
3763
5559
7789
6163
6237
1488
5912
5107
2806
6300
6718
2441
2553
2514
1360
6025
3284
3054
9145
7658
8324
7718
2947
2772
1133
2874
5891
1773
6978
7777
6952
7021
2093
2126
3492
1120
77
7443
8214
2398
9466
4890
6005
8773
2010
6168
1766
3733
7635
8456
4931
5499
9798
3979
3722
9815
9149
3694
504
4997
4915
1829
9322
1060
7892
2467
9513
2814
7027
3212
4442
4861
7564
5987
3085
1801
3664
4119
4778
2453
5332
6605
9046
3674
5759
9644
2631
712
2819
7533
6443
9785
2767
7010
1800
170
2785
813
7756
3100
4187
5419
4244
1893
3124
2605
4949
867
129
7612
4070
3369
9141
1886
3010
7397
6979
7315
1363
4682
1208
9310
8731
9385
2995
6840
6947
8215
5711
7958
646
2356
9866
8916
6094
9518
2191
472
6288
4595
8605
1044
1828
8637
4189
3652
2545
9624
8614
6710
9445
3775
7931
1750
63
522
4000
1076
8821
668
1552
7449
8707
6397
5637
1161
437
3539
4329
1640
7843
3460
2701
6246
74
9169
9348
6755
4038
476
7641
515
2121
3025
5988
9658
195
4270
2079
1201
1527
9594
5111
8211
261
5735
1346
4780
5868
6862
6177
4068
8636
6513
1669
7439
7317
2353
4671
9666
2085
5549
4774
1373
