898
3659
1931
1402
4483
5140
8273
4804
5217
5694
9442
6150
8038
3081
1421
794
3898
8728
2447
4340
8894
9086
3530
6486
4911
7775
9732
9040
7053
3854
1843
8628
1810
8753
6445
5826
8484
4371
4587
4704
2763
1162
4891
9580
4554
2435
1210
7599
2807
9451
6402
3991
1159
580
7539
7699
6843
1858
4983
3561
9872
1560
1142
9189
5141
5455
3553
7483
7367
2421
6831
4583
9666
7862
4255
3366
2449
5396
9296
5988
2387
1432
2921
1442
1408
8840
6079
8556
8282
8461
8241
7275
3393
8576
2738
7128
3155
9974
3143
974
2233
7266
7647
5312
3472
7200
9795
5881
2678
4530
3541
9714
1427
8090
1314
4250
7649
1705
1101
8042
7432
8592
8585
4265
7813
8476
9063
3532
7635
4087
6815
7771
381
5632
2135
9326
1041
2972
8609
1239
5155
7210
6754
2568
2573
559
2804
3595
1362
3575
7898
4628
3336
237
9632
1095
6959
4400
8727
1015
4562
3816
9595
5147
7544
8233
1582
9105
366
3865
9149
7392
1151
1102
86
5712
562
9384
8581
6216
4714
666
2743
2849
6223
7674
3902
9859
6433
3500
9204
3415
1188
7484
976
9526
9011
7140
8485
669
3825
7842
9078
6271
3638
6617
3452
7658
8336
4661
3833
8084
4489
9668
1204
4604
6853
7346
4086
9424
8718
2165
4570
7606
8479
1105
1329
5686
7735
6765
9251
2397
3957
860
6218
8963
3564
3708
8943
4416
6304
9952
4445
2432
88
8702
1123
69
7400
8698
7341
7600
6062
6016
395
3606
8827
6521
383
8182
5295
9164
8568
6614
5871
1771
9788
8393
2411
2468
7046
2065
6138
5993
6719
1272
2695
9247
5496
3640
7193
5128
4519
9694
7097
3231
2433
5782
3263
7269
3470
5443
2506
3477
7094
2455
5929
1583
5698
8744
1512
5202
297
3588
5073
467
6060
452
5913
8320
8152
2960
6239
1317
7411
441
3218
698
7309
2056
2276
7831
708
9815
4038
5092
5104
2872
6194
9648
5424
8332
4579
9684
8966
362
7114
4546
2019
4899
8675
3936
7337
4771
1368
754
4944
6789
6114
663
931
5824
5154
5538
242
1893
1277
8317
5537
6253
5257
1786
1742
4123
7028
1065
6043
2431
5390
5251
5072
9077
2617
7082
5669
9886
5600
8236
2171
8743
5558
8211
2247
8121
5905
5921
3751
2313
2026
1723
2071
6090
3433
7876
6397
4795
1969
7661
2048
1039
3485
8442
265
1991
6213
7576
9484
1651
8678
7023
7473
3570
3978
802
8501
5300
7279
8578
6350
4352
9150
7855
7614
3607
2870
9433
2896
2720
6898
2105
8773
1961
3489
6643
9158
6491
6781
8203
2623
6318
9848
1286
4055
8932
3287
7189
2676
8364
1546
8255
815
4651
3406
6648
5151
8388
35
933
3339
3790
8159
3059
2263
7629
1584
1985
5129
7498
9850
7858
6963
9565
4118
995
5684
1695
3483
4374
2102
3752
4694
5983
393
3523
6983
3980
7299
3314
1056
9751
4016
4297
5178
6570
3135
2252
9723
6507
25
2200
8310
8705
121
8509
573
3799
6688
5915
4561
8456
2587
6537
6664
7528
8371
8402
7907
471
6448
9034
4979
8432
9787
542
3632
8011
5577
5249
7936
9504
4551
485
1698
6998
6348
1145
643
1877
6380
8754
7766
8473
6967
7668
4820
3436
4699
5348
2941
98
1576
2741
1606
1360
3069
2192
2035
9898
5828
6034
5813
7362
194
7567
859
1
8126
4375
5567
1476
4278
8688
7795
5971
390
9407
2280
9579
4711
8808
9312
5731
6101
1121
3145
6933
6455
6985
9274
6083
8882
5641
4693
5623
4112
9084
9168
7584
1743
3931
9126
6620
5283
2669
9692
8138
4605
5829
2307
224
8524
5142
8746
1064
5984
8018
7355
5377
2221
5169
6686
489
4406
2855
4712
5616
4190
1446
6806
788
2131
5480
5331
351
712
3158
2854
1080
1051
4207
6687
7791
4218
2362
2605
824
5671
8401
2664
7909
3010
9509
144
7421
6744
7799
6772
1304
8781
3330
8717
3453
3960
9544
417
254
850
2824
9176
6629
8071
7570
2877
9764
2523
2829
316
4622
9990
9718
9060
4348
7485
5343
8716
84
1859
7578
3177
4332
1338
13
5163
9056
4591
6096
805
2502
9913
9441
6142
5278
3645
8116
2699
5819
9759
8335
743
5425
725
1175
5866
4690
9638
5158
7044
8694
4494
3253
2592
2936
6338
4935
638
6444
7118
7203
511
2360
4091
6615
7026
6957
3946
8217
2632
58
8266
9159
6232
4467
948
7468
7475
6752
116
8250
8634
2383
707
196
6622
8776
6040
4421
2618
1010
2731
756
2422
1328
2363
6086
1811
1022
1510
2944
6353
1029
1625
1375
6670
1855
6475
5093
4640
5449
9599
7006
3962
7351
2068
4405
6190
2559
9747
5299
1198
288
247
6838
8944
7615
4314
2694
8935
4180
6248
9576
9944
6881
7683
1464
2783
7604
1495
7542
6323
2779
5820
864
1856
6061
6518
8415
6603
3006
81
1259
6042
5388
9088
4499
9027
7703
9161
966
3181
2619
7406
8873
4553
9370
2437
9760
7005
2298
6590
3353
4868
6238
1761
9643
7179
4079
9342
7320
5735
2278
2186
9030
7503
3171
6595
3396
2679
9406
6308
752
4422
5709
7344
9706
8478
9681
5815
2793
2067
227
4324
6269
7934
2418
5114
3352
3316
3252
3106
6177
4909
170
1002
6070
997
9195
289
3129
935
7489
4269
8005
3102
6780
5061
1608
8853
9724
7689
7098
8017
688
5721
7072
3889
3929
44
1780
693
9157
3629
2615
6110
6572
6143
1110
3445
5638
681
2524
11
9523
4462
607
1763
3402
6203
1256
3249
3521
425
1000
3841
8039
6908
2270
9489
6562
6504
8691
9939
9569
9968
1829
6452
2556
197
1759
1257
6545
9449
9317
415
3740
9690
312
9660
5454
1125
7496
7482
6330
323
8498
9538
517
4204
9630
7451
8863
146
1574
1261
5593
5799
7843
4981
7170
8955
9550
3568
7734
3633
1067
1144
1293
9099
4254
5625
1543
5308
5806
407
8191
6324
9037
7323
9864
3439
2434
689
6592
5210
1807
2405
6502
2461
8257
3571
7042
5250
3476
2770
8032
1475
4436
4147
4094
4033
4669
5375
530
2002
7440
7360
6742
1569
9399
3389
6179
7052
1669
3688
2377
6477
8220
6517
7879
9141
2514
377
496
7800
1792
5585
9738
5680
4512
2452
1149
3803
2937
645
6159
3040
3376
9976
382
1288
7666
3016
3343
1995
8653
6469
7330
4919
5406
7731
2291
1147
4852
7365
151
6633
1058
7504
3195
8298
8979
5471
8200
8421
5939
4695
9740
6745
9685
8689
4271
7288
5645
6852
3298
1638
317
9979
4845
5683
8639
9825
3753
5914
2633
8607
6247
5494
5889
7003
8819
1020
2228
6636
6543
4923
2495
5832
1383
8690
7693
5999
346
2176
1003
5035
136
8254
2932
4256
9008
1987
3308
6197
8794
9628
2997
6422
720
3442
4878
8133
3221
6859
1729
7036
482
1572
4068
5692
7336
1414
5810
3192
7167
1012
6496
4286
8144
3321
1068
1305
5795
8658
7124
8526
7464
260
9397
3558
4601
895
4399
9216
6466
9542
2903
9755
5962
6860
33
7553
2409
9065
4767
1081
7495
7758
8024
8284
5924
3294
5200
3839
7571
3586
5598
3828
6693
1111
7273
6625
616
3669
2938
8231
2062
5747
3750
5284
9571
3721
6891
7945
4832
4734
2063
1741
575
697
5624
4527
9931
1886
4910
7133
2508
2656
4311
9761
7727
4425
1172
245
1595
6515
314
8154
8804
6968
3
5356
4149
2324
8980
2236
4398
1224
2262
8458
5305
1384
3703
133
9264
313
6107
1867
7180
2466
8908
9679
137
3601
1774
1831
7716
6420
4267
1806
9419
1897
2120
7694
1026
640
2644
3578
4691
2852
7521
4511
7987
6791
9321
9094
4787
4590
1531
3697
9016
8914
4796
2249
3665
5935
3893
1587
8964
9226
5108
1061
6961
7864
3061
172
2453
6668
2686
4241
3507
9454
5648
8326
519
419
9554
5595
4214
4599
4247
8891
4997
8899
7525
664
9831
9844
9280
4320
5402
5781
1604
1772
3098
7796
9463
5033
3952
5555
6268
4392
2444
5923
9121
1419
6128
6027
4002
8202
7237
7012
9721
2346
3848
3279
1209
2657
576
7000
5763
4991
9100
522
670
797
1837
193
9440
9437
5696
9137
6334
7729
9970
103
7947
7031
6969
745
3732
3026
5979
6639
4879
7143
7867
8251
3041
6556
5658
8540
6558
8280
7158
1570
7116
5488
822
1178
4166
5945
8267
6704
5136
4567
9746
877
1537
5792
7083
6725
9371
1875
5024
7435
5094
2511
4172
2826
3345
2057
3161
741
4666
3877
5321
6939
8122
2927
5244
9434
1999
7655
614
1762
4283
7547
2116
7586
7500
5518
3297
4409
5631
3743
1722
5012
5419
2303
1063
4616
451
6013
5690
5760
5339
8550
6748
2370
293
3631
9923
952
7493
1690
8989
1233
1347
2162
1255
8297
5404
1230
6886
7688
5490
8265
2715
9998
4760
5587
780
4701
6260
4284
7256
1605
8907
9564
6759
9359
2440
8615
2900
5536
5647
539
5699
1919
6201
1549
9556
8175
9473
8269
4346
304
9329
5778
7145
5378
7893
4762
9587
7736
8929
2317
2848
3303
3087
3004
9193
9756
5230
1607
8616
3545
9375
8915
1658
5106
1030
4531
3186
3375
9516
1508
8349
9948
1295
6637
2462
835
1503
5661
9993
1424
5246
1134
7769
9307
4174
7381
9089
2835
1497
3009
6563
7913
6986
6487
9378
767
9107
308
6341
661
8848
3579
7087
9657
3305
674
983
1920
7146
7965
2043
581
9466
4266
7545
4237
4077
1770
4798
2349
7782
54
9154
4874
1679
5107
8438
9600
2441
1962
3712
5610
8093
1808
8194
5833
2663
7147
5357
4116
5368
8596
928
8303
7491
4791
7232
1357
7706
8471
9543
8506
470
1183
6858
3976
9343
4341
8636
654
5475
94
3757
1884
2073
7093
727
8670
3438
1011
9938
7960
953
1217
2006
259
6680
1871
9631
2687
3556
1721
8429
8838
1206
8571
1400
1274
8630
8569
8515
9203
3779
3456
9727
7132
6784
2576
1682
736
704
4539
957
3413
7811
4800
8535
7080
1197
8086
6510
9361
4478
4224
920
2368
3056
7479
8468
3860
9235
9309
624
798
9258
1706
2630
2095
9707
4595
1802
7338
9380
4183
7608
4074
3078
148
9869
5462
9717
5046
9152
7225
6821
3378
3053
4041
2237
2579
1358
7100
7832
6075
7034
3771
1467
1128
9647
4335
2036
4242
1037
7869
5882
5856
5086
7389
7303
1888
6030
9269
648
7552
5317
2041
4146
448
7930
4928
7162
6275
9238
3625
9002
4113
3885
1389
3977
2269
8763
6657
5899
5216
2636
1303
8566
9498
2890
9696
9249
4157
4159
2789
8969
1150
369
5180
7427
9234
7723
4664
4042
9475
5552
1656
5695
1394
9282
949
4806
2702
268
9855
5594
4474
163
1575
6144
1611
9529
4842
9400
8051
6989
1585
6533
6490
5620
8342
2359
570
3179
4423
1566
7075
2300
4459
906
7301
3772
2828
3127
6370
671
1691
9132
8810
2329
3365
4956
2129
5089
6280
2391
9772
5144
1757
8774
3637
2577
7780
2734
1265
6882
6119
1060
612
76
6456
2882
3949
157
8712
6618
2827
3332
8779
8425
1174
5916
4555
9958
766
5385
218
4430
4649
8970
9943
2483
4083
3546
683
4376
8919
3000
9461
6418
9228
6375
7074
4674
7007
5691
1832
8778
5432
537
3108
4544
6091
4934
9290
5272
6300
9
6795
124
1072
4513
3228
4854
9339
3589
394
4059
5578
1324
2717
5723
7465
2467
3408
4887
8958
1687
6311
2144
3147
7019
6117
779
1411
325
593
9583
3513
3616
1100
3981
4435
2534
9860
2355
5038
9217
9820
9447
2194
2408
253
8352
7691
295
845
9045
9220
4564
8169
5838
5026
7049
5096
5726
1059
4205
5009
8533
7555
9467
9817
5149
1280
2215
6064
4652
2754
1559
6001
7048
991
7546
4536
4294
8516
1735
104
8167
8445
8948
3411
3993
8657
5886
1112
2147
2034
4342
4378
138
5437
7092
6528
858
9480
1981
2207
3911
9748
7808
3200
3013
8669
4006
8700
2980
5213
9242
8181
4209
8638
8381
5903
5429
7845
7388
2742
4186
9559
5074
5964
8143
1913
9267
2439
4107
6905
4682
2017
978
9676
4109
3505
7490
5706
5159
6245
4145
2406
7529
4805
583
4129
724
1601
8034
9229
2428
8204
223
5458
9733
3519
2414
6368
3076
6488
3198
7538
3011
3266
2550
1032
7322
2965
1561
938
8668
7905
2864
478
2535
118
6890
3037
4720
4257
9066
2601
3747
1156
659
853
7103
6276
1671
9699
4280
7060
6555
1361
52
6187
1071
2286
8517
9549
5573
8327
4010
6945
5562
8832
588
459
6074
5043
9773
274
4178
7102
3317
190
6652
3019
5412
2753
7557
4931
2933
6161
9395
6258
5044
651
2833
9337
1895
1641
6659
2289
1194
8420
6267
9883
3829
7111
1043
1994
2054
78
4165
494
7959
8023
3309
4085
1410
3163
8103
92
8100
7182
7011
9414
3022
3725
678
5767
7523
8933
6610
8662
5389
5705
732
1868
3876
637
1773
2459
5360
6922
3313
3943
6050
1670
6684
3425
6149
7627
6588
8846
7995
946
3857
8839
7888
8428
8331
520
1480
8695
1930
5847
1158
8070
4976
5741
5956
545
9036
8400
6569
3414
5897
14
9436
8953
2810
4526
9072
9866
4709
4251
487
5996
9366
5675
706
7863
7804
3374
8198
9263
8931
9801
127
9574
8397
5873
2776
2564
9882
6270
110
2976
4248
2344
1910
5909
89
8876
4575
4457
2911
4327
4681
7619
5794
8503
6410
7770
4194
8978
3362
290
8883
9131
6129
8597
7931
6723
4062
6424
4446
4865
6446
1185
1321
9138
4957
6049
479
5790
1915
2999
8769
1404
2251
8973
6921
9519
9067
5580
4407
5761
4098
7001
6862
849
5860
2294
7809
5469
6697
1168
9981
3643
9669
8499
676
8462
31
1591
3604
5725
2094
5463
5193
3657
5006
8826
9306
300
3070
6382
789
4607
808
7675
897
8538
9286
1898
534
3284
2474
8967
9893
432
5733
2096
599
2609
9572
9606
4473
9875
6265
150
9575
4614
6073
3448
1066
3397
5220
7844
5654
2456
4960
597
1619
9213
2705
9614
1386
8112
8792
1213
3121
5228
3792
4817
3312
7679
8820
2796
6654
2271
4893
6638
9805
5630
9289
4089
4262
8299
7190
3201
7010
985
7687
4918
2331
5434
2912
3454
7390
9146
3555
1484
6893
7194
579
4867
2110
7711
8881
9038
4509
6017
1663
514
2155
2407
2242
405
2018
665
3852
1365
555
9043
3760
3617
7420
7249
1459
7589
5438
7897
9847
7891
551
8641
2086
8736
9499
941
3684
8756
6869
7416
6403
5208
9951
3216
9503
4538
7239
2205
5727
723
8660
7461
8466
4019
198
1964
6918
3469
9170
2860
4713
8570
6233
3677
186
568
8642
4334
70
6246
7295
4108
9518
1279
4924
8749
2799
9921
6282
8739
8701
6833
1148
2284
4071
168
1268
3032
5204
3894
8205
21
1557
1642
3734
3210
2099
6340
3780
5551
5807
9942
4045
1874
3494
27
817
2169
6988
261
1258
5324
4982
2685
5566
1737
6184
6193
5722
2876
426
2785
533
861
1363
7785
493
6761
9181
9590
1005
9071
1401
7812
3151
7517
8529
6910
5802
7527
1932
2496
5316
6699
7917
135
3042
8054
865
7372
2730
618
5609
3668
7561
4922
3899
59
9555
8446
3516
1993
9287
1460
3387
3787
4216
7329
8880
8543
3444
8329
2145
1719
9867
4169
3123
3379
3278
8047
8080
5858
2210
8590
7974
4230
9347
5206
3918
829
9431
9012
6726
9098
5294
1031
9140
4841
8201
6065
4084
2059
5798
9833
887
3361
3831
2962
7884
4883
7980
2691
5435
2015
9032
7645
1635
2375
345
9133
1701
9539
2029
4444
9620
1086
7551
4155
7952
4955
195
1352
6996
7166
5273
7281
6255
1539
3247
4095
3987
4382
355
4027
2119
9055
6295
6166
7787
3895
3635
7004
5431
6598
1667
1618
8008
2570
8102
6320
3357
1379
2385
114
4968
5298
8679
9372
1202
4418
8091
8412
6895
5173
552
8799
9808
1654
2841
5088
8768
6538
6202
2020
5493
9493
9533
3159
5415
627
7160
6004
7637
8020
5203
3153
3843
4737
8830
8184
6814
8036
7314
6600
3097
1054
5958
7856
8508
8741
5079
4786
9674
6055
731
4442
7828
6436
1014
5640
2611
189
8548
1325
6877
3257
8594
8148
8645
4850
677
6756
4615
1019
9534
1517
929
4036
6912
2182
1223
1711
51
761
5477
7105
9802
6722
5042
2762
8097
3859
5183
5837
5501
8724
2777
141
9112
9902
8137
8218
7109
6123
9064
7638
2475
8435
1676
2322
357
6279
1748
4469
8496
7224
6753
9295
961
8491
5288
4740
9911
85
4211
360
2454
3782
9868
8242
4517
3334
6219
4941
1947
5534
1857
3245
5879
6371
5123
9546
854
1290
4932
5561
2033
513
8854
6358
9076
5814
924
3522
5468
7556
4994
2532
2897
9383
6689
8049
2193
5325
7588
5710
162
1854
286
1214
5047
687
3039
7718
488
7927
9074
2809
8455
7120
6095
6885
8417
1436
3497
7070
4414
7531
3908
5439
2821
2274
2531
8235
3818
571
6133
8661
8302
5100
896
6417
1795
2460
8735
1547
6120
6812
8065
19
7021
954
9278
1592
6679
6474
8861
4397
3030
1333
4620
270
5643
5000
6550
6707
6104
5576
3431
5985
6907
8346
4889
8557
4550
2113
9118
4353
3971
6642
3457
1923
818
9004
8095
4611
8449
5893
5330
3326
6374
6901
7998
6995
7413
9767
1225
9814
5504
5808
4799
6597
3084
6677
2935
8621
7774
2983
107
1437
9039
6512
7622
152
7597
7595
1921
8098
3307
9429
9214
6087
4315
8714
3695
1077
3920
9148
5526
9500
1122
2947
2128
7123
4054
239
1851
5060
2994
1222
2740
9254
4525
5010
4443
8956
3405
1940
8495
6058
1992
7625
6640
6875
7236
440
1099
2504
3430
9333
384
4766
8439
2637
56
3892
9535
5160
343
7437
8119
7848
8951
2817
453
1838
4024
4671
528
6741
9478
6771
8305
3512
4282
5267
641
9715
3237
4429
7781
2117
5972
7574
3501
2964
7964
5852
5510
5887
989
984
5766
26
2951
781
1552
9272
7776
1970
4093
5335
9409
3835
1790
2170
9900
8013
1169
3428
4390
7601
7414
8868
5231
668
584
6551
6094
8723
9704
5019
7073
158
3681
650
8710
6546
4130
4856
1911
2542
5745
2275
8192
4441
3820
264
1380
6844
7216
6274
4612
6798
176
4959
1444
5835
1244
9567
3281
7792
5080
4835
8815
5668
9924
5030
6909
8114
5944
8249
5452
9994
2533
7759
3112
4572
8234
7196
774
5115
2231
3802
4339
9349
2121
4809
9984
2966
3480
5693
4925
3207
5592
206
9930
6559
6008
2602
495
2000
9320
4586
5450
3358
9233
2047
2318
2292
628
1945
57
680
891
5238
8874
1331
8654
556
4908
5247
5586
3518
3049
1173
4128
7566
6505
4548
2384
2990
564
5679
7058
3692
4773
3766
2279
8982
7205
4014
1949
7375
3884
1423
7717
8367
9468
5870
6846
8357
7602
7750
7366
1313
3958
6532
7543
8940
4152
3259
8408
2404
4364
2399
371
8149
9207
1391
6440
4465
8703
6709
8890
7583
1650
9404
1103
3644
4238
5788
6102
3587
8618
5527
8751
9885
947
8998
7958
598
5090
2137
9891
1917
5291
5311
8077
1184
3248
3511
250
2148
8888
5502
1028
9708
4471
5776
8825
4584
413
3025
484
1376
1050
9136
5581
8575
5663
1925
9608
8193
4127
9389
801
2719
8292
1694
587
2146
5934
6801
5700
6876
7623
9776
6317
2142
7836
8531
1876
3005
8502
2667
2335
4092
9482
6994
8258
9479
1234
1023
658
2212
4454
1428
601
4408
2968
1154
8545
5602
4212
1370
4523
4235
880
4143
5252
2582
5344
8101
129
8058
1139
1526
8081
8959
7749
9841
4958
8494
4203
4102
4438
4505
8354
5601
2930
7697
8687
409
7374
6171
2365
412
8860
3460
9401
6185
171
1617
1890
6437
3823
7976
7823
4518
7859
1240
4253
5796
444
970
1141
2889
9403
8665
9119
5057
2201
9083
4631
6549
6737
1896
7230
964
5340
8731
1215
2846
5187
123
8243
5320
332
1728
2583
8372
6331
6078
9472
6770
8403
558
8146
73
9415
4227
8663
9530
6820
1119
1335
1218
153
2934
8014
8625
3233
2402
1187
5949
1049
4654
5370
4784
5545
8633
647
8247
9816
1827
7508
6751
7185
2696
5350
63
771
1405
5639
3773
3554
1284
9536
9369
5850
8426
306
9890
4721
9725
8457
6539
2138
3628
7554
8584
4744
4506
9051
5770
4888
7343
6214
2014
5503
433
5184
2356
2539
1308
5028
6188
2172
7704
9019
4067
8748
3813
4325
5936
2680
5263
9927
3999
2513
9852
1967
4040
960
3491
6426
5382
9271
2088
2122
3942
1747
8619
5568
6941
675
2345
7598
5372
6962
1196
6696
2070
4154
8053
3714
4756
717
8816
4140
9079
3173
6665
5075
3156
9160
901
8321
4504
6917
8322
3190
2847
2410
7969
7
3737
851
8900
285
7579
2151
9528
0
2898
8180
8601
2979
9548
7530
2273
238
8758
5333
5376
3062
2238
4331
1390
6925
1731
4316
3482
2590
6462
348
6634
1686
2661
3896
7562
8936
8037
3398
447
6168
4609
292
9068
3970
8056
9408
3166
7753
4370
1248
6026
8287
3611
6077
8060
3220
2364
3729
7726
4953
7533
9947
6700
2681
2622
3197
4222
1824
6321
3886
9458
9618
2879
9009
1447
1069
7488
2721
2321
3092
5366
4158
8002
8588
1494
3605
1454
1471
5844
1996
8809
2199
3913
8706
796
9327
9822
8105
2501
2265
5466
4793
7259
3031
8208
5752
6630
5453
1883
5499
1955
6250
2226
4485
4986
5606
5715
3711
5174
4080
8413
6063
1399
3778
8307
9906
9073
3131
6658
3560
4780
792
3496
3265
2569
6626
6589
3924
1076
7886
7626
9184
4281
1017
2480
7993
4938
5688
5757
5124
5189
4272
7417
6303
6531
2913
9363
6919
7824
4003
6310
6322
4144
4939
4537
503
6794
28
1132
3667
1481
1624
7062
3572
4221
2958
9792
6429
156
7779
3535
5738
8050
4637
5314
6100
3204
9779
7537
1891
9742
3873
5846
8337
2677
9793
6066
6020
2260
1899
5359
9933
9563
5459
3897
2745
3994
3883
2158
3690
8374
6899
9507
3890
5197
2118
4078
2875
5194
5008
1820
1963
3540
501
8387
8230
7462
1972
125
6449
3758
3661
5773
7857
4974
3525
7302
5007
6975
3705
6033
2591
7209
4593
2024
1736
1952
8368
5542
2267
9268
3916
8674
8939
4619
6118
2222
5591
9937
2653
6827
6182
4217
5667
9177
2850
3370
2493
1382
4115
5597
7725
7937
5241
324
3093
1479
8150
3085
6804
784
1008
8682
5239
7849
7424
8308
9920
5176
7178
7778
5553
7215
4476
112
4232
874
8911
4705
940
8610
9023
863
6509
9988
3718
2566
3673
3846
1306
6351
2991
1672
4388
548
3262
8398
71
1120
5508
4288
3581
8344
1372
1044
9163
2655
6734
1163
9075
710
812
7055
7395
6365
8608
1918
7204
3346
8878
342
1088
7412
8355
3274
4904
1684
373
3046
6209
2988
8130
8263
1986
3984
9165
1388
271
9212
8623
3083
3117
7916
4602
2995
690
1927
1309
8755
7183
9288
7535
220
9908
4106
9540
2479
4613
2767
5457
1179
516
9455
2074
4273
5346
6954
3879
2787
1498
1797
7677
2713
2757
5656
5950
9551
7410
9837
2660
6293
5034
8188
4592
6571
3866
1299
9783
5021
463
8934
8179
8629
4274
963
1157
3363
7590
9224
3948
4326
4680
3211
1973
1254
5728
9041
1242
7944
2340
5821
4836
2574
7024
7220
988
4415
47
4995
2970
5922
6578
34
750
7852
2386
9909
8074
4541
999
9410
4726
9798
4072
8927
5248
4323
2823
6650
9116
3282
8085
810
9996
2376
8512
7486
4188
9973
1836
8343
6204
2706
9954
8229
2436
2761
5130
4496
7084
8892
2697
9048
4624
695
7377
4104
4468
8993
6113
5967
2747
5467
6889
4748
1528
609
7762
9557
1489
1951
3656
1520
5310
1082
5084
908
5539
5464
6221
5687
8465
8622
7324
5022
7569
8681
2203
7265
4141
2296
8286
6419
182
1783
4547
9103
726
9341
1001
4025
6511
43
6404
6612
6302
1456
7345
6037
7700
3048
67
6536
7238
9778
6647
2961
1840
8505
2755
7636
8591
8841
6378
3722
9956
1109
5976
6681
3613
1504
2996
1343
6940
6132
2124
9444
3683
6715
572
1529
2485
8547
6249
2085
6845
9191
2639
7155
728
6942
9491
8551
905
9845
2264
7839
5842
7319
9713
6602
3618
2801
6606
1713
6155
9020
2792
8837
6565
9658
2659
3584
3591
3034
5271
8974
3600
9623
9903
2087
8376
3118
2051
7896
1984
3120
9052
8833
257
5769
4678
5207
2914
5626
7730
298
4978
6938
6476
7008
3018
4574
993
6884
2045
8158
6025
2744
5512
8611
9650
46
2683
8950
2952
4703
9017
6015
4588
8068
9586
1319
2464
9435
9101
3689
8276
9427
5063
8430
1267
7901
2739
8369
744
6943
1298
5550
8283
6826
6326
3602
7251
1016
142
1793
2031
321
3996
8379
4356
8454
212
328
1715
9997
6516
2906
7252
6716
8155
7941
8296
406
3178
8348
2887
5896
2055
1516
8864
8847
3311
5574
9667
9818
3795
8849
9806
2123
8949
971
2160
1614
1738
9505
9693
7672
4360
1070
2552
8725
4009
8923
9443
5628
3797
8855
9832
2009
9812
5599
4890
2895
2372
2682
1226
3649
7996
9495
3256
3785
6264
2037
4022
4401
3088
7702
7603
2111
2867
1593
4482
772
1283
1881
9592
62
2507
5978
318
2004
1323
7710
9054
8176
1929
790
6386
634
9506
611
2651
6868
5823
3399
216
5637
6682
2234
2140
7172
7607
4758
2219
1589
1542
4411
8733
5880
2115
4802
5786
9722
3648
2836
7648
1556
6758
7459
8497
8356
9262
3926
8857
5411
6471
438
4017
6329
4618
8278
7305
263
7397
1948
3781
4985
6470
5678
1433
8620
4966
3800
8436
6333
1181
9318
7492
352
8775
8293
431
4708
4082
591
8587
7760
5303
2554
7943
6717
2371
3450
8786
4598
4037
9144
273
4052
3451
6580
1115
3685
8987
5349
6855
6542
1653
427
5384
806
7871
5161
4495
2635
7682
7728
5511
3576
387
1087
3682
7449
8764
868
9279
642
7470
1620
2522
5608
9950
7549
5885
6672
2184
1300
2536
8334
7620
6783
7890
7169
3536
3699
3182
1161
5040
872
8043
4829
3027
4980
5285
8474
4000
3371
8737
4824
4434
3544
8261
1332
3246
719
8172
8316
8696
9593
4500
7715
2540
5854
586
4702
1129
2967
4825
229
5777
7519
5947
8676
9726
2325
8673
449
6896
7788
356
5270
38
1937
240
9031
6635
1599
3157
8555
6914
1478
9561
3798
3850
4330
2484
1137
5036
5955
9513
8444
6472
4933
804
2537
8170
2701
8767
3471
4782
5393
9085
5015
6051
5353
9849
9393
9153
466
5559
1817
5315
5484
5198
9381
5994
8366
4892
3583
955
4410
7659
7939
9082
3172
60
5768
5185
5352
9345
9517
8262
1621
5563
1568
3650
5143
354
6607
4142
5460
4633
3191
1720
2133
4789
9464
9757
8928
4363
1862
2808
7829
8128
5078
4783
4826
5177
3719
8134
1839
6720
9626
367
6054
9385
7441
1440
1322
2992
4569
686
1164
9421
1398
4110
7744
9697
3608
5784
3167
2648
5672
3788
3603
5190
1586
4276
1501
9967
2141
6732
6392
5243
2338
5274
6332
5237
2641
7616
3849
226
7040
2529
389
6566
4655
4543
800
3419
6973
2348
82
1749
2500
9050
6122
8451
445
2902
7471
8141
3620
8887
2843
9830
8992
9206
7101
8589
3654
3239
9853
4940
563
4001
9527
8227
3490
3769
8076
8274
4581
9827
2224
7112
2394
2943
7630
2392
9570
6937
3478
6236
2153
5150
8268
2499
3243
1708
9680
6170
3680
7673
3015
7887
1889
8709
6183
4776
7149
8399
3315
2760
8340
6849
9953
7246
8253
532
9621
7371
7853
4993
9360
6337
5292
2223
4151
4213
4210
5859
4226
3666
4542
4359
5286
180
2304
4477
9194
3074
5318
7784
3141
502
5212
1212
6411
80
3443
1124
3185
3132
3094
2666
2161
7173
330
4225
3880
5883
5633
574
7970
6369
2614
8045
9659
2901
7184
2
7407
8552
1247
7469
1311
6554
1007
7698
3746
7448
130
4463
8732
8111
6738
1192
1191
7261
7262
1377
6175
8532
5878
6412
6529
9026
4781
6810
6850
7978
6867
2908
337
9029
2374
1094
512
2333
3128
713
4219
3768
9374
8108
1253
8396
4020
122
4056
5245
5269
2795
1926
1093
6092
8288
8157
6837
9044
5068
3870
4448
5133
9496
8145
7033
1492
4437
9390
9308
2939
4199
3652
8711
5605
9474
7150
6080
5279
79
61
9405
7453
4349
7283
3335
9128
3407
2589
9174
5746
8072
8044
9907
7349
9300
2616
4556
9244
2929
903
5051
1745
6409
2290
5232
2420
9143
1346
682
8521
3225
4568
4132
832
2442
1580
6932
446
3955
7157
6705
5565
6401
7912
619
5423
9314
5942
4629
8866
6355
5564
662
4576
4810
4565
7476
2021
4917
2064
8025
6140
9743
9749
9881
6897
6391
2858
5254
1579
2011
3822
873
4039
9310
4954
7104
5716
2217
4309
233
3392
7014
9763
5023
9842
7540
6427
331
5865
5818
4344
508
3855
2893
9916
4171
4552
753
5332
9120
2565
3814
904
9236
3063
6497
6192
5427
6235
7202
266
4725
837
2272
2822
9700
7979
8806
6006
8423
232
477
8652
3487
32
23
7316
6649
7106
1882
2652
6383
2250
5613
5486
8984
8107
8029
8380
9683
6439
7817
6093
9899
6262
302
1941
1519
252
4864
1662
679
4754
4413
2445
9354
6441
280
4291
7454
7676
667
5053
120
5596
6976
7107
8803
6992
8632
7235
5644
4753
1544
6479
7612
729
8212
5162
5843
3972
8821
1089
5817
9355
9297
1133
6465
1186
399
3770
8291
8558
5025
4540
4516
8926
143
3704
2598
9007
9799
9525
6535
3533
106
3250
2097
7633
8469
3318
1413
9649
7477
5515
1180
7240
1912
8565
5067
6800
327
7660
3160
9186
2150
4299
500
633
7971
9425
5168
3548
6729
7242
739
1639
8941
3862
4508
3875
917
1042
3998
7433
9691
1697
2517
8099
9490
8520
8113
8164
7361
9122
4193
1637
5540
236
9865
2328
7258
6520
3641
8766
3285
9092
7241
5535
7951
7773
763
8377
902
5749
145
9964
6019
6611
5225
7754
4853
6541
791
6228
3234
8365
8007
3043
9786
2465
5234
7369
672
5583
3801
7318
7386
8527
833
2476
3653
9024
9256
4643
9351
6944
7137
755
9021
4431
1201
7130
3921
6130
7967
4461
4679
2293
3395
6544
7991
951
1092
2463
8135
217
2959
1024
2230
8232
53
9629
4663
6915
6361
8246
657
5954
2061
4641
7136
3738
7972
8595
3227
2202
5932
50
3242
2167
3805
3731
3209
8487
9719
5461
4189
93
4412
7984
4126
9108
5436
2427
6174
6176
2277
3111
3270
4419
9340
9033
7067
5111
8745
5720
1777
1097
4119
3071
2905
1680
2330
7425
5717
7526
7347
5156
5904
7997
6560
1055
7298
7257
3232
2775
8411
2612
943
3264
4729
3226
5719
8870
7391
7938
1458
5521
5062
1784
1434
283
9124
1787
4818
4455
7020
911
6306
10
867
8040
7837
2220
7168
4736
1627
6483
5729
37
6923
8418
1924
4191
6526
6628
3910
7443
6599
159
7213
9292
5895
9166
9259
7017
6651
1554
8829
4645
4057
6131
3609
6325
2859
7460
6291
4100
9625
6871
66
8281
8513
8761
2546
8225
3986
131
942
9462
1661
8650
3384
2774
221
7651
3240
3794
3531
9208
6405
8603
8697
3446
5713
5304
7502
8722
9532
3767
4644
4915
8416
7751
2319
1203
1330
1485
6552
188
1823
9362
684
2945
7247
7833
48
4343
1914
6982
6990
7219
1885
8271
834
3255
2189
2163
7524
7522
6222
7605
9323
5898
5973
7678
5495
8649
5827
4839
7860
3735
1062
8405
5862
5367
6434
6955
7332
7439
9488
814
4573
5617
6316
7081
7108
9311
5801
8177
1236
9231
3707
3276
8131
6458
4502
7487
6432
4545
8544
3400
2246
9113
1643
7214
6108
540
6495
87
7175
1500
5264
4914
2670
6743
5918
6328
9637
6768
7022
2069
2498
2400
7141
4328
2197
7714
4831
8375
1199
3458
6619
7587
7045
3217
29
4971
1327
1558
7171
5607
4386
7376
3140
358
9635
1673
9598
3260
5590
6146
5957
7315
721
7977
8995
7248
5003
6400
5070
7296
4638
6158
8667
1903
2673
9392
6105
5657
4049
6522
9010
2987
1334
7197
8917
842
3651
1675
6977
1756
9438
6813
9281
5787
8542
1482
4684
4895
7950
7662
9182
9313
2178
9670
8851
4837
1665
7331
4936
876
602
6604
7755
3499
3763
3012
319
9677
5966
1513
9508
7906
7946
4306
3055
8871
5707
765
7877
7581
4520
7450
3912
1922
841
9895
4319
6964
244
8872
2098
7089
3742
9894
6373
6724
3383
9905
8052
191
9411
2773
6701
3526
7115
1716
464
8902
9277
8867
6447
4735
9863
3290
7656
5557
5059
3807
3577
2963
4201
9836
6835
1337
6929
1864
8061
9260
1834
3272
2109
6525
7253
3020
9678
164
4277
3925
3028
7090
6692
6879
9218
284
7707
6931
7957
8370
7752
411
8782
3465
2010
8057
9835
3459
7652
8651
6632
6730
7308
4653
1765
5724
1588
2832
2575
869
7902
6508
2662
3150
3047
4073
1602
3079
6011
2758
937
8209
2175
2426
6811
9992
3058
1659
4535
2645
5448
525
9028
694
6760
6468
2724
9750
3765
615
5164
2106
7154
9487
2723
3527
4844
2712
2940
1548
8136
6000
7148
2107
1439
4830
5309
7306
9639
8777
9080
4926
5554
2668
7793
4452
776
1798
1530
5296
733
5529
2353
3193
3206
2196
5048
757
9558
1053
2082
3082
5982
9896
3492
7511
6206
2457
6415
6023
1848
3534
9826
547
423
881
4160
4381
8378
4404
9971
1249
8562
7312
1416
8859
9494
5989
8534
6695
3639
8022
2646
1866
4447
6971
7358
9673
8599
9448
9142
8448
3119
2295
1998
468
1241
492
443
5652
8938
4101
9445
3909
3995
2310
9641
8999
3125
4385
4577
5908
5319
6395
258
8010
282
3940
4524
7401
6888
422
3676
8586
9299
7035
1006
6676
2016
2658
3565
9689
6319
8437
1515
4357
3830
9336
2578
5579
7739
3075
1976
7276
7399
4451
8450
8834
7954
715
6207
9613
3096
6981
8139
5013
5076
481
6385
4097
5986
7228
3678
9960
2195
8726
5732
7466
4549
799
3344
2487
8096
7564
5229
8692
972
2946
101
6045
2626
45
4764
8790
934
9485
1615
1506
1453
2955
6547
3449
1709
7737
782
5137
8738
2710
9402
5588
8069
639
5615
3322
8041
4566
2253
2157
7646
9796
7418
9298
7516
3372
9917
4391
3215
6345
7985
311
231
2585
4975
5783
4307
521
4298
3817
2726
5102
6414
703
5772
6582
3836
1901
1084
994
199
6357
1461
9961
7142
4902
9025
4475
8961
875
2881
3149
9784
9642
6501
4635
4894
2451
9701
1278
8795
702
8525
9293
3222
9275
9188
5703
3162
483
4749
7201
5507
6864
5354
5472
132
8905
7510
9888
461
1353
7512
5409
1263
3736
6755
7915
6157
1750
786
3945
8300
6841
8301
6949
8685
4948
1013
5682
6048
1171
6103
235
3029
3286
4063
8094
4849
2802
2528
3139
9439
5218
3647
6830
4999
2350
5119
7396
9604
5148
2042
4308
9710
4260
7594
6165
3930
3871
4453
8260
5751
7287
8762
9839
4366
6354
1527
816
9588
8563
6384
2649
7563
20
3989
255
7161
1079
9334
256
7756
4885
3542
7596
1246
1018
5839
1462
9111
7724
3904
6381
8353
1565
5533
9413
5894
6902
3660
8244
9097
6359
5570
4683
2332
301
6191
1740
9239
3050
2549
6423
4642
9001
2544
161
3175
2684
5479
7541
5927
8207
8389
606
6229
6467
8470
2820
6786
6242
1216
9989
2240
1950
90
9147
2834
2301
7250
1935
2818
3138
9173
5290
1622
3966
3429
1004
6627
5780
527
9829
3219
4627
6655
400
7628
3333
5050
7882
4668
5740
6591
8492
9828
2672
9585
2046
6312
8216
8952
6663
9005
5364
5701
944
8875
2229
5604
6775
751
9453
385
115
8770
4585
6363
9765
5930
8812
3347
2984
6273
9304
5186
7286
9398
5065
9483
2509
4345
3819
1250
2302
4161
1965
5005
7354
3360
5635
5925
7515
5306
5152
9972
1997
809
3961
621
2765
1165
9856
2910
885
5940
4848
7134
9566
3674
2518
3824
2327
8015
5132
2596
2954
8906
5117
7874
8693
8564
6883
7745
424
4858
6038
3675
7534
1612
3142
4930
7398
8482
442
7803
7895
9560
269
4946
5482
7968
2216
2112
7152
1237
4122
7789
9322
8127
7099
4843
9672
4228
3988
5116
209
8422
7339
1640
9688
4028
74
8330
4827
102
9705
7854
9589
4634
1696
9887
3933
6257
3007
3700
2998
936
1229
4951
7456
1821
475
4675
3726
4252
6671
8796
1045
3427
4048
5191
1034
391
7798
8082
2382
4501
9432
4488
7289
4626
363
6904
866
1685
6281
6666
4035
1438
8655
6124
6596
3101
5428
3109
134
6292
9819
9785
3434
7065
3672
959
200
1291
4657
6874
3559
1791
5386
4206
4920
5329
2092
578
3756
4164
2772
6608
8440
1710
6865
1289
3381
9225
1943
7229
722
4173
3301
6750
4812
6284
6480
2103
8637
8604
1959
4881
2342
3202
9376
1693
9171
5836
1505
5793
8947
1746
3585
359
1046
6463
2727
9675
2608
1775
8528
2125
8079
4289
6878
1417
5910
9545
4296
9807
1609
8295
5099
8539
9870
4610
2805
203
8363
2597
1106
6053
4350
5543
2812
7664
6851
9015
1310
3506
9332
6920
6252
9824
6861
213
8431
3350
7088
8313
1555
4290
692
2868
2813
8924
5804
7953
1307
3223
992
1493
6892
4304
8279
3095
2974
201
1073
7572
4963
4487
5892
5853
2416
2072
3354
1108
769
4510
9591
6601
2490
5812
5911
9736
5293
3975
1540
7738
1130
1195
486
8742
1422
6839
429
6713
6243
8817
267
5440
5969
402
2438
914
6349
1116
9879
1266
7850
7914
7032
1974
3359
6840
9627
9753
8059
6857
3386
5676
622
4676
1207
699
7313
8988
9035
4529
5004
2156
4034
177
4387
5
5560
987
4184
2032
299
6005
3804
2305
3409
8572
6288
6656
2204
8805
9651
2728
7582
7458
7327
5369
6234
1138
838
1752
655
5888
7353
1567
9730
6240
1644
8046
4372
7442
3107
4293
1842
7559
5478
758
8720
4801
4877
1577
541
2865
8493
1397
9966
1533
7580
4647
7159
1760
4060
6691
2488
491
4187
6779
6805
5509
2448
5365
386
9716
5456
6575
1518
4862
6376
8318
2675
7827
6430
2080
2232
2711
6327
1127
7447
2044
476
6121
9578
6782
5744
7966
9091
6145
1571
5110
3331
4181
9423
1420
883
9926
4150
8063
8358
3861
7815
4233
2213
8224
7176
5403
2177
9155
4522
5681
7639
4456
6935
3410
5175
4403
5011
1367
6947
1879
4125
9169
3329
5282
8985
388
3416
5064
740
7357
4383
3622
9110
566
4697
9803
3537
8554
9846
2688
8708
8541
4285
6950
7560
3504
3539
7300
3144
2606
8409
4261
7039
4358
1801
6685
6727
8309
1430
5170
6735
7497
5830
3727
1626
2134
2078
6816
8981
4004
4866
2482
2863
9294
9344
8165
7671
7806
287
6442
2956
673
4162
6773
3776
5265
6936
6009
2239
2794
5951
5199
2949
6067
3967
5485
8707
6662
7757
8477
7404
4061
8925
4557
3463
1956
1850
4724
2692
2891
5020
3073
6703
6731
7144
8004
8699
7243
378
8672
1666
1753
3713
1211
4176
6924
506
6683
7457
3103
5805
7548
3590
6226
7129
3582
5374
5636
7127
1143
1355
6499
8813
3528
7992
777
4458
6164
3268
9512
7064
7292
6296
9797
6098
3199
6641
3547
2166
6793
6492
2707
3364
9711
912
2395
4131
2187
8142
2424
6036
2750
2227
890
4937
4114
8323
8734
4667
5307
6394
3900
5408
8553
7973
6460
8239
4747
1473
349
6557
5492
4
8523
9471
6335
1048
823
5097
7708
5869
8511
4367
5840
4011
281
4988
3944
7164
472
3422
7363
3508
5569
7467
3510
550
5642
1468
8798
5135
2842
2256
9324
2708
1980
7199
7826
1813
8311
2759
2735
3466
1457
5328
1603
185
1396
7610
9057
3502
7801
2268
8579
3847
4179
5407
8559
8904
8259
9232
6802
8823
8489
6514
230
4594
8392
2718
9416
5748
9663
6457
6450
2013
272
9069
4797
1509
4534
8897
4245
4772
1523
8248
2209
1282
5572
968
4851
4650
4197
5166
3124
4491
3054
6718
4208
1631
8341
510
3821
4739
9358
7663
7899
9537
2183
6564
7207
4090
117
1800
204
613
2108
4167
7069
6263
9237
4200
3348
2398
4426
2337
8453
5875
620
6797
344
553
2942
6928
3597
5235
3619
7119
9810
7634
7617
1902
1764
7211
3170
9183
9276
9901
1718
986
1348
1734
6141
4075
4317
3418
6115
6712
5960
3867
1794
2716
6297
3863
1674
6796
6788
2548
376
8009
5027
4312
1634
5991
4295
7027
2168
7609
9123
3592
6220
7499
4008
2621
9456
4723
4117
5998
8206
4051
192
3552
3566
6139
7009
3292
9373
5134
6587
9782
4528
6154
8315
4896
5383
214
6352
5083
4738
6314
3907
3229
8168
742
2857
1623
9687
7841
1098
7138
5797
7507
7786
3515
3983
8656
4088
7868
6068
5809
1785
2791
7690
6819
6926
6645
8362
3509
7585
5121
9511
3325
6991
1359
8965
762
4816
2299
8877
160
410
7892
5736
8073
4861
5891
4355
5500
9156
2838
435
3369
6181
831
3064
1906
4792
7480
2725
3441
5052
9712
9151
347
2316
8197
3038
8092
6790
5541
3148
9646
3917
3468
5103
8960
6443
4819
5413
8518
8434
4875
8903
3815
3596
277
8996
4822
5145
923
2766
1342
4021
9104
6984
3840
9780
6367
5759
7631
4287
4493
8835
5055
2084
7903
8237
2892
6366
7908
3105
7078
7956
2419
380
5258
6948
6965
2458
9335
7393
2948
870
8196
9046
939
3208
4449
6099
560
3888
2515
7222
2736
436
9745
1490
2977
403
246
4234
605
4124
878
9969
1170
5112
7883
778
6739
4859
6594
6519
590
9794
7721
1131
6343
40
439
685
2341
1799
9769
932
9250
7741
9612
8089
1221
1443
4813
3954
296
3203
365
7748
8424
4153
8771
2642
1892
9928
567
4838
8514
7536
856
7478
6244
7982
4716
8460
8519
9062
626
4156
6052
480
6842
2053
5650
3923
5762
6579
2248
6029
9139
8865
8048
8187
1135
1678
5571
4658
7409
3235
2060
2266
9215
6574
4752
5014
3089
9265
225
2093
4901
3759
2555
4170
3390
1732
1849
2784
2816
585
8772
5414
5337
5556
9734
6956
4081
7293
7761
4301
7041
7919
7989
7670
108
5544
2698
105
7692
8643
6966
3377
2969
8118
3686
4880
9686
7221
1354
8123
7920
1845
310
2347
2008
5902
3001
3985
9428
6241
9199
9843
9481
6581
1118
6489
1907
3755
9521
5481
1712
2567
6116
7096
3421
6777
7255
7364
2627
3655
7002
2923
5002
9739
1781
95
5665
8802
2257
8920
9709
5201
9774
6126
4044
2218
9661
2039
9270
6195
3691
364
4600
921
6022
6934
3811
4163
1036
5233
3551
7747
1954
6180
9502
55
9049
701
1776
6586
538
1828
6435
6500
1846
2336
3710
1805
603
7086
9995
8027
8789
5410
9520
6706
3417
8328
6315
6256
7192
8213
630
6708
6766
2258
6644
1870
1975
4972
8884
8480
7452
4833
7272
8787
7208
4763
2179
6212
6698
2058
8026
4043
9932
3130
3744
7077
785
211
535
4263
9568
5981
8759
249
2339
1725
1590
6360
7455
2075
9811
1563
1091
3812
8325
7071
2919
9959
8836
5392
9356
1047
7881
2732
8862
7359
6196
2894
8730
8627
8975
604
5446
9127
8174
5031
9469
4778
6339
2154
4239
6172
1613
4533
9644
3834
7591
6057
8171
4259
4884
6714
4921
5192
4689
9619
2283
7880
8852
1860
3878
909
4582
4099
2007
9102
996
1449
3701
8677
9946
7422
1371
8680
1228
5380
9117
3368
3827
981
2907
1960
2851
2492
499
6710
6873
4623
1445
5513
1683
1652
3091
4030
2845
1220
8946
2586
3280
3065
7922
5611
4103
5750
2469
9597
4070
6230
9877
5381
5589
7592
6210
8843
1648
7304
8472
4365
6342
3934
5961
8404
4578
251
3789
9096
1435
3224
1630
9531
821
4270
7818
9396
6736
5442
6046
5841
5476
6776
15
6167
4336
7474
9768
3230
2379
764
8140
2373
9418
2543
9331
594
8922
6313
9985
7054
9655
3845
5677
7379
7838
9914
8166
7644
4558
3777
7385
64
6136
6503
8464
2430
8945
1378
9607
5753
8427
4215
9851
8289
1739
5497
3550
3662
4032
5525
7686
109
219
6980
6225
1944
1415
6408
9426
8747
2472
8896
2323
635
3154
9610
5803
5489
6305
7405
577
5181
3017
2403
5980
7994
8030
5963
4606
2413
4828
3642
4137
8507
783
5948
8664
8613
3938
9352
5214
9013
7810
6534
6399
5660
2164
7110
1488
9581
8686
5505
9452
6416
2803
7018
7198
4220
8163
4240
524
2388
2241
2381
99
3116
8617
5157
6290
9634
3562
3610
2281
3267
1553
6667
4977
3277
6584
6089
2922
5941
5987
1035
4361
3956
9130
5275
1703
4532
1779
5032
632
7277
4707
1525
5276
3864
1486
372
8913
4168
3517
2309
8338
8640
656
6109
2174
7940
561
75
2470
9515
8780
3919
4811
1104
1844
9305
5447
9187
3947
3126
7783
8602
7131
1273
9601
8845
7932
3646
2477
100
5664
5974
1452
8486
5444
8713
7935
1227
4636
333
1403
8219
9284
8783
5532
416
1312
7949
4746
8214
3569
7865
9577
549
8593
3928
1385
6082
1632
9744
3806
8035
7472
4779
4755
1075
248
2764
8156
2985
1989
6356
8481
6623
3340
7643
9522
7819
3728
4047
4823
5771
1057
8385
1431
6631
9162
2312
9178
7894
6974
7705
5917
5268
3296
6097
6047
4814
4571
9987
1717
6675
889
7029
1628
5718
7611
1733
4303
6189
173
6002
2709
5952
6152
68
7621
456
4192
9081
2553
1664
7254
5029
279
9654
4686
1803
4857
1847
2737
6071
5523
305
1816
6576
3614
149
718
9386
5785
5358
9918
9109
4700
2853
3302
2874
6646
3968
4133
7925
915
6173
2880
871
6336
5016
208
9465
2114
9042
5689
166
8977
8264
1514
5363
9223
9874
7885
6283
4231
3671
8983
3868
7802
926
8797
3498
826
526
2412
1126
2450
5863
2551
3122
1578
4996
518
2091
5519
155
1155
1909
4662
4236
7429
3709
1078
6787
6808
6396
819
760
4111
4912
9202
9912
2208
1318
6294
1502
2800
2830
1392
4182
3872
7415
5345
2314
2647
1474
8452
5138
187
6147
2778
2358
8500
3963
7846
2831
4428
5704
3090
653
6836
5417
5789
1465
2971
3959
795
4989
4768
3051
6389
7321
3761
1193
9653
490
2090
1647
1598
6160
3180
3793
2703
3275
4369
6217
2665
3271
8624
5765
8067
2503
2928
9957
7746
1364
6494
4470
9240
608
7294
2285
7217
979
5391
5547
4728
8228
7921
9348
9412
3630
379
1727
7326
1470
3110
7434
4913
4012
5531
9301
7244
7963
714
8414
5673
1916
8976
8410
7061
1649
4964
8606
8055
9492
8483
8957
2950
2839
9624
5018
1826
5120
7274
9741
1270
8245
5470
9703
1113
4727
2613
7311
8800
2600
840
1782
4692
2235
4134
1988
7285
6364
8997
1534
3935
3567
2814
2538
3044
2049
6523
3104
2825
5926
927
9022
5109
3003
5302
4869
6653
8306
8447
7713
6747
4757
4973
4962
7709
3391
1499
2066
4846
5977
9804
3133
6072
4718
5226
8828
5662
7368
6568
4961
5056
1160
2866
1726
202
2640
5831
7419
9285
2861
6872
2429
965
2510
9205
8443
2572
1146
6478
450
9190
1815
4300
5774
9394
8115
5105
5714
7325
2584
4770
2788
7051
4632
3599
374
1887
322
7764
8001
848
8546
7505
2185
7878
7961
5548
113
9980
6200
5506
8729
7356
7297
1507
2690
4992
9622
6081
4906
4785
8994
7719
2038
7195
4015
1276
1596
8016
4136
9936
1702
2519
2593
7740
7151
8626
6561
3479
919
455
8785
8459
652
2873
1205
7264
2806
1393
4761
5575
9382
2560
1085
2401
916
2700
2986
9662
7030
207
1873
7513
7013
12
6803
4064
340
7122
1315
5224
9200
7038
7163
7955
4677
8704
6278
1768
9221
2181
2040
8319
9283
4630
9058
9609
6740
2012
7814
6690
3775
6573
5800
1074
8406
2320
9302
5995
962
3580
7494
8132
6286
1287
6913
6799
5816
830
7057
5179
8801
2957
2975
6347
2101
8161
4943
7929
1818
9553
5618
3810
9185
9387
3174
6134
748
4905
5347
1900
922
8031
6763
9919
8088
9594
7999
7384
523
3068
3021
339
8226
6660
5742
8909
3964
41
2130
7334
5195
9596
8510
3319
3809
4990
6999
5990
9514
6431
7352
7900
4420
6024
5182
2245
5737
3194
4775
4333
2856
5281
9963
4065
2481
6044
2693
8083
8719
6958
3288
9291
8117
1387
7426
7378
5621
7866
5811
3114
9115
9762
4223
7187
3437
4246
9781
8740
2491
4742
1296
2924
5546
1341
4121
1021
5855
660
716
9379
8109
734
3992
7794
4362
3783
6906
2844
9330
847
5931
9357
1700
4580
5313
437
1281
5622
7667
8124
5522
1942
1904
1469
6406
2607
2512
6887
7015
5965
3258
2871
5236
6438
787
9983
9167
1275
8373
3462
4589
1646
5517
2288
646
6951
7481
3832
1429
2149
7091
2393
3060
498
6577
2206
5822
5416
5077
9000
4202
8006
7653
1754
3394
4900
7847
1688
8818
4967
1235
7350
2077
1107
738
3739
7037
1692
737
4486
2191
509
222
6769
9636
9377
589
2180
3543
9201
2214
6970
6960
3520
8120
4069
370
6028
3927
1262
8666
696
1796
1841
462
825
8221
7685
6880
2354
2159
1968
3342
543
5516
396
5946
1668
4715
6721
1451
4625
1830
768
361
4268
9871
6678
6979
852
9752
811
9316
8215
8937
3939
9975
4318
7340
3842
4380
956
1550
1755
4750
2076
884
7271
3412
4148
1350
711
990
3241
1681
3113
4950
6421
8075
9350
3720
6346
5322
6997
276
5711
6224
7889
3189
8612
5049
3636
3754
9617
3283
8504
1096
9978
22
9915
418
4871
3762
7904
2714
8971
1463
5127
5126
1301
3626
3563
2746
3008
6616
42
6198
4670
9671
7394
6621
336
5058
969
4769
1833
3733
3670
2786
9315
9698
2634
2748
5890
4292
6987
215
2489
2188
5992
9800
2562
1788
8757
9319
7805
6669
1487
1412
4998
1426
147
5498
3327
9789
9910
8671
5755
5779
3941
9929
4656
3573
4672
2326
3974
5222
3306
4433
2558
3905
8285
1351
9197
4264
6746
9059
8339
8986
1264
335
1908
1536
326
3435
529
2367
278
4395
4515
7226
3146
4013
8419
4898
7186
8391
1522
2561
8189
7720
879
9858
4396
8614
3557
8186
5959
36
1977
8600
2654
6894
2729
8078
9353
7696
6916
9809
2973
6807
4058
4927
3380
3837
3385
8062
4696
8183
5085
3932
4120
7926
3291
2885
7990
7188
119
7016
4498
183
174
8683
4876
8275
2255
775
793
1971
8000
1448
6484
2530
5069
9328
9457
4947
6762
9114
1804
6041
6728
8345
9450
5087
5730
7820
6702
3856
9821
945
7654
3424
6127
7263
1946
6178
275
9470
5530
5287
4354
2769
4229
9125
3214
998
4730
1395
7218
1894
2571
8290
7942
5262
6032
2478
4794
6694
5188
3188
4949
5514
4279
7834
6822
6792
7380
8199
2629
1491
1825
6585
4490
7665
7126
5039
8522
855
8842
398
8631
2604
1441
341
7695
1809
5756
691
5867
6379
3164
8930
9198
8646
428
7948
5874
1336
6524
4596
8793
3420
4310
9897
8990
5001
7933
128
7873
7983
7153
625
262
3784
4394
582
5524
7165
8190
9962
515
9982
7765
2749
7910
2259
4751
2557
5211
4808
5215
111
5907
5937
8110
1865
368
5483
1407
9582
973
5655
7624
5277
8858
6673
1269
9135
4648
5430
3716
6261
7641
8580
9603
1633
2840
307
6344
7333
4665
4803
1320
5953
3593
1090
4970
1778
7988
241
9053
9965
9420
5970
7423
2001
8390
1316
9510
3679
8879
8195
4368
9255
5054
2136
3099
2198
8582
4479
4497
5066
9873
7267
2443
430
4373
1600
596
91
1176
5629
3023
1660
3488
6764
9003
4897
4105
8382
5037
6035
175
8003
5219
3447
6125
9584
505
8916
9991
5256
3035
9861
1511
6106
3844
9367
8659
1182
24
3033
3176
6059
9616
1645
5334
649
9422
1982
9018
8324
3165
5261
6866
1863
9823
4907
2025
7284
1345
9955
2797
1025
1260
629
3052
6946
7657
7066
8811
8238
554
3524
9791
9257
6
3254
4424
3382
2886
5420
5362
6287
1166
3168
7924
2396
4046
5405
2520
434
5734
1297
3922
8467
9230
918
6778
7125
3621
2028
3169
6829
3299
1905
4743
3953
4886
6014
4563
6493
8351
350
473
8384
7085
4863
7613
8304
5091
5095
2261
3238
6393
2837
1751
3874
6084
3706
3355
5619
600
4731
2225
5920
2389
7310
5113
8178
4321
2978
9878
7518
3356
6398
4722
4432
1677
6485
4765
6088
3990
165
7227
1409
1302
6137
8715
8386
1978
1366
5868
7790
8898
1564
9175
7506
5351
7768
9243
3694
770
7174
4659
2132
9252
886
565
6952
9729
7307
4018
9766
6259
2993
210
5764
5338
899
465
3045
3100
7928
1730
6299
4377
3057
2781
7043
2563
2811
8033
460
7025
6567
7825
3808
950
5146
9884
7463
3612
8549
8147
3152
96
3455
8644
5341
9854
8277
4807
5071
749
5122
3484
2254
6530
5255
507
5975
8647
5884
9477
8912
1418
2366
3213
6148
6387
4698
3982
7712
9977
1340
4788
234
457
1114
8066
3594
9211
184
5651
4175
7260
167
8844
7113
3310
882
9179
7509
6301
8270
3749
1374
5297
5465
9087
3293
9720
1252
2547
4464
1232
7403
3687
8347
6237
7438
7047
6767
7565
8162
16
8831
6824
1655
3702
3337
1958
1027
3529
3549
8889
6870
9758
5131
3086
8885
497
3965
2127
7444
4660
5743
9790
2306
7335
5266
4821
9813
5223
6153
3627
735
1381
9497
6506
2878
5398
9633
4916
4484
17
5653
7181
4706
6583
2628
2308
5708
414
5857
9248
3914
8850
2982
4621
7177
9325
3891
9949
2390
6085
3869
6388
4815
4559
7278
1406
9934
2152
9417
8886
1657
2771
9391
334
4481
9652
3663
9702
3423
4687
3273
8028
2083
2752
8359
8463
7056
6069
6540
5834
8087
2780
2352
4460
9129
7618
7270
5758
469
2104
3432
9892
5825
3440
6817
8598
6298
8314
7342
7835
3748
1167
1819
6289
910
7408
2610
7550
7514
2311
3351
4492
3367
8490
9266
2369
5685
2920
2594
9547
7206
6863
5205
5098
6372
8441
8893
6390
8605
4834
458
9862
8536
930
8019
7975
5387
9070
7370
8635
3251
1936
8822
5739
5919
5864
154
4617
4860
2022
5433
454
803
1033
6481
9261
709
6609
807
2380
9486
7501
9665
7431
536
4521
2819
49
9986
6254
7387
3698
7981
2899
1880
7733
4417
3464
1581
7233
4741
4196
5394
7650
3774
9552
7577
7593
1704
9602
5968
2030
2282
7532
8583
1766
5659
6749
6266
243
6208
18
30
4138
4507
2599
4882
2471
5627
7777
5221
140
747
8
4275
3137
9935
4249
1629
7669
6911
5240
967
595
5167
2917
3323
1714
4031
8129
1040
3615
9364
5603
6733
5301
8968
6674
894
1990
5649
3598
4733
8360
1707
3373
8954
1326
169
3474
846
3903
2334
2027
531
2798
9346
9941
4322
7742
5702
8765
1292
4847
4379
8153
9460
2884
2417
1117
8361
636
5943
4870
2595
6018
9303
2624
8895
1594
4135
9210
9754
4987
7234
1238
3887
3882
3115
9922
2003
6186
759
8106
4872
9541
6828
7851
3915
4389
2925
4503
5851
828
569
303
6605
72
9889
2525
3514
6711
401
6151
4480
975
1251
205
3851
5379
1938
8560
8252
1861
3696
6661
4673
1699
9838
5612
6135
1597
8104
2446
8475
5646
7558
5165
844
9925
2190
4597
544
8574
6903
9196
3205
7911
7095
2527
1853
1689
1136
5400
39
228
2139
4139
8530
3481
7861
8240
6227
1245
2888
4337
4472
4450
9047
5938
6593
77
9006
9857
3745
925
1636
900
97
7291
8788
5172
7701
3658
610
9241
6459
397
5209
1573
6205
4466
4514
5397
3973
2631
8223
8991
3664
7743
4338
375
9501
4777
7402
9645
3715
813
3791
1369
1928
5441
7373
1477
7632
7875
4096
1153
6377
7962
2815
1822
2674
8160
8222
5928
839
3187
1152
6498
557
4639
982
1373
9180
8721
3730
5674
6425
8561
9876
6818
9940
7436
8383
9134
7872
8395
8488
7642
4384
2733
8272
420
5697
2603
9880
7348
9656
5422
1535
5491
3950
8185
9775
5426
8312
5259
1208
6900
3404
9834
7428
3080
2904
617
7767
7223
9388
5253
2926
404
9095
3426
5754
6993
6624
2620
4393
7383
3184
5900
2751
1521
3289
9365
6031
5355
4855
6277
8869
2287
8901
3338
3002
4685
5327
3341
2671
7816
9737
6823
8021
1957
2343
5289
3937
1496
3493
2526
3764
8333
6513
705
7821
6112
9573
4244
5582
2516
546
1200
65
1966
3024
4732
5342
700
5125
6156
1983
6162
8684
2704
4198
2494
6482
6832
320
6848
6407
2915
2862
4053
5017
5901
1953
2883
178
3403
3136
4302
2473
9227
8537
6309
1219
6056
5775
1425
2790
2415
6199
3538
5399
9945
3067
8807
4243
4952
9338
1545
5171
7121
4347
1789
592
5487
3244
7822
4965
9222
8814
888
5361
7328
9524
644
7212
2638
4903
9777
5520
1758
4026
8210
836
1339
2089
9640
6972
7923
4717
5473
9999
8012
504
7245
3320
5584
8407
1140
8750
9061
2173
6548
6169
5634
1294
291
3269
5876
4005
9840
6847
7063
4427
1231
1483
7076
4402
2050
3261
1349
913
9664
958
2423
2079
2650
9145
9273
746
6076
1852
1450
7139
9735
1934
4023
1083
2918
3624
3495
3951
6428
1767
139
126
843
7268
7986
3858
9615
3295
6362
980
5041
3796
1243
3786
8752
7446
5670
8784
5849
6007
1610
2081
2643
3066
315
5082
2023
7282
1532
3349
5997
2143
3853
2989
4313
893
1538
8910
8125
7797
977
4945
7156
4351
2297
3723
4029
4942
1455
4305
4603
2425
421
1562
8942
5445
1933
9459
3634
3072
2378
2953
1939
4066
5045
6111
1177
5371
7575
6774
3236
8760
1812
2931
8294
1285
4719
9728
3838
6163
6825
2768
1814
8577
3901
5549
4177
2916
9192
5848
2588
6927
6021
6231
8962
907
7840
5666
7117
5861
2244
1979
9682
5877
9611
4646
1724
7191
6272
3461
3388
8173
3997
7640
6211
3134
3473
7520
8791
2486
631
820
5791
6785
5139
6307
6215
2869
8350
5528
1878
1769
7684
2909
8567
4076
9368
7681
5401
857
6473
4710
3077
7732
7317
3183
2211
5196
8648
408
4759
7830
3969
1524
9904
6809
9106
2581
4007
6003
6039
4560
8918
9695
1038
6953
4608
3693
2315
5153
4929
5912
7382
6010
9014
2756
3324
1869
7870
8064
7079
5933
5395
9245
3036
9253
2521
7290
4329
4050
8856
4195
5614
4185
1190
2689
892
3979
8151
309
5280
83
3906
9731
9605
5101
7445
2981
3328
2625
4840
623
6834
6757
181
9219
4745
392
7722
4439
9246
4873
5242
2126
4969
7918
5474
1356
7772
5451
773
1744
6285
4774
1009
1872
1271
5872
2005
8433
1835
2722
3300
6461
5118
2580
3724
7807
8921
827
5373
7280
7680
7568
5418
6856
294
2243
3741
3196
6251
7430
6454
2100
4688
9562
7135
7059
3014
6613
7050
8256
4790
3717
6930
1189
5421
474
9446
4984
3475
3304
2357
2545
9430
5906
3574
6453
3503
8824
7231
3881
3467
8972
1551
3486
3212
9209
1344
5323
3623
4440
5260
2541
5845
6464
1466
3401
338
5227
6527
8573
6012
2052
2497
1052
9770
5326
2361
9172
9090
9093
6854
179
5081
6413
1616
7068
1472
9771
862
329
5336
3826
2505
6451
2782
6978
6553
730
1541
7573
8394
9476
4258
2351
353
7763
