1156
3762
3392
2699
4547
9097
9305
3224
5075
3635
933
3966
8650
8429
9773
5307
7120
7884
3617
9516
65
6503
3384
2590
5919
2082
5189
2868
2960
9243
7162
801
3661
6102
6189
2495
5362
118
512
5525
4486
4569
4888
4318
5537
9763
4140
7981
6297
1415
2827
9886
8168
2903
1559
7226
4791
9676
9197
3269
9411
7411
3667
9448
7059
8909
1830
3799
4133
8389
7988
8136
8006
587
4242
6492
3360
4496
8357
444
5692
4353
8101
7691
8533
3473
6578
1441
7834
4980
7711
3039
5122
846
4654
1157
9800
9357
2133
7345
418
2541
4220
1556
806
7987
7061
5270
1908
1482
7326
625
3800
4930
5225
7558
8778
8484
7582
6544
4744
3234
7737
2137
222
6106
6449
9109
2525
5856
6193
6581
1060
3007
9085
7181
6606
1645
515
6706
3084
4630
4234
6547
4020
9466
5585
871
1378
4994
9991
2904
7765
5162
1126
5560
3530
44
1749
5943
734
866
4358
2485
1234
884
2494
3006
1175
1376
9065
8973
9692
4263
5370
5263
9378
1535
9730
254
2246
610
4176
9543
2670
6009
4324
6583
296
881
8833
9114
8194
9234
3129
3014
4883
7363
5381
5161
2206
3409
9066
9597
8890
5710
2550
4746
513
9740
9793
1011
6353
4271
4075
4971
6511
201
6589
2410
2740
8255
3239
6604
5932
8204
3887
3525
2409
8493
1192
9046
9535
239
8406
6379
9642
1023
531
6623
5760
9107
8561
7353
8974
6508
9965
5034
1019
5183
5774
7679
4139
2198
807
6375
3643
4278
3907
5723
7142
4010
6050
1761
7175
3065
2215
3251
8038
2658
7100
4230
9354
7378
4451
6451
126
4379
1416
5981
9767
1707
325
9103
2984
1356
5764
2843
6807
7571
1954
7244
5208
779
8155
6636
2833
1772
1293
6730
7795
4861
6461
8572
4677
4246
6037
4149
5139
3124
4399
5773
6093
6586
1338
6703
4727
8438
6293
2015
4455
6283
6897
7682
7135
6263
2378
6439
3686
5541
7791
551
3152
6368
8229
7668
3985
9246
9697
5144
4649
7928
1492
4146
6682
3789
2878
5766
1753
550
2356
7562
9638
7596
8086
6628
3316
7051
7847
5598
6459
5314
8949
2369
6932
3047
1434
6867
7347
3228
3531
7214
999
6679
6782
5583
2076
2256
7556
6289
8078
8750
851
7610
3970
1339
8307
1531
7647
9036
7831
4507
1386
7999
243
3283
1182
62
9336
5338
2967
8708
7657
6973
7340
4408
1043
4249
1945
8674
4288
9069
6044
5126
344
2853
7896
2075
9178
5840
7601
2580
4495
9778
8868
5193
8512
8834
409
7944
1845
1233
2100
6206
2156
2228
7281
8100
1486
8058
8208
2310
3714
2136
6904
6670
9695
1144
8128
7695
6411
7838
4748
8817
6786
5482
7368
6844
6622
9383
8032
7428
7550
5532
4807
1310
9476
4309
5788
819
5817
3691
9117
6358
2643
795
9393
5204
737
181
552
4204
3427
3952
9300
8313
7001
7775
3570
1764
5048
6767
6155
4611
2342
2069
3003
9882
2131
8292
90
9403
2574
6371
8475
9946
3280
6403
8905
7318
9325
3056
4021
4670
6417
9599
1736
9105
4238
9515
1358
6285
7856
6668
3942
8232
3324
4977
4760
14
7992
8513
8911
6086
8165
722
6313
4686
3843
4523
9908
6550
8962
9116
7
6244
1133
3769
9272
1094
8298
5870
5974
6559
9737
1616
7082
5146
2751
8095
4697
6859
2997
4542
6630
191
1165
3831
4839
5822
8501
4258
8274
6514
3452
2640
4962
4327
6509
7032
5305
226
8404
7064
5491
1631
1747
3155
6057
32
3029
4478
9077
4961
1624
3573
2780
4757
4063
1259
8664
980
3594
3996
5371
1974
5563
2686
763
2275
5609
9440
1964
1693
7191
1369
7303
5154
8167
1224
7164
6874
4426
9780
5103
5542
313
7469
5276
8956
769
2972
3591
1355
4060
2238
5345
9160
4934
8781
7039
2928
7494
638
5508
5908
1615
7272
1122
6759
1996
2486
2705
660
1575
1644
8240
7228
3237
8340
2627
1353
3756
2106
7941
2566
8262
7503
7532
8851
7753
7460
9334
8564
6335
6876
2858
6150
4056
941
9441
4395
6414
6454
1476
208
6272
6847
8456
7952
6634
194
4504
5104
7697
9847
3416
3760
3559
7141
7728
4296
5927
6675
3695
2243
9742
7461
2139
4575
6888
6607
4756
6021
3717
448
2573
1422
9655
3743
1326
3135
5944
8598
9308
7084
9264
5443
3713
6456
2254
6301
2505
702
5967
3488
5093
3512
6078
6179
7150
7811
9340
2030
5818
1330
8123
521
3034
8517
8073
8093
821
6749
5178
2249
7439
3808
2983
7967
8448
152
8659
752
7911
1961
3353
7636
8875
3276
534
9312
4413
6648
5636
7090
777
918
9668
9315
1389
3795
9455
2074
5110
2567
943
7673
4578
3780
7990
4411
8536
7356
4014
3094
5351
2710
7071
2402
7878
9444
535
885
7844
2999
9342
1801
5694
2623
2741
7268
8358
4352
6731
8124
853
1475
6256
7942
3407
3001
6593
2891
5175
2673
7319
6348
6566
1839
1757
2852
7248
7519
5907
9628
6774
5936
3476
4409
2587
4206
3681
2530
9147
1656
8156
502
3329
6219
2726
4628
7151
3654
4783
1370
7427
3176
6478
6738
9371
59
5177
4317
102
9489
499
4375
7366
3369
2888
2517
9111
6405
3267
8246
2990
4599
5377
1643
1824
4665
1093
8482
2509
2930
9293
1222
1682
4984
5167
5717
7070
8799
8060
4798
3555
9389
1840
1314
6251
1357
9432
1361
3061
3149
9612
217
2996
4598
3319
1889
6582
4086
2260
4660
4549
8787
7079
6499
9060
8360
5666
6998
5571
6833
1922
9187
3794
6367
6753
2460
1306
279
5281
7337
6228
370
7224
5638
6145
4306
9797
7631
6894
3405
299
4847
3202
4421
6292
9024
1230
2724
2528
8243
9112
9658
382
1655
1526
3060
1828
8121
7354
4015
6422
1290
5435
9805
9918
9568
4618
3376
1612
9302
6424
9121
3702
6513
6015
383
2761
3359
2585
7634
9850
1414
5437
2804
3798
1418
2261
8289
3884
6806
420
8786
540
4725
4805
5296
245
5590
7506
9589
8694
3415
6111
334
8998
8777
7227
9707
3548
2814
6223
9888
4693
1651
3516
3098
5064
2947
7186
3472
4595
1282
414
8411
9143
9335
7590
1622
2860
407
3510
671
4829
3962
3453
1431
5947
1680
7242
2707
3639
2519
7874
8656
812
30
7826
840
5531
3673
3616
6441
6211
2458
4337
6645
504
6510
2513
4862
484
3142
6602
835
7858
4702
5356
9040
8163
4951
4956
6167
9282
1890
4174
3665
4417
662
2902
5492
355
6537
52
2072
6326
2788
2038
6608
7963
9435
2982
1534
3414
8382
6792
1551
4594
7239
4189
7643
1255
3930
6993
6421
9640
7131
5646
5923
1047
663
2970
8294
5319
2179
6861
9381
6262
3502
506
2054
6017
7315
2229
9171
9204
5889
7443
5673
2790
2284
5971
9876
2138
6327
2695
1917
2731
5627
4591
1657
963
4559
2730
5949
3625
9539
1986
2959
2407
896
301
4537
2749
1703
4974
7979
9815
9580
8897
3223
1719
3511
616
4121
5754
1552
6857
369
4235
5100
5320
7977
8801
2929
9822
8528
3400
5615
3254
7863
8498
608
9530
3137
2849
8083
112
7664
3479
8188
3583
3978
8839
9039
4427
7762
9649
4751
6287
7969
5411
782
1794
4266
634
324
4680
3997
3600
7525
2023
8010
6133
7817
3273
71
6546
3920
2065
2347
9686
337
9184
6246
1428
1848
8566
7425
4087
6787
2899
7710
7295
7136
5591
2262
2350
514
5852
231
3068
6892
3850
7361
225
876
8453
967
8848
6839
7450
7429
460
7602
7598
9738
2040
9869
7474
2615
8769
9818
7995
2263
5654
4615
9660
7627
5479
8146
5660
2294
4941
9631
7991
4129
2958
8632
4169
6034
3817
6563
2595
5096
7168
6438
4881
9890
665
5995
8722
7328
2234
2200
5516
8247
4510
493
3205
53
7693
2634
8377
7424
7038
7344
308
5826
5425
7342
8714
5686
5715
7846
4336
7502
2016
3637
3797
3893
1218
7387
9094
1207
7921
5205
2034
5682
5639
772
8278
9410
3260
7189
4912
8691
4178
300
9365
1577
7750
39
336
8734
5209
7036
9811
4497
8713
5512
1336
6243
1328
9906
8065
5251
4685
3300
8089
104
5707
6930
9138
4067
9964
8791
7853
9566
8368
9659
1798
6984
6838
1955
1885
8936
2421
974
5280
4341
4168
8199
168
832
3241
1320
2715
4145
8588
9428
8040
544
6901
2182
7912
6627
2448
579
8847
4419
7041
1619
9694
8623
2508
3197
8935
2159
4472
6006
9479
1620
5777
3482
1815
8132
857
562
4583
7407
9450
8276
3768
7382
6003
6551
5736
6450
3847
7933
3534
9569
5134
6873
1977
6791
8068
4633
2754
7642
7954
4316
2083
9827
4858
3019
4084
7649
3173
8394
2611
4610
7481
7365
8451
8326
3629
2398
5284
8920
2464
3902
16
1143
1837
3293
1220
6265
8745
8009
7423
9808
2193
4945
6594
7783
8627
2832
439
9132
3279
8337
2457
8108
7255
7262
5922
2766
3567
1331
8379
6116
6240
5292
6519
5988
5194
9355
850
4820
8522
3343
3250
6735
6653
7052
5681
2286
3208
4298
3489
8792
5931
6122
127
7871
9260
50
2157
1059
4362
7923
3307
1346
8742
2187
4855
878
7848
1215
9485
1774
4448
6644
7320
6763
5461
8675
1404
7475
7062
5480
8719
3615
2425
6472
2536
2429
3732
6977
650
4970
2400
2760
9088
759
9497
8261
3306
94
67
738
936
7543
7092
1802
9617
6183
3683
6758
7055
7273
8310
5674
5295
5424
1061
9400
2779
5049
4378
6388
6342
3944
1936
5228
4401
467
4585
8732
9848
1970
6577
2887
4247
5955
7836
7117
1245
9750
8661
5240
1598
583
1397
2317
2247
4673
17
8878
4066
7279
4441
8226
8327
6530
8795
6222
3501
3765
3238
6780
6101
1096
6659
5786
8041
6536
7683
5644
8388
6981
7198
2650
4126
6412
7332
5695
9349
2102
5384
8537
1546
6096
5016
6913
8403
4274
1275
9392
2869
8652
9701
6991
3344
2235
3991
7796
2095
3468
9033
2551
8479
8971
1522
8666
6805
3848
1377
5678
9442
8436
2382
3950
2197
8094
6755
4171
4290
7648
2649
8023
3351
612
8000
3776
7148
3317
8895
3154
3579
9648
9756
7096
5718
8014
6239
1173
3860
3751
7628
256
4292
6271
8697
9741
5405
5316
1521
6760
3627
5063
7341
5286
9394
9902
8647
3050
2492
9004
5001
1966
3113
1709
3235
2331
6557
3623
5089
8393
5587
9559
7526
9586
6435
2953
7825
1525
5293
5540
7873
4482
7512
441
2033
1920
2070
9913
1197
5199
7767
6868
6482
5165
2299
7901
3894
1549
1380
7889
4821
6031
1341
4434
833
9910
6356
5200
5877
3272
9372
2564
5471
3081
5438
5389
5553
3089
6776
798
8015
1825
3710
1387
469
6890
8374
4692
7397
2221
5500
1017
7837
5106
7865
4957
8946
5803
5188
3090
6887
8181
197
679
5260
1106
7466
6635
1187
3046
8514
1166
5939
3869
1751
8117
8441
6640
6837
7924
3793
8773
0
365
7759
6963
7416
2125
6656
4952
8016
2277
7182
7432
146
7792
2212
9870
3753
8663
776
5121
203
1587
7350
7158
1132
1569
3012
2521
7154
6598
2148
5520
7270
390
5613
1420
9283
1113
8025
461
2728
6061
5899
1101
1701
4885
6875
9603
5321
1933
8492
3989
8365
682
9992
9531
7222
4319
5327
511
6331
3868
4573
3028
8130
1983
1744
9366
262
4392
9760
3987
37
8673
7940
7063
8141
5649
7431
6268
8164
4340
5470
5275
361
5964
7160
541
4313
4644
1860
1024
4374
4939
5261
9244
1960
8177
1715
9193
5274
5846
8120
8870
9462
2770
7400
4076
4808
387
1487
4342
9532
520
9093
5647
3658
8711
7139
4639
6245
7286
558
149
2248
5529
8721
9696
3350
1755
8069
255
5341
5355
8759
6674
1800
1110
2800
7140
4634
1529
9770
2642
494
6915
6865
159
293
7542
8380
8504
9853
7372
4868
7975
13
6928
8347
1435
1413
965
8543
4753
8193
7540
6612
148
8267
8421
7949
8578
5138
4806
9545
6192
9734
5912
340
5379
6657
6870
4502
3225
2237
4891
8506
9237
9646
8256
3204
580
6498
1689
5853
5315
6741
1050
1478
2784
2763
2638
5987
1630
1398
4115
5496
61
1987
4996
5569
1286
1602
5917
5722
869
8669
7774
825
8190
4222
1485
2470
4637
1725
7927
3522
9789
3441
5622
6321
1250
7877
3645
8420
6149
5838
2404
1629
2502
8861
3670
6912
6579
2104
7551
6464
9030
4119
5841
3520
6803
1735
8915
3748
3636
859
4716
7352
6030
3660
1621
3328
8183
9063
163
6081
2048
2190
4059
3994
2532
6872
2925
3366
7014
1887
9007
9555
4090
360
1867
8960
6854
5703
7374
802
6097
3601
5781
7293
6785
3788
7760
4123
6230
8148
2168
7241
570
6570
7699
4396
4192
2877
8003
7614
6062
8084
8558
5487
780
179
2004
3227
4380
5920
696
8070
4125
2098
8534
5831
4151
7652
7619
8930
423
6697
2756
1589
2897
7174
1727
4203
5568
9999
1457
2863
6469
173
9997
7324
4653
5545
3430
6320
8906
4475
6699
326
7910
7712
6404
5456
1918
3292
2050
8166
8683
8948
1943
6477
6204
3607
2292
9619
8992
4050
8407
1967
2653
6951
9567
2216
1332
1071
7630
4270
2961
2824
3191
5361
2041
1147
5083
9029
3310
509
4363
1949
2428
1021
3134
9766
224
603
723
5457
8679
7488
3195
5237
4841
9927
4035
8200
6658
3634
1779
9727
2196
5890
5790
8170
9287
1091
714
7040
4609
2589
6051
3514
3821
3932
4368
3846
6688
8838
5744
2516
3162
5916
1116
2789
9319
3612
5432
2994
7498
4463
4034
6595
1130
956
4831
5206
2210
6001
3998
1625
4422
7821
4215
3345
4979
9225
3922
8783
321
1391
2385
8354
5820
3363
51
9206
6961
4795
2111
1980
177
7523
1940
5029
1502
3956
2548
9265
4577
1365
6811
258
6816
9810
2028
8376
548
9536
5886
7685
590
9528
6476
2828
8997
4332
8881
8983
4999
2856
4972
5020
4749
6884
8319
6746
5757
1323
5868
7313
2366
523
2308
5687
7930
5014
7442
1136
4535
7722
9437
2964
8125
870
1903
2027
2691
811
6143
170
4360
1673
9118
6625
8616
5262
5828
2170
5745
4589
5896
4051
1692
5097
3515
9207
5495
8685
8842
4508
3517
178
9449
6882
4552
1968
1483
8090
8056
6694
7651
1858
9633
7520
6333
2418
1098
7468
3626
9627
804
9652
4030
5960
5451
2293
3804
8254
9557
7757
5942
7529
7113
4694
8113
4112
3959
1208
1542
3707
5946
305
4023
5291
4787
323
829
3859
2936
9000
7153
5332
3313
6351
6790
1219
8111
2721
6784
5303
10
8548
1026
5052
6323
4032
3231
9472
7462
8414
6419
2745
3321
2533
9159
4093
4969
42
2207
6836
9798
7810
8978
9473
249
9551
1992
9031
6274
8338
33
3248
2340
770
8793
4541
9083
6020
6140
8668
6065
8135
5969
9054
3597
4681
2703
8715
3896
6406
9571
2635
1028
6752
8845
1108
3687
6114
9343
6681
1490
2454
6665
8910
2319
9794
2980
7233
1506
7348
2001
5215
2660
8565
6626
3716
2847
1243
9279
586
1669
3803
7409
8821
2725
9255
9739
5963
5002
6941
8794
1962
8670
8109
9470
3558
5725
8872
4223
7660
9911
3456
3026
3827
6832
5965
3891
9689
7854
3638
4909
5930
6276
775
7603
8608
3581
7730
1557
5069
5892
5497
9977
7479
280
5772
120
9626
9454
6666
686
4339
4521
6188
4730
8364
9508
405
4988
7215
2431
5469
4825
3912
8693
1681
3773
9674
6381
3532
4027
3404
7187
1658
335
1448
1494
5505
3158
5278
5198
3523
7586
3076
8397
1438
9564
6400
8814
4269
2018
5731
7756
553
5231
6147
4424
5648
7841
6156
6332
5130
2298
6584
928
3777
733
7302
345
4558
4193
8110
4389
8798
1432
75
4859
8638
5845
2813
3855
4291
9613
6799
9321
4875
4132
4299
6775
408
3614
5119
2676
3288
3541
101
7721
6605
7176
5368
5584
7418
8887
3448
3221
3341
5242
2881
2044
7240
2884
6952
6273
492
3554
2415
5285
7869
4469
692
1711
6851
459
7880
9151
6178
6131
3770
5136
5589
4548
2711
8150
4232
4641
4494
292
4091
8234
2924
2046
157
8444
2921
9684
5181
7005
2934
327
962
3069
7330
1347
8019
988
8497
6174
5829
5767
1253
1985
6118
8525
3083
1324
8849
4940
6138
4410
9504
5763
4102
2845
6175
3995
2307
800
4932
9841
1006
4955
5114
2195
3858
5383
3504
8982
9749
2055
3888
8028
5985
7508
3371
9086
7021
2570
7895
882
4778
5254
4822
5871
2456
9950
7441
1405
5046
7446
2427
1696
3806
6186
1238
1005
7405
920
1958
4275
8295
3568
3186
2316
6416
1504
546
6949
123
2305
5839
1138
5761
4524
508
5741
3240
7851
8529
9897
5137
128
1975
45
8724
1252
2855
4823
5135
585
8989
2244
3362
8810
5071
7500
4302
8782
1716
1730
2945
1640
8726
4538
1065
2723
3750
3255
9221
9227
6346
9382
5650
9027
925
1400
9939
3066
6190
5787
3462
5641
5632
990
3669
3301
1409
3167
3054
332
1052
8044
8596
375
2850
6390
7383
5196
6089
2619
4606
2295
3487
9713
5797
2478
5900
2758
7554
4011
654
2560
7122
2875
2578
6048
3451
5428
6945
4466
5414
9835
6098
9330
6134
7815
6010
5691
1796
1443
949
5656
747
9575
5369
4899
4049
3914
8375
5406
6956
8754
7137
298
7917
2321
2352
6269
237
6996
8071
3915
3459
934
464
1907
3200
4636
3187
1785
4277
1603
9231
1053
6376
1371
4724
7743
3834
2607
1547
2757
3020
6843
7391
2974
8214
9273
6070
5357
2520
7375
757
2693
9967
7830
7973
3474
9101
9488
8655
9301
1211
8523
3107
2969
1667
7134
4518
7879
6127
1436
4526
7037
2403
8048
6526
284
8815
7204
3271
6975
6043
9834
6641
9263
688
436
7914
9015
9124
9173
7267
5688
9140
989
2859
2545
9280
4471
4944
8361
434
2114
6742
8570
1781
8908
5
4662
1972
6428
6724
9106
2335
564
4329
9948
7413
721
6841
578
5702
6139
9298
1151
2801
6429
7212
5866
4480
4586
5765
9934
400
3668
4036
8615
952
5423
4272
6339
6727
7098
5005
9309
6917
2526
4077
901
9900
2329
8381
8621
8772
5729
9647
5439
5182
9503
7449
6295
3182
3190
3157
7781
3910
7496
8286
5683
9722
4726
5607
8803
8972
1031
2361
7822
3274
9728
3828
8102
2203
543
7336
5498
9983
983
937
1817
6523
6576
3819
38
9145
3878
261
8046
6824
5851
9719
7516
9270
2529
4571
5233
838
2610
2781
9078
7177
1928
7458
8191
5782
3161
9671
1941
1149
7280
6126
9672
1161
490
4004
4069
5518
5510
5223
5324
5887
2184
5972
7862
5449
4849
9153
9525
6453
518
4304
4919
1678
3326
9509
7491
9943
3981
6942
1069
9618
9254
6466
4387
3443
6922
475
9925
2124
2236
2512
3445
4627
3023
9099
4435
8672
47
9152
7430
1444
6058
6796
597
6275
9960
5448
9257
7663
815
6800
2113
4923
592
9846
633
7968
8699
2690
453
4099
8049
4289
6448
2313
6842
6005
6117
7264
765
3754
7250
908
5124
5273
916
172
3059
1738
2747
1301
2594
2222
6236
3785
7555
4432
613
2488
2871
7666
5297
106
8173
7686
9561
3693
5148
5634
2208
3413
9425
3334
3174
5503
3199
4026
1493
9984
9748
6215
629
4506
315
2861
8626
5511
5412
2186
3919
1419
7584
8075
7681
5025
9467
977
2334
220
7779
1315
3982
3480
175
5213
4982
7511
5827
4006
1362
7772
1826
2836
4402
3856
9233
2209
5698
716
8424
3373
1034
3233
1834
3352
1248
8205
1866
349
9333
9520
4394
9128
791
253
236
4645
2664
4236
6772
2105
8367
2543
8774
5373
9801
9865
3709
5739
6366
1855
5554
4218
8829
5481
8648
6504
8618
4707
1072
9715
2480
7840
8395
7784
4964
7640
1733
3357
9034
6638
3692
2777
7886
3538
7277
2375
7907
6385
180
9630
3444
6667
193
4499
5216
7751
6056
7308
5810
8611
2719
3574
4895
944
4148
9492
7080
4652
9422
9452
8088
6437
1194
4590
9926
4772
7589
1895
1201
8476
2253
6334
8105
2817
3112
7263
437
8314
8140
4832
9484
6983
4948
6524
2943
8408
9651
6553
3705
4181
5422
6032
4683
9526
7692
3150
2073
8712
389
4987
6260
1914
2539
8458
731
2497
4522
1712
6715
1048
9339
1870
5450
2547
6391
7635
7591
955
5958
9688
6950
3697
8251
5257
318
5605
3252
6064
2123
3284
478
2822
2006
1514
8987
397
4750
8680
3419
4607
4747
3631
3085
5561
6433
6205
5147
2514
7823
1025
2167
1262
8012
1205
9358
3437
6443
422
4474
717
1044
4454
8063
6374
2584
4908
6512
5429
8854
5791
9367
6745
6077
4225
8230
1049
6558
1309
7107
8471
1956
4626
7035
7338
6242
6059
5109
6194
4695
8174
5055
7247
26
8625
4711
1042
3940
5801
5336
8631
1212
1690
9014
5714
4616
3147
8472
903
1686
5294
7188
2461
1193
1499
7993
8152
1267
7309
8202
8218
5300
623
6338
1237
5342
7317
4938
3275
7769
9075
5884
5277
5652
125
5980
2232
6357
5825
7211
8185
5486
8765
8175
711
5107
8157
7976
6770
7243
3876
5898
5018
1973
9746
3575
7545
8633
2841
935
2296
440
4761
7197
8039
7220
8700
87
2188
7452
1524
8955
4513
5378
3253
6855
8892
6063
9761
4643
1216
8560
2582
4896
5333
5953
2017
5684
8339
227
6957
6848
7741
7654
1593
2419
680
5938
7327
5157
9874
8013
60
4635
8789
2270
6664
271
3592
8800
1329
5420
7805
5408
8353
5807
7705
2752
4927
6480
5645
7748
6259
5570
1919
3926
2392
3015
5395
7091
1496
2708
2301
4733
5778
8952
9817
1055
9949
1636
5633
3621
1288
8412
3646
5689
4509
3958
4284
9585
244
3428
6878
4097
8490
4827
5312
2051
3159
7749
4947
8162
3954
1892
4826
2219
8391
3492
6162
8219
1896
6891
669
3077
9188
7997
8710
6933
1528
741
7925
6153
4216
5350
4388
3632
6615
3633
6082
8975
8052
238
310
4963
555
913
200
8535
1367
756
5086
8811
2312
8299
790
2939
6520
5396
7676
9982
4018
8460
3536
4082
1466
5875
9200
4534
8239
6427
4978
7307
7726
1018
6490
4771
1877
724
8739
7321
3960
1277
9346
3851
4282
9829
5465
3320
8607
5217
5924
9434
153
6810
6538
8
4038
5044
3230
2134
4903
675
619
914
5218
3651
230
2446
2471
4483
7989
5388
9433
8008
8932
3685
1971
4357
1670
4046
7109
6258
8569
7294
3184
4873
1030
3011
4834
1087
1520
5458
8970
2647
3348
4625
5004
4186
1910
706
6298
1500
1189
6184
1449
2593
4869
3935
5494
9391
9596
4124
3004
5857
5957
6440
3417
8532
1766
3080
1351
6528
9141
8862
7213
2737
6408
2391
2181
2437
6708
6012
9306
9821
7724
6249
3336
707
5464
3983
291
6254
3008
8201
2783
4968
4816
9096
8454
6104
7184
6750
5743
9318
3852
1659
3547
358
1789
6494
4735
1902
2657
9920
1272
9414
5759
473
6830
6233
1403
9156
1775
4874
5131
5630
2176
2094
3925
1683
4511
6716
2245
7776
7800
2031
9052
7343
6534
1164
8002
8738
2479
1439
3171
4008
4562
2441
7597
9541
8341
4371
4840
2085
5045
3824
9073
6324
1318
8236
212
5445
9634
2192
6455
8518
9327
1726
5447
2426
975
843
7292
1884
424
6312
2314
2490
2481
6225
7786
2748
9375
2363
3429
697
3461
8029
1407
7495
1152
1289
7201
9953
547
2367
7020
4779
7093
9429
2274
4048
3682
2846
8888
3813
3206
5392
2442
4167
3738
5318
4450
5299
9167
1752
9249
6115
3854
1463
1488
7169
7453
6209
847
7359
3746
8830
5105
1092
8217
9299
4671
645
9009
7861
8220
2145
8542
4797
5164
7936
5712
4706
79
2499
7261
6402
3521
8511
4540
9549
2223
3590
6652
5190
2126
4587
890
9664
762
8737
7891
8831
7115
4765
4742
1402
8509
2946
9962
3214
7972
6216
7472
4224
9213
1223
4369
3160
6072
6541
5019
186
1911
4377
9026
3297
7285
1536
55
8455
993
9675
5082
799
750
6686
4764
3684
9426
3268
2716
4553
4515
2155
5701
8959
7287
3295
3367
7641
6613
2626
3262
767
3957
2180
2067
1437
3431
5364
8747
589
5816
7885
4492
4762
1906
4005
5269
6572
3364
8947
7892
1128
9405
8461
4568
1016
8104
6568
1337
7026
4430
7047
183
887
5366
1204
9370
1268
3749
4404
7962
6431
278
4201
1921
8355
565
2103
8640
8771
6173
5156
6515
4954
848
1423
1004
8431
4886
6066
2021
8385
9717
2473
4110
9709
319
4052
6369
4851
7398
5618
5546
6529
7832
4892
8241
1567
8899
560
8980
8546
1576
3928
2359
7738
3151
8369
6084
9679
4617
9291
9681
7410
5076
1558
8898
3580
4154
9424
7471
3599
63
5248
486
6123
1470
972
5040
7706
1582
2820
1256
2979
3121
3002
7447
6213
1823
7575
6046
5288
4364
1610
7600
7809
573
8510
816
3192
9932
828
3647
1012
1863
1295
4400
7103
3506
1562
386
2115
2825
5401
4614
3540
9654
7417
2733
4918
4484
8257
3543
1765
3356
3503
3605
5711
5968
8954
3117
4444
8524
223
2948
9057
863
429
3460
1702
5021
6309
8958
2762
1089
8021
2651
1022
6465
6042
9222
774
4
2933
3849
8951
3606
1368
2202
2396
3802
5374
9523
9258
7478
4064
2962
7463
4983
6286
6094
9685
1134
3486
4512
9420
5993
2753
8291
2671
2058
9928
9845
4198
8809
164
537
7349
549
7804
364
8823
6049
6527
9942
7780
891
2112
2922
4287
9242
1462
1679
8574
7377
2121
5111
3704
9164
7576
415
8372
3102
1697
8926
1316
9209
836
3734
9478
3602
4687
875
9172
3212
3725
9922
7030
7827
1181
917
7986
1939
4981
9540
5499
5169
1067
4152
9989
2272
6284
635
8586
4505
1812
7278
6828
3663
8996
4372
7729
9130
5940
8995
5477
7386
7426
5239
4802
6736
4601
2639
4580
7714
3963
3338
596
7876
3106
8859
8470
6305
557
3266
7849
2935
8187
5679
8483
9899
4647
3628
7893
1677
2735
357
4406
2265
8856
6281
9558
1064
4172
1381
2714
1393
8916
5400
8184
2348
5547
4312
3733
3988
2185
5098
9456
5072
4539
6691
263
3411
6290
3420
8259
35
1294
9624
4187
8515
2161
4245
9245
4079
6567
606
1327
4440
2218
681
8938
9807
5444
973
1578
7456
4334
5748
6328
9377
6004
5201
5573
2036
5962
5171
9657
3899
3680
582
9505
5476
1883
9439
8716
6277
5036
6475
672
5466
2677
7680
9978
9903
3941
3696
1199
4890
7033
7788
4348
9316
4600
8541
8007
7046
3397
3289
8331
2011
9297
6704
8248
9994
3815
4669
865
8994
2220
9774
58
1104
8213
7485
8443
3064
1142
1937
9678
4416
9267
7145
3073
6562
3116
5399
6603
4824
9828
7665
3973
1298
9606
9643
9211
7045
1810
5322
7403
569
4570
6180
4393
5041
1767
2834
6714
1451
2374
372
3179
6452
5564
8595
4147
3782
9682
9769
5003
1266
3322
3133
8545
1425
3787
9135
9084
9274
9816
7015
3911
2171
8005
8316
8082
2917
8402
8999
5287
9666
8061
2343
6974
1511
9783
1508
2483
6794
528
8392
5310
1850
9714
4438
6401
2432
9859
2620
8507
1984
2992
3644
410
8662
2652
6108
3551
664
2799
9486
2399
3830
9390
8813
9446
9005
396
7489
2732
8943
3057
7745
909
9409
8133
659
7777
6717
7200
8450
1120
6522
3207
1317
8266
6994
2009
1235
3449
373
6827
4986
2024
7971
8159
1183
6525
6195
4533
9344
6548
1924
1857
9071
7509
1421
9609
3302
9622
480
8984
6299
6762
2559
5033
1912
3426
9038
425
7684
1821
8516
3969
8551
8235
6253
7128
8317
1340
34
906
3883
581
8211
4914
5484
8709
2315
4773
8178
3825
8371
5999
8127
6238
4250
7945
8634
3372
8923
4713
7755
144
5614
8092
566
9552
6329
9547
7230
3219
2395
9431
2688
7006
3964
5894
6590
1776
5203
273
4037
6804
8852
9430
4446
5973
2802
8126
6972
9607
8027
5346
8154
6467
3689
4813
8077
3719
5038
7108
6655
4682
5234
7236
3340
4135
9988
2510
5328
561
2090
435
6633
6137
1553
4959
1242
1982
2354
8494
2061
3648
9218
8812
4111
2576
9758
4848
48
6924
9379
267
9175
2701
959
2600
6571
1509
9070
7707
7467
516
4624
25
2515
1374
12
6601
1998
161
5163
4894
9095
9185
5611
8301
6982
9202
5524
9154
2727
7085
1699
4100
2042
4237
162
19
5453
2669
9214
9459
9501
2886
3485
3890
3604
9605
6879
8250
8941
2191
3391
5599
5661
1846
9836
3677
3145
6318
9563
5317
9608
4620
771
1099
2468
4887
5013
2798
4040
2692
845
2942
5796
100
5935
6384
8401
7510
196
2672
4935
1491
3947
3470
9120
9047
9577
4464
5824
8594
1154
8342
6060
5187
1379
9929
1307
8463
7702
1102
617
5053
5024
1665
9310
3247
8784
4663
7720
2279
2326
1385
6501
4794
4233
1135
248
8602
1808
678
1236
6300
7798
2734
526
5699
8099
740
6341
7334
1835
7801
2892
9581
7155
6125
2609
5403
174
7926
4623
1661
9275
8449
7314
8017
4817
2175
8934
7814
4661
2066
8733
1000
5210
2636
542
1172
8825
8749
1169
9290
9698
185
8215
7549
9469
720
4407
1322
7690
4120
2339
167
6306
5150
9771
268
4905
4195
7808
6361
6701
3298
2862
6024
2064
1523
8418
4359
3542
8318
3436
6307
4262
966
6231
8062
9447
8387
4428
5222
2093
4809
8933
2433
1082
1979
9271
2333
7671
7970
5902
9803
4877
7271
1468
242
3715
393
2183
5675
9912
7253
6315
1993
7065
1748
5685
4966
4397
8332
5372
2477
2005
3232
7675
7379
2463
5956
3867
4943
4096
1959
1653
9419
7116
559
5238
2110
6696
451
330
4254
4880
8804
1758
205
6119
6616
6663
3562
3308
9588
5056
1260
3747
2883
1601
4782
3730
9645
8422
4244
1140
6130
1969
5185
2544
7146
2807
2177
3198
2864
8855
5509
4920
9012
4489
6610
8677
7794
7202
1348
868
982
7057
5854
4532
4514
6075
5676
5170
7947
4241
837
5090
1319
5256
485
5850
7904
7561
4975
7256
6486
7820
2049
5078
6279
7894
9460
5909
5558
6395
3552
2646
3546
8116
2713
2096
8735
4248
824
4457
2357
7497
7415
3652
4768
9839
9824
677
2523
4701
4155
4997
3270
3358
9253
5118
9019
1456
3984
1963
9042
9215
7210
6619
5394
7077
4774
302
9241
378
6829
8914
3556
9963
9961
9955
1114
9891
2353
1459
1647
2986
584
3304
6407
8696
4699
7069
1180
6196
8496
6344
7625
2540
8481
3136
9629
3063
3096
3759
1300
5740
3676
4582
3342
6960
4734
4452
7274
9826
6360
3593
6053
8452
8051
182
9326
228
783
2172
6654
7009
1724
4012
187
6462
7003
8757
7245
7291
7192
5837
6813
4194
3464
5603
1592
1759
979
8415
6712
7199
9860
4163
7782
1257
5473
5705
4202
827
5068
2372
2750
342
3183
1568
3049
9089
5348
2621
5735
1198
6918
3177
2068
1618
4445
3457
9408
5212
8264
6964
4479
1650
9601
2914
1001
3215
270
4767
5385
1461
1129
8469
4118
4667
1807
9239
9924
7094
2047
9895
4159
6425
6121
4893
8863
2160
6187
404
9028
5452
5651
2489
1901
7890
8445
2053
1660
7178
9615
1596
498
4666
9570
695
1333
9136
4867
7223
2466
852
2290
3986
1585
4487
6018
6720
2099
7669
768
3229
4784
5266
632
5624
8033
2278
9445
9687
1555
4758
3903
3513
6710
2259
4281
9350
614
4384
9451
8271
6611
8258
5306
9483
8925
5009
5050
7025
9412
5752
6725
2166
4902
904
7938
4844
5593
6288
82
2338
2506
9753
2440
1737
7476
7445
7501
5434
3303
5042
8323
5219
1507
7044
5602
8344
9020
7012
379
773
3038
2089
5433
841
6420
2778
5708
8965
818
5844
814
8858
3679
1770
1070
5207
2674
1045
6232
9376
1056
5792
1852
377
465
994
3490
9877
5483
7105
4092
1827
9194
8103
232
8285
7626
7311
6502
7980
8287
9281
9855
4468
2524
1388
240
5617
7548
4214
5129
8805
1684
307
4830
5756
2462
7835
2189
1364
7632
1538
4684
6248
4131
609
9838
8245
9970
5168
4470
1177
6507
5543
2792
1366
6409
1642
3339
8325
7088
4128
1791
6343
367
2465
2332
8410
556
7734
4603
3672
1263
7172
728
8758
6748
1249
7401
2393
9636
7412
7126
7915
7399
725
607
8383
452
5948
1020
8189
7620
4423
6881
2628
2954
4551
3880
2002
5860
9468
1698
9161
9072
7868
4928
6783
2894
8363
8153
5842
744
9174
3439
6110
5022
2355
3783
8576
1871
8988
5084
6521
3772
463
5970
4055
8613
653
1786
5914
1287
1721
7644
984
1675
6506
7171
8753
6128
1790
7535
2043
2007
2808
6496
1898
6886
2668
413
6818
7312
902
3731
8571
2118
5659
3931
78
8969
1100
4712
3990
981
5635
7147
297
7101
8228
4723
8606
4696
8563
5642
5770
6788
5548
3967
4621
147
3385
2276
6234
5397
530
8591
4655
3332
9785
4889
1261
1865
3309
9644
9186
2057
525
7546
3078
5719
1740
8585
503
5359
4819
8352
6372
9507
1453
3217
877
2
4231
1382
7850
3853
8343
6355
3744
5530
1742
8409
8604
1228
1276
3837
5339
1505
4283
8209
4338
1303
2900
5566
3037
5861
9806
5709
5441
6095
5442
4793
1127
4226
1957
7812
2796
6445
3857
133
6071
9587
6039
1581
9
31
122
3781
9792
8242
4931
647
9191
9146
1284
898
7007
9208
3678
3131
4197
5921
3906
482
27
7056
9474
4219
6226
7251
6617
4926
3246
5996
8836
5880
4256
5575
2546
3822
910
5549
5488
7465
2493
6560
5125
2744
8575
8579
1344
822
431
4629
6751
5677
574
4516
2250
3075
2556
4574
6016
2413
8741
2622
787
5758
4420
8599
1041
9398
8423
3381
9091
1039
3690
1580
2955
746
3125
2504
5789
6181
6543
4563
2920
9064
761
2738
948
6235
6795
2987
209
7732
9825
5671
4789
820
7370
9045
1311
6264
718
129
5755
8922
1131
3838
4715
5334
312
3761
9579
8279
9854
4437
9332
1010
4331
5574
9665
2965
4906
6921
6203
9951
3088
8690
7618
3211
8917
1171
3929
8866
858
1926
7482
8309
4345
3918
2865
6447
4065
6516
4381
213
432
2351
9843
6011
4743
195
3395
545
1190
2143
4433
7633
4199
8818
8057
362
3564
7872
2255
7778
1762
2876
97
5577
7565
2416
7958
6846
6076
5344
495
6112
968
8879
3974
7369
1107
2717
2132
4780
4376
4024
462
6831
9457
5984
6340
7785
7524
7842
8322
2812
1159
6896
7701
501
260
6643
9538
9320
1813
855
1
7433
6047
9712
5382
5928
7713
5226
5620
8554
1145
7060
729
384
2142
2117
5716
4130
2998
4929
5872
4142
7909
6535
5804
8080
8645
6877
8268
3698
9499
3943
7903
6237
7023
8333
2995
4182
4116
9931
1595
8538
7566
9726
7331
4564
7882
1607
3992
9604
4213
5462
9055
8688
6737
2401
1875
5551
6378
3778
5732
5079
4992
93
657
4252
9662
3674
2932
1946
8486
2977
1458
3586
6850
4565
3115
6743
7206
5811
269
1375
1539
1258
7380
5380
4344
7572
2898
2491
7943
5720
3740
3792
2447
9844
6707
3291
406
9155
9632
8893
9620
867
1109
5536
83
643
1186
930
4815
9693
2795
4373
2568
595
3030
5653
150
3285
9864
2144
3000
4876
8192
5514
4796
470
1372
1844
599
8779
9322
5979
951
4631
1343
538
1540
3203
6781
7299
3477
6151
6035
5592
3100
620
947
4732
8886
9968
7019
945
8114
5241
8592
8976
398
9935
7521
3424
1793
1515
1783
1232
6399
6985
6397
1251
7887
1666
6695
6661
8919
7221
8329
7609
8223
1694
5152
4190
9481
4257
1146
5066
4251
621
899
628
229
4465
1073
9037
8432
8079
6100
7075
9861
3086
1304
2563
8001
3132
2603
6649
9898
5833
7219
2700
8091
7655
1188
5115
143
6987
8296
7899
4243
8797
9887
4579
8131
2078
3327
6261
4642
1876
9933
3572
4721
8293
9956
7818
5058
5983
1981
2380
1484
137
6247
4044
3074
1217
8505
3165
8074
2736
9205
6163
4588
156
7594
3435
9502
1554
7351
4088
9700
1633
6869
2423
2225
3972
6500
306
3524
3111
9023
6079
9417
693
2086
9743
1662
7839
1627
5515
2768
4325
927
7718
9268
3122
9923
7906
9513
7323
3864
1880
471
7076
6229
7002
9278
6955
5365
2345
4838
739
1849
9001
9162
8979
8924
8053
4180
9598
6565
6609
3185
2874
7435
1221
3478
6889
726
6220
2606
4158
2487
8433
2538
7606
3937
3662
4555
9716
8224
9866
9490
6943
2165
5335
7768
3434
8171
8729
9482
6040
7193
1118
823
7451
938
8927
2164
6835
6849
7959
8054
3641
6014
7742
6885
6144
8373
698
5360
1818
4922
4560
5799
1942
5806
4664
2769
588
2039
7259
3758
3810
9189
7034
1853
8776
283
1349
9663
3900
1843
7493
3826
533
9896
6250
1530
2905
9757
8277
9021
4354
5836
9544
7179
3809
8042
8237
6365
7031
7740
5236
274
9179
3820
5663
8035
2092
28
9858
3895
6815
3263
6860
7771
8386
4528
6154
295
2325
6900
9820
6954
4391
2879
8160
3421
2029
356
9849
3527
4525
4917
5901
5742
9418
4449
4501
4866
3423
9217
8526
70
3051
4853
4108
5849
4415
7050
5527
2624
2389
2154
6909
4144
8736
1900
3742
4279
3022
893
7739
4913
9782
2251
9744
1891
6432
3399
5415
8520
7621
3104
9058
5734
5888
8085
5244
932
1739
9669
7454
3905
4039
3700
1723
1856
7289
8702
8306
3070
3796
1913
4604
5883
2786
3082
1831
2989
2991
5913
6208
7394
8137
9851
3193
6705
6316
2773
2149
8465
3752
4349
7855
6588
4842
9148
2588
3440
7735
8822
2227
6931
1613
5696
9423
1291
7637
7260
2976
1756
880
4157
7288
8603
969
8552
140
6282
4613
8967
3608
7803
1119
3519
9229
447
449
1991
7118
1652
1572
6136
2885
1392
4584
218
2422
1278
89
8752
5352
9126
6820
6172
368
7300
8728
9614
9480
4527
5534
6091
2365
2081
6629
2806
3172
7104
7528
3128
4676
8508
8629
8644
5523
2682
1994
7583
4857
5526
4776
3975
8590
736
6463
5834
7074
9936
1617
4924
9762
2020
9399
7656
500
8601
5271
6045
5386
8290
2577
622
5934
4153
667
3845
5700
7124
4921
9212
2599
2337
8767
7205
7870
8263
6347
7733
4208
8447
9092
6168
6387
1195
6936
676
2476
54
748
2327
5863
250
5080
2867
4998
5419
5539
3053
1447
3655
9840
2697
8763
8206
7049
1929
2475
6978
6797
1847
1836
2641
7459
8867
5588
4473
8139
536
3499
2613
8942
343
8993
4503
6152
3596
8118
1074
2336
1244
3103
8940
7304
6296
92
6113
507
2194
2684
809
2803
4530
2287
1280
457
363
7824
6580
3844
136
6777
5230
3587
8857
1160
2406
8907
2915
4490
5367
2704
8098
7629
4770
4879
3036
9176
2390
3035
5794
1560
4239
6317
5976
9511
3146
9224
2662
9296
6185
1728
5521
9002
778
3398
1532
9916
6971
9759
8024
5010
4691
3737
9941
4141
6177
8953
5750
6052
7758
7612
5513
5597
5475
9667
2555
1270
1545
1932
8760
9228
9998
9199
1516
3379
3518
1997
6257
1013
985
8464
5149
3873
6986
3130
7541
3169
1148
9772
2282
6389
287
5006
9475
3393
7362
3406
1246
8300
4322
7866
304
591
9139
5184
1792
115
8705
6940
2889
5557
7421
9286
2346
6946
198
505
661
7346
1799
4703
6468
7957
854
3877
519
2810
5436
9907
8896
8583
233
5815
3101
4310
7203
2575
6761
810
4658
7333
2663
4657
5325
5977
4273
9944
8790
7723
3314
6687
3624
8169
7787
8405
109
2443
8269
6573
9134
9574
2909
2667
8678
9295
4028
9680
7099
5250
5279
7564
9578
6474
8751
6711
1806
2913
2014
9873
3898
2679
8499
3368
9261
114
4717
1672
7487
7658
1550
8649
5601
6325
8531
5771
5267
3535
1708
1782
9875
3790
2439
4227
4081
1015
4843
4295
458
7587
2309
1430
2811
428
6337
7797
9885
5724
860
2809
6683
7513
4293
5961
7235
8612
618
9863
8439
8883
7238
3862
6995
4083
2912
6944
8115
7522
700
7672
2003
7130
8283
7457
4453
5882
1452
9232
2963
3138
1988
5966
4897
5349
4519
5304
6103
510
6029
5074
9915
7725
1213
1200
1029
8885
4933
4229
1588
6383
8043
3299
388
7613
5460
3955
2562
8865
3609
8963
3706
9708
9966
8221
2063
1167
3537
8020
8026
2469
6862
4531
9041
9729
276
1121
5643
7932
6073
6055
2681
2204
4804
8172
57
7437
6898
9384
7258
1474
6883
9796
8346
4414
5612
5637
2896
2303
8336
7716
1869
3560
4098
4898
921
5998
5028
8844
9819
886
7802
7719
9731
3071
2614
6911
7138
4467
8605
6965
8030
3087
9149
2537
8059
1574
4550
9413
8225
1037
1635
7764
6107
6614
6556
265
3481
9735
251
7696
7982
3571
3123
7316
1829
9495
1548
4476
8018
7709
7027
9356
2772
176
4326
1623
5051
7946
8210
446
4656
3072
2482
2056
171
1302
9395
9881
5160
3337
2214
8964
5779
4544
4803
4592
5559
4260
202
9673
2696
7161
119
3664
4785
873
6693
445
4731
8808
5290
6350
7339
649
3105
670
8900
2937
4105
8593
997
6038
7367
8723
7790
749
8106
6962
8500
5680
5594
4085
7016
4321
9248
7144
6092
5421
2444
9986
627
9487
8819
166
2794
9163
8642
8622
8841
3832
5780
8802
3603
1095
9703
2895
8628
6224
6823
8961
6392
160
785
1517
9307
1283
1638
689
3945
5120
2940
402
5812
7183
4567
9699
1051
849
9623
6169
4025
895
701
314
1155
5991
2988
8282
2655
103
455
8203
9061
2654
3259
1103
5468
6322
6988
7163
3097
6280
9170
5112
7123
9285
9993
9889
6678
8986
9059
8273
5507
5672
124
2557
2130
4545
8037
1038
5478
1076
2147
6160
604
4297
7329
7246
5978
1571
9352
4328
4720
7965
9784
4412
1350
5000
7956
5522
4719
1297
3771
2993
4315
6074
4622
7983
2501
3067
6905
7698
6642
7998
922
1838
2776
8064
7581
9284
7908
3210
3509
4704
5937
8485
5446
4949
1427
3005
9706
9584
7752
712
1312
7371
259
9677
5975
6852
6990
5128
1816
7490
1608
2088
683
6539
333
797
8706
1058
3585
6426
8894
9625
6545
2851
8544
4491
5264
8913
5354
754
6587
9201
9857
1606
7296
9752
4103
1923
7013
8582
9003
141
1573
5586
6396
5095
8417
9799
6036
4461
9347
6809
3657
5387
9786
2213
879
6252
8308
391
3784
6906
6808
6690
3041
5192
7677
8437
9980
1115
5555
2644
7593
9067
5606
5628
7689
2012
1833
6025
5031
1062
2764
3814
4904
919
5166
5485
8698
1695
2364
5572
4477
1334
1668
4017
6069
3507
7265
953
6164
4976
9348
1784
1999
8665
8442
9656
1976
7234
8832
1841
6135
3566
5864
1873
36
7492
5926
2199
1935
6662
4850
5253
294
4436
3377
8756
3168
5950
6647
6574
5132
9251
5769
8466
7799
9090
4188
1626
4166
1745
64
9537
2430
7283
6718
6671
317
3454
7119
7078
443
4165
7994
8097
9236
8746
3908
6270
6364
4546
4311
412
2633
3723
3209
1273
3736
3335
9938
8671
1281
856
4619
4335
6415
946
3870
3148
142
3166
615
3099
8826
954
1111
6660
7674
5726
6871
3977
8489
3178
1916
4280
6554
7388
9856
7819
1176
6023
4786
1713
3724
1778
8321
1648
9359
5402
6413
4556
6430
9416
1646
3315
1083
6345
7763
7072
1203
426
5697
751
1628
6673
8521
5454
1641
9008
3649
7392
4554
7087
7290
9127
5337
2013
6676
7393
4361
1754
3921
1951
6728
1600
8348
2266
9276
5749
6442
7086
3980
4191
8902
3218
5012
8651
6227
1750
9556
1579
4205
3139
9169
9500
9196
4346
9050
6822
4900
9777
3619
468
1141
5876
6812
8270
5621
8478
3323
7961
8467
897
472
69
6680
8871
2531
1433
3688
2966
3052
1604
636
4529
1938
6692
2451
5855
9360
7237
1533
3412
5376
7563
8416
135
2438
7396
252
6310
7557
3622
9402
1664
3386
8937
808
497
2630
3494
8695
3885
9250
7517
1479
151
2527
8748
732
6819
9901
4456
2084
9720
8637
7569
8658
4170
6363
1594
288
7166
8744
5578
6207
7486
5032
7754
8031
7622
3144
4668
3243
6033
6380
7196
2837
3938
9049
7376
3010
6801
4134
8939
567
2420
7704
8076
6099
7547
2553
7499
8129
6241
3757
5933
1325
9779
652
6620
9259
2706
7951
1009
9388
8816
5640
3018
7028
9131
5143
154
8305
2569
6561
1859
6966
6969
5952
4845
3141
915
6858
8921
7018
8850
9733
8581
9195
241
7017
2718
976
6756
4300
309
5925
9142
5197
9396
1471
3871
2217
8985
7121
888
1925
3114
594
1394
5873
9814
3557
427
2079
9022
9590
9506
5918
3374
4106
1931
4089
6491
6899
4078
8446
2129
4752
9158
9010
8350
4777
169
6569
3108
9166
5224
9183
7574
3791
9776
7922
4107
1905
8687
5085
4612
3031
9361
7617
1162
5059
3119
8853
5081
5862
6266
4517
6637
7042
8577
9711
1874
2174
8567
8222
6967
9930
2376
4632
9788
4041
2765
8682
8195
2675
8176
1080
2617
2926
3866
4835
3786
2659
9386
575
4196
2386
1308
9262
6166
3110
4062
8519
9823
2503
7639
8730
3418
7580
5493
1842
4308
2870
5550
1563
3613
4200
77
7422
221
5302
9123
5073
2205
1881
5489
939
1851
4698
6733
6624
2944
1909
2901
4792
1722
9198
6532
2629
9868
1170
8636
2957
9721
80
5101
5581
7953
5158
1395
4833
5088
4161
3549
2866
7408
8434
6473
1450
5258
9324
9852
9718
8540
2597
8457
3194
134
1036
8587
7534
9976
2472
5245
8142
4286
8991
3181
7902
3226
6479
2474
4460
2281
155
3923
311
568
8843
6651
6723
2552
3889
7325
2116
2591
4650
4183
9583
8303
7173
7715
6726
1168
1718
9616
5738
4572
2394
5282
4745
6764
6026
6768
1265
3294
872
1639
6191
2224
3410
1396
5595
5043
1285
5195
1185
8681
5805
4137
5087
5309
49
7111
1477
942
3091
21
5474
9150
5490
9974
1412
7420
2558
9802
7381
9288
2060
1705
2141
3999
3331
2211
7355
6953
139
7231
7678
1209
3467
9304
6793
3936
7305
40
8096
5528
1032
7727
5626
1904
7761
5891
3469
3175
5323
9542
5664
3886
2306
9044
1584
6146
2844
1264
5843
9690
5159
6497
2445
889
4267
6992
6592
4462
2787
5501
3402
9534
9795
1805
861
9463
9438
4766
532
3201
9100
6349
6902
8022
1773
4207
4593
9954
9736
8231
2417
9345
8304
8884
4071
789
5582
8477
1354
7390
5116
4070
5619
3818
8272
2823
130
4333
359
3021
5662
8950
4710
6087
5220
4429
9115
527
6022
3048
9909
2596
991
3775
709
5579
6542
8260
5986
1229
2818
8425
84
5330
7195
2344
9496
2632
5353
8630
8547
322
929
96
6968
6460
3610
4882
7766
2450
2022
3055
5832
6549
4709
7623
1561
9683
4561
2453
7249
3569
3561
6308
5879
4536
5959
5035
3650
4228
4736
6999
1888
1769
5533
7978
8840
3296
8770
8553
5235
1541
4162
5472
9157
9518
8766
9415
477
117
1410
6789
9917
905
8703
7053
4301
4700
2919
6505
9087
4775
2341
7659
433
9314
6129
7048
5015
8312
2931
7089
385
4259
9621
4925
5657
3109
1088
640
72
7867
793
3458
5173
8704
5140
421
7537
81
2484
9560
8134
7807
5077
7170
3265
554
7043
8882
5404
4799
9277
7438
4058
5153
3347
8597
4255
7688
2178
1225
5221
5311
8573
3529
1426
2702
481
6304
1137
788
6370
4991
3863
3578
303
2952
7813
2602
7793
6895
4836
9972
2918
6303
5340
1446
864
6970
3446
7731
7624
9051
4211
5017
5670
8977
4150
8918
399
5398
9397
9809
8775
9878
4543
1570
1861
2280
1995
4138
7948
5616
5418
7054
3236
6319
7539
8428
7297
911
742
9493
4074
6446
9833
1803
8145
6410
8399
73
8143
1732
316
7964
1442
113
1879
7604
3025
1893
1814
4109
3545
9453
4029
7335
9219
9548
1691
8378
3505
3816
105
2408
7955
5910
2648
3330
931
2381
704
7067
5538
110
5065
940
7919
9129
8555
2059
8692
1820
2665
6278
7000
1743
7444
8349
5668
5730
450
5151
6689
1676
2829
7857
3805
3618
6080
651
3584
4177
6732
9831
2379
6802
9313
2405
1078
2459
9168
18
2264
7127
4910
2452
4442
8589
4355
8462
1139
8562
1271
3835
950
3842
6267
8122
3589
5390
7106
6719
7746
2330
7700
1788
1854
214
9985
6
803
216
2052
8620
1254
6314
5227
9996
2273
3993
4566
3839
3841
5123
1057
844
338
4285
7736
1178
1894
4596
3588
7185
9043
2583
8689
6423
1599
6176
8362
9216
4405
9747
2311
2163
6141
1729
784
1611
9081
926
1497
2854
2572
7670
9755
648
7645
9883
8762
8149
483
4769
8265
7404
2128
3390
328
3812
6910
5467
1411
1480
487
7897
5903
3249
971
4347
8419
7083
2571
188
6740
5604
6856
2678
912
6599
9328
5426
7110
1014
8635
8244
5906
9108
6845
1406
1465
4019
2162
4136
3156
8654
7544
2252
1352
416
3450
6552
9331
8216
9591
6394
2821
539
3120
5329
9572
5629
710
9113
5440
3466
6291
7310
9351
5600
2370
6631
5409
9593
9894
7984
8198
5008
9238
5867
4865
3095
1495
9904
1927
1363
4907
2951
743
8660
2283
3897
892
4605
4812
7789
1899
1401
2534
7605
4818
9973
9945
786
2805
7301
5108
644
9056
708
66
1068
381
9102
6669
7440
7360
7434
2840
1605
145
5358
2882
3264
6212
4863
4114
275
7157
5737
9751
1710
85
132
6436
5690
6202
641
1527
6336
9862
3722
5747
2383
4901
2127
3872
4043
9498
4973
3079
4264
2755
3043
3611
215
1687
2774
1373
6853
4160
4013
6914
7934
5881
8351
2637
1714
9812
4500
5819
2173
602
3577
9465
4221
6976
8990
4403
3961
2729
2511
3708
7395
2267
9919
5776
95
9337
5141
3953
3475
1184
6008
3394
3875
8912
8820
6980
7843
3774
8876
6157
3287
6684
4985
5874
3044
970
4800
3735
2746
3675
2146
9892
9947
2240
7595
9710
1191
2230
6907
3666
5343
1085
4741
7568
1123
830
631
4439
5596
691
1313
4443
2242
8398
5427
8619
4061
7829
8179
4261
1383
1117
8280
5544
6798
7514
5727
3143
3711
781
6934
9981
4520
5060
9969
2349
2101
380
6893
6487
8624
3764
5793
9562
6685
7845
1077
6200
7578
6866
6908
7156
7577
5070
2371
9104
4164
3726
577
9565
2848
2080
2911
7464
1590
3
3553
755
9353
735
4447
8400
1498
8931
4481
5061
9975
4781
6517
6221
5994
5713
4811
8147
8207
9461
4965
3127
8981
3508
9554
329
4737
4755
247
7129
9804
7357
430
4431
219
1473
978
4047
2680
1688
4967
8768
2835
1878
6618
206
5179
9406
2880
4240
4117
3033
246
8755
5565
9512
7918
2135
883
8928
1795
8356
1811
5176
2522
7599
8614
1741
2549
4936
4870
6148
3311
655
1335
2010
3927
403
4320
3913
5997
9546
8335
1872
374
3745
7708
5768
8081
6088
1634
4184
5127
874
1868
1965
1565
7950
2152
3642
6382
4672
9292
2839
4739
1763
1512
1481
7588
1274
8158
760
15
666
1832
6158
2830
6771
9303
5416
190
2698
5232
2324
834
9230
234
6754
5847
7473
5326
4581
6880
211
4705
996
764
4459
8396
1231
9471
7985
9732
5610
5011
5155
4960
4576
8182
2107
5407
8233
9979
1518
8144
5133
529
9458
5026
1081
517
8186
3242
4675
705
8112
4054
1787
1305
3811
7585
9704
3640
9610
3565
3874
766
8435
9032
3582
1566
6959
1663
1586
6925
8151
4488
2565
6903
3653
3422
7373
3721
3222
5249
600
4127
2842
1948
1296
3216
8212
8311
3312
7385
3924
7269
4314
9373
1214
4185
6863
9294
9879
6218
3140
2151
1075
1953
1179
2775
2239
8731
7254
2019
6458
8011
3164
1097
2831
266
7252
9905
9048
5259
6821
5117
8413
656
2241
8473
8275
7208
9957
5252
9705
5289
4878
7081
1445
1915
4365
7929
522
8180
2507
7859
5897
9576
454
6597
2108
3949
5145
8557
986
4366
9079
204
7194
7058
3739
2077
2291
7860
1609
8796
111
3496
2268
9595
9080
658
1990
2435
3196
8609
5728
3801
6744
4690
2226
1822
8718
4485
1033
1124
7190
3544
3009
4674
1864
7097
2035
2384
9407
961
2318
8459
8891
3281
6002
5506
2258
3325
1519
7744
3245
5431
9510
7592
9582
76
3170
8686
9765
2496
3257
4993
3979
2742
6182
4722
5211
6757
5054
6734
9550
9341
1429
6937
3278
1390
5813
9133
3305
4068
5214
5784
7939
5775
7477
3282
7470
3433
2645
6311
3256
5809
4718
2975
1292
792
6840
2890
5802
6161
8047
496
6373
842
6054
2712
6085
4022
958
5911
637
1035
43
1632
3365
6434
1780
4950
3016
3968
1882
7888
5823
3180
6713
1947
7216
8252
8550
3718
9076
3699
5905
3823
456
1027
8727
8330
4122
3463
7217
624
2158
8559
9764
4210
7225
2518
9210
3671
2434
4864
7132
3027
6210
3153
2304
2140
3933
2542
2985
5608
2320
108
699
1158
7004
7507
376
6916
2601
2941
4367
2978
5753
9144
9311
7276
839
2008
4276
5951
3946
350
2297
9787
5945
4493
9436
8440
98
9421
207
371
7530
6989
8480
8584
7570
1003
8539
2257
8580
719
1513
1206
9517
2612
4738
3528
3484
2722
8945
6495
5202
5410
8426
6418
9937
4640
7900
2923
3032
1345
8315
2973
6702
8807
8345
6920
4072
715
4852
68
6739
6481
1417
2592
6444
7816
6000
3286
1125
7553
210
3939
8087
4916
4303
320
2411
6083
7436
9639
9203
9323
3040
5795
8944
3779
9122
6926
3497
5391
4156
2971
2616
394
2087
7389
3656
6709
9527
1797
488
7552
7567
3425
7114
4801
2153
7974
6864
7008
7010
2554
687
3767
7996
3387
3277
192
2743
6330
8556
9182
6028
5830
5658
6721
7883
1227
1819
1210
4915
5430
4217
6939
6779
9791
9247
4350
9098
8827
9940
2586
5669
7616
9368
5631
1704
2739
9522
9641
9401
576
5047
5037
2816
9387
4095
3382
9602
29
1440
7881
7266
7770
3500
4942
8549
9768
7531
2873
4398
3396
9553
9952
601
6938
9289
2387
5519
4688
9867
3598
2956
9180
2618
4094
1760
158
5552
8503
1455
1202
1597
758
6555
7662
5502
805
7931
3620
8530
1464
5142
2893
7229
289
3483
2687
8196
3493
5039
9781
4356
3882
272
4597
6672
3755
563
8740
3244
5092
2927
3401
3432
235
8328
3290
7638
5062
5504
1090
2857
3595
9329
6493
8227
1321
4265
417
5246
2322
5785
6540
1731
1614
4754
6747
1174
2328
1360
5893
7773
2455
8320
1084
3576
8491
2045
7284
1671
8072
5865
8324
3526
6600
7833
8197
5904
3807
4001
3729
401
703
5783
5746
1359
2625
7646
5567
121
4557
2231
352
4860
7073
8161
4788
5941
9533
1196
9363
6393
9062
3447
7483
9837
3865
5580
8764
9364
4386
3916
2581
9404
9921
4418
5706
5800
9592
2656
7480
8717
7159
598
7448
2397
2097
7852
491
3694
6825
8600
4648
8676
3498
1637
6214
8281
1544
668
6677
1537
5255
2285
5030
3917
5268
7667
3465
6700
1700
6585
7322
5814
7102
6255
4330
6354
6068
1066
7406
24
9269
3836
8045
923
4828
2122
56
8780
6766
7536
6386
4253
9653
9016
626
3971
2683
3189
3092
3389
8370
8707
3378
9427
4212
2907
8004
281
6935
2604
5301
2037
6817
5413
9240
571
8430
6199
99
4425
5172
8874
5247
1489
4990
9443
5798
6533
7694
1720
3904
4080
5992
9600
7419
4294
6398
4073
1399
2535
673
290
1040
5417
5186
6217
3118
2910
6027
9884
4101
7022
9971
8877
2938
1734
831
3220
642
8869
2360
6484
6765
1706
8055
3491
694
5363
22
5982
3408
116
9374
7518
5243
91
5576
3349
9464
6359
9491
2631
9880
6302
5007
9380
5848
6773
9369
7024
5272
2908
5057
7653
7068
6919
3318
7143
957
2119
7165
474
4351
3659
5954
4708
1469
3976
3403
8474
2916
1342
1591
987
4458
3630
9637
9723
46
4042
9872
3833
6019
2071
1862
392
285
2062
6997
4814
7384
1239
5721
960
5625
6698
2368
1950
2289
2449
2709
8366
8889
9691
4323
2169
611
8720
9074
900
2120
964
4175
2598
264
5517
2579
4031
6632
3045
2785
2436
9725
347
6639
7364
5895
8527
1685
605
6591
3346
8957
107
354
199
713
5751
6564
5562
5102
5331
8384
8837
6201
2467
7180
1240
572
6646
6927
7828
1501
4007
817
6109
4846
5099
9256
8302
5733
4390
5762
8828
794
8667
7306
8066
9775
9893
6485
1809
74
7133
4729
1063
6362
8761
3948
351
5067
7112
2661
7687
9594
753
1952
1771
1279
8873
2091
6596
9223
7232
6198
6948
2323
8138
9611
6929
6470
8929
6132
5990
2666
9110
7484
4179
7703
5835
138
6013
9125
3892
9519
2793
9959
4871
862
2968
131
8860
4759
4000
9025
2269
9871
4856
9053
1717
1408
4810
3213
8846
8864
4854
1002
1460
6722
4837
4343
2032
6067
7505
8067
7209
9165
4659
1989
7875
165
3909
3354
9529
3471
8253
1510
9220
4679
8119
8806
6142
7806
9914
4728
7538
5885
2981
646
5929
5023
2424
5808
5915
3455
6923
813
11
5375
2026
9011
6170
7747
4740
4053
9362
4608
6171
3188
6377
4370
4995
3539
3333
1008
6041
5393
6457
7011
7504
1007
1768
4113
9573
3062
6769
7167
5693
9226
3720
9650
2608
489
1777
9754
4382
2150
5665
9830
1654
9995
2271
2782
2838
2694
8785
3383
7611
5347
8646
9035
4790
690
4045
8502
2109
3024
7095
9266
9137
9385
1583
998
5265
3380
1163
5229
5313
9813
7913
9018
992
7455
730
257
8743
8641
7152
4958
9514
3093
8034
5878
8284
1247
6352
3951
7560
2791
6090
3261
7257
1564
5180
524
5859
4689
9006
4763
1944
3763
5858
7402
4678
8657
5174
6958
466
2300
7218
6007
184
8880
745
1503
8901
9192
8653
4016
4383
8966
1804
6834
9987
2819
2826
442
3442
9842
3563
9068
4911
2025
9702
1086
7527
6165
8107
6197
7717
7920
1226
5655
3042
2797
7579
5191
9494
4104
2388
593
5869
6471
2412
3355
684
796
5308
8835
9745
1150
9119
1112
1467
2720
9790
2288
3727
4143
2414
2362
2950
1886
8904
7573
1978
3126
2561
6105
6488
2689
7282
1934
8050
7275
995
3712
2500
1269
2201
88
2872
8036
23
189
4714
4638
9338
4937
4305
4209
5094
5463
4884
5459
7207
5298
2906
339
5027
7864
8238
8617
8288
6483
907
6778
3881
6489
6729
674
346
6159
7615
7650
1454
6531
6814
3829
7414
41
3495
1472
4989
7608
924
7559
5455
6947
9524
348
9082
8788
7937
3375
685
826
7960
8390
9670
8968
9724
341
2358
438
2498
1384
3879
8488
4173
2949
894
2233
8359
7533
4057
3840
1153
9317
86
8824
4498
3901
6621
282
277
8643
8427
7066
3701
4002
9477
9990
3370
3017
4307
1424
7125
3438
4646
7149
8610
8495
3550
9635
7905
1543
4033
2605
3163
1241
1046
9521
479
7661
7607
3361
6826
9177
5535
5667
4009
2767
7898
331
8568
727
6120
7358
3533
5283
3741
6575
9252
639
3861
3766
476
1299
2771
7916
2759
1746
9661
7298
4003
9017
1105
3703
4602
6650
3258
2815
4946
8903
630
8297
2685
286
3728
5113
4872
9958
411
6979
3388
353
9013
1674
5091
1649
1897
4651
395
8701
8487
7515
8639
4385
6518
3013
1054
5989
2302
7029
5821
7966
2000
366
9190
5704
9181
4268
419
9832
2377
3058
1930
3934
3965
8468
4953
20
7935
5556
8334
8249
9235
1079
2373
6124
8684
5623
8725
6294
