5455
4973
8681
1068
4073
9776
1250
9565
3721
263
7906
2483
6258
6961
1184
9361
5282
4729
6208
9901
7392
2503
1373
7737
1117
3491
7789
5074
7101
1715
8436
1809
4440
3089
1144
179
705
3438
2215
77
2103
1507
1519
1366
8428
1970
7780
306
1205
5974
6939
9036
3082
1425
2180
5171
4192
6275
4221
3996
5114
8362
2402
4962
5904
9186
8142
1000
8566
6252
6220
2678
4347
8872
4649
3411
1622
5196
2176
4811
3918
6429
4742
5094
6825
5775
7511
7386
7815
7266
1759
8655
9042
4851
7792
9501
3747
8855
5586
7787
9808
8593
7308
9089
4045
1047
5106
1287
7199
8662
3758
6166
3568
8824
1265
8665
165
8682
1392
5660
8810
294
4168
9198
1818
2308
4801
4987
1084
1302
8938
346
2034
7427
667
7485
1658
16
2137
6007
4534
683
8696
8257
2859
6075
3673
1230
4991
5828
915
2694
6636
7387
8402
2116
4439
9274
7361
2079
7662
6558
2155
7976
8302
185
1172
3475
7467
7426
1474
5936
6566
8993
7626
7965
2334
7280
3887
6418
1488
775
836
9561
7886
5845
2911
9079
1932
8961
7037
9272
8420
9456
6186
9690
5970
7868
4460
4563
6245
8151
1728
6879
3178
5138
2113
4
6129
2096
1415
7783
7444
1316
7124
2221
7738
2723
8039
3798
3125
1961
161
794
6691
9592
3453
5120
237
3225
3677
79
2434
1756
9277
8126
3240
7249
7537
2919
690
69
1054
1939
3296
8054
7207
7808
3414
7903
7185
1681
9289
8438
2996
9033
7283
5129
2061
5614
9574
1957
8264
8586
2556
9926
4325
8384
8642
7596
617
7644
152
8931
5305
818
3937
2153
2482
4640
6216
5124
564
3352
9494
3655
6024
2371
6113
3029
9498
879
1779
2864
1973
7302
7923
4707
7099
4373
1076
2212
8102
5315
679
992
6231
3450
7006
7553
3401
1758
1744
1677
3157
9296
238
2848
7561
819
166
9122
3678
4493
5067
1595
1684
311
1583
4432
2513
9580
9179
6488
5107
5905
5351
8643
1096
7947
5285
4514
8561
709
4769
9113
4847
2367
4096
8417
5078
4612
577
6387
5199
4917
6203
8686
8097
5392
7324
5468
6262
7707
7982
491
9424
6338
8234
7885
308
3851
4538
9547
6224
7732
7253
7821
6179
9537
5490
4880
3409
9126
6378
8387
1581
3193
2237
9005
1419
6867
521
455
3412
9252
3557
607
798
6497
27
1080
2169
1026
5463
2824
315
6928
8848
4992
7261
3123
9090
4830
4671
3430
2722
4395
5428
5500
2628
5712
6777
2706
35
9898
4214
4777
3949
1555
319
5550
3449
8323
4447
4794
7820
5956
1114
1263
6253
8785
1404
4009
4501
7773
1061
6714
2200
1313
5856
3371
85
6605
8588
906
6108
580
4709
8219
9762
3177
7020
9504
6276
6786
5515
4187
5414
6283
3482
4601
2936
2220
1705
2029
4704
9918
6807
2626
7679
3435
2749
9989
7959
4795
6392
8638
9540
5297
620
2338
3657
2840
5295
1585
4726
7822
7459
2573
4300
3126
9819
6659
741
7809
5750
4524
568
4819
4051
5765
5316
7565
6001
6885
231
2980
8815
3676
2170
6698
3835
3732
8510
763
9867
7819
5563
703
2340
6383
5240
3085
1499
2755
9723
6722
1207
6237
696
7437
9226
5805
3104
6688
5691
2181
9637
5808
7438
1830
2189
7611
4027
1995
9954
8360
5749
2328
8923
4064
9773
8209
5761
8865
2730
5476
1910
2063
4485
7529
1736
670
9280
9343
805
6271
7105
9297
1840
4818
6439
2736
3443
6210
3544
2751
4735
8699
6366
1776
2033
1482
2929
6140
2541
2001
2053
8907
3737
4594
8565
1522
803
8084
45
6365
3281
1102
2071
9110
4784
1633
1702
5079
1484
3433
7474
7466
1890
2901
9868
4227
7150
5745
7647
4600
6565
3745
4656
2163
8481
4597
2876
1270
4685
7017
4292
4314
2173
7211
7169
1162
2426
866
3156
8301
6019
21
5262
4098
2283
2713
6732
6554
6257
4894
6306
6514
4812
6088
7242
377
4369
3945
9735
5380
8340
5205
412
6552
8226
3140
1034
2117
8519
1383
7081
6450
6121
5397
4128
8644
6066
9992
1397
3954
9253
5065
2038
1964
4529
433
3947
6102
7399
3122
2427
5172
2397
8766
3517
4505
5611
6115
7160
3066
1333
430
8213
5281
9209
8147
5928
8608
3050
8355
943
7878
1432
4884
3215
8218
8063
6544
882
3650
7812
3282
7534
1343
8630
5925
1958
3022
1246
4919
9583
2093
1814
2904
2459
2470
345
3167
1662
9643
4808
5209
5449
9435
5560
7600
9141
9768
1817
3064
5374
8935
274
6700
4079
3672
5695
8183
7745
9705
5848
7586
3441
4989
6806
3207
4622
531
4405
8138
9390
6180
9220
7653
970
7070
176
3036
2742
7201
9990
7290
7112
7029
3426
2917
9048
4355
157
1967
2218
8856
8912
7916
8844
3462
2754
6926
2404
3236
4940
2151
1826
1269
762
3912
9417
4673
9827
6502
2115
3604
9774
482
6091
567
3120
630
2569
1023
1283
910
7913
2428
3674
1015
3044
7769
8619
7076
870
7541
8730
3746
4459
5170
7422
2410
5771
7880
1829
8702
3803
9799
7639
2522
8345
1731
7297
9132
9073
2643
5530
9720
7178
3574
5182
1424
5052
3666
5150
5897
2449
735
5461
9002
1678
1495
8361
7277
8712
19
1012
367
5516
9703
855
1472
1252
7512
2433
2023
7181
5333
7579
737
9425
6352
3956
4271
3039
7458
5508
3111
4915
748
6510
835
6155
2925
657
9306
5523
6248
9103
1200
5147
5816
5569
7078
6128
9672
4747
8035
9482
2897
752
9962
9114
8367
8594
5267
2814
2208
1646
5986
9986
5630
216
7421
7092
4427
5526
1351
6072
4155
3105
3618
5418
8633
1470
9699
5972
3068
8533
1997
3606
1013
2125
5967
8539
110
9389
9500
3474
6146
7544
9082
2086
2401
2294
9130
8272
8321
3059
5299
9037
6067
8163
3703
8569
1554
3561
8180
8759
5859
3237
3921
7
2528
815
9094
9121
1697
2461
5474
2791
2673
9278
809
4587
6415
8507
3613
4379
6122
5683
7159
9248
4247
91
8599
7847
4897
2253
5051
986
7327
1155
4103
5411
4999
454
6323
5952
1988
9476
1475
6207
8190
688
3292
95
9463
3366
8288
2304
9310
4394
3067
6758
2236
5720
6044
7311
5288
5
457
6266
2640
7751
9108
5103
8911
1297
192
1370
8971
7814
4323
9691
7883
3391
7230
7390
750
1361
3710
5608
3986
2331
1186
1582
5852
6819
2011
5364
8421
5060
149
1612
3272
5167
3069
2737
2589
526
9698
1304
287
3692
5589
87
4994
3660
5253
5737
14
1711
6608
4068
52
3903
1227
9876
3422
1960
2715
5536
9359
1949
3719
7292
9301
7067
2787
3905
7255
788
1532
2955
4285
2821
1476
61
5501
9111
6981
4029
2381
7158
1466
6811
1718
724
6938
8453
3768
4207
4551
5902
1526
3014
1289
7533
7015
5204
7489
4021
4085
3731
1325
4483
278
7555
1895
732
636
3806
5486
4076
8866
7719
420
6206
8118
4895
5439
8017
2617
529
6109
7824
7496
1171
9178
1112
7272
8744
6136
5034
3539
7046
7248
6947
8300
3542
1490
4126
9339
6485
560
2210
6424
8195
8798
8926
8611
543
4293
8573
6525
3404
6211
8287
5378
5729
8099
5027
4008
7768
1449
3291
6934
8518
8514
2226
5717
6828
1770
9769
6625
1399
3810
5994
3562
9459
5990
5274
3472
5898
9380
4406
7232
7536
9174
4032
7998
7990
948
6083
3844
5871
4066
3490
5450
3006
5308
5341
5704
9834
7714
68
3395
8211
3748
6759
3860
9222
9375
540
2846
1575
9230
6607
2926
3208
9418
1868
7234
3127
5935
5408
4761
4577
4816
7227
1183
7338
6682
3283
3308
4078
4004
186
5415
7366
2051
4846
5090
8846
8946
905
8256
1136
5314
4357
7505
8132
3502
539
9181
2133
621
6929
7775
3019
4676
576
698
7823
7448
1856
4154
9305
8859
5837
8589
860
354
7345
9586
7989
6082
7153
896
6573
4196
4372
9062
3520
4787
584
3230
259
708
8829
9582
1108
7237
3447
5955
1849
9647
6778
5007
787
8504
80
9759
1574
1661
5787
7597
2725
255
7075
1675
6637
1391
7637
6528
856
5797
2000
9295
5556
6308
212
846
54
1686
6760
6508
2820
590
3990
9562
4074
9171
1969
307
1593
2851
6861
5321
3760
1090
2806
7796
4349
6060
3944
1588
2036
4681
9787
3994
1975
3093
5552
549
2913
2807
9197
7004
4571
4354
4559
4564
3488
325
8088
6441
4641
6840
9627
2973
2576
7930
9244
878
4621
6917
4875
6853
5084
2621
2536
4471
5307
8037
3507
1445
8026
7744
7715
8202
1748
8739
1214
1505
4458
9657
1233
8153
4908
1788
2649
5381
9063
2949
1685
5175
5886
8718
1605
6512
2274
931
1350
2550
9213
9932
9185
5754
5941
6765
1069
5959
6794
4031
4269
330
9781
1561
8536
2574
3712
3091
7523
6077
1674
9
2969
3004
6592
8117
5409
8767
5336
2698
639
2412
2424
8189
5895
1189
4535
7560
5247
428
2271
169
6650
5831
502
7667
4604
7861
5404
5566
5033
3173
3351
5682
6822
2400
3661
9519
2756
1640
5832
7693
1586
5849
2644
1379
1098
3020
7273
3717
5953
9006
8331
2612
9835
8905
7735
1166
9927
2343
4441
7629
5573
6476
5843
1467
9744
296
8394
1918
134
2871
4804
6097
7666
9452
2562
7133
5633
6176
2450
6739
3141
7568
2085
6343
5326
7424
8375
1579
4702
6302
7778
7641
8135
1134
9567
9384
1167
3038
1491
3270
2247
4353
483
4367
3759
3431
5622
9466
2858
9142
3695
111
5250
4651
158
489
3984
9692
6966
4511
2972
3199
4502
8446
1006
6234
2794
603
2241
6707
2524
6567
1944
5732
9403
1636
7034
1962
2291
1338
271
7022
1382
6394
4944
9097
7106
874
4823
9890
629
6930
2879
3155
8743
9904
5549
8431
9961
664
8447
4072
9086
5924
8847
6941
8837
124
4348
6089
4191
9909
2852
2044
6247
3176
9189
8095
4834
5309
5753
8845
5678
2702
7895
413
7887
3295
7407
6100
4667
9813
7724
3005
7517
8073
5228
4969
3214
9687
5653
8139
8445
9615
4790
1056
6368
5277
5518
4906
36
7267
4489
9521
9059
1208
9856
728
7576
1983
9368
5735
5070
3112
4679
8158
1576
3538
6940
2646
5709
3597
2447
5242
6500
3535
6522
39
9976
1057
4206
2152
6878
1469
9610
1065
6205
3284
6933
2075
7393
3651
198
4450
650
8841
8487
355
6611
3933
7333
781
3894
7797
3506
106
7441
8896
4843
6816
8745
4250
1045
7432
7470
9757
478
9367
1943
2740
660
372
5694
8232
5350
3917
1395
4578
2276
3582
4322
6369
94
22
5044
2370
1402
513
851
3015
2047
8903
7077
1972
6158
6480
3611
5855
7334
4567
5335
6227
6322
1371
6232
6887
5596
4770
7480
5102
4469
9457
5202
6996
6098
9845
4584
2124
7599
9771
9721
4541
4018
2718
9542
7728
3035
772
4080
9857
3101
3763
8628
6433
4953
4022
5504
5659
3964
5891
1884
1381
7900
3386
4565
257
7328
1632
8289
3128
4525
8216
5406
1882
5864
1468
143
4140
1358
7603
7240
2411
5244
2067
8265
765
5197
6454
717
1460
7269
3206
8092
8046
6529
6834
9046
4156
5926
57
6328
8571
2894
6517
3529
2868
4935
7319
6185
3756
3452
9011
1651
1046
9651
2855
6874
6677
1400
1041
9822
5082
8786
7841
1667
8770
2515
4139
6213
5505
8545
4312
4852
7309
1409
7306
2656
1416
916
3784
4890
312
2768
9167
3253
5621
8771
4104
3313
5647
8590
682
5203
2867
637
9014
6405
998
7554
9953
3868
6099
6403
9891
8679
8318
9697
4150
6295
7135
8435
9215
7310
5786
417
6461
1353
9462
6289
1169
2533
4924
8562
6374
2657
1264
968
1734
4869
8201
7050
9423
3876
7025
2534
3773
4115
4781
5612
8341
6999
747
3654
6975
8897
6696
7764
6427
3180
389
9937
7260
3531
3017
572
9405
1459
7469
8632
4687
3434
4346
5662
2642
837
9335
9669
4219
6993
8020
283
9458
7102
5701
1801
5815
4388
9481
7183
6780
1822
8974
375
1426
6175
6149
9382
7263
8336
610
8535
4652
8171
4885
2131
5035
1993
4162
7130
2669
9821
675
1866
1224
4765
7109
9041
5320
1966
2831
8893
5932
3840
337
2566
5519
1980
5919
2415
6069
5707
5122
827
114
6398
9028
4334
5470
1121
7239
9972
6644
7924
1444
6300
3051
7687
8934
541
8279
2915
349
6444
4865
1971
1810
2441
2299
7271
1908
5984
2878
8262
6830
1168
5042
1295
3458
8082
8281
2544
1650
7939
604
4764
8374
8506
6005
6932
605
1063
8282
1904
2624
4190
4817
528
5827
9527
7071
3603
9154
1772
8576
197
7904
1403
9266
4202
7627
8525
9235
5991
2245
3842
5219
9394
3663
5951
199
5790
941
2230
6890
4840
1138
733
7497
7794
6384
9170
1073
2166
1001
8526
8134
766
5829
7681
6606
6556
8661
3850
224
9919
7770
8325
6953
6168
4316
290
2288
5913
9332
1441
6603
2156
9710
9812
8390
2065
6897
1858
4195
1781
1911
190
9190
218
7969
8091
4253
1267
3242
557
5823
1275
9506
8030
7404
394
4926
2266
7088
4330
4389
7864
8303
3171
1175
3353
5841
6818
9633
6173
4081
1871
3856
9888
8524
9271
3473
5912
4386
9530
994
9853
7013
6920
7041
2039
520
9594
8597
9056
8708
8193
8055
579
7351
1463
5193
8787
6750
1521
1987
5587
1228
2372
3347
3624
419
9788
314
2206
5062
7757
3706
4185
8970
501
5389
5624
8753
3841
8192
4025
9645
2007
1965
5291
8493
227
4995
6040
2815
8789
4833
5725
5906
6685
3326
4737
6084
8937
5960
6797
5889
9309
3885
8820
2847
395
7055
8801
3357
5201
6355
360
7481
8575
6336
3871
4964
2480
1040
1741
8476
7736
7225
9664
4124
5207
25
4174
89
3961
1693
5022
8429
1764
1573
2899
9268
3621
3290
480
4523
5865
4982
7742
4311
5367
5014
2021
601
7791
7291
3464
2998
6900
8709
4856
1315
1783
5744
4810
1795
9098
7039
155
9051
1844
9221
5016
9146
7915
4059
7981
9559
9849
871
1153
8522
2110
5287
2453
2663
3790
2622
4472
3439
1603
5161
5156
8800
1726
3088
791
7247
2937
2509
1790
895
128
5263
854
5155
845
6960
6581
4220
7484
8972
4532
2389
2531
5613
9894
550
2586
4273
6642
5742
9360
251
3492
6148
7613
4382
7258
9345
7539
2290
6553
9631
2532
3636
9612
6618
5606
990
5643
6042
2782
5119
7837
1104
504
6056
8509
4617
4928
7423
2390
4711
9830
6560
8809
6892
8366
9538
5532
7377
5036
5064
9478
2672
1666
6492
9858
1859
7462
3267
3421
1560
8833
4264
9127
2422
2254
524
9441
8842
1124
538
2135
9569
9067
4916
4121
3575
363
1238
1655
2099
8056
1562
611
4138
234
8877
7984
8105
2752
2712
909
6474
2523
5375
8871
471
6633
785
9018
2629
8671
5296
4319
9660
7152
8315
4020
6718
5553
8867
8513
5238
8924
6894
7128
6915
9148
353
9724
4428
3579
1337
4837
8550
4755
3334
4419
2508
7580
5293
4803
8532
1902
7569
2529
5773
6742
7503
3133
8826
474
3209
746
6363
706
4233
3882
6761
3250
8456
9439
3373
6622
707
1556
7929
7562
804
7771
1724
6381
2761
5605
6547
1733
2069
7322
7288
7673
8057
6548
7692
1927
5258
585
7957
1568
673
9349
305
3469
918
7761
8831
2896
3289
4542
9739
4624
3967
9149
4036
7649
4719
2194
3099
1150
2473
5040
3801
6983
4258
7069
561
2144
7642
8383
6481
9731
7056
1247
9262
3946
6621
47
5249
1805
3429
7085
6815
8976
1049
7233
213
5157
7087
9829
9239
2757
7800
3963
876
4902
7593
3931
3343
3698
9480
767
3779
4146
1974
7180
4662
1161
9777
4921
9719
1113
7632
9069
3000
9187
387
4486
9007
5153
4888
627
760
282
754
3838
4301
8601
6020
9489
7145
5962
3982
4426
9549
7909
1340
5585
3614
476
6351
9009
3146
1148
2485
8627
8636
4005
2256
5481
4990
806
2970
6711
8228
8087
3224
4070
8664
3143
2126
4090
551
8245
1797
8704
3013
2946
4035
4497
7023
1906
6839
4739
4722
6347
6652
3131
4240
8574
3900
5113
4421
9907
1504
4034
3061
4017
4291
9472
5968
4417
2780
7683
2535
6629
2964
5780
2307
3913
2720
9751
4609
9217
9355
5214
4047
4305
5689
5435
2966
6330
1492
1497
7229
3138
7753
2799
3106
8358
9365
4024
6770
2313
9818
7665
980
695
2764
2542
1457
4720
3847
7259
5419
5183
3310
3217
5363
7295
2978
7082
893
4728
8537
5227
6871
7317
5980
9401
6620
6935
9025
9352
719
7231
3629
6952
438
3690
1671
248
2921
8068
7937
6632
7680
4749
9872
2975
5013
7656
8186
2430
2547
5494
3219
8048
4898
8160
1119
6751
3030
7946
3570
5097
3040
8862
5322
4201
2284
7086
5109
2577
8516
7488
8780
6764
6734
8981
1820
722
2183
3259
3070
514
277
228
452
2907
9225
1867
6269
225
5438
4265
6467
7995
5795
9212
7872
4950
6371
1637
4254
6385
3372
4829
9709
1249
2090
5609
188
8732
3319
3377
3332
5847
3081
4629
6457
2114
4736
4543
9511
9680
778
450
7911
3681
6255
5352
1428
5025
2386
219
4691
9677
396
5112
1892
9461
8001
8276
7964
7598
1524
6215
6375
2008
2028
5582
112
1070
1843
553
9831
5922
2287
9814
3991
5039
170
1272
5885
8231
2845
9693
8311
9166
715
1273
689
5615
7528
3302
6052
6733
2596
7760
7863
9324
3145
6979
5464
7138
8989
967
3108
8814
1506
2216
6204
5570
1120
6233
9143
5591
9192
2493
5142
7195
4230
3235
8818
4209
2922
3115
9556
969
8670
2082
6838
8267
8639
8775
9686
6704
2880
841
7276
6802
2539
3834
9015
2474
7043
975
7617
1239
458
385
5037
8188
3278
7214
6737
8162
2495
9568
6268
2999
900
3269
148
1321
3709
6161
1941
3572
4618
6948
388
9404
2382
3444
659
9320
7350
1875
6602
147
343
2505
4766
5806
1033
6829
9329
322
4304
3702
9701
254
7329
8888
6310
154
6455
9003
6579
9658
6667
5283
7748
7817
9936
6615
5824
2010
2203
7891
2476
9265
7175
7804
3634
230
862
7952
6164
1147
3268
9636
1669
8890
3241
5685
5764
4069
9377
9655
5451
6972
5511
8790
8622
7664
100
1038
1192
3056
6132
9864
6533
3025
5218
552
960
731
2418
4745
8221
5323
8676
9931
7590
1223
6390
6296
9877
5159
4488
5029
1644
7709
868
4820
6440
5594
8386
3162
3314
6087
7651
1729
7918
4365
2392
1775
5261
220
209
4056
9654
7364
9617
2620
284
8086
7388
2385
2578
7733
4740
4727
9434
8067
9533
4983
1929
8850
2549
1924
4893
4677
7616
807
9238
1735
3689
6798
8357
7889
930
1571
7007
3667
1464
6101
6050
1131
3487
7992
3499
7840
2947
7408
6863
3839
9752
5075
9236
5666
3757
4337
6076
5353
9043
1473
9930
164
3589
8074
9386
4839
6051
9493
5692
8737
4466
8169
2330
3675
7960
9526
3010
4731
4189
3304
7684
5377
9492
1311
4095
4494
8449
9778
545
3550
1864
8811
9642
6223
12
5867
6416
2492
7977
5059
459
7398
5522
7419
2745
5359
8870
7532
5814
8128
2171
2279
3993
5782
7010
4088
7142
3637
5368
6817
3704
3510
9951
2687
5302
5081
7633
9682
8660
1606
137
2800
2302
1323
525
2185
5950
8474
8292
2444
8726
2512
6032
4876
7072
6348
5086
4556
7741
2417
9987
3554
1118
7108
2111
1280
2788
8520
8648
5580
8756
5241
7279
3890
1853
2374
7332
6475
7526
2457
6105
1003
9451
3183
324
8000
6401
9734
6319
1220
1078
1165
3247
2721
8145
8978
3776
206
1465
4758
171
4697
4862
4883
697
6284
4384
5163
2358
3054
3348
2630
4116
8604
2223
5021
1436
9882
6664
2337
1164
3670
3465
4954
2872
2962
7096
2826
7192
42
6334
3033
957
3524
3276
1767
6094
1954
5220
9915
9428
3926
2464
2364
8166
1274
643
8036
2849
7079
9809
7282
822
3197
0
8729
3103
3989
8992
1848
8967
5272
5652
1991
5948
4608
1434
3906
8251
8948
2632
2489
9267
6261
1253
6342
6992
5478
8398
5900
6550
5045
5838
7141
7011
3791
8270
1510
780
4708
9994
2217
4284
5493
616
5811
3192
6282
8979
5762
6303
2893
1514
9314
4397
2654
4698
972
7835
3601
3889
1028
3266
9182
9199
6491
2792
118
6907
632
6848
9748
1487
6922
9750
2677
9145
6914
8114
1303
7830
7570
701
6222
5085
4464
7950
5469
1354
4226
8263
5821
6971
1440
6538
374
1179
1914
1414
5716
3567
2059
4632
406
7519
6070
8269
9779
9688
9862
3158
58
6725
1212
9281
2140
8217
6417
6151
685
1079
9646
7905
1691
9381
6471
1268
4746
6619
5964
8277
8673
2037
2812
9736
5572
3107
88
2354
8768
1601
1873
7975
9406
2530
3682
4360
832
8980
3339
8491
7245
6674
6826
7098
7336
8010
9842
7691
753
8066
985
9117
6037
9093
1704
8747
6163
5748
8720
9666
4690
9804
4738
1594
3587
1977
738
2555
3194
8529
4955
9920
9828
3062
5485
4186
9988
9338
2278
9264
3769
109
4789
4442
2345
508
1717
7030
2689
7285
3616
7114
2318
8244
9566
4510
4938
3823
3299
2789
6709
8595
9285
2349
1917
2746
5300
8359
1619
1408
4290
2280
928
1850
8252
6899
7705
6490
2130
53
4407
8154
7117
9789
7524
3662
6753
5087
3400
9545
7307
581
9255
3623
8813
8223
3258
1607
7445
8781
1187
7574
9560
5101
626
444
8873
7486
6053
8077
4015
1541
5024
9313
5088
9369
830
1202
2469
2259
6518
8172
8917
3934
2197
5600
7510
7016
8416
1088
799
9060
9058
6298
4602
5947
671
7316
8472
8062
5733
6796
764
1322
4850
1833
7711
4474
1185
6913
1845
5937
5835
3744
9307
8239
7369
8906
4546
3448
699
2734
4363
5245
4105
7762
9068
6524
4480
9728
2521
3305
4753
6908
6436
848
4328
2700
1086
7465
5275
3285
2714
371
366
7256
4418
2
4644
9139
2320
4043
8904
9408
9896
5873
9581
4057
8838
9573
4930
7619
1413
7104
7615
6703
5318
8230
4557
8452
135
8761
1614
8196
5284
8070
8688
1634
1821
5426
3671
5279
1641
925
5642
8191
9219
8783
8377
4545
8629
2352
5164
6047
3187
5077
4672
8018
456
9020
1627
5520
9077
4694
4798
4288
6820
1021
3074
8320
2561
3341
971
2499
8014
8674
4152
6792
5636
5846
3877
1143
3032
7299
5223
771
600
2520
6719
4492
8754
8094
8025
6767
8304
1437
7993
3598
4244
9977
8328
368
7572
7678
5184
6728
7373
608
6706
7074
6345
9885
1599
9800
983
8822
6251
1456
1314
8669
2296
955
6985
6546
9850
6200
5907
3113
2043
6278
5957
3480
7520
8140
8024
1919
386
9626
4868
3752
3558
8840
183
3256
3701
8031
8173
8365
6654
4376
7994
4443
211
9761
9661
2882
6862
4172
6572
5054
1885
6035
8746
7439
6358
8953
2012
6854
8714
4410
250
6810
6784
9726
4553
6635
8695
7381
801
2174
5721
3325
5535
7312
3340
2060
9388
1106
2258
9031
8432
74
9945
1513
5684
3072
2514
5638
3263
5768
2273
3342
5104
3858
888
4827
7228
6587
8354
8043
9684
2507
9941
8205
2659
3612
1225
7935
5627
1173
3476
1946
7836
1937
859
5597
2487
2437
5512
5280
2027
5174
6240
7765
8352
1008
3489
1933
5973
7740
4482
1670
5718
3683
3026
4091
4042
9902
8675
9119
5860
9261
656
5623
9741
1194
8497
4610
4647
922
2286
8878
5969
7374
507
153
2263
9392
7587
3075
7634
2506
7033
2860
7024
5981
7972
2351
2458
4130
5579
7839
9886
4084
321
8496
4204
4390
2348
899
9416
1903
8327
1584
2268
9607
8181
174
8902
5736
6493
8827
5011
2373
3485
2446
2711
9609
3941
7073
8179
2128
4879
9471
1842
4806
7100
8921
5693
8933
76
9168
3789
8314
7648
4046
7371
569
3750
3200
2959
4199
1362
4710
8424
9852
2693
6724
5631
3998
7914
9413
5233
2705
9803
2207
3007
9604
5006
5276
4796
2462
4040
6856
8849
8009
710
8333
5537
8987
4341
4579
2580
2244
1344
8249
5987
3
4053
7454
7730
4566
3705
2832
8023
3346
666
9625
6225
7966
7869
589
1664
6057
2874
6279
3780
4463
1502
3092
5417
3515
3317
9202
2414
5793
4119
3571
3939
1757
4972
2951
920
2024
2164
3927
5482
4785
5601
1060
7702
6968
8919
4251
9611
1498
8983
5492
5396
1071
4544
7218
7703
3338
1999
3175
2139
8913
65
2452
3287
3437
562
7595
7464
1197
825
4520
1396
4562
1687
2607
2353
6946
7315
9903
8458
175
7801
6562
3298
2383
30
6080
742
1955
850
8108
6116
425
8881
60
9131
5699
2046
3736
1537
4797
8170
2892
3635
2448
622
8646
5259
9921
996
8645
3228
8164
5401
3722
3154
9732
2475
5053
4175
4401
1835
4313
4659
9700
9412
9532
6740
9837
7508
7372
1546
3865
2777
73
1356
6875
4135
5927
3053
9960
8579
5917
5348
3117
7754
5687
5151
6073
3884
1808
9004
2552
2112
9038
3413
4951
8259
1024
618
5099
1196
247
9764
1854
4792
469
4249
2255
1462
8408
8876
9869
8133
1963
8206
2797
1127
4318
5310
9555
8391
5938
8050
3511
4853
3824
7132
2379
2930
9486
493
8482
5447
559
3551
1787
3055
1248
8247
6486
575
2809
1688
6800
1553
5136
9943
3564
4998
5442
5402
2003
5993
5770
7121
3891
7645
5176
6864
5009
9613
4663
9065
8582
2165
5181
5222
9485
6018
1199
5089
7816
4881
7604
7717
8275
6473
7396
9922
120
3311
8130
6571
4985
6877
9745
598
739
7321
4309
3212
824
7813
6655
5338
4650
4826
5331
1860
9557
917
9385
7654
1067
9801
8178
384
4093
5484
6641
8663
8184
8791
4451
5714
6209
9959
3398
5851
9162
5143
9671
7948
3697
3563
2865
5217
1447
1453
9727
7527
4420
7400
4048
2421
1282
5715
470
847
1074
6600
461
4993
3527
783
8461
512
5050
4133
4666
3503
1368
7543
1863
393
7123
8313
2741
5763
530
2701
7222
5604
2599
98
4912
8936
432
8808
4773
6447
3246
6754
8368
1363
9552
17
2019
8805
9070
8459
2293
4832
5008
2997
2833
7793
769
5971
6107
5741
2277
4696
2175
9978
4942
3548
9984
2405
269
1624
4874
180
1276
9575
5030
9981
9815
8860
3420
4200
950
9183
2766
127
2438
4866
5448
3816
4194
5901
7193
1515
5640
3541
4576
6021
9694
5213
1925
3446
7697
1992
5565
4378
7743
6425
749
1485
5978
7385
713
8609
6112
2634
9650
70
1834
6844
5880
7281
3609
4320
9656
802
2884
2618
2285
1872
6389
3728
5680
5080
141
1665
7907
7723
7873
2026
7463
2341
9470
280
2938
9760
5752
619
6138
9231
903
9737
8069
6144
3897
4519
1389
8248
3815
5003
2478
1160
6735
1657
6118
9337
1256
5976
6505
2572
8451
6640
3328
6081
7057
9407
7052
3566
6244
6157
1673
1406
6720
1534
718
8495
1299
8515
5239
8558
3617
7671
6193
82
4771
2479
2684
516
4521
7831
4873
4145
5661
9796
1014
7967
8966
8075
1813
1359
261
5798
4228
7798
5372
8610
5390
5068
2834
5747
9372
537
7731
2900
2909
5503
5292
7391
3909
1604
7265
2870
6988
9092
5575
2264
7154
4821
4614
7122
7933
2875
6124
9027
3862
4978
6177
4615
3336
1126
1552
437
1210
281
4945
7380
7202
8299
7843
2107
9704
2796
3218
951
6452
8220
6270
9053
4892
6064
9641
50
2633
4356
1298
4434
6190
7303
2647
5357
1232
2355
359
156
2195
5833
8109
9276
9158
2661
6191
2525
2347
4473
5850
4003
429
4276
2147
9432
383
6431
125
4965
5541
3275
9738
9998
6014
6026
8527
446
7367
9292
8460
1753
2526
317
4824
9319
8442
8498
5311
407
1035
1411
9409
5256
7475
4176
4350
2843
6260
536
2467
8668
4218
3948
2016
9676
2511
405
9554
9096
9083
2905
8975
3738
672
463
7479
9340
2558
422
8751
9283
7198
6776
3875
5298
3220
3223
3383
1198
586
9223
646
8812
2201
9798
9863
8076
2571
4092
9913
6599
31
4498
8433
1656
3252
1577
4058
571
7119
3805
7513
6361
8111
3172
7772
2614
1222
7170
3134
2990
5551
6006
276
2312
5337
505
4623
3693
232
1831
1625
4835
7663
8591
4860
4470
904
2786
1639
4117
8159
5590
2066
332
8042
299
833
663
6955
923
6889
9400
9524
6884
7746
6110
1994
6612
6030
6643
2243
1309
3953
3833
3094
658
7155
7487
6858
7855
6989
6201
2753
9956
5758
1938
7921
4109
498
5996
8322
3540
6594
8741
6957
6009
5839
222
496
460
9336
7378
323
5706
8580
2716
229
1540
2918
5781
3525
5740
9453
8240
8984
5812
8127
101
6744
5423
9030
8957
6498
8246
8598
7483
7661
1229
6973
4170
3707
9370
4988
4682
3294
3337
9247
8788
93
4016
2631
5210
6741
486
8691
3179
4282
1968
640
5491
3886
2416
5049
4286
9019
7221
8773
9312
7246
6831
8167
2297
4526
357
9966
1177
8011
1342
6445
3478
7652
3512
5665
3560
6624
4975
7197
4547
6772
5458
4569
4477
4923
2134
6277
3819
8379
9616
8996
6437
649
4270
1011
3049
4412
4530
1887
361
8176
6217
3161
1140
2159
2516
4166
270
8869
8943
6695
1951
582
23
6651
973
6106
9450
2064
4433
3813
8899
2546
4653
4882
1151
3669
7084
9543
9164
9548
4163
5407
2958
981
8463
8631
8677
1215
602
7720
1591
8136
3644
3988
5997
2335
9362
6662
9294
9620
7925
2704
8752
6017
3315
6167
1193
8620
8343
7870
7095
6634
6746
5430
5211
9052
7592
7516
7331
3997
3639
4487
351
6478
8765
8577
1799
2398
1722
1940
9491
8329
3983
8177
9678
7852
7447
6507
331
4381
7850
484
6339
5625
6438
9346
1390
1191
1418
1654
7750
3812
2148
4231
3098
3027
8684
3410
7682
1846
6410
5644
8271
7134
686
5681
9702
3243
7530
704
1182
9917
9949
9366
7931
6809
1689
6901
1828
8995
4326
2481
3867
9496
1388
9275
8397
711
7763
7546
5548
11
9356
8962
6503
3381
235
5472
8268
2407
8492
8503
6137
370
411
8241
9152
1602
131
2336
414
4361
1617
3691
97
7473
9946
9387
5076
2378
7782
4689
770
2106
5312
8284
9681
8895
6549
2494
8793
7264
9597
9758
6422
743
9848
8415
1743
4596
3658
6712
3607
3573
2802
9883
2224
8583
1471
4237
4582
2627
8141
6967
6868
9105
7932
6984
4537
9782
4332
3764
3959
3640
1145
1312
7573
7314
977
8072
3581
999
6346
2018
9444
3238
1838
3396
757
7014
7446
8652
838
3751
1059
5286
4723
3168
3084
5158
8690
792
8651
8689
4683
2249
7495
8044
9606
4620
5686
9259
3641
6280
1558
2775
6039
8008
8465
2595
9299
7127
7940
1533
2928
4113
4570
1865
7759
6726
3216
1720
1037
3645
1380
8616
6516
7326
1978
8413
3915
7094
5527
9348
9536
8283
5235
8475
7325
5861
8479
5690
7718
2146
6866
2248
8892
144
8952
8466
9794
3078
6958
2442
6543
8006
6974
6341
348
2778
1027
9634
81
9985
5663
1393
2710
7093
6986
9447
3686
6557
3556
6504
38
5658
1163
1221
1694
4010
239
4302
6458
744
6063
573
2454
7051
424
3274
5303
2690
2184
6649
3559
6139
1841
861
4449
5632
8657
9790
4936
665
9505
2178
397
4932
7988
8853
5212
7832
3783
4235
2762
8430
8501
926
2945
863
9714
820
8334
6391
8740
9525
8774
5602
3380
4454
7694
9513
3046
5656
7557
3630
7476
9670
9715
2983
8879
3390
9873
4137
3293
4321
9871
2837
6699
681
2157
4216
5135
7974
9621
1803
2326
1050
9874
4971
1953
5677
3976
8717
2960
700
6344
7110
6189
9679
5194
5477
6071
1501
7934
3073
7550
4574
727
5620
9180
556
4129
9256
9044
8423
1881
5200
7293
9008
7784
4193
8312
8649
9716
5819
5131
189
5187
9232
6462
9373
5933
4044
1896
5226
8778
4429
1682
5421
436
1692
4886
5460
4435
3893
285
761
3110
8667
8125
3360
7065
8559
7943
3680
9996
7434
497
9754
5405
6469
6188
9465
5413
5018
6850
272
310
4946
3741
1130
3436
1659
1508
6789
1427
4952
3665
3586
2127
4122
4716
3853
7348
7807
1785
1877
4927
7504
1998
4611
6443
8891
465
9421
4364
4506
1880
6539
6335
2387
2798
8401
6782
1245
2395
3938
4822
3523
3463
5554
5999
674
1629
2425
3755
8122
9718
902
7268
8049
7549
4793
5066
5854
5166
7699
9879
8477
2953
3799
6
4366
3656
244
5788
4828
4757
7406
9497
1443
3303
4616
4370
2238
462
5444
7346
8985
2735
1621
3260
402
6763
776
4703
2054
256
2902
2083
8499
2963
5599
652
7491
8047
9071
9454
1156
223
4242
3349
5313
9328
919
8956
8478
7063
379
8640
1907
8553
4438
2460
7048
4065
965
7168
9422
5128
3249
6588
4937
9125
7963
734
9993
2822
9475
208
6860
9599
2863
1387
6316
466
7083
8909
5139
2995
2805
3580
7275
8508
7318
9334
8885
7278
5462
5168
8096
5802
3152
1355
4422
5061
2160
2914
7009
8165
6291
5918
9509
3879
3416
3375
9806
8613
7962
3822
4774
2070
784
142
2177
6326
1142
1791
5688
8940
8880
8908
7818
6034
9916
565
6078
6730
150
7184
1002
5055
8861
2965
193
3960
1806
1565
7842
9602
4236
7636
3688
83
7357
927
7571
6836
3935
6841
7208
8100
9730
5921
3316
6708
7250
954
3011
3509
3403
4788
7612
1064
8090
661
2906
587
6290
1243
8032
5588
9541
6299
4528
2588
8155
4211
2423
3846
8041
273
4307
877
5619
1174
5882
7080
6152
8260
6882
6903
2321
5264
1259
9304
3725
8804
2123
7305
2838
7566
267
8727
55
4375
365
4861
7414
5382
4107
5887
3118
6570
6059
1255
840
9765
340
5441
6936
942
8884
40
9040
5208
3149
7951
7545
1261
3188
5722
5304
6263
4324
341
8843
2587
8523
2325
5836
2017
233
2548
3943
3393
5387
5711
9214
4368
5517
9717
8546
122
7143
9967
1609
5998
4680
9553
1349
8306
5869
933
329
1244
3307
8392
7000
5628
5734
295
9622
984
8059
8794
8407
8286
2602
7493
2885
4939
7425
8194
2257
3770
1461
350
6910
9579
6379
5719
1203
5700
6596
9673
2583
1547
2261
5853
8426
7866
240
6942
9667
2375
6370
9983
7985
2767
6692
4642
7370
5369
3642
6609
3060
435
8089
7919
3584
4343
907
9802
7220
8929
6463
9964
4391
7379
1773
2292
4751
6350
8029
9263
4599
4114
9159
7953
5807
2903
6025
9080
7166
5023
939
1824
3204
138
6870
4298
8019
4914
4665
1083
2342
4241
4210
1878
1897
3222
5909
2323
1328
3765
4760
3626
3254
6045
6584
3825
7538
4778
1486
7146
4132
5452
9136
2641
8836
8324
5058
6738
4933
6470
9279
9022
9531
9847
8713
4583
8723
4580
1209
9318
8554
6849
8796
9674
7433
2869
6575
3602
3471
258
3374
1523
3407
467
8830
6775
3090
8137
4297
2817
3137
3356
574
9399
2091
8883
4859
1058
6049
6321
795
3361
6577
768
3679
9210
3392
2808
1754
4733
9050
1091
3312
9502
9696
1642
7089
3350
3002
43
9102
9603
3495
6435
1712
8342
885
6382
3144
3880
9668
6038
9147
7920
3700
2604
9855
5810
5257
1190
2697
5178
6407
6464
7877
7567
7161
4517
8131
8103
2211
1211
18
7578
7401
2056
2709
2765
9770
7304
9483
7354
1912
5116
1055
2477
9558
962
7047
9099
1216
8625
7136
924
2830
4086
2013
9308
5826
6876
327
7125
935
2138
29
3003
6835
2943
9840
9024
1921
6785
7912
3696
897
625
6679
8385
5496
1771
9905
392
4717
5794
301
9865
3513
3496
7217
3848
8085
2940
3854
9515
184
8490
9706
5958
8701
3297
5525
8182
3261
7942
6396
5278
6236
8889
1178
3804
3743
7811
5769
6769
1915
20
8107
8395
6273
3718
7898
8942
2518
2801
7971
1628
1377
2080
3552
6085
7118
7896
4743
8439
3925
2934
3165
6043
8914
4966
5185
5940
8986
966
8680
6086
2272
8214
2790
8725
7585
8058
6555
4416
3975
1569
8013
8692
4701
6745
7008
9577
6945
1738
5192
6669
4925
2270
5945
4960
9797
9585
7851
15
3109
3625
1116
2605
8422
5669
987
2758
2685
3428
4453
6729
1589
71
3911
5724
9032
3080
1500
8243
1626
5502
4626
6925
887
241
3849
9364
441
3116
8297
7910
9233
4573
1931
1760
6466
4013
6448
9061
6095
9165
8868
886
9109
2484
6515
2097
5083
1075
7956
2795
8910
5521
6847
6360
2062
9207
3958
9173
6309
5399
8647
638
4635
4280
6663
5445
9076
8945
5915
8208
883
408
7514
2519
4539
8807
8965
4452
889
9892
6477
3543
1598
2315
8295
2465
4603
8817
8080
399
1570
9211
2500
1016
4870
129
9640
4967
139
5370
8797
7575
3898
2006
8650
6923
4289
7881
979
4479
3775
6766
7659
4948
2081
481
1549
8749
8834
8078
8052
9354
7949
3244
6521
4001
6689
7983
1727
13
6111
9228
7026
4715
3936
103
3831
4198
1477
4809
1616
5755
1429
4496
1511
3424
1044
7521
8486
442
702
988
5914
5480
1132
1360
692
4399
7257
4767
5908
4333
5930
5403
7838
4431
6131
9115
9240
4643
5229
4864
4183
4554
9116
1347
6673
2120
2560
9081
4371
2252
3814
8174
6002
9112
5473
5146
3857
9630
3930
3605
376
8027
2092
6906
5422
9971
5803
4887
2537
6962
3440
2908
8028
2771
7734
4248
364
793
4147
726
2968
1652
5916
6353
3729
64
1876
4756
6531
5246
2049
4867
5739
7890
3151
9302
9982
4067
4858
4049
252
3483
3724
678
3288
6183
4996
8293
1291
5443
2592
8157
8434
7624
3578
2564
37
9644
9431
9118
2971
6333
3226
3537
3205
56
6859
9091
8828
9570
594
2827
1369
1329
4491
49
1839
9072
3619
7625
3739
2597
8502
5756
8494
2118
3362
6723
7286
6126
9095
4513
4634
1095
5542
2989
4142
4012
8061
7040
4111
6788
7650
4278
2804
6256
2731
5920
7477
5251
9914
4448
1923
8901
9101
4336
5252
4588
1022
3239
2439
32
7236
1862
2393
865
6230
7685
116
6397
9317
8700
356
1450
4087
4533
5513
4750
4315
7148
6315
7054
4595
4203
453
6804
7103
9628
1672
5877
5046
2681
1922
1703
1531
7365
3685
4515
5874
1421
6513
1660
7582
8711
1936
5903
2145
6790
8705
6530
5884
7706
6292
2517
7320
5317
1905
7149
614
3231
200
5751
7999
4911
4180
7165
2504
3785
908
5215
1592
8237
9161
3486
9054
8728
2857
532
1206
1176
2399
7413
8991
1262
8635
5639
1752
4424
3973
2582
2057
4261
492
2987
4922
3807
4243
4256
2384
6598
4255
6670
245
401
7944
2992
8736
7893
4465
3150
2073
5431
1410
9013
4380
6683
3201
4445
7621
6054
7618
9866
7270
6246
3119
369
5388
3631
9487
9563
8400
2032
9997
400
2682
1597
7156
615
7958
5540
2359
3505
2222
7755
6320
8168
654
3057
1367
4055
3978
5863
2305
1613
9999
8941
4956
8455
7058
9649
9939
7908
9784
2719
8187
7060
6272
6672
6331
1708
4686
4903
9685
9906
2608
9026
4188
1430
4143
3169
2445
8370
6212
1334
4340
2429
8346
5610
777
4646
4089
6196
4581
7825
5879
464
5165
3460
4848
2265
3139
5799
7777
7353
7941
9156
6585
7844
6752
3322
3781
6601
7602
6511
6916
1398
4918
4980
4800
9415
3735
6843
5896
779
9823
1611
4693
4490
9512
8988
6479
2388
6716
8033
8440
3184
4358
6561
5334
5776
6873
5646
1930
9474
4929
3280
6294
7926
8200
7451
3962
9249
6218
8113
4404
3914
2098
4173
9947
1516
4920
7660
9955
1188
3565
8210
3730
8578
8235
7713
6015
3382
3227
1538
5048
6980
7799
1292
1529
5386
9934
5893
9446
9414
6192
5038
2339
9010
5346
3096
2887
3378
4217
5154
2933
9437
864
7359
6430
2076
5534
7853
2463
5961
5056
2695
5234
736
3923
8825
5366
1815
410
8672
5266
9708
4540
8309
3615
3951
99
4877
857
2488
28
9534
6909
2733
2406
7507
6241
8022
6583
7712
1913
4943
445
9455
7045
8549
7126
7394
2688
214
1258
7435
1099
7672
4123
4633
178
4780
6150
4499
8716
5108
5243
2818
6902
2679
4645
6661
4141
1784
5726
2842
2432
5875
9707
9975
5528
59
3358
5440
5324
5236
5723
8706
3130
447
7066
499
2784
1544
3829
9074
3861
5844
6919
1146
7955
7131
3135
921
2502
2861
8634
7455
382
9047
5268
7453
2361
1030
2052
2317
9584
9963
196
4159
3652
963
288
3999
2639
7583
1812
662
8916
4997
8457
1774
9445
7347
7997
1017
9311
2167
3864
7449
7162
8470
9805
5294
5499
1578
8955
1218
9957
7468
1630
9539
7420
162
4660
8659
7416
2239
7021
9675
5152
3148
8534
297
9473
6068
6881
5270
2776
4668
2269
6154
7215
1698
2142
3808
4177
4549
6551
3203
9860
3318
5047
9242
7518
5598
6221
5674
2585
6318
4592
3711
3406
4127
1109
3494
1100
6888
7219
1455
6411
7767
6541
5531
6496
115
7062
6313
8427
3534
8274
5738
1530
2109
8258
4699
8724
5963
5436
6747
2490
4558
207
668
2645
1536
3213
1043
4714
7879
5931
2362
3170
3516
4245
645
4408
3836
4266
7862
8051
7151
3966
1236
7002
1800
2841
9087
9205
9436
3782
9396
279
4478
9970
5568
8372
2491
7525
7349
6768
6787
4776
2886
6937
6243
6311
3071
982
8570
7882
8857
8683
5992
9397
9938
5169
2365
9551
533
2262
1645
6623
9820
755
2246
3969
90
2014
202
3095
9648
2976
4208
758
1948
4572
9411
3264
334
7330
7213
5634
7402
5063
2202
1480
8894
4033
5385
4234
6402
4934
5949
6872
9695
5746
3772
3627
9839
6506
6460
1976
3827
3451
9251
3708
119
9851
6590
6773
9107
6578
117
9518
5117
9601
473
1792
1308
3202
6041
191
3668
6589
8344
2774
5578
7584
1996
3455
6395
5465
4896
7300
9106
5533
6187
5289
4675
6499
6857
5344
3389
3811
1339
9508
723
6681
1956
3037
5842
6886
3063
9128
6534
8053
123
5301
8612
6399
3594
4899
2942
3888
9034
4060
132
5830
5373
5432
3518
3384
9662
1855
8
912
4063
1874
1857
5459
4657
9237
4006
1483
2747
826
9614
8969
8364
6702
9402
2295
8779
7363
1789
6235
5977
7284
187
8121
342
1721
1548
4392
2435
7356
2783
3257
1527
6281
5809
8511
831
3333
9605
8757
694
4026
8990
3809
7313
5148
1101
945
1005
5868
9887
937
4560
8950
4415
2603
3777
6795
4165
1271
4575
2357
1110
4762
5248
246
869
7552
4118
6990
7457
8093
6823
9952
9347
7107
6055
3628
6096
7226
5273
4815
320
7846
2873
4179
1981
2993
8602
9753
7669
2041
1796
8332
535
3012
1847
5488
9203
8605
2020
4752
2303
554
4606
5115
9286
316
6229
1879
5071
2344
2143
1723
7899
628
2653
9523
4344
409
5539
5376
8930
3124
9522
3577
9749
3045
2104
1260
9195
623
3659
2994
2948
7668
1031
8376
7638
1615
7834
9772
6616
2738
7164
7704
8547
1947
3972
8543
6898
2366
9786
7163
6074
3363
7531
4110
7172
6420
4268
4050
6079
7254
6694
3593
8414
7556
8467
7979
2005
609
136
201
5942
9816
593
3922
217
5667
4775
6949
9201
6327
4484
2122
3817
163
3716
8776
3419
440
7698
9250
7535
5362
5487
1825
6449
1567
9979
5538
4805
5467
8839
6944
2856
5140
242
6324
5497
1563
416
1149
1823
6593
6951
4585
1284
7191
9593
9980
9653
5840
2240
8538
96
1401
8363
6123
613
6142
6523
647
1638
2100
712
2977
5290
6364
4590
4555
5332
4509
286
677
2658
6153
9371
9479
2559
6653
6219
3234
6065
4411
7710
8719
7038
6033
3952
6687
5190
9194
5679
8977
8003
852
2636
9811
7725
5319
648
1631
6250
9184
7456
7157
3031
7115
7352
5126
6749
5577
9224
415
7676
2242
3320
849
7857
1417
1330
4329
3047
8920
1385
4831
3907
8564
6568
3787
5825
3001
8335
2895
725
7695
4184
5696
151
7144
8319
3174
1643
9078
9208
6198
8626
9991
8954
5002
6520
503
2920
4028
78
5524
266
3387
6340
6453
6713
121
4125
6791
7498
5595
5862
9854
6801
8500
5091
2472
6501
7203
2540
7031
6646
1039
8454
5186
7779
1310
566
1454
5355
3971
1019
6526
1935
5654
9544
298
8760
2898
3196
8556
6013
3653
102
1336
782
684
813
182
4688
3521
5559
2015
7059
4232
5757
260
1376
7686
3576
7722
3592
2660
1115
555
5965
2431
4705
9639
8149
3021
7631
6617
811
309
418
3467
612
3821
2590
6586
4396
7766
1668
7337
9035
5188
7606
1837
133
7502
8928
6388
8734
2119
4296
8104
6171
205
2050
2235
1320
510
1928
9331
9488
7471
3965
5818
5365
2717
823
5710
5954
961
3599
5801
6162
7888
7729
5645
4963
6582
2191
8307
4754
2289
1442
6690
1128
522
3762
3664
5618
7696
821
4430
1590
1793
2984
2282
5479
1004
2683
4164
6119
6976
9258
6264
249
7677
33
3583
3501
9438
2668
911
3610
8802
7591
167
6267
5149
4120
1807
7289
9571
2941
8045
5020
347
913
7996
2708
6104
1290
2829
265
3985
6421
9795
4331
8273
1433
9535
485
9783
5092
8603
1094
9204
1811
7601
8528
6414
872
6199
4310
7206
6727
7362
1765
7610
8012
3872
7129
7700
5446
1610
3957
5778
8823
3182
1572
6610
2773
1081
6805
9254
7622
7472
6563
8112
9793
3508
3323
8468
7564
9595
2300
2570
5111
8541
9550
1254
8485
2593
6285
634
2877
1285
6377
4674
3830
6274
2974
1798
729
7928
6172
4619
2957
9257
4274
8925
75
7355
7849
839
1894
8480
5929
293
8143
9638
1405
9216
7235
4437
2825
1493
6855
2616
8803
8212
1326
9273
7027
7558
7182
8175
6684
3920
5728
7701
6372
1241
3500
8233
843
4712
2190
4678
2360
3048
5394
4518
6559
6645
3855
7859
8115
6832
2251
8927
5616
6693
2179
4158
6675
6666
2615
2136
8419
6978
2671
1749
1266
7690
1092
3649
2785
6569
2923
4909
3164
2182
2988
51
6459
2675
4167
3742
3600
3530
5543
546
1129
126
1235
2187
4351
8715
6762
3684
1676
9632
4108
3643
3271
4102
3335
1719
3929
3484
2132
8462
1901
4844
4986
8004
548
3265
2363
495
4157
1286
2332
4041
5509
1751
2149
6143
9321
4205
2881
8624
8722
714
3883
1945
4910
4413
8038
3394
3977
9836
3166
2986
7726
3181
2744
1786
1525
1870
6349
5232
1407
1279
6865
7001
3720
5012
7395
1816
3132
7961
989
9467
9012
3086
5260
1357
3638
8951
3837
6814
4262
5713
3160
4023
7120
6022
2732
949
1125
3367
8854
7542
2728
3595
5822
9383
6648
6482
3970
8521
7594
4976
8116
5561
828
4721
4153
4854
8964
1780
1959
5766
6647
4099
5412
1596
5858
434
8464
6317
1089
9589
7190
7674
9924
9619
160
5391
9572
9191
3309
6058
8316
3901
8296
5043
8120
4299
9711
204
3968
5792
4905
2667
3388
4639
9510
9775
9084
1306
4385
5342
8441
1364
3596
6803
3694
6869
976
1458
8369
5133
5189
592
3423
7752
4802
6627
8864
7739
7607
6127
3792
4279
1281
6956
421
5180
1979
2204
1319
5731
2440
9134
7758
7090
9137
9600
6090
5664
3987
4252
1746
9725
1111
7036
1618
9791
953
9175
7241
5939
4842
9323
6011
4974
7522
6842
534
2557
9017
5144
9358
7716
1518
6008
4213
8337
6409
8755
9395
7238
7186
6147
8585
1714
873
5507
8150
3329
5358
2575
4002
7874
3919
691
817
7147
3477
676
1231
1725
7917
4259
6301
4112
563
8530
3800
7628
3321
7005
7035
8406
6359
7901
8821
6969
8071
8403
292
8148
4097
9330
8129
2950
4871
2394
390
449
1226
6535
2912
2072
5820
5650
7440
4631
2213
2828
7675
291
3795
4387
381
9124
2850
814
8900
1438
8471
6793
3794
5911
894
3344
8882
7559
7884
1683
8285
426
2651
2854
721
6668
8621
7608
9861
7244
756
302
9881
8944
3740
1107
4181
8079
1318
8738
3832
4503
1509
7018
9206
2609
9426
8799
4732
7785
8544
8425
7339
2952
591
2058
7194
1170
5703
4238
2088
6367
9810
5584
3100
2883
9379
515
5796
6927
8949
1520
130
8581
588
5137
8542
1448
3497
1900
104
9468
5514
4136
4825
352
5110
2309
5160
1007
9227
6468
6120
8473
3028
2077
373
2333
8110
2009
8947
4224
9507
210
4223
7210
8405
8641
4082
6027
2456
9832
6591
2623
6959
8350
867
5564
6783
1446
1123
959
8762
9893
8707
2162
7068
599
1301
6259
4628
5173
3547
2891
3874
2074
2635
898
8548
3365
6701
7506
2910
7389
6016
7411
4636
4362
978
2408
8999
9742
7200
3633
4436
2209
653
3533
4855
5649
7548
5177
344
6678
9859
9908
2739
3519
3981
8994
9995
3195
8782
6574
8353
9588
328
4648
5767
4306
4550
8310
958
6442
362
6434
2108
34
6771
9200
842
7417
4901
5592
4863
9826
8552
62
8750
6527
5498
1794
4283
633
5384
4317
4182
6965
519
4613
6332
6657
6918
6697
8483
8081
6851
1768
853
5635
2306
8203
6705
8339
1512
1219
5783
9884
9234
6630
7061
2324
6891
9357
7860
6883
7774
1042
5727
2501
5100
7856
6997
3408
3417
7216
6174
6731
63
1517
2327
9300
8769
9520
9333
3461
7137
3942
6023
1489
558
172
4101
7064
3896
3866
5800
8261
1085
8512
5000
9598
8531
7658
1251
5629
5132
3405
6995
2376
4461
5420
7343
5330
5641
3330
6242
6532
6757
6048
6428
9767
1869
3774
4684
8254
5425
6412
7500
2154
2779
9135
4100
2161
4383
9298
1551
4425
641
9410
3191
1278
1412
3397
3065
3532
5004
5593
4039
9911
7902
5237
3904
7188
8450
3262
5231
2844
3870
4589
2413
3457
8733
3087
8443
8152
5471
9049
9176
5934
2267
6130
991
2655
8448
3114
8278
7111
2954
2839
7494
6911
3301
8207
2985
1647
3734
3481
3042
2743
3102
1018
8040
4941
1451
48
3251
1422
6676
5567
1559
8412
956
477
4131
5125
2004
41
8119
431
5361
194
2866
6380
511
5675
5255
3009
2888
8161
9528
7970
2486
3459
5489
3190
4144
5697
2150
6393
398
8389
4246
4075
9900
4462
7376
7189
4352
4799
339
1608
2889
952
5327
938
4151
7589
3591
3514
4669
2260
8444
9420
1550
651
9140
2193
488
4900
2619
140
4134
9846
243
8832
9740
5026
4507
2726
2158
8224
4495
7927
2625
523
9940
9899
680
5705
6833
4959
6046
7176
2025
6156
6029
9889
2527
6426
2601
1539
2102
3802
9391
2298
3754
6924
3186
7482
5457
6451
5191
4568
9241
2322
6362
7296
7858
3355
262
7252
3828
1052
4700
7368
892
8198
7786
6000
8007
4456
5017
7196
7360
8005
5427
6950
2168
8349
7551
6286
6912
4222
44
5371
7430
2031
5134
9293
596
3147
8065
2188
5670
439
7563
875
1452
7540
1494
9464
4836
4393
3761
1542
6373
5269
6781
3608
1535
8156
5015
8772
5454
4889
8721
4281
9427
7515
5789
5671
1713
7980
2662
3198
8308
7854
6991
2055
6743
5673
5655
9153
8146
901
5979
9499
2598
26
3778
7954
597
2545
2497
1851
9974
67
7795
9177
5456
5672
2750
2377
542
1950
9747
2301
1103
4468
8410
3129
1062
4947
3902
6564
468
7875
1374
1761
1989
8939
5433
858
5410
3733
3590
7945
1481
4335
2310
8617
6028
6774
7588
4605
6226
9290
4377
3793
4338
6287
6159
5785
1557
1819
9618
1886
2089
1699
2944
7384
4661
3727
9160
796
6954
1763
4014
993
113
7581
8835
9085
5617
4508
4593
6756
3385
1620
7605
9393
404
8973
4692
1635
5360
8242
1861
1234
9287
9351
8388
595
4476
9151
5607
7428
6658
4229
5574
8697
4403
2227
9824
8098
3445
7429
9729
5857
6400
8225
9665
3820
1690
2568
7788
451
313
1623
9780
7262
6483
2611
1420
7383
1503
4149
624
2665
7171
2652
7810
7335
4607
5329
4961
5466
303
7871
5093
4695
1348
3248
8567
8758
8623
9880
5162
4979
5424
3504
9929
1327
4637
7341
8015
4342
1394
7968
8250
1802
3354
9376
3766
3052
5988
6519
7614
6103
9965
1716
3076
2409
9833
2890
2648
9326
4748
86
517
6736
7358
5772
9193
8615
8280
9021
8678
4654
3845
4161
1564
6432
4724
1435
8606
6141
2670
5224
3018
3163
9344
6288
5581
5057
3425
3300
9766
7827
7140
8875
8236
6905
9138
4516
487
6214
2982
1296
4655
3376
7630
947
5878
10
6964
940
8819
2040
2760
2045
881
6133
5883
8742
9928
7490
1496
145
2094
5325
7803
7113
6987
7382
8685
2035
3415
2314
1378
2939
7405
9495
3121
547
1934
7747
9623
226
6036
6808
4263
7640
3916
8618
4077
3185
1653
5544
6181
7116
2674
6812
4011
6249
2022
1072
9546
5434
8600
3899
9150
5870
1777
6178
7177
8373
9440
3749
2214
1240
8792
6626
2451
2369
4257
4814
816
1545
7436
7501
6254
9503
1277
8290
4272
1082
1782
4807
2403
1077
3818
177
829
2916
8021
3345
1883
3327
4287
72
8488
6671
4038
9100
4706
8568
4423
2759
7461
9088
4725
1293
275
6824
1769
5989
5340
6413
4094
1942
3277
9303
6061
6509
8101
6356
3142
8222
3370
5779
7340
2924
1032
995
2699
1479
5118
5784
2707
5558
6665
1587
974
1180
5698
2192
5349
3687
8587
6312
5400
1093
4782
6628
8326
8557
1893
997
7938
9000
9419
8411
7049
946
9245
8960
8294
4664
8255
5583
1909
8266
6419
3715
1528
146
1695
304
2696
6160
4845
6721
9663
8637
570
4552
1899
9064
1737
2932
3097
4857
4339
3622
4741
9659
1029
6456
6994
2346
5760
7547
5562
8997
4327
7415
8382
1137
1307
9188
3980
4841
2811
2565
9243
7688
3221
8399
8215
7609
7670
448
5127
3873
9433
5872
1332
4083
7323
6484
4734
3493
936
7342
3992
9196
1742
403
1384
8560
6846
1663
3620
5216
6631
2311
9104
8489
1766
4718
3024
1600
8764
9477
2350
380
5626
8106
4658
2823
4400
8298
929
9398
1294
6495
7749
9608
7287
3771
5576
1566
6003
6487
6799
774
5041
8437
108
4475
7298
6195
9378
2396
9722
7922
9484
7053
4178
5416
2196
3859
9968
655
4171
3369
4277
2141
6613
8777
9897
6202
8806
4977
6376
8968
7097
9529
335
7829
5834
8687
7042
7012
7848
8060
92
9635
4598
8016
2862
3726
9844
5072
5657
4212
669
6904
2329
9713
7756
5557
2496
8381
5179
3908
8380
1305
2553
5105
8064
6305
5547
5545
3043
8505
6293
4907
9316
4548
1105
479
4000
3826
6169
7991
631
1139
2781
2981
5265
5944
8572
1204
2600
1009
4630
3041
2172
8034
2225
9341
6265
6329
797
1141
4148
5702
9629
3585
4772
6184
4275
1237
9075
7806
1181
3232
2275
6314
8918
6125
1679
4591
9039
5230
834
4744
2769
5347
2419
318
3273
8227
2436
2579
7442
1300
7936
2727
6837
4052
8409
1926
3788
527
1700
5648
1346
1335
1213
5943
4779
1891
6489
9958
3714
3881
2468
1920
5345
289
1020
5774
6717
5495
583
9374
9587
2931
8083
8852
8124
6062
3454
1888
6357
7492
2101
6963
6779
7721
7443
6228
6614
221
5198
2233
6304
5356
8199
1324
9270
2498
7410
168
2356
500
8551
8698
9163
606
2471
5005
5708
6931
6386
4872
687
2819
2250
6748
7727
9624
4531
2095
9229
9055
5453
2121
2391
2594
8204
891
9269
1990
1543
2105
2281
3863
8584
9469
5354
8123
4062
3083
5221
4891
3526
3023
7460
1745
4260
9925
9743
2368
8291
740
5555
5379
944
1152
5475
3479
300
6446
2316
2420
9144
3555
4019
2676
9284
253
9817
268
3189
890
5506
1372
6576
1696
9912
8694
9443
5095
3950
4627
8851
7173
8596
3466
1747
8693
3255
3767
2770
8253
5328
5483
5730
3470
2793
3955
8922
7802
105
8348
9327
7179
9785
3932
7450
1986
8703
8517
5001
1375
720
3008
5069
9057
759
6093
2666
6408
6238
8795
378
7204
7028
2748
8338
4931
6680
4968
4904
24
1122
2551
9016
6821
2510
2205
5985
8351
1066
9023
5398
4670
7187
2763
934
5982
800
2816
4446
9756
8863
84
2927
2042
3331
338
8784
5651
7509
509
4444
6537
6639
4308
9591
9155
3699
5899
7897
2772
5946
5393
8982
3878
9942
6893
4303
8540
6542
3286
964
5098
4504
2231
7790
3153
3279
6134
812
3796
4522
6686
8998
9923
8710
4981
808
7243
5383
9944
7826
5966
8229
2078
6813
7499
472
1365
5892
3233
6165
9353
4294
6715
6536
7973
66
4030
7892
8614
3843
9935
7397
8347
7623
1159
6580
2380
1157
7205
3995
9578
427
2967
1025
9755
6354
3545
5254
745
3306
2638
9429
9129
5437
195
2567
8555
1710
1097
6604
9870
2443
3786
2637
4849
4398
5813
4759
4713
3979
5668
1804
2729
3418
5206
3399
844
3647
4239
5141
1755
6545
2068
4267
2129
6135
358
9246
3974
4536
3940
6092
4791
6145
46
6337
3632
4481
5866
5743
5019
7223
5759
6638
2692
7643
3753
2691
6182
8371
8887
5123
5339
5603
6012
9948
2002
3034
2606
3549
7091
2048
9652
6660
4958
9120
5777
1341
5890
9363
6297
3079
2650
7657
7139
9315
1288
3427
2835
7876
9683
4160
4359
8874
9733
518
1217
5910
4215
9442
3928
9564
9763
8418
1649
6895
1048
8763
3723
1827
6170
9029
8932
7344
880
1707
3402
3528
4037
3016
7274
5510
3077
1345
8356
1478
7833
810
8656
1423
9460
7781
3895
9325
3498
8469
6977
6307
8484
7209
6465
2563
7301
3910
5637
4345
9878
8197
8185
8898
7224
7251
773
5130
2991
5010
9350
578
5429
4730
9291
1852
2084
7452
7174
1889
8958
4527
423
644
9825
5791
1982
5028
7708
9449
1580
3713
8378
4455
2591
6423
8666
3569
9172
7987
3892
2813
6404
3159
2219
4512
6896
333
8654
5121
6406
494
3646
2234
9875
1732
6325
7412
5804
5881
5395
6595
751
7655
7978
8886
7867
6982
6031
9973
5876
4970
3379
9746
2087
3522
9807
6755
9576
1053
730
8658
3058
4768
5888
181
7294
9169
5676
3324
932
8748
3364
7409
4638
1898
9843
5571
6472
1158
8404
2836
5096
914
693
4414
9969
2319
1680
6998
4586
5995
1195
8653
6880
1706
5073
3442
1352
1257
7635
5271
7986
7431
2232
6010
8393
4838
2935
8330
642
2961
9045
789
6710
6494
4071
1010
4625
215
5923
9516
9838
4295
8592
3432
1730
506
4561
6194
4878
3924
786
107
8607
1740
8858
6845
7646
3211
3553
9448
8816
9123
4984
6540
336
2853
5145
9430
9689
4007
1709
5306
7577
2979
1750
7478
9514
1
4409
1439
9218
4763
4467
3368
2703
236
5817
1916
2466
2581
5529
2538
7845
9342
5031
9157
7167
6197
6004
1087
6970
2613
8305
9001
1762
4225
4106
2956
4054
5983
3546
173
9910
1242
1701
326
6239
5343
1648
1985
7003
2554
8317
1984
9260
9895
8735
635
8238
2199
4949
1201
3456
1135
6921
1836
3136
8563
884
8396
4402
7403
6656
7865
9517
8915
8963
7212
7805
4169
6943
3869
6852
7776
2686
3588
1778
1036
9950
5546
6117
7418
3536
7375
1739
8144
1133
1832
4913
3648
443
3468
8731
9282
9490
1051
2810
2610
4374
1952
2186
5032
790
7019
9792
3852
3359
3245
4197
475
2455
2030
1386
3797
7032
2543
5195
2664
4061
8002
544
2584
5894
1317
264
1431
9066
7620
2229
5975
5225
159
8959
6114
6597
9596
3210
7689
2724
9933
203
716
1154
4813
2680
9590
6827
4957
2228
9712
1331
4786
490
9322
9288
9841
7828
4783
2198
391
2803
7044
4500
3229
4457
9133
7894
