6318
7061
5116
3302
5403
7578
3785
1540
2592
5279
2595
2615
8801
9950
5355
6460
3559
3251
1849
828
7979
3791
2611
515
3774
4715
7525
5393
9587
7119
5427
8668
1346
3716
7778
7160
9279
8908
1755
4838
7446
3203
6285
4930
5593
6224
7801
2101
5373
9813
3797
6156
4060
8105
9632
7099
1302
5117
9343
812
4773
1326
2604
8607
5248
1633
8543
8510
679
9965
5899
4156
9039
2707
2230
5794
943
3310
9124
6825
9694
1405
2367
9495
5230
883
1615
4982
8214
7333
2631
8316
8841
3129
388
8693
5931
1515
8762
1383
2849
6270
7978
4965
4843
7768
7518
3362
3805
938
4714
5069
8637
2085
2912
4761
5225
9904
6302
4037
4488
9706
48
1514
1775
905
3470
393
9681
470
3370
7536
4976
9222
6682
1058
3579
6388
154
206
9507
7929
856
7393
9106
6399
2926
4549
1642
2514
9486
2167
5704
8773
7025
5614
1345
6450
8338
3373
6374
8403
6169
6477
1945
262
3183
5200
5657
2833
4740
3693
6264
7990
9740
6909
5253
4481
7514
1161
3422
1492
2048
7584
7422
4432
3224
4045
2386
9744
9579
6023
3081
5289
4814
2669
66
1236
151
3201
3031
6767
6500
2665
7000
3148
9074
9797
4143
3715
4877
8160
3857
160
6704
4308
1840
7108
5290
1534
5649
7490
3073
3364
9901
4322
2480
9268
4074
7893
7436
7942
9864
3181
9673
8614
3415
2011
1228
264
8906
7110
9044
9981
1127
9006
1903
3230
9700
1307
1754
9927
8613
1257
8326
5542
5987
7874
9820
6597
465
8320
9860
421
8223
8686
3442
8355
4634
4548
5426
5176
5130
4410
1707
6610
8382
8915
7685
7784
637
2369
6307
5635
184
978
5139
4889
7299
4980
3724
2918
2275
5369
1279
1587
1682
2960
8122
4926
7714
6983
8958
1770
1007
2598
2257
3746
7277
9993
5335
2727
395
5214
4176
9387
1847
3545
9076
632
6660
3694
2811
4850
68
5242
4479
6228
8522
2535
447
1034
7511
1171
8639
4682
4883
5878
8247
9770
5836
906
6119
7338
7173
2974
633
7524
5359
1686
3242
5856
1402
6952
1335
9721
2236
3648
5729
6466
2400
6463
8833
6227
6946
9181
330
6437
2651
3218
1928
2586
3900
4098
2089
1038
9543
516
3458
4934
8771
4750
1879
9584
3128
372
4886
7806
5830
3394
9131
4541
8879
7810
5281
1290
5317
8369
7116
8376
6339
399
1796
1636
5193
7651
15
4513
1175
9908
2083
2545
3662
9858
1861
7161
6812
2965
6135
1181
1962
6370
8340
2949
4386
8240
3966
6070
6827
7879
2718
7361
4025
5409
8690
8754
9708
5625
544
4888
7274
4587
3246
9650
4781
5749
8836
3843
3466
9314
1454
3518
3779
9303
4636
1196
6177
6753
3419
7585
1371
4823
4015
739
5834
3880
4280
2045
4919
9172
3009
9881
8121
1592
2246
8086
2858
1182
8220
8034
9730
9071
5767
8673
1818
640
898
3103
4135
7414
2997
3071
2588
2280
462
5073
1681
7824
6516
4336
6117
9520
7488
1597
2591
6883
5898
9069
5918
329
3145
9546
7220
7261
142
6108
9077
7679
916
2822
3737
8471
5916
5851
5674
8239
5581
5189
5954
1124
6015
3555
7312
915
5313
7506
9393
5959
3428
9023
2184
6304
5644
3684
3763
2309
9826
2100
3164
5472
5324
37
748
5074
3051
7675
1423
4440
3844
1245
4040
954
2930
4796
7771
5879
7840
5412
4286
5465
2097
504
2636
2950
1107
3787
5785
4737
5777
1909
2531
181
9206
5500
2951
5394
7580
8068
7005
3733
7127
8549
7423
9633
218
2862
7378
888
7902
482
2838
9971
3547
694
6321
443
7653
2242
3042
3175
8321
5299
6997
4522
2775
6146
5263
9261
8280
4384
9895
5075
4746
7328
9762
2461
3611
1306
4023
6218
2510
6918
5681
7415
5210
9835
2513
8152
3122
7907
2078
8865
9469
9082
75
8383
7082
6924
1826
5634
7279
9727
6324
1289
995
6712
2245
2980
5945
5235
5550
7016
2832
5659
4785
318
7591
5232
9539
9964
6987
2963
138
2843
7721
7602
7319
3506
5904
2381
4658
4399
9053
1488
8443
9116
2371
2764
4368
5555
8427
339
8977
6433
8140
6503
9022
5272
540
6936
5846
1377
310
3931
2903
6416
4771
8473
5986
6757
857
4341
5175
4956
1207
494
355
7342
6777
1378
5361
1792
8460
9263
8661
593
9198
1317
6429
3272
5740
7435
2699
345
9300
4298
5226
3116
806
6418
7487
4598
9902
5498
6309
9724
9678
2607
7275
6702
5938
837
4993
6017
5190
1227
743
1151
284
4271
5577
2466
1411
9421
7350
8919
449
7504
1248
9804
2902
8714
6774
8643
6338
745
4545
9564
7031
4129
8895
1888
366
9557
4011
6220
5679
6394
6160
2572
3863
9749
4896
3228
7611
7832
4357
8185
529
104
2046
3075
7544
2341
9562
1869
3468
5992
6263
9176
8291
4795
1829
1296
3434
3881
608
9862
2879
6898
5587
9863
9569
5882
5971
3136
3657
5952
2563
9780
7963
5407
4247
1102
2495
9655
8508
4094
6488
7285
4895
6904
8251
391
7828
7170
9585
7909
3141
7180
5941
1683
2221
7115
4203
1922
3335
2329
6470
1159
5933
6613
830
486
6165
1959
8202
6627
5706
2602
1340
8292
6474
7468
6525
5551
2347
3452
4157
3825
8123
8476
2066
4621
2027
8388
71
6231
9917
9190
6058
2092
9659
5466
2842
500
8465
3004
5949
1521
6854
6648
9522
6266
5603
2883
9450
8739
3517
2568
1045
7244
1268
1956
3177
6591
3926
5791
751
9382
7281
5487
8925
2703
820
7367
5939
4672
72
7589
6262
3607
1049
41
7559
1256
2695
5405
8815
6526
2714
4169
2421
6166
6820
6653
1747
759
4093
2111
3412
8526
3440
1169
9409
6582
2887
1453
3658
4467
190
5050
3824
3537
8600
9513
9014
7728
3572
2916
6869
5180
1674
4189
535
6699
143
1929
9177
7565
1653
7386
5623
7207
2234
7042
2922
7754
4637
2709
8991
7349
5905
645
4294
5641
7329
5760
6497
3697
778
4568
4142
7632
8844
5418
7026
213
1803
712
4377
3131
3156
9066
2698
3915
538
957
1961
4879
3023
4364
6141
6443
9025
1667
323
792
646
1932
703
2357
2719
7677
9009
4035
466
291
2933
1163
5771
5158
4677
6472
2923
5476
307
8154
9710
6332
242
9031
2320
8306
4446
3600
481
2787
7296
3757
8442
5022
969
8630
1389
1251
3198
1720
9464
9423
4611
1500
4086
735
7171
4332
9631
9216
8660
5037
565
3631
1321
6187
294
7958
3064
8861
6989
8137
6031
7748
5211
6731
7804
7883
6053
7758
5206
2569
9476
8438
5631
1846
2049
926
9866
6483
9966
5293
7938
4249
5695
5637
1989
7263
3734
7877
7546
7635
2578
7508
6791
5664
7459
2025
2241
2724
4789
5106
9370
3014
7700
8461
5930
8675
5864
2952
1550
4640
3833
2984
8254
6776
4577
5387
289
670
7493
3912
9913
945
3139
6351
1062
709
1859
1599
6783
7780
1047
196
4111
1845
6414
8448
8002
2774
5783
2110
9980
5590
5676
1305
877
8153
8333
8019
754
2129
8208
9732
9625
6219
192
6802
238
3884
2391
8299
2002
7916
4122
4799
3416
1052
1887
1768
4498
5999
9729
7062
4211
7195
1624
8405
9571
1610
7395
7683
1357
7280
9790
6636
2632
9882
941
1943
554
5072
7568
9494
2847
1082
912
7322
4002
5592
9390
4474
136
871
9381
8992
5877
1065
3556
9428
5360
6284
1213
9807
1061
1155
5815
6551
9783
5722
7027
2285
4083
9563
5490
7926
7
1435
9968
8414
8492
779
2979
563
4573
4959
5638
6419
4580
9990
8540
5366
6732
3792
6291
3679
1700
3963
5018
5112
930
6650
2308
4858
2626
4452
3799
9872
9375
9852
2829
6499
6555
6278
7992
8234
1570
1742
8088
1766
4127
8535
3384
1348
2506
254
1064
4986
9712
5251
1187
7163
552
5962
2397
8533
7053
1414
7967
1825
8803
4026
8271
7188
8957
7634
7819
8431
2321
1304
4989
6341
4293
9251
5356
1116
5159
1721
5192
6632
1148
2825
3705
8755
3126
8290
4726
8328
8633
7693
3500
849
7318
5045
7537
4824
5817
5010
3536
9329
6310
2972
9438
8012
8780
7696
2006
3772
8886
5203
5976
1935
5712
966
2251
1027
8503
8365
6300
5872
3429
9752
3633
7093
64
8041
4064
8430
6644
9831
7940
7796
4319
4555
7554
5201
6566
1881
2953
1342
9611
5391
4606
8587
6746
6969
9218
8
5444
4633
2835
5537
1904
7686
7452
7937
4832
6131
7547
9781
8046
4234
4221
1808
1311
9394
3165
1672
8537
5870
5345
2198
8289
8032
6587
6973
4010
9032
1762
9755
7199
5619
3866
7923
6727
6611
5343
9646
8632
4412
2217
5091
3927
2888
4028
1050
9213
8748
1692
8171
6853
2132
2840
3114
8569
1010
1566
8651
2874
7210
8776
2693
5241
2336
9266
3022
4712
8015
59
7522
8282
9588
4747
9471
9511
5252
5703
8817
9776
8077
7036
9878
8959
4059
7120
7682
2262
2872
7213
3858
3869
1118
689
1638
9433
956
4588
4656
2978
817
5432
4711
3498
1215
3207
1883
7610
2393
6294
9208
232
2782
9791
2508
5264
6241
6035
209
531
1759
6195
4800
4734
1957
8327
3995
6903
821
6734
5414
5605
5457
2040
1524
3723
3546
3582
4287
1504
1772
9273
850
2826
8515
7182
1603
3259
6196
9234
776
4594
9515
7838
4080
2722
4872
4603
6527
6971
2924
7571
7664
6691
8624
6769
6733
4316
9609
3007
6027
9357
1934
2462
8967
3987
4458
385
7298
7821
2055
4171
7095
5163
2365
6796
7970
2502
1141
8071
9432
9954
2213
1944
1294
5560
808
6301
3956
1154
8391
9383
9687
9306
4201
4914
9933
4620
513
4554
2606
604
5753
8407
909
5613
5268
5728
5873
9599
18
6663
695
8720
9012
8110
7177
7513
1906
1232
3514
7379
8161
6259
3229
6515
6695
6358
6045
4630
894
9413
880
2917
8505
113
208
1201
5046
600
1282
6061
9649
5859
4530
8835
681
334
4272
9932
6410
7089
7520
8386
3604
7482
9674
8936
3979
1278
7989
5935
8812
3194
6303
5666
1189
7865
8809
6118
4768
8303
6956
3796
2649
6298
6051
7538
8830
2134
9095
667
6492
8361
2749
2996
5162
2088
6442
4255
661
720
3392
401
8070
6342
919
7230
1794
5828
1344
1269
357
7503
7002
9045
8308
74
8559
2460
8120
8968
6729
2783
946
3003
8274
5455
9240
1370
6319
5717
3249
5333
8519
3464
4184
3760
3830
1628
7453
5567
4932
6011
721
7707
178
1576
1848
9920
3738
7912
498
2789
8098
2117
4951
8283
9794
4160
153
5636
5597
7816
1756
9853
4755
9353
2160
5381
1598
4859
8311
1465
2671
4783
2869
6193
1374
1950
4099
7783
4360
9441
6250
2001
4489
8852
9253
3593
7434
4891
3663
1104
202
6940
8132
1661
1990
2370
4125
3294
2375
3683
1918
8114
2590
9417
1871
2196
5991
4149
9223
0
6022
1315
1706
1971
8302
6346
2981
3173
2681
4531
2516
8462
4985
7060
9325
8652
3166
6098
5662
4696
4175
4979
6569
2266
7081
8903
6841
4829
749
4376
7241
6724
3098
6127
7652
4704
5353
8628
3699
4075
455
6116
5804
1487
3446
2348
467
5374
8108
1724
1399
6454
2687
7071
9188
1431
2004
9647
5795
7114
148
6456
3153
2299
2552
9115
6807
9415
1221
3729
3544
6328
2070
169
4132
6828
9153
4841
4890
8230
97
6631
6665
9765
6716
8053
9837
4085
5579
2970
2706
8050
3991
7479
8654
2570
49
4492
2291
9773
1271
38
3807
276
8468
5980
3482
4393
4027
2162
727
6859
4161
6151
7431
724
1074
7564
387
2058
3355
1644
8023
50
162
8261
1813
809
589
1015
4697
584
2364
6806
7999
412
4834
1583
5321
1799
9771
3006
1727
6279
4503
8650
4878
7227
4254
1211
5454
2851
4743
2431
8204
6112
6405
5172
3731
376
9060
1143
3823
636
5115
3439
9239
9550
4172
6359
4958
1741
8229
5058
6099
5238
8523
1288
1782
9982
852
8583
6625
9109
4107
2335
2183
425
4510
6461
4856
1902
9015
9168
8304
911
4223
6739
7724
4057
9333
2300
1088
3050
201
8422
9931
4642
4190
2907
846
6656
910
8656
7185
9182
1325
5118
5348
8245
5446
9547
9338
2455
9799
9843
7358
6815
9867
737
1188
8225
3195
3744
4786
838
7642
4110
7200
8158
9487
4250
5089
1262
4260
2283
6974
6568
9850
6207
1168
1503
7438
7337
533
8787
6674
2852
9614
5060
7117
2801
5212
5243
7945
6581
577
8562
9642
4791
2756
1012
6181
2867
8596
3347
7218
6409
3117
8011
9630
7673
5108
9140
2024
6348
570
3288
1964
9037
31
9533
4407
4988
2323
1469
8727
8821
1977
487
4496
231
7950
2405
6323
9544
6107
5121
2189
4698
6317
8093
7344
9151
9178
1198
3421
3743
5720
1218
2880
2496
5332
8373
654
1352
8943
1801
9010
156
128
5224
3985
4833
5627
7311
4104
3531
2159
6232
9466
8366
5255
4459
3048
9669
222
7817
5084
6508
1810
6944
7640
8868
2232
6954
6040
4394
2889
5086
5912
940
1350
537
411
7592
9915
9461
3752
8259
7444
8218
5346
3459
3784
6159
247
8502
9164
8712
7472
6770
756
2158
8501
4689
55
6373
7618
7646
1440
2414
5711
797
3540
5995
827
3329
8217
3936
6329
3190
6901
4191
1912
8871
106
5650
2856
2050
4723
3670
1544
9108
6928
6590
1501
9057
6403
5738
7385
1702
8250
6714
5111
4788
9475
2014
4736
635
9957
1134
2457
2765
5505
5023
1795
6751
5156
8429
4383
3052
300
601
8942
5024
1885
8859
3376
8518
7744
7006
6861
6795
4053
252
1542
295
4499
4277
4661
7189
5375
3594
3402
7168
9985
2407
2785
6536
2223
8882
6810
9318
4741
6261
4544
8616
298
2866
657
1464
9316
3969
790
8264
8604
8335
2390
7092
5357
9231
6906
195
2544
1833
4021
2937
1176
9518
7022
6201
2898
437
1372
3638
4315
8635
9408
4153
8399
6335
7394
902
9340
803
6755
4675
1462
4338
6210
7416
2105
8930
2658
1478
3922
951
4648
6742
4311
7641
8169
2757
2128
42
2654
8172
6595
5684
5747
6819
5761
4787
675
3199
4239
3451
127
1646
9699
9842
6125
3918
9996
1122
6349
6855
3810
6251
456
5035
7975
5620
5283
8010
220
8766
7226
1978
4290
450
4609
5147
2500
7074
6481
9207
1048
615
4087
5458
958
4579
8201
3163
4939
2522
7742
4278
2166
2239
5329
6829
9880
5475
8550
5169
1536
3550
8828
256
6882
4158
5177
1655
6960
2124
6037
1495
723
7178
864
3710
9193
6130
1131
6803
2515
9299
4880
5085
844
3538
3925
1044
7401
6396
4012
7668
7458
8483
8691
781
626
9663
2084
7512
3735
6673
5929
7235
2662
7374
166
9570
8870
7209
7904
8627
6912
9796
1578
112
937
165
9798
5165
3822
757
3463
5025
2201
7347
3967
5874
4444
7614
1602
8995
3311
3717
9761
8878
9267
8219
3632
848
7624
5758
8076
433
9480
7389
9284
1354
8757
2668
2582
2057
6402
874
7852
729
7221
8802
6752
3831
4491
4217
9087
5125
1186
2141
9260
2542
7355
3978
613
1450
1647
4078
9399
7857
7460
1857
9870
8822
8276
7519
4811
2771
5095
2034
3720
4778
8494
7302
4437
7777
7867
1604
9335
625
1456
2550
6661
1591
4559
1822
3837
3601
7779
1778
7286
597
6464
5820
6852
7531
240
5039
3626
7661
409
7649
8458
5979
7993
9323
8846
9855
7980
8446
9204
6543
3479
8718
1788
2295
8173
942
4953
7149
5558
6520
1046
5417
7502
5168
5239
4001
1366
7971
8763
1137
2104
8805
8452
3513
9736
1109
621
8182
6475
4240
6134
5033
3358
6528
1361
359
7851
5543
6013
1901
6990
6237
5652
9531
3252
8104
1174
14
9778
4337
7413
180
3914
8089
9174
858
4852
7078
3102
835
2091
1089
8761
7691
2079
9229
3413
7194
1083
3941
6797
2741
2382
1960
6068
6707
1551
9317
4822
7944
2601
1738
350
9875
4390
1123
5011
9998
9774
5372
7100
4725
1239
7363
7982
8735
3240
3758
7181
146
9083
140
2773
5748
2884
197
7887
8300
8275
8467
4562
9250
8976
9459
7325
2353
762
9000
8719
7820
3562
6718
2938
3093
4690
60
9453
8588
7010
8099
3287
1323
8953
8142
5326
1711
9326
1068
2233
7247
7441
3641
7680
5710
5716
9008
6630
9307
1697
5164
3254
43
9532
3441
2465
6705
9187
7151
7445
5320
8590
3682
8545
8618
1645
8552
7756
4495
5621
7629
783
5673
993
2911
8645
572
624
8091
3875
3667
953
1496
3300
3053
7555
6401
3478
9038
9369
6634
2472
5316
6872
7718
4994
4754
1797
5009
7962
5256
4765
7485
98
4655
7131
1443
9816
3453
4371
6225
9210
5358
5195
872
7528
8049
9498
5534
4776
5440
8456
981
6843
4963
9675
7665
6745
1999
686
9270
6168
1172
4224
5925
6018
4774
4807
7968
8398
3371
9679
8516
8055
5347
8417
7306
5208
9942
5184
9845
2504
5709
1800
726
9977
8393
2860
7941
4423
9093
2440
5965
2332
5687
1784
1925
2796
6684
2689
3015
101
4043
9893
4667
3262
6496
5714
5527
841
931
5082
4145
1735
8043
316
4744
5671
4236
3815
6537
3569
4582
5816
5383
1460
6243
3862
2864
8792
3425
7657
9349
4144
1650
4507
315
9184
3038
439
1194
1016
3135
2733
503
3408
6322
2643
1946
8711
1577
6584
7605
6532
2537
2051
7196
832
5996
9277
8488
3750
1359
1002
7972
6836
1398
7530
8039
6970
7023
6959
9496
4199
9086
5934
1075
9079
3590
9731
9058
4084
1852
5548
507
8837
7327
5745
2059
2625
1234
5028
5501
4366
3651
7497
7339
1157
6256
2191
6669
1451
9175
173
5267
6780
8710
4884
406
3950
5244
3790
620
5092
2576
4502
4556
6576
6889
8926
8642
1428
4208
6583
3911
8931
8982
6747
9402
8561
9869
5845
3216
9839
8179
6299
3174
4997
2691
3558
3575
6817
6397
1436
5953
1280
4657
1415
1616
4911
1694
1939
6579
4927
9150
987
5209
8770
6471
1387
1087
7800
3435
9574
6572
8385
5001
5430
485
714
1560
4421
1138
1893
824
1714
224
3473
9342
5368
8084
541
5615
9930
7868
11
4857
2119
6247
4978
3225
8106
3005
56
8477
7709
8315
6296
7637
1791
1314
586
7986
9075
3522
5318
1421
8539
6553
3668
715
7903
9696
9170
384
7795
7009
3107
2754
6242
8003
6114
9154
1998
2824
5127
5842
8424
8287
354
8916
5149
1816
3094
9884
4623
8285
4445
2868
1821
5639
6594
785
9701
9685
9286
2316
5420
9810
1637
3754
4516
5399
1355
2739
4853
4220
5198
3605
1108
3943
1318
6991
3187
4581
836
8676
3407
1240
4947
2734
4706
4128
8390
5982
1834
7003
4346
6007
5835
8847
1713
3016
9460
7643
2967
8674
76
6455
6945
7981
6633
2107
4056
2153
7364
1040
2053
9020
7198
3968
5692
1026
2503
8601
4373
1403
6354
1913
6628
5829
4137
3437
6372
5535
5645
6137
5442
7256
4536
1712
3000
27
5518
8135
1025
1983
7630
1067
7069
2074
2424
2138
5059
9296
292
977
2075
6078
1309
8082
2814
2717
8136
9833
3250
9313
8928
7463
8367
3320
7365
1471
2292
822
5571
1484
5863
9514
6189
1786
8623
1651
6439
6641
4854
3298
8263
4428
8816
3953
1167
2081
2725
1894
7746
9622
5897
7807
9479
7791
3238
5983
2906
5132
1472
1838
7310
4441
2623
9350
652
2143
7965
3533
5850
1757
4154
7063
6523
3982
6557
5301
9638
8683
451
5921
3025
3856
6360
3365
5236
6153
5875
629
8971
1648
5083
9059
1035
3477
5821
8196
1701
9454
3049
6109
1099
1497
9309
8143
1856
711
227
7829
6034
6163
4188
2372
3781
6378
9529
7633
9961
1896
7793
8075
592
8689
7716
9411
9617
344
1312
2062
4466
5364
1031
8047
5249
1358
5848
9161
3612
7898
5497
6832
5788
3794
3076
3462
3382
4954
5341
7755
9766
496
272
8416
8694
8946
2408
9173
782
8018
3285
3530
4728
2399
301
6142
9615
4281
4105
614
2179
9552
7943
2394
6834
5240
5157
1864
1953
1324
8884
4628
2666
4844
9958
8027
7598
4722
3493
8641
212
9068
416
9846
6893
9246
4033
6509
8125
4119
9941
4837
2016
1130
2422
3783
8198
8482
6366
6222
2098
2409
6424
6886
7743
4921
801
6055
4162
4848
9212
892
4576
9019
2073
2755
9100
2250
3346
5323
8035
3983
7636
6155
1874
4193
4218
8897
8838
2777
8090
5894
1899
6176
5523
9748
1693
2366
5027
3209
4527
5800
4638
7004
5926
9121
6150
6458
3655
6992
7313
1843
137
6981
7687
347
1553
8350
7111
1748
1773
3088
5215
4533
8663
8565
4827
8017
2876
5040
4700
9118
1092
9046
576
5
5114
343
2442
3984
8210
2380
1285
5155
6140
9979
9512
8402
3299
8334
5743
4686
3444
8839
7317
1063
4846
3389
4058
9692
761
2039
2644
4004
9802
2127
1019
7648
9336
6921
842
4506
2451
8778
4345
9672
132
8834
9939
3097
1530
6413
5014
4369
5932
7715
5522
643
4353
4494
4252
7451
2482
8521
2115
1452
8581
7996
1266
7112
7113
1552
2593
4340
348
4538
8425
5741
9041
8001
7208
4079
3947
7736
2361
8580
8986
7215
9986
8804
2488
4931
939
623
7701
6830
1308
1356
1776
3233
4471
2804
2401
731
61
8227
8617
5484
8470
6785
8658
5647
3768
1561
8322
9759
1379
5566
6609
9643
1416
2612
6039
9777
9970
7527
9682
7134
511
4865
129
223
3523
2959
4314
9244
5456
8767
9054
9468
9030
8965
3317
4900
1184
394
3388
3213
8464
2944
7059
7012
5924
1033
7908
2679
6254
1258
1752
4417
5181
3674
6890
36
4757
4797
4500
6756
7037
5533
2746
8163
4766
8649
9697
2165
3327
4046
4650
4288
2036
436
2274
4400
5751
5469
6533
4054
6441
9538
5309
4349
6386
598
7382
1620
719
2188
4949
3293
1401
8457
3812
446
7077
746
6158
4716
3759
1671
4165
2436
4970
1992
8064
8825
7473
5496
5544
1328
4192
7507
1408
7345
8107
7505
2319
2964
422
9937
9362
3387
501
9509
7521
7243
3106
7913
2186
7132
324
4082
9294
9226
6522
4185
9629
2255
2290
4351
5029
6147
7575
414
4652
8896
769
8996
1139
1250
1003
4309
5451
6233
7988
865
2561
6113
766
9099
3046
8905
2802
7997
8420
3154
7372
2683
7104
8640
4540
3570
8435
2454
7474
9034
787
4784
4052
5803
1777
7866
1564
7072
2618
1347
302
959
7798
1483
5844
4462
1626
3711
6126
2677
5247
1023
1085
816
5325
2628
4962
7309
968
5422
9439
7212
2384
9572
373
1080
9959
3037
708
8028
8401
5642
7320
6963
6706
3381
6306
8638
1870
5802
9160
933
1287
3292
1915
3253
895
4235
3971
3258
5486
1940
9236
559
5337
3409
5199
8723
8793
1152
7729
7065
3583
6162
2015
7833
1635
2992
9169
4244
9278
80
5511
4258
2533
5197
8602
9256
1210
9789
9134
3133
8820
5019
5145
5258
2806
854
2836
189
7211
3066
8354
2003
870
3021
7885
2254
3994
6977
9195
2253
5288
9628
6174
1365
9287
6686
8548
5102
6512
7766
12
7307
550
7236
4487
4415
5561
398
9537
4802
1527
6382
9264
5396
2202
3065
4151
1641
9420
3974
7183
7570
6561
2106
8347
1037
6562
5150
9806
428
7366
6626
3305
2633
1575
4565
5718
5270
4402
2609
280
3132
4097
6490
9489
5700
3282
3497
8033
4095
2297
7949
4173
4612
596
3366
3034
5661
819
9321
8138
3859
9114
7956
8133
6494
7734
1842
8346
2420
1091
1670
3487
1517
6184
6430
297
8745
1543
4903
1272
3149
3243
3140
6088
9386
9936
403
8052
4508
2177
3940
5499
3192
7894
6444
2432
697
985
5757
4831
2585
2581
182
6896
2655
5883
7158
7046
5284
319
9477
2728
9997
5129
8480
5122
3560
7785
8181
1652
8695
4567
6377
7400
6425
4146
6400
476
5185
1373
4639
3613
7991
9973
2387
2899
4072
4745
2071
8348
7403
275
2130
8206
245
5961
718
3639
22
5984
7953
1430
7567
491
1313
3573
3043
1805
1629
8126
5482
5377
1884
1493
1468
4525
228
4537
3127
3908
126
9445
4073
4668
3938
8620
5378
5697
8768
5260
7548
8243
5123
6696
2621
2207
4591
2030
7144
9553
6676
3851
1938
7787
9162
3330
6253
8964
5974
7251
8162
9274
5876
976
9590
6975
1327
1437
7842
8784
5259
7073
736
4855
2293
8479
3469
9890
8331
4449
4320
6069
6763
9372
9756
6369
1562
1660
5920
3660
6765
3072
3511
1533
4860
3063
8875
2780
4673
4071
3913
8722
1173
3472
6268
176
2800
5463
6182
4968
3624
6057
8824
4664
2571
3092
90
7662
786
1252
8927
8512
2032
2026
1880
9297
866
5968
8937
6090
8134
7556
6297
4906
967
1013
4585
6325
4279
1873
2473
647
4182
8453
8966
9062
6230
1259
5119
4868
991
8611
2204
6049
5902
4155
4881
4473
8698
5437
1388
4490
3893
1183
9525
9265
4497
687
3483
2657
9876
1098
3172
1936
7553
683
3178
7674
5966
8666
2599
6170
3244
8325
7814
1625
6513
7262
5065
4405
863
814
6052
2781
7387
6000
3680
8681
2873
4055
3219
1112
2766
8375
7340
6709
2418
5297
4616
9580
2716
4228
8344
4828
3895
7569
6759
1889
2589
5886
4739
5319
9856
5512
8873
6407
7084
6020
5768
6821
4691
3168
6206
936
3588
6542
3528
3646
611
606
9784
9458
8851
7166
6476
7789
1265
7018
4034
925
2678
1850
7362
2264
6363
4515
7359
2519
2219
2298
2579
8463
4887
590
5693
353
4453
672
8421
5047
2536
4328
3802
5552
5494
796
9903
9397
5606
2600
2929
5464
2203
8575
7044
9644
3001
2507
4131
3767
2871
6393
7510
7863
6601
4864
5138
3056
788
1793
7106
9686
70
8555
1303
862
8880
211
1005
8392
2161
6768
7606
5616
6124
7822
5276
8253
3847
7450
4493
2374
5805
8910
536
3385
4772
9768
5780
2469
7934
7523
9598
8498
389
2820
1018
3976
3481
6066
5626
9365
7607
1614
1249
700
9027
4483
4818
3981
8619
7154
312
6620
4291
7961
8603
9589
7360
4425
7645
8962
7802
51
3222
2567
7066
5884
1216
5219
6326
5292
4005
4840
2459
2423
7165
834
1166
3008
95
1185
2481
2991
8294
9308
9304
4186
5778
4305
4227
5304
1905
9548
3665
5698
3928
2268
1839
8898
8397
7689
4983
997
6212
492
3820
2047
1996
4535
5617
4434
3909
9703
5521
3753
9133
6744
2377
619
8796
5963
3946
2226
9738
9358
638
3584
5222
9194
9851
6885
5205
7533
4511
9003
6404
6157
9354
6643
5824
7769
4295
1477
375
3099
2990
2310
2702
5385
5702
5087
5287
9043
8262
2427
7375
3471
3836
1425
2594
6877
7774
9355
2543
9352
6670
7751
5867
2228
8343
1261
1612
5881
4350
9940
2551
237
2748
6895
5328
177
8945
2383
9508
1924
4065
8042
6888
6100
523
5890
4547
6408
9446
7545
4602
2573
8737
4742
4014
5079
7957
4180
9163
3620
5742
9541
9847
2289
6482
2901
8998
8731
8268
4769
5051
4413
8404
6652
6713
7259
7011
7454
6999
5002
9404
2208
920
1605
3666
3625
7935
7267
1806
9281
8232
843
6249
5126
6447
1301
998
9040
3549
3501
3809
3905
1722
9467
3191
7952
9033
1732
6383
3226
325
9900
947
3580
2616
2969
2415
7609
304
3221
1164
2768
6953
9107
3271
5294
5958
1093
9554
283
664
5538
3417
8952
5569
4899
833
1878
3432
3616
3248
7492
3728
8297
9036
7083
8902
9424
3002
6269
6787
2303
706
9065
430
1716
5471
5915
6029
495
9723
2416
4274
8932
2539
1150
9395
6968
1691
1103
3326
6570
7368
9974
9376
7483
5146
164
9991
5973
2986
2667
6637
342
1299
2819
6549
7845
4955
5752
3970
3899
7987
9242
8000
7659
1070
3821
2174
6876
8831
3186
555
4385
5080
768
3290
8988
2090
5362
603
6295
6586
6847
362
1071
1785
7449
5423
8063
4674
8999
6957
9719
1972
368
9371
1538
1212
424
1136
186
1613
685
3029
8222
8856
5425
2137
317
7229
7517
7138
8180
9992
8364
279
3619
6947
8441
9359
7853
7932
4051
6511
9028
7292
1165
5586
9427
5705
2392
4325
8832
4719
2776
8883
1506
7373
3237
2805
9935
5229
3110
660
7118
2301
5415
811
1191
8753
1867
7055
982
5685
9073
1891
9989
9189
6449
4389
7432
9601
3842
7876
8281
1473
2175
2701
6379
9080
4207
3944
622
1329
5756
9149
5510
7574
4694
8009
7075
2452
7278
6736
7710
1685
6864
8961
7121
4617
8893
6530
9925
3795
5993
5228
8072
6683
7464
219
5424
8609
4313
1021
7703
7287
6662
1126
8255
7738
9018
6459
6064
8439
103
1684
1223
2529
2317
1029
5574
979
4938
1197
3741
6951
845
5514
9814
9492
5330
560
5723
453
5880
1
9747
6194
6367
8877
5136
6740
351
9506
7770
9255
4246
2575
1678
3152
9962
5532
3801
3274
8949
8116
6313
3411
4031
2379
713
2629
3312
2940
4270
6390
6967
2558
618
198
539
5885
2120
3313
6782
5221
7977
8200
7920
7752
4451
6104
4935
2955
321
5797
5133
431
1380
810
5646
4361
4117
1764
4592
784
9763
678
413
1908
7130
3143
2220
8186
6916
9666
6818
9734
8307
1394
3395
1424
2168
7543
4450
2688
9718
8345
7788
7223
5233
3322
419
4304
4885
8215
8935
3340
4333
6246
5900
9097
9224
2761
9322
6103
6617
2786
5553
9746
8190
4566
163
6347
7583
6979
3773
1220
8175
7489
3336
7593
3849
2302
9877
8007
7430
777
3354
6216
4713
4905
9405
6033
6213
4406
7667
2751
4731
2227
2798
4575
650
21
1815
290
8592
1663
6287
7697
3323
7076
6065
6735
7284
9606
6043
1427
7128
8582
8025
2216
2859
5784
6087
774
6907
8124
8256
3748
4063
7741
6462
9090
3491
9757
4680
7477
3692
6452
233
461
6417
7376
4851
4039
4267
6272
9600
4219
2356
5655
5349
7222
794
6128
5048
3304
1789
493
1572
3827
1596
5148
9886
6387
6725
454
4121
5786
8148
583
8150
5370
6283
1133
3855
7352
4861
5038
2562
7739
8786
4875
7369
9688
6375
2850
8449
5852
4257
9406
5943
6075
7480
149
7494
9088
1310
5868
4178
9575
1032
3426
374
4810
1907
5367
7008
2517
1412
2920
382
1146
2694
8183
6510
2977
2054
3231
6930
2882
2288
7660
4631
3677
2750
8881
5167
2738
4999
3160
1704
8940
99
9141
255
9960
6427
4528
282
4275
1229
3929
3348
6105
3150
9854
6884
9
7447
8087
6376
7526
4299
2067
6217
840
7590
6076
3013
8330
7534
1844
1923
859
8853
955
3062
9885
3860
8570
6941
764
3185
8808
17
8514
3079
1413
7305
3414
3083
9500
2617
4124
6837
653
390
9624
3325
3596
5413
671
5822
5052
6880
2913
5683
6844
4839
3211
7407
337
8938
8813
5862
2784
2712
2745
6862
9871
3080
6059
5779
2169
9934
5524
5975
918
1055
6009
7297
2340
8933
4687
1316
3676
8747
1001
2971
2342
663
5142
9351
5057
3515
7381
3423
65
8362
8021
8819
3818
5827
2376
2403
3571
3499
6005
2312
5808
480
3035
4016
3318
5064
3751
7549
775
704
3828
8541
5781
1760
7698
9618
8684
1203
6180
530
8151
8493
2956
5300
4378
5871
2624
1634
8697
8212
9345
2973
2478
2354
5994
7429
8911
7425
4815
9113
5572
5120
4029
4347
8975
6143
473
8625
9407
4379
514
7103
9243
8062
9380
4062
9112
805
813
8058
5509
3732
8081
9808
5384
1858
3234
8701
2492
3566
1917
7516
3636
4404
8799
4681
8309
9793
648
2351
8752
8573
5070
214
4138
3873
791
7529
7872
8612
1011
8447
8474
1832
9272
3055
6440
6621
1409
5478
9792
1241
1510
5609
9232
4873
7836
8732
6089
400
3467
194
9612
5090
9341
6580
7186
5395
1333
8702
5036
2307
9442
7249
4981
7316
4020
5600
6760
7390
3321
2244
261
2148
2815
432
241
2378
1677
2891
8558
2485
6982
4666
8061
2854
6365
9385
1214
3509
1731
477
6111
3789
8228
6598
3939
7730
1548
1729
2448
7708
7239
8669
8097
407
9052
9356
2345
7162
2314
410
7424
9717
8708
1519
5131
5004
8188
7720
1132
7735
692
8685
7924
1622
7326
7888
4564
8554
975
4835
4509
3691
7946
3255
2848
4615
8313
199
3372
7086
4960
8563
6822
9465
8008
6361
9994
5825
8293
119
8733
1235
8598
9517
2690
4245
5295
2247
2900
3223
519
3032
9567
5066
8791
3267
6016
9315
4644
1445
676
1528
6426
4420
4936
1611
6671
4952
4212
4671
4684
5809
8324
5739
4969
2494
4204
7666
6453
557
6762
6467
8079
2682
2729
7293
5675
9698
3332
6391
392
2344
2131
4408
5814
8585
4229
2976
3167
2483
5789
3534
4068
6680
4289
2331
804
4708
922
2178
54
7421
9743
9389
3180
174
7142
5363
2505
4096
4238
9894
3654
7033
7960
698
4944
5450
7049
971
4625
4534
5529
5419
9952
3281
8890
6340
246
4456
4076
6814
2487
8794
3597
4424
1558
327
3019
1823
9753
8956
7164
2271
1447
3138
9473
4702
7763
5891
328
602
7353
1627
8783
8066
9905
4354
6556
9524
9070
8857
3898
1812
9410
7105
5841
2007
5043
3627
3564
6423
8164
8167
2474
3553
3701
135
9602
521
5919
569
5583
4018
8277
7289
7470
3503
7039
3525
2630
2190
8231
6336
5682
7825
4222
3965
9594
4411
1994
4469
7172
6030
8060
1975
5477
7726
1162
9105
7566
7761
5584
829
7145
6986
8237
2214
1675
4995
243
3945
417
6710
1877
8744
3134
7587
4992
7603
1657
5813
4477
9549
9739
9823
6666
1020
7803
8634
2530
9472
610
3910
6062
707
4022
3306
6833
2099
595
9416
1434
1263
1392
5449
2861
8608
2742
7254
341
4457
5727
5997
9828
2865
3835
7370
9482
5677
2061
6694
7910
765
6277
159
3443
1297
6887
8094
1244
381
9918
7954
949
8553
9447
6772
110
7827
6856
5547
3885
3874
4893
3766
9627
2020
2126
506
4214
8484
2324
7051
2638
1369
9200
1979
1541
3870
193
3587
8487
5922
881
7141
4401
7896
5688
7133
9581
4380
7560
460
9436
2193
8855
5421
9123
5629
9048
8396
6690
4563
9733
5470
267
7150
855
1446
4455
9137
8037
7762
8530
4558
9829
6935
5811
8917
4825
6293
5948
7750
6144
5732
4913
3465
3578
674
1892
9785
7034
543
9120
7433
100
8073
8119
6612
4036
2021
4735
9209
3712
145
9456
8337
8866
4874
6083
4763
5840
4007
4910
3960
7918
7157
3369
147
4181
7542
5927
2238
3841
5624
6775
6438
1364
5658
1798
8059
2489
6096
5936
4730
9720
3460
7288
7380
2346
2812
8045
2686
2999
9922
7915
8269
2556
4013
1618
2052
1334
9874
8978
7135
1608
474
8556
963
7272
1630
4297
2181
7601
3762
107
4770
4103
7258
972
9542
5017
1205
9366
7889
3543
6226
6794
5460
512
5234
5429
5640
6900
3512
7300
1740
7576
6842
6431
2908
8527
6958
7169
3215
2076
7070
2935
5055
8329
7088
8085
2368
6754
8509
2444
6368
7417
2998
2008
8671
6589
8811
1607
8249
9504
818
4159
5545
3846
9452
6766
377
3707
5775
3942
4429
4448
9478
2817
4476
1426
3998
5271
8665
365
1921
9013
4610
6863
39
8985
4241
7870
4830
361
1664
3764
5296
4183
7231
3205
4042
4265
8252
1022
7295
2584
8149
2155
1546
2237
4600
4296
2675
8339
6575
740
7776
418
6204
1036
4817
4601
649
2490
7974
8682
134
1498
5988
9199
7772
4762
157
4003
3142
1767
9470
8517
9523
1730
8056
8772
6698
9848
1814
1039
3162
2225
9944
5887
7669
172
33
4643
1619
3703
9658
3727
2549
3920
8216
1526
2010
5411
1237
6700
4050
4048
4920
9505
5371
8459
7356
4973
7408
141
1659
3782
4717
6255
5397
5665
7273
7914
1982
1482
631
9081
8020
5839
3990
8826
5985
9521
2823
4066
3640
8707
7655
9888
3324
5485
3882
4197
2094
9526
1658
908
9310
921
2684
561
459
3328
4230
9559
4454
3761
4574
3447
1841
349
6123
3778
6072
6672
7392
4416
1508
1076
3975
6006
2863
9995
5312
2144
3876
2663
8626
1895
1277
5989
2834
2005
9171
6622
3158
5502
884
78
5858
9422
7998
8381
7159
3706
3565
7722
2373
579
3074
2828
1084
4517
7136
773
7725
9879
1106
7959
3159
1573
9786
9868
8233
8437
2910
4216
6199
2412
2895
5389
5713
7616
3418
168
2087
7315
3494
6486
2743
3334
3673
3286
5519
7124
8168
2767
944
2260
7391
9705
2398
8270
2145
8667
9983
4622
3169
868
3204
81
578
7265
9201
699
5285
2210
2426
2527
2813
3980
8788
4512
3124
6850
5186
8314
9061
5888
9024
5216
1367
9758
545
6976
2199
7672
3027
5261
9943
4514
1128
9595
658
221
380
1512
2870
4387
4551
9191
8567
1745
8374
3804
4738
1231
4431
8899
7466
7496
8921
9873
8408
4166
3368
7402
1147
7148
2648
1914
7597
3430
133
5591
3268
6514
1529
2018
2475
6894
1898
2311
4355
4529
8006
8659
5275
7515
6786
9945
1273
7341
4688
4619
1827
1119
3659
7197
6145
525
7224
8648
1499
9104
6607
6385
6988
468
6972
549
7050
9889
8497
8478
5575
9360
1965
1363
9119
120
6638
6809
1837
3343
5269
158
2306
4519
651
5832
4805
5410
3020
3868
1695
2116
5273
5610
5990
1580
5179
4251
5452
2211
9664
9787
8960
7179
6148
7205
260
7448
6925
5406
6240
5896
7152
6550
4284
7268
1865
4088
2546
9440
8357
7330
9737
1817
2042
8586
2881
1008
8653
7858
2715
9573
8605
1114
3263
2265
7532
7476
7884
6267
4546
6010
440
767
9963
3380
795
5507
1654
6721
5344
4867
5000
6919
9716
2235
5563
2152
7455
6962
923
7015
8433
5568
3577
5806
1247
8909
733
952
2096
3489
4917
6552
575
8054
7404
4933
8528
8426
1432
2610
7252
5141
2028
6282
5585
3800
7331
1053
5582
9347
8504
1224
4649
9481
8440
882
7304
5956
5861
3999
2807
8191
4752
5754
7620
5034
438
6933
3725
3308
7757
3526
3652
1028
1382
682
9680
5525
6178
5998
5492
9186
4941
1397
3448
8758
4136
5950
7462
7324
8798
6161
5651
5302
3485
7891
867
7123
1121
3567
2799
7101
7550
2936
6938
1331
7013
2760
8599
3917
2278
102
6879
1056
8662
1601
9493
8789
3592
2641
9671
9156
5964
4032
879
1769
7080
155
4009
6955
2499
4898
5843
9248
2240
200
5967
7558
3189
5250
4253
6799
4359
9501
5473
8248
4123
5833
2326
3276
3474
9435
4539
826
7985
6761
4242
8751
2195
2821
2388
251
4231
2704
1703
3179
3377
1491
4569
5042
6234
4233
9726
296
426
3386
9021
2491
9592
5660
2846
2909
6487
1351
3028
5765
3811
3427
1709
4520
6021
4472
6831
702
9016
1836
8874
2661
9967
6001
4120
5972
5277
9221
8096
94
9463
3
2185
3275
1286
4870
8765
1429
7398
86
2793
336
4578
3834
2521
5402
8506
7615
5762
3120
799
6681
6623
5772
9451
5386
7486
8679
3157
2009
7029
903
2277
5769
4806
1391
24
6054
7595
7122
1676
8067
3349
226
3188
7663
9384
9662
7411
3608
9247
9418
9555
1753
6659
2044
7812
6501
1353
5068
1811
9583
2182
3934
309
7881
7805
5818
1291
9558
2142
3603
9092
6094
1557
9220
5245
3685
3867
1774
8236
3669
4543
900
8730
5812
4038
1718
3709
914
8004
4924
6605
5194
2845
1761
5061
6639
93
5796
1300
5853
122
3989
6202
5379
8664
755
5667
7626
8534
9098
9551
1954
1736
2360
6867
9822
3740
4264
1639
1749
1966
8860
3964
4659
6798
3864
8560
6808
4443
6857
8622
5151
9457
3261
9911
7107
4904
7994
5653
1631
582
1920
2333
2803
5223
4306
3788
8301
3100
3420
5339
2526
1253
4560
35
3390
3997
4572
6899
1459
1981
4196
3609
896
1320
1699
7498
8725
2200
8678
8428
7471
9711
4907
7175
5969
249
2921
266
7794
4430
2305
8721
2620
6908
8574
1390
2837
40
4732
7187
8704
1710
9147
3350
853
3086
9801
6892
6445
2555
3105
7035
2493
1930
9621
9637
203
5098
3095
9975
8469
7727
4607
4422
8941
2413
4751
5031
3060
6038
3077
8807
293
6120
9616
8113
7900
9503
257
2140
6077
5453
7090
5439
5750
8029
8947
1751
5595
8207
3400
6602
8524
4438
2033
7869
6343
8536
8370
8827
2296
3923
8700
7573
4902
1609
7808
4163
7936
8939
2172
3574
1866
677
1276
4990
111
802
2700
2640
3361
5174
798
659
3850
3878
4869
204
5376
7882
8016
5663
7911
4759
3643
7335
2735
8631
505
2962
8790
1581
5135
9444
3736
1973
1993
1947
9005
9665
2389
7706
2458
9125
490
4892
510
9152
917
8709
9582
3647
2456
1726
7690
3486
2945
6929
4897
5204
566
5311
9690
8867
1593
286
3047
9011
9741
3838
1933
2463
2721
3771
8525
19
2470
7137
2017
7670
9324
5134
9645
9623
6728
1474
7737
3295
4382
1332
457
6932
305
4276
9235
1178
3399
8670
5668
5308
9056
2587
6110
1523
1919
1060
4552
2670
9047
8724
5576
1926
3595
216
8310
990
9219
7563
4049
9392
5489
4089
3932
4923
6535
7782
1520
4590
573
1585
2597
9906
8378
6164
7191
6183
5799
2261
5392
1360
5826
6934
5030
6504
7193
5612
1384
1160
6485
5005
4849
732
2
3681
6019
7478
4168
1967
7855
1746
191
435
4273
5467
9331
3839
8797
5810
6041
6507
229
3529
9605
780
4442
6292
2322
4263
4882
3897
7572
750
4586
8101
8238
8267
9202
277
6539
6521
5601
5838
7098
6436
6498
8065
628
4112
7676
9237
7864
3539
7692
6980
3200
4339
4971
1463
2752
3675
5404
6868
2564
927
7021
9419
5607
331
1696
9072
9667
3104
7678
3449
3433
8363
4635
9619
4695
6129
2385
8529
6190
8979
8030
9096
6961
2029
5957
8144
6505
8779
770
5479
2509
4532
5691
5865
1565
7412
9042
5188
7681
3614
887
9249
2411
6950
4847
4553
2763
6600
2163
5608
6813
7856
8726
7600
616
7294
823
6905
3193
4632
8736
3770
2672
8806
8352
965
7906
3721
6835
1688
5944
8876
9772
4794
5977
9849
662
7717
4647
1204
5847
9320
4375
901
1475
1505
6086
1969
7843
741
9683
7713
897
1765
4604
974
1951
3277
4624
4821
5951
6
285
2125
3776
5630
3653
5468
5099
9364
9238
9055
8102
7694
4678
4972
6048
7826
1195
5408
691
9363
6334
8885
7846
2983
9608
2608
1780
588
6044
9269
6792
1974
5398
5504
7271
1004
1705
3883
5196
1830
9214
7091
1113
8716
5735
4174
4760
9089
6221
5923
9215
2447
3695
1547
2486
2464
8994
3405
6337
4782
9809
7461
5978
8696
3345
551
4718
5071
2043
4915
9984
5689
564
3184
9490
7248
2660
3220
187
4820
8983
4482
5062
2934
2269
6664
124
7096
8591
9245
6056
3090
1281
5611
5787
4198
9491
1554
6132
7859
5278
5539
4330
7323
4940
9391
899
6518
9051
9702
2012
9474
3902
2429
167
4433
3108
6097
9448
8490
2082
964
7839
9280
5730
2013
6743
9396
6229
6191
4793
9311
2975
5305
886
4116
7948
4418
7043
5461
6236
1876
8594
1535
5686
5026
5736
2108
1790
7790
994
8358
2118
1855
4000
2603
475
6121
8199
8918
1209
9132
4398
2315
3492
9135
5350
3227
8024
1096
7410
847
6465
8127
5306
5928
2498
9610
7830
7841
2349
88
3903
3314
2164
8141
4266
3635
4461
8128
2634
4526
478
3901
3091
471
8840
5531
4894
7233
2954
5759
7383
8472
574
8948
179
9185
4937
6585
1094
2855
9830
3521
6102
8913
4113
5725
9545
4614
4613
3806
4
8197
2231
415
5556
5012
3890
4356
3456
2093
7500
6421
7731
9750
4334
3872
3698
752
5303
4268
4803
5044
3972
6540
6172
8209
1824
4991
7901
1129
3955
8146
8260
1298
9348
6722
6244
2229
352
7143
3650
5513
2080
1890
9146
5322
4323
2914
9800
960
8100
363
9566
7638
2197
831
4118
1330
5340
3848
5049
1640
4710
1284
771
9288
2449
9484
9110
2112
509
6949
2060
4523
3780
9812
265
528
34
5792
8165
5183
9691
2639
4358
6479
8974
5331
8703
1368
1854
7465
270
6491
5056
3696
1744
3431
8951
8434
2031
402
2272
9914
4388
5733
3068
934
7457
861
5554
1600
2192
9656
3278
3714
8495
3977
8109
6524
8687
7260
8351
1666
320
8740
3375
7875
5088
5462
6215
6519
3284
3404
1422
2797
8349
1606
3808
8224
6871
8997
8272
1190
8892
6547
9139
7850
8924
5495
2523
8920
5274
2646
4845
9455
8969
9668
3087
4703
9167
6720
8845
7712
2560
1574
5435
3061
9634
9103
5599
8636
4301
6314
587
1595
7427
1177
6848
9827
5669
6008
3260
522
9499
4300
3155
665
9640
3516
117
607
2994
4618
3993
8177
758
8848
1336
8069
8353
5680
1851
4091
8746
2637
5776
8759
3197
7040
9050
6381
8615
5622
3826
1051
2276
3973
6420
8717
8795
8295
8728
2946
9035
7201
1689
5213
8406
7087
8242
5960
3916
873
6805
2566
9379
7384
1728
2355
5144
1442
7619
9257
91
6398
2501
9378
2497
1479
2778
6911
553
9026
4836
800
4414
5672
2816
2664
9430
9840
9262
8843
9898
8159
8782
3235
2406
8511
2645
4597
1283
7007
8450
263
517
3196
548
8395
1737
3793
5081
6032
7871
3618
1537
1897
3865
1910
7469
1293
680
3769
3089
7552
4599
4070
7847
239
4583
6995
483
5334
9861
2114
2363
6138
2476
2151
6493
4593
8923
1668
3777
3024
2180
1571
9128
6046
4370
7420
396
7684
2467
3084
4447
2915
5892
1254
924
2528
2404
8800
8729
7628
7650
8319
5798
8026
1991
9295
5352
2540
2790
904
542
4521
9017
6701
63
6179
2939
4463
379
5390
5094
907
4946
5310
8157
2685
2744
7594
2622
8432
7995
634
47
8557
6678
1043
1518
3017
6286
4269
3649
7351
2948
8500
6265
3919
6063
1579
3339
9102
2931
696
5837
45
6079
5434
7264
1433
8111
690
913
9497
8944
7354
6749
5388
9709
9298
2853
6101
656
8595
2430
2968
6258
6357
1715
8454
5578
5124
7613
8655
6914
5508
1057
2565
860
807
8646
8577
9230
7064
617
8044
1125
427
9819
274
3461
3030
2063
1393
6093
7242
4133
1192
599
3045
1723
5503
7097
2932
4809
2779
9282
7647
1111
3887
7917
6004
5436
8990
6635
793
3949
3904
4195
1292
7581
9651
9064
6826
3621
2362
6849
8850
7608
5506
5849
3755
4812
4948
1679
9328
8444
9825
8080
114
9291
9859
1073
1976
6771
9510
4283
1590
6577
5559
3279
4733
2077
82
5530
2652
1927
313
73
7775
1145
4261
9205
1202
2147
4683
8993
4485
4842
4727
6092
7711
2121
5773
3888
9910
5218
3702
3044
4391
4282
5589
1886
268
4501
4067
5947
1009
8818
4202
8531
207
6308
4331
4758
8356
2810
5443
7308
7283
1958
9203
7815
1831
2338
1489
989
8278
4006
1217
6548
7028
7656
9007
225
8987
6616
2534
4101
472
8005
1779
5770
8647
7823
9063
2818
452
4030
1900
3147
6047
1193
1226
3202
6468
7540
5580
8131
479
3182
7927
3210
4215
7419
6943
9725
5053
6687
1987
4929
6654
9897
7596
4134
205
2359
6316
5113
9183
4753
5911
4653
1942
5793
8342
1449
8298
9676
170
4701
7733
288
230
3576
3010
9811
8170
3082
9127
3745
7966
7397
9707
9620
6758
1804
1985
2410
4106
5594
1787
3532
7225
6122
730
9654
594
3756
8750
1494
5447
5910
1931
4605
89
5907
2769
3393
7860
8166
8184
2613
358
2433
1054
383
7203
1101
9293
322
6248
693
8738
8266
1090
9883
669
6563
3490
2222
2064
7705
9332
6311
4998
3351
3854
1385
3623
5166
6655
8692
5860
2928
2538
6495
6708
3445
4439
3026
1135
4092
8566
5764
9129
2282
9535
6197
2511
6280
5096
6211
1952
9155
1783
9916
161
1820
1322
7928
6846
4140
6245
1400
8981
8103
9327
5266
1206
7058
4570
9891
6223
8593
2877
1179
4243
3637
46
5207
4372
4170
7032
1582
928
8048
171
4685
4871
7631
6406
6922
5632
5782
2559
5433
2477
3542
2878
6599
4780
7848
4975
3118
6619
8189
4961
356
9483
2726
7442
273
333
3687
5021
8078
9530
9803
9138
5573
9578
3520
8360
4984
5565
4916
3397
1490
2065
7020
8372
3961
885
6717
3719
4720
8842
25
8538
8829
6071
3954
8872
4645
1395
116
609
2327
4344
8764
3171
4179
8922
6364
6026
580
655
7250
935
2453
3374
5054
2249
9988
5441
3896
3749
3817
4478
1617
6874
2102
7153
8699
5338
8481
7719
5227
9157
5744
9892
9597
9130
9233
2518
9334
4468
8486
760
236
4326
6910
1569
6133
3316
1828
6788
9330
1386
4392
688
4629
3948
1698
7925
4777
2068
4081
9091
3036
8194
6559
4626
9275
4862
6642
5008
3113
1802
499
6305
3054
2619
5171
5869
3353
346
6738
3057
3803
4967
7204
3488
7491
1995
2150
6608
3137
3232
6811
9907
725
1455
7253
1708
9653
4426
5161
8989
2212
8156
3689
6816
8371
2904
5351
6025
996
9912
4641
4363
9117
2605
3686
8400
8889
2395
2284
5286
6804
9742
5940
8410
8195
9824
6781
1441
7951
8176
7880
9987
7214
6448
9004
7428
2287
4465
3398
9180
9928
6392
9947
5901
524
5517
9368
612
7809
9126
9488
3018
2995
7228
9142
4307
889
1466
2304
4608
259
4557
6544
7190
9591
891
3217
1208
9437
9775
5690
3123
3359
2747
5755
463
8368
8379
2103
7740
9838
9779
6574
175
2692
2987
7041
3832
9693
6564
7551
1556
2139
1238
7439
8332
3629
7612
5354
3661
3067
6214
2697
9085
8318
299
5707
1362
9722
3058
6205
8296
7440
7753
1006
1949
386
5016
8312
6081
3700
1665
8257
3708
4589
5955
3206
3069
9604
7192
1584
69
9143
7955
4100
335
763
3589
2524
6615
3924
4928
5588
6050
3829
423
6484
4484
9192
8785
3130
7878
2653
5416
458
8547
2731
1078
7557
8112
875
6192
3401
9271
1809
6106
3270
6891
9276
1516
8336
7405
2156
9834
571
7184
3309
7038
9972
9400
217
3591
1531
6649
7377
4804
970
8576
9337
7773
1375
3937
9923
2673
6647
9677
980
8984
710
4109
7849
7346
3383
7964
6384
6858
3115
3622
8869
7745
3951
7695
5908
28
7899
1243
717
8305
5237
2795
5903
3495
3877
5382
3111
7922
9166
5618
5699
5970
1673
4699
1525
3396
1017
9788
9283
1589
444
9373
3813
2122
139
3891
8823
7702
13
87
2396
5101
8705
4409
2512
3718
3391
2941
5105
4226
7456
1662
2248
4194
3289
3894
6315
9818
5562
9684
9714
7343
3645
6446
1717
7219
9339
1097
6573
9660
2267
5715
9909
9367
3480
9485
5895
8672
753
5153
6560
9821
8934
8036
4310
3363
3012
4792
8415
4505
6915
6913
4705
57
2273
5823
825
281
2762
7760
2041
2740
8205
4397
3496
6984
4419
2532
1522
5628
6920
7094
5365
8130
3508
851
6506
5003
6085
8412
6592
1511
6290
3598
2259
4813
3476
3617
8891
6851
6789
9227
340
9519
7245
1509
8057
83
3333
3410
8774
6082
2839
3378
4343
839
6801
6578
2674
8610
4206
1948
2435
4285
8389
8769
3011
5100
5937
4679
7854
6073
3119
7973
8568
7045
8235
8621
644
8849
526
6964
4436
488
9795
1438
4348
6917
4863
3245
7654
992
668
2209
2925
1476
5298
6860
6618
1532
7931
269
6239
6434
7818
7301
9760
3357
6667
5067
8129
4139
1480
2759
6927
8226
9067
5217
5520
6451
79
7238
5946
5917
2133
8864
3096
2791
2961
1485
7216
7232
4724
3319
1963
9388
984
3730
4019
7174
4709
7126
3041
1984
3507
1170
3853
5342
8973
58
8887
9502
6167
5633
1586
253
3367
4435
9626
2730
2520
2419
2281
7139
1680
9414
3352
5801
3892
287
4475
9528
8466
3742
3561
4237
1144
44
5307
1986
9938
8584
1264
5670
7399
7146
8888
4213
378
7206
3297
7234
6469
3704
6567
4866
4327
3176
2113
567
6380
948
6640
8854
5719
8203
641
6994
108
4670
3871
1230
6095
6276
1140
2439
4047
6060
2149
4596
4925
7437
2897
6881
5231
6679
7627
3672
4200
1568
3151
2596
1439
4480
546
3690
9101
8436
9754
4329
497
469
5528
8246
2252
3935
734
5041
9049
1567
3296
250
3208
2417
6764
3406
4945
2086
4470
4987
8221
8532
109
5152
3144
2279
5265
6235
215
5128
6730
8741
8688
7014
6173
7499
2425
742
5516
1233
1734
118
6330
4210
2438
5143
8445
8031
983
1105
6042
131
1200
3845
3283
5020
4152
1110
6668
9292
7321
2720
2343
9596
5104
4259
2218
4108
8174
7834
2557
8118
8273
2647
150
3315
2270
5790
6024
7282
1274
9657
7939
1988
6014
442
370
9561
558
8578
4756
2215
144
4651
7109
7409
8863
1066
7844
6091
2905
3040
6677
8317
5459
9999
6538
1750
8286
9844
6741
6793
1763
2243
6715
7732
2350
772
2484
4147
7786
9449
9586
2659
4816
3504
5013
8341
4801
2788
3505
5656
9148
5170
6606
5006
4102
1862
7835
4302
3952
484
1222
2023
6685
364
5103
3125
8713
9426
1000
3861
7811
6517
9462
23
2844
4077
9641
7671
2146
642
3524
1458
2770
7481
3722
6711
4232
6689
1149
6252
8781
6003
556
4676
3656
2927
9398
932
3930
3342
5107
3247
3634
5866
9836
9929
1563
591
4721
7246
9735
1077
6084
5724
6541
1467
6345
6412
152
3541
1295
8963
8279
464
5774
7562
3257
2095
4352
2170
1341
4041
5914
6937
3921
2680
2325
7930
5077
3599
9865
8972
3879
8912
6175
2224
547
7147
4342
4486
3671
508
4427
8546
4114
9029
371
1687
6074
314
9728
8901
6966
728
4595
8955
2286
6726
8862
6596
9948
9289
4996
2676
7892
9434
5721
1594
8579
7984
1980
5515
1549
8572
8513
7886
8914
9953
6723
4256
7837
8907
5549
9312
185
4571
4303
8489
5942
1153
9217
3403
3798
5445
4942
7276
1502
1968
6529
8929
5893
3475
308
6435
2988
7976
6209
1513
1643
8734
6823
6778
1319
6428
7357
2553
2069
367
9603
7426
3535
5731
6629
6845
9556
6985
2294
9670
9607
5763
2334
8657
5643
6152
6571
7467
3642
5734
9926
9951
2541
7861
3360
2642
8117
6012
1941
520
5202
2402
4318
7332
6737
6866
5246
3109
6422
125
5480
2794
1081
8115
9815
405
8571
5428
3986
6651
9374
2441
6355
1419
84
5526
3379
3436
1072
7125
6978
2428
3510
3747
7388
404
8213
9122
7639
6703
3059
5314
8814
3602
8178
7623
2019
4177
8040
999
4663
3610
3424
6996
869
2710
6320
130
9648
3678
2890
9949
2993
3957
4362
6839
8387
5766
627
5327
6288
7443
6838
9764
7586
3146
9412
8644
4248
8411
445
326
5854
6080
5282
7167
9144
630
4205
9319
4069
1739
3814
2318
7921
8139
9976
3886
5438
188
6271
7140
210
3457
5097
7759
1863
9832
7604
8074
4729
6748
9635
7969
8597
1559
7890
5110
7303
8359
6432
62
5857
3840
2176
4964
4381
1457
5598
7792
2194
3581
7704
7764
2437
3988
9401
2894
9429
6257
5032
6389
6356
4044
1407
4808
6275
6657
1835
2957
1743
5257
9769
448
3266
4665
1955
7501
6350
8499
2136
5474
6333
1275
67
3852
7933
6873
2171
3933
4225
6395
3307
878
9252
8742
7535
9751
235
893
8629
303
3765
6688
2450
4464
2577
9094
5708
3519
7257
9346
5546
7334
5140
2792
4090
4912
6902
360
9613
1486
4024
1588
4798
5137
5596
2966
2258
2841
2135
9639
7873
7056
8265
271
2554
9305
4518
8187
2827
8954
5701
6645
5654
1059
7079
5694
7054
8606
532
2157
6115
7897
7577
6260
1555
9969
3996
6415
7797
6185
3563
2753
2123
8715
3606
568
1242
4524
6604
9211
4164
7255
6658
244
2337
7983
9431
3085
7895
6281
3816
3585
4966
6002
8455
3688
9956
5173
5448
7371
6565
3786
1621
7905
6289
8384
5007
8022
6719
8520
5696
6362
1117
1545
1014
2635
92
3450
1095
2056
85
5726
2525
369
7561
7068
8413
5191
6840
258
2713
2434
7919
534
7688
4365
2947
2831
3992
2893
2352
2206
3739
1725
2574
2808
5570
1417
3344
4167
3033
2580
3713
7291
1656
5889
1142
4909
3341
2583
4317
738
32
6773
5541
2548
5315
6965
9899
1115
7475
397
4061
3070
4974
5187
3502
9565
7588
7658
5078
1406
6489
6344
2737
1632
1024
4126
5557
705
6502
52
4922
5336
183
1042
2886
9576
4542
684
9179
4396
716
9695
7048
4403
5400
3548
5855
3644
9136
8418
6693
7266
6457
3121
3959
105
3269
5906
8244
3438
1041
4367
4669
2339
1719
3557
9560
2479
7129
3958
1120
1381
1444
16
6926
8145
9377
562
7102
7017
7156
6208
9715
2809
7418
8323
4692
8756
7057
4908
7509
3484
7237
5431
1771
3239
988
3455
2772
1086
2758
9534
420
311
4550
1156
1349
1623
5015
7052
1872
3273
9689
9254
8014
527
1882
332
9258
6558
4584
4764
3303
6870
9921
9896
5981
3889
986
4660
7030
278
115
5807
4209
1079
4292
5182
7749
8284
9302
9540
9568
2443
4918
8900
8589
2072
1267
7723
2708
9290
2875
3586
1030
4395
8095
5483
6692
6531
9403
5109
4790
3338
502
408
248
1997
8380
9841
7831
5093
4008
77
8970
6603
2037
8258
2919
6067
3265
6939
3212
5280
876
518
2471
666
7176
1225
7781
123
9516
7019
7001
4767
4324
1404
3039
1481
1937
4321
2696
5564
929
7067
6779
9661
722
4130
2187
8409
6139
2263
9259
1911
5602
5540
7348
9857
8288
1970
6312
2035
5604
950
9593
1690
8193
6824
6198
4693
6473
26
8894
6478
6546
7396
1270
30
1448
3630
5831
8904
8241
1396
1860
2896
7579
4187
9817
1339
306
2958
234
4115
2173
6624
1255
3551
1807
585
29
3078
1733
2857
2328
6171
2000
8760
4775
9001
6865
3264
3454
6480
9344
8542
8083
5913
9782
9285
4017
7240
1246
3337
3615
9887
1758
6352
2038
8810
4819
2989
5746
7621
3819
6614
53
2943
9704
6923
673
2705
8377
3906
8485
3331
9924
6273
8192
3170
1916
973
9805
5076
429
581
2723
2446
9767
815
3552
1875
5154
6200
7747
9196
4654
5262
1180
6675
3664
9225
2830
9919
6790
4374
6188
6411
7024
3236
1158
7625
1853
5178
3256
3726
3214
434
6897
4707
441
5401
9165
8980
9111
3301
6203
4943
9361
7622
1461
1100
8680
961
6646
7862
6697
7269
1418
9652
5909
4950
3241
4826
9636
5220
8496
8038
8451
6948
2982
8013
890
3161
9078
4460
2022
2985
8507
6238
2109
1819
7582
2313
7336
9145
3775
7799
7539
9002
8775
1343
6784
6331
9158
7599
9713
6154
1470
9536
6875
10
6028
6998
4150
2614
8551
4335
4504
6931
4646
2892
7617
20
7767
8394
1219
6588
1868
7202
6942
96
5488
8743
3568
5737
2736
2256
5380
2154
7541
8423
4627
6545
6534
1420
1069
4662
4561
6371
5160
5254
3554
6186
9527
2885
7644
9228
121
338
3101
7765
1507
6149
2547
1781
7314
4262
1260
2330
2468
1410
5063
4876
2650
9577
639
7290
3907
9946
3356
747
8858
8491
9425
5493
7495
4901
3280
489
2656
3962
1199
7699
1338
3628
9159
4749
8564
1337
8051
5819
6353
2942
1539
2732
4748
7406
744
2711
7484
5291
6554
5678
9955
6593
7155
7813
5648
8092
3112
1649
7047
3291
6274
8706
9197
4312
1376
9301
6136
6750
5536
3527
8544
6993
8147
4141
7217
1669
8211
2445
4148
8475
8749
9978
5481
6800
8419
6036
8777
4779
8677
9241
9745
8950
7947
4977
2205
9443
605
962
2627
2358
7085
701
789
9084
5491
6327
6878
7270
8155
4957
