2512
9395
7875
6550
1428
4210
4182
6041
4835
8975
935
1012
9716
2953
9454
8617
9406
5146
106
4669
939
3693
5855
8718
5176
6784
8527
2039
4399
1614
3454
6053
2956
6754
6168
4693
1725
8738
7782
347
1172
183
9987
362
7268
5897
8610
975
8968
8535
2725
244
930
5744
2027
5740
7561
6085
3830
221
9253
3324
7603
2687
1526
9138
1353
8382
2041
9264
2379
5784
3247
5741
7559
5143
8680
9735
6
233
5288
2972
3196
8987
1337
9236
1231
7747
7716
525
1076
3411
1365
8273
8390
4233
7905
1363
8827
4167
9936
6075
4808
5055
1367
3887
7907
524
8079
2847
109
8657
1923
2762
2255
5934
6193
3709
9499
453
9265
6982
3195
4877
6685
1183
6111
9754
4592
9753
8387
1041
7141
8532
7853
9514
5854
2003
5593
9413
3981
5291
9491
871
3057
4926
7562
375
9870
4640
4856
5846
6315
5993
2886
8960
345
1524
4010
993
3310
6397
8132
9318
5688
3799
9522
1463
3020
9471
7184
1148
8881
8035
7953
9500
8473
635
8146
5294
76
6090
7004
2799
8803
5967
9931
3809
1022
7077
994
8771
7032
2501
28
5080
9669
4722
7578
2164
4854
7085
5004
8475
8087
891
7572
4388
3006
3090
1030
8519
4144
3345
8415
6480
945
3787
7347
1197
1881
739
792
4719
9475
9215
8655
3
8894
5809
6196
1352
1056
9538
1834
5635
8389
5059
9172
3062
2300
7947
8474
4565
428
4239
3805
3160
874
1808
8500
7613
7682
293
2278
6980
1232
4723
8404
3669
2513
6737
8002
9208
1802
3661
6350
7467
7290
15
4275
6451
1042
9064
6360
1857
6561
8600
6781
9885
1996
1643
9012
7187
9779
9169
4557
1568
2746
9216
9849
5300
3112
2680
2856
1569
6977
3031
9092
3358
1560
3815
6919
3696
9082
182
4058
1436
9623
2272
940
9326
8903
4474
6427
3972
9841
7737
8759
4858
7097
1986
5436
6235
8412
3869
5601
9561
378
3283
8934
3866
4966
7069
2647
5293
5126
1154
1118
7594
227
2434
5865
6740
6747
282
6093
654
5817
9497
3728
8949
649
6285
9996
648
950
2880
8337
9624
7075
605
3013
2290
2829
4959
4072
7042
406
9622
9496
240
5683
992
5493
2298
454
1350
6625
9194
8662
6414
2482
4015
2582
7551
6637
3814
163
607
9530
566
6543
8911
6281
7639
5325
3845
609
5009
4939
3058
9077
4803
5863
1624
6438
8004
5695
77
8781
1879
8694
9880
7017
4175
5666
3541
3011
6659
4196
6782
6362
72
4106
3943
2595
411
8614
2431
146
4798
5115
7185
2568
5674
3360
3224
3129
7564
1818
5302
8833
3333
5446
7105
8283
2265
9897
3139
5611
3453
775
927
5775
5806
2929
7542
2242
7987
6934
2569
3633
1408
4228
4684
626
2025
4927
5116
5426
3967
250
9977
9416
2324
2132
8585
9997
1690
110
7910
7254
6723
3847
2786
4307
186
7580
5868
7453
4279
9978
9541
8342
1649
2035
3348
359
3297
8197
1456
1144
2091
8757
6366
4114
3999
1212
3924
6564
8812
7990
5886
265
3263
761
1999
7067
1311
5268
6369
370
6408
2173
1680
1495
928
5157
7021
9260
4805
6416
9276
2536
6151
4380
6450
7502
4112
2959
217
2941
4466
4243
9884
8075
6567
6173
6145
7820
6515
580
7896
2101
3819
1210
5539
8180
2438
5723
2572
843
9037
6778
9231
97
8291
6092
615
7306
6975
1085
1558
2591
3991
963
4059
6174
2665
4662
5691
7087
3548
8014
3083
8057
9063
4757
60
8724
1786
2486
8324
8734
1468
5401
5497
9301
5566
4641
8448
7121
2163
5332
8685
9401
6361
729
4369
7372
9667
2348
2206
1557
3828
6372
6149
8425
9249
9600
4636
1521
7772
1125
6256
9742
4046
880
8453
9533
332
6851
6689
730
2649
5908
9362
9011
3701
8490
4622
3565
4035
1083
4506
9345
474
3872
3205
5532
5969
722
8367
7166
8643
3216
1161
4763
4327
500
6455
7567
6426
3602
3021
4325
1035
5212
5496
9713
9965
5706
6586
571
7197
5749
492
3309
263
3568
1213
5710
4170
8258
4846
6873
8900
4265
6112
2452
7471
1587
3438
4314
9682
7857
4087
7466
2667
8164
4599
5690
7377
7233
6769
831
7232
5449
9070
4352
529
313
3269
3510
4187
6378
8593
2860
7339
5359
3154
746
1200
6950
5142
4358
9551
3275
6552
2347
5244
5419
8455
5895
9151
5930
5010
4731
2254
6525
9851
5645
2735
5397
5558
1332
4037
5503
5312
6574
3516
6859
5870
351
1447
6856
5894
1662
5012
7819
2410
1950
6584
5988
4050
5120
808
7698
3575
6577
5590
5184
1156
8955
856
9049
2363
5615
2137
7297
9419
6603
5421
7050
1393
6195
8645
6766
544
8353
1253
5823
4715
666
721
4260
4689
854
8596
9188
511
9519
392
4093
9065
2578
3499
6997
9378
7391
54
9402
1435
7628
5608
8725
1912
7724
652
1278
6985
2038
7330
2349
9819
6629
8060
7451
8758
4286
7507
4815
2773
9156
7939
7717
7110
4504
3305
9411
3666
1516
2244
2002
8133
344
5231
6467
9290
4907
1155
1648
8093
3539
9390
8861
8224
5660
367
9969
6708
3060
2361
2087
2683
6080
634
2344
902
348
8745
6344
6547
7615
4534
826
5057
9709
8834
4002
206
7147
2063
6318
1462
5811
9440
6266
1070
2782
2275
4774
235
4709
5940
6887
2788
6094
9829
8478
1308
8265
1991
5828
1780
5263
6810
4405
5952
7879
4264
6971
6035
749
6386
9220
9117
2139
5210
3892
3954
5884
3488
4192
1484
2123
4044
6654
9255
7223
8339
3385
1361
757
6880
5725
9923
1269
4787
2643
4213
9100
9860
2491
3168
9490
3485
5477
7107
1186
6289
9765
2306
2887
3581
2637
7893
2699
5463
2664
7028
6660
1619
4322
7243
9320
2340
2970
9949
8835
3071
1108
6844
1025
7259
4446
2567
4826
8300
8886
1676
7713
5783
1626
5032
8061
9628
2928
2907
117
3380
4342
4207
7327
1672
9740
9267
3130
5711
7834
3733
137
7059
4457
1112
9173
753
5364
836
8793
6013
5531
7323
8119
8936
3000
1312
2235
517
2993
9730
1382
4733
6433
3660
2879
9679
7089
9415
2975
9277
3131
8836
2193
9945
1706
7617
94
4155
948
1632
7299
707
8176
859
3147
8772
7357
2489
3888
6468
5278
4439
4157
9239
3762
6177
7363
464
9673
7699
7755
1270
9487
9517
9900
7751
3036
8454
9211
6156
6805
8559
6847
8222
8931
4246
3520
8098
6265
7519
8577
9130
9408
4041
4492
3464
6687
7189
877
1575
8282
537
5994
8333
4381
5098
2981
4433
4796
4775
7247
7152
2080
1974
7651
5234
7206
903
2492
9511
7661
3370
9723
3571
1964
6239
6658
5537
4460
5324
588
8518
4278
7587
2577
3902
2177
6326
820
8485
4849
5671
8094
522
1906
1678
769
3832
126
1225
9738
296
3492
9630
290
3038
6159
7205
2684
9548
8248
1376
8498
6753
8565
9338
4139
9006
1389
2058
919
8308
6610
5412
4199
1679
3280
7707
6692
2702
6319
5261
1784
543
9928
5964
3878
3270
357
6622
480
5334
9715
8511
2079
1496
1416
3015
6897
7525
5132
2863
3373
7539
5578
3208
2698
3937
9950
3150
1887
5928
6579
9463
5762
5675
4501
617
2646
3212
727
4494
7999
5960
6114
5264
9191
9599
701
2487
1092
1772
372
433
4194
5029
8042
512
7433
583
1602
2701
5204
6758
463
5534
2925
8204
1043
2877
9489
9029
5887
7146
7222
1050
368
7923
4434
9592
36
3064
6000
3504
3557
5200
7511
1905
2708
6741
4751
285
2888
3232
8553
5647
317
8103
662
4428
7308
823
8169
7359
5701
7579
6513
4971
7149
1289
1946
4707
5805
3546
9115
2539
3638
8683
5092
295
3238
7320
7965
4261
8262
1234
8628
8753
4423
1153
723
731
8264
4539
504
659
8480
2884
2024
6635
3917
1479
3786
6277
4464
3763
8531
6129
4737
3235
1762
7930
9773
6953
8863
4552
5194
8573
7319
1007
5599
5022
6086
5365
3070
8728
3379
7778
6417
5011
6765
5849
8082
432
7913
9404
3871
8329
8869
1961
4611
4721
1684
2496
4716
2751
8168
7345
1306
2289
6690
5653
3352
1181
7648
552
3916
668
9691
6163
6840
3940
5837
4476
5452
1
3843
2744
6874
6716
8245
1424
9294
9510
5136
5356
4400
5519
2282
2285
1437
7414
3302
9692
9587
6641
5380
5123
3480
6700
7144
4412
6519
1368
4403
5737
8121
6639
822
1504
7072
8567
1215
2055
4511
1976
4633
7622
9612
8106
5768
9642
8118
6946
1633
7808
2430
9398
8882
5390
837
2208
5750
5189
2832
6307
8914
1449
8493
978
6898
5864
5484
6314
4067
9149
2011
6304
442
3671
9317
9331
9549
9774
3221
7840
2178
7125
7068
5648
2659
2756
256
5326
5729
9035
1509
1347
1731
3118
2617
2597
8022
4990
2641
8622
7368
8611
6914
249
9816
8102
2892
3304
5422
5137
9187
7693
7073
7703
8656
2965
2165
8530
5242
6164
130
8901
8524
4069
8424
2291
4390
2628
7692
4893
4284
3248
9601
5072
4290
4349
5922
5795
8855
2316
4503
6418
4315
7657
7927
7514
6099
1972
4508
692
6017
1925
4022
2389
1930
1709
8630
9026
7157
9036
4443
1940
7892
2818
5283
1441
3960
4609
5826
2609
3306
4941
9388
12
1936
9763
7435
2412
6388
4273
8972
1734
1494
4291
1517
1170
2028
4755
4116
2102
4754
8512
13
4743
4366
472
7794
1939
7888
8084
7012
8526
1094
159
3685
9610
8973
1264
9759
8223
422
8671
7752
6441
520
1059
4062
9912
6779
5571
7523
7689
9529
7584
1398
990
6313
7706
9857
5947
691
8167
4398
5609
9697
1564
4653
7763
7256
6539
1472
2706
1336
2549
2205
2878
5048
814
4784
4596
199
2709
3703
9435
8883
2061
3989
505
3277
52
1478
1427
8807
4525
8045
2332
7847
9749
6328
7119
9921
6530
2356
498
7212
9853
9908
6942
4089
624
8215
955
2246
3804
2960
8422
66
7099
4965
4847
8469
827
2215
7876
4086
4129
1920
9993
9775
3687
3798
9641
9222
7381
9724
6493
6616
1396
5481
915
5915
2259
2772
2602
8720
6335
1415
5281
8020
2474
4422
676
1399
8034
5556
7705
2287
1434
7066
1204
2754
5219
2759
4320
4140
5269
5097
8589
5316
4673
9013
1806
3372
3103
883
4922
6331
3336
4137
639
8161
8675
1349
8563
819
9991
4873
2269
5668
2042
6608
3409
2393
5526
9431
4509
5825
8620
7115
6014
7614
9479
5105
9632
35
8437
1823
9594
904
6927
510
4104
6501
7884
633
2579
4027
6267
3653
2820
192
7764
8770
5799
3577
1897
6669
270
8752
6783
952
9756
7951
702
4440
7641
9291
2910
2468
3024
9944
2947
2845
4378
5686
5568
9443
3745
3056
9968
3067
5687
2590
115
3098
5420
7688
8839
5033
7082
315
5937
6587
4989
6071
9743
4180
8847
1966
2548
6409
7904
3650
9861
570
9959
8586
841
2022
5848
5181
1481
5574
8170
5472
3052
7873
1668
8607
7285
7249
9866
7789
2909
3470
7093
3528
5670
8854
5524
6636
7941
7685
6389
3859
743
2587
2367
5170
7952
1531
1859
7474
6023
5745
5094
4340
7498
6368
4857
2670
4526
6860
5614
1233
6912
2770
177
9523
5102
5878
4579
3560
840
7575
8188
3632
8441
693
5088
850
3995
8428
7410
3054
4014
8947
8915
2484
4520
5405
4357
4030
2828
6477
3732
1443
3580
3456
9935
9039
4949
5056
4338
2833
6936
1717
6600
4594
7215
1530
9547
156
5276
2399
3367
8460
672
2682
4160
9663
1124
6113
1140
5889
6062
3506
4663
2716
5111
4627
1692
5538
8233
4955
5403
6020
7642
9821
9796
3511
8335
4773
4447
1613
4479
1660
4052
7762
4978
5580
5341
6398
6895
7494
8206
6642
2648
6440
4223
4569
3127
7631
7810
4125
3655
7063
408
9384
8494
8400
9586
4000
9872
1187
9214
7354
9104
1138
2077
3585
5692
9418
6070
2499
5138
418
1171
8544
9780
8231
9038
9040
2519
9364
2014
5064
6691
7864
1740
8388
5755
3707
5938
3099
7681
4091
4222
974
6290
4992
5630
2397
8885
467
4884
421
6042
7231
8287
8043
6824
9718
6061
316
1333
6324
2650
9927
19
6293
4372
2584
1542
4843
6715
5171
766
9553
5970
8433
9150
4143
1057
4078
7497
603
1090
3299
4097
8085
5796
6019
8784
562
1924
7481
5780
8568
5444
2293
5437
4076
8514
8819
9184
5975
3931
4432
941
7824
9203
8217
9734
2075
1040
7773
25
5203
2858
78
926
1461
7199
5478
2400
2442
8125
5715
5101
7329
6429
1673
4098
2554
1743
8124
6339
9481
2202
2864
1844
9827
6263
973
7826
3519
2485
4845
5543
5535
9995
2755
4704
6804
9665
2046
1721
3588
8397
2360
9033
6565
4056
5330
5904
9544
5789
4929
3968
5093
8938
8289
3032
4036
2171
2048
6705
3349
7959
3295
3215
327
1392
4117
4639
5528
5305
7921
9273
575
6896
5620
7769
7846
1116
5016
2924
3515
7759
2026
2490
9313
3597
3182
8071
5713
1842
5186
2798
6434
1403
2920
3990
4767
972
8546
4876
5700
4712
8024
8876
1511
2555
7137
1785
9111
995
73
3184
3867
6147
9433
3122
1948
5018
1674
6308
6158
8284
7700
3339
4409
8001
8252
7955
4585
9722
2835
2381
7432
7667
3033
2437
8935
2223
2973
1581
756
2120
5764
2214
1315
6385
6363
1446
976
1486
21
671
5746
9234
8690
9089
1957
5279
203
4183
3842
1588
3136
5133
7041
4577
8175
8003
8761
7996
9095
9865
4674
8849
3169
6580
4190
3856
5215
88
5462
5972
7671
2768
3792
1063
7796
8730
5044
1061
5353
3432
6100
2357
8837
8805
3082
8150
5949
9266
1719
6738
9410
9018
1448
2175
4082
9822
9555
2957
3932
8999
2386
9136
5207
6180
3162
5587
4614
9000
947
6617
5663
5682
8476
5107
4353
9014
3049
4746
353
6066
9067
2515
416
8250
8236
8296
6558
8445
1627
7931
5767
6150
2322
3986
7968
7611
3451
6588
8209
9943
9582
527
3886
1221
3244
3023
2758
2037
2443
1106
6702
7783
1190
3080
1055
8438
3700
3239
549
4485
3230
425
6656
5246
3961
2385
2663
5541
4705
3041
9190
2135
8710
4548
4894
2674
6337
4726
9858
4980
56
5742
7117
2527
3143
7473
1938
3014
6666
5956
7609
9614
4887
3164
9432
4769
7803
2329
7744
2229
3543
5427
7822
8334
7142
8303
8502
4
2044
5586
895
2207
1325
7305
1655
3853
8047
9098
3328
3513
1515
5149
6367
7326
789
813
7356
7213
80
5613
7092
6746
2710
1883
3001
8785
6219
6704
2838
2281
9946
8873
818
3174
3644
7754
8739
3016
389
645
6956
8062
3630
1265
2045
3551
8775
5363
8821
1843
7074
5067
7325
3777
4801
851
9112
3272
2078
4573
1235
9963
9690
742
9801
3537
2574
5327
2040
9217
7235
5289
3096
1620
5591
4879
5337
9662
5379
3172
5652
481
8995
1480
5430
553
5801
8727
8991
3259
2488
2273
3094
2317
158
374
6137
6801
7367
8612
9498
3365
1824
1659
6470
8195
3414
6532
9748
5987
3913
9720
1800
8584
9455
8046
8410
4205
5529
5602
7458
9611
7589
7434
4822
6920
5554
8235
2666
4720
4216
248
3970
3256
3952
7984
6582
3901
2295
5597
2167
9721
3002
4162
8560
4229
3893
4909
6665
7403
2505
5473
3690
8613
267
6829
2895
2951
1710
868
7151
9806
5978
9185
9467
3646
6575
8875
2639
5121
5447
2459
1756
968
5584
4701
4821
9076
8642
1166
5193
1617
223
4649
2415
4788
8858
7974
2673
4404
4904
9477
1254
9327
3228
6581
5867
8700
3361
152
7328
5656
5504
7728
24
4204
4659
1911
8616
9707
3308
483
7940
6816
170
6710
2131
3204
6756
7369
8187
2376
4383
4348
7867
8569
9888
9196
2143
187
5015
7065
6930
9513
7040
6049
1525
3936
155
4799
1011
5945
7380
2
2043
8017
8889
7802
7545
1262
9658
4221
3017
8481
7942
8966
1810
5903
4436
2775
3975
1470
1908
4820
4868
495
8988
1425
9289
7425
9462
212
1351
246
2596
6657
9961
9457
4973
8294
3010
1752
9933
1185
3665
8695
7444
3173
7302
4236
2872
3824
2053
5311
5525
6218
4065
936
5704
3140
132
8860
6664
5650
4225
838
2822
3911
5832
7863
7293
7398
8865
4267
6257
2621
1578
6957
475
3282
5042
9123
3770
8394
5942
3722
9043
6569
7318
7544
1854
7565
2989
5131
7334
7513
872
6529
7774
476
134
5773
9288
5577
7088
4303
3942
3674
1691
8997
3754
6534
4123
9635
1385
1916
9254
6830
1342
7333
1141
1417
3107
6392
6852
8940
3810
1629
7315
2803
618
4610
9075
6404
4255
1829
8649
5646
8322
1411
4244
5486
744
111
6068
6733
1457
7970
8970
6762
6240
5267
5230
9436
2243
1835
7852
3595
8463
6464
961
2469
8325
3104
1934
9335
2570
9876
6170
4164
4156
3437
7465
8127
6993
1321
6870
9183
9241
6216
9613
5321
6862
7721
1216
1380
431
1832
9704
7389
9953
4950
6620
8990
3535
1329
259
784
1343
9982
5445
3003
4865
7234
8446
6652
660
6076
1782
5395
5078
1870
3403
8380
3607
9004
7784
9355
9186
8944
1279
7352
7468
7071
3807
6275
9046
352
9054
8137
6384
7608
2149
1745
3567
8029
8929
2825
1995
3253
3609
1169
2197
7495
5551
6458
7113
9230
5540
7652
4806
1024
2695
7338
4377
6459
5160
157
7646
4329
2236
1760
4536
9504
8049
7702
2599
4928
3363
3420
5573
7321
9251
8395
7619
6866
3750
9027
3657
5716
594
9850
8742
4292
1863
8276
8489
4033
2691
1819
8674
9350
6054
4785
4807
2194
2279
8874
3170
4522
5182
933
8147
5619
2160
6503
2545
1134
6963
3251
9540
1047
9958
9449
1067
5880
2406
2861
6461
2787
921
7828
6988
8619
9363
4317
5074
4975
1142
3966
3953
7541
6624
9060
5628
8456
3343
5333
4515
8606
2821
600
6879
3246
5858
9393
9788
92
8842
9784
9052
3175
1892
3019
6987
4198
6329
1757
3526
7164
5227
3836
884
1713
7975
1576
606
5292
6788
9262
1538
4153
1896
1915
9365
2583
7779
4827
6052
3063
5861
6411
8216
1029
2645
2497
9221
9989
658
101
3311
1594
7400
7455
1625
3570
6892
4623
9916
2897
5792
184
4741
2809
1604
31
3615
6431
6391
9045
8971
4920
2944
9340
9240
4677
7799
4668
9386
6590
2262
7483
3197
9466
3008
2853
9620
4583
8031
8338
8851
8703
5336
308
9210
8101
1058
1891
1985
8726
9940
2532
2889
1010
1084
8799
7343
9521
7933
5965
6465
4918
2769
7200
7399
656
1711
4954
9677
2201
4257
3176
238
5262
4452
3191
3415
2918
2096
7445
1992
2521
5702
1066
1184
8344
7390
3802
6739
7054
7845
2212
6116
6022
7638
2373
9588
3383
1031
9640
4762
9483
6015
8624
6662
9339
2653
6549
920
3676
2936
6731
1412
852
4331
7729
9906
5714
7158
9145
9247
7823
6365
6882
6863
631
4068
4638
412
16
1287
951
9113
1492
2151
514
325
4337
7424
9651
7271
2185
2294
4699
1410
9737
3837
7002
3875
1453
5286
1405
1544
2467
5026
1815
8407
3435
50
5218
5114
2745
131
3466
7636
3598
8107
4994
2660
2033
4660
8572
2901
3530
2844
303
8318
6670
3394
7386
6671
5747
4127
2398
6875
6752
67
8714
3155
7881
4675
5340
7809
9661
760
6967
243
5225
1663
3784
9603
8450
2703
1195
1274
2988
4251
9988
1168
4917
297
5433
863
2610
2870
299
7019
6698
1320
9486
3752
427
4256
407
1188
6760
4064
8678
3465
3502
8578
1377
944
9152
6083
2724
324
9022
2439
7666
2987
1174
1048
9655
7530
3171
9683
5598
437
6688
9710
5040
5296
8434
9790
4118
8178
7261
5885
326
5649
7736
2458
3613
384
9141
5110
8351
1075
6841
3997
7780
8051
8144
5119
627
5222
5310
5651
8286
7595
2191
1113
7264
2146
1610
2619
9445
9685
369
9556
6706
1135
4158
8998
2963
8271
5361
523
9838
3925
1101
44
2441
8315
2675
3009
8676
4184
2530
3416
3449
809
8077
3801
7993
7270
4867
202
3428
4263
3501
2804
7281
5765
3408
5416
893
6798
383
2926
330
2351
9910
2502
1593
8488
4602
1697
7832
6108
4489
997
6825
4824
6228
8439
7989
8140
3445
2743
6082
4987
7162
9316
957
589
171
835
209
3592
1159
6123
6132
9890
1450
9653
6399
8887
9621
7991
3265
2801
343
8542
842
9608
2869
3822
5100
9731
2195
3128
5748
5859
9542
4004
3078
5891
2677
1528
4374
1747
7108
5914
4768
9233
6646
4484
1584
6955
3252
1162
5083
6734
4630
782
9687
255
3039
7540
2109
1562
2958
4448
3540
7441
5485
7284
5376
2558
6124
9937
7607
8711
129
9894
637
1310
5756
2110
7379
1095
9122
1532
5413
6490
3797
515
4671
9904
3141
1126
3684
7833
6485
2353
7
386
4018
7966
7225
1753
8755
5323
2166
3321
6026
6380
1089
1149
3791
9310
9119
7878
5199
1795
5317
113
2394
3146
230
1258
2369
3908
987
7675
5810
4115
9646
6182
1880
6954
7920
642
9786
9405
5843
3493
4874
7010
2052
319
4425
4546
1255
7202
4442
2657
1949
5345
7961
1021
6491
4133
8985
9883
2733
9361
695
6179
8698
1918
8477
8579
4981
5053
8138
5393
9714
2335
8019
9028
718
1868
55
5161
4742
2073
630
3089
1622
5381
6721
9914
6489
7055
2062
6188
5409
9810
4230
979
6923
3113
443
7718
236
133
8345
8352
7865
9062
4389
9967
6002
3759
8343
5460
1919
6730
9836
9461
9712
9472
5643
1770
9924
8800
4274
7596
1373
8452
9881
3963
6983
145
5631
3341
9298
6722
8545
6479
2528
6273
9671
9292
738
954
4643
6452
4564
9329
6933
497
2315
665
1086
4426
2302
6883
4288
2689
597
8996
9451
398
6904
6161
9336
4625
2622
6865
3018
4694
4549
1732
6893
8036
2627
5076
6523
3028
6556
2604
7756
8385
9871
2186
8838
1978
3730
1250
2365
9493
678
74
4783
3335
6661
2826
900
7720
6487
2685
1645
153
9096
4394
1722
6191
4477
3881
2955
4071
1686
2715
5553
1582
8120
1933
3384
2538
7436
1364
3898
5443
9835
3640
1145
7239
6835
1038
7714
3095
3347
2495
8950
4385
5697
477
7512
2592
2721
3673
7978
8594
9785
5807
7649
8766
3079
9093
9695
1869
4397
4328
8464
9639
4247
3912
1640
855
7704
675
4863
39
8956
2546
4896
8039
7553
306
9428
9337
1391
704
465
3803
4603
1271
9219
7748
7895
7585
7437
6772
2912
5658
1147
8615
405
9681
7470
2072
8895
1873
5068
7276
9051
4185
6127
4499
689
8538
4561
7298
5178
8241
6517
4462
638
9175
3590
9001
788
3219
1728
2341
5910
7543
7837
6553
1601
9531
8750
1093
2029
5634
8548
6965
1816
6966
5378
6627
2982
9225
1666
6986
7950
1759
6323
7460
5582
9280
3116
4360
9147
1130
4371
1797
2277
3586
1971
7394
1442
9609
5999
5955
7804
6172
302
6230
6881
219
9109
2697
1882
3769
3813
2179
7280
7753
6989
9080
7842
2155
7469
6481
6699
9954
3034
7027
5902
1862
4855
7899
7464
2460
6546
7604
2339
2644
339
3834
7440
8189
7949
2428
4700
7242
4862
2930
5483
3410
1430
6268
7364
2841
8015
8974
46
8292
3558
3941
9250
1695
3589
7459
548
1574
6890
9073
5425
4465
614
5983
9732
2248
5736
644
2218
6872
188
3841
913
7806
6524
8026
2408
4154
8992
9848
5966
5657
6243
1822
8055
5205
9055
9777
7307
2581
8503
9057
924
4003
6500
541
4706
5357
5803
7653
3919
7758
7421
3434
7715
7574
3935
1773
4620
9171
5175
8309
7176
3084
4417
7198
9007
6130
7240
8529
2049
7035
2777
4226
2085
8533
8155
6677
2865
3396
1552
1954
6382
9882
4469
1348
3440
3884
9287
3883
7776
5804
6935
6215
8909
5187
9518
385
346
908
3092
7278
4864
8092
4574
7969
8664
9942
2156
3662
6940
3789
7880
8281
4045
6258
2969
9814
6248
3226
8540
294
964
9844
6857
9078
9903
9648
4972
4165
7839
7500
7217
151
2251
1362
3725
6352
3037
9604
2323
1245
5070
7241
2448
4912
9830
6343
2504
5355
3634
802
6279
4576
2312
3135
7219
6436
8510
3317
1026
9863
6686
1316
798
7582
4111
4312
3959
4202
8958
4718
5314
2781
9852
1087
7340
3190
8517
4206
2454
5944
6819
8032
8429
5517
5924
4444
5709
2371
1688
7656
8108
9465
9567
1533
1205
9699
1845
6138
3712
2126
8471
3903
3473
7967
1477
4402
8926
9139
1698
9352
7161
3996
3753
6044
667
5827
3377
8747
9887
9842
5308
5005
4120
5679
1402
5350
174
9275
4529
9528
3231
2520
9766
5372
9649
7731
699
5890
7775
5280
5038
8298
1432
5676
733
4200
4786
5576
4171
7625
6206
8310
862
5197
3214
7331
7272
2395
3279
5014
4698
5106
2451
3439
5320
7015
484
1682
7011
3573
7127
9846
3357
7668
8139
8074
7289
5901
2937
8499
8697
6602
4938
8621
7499
687
3641
4310
7790
6009
5986
7730
5001
7711
726
4595
5172
3643
2533
7472
9102
2304
5499
1386
4832
6981
3587
5273
4963
6225
4982
4259
879
1952
1004
8288
9817
8891
410
9839
2225
9627
9182
4364
8418
8525
4379
3637
1247
807
2144
6951
3627
1194
4793
3691
9140
673
6056
9657
6233
215
4438
4538
7406
7266
7673
7948
0
6522
6198
8976
4521
4830
7180
1163
5122
5188
3406
5595
1082
4495
274
8686
2230
9956
3509
175
7924
3688
8635
9380
1223
3159
9684
5065
1068
8005
4392
190
1407
6827
9575
1959
301
740
5667
7154
7132
5771
5250
140
8486
2232
8256
2182
7122
5606
7645
3177
5489
365
1192
5533
4201
3476
8487
3757
8348
8375
1267
7449
8316
2919
4906
5388
6785
4026
8729
9654
1669
567
5000
6938
719
1796
5043
5252
87
8190
9800
5241
4604
9420
6004
3441
7528
8733
9509
9769
4543
1341
3124
4618
989
4613
2337
9485
5304
7986
5941
1346
1304
6538
2509
3185
9412
2263
632
5209
958
6091
2142
5384
4146
3604
9144
2625
4942
2222
2331
6712
5434
8479
8660
3767
4632
2623
1327
9930
6759
5060
6606
7153
9951
6189
3093
2992
4049
2384
9752
748
9826
1838
2692
620
6364
3561
8867
2553
4670
7014
2009
7273
8715
2418
8447
7221
7103
1344
8332
9429
1074
7795
3876
5284
5982
185
4297
2830
6544
3914
4812
2837
7008
8360
6845
3686
8923
2346
3772
2473
6725
1572
3518
8174
4195
4096
4964
3346
9666
1323
2174
8846
8521
8787
5461
7383
6359
8942
5673
6674
9854
7034
8570
5
6869
516
8313
1847
641
3918
5920
1335
8575
1520
2807
9224
7407
9550
4382
6836
1867
5351
4885
9042
5024
9009
9771
4272
853
9358
4034
9368
6031
1078
6928
9955
1884
8598
595
1749
9868
592
5202
3198
7829
1239
4103
5159
2618
5862
1537
5047
9664
3425
9578
6245
6707
5919
6736
5879
2506
5943
8097
9770
1032
8323
7486
9634
3042
6701
780
7123
3574
7521
2805
8702
508
3594
2314
5907
3366
5772
3569
8631
9565
885
3390
7322
104
1226
7043
9985
2984
6144
2575
9248
8789
5322
196
2153
1723
9856
9068
4306
1291
4296
4100
1027
8693
876
8058
3667
3840
1811
33
6192
18
518
6644
3860
7416
5216
7274
9200
1009
7488
3319
6227
9257
7116
1561
445
8279
262
8230
7727
9448
7155
1051
6286
1563
3896
1123
4401
350
9083
6774
4445
4848
6964
2227
6320
8312
9314
4970
6055
486
5220
9597
9970
7258
1864
9024
6119
1514
585
9158
6371
6911
3713
7983
861
1324
8406
8813
9999
6383
8067
8495
3818
2819
4913
7058
3683
1851
424
7024
5206
4581
9676
5235
3186
1060
276
380
602
3427
720
7036
2848
5156
4957
2868
5596
1236
8634
2518
2948
5996
7900
8201
6794
4961
4962
2303
5813
5821
7484
1958
2785
8242
794
9403
1000
7679
8892
2217
494
6424
6800
5641
275
8644
6693
7397
5389
664
2808
8083
8905
8432
942
2140
2824
4717
663
7456
6122
5844
6381
9227
1781
1518
6305
8659
1990
2375
8141
4212
6316
4113
3697
2390
8736
1099
3337
4298
1452
7909
8461
576
8939
8878
3852
8219
5933
218
4032
8737
1597
7392
5313
9372
7691
7220
4149
7194
1858
2607
1994
9680
7981
6675
2494
8808
4747
8496
864
4541
6261
5911
9915
5347
1876
7370
1104
5788
9079
147
4008
785
4809
636
1600
4601
6001
3737
9596
1833
4241
4418
7102
459
7687
1293
8582
1687
1850
4023
8721
4703
3583
6187
8927
2172
3330
3796
6190
2593
335
1636
4179
8879
5360
1642
929
9537
688
1559
8154
8268
6462
8583
6922
5836
9458
4882
535
6729
1119
9424
8194
7283
1400
7697
7816
2134
3680
1656
7629
7962
8780
5454
1567
7095
6595
7016
7768
3626
7868
1898
7550
558
6745
8162
9877
655
3412
2727
1865
99
3132
4410
8811
6849
977
8040
2783
8317
2036
3702
323
7856
105
7836
5108
3603
6466
4005
5295
9438
4732
6626
3490
2905
8357
4102
3376
214
6780
8405
1286
4218
5552
3851
7049
8159
982
3431
6223
122
728
8762
9672
3467
2899
6210
2635
3069
5661
6792
4025
3114
3048
8798
3874
1394
1647
6405
3433
4473
7428
3220
6763
6039
9675
1522
6886
8193
283
9847
9088
6428
6246
848
5743
6103
8306
5778
2056
8115
7529
4416
7813
750
8211
6155
8604
9153
8852
2900
787
6357
6128
3835
8796
8899
3579
9590
5492
734
7112
7655
1176
6948
2903
1491
8979
9768
9799
1193
5882
4944
7777
3563
6925
9041
6160
7825
5857
6833
4370
5148
112
724
9495
4930
1366
9131
3717
3993
7100
8965
5385
5753
2978
5917
4330
7770
3126
6221
2669
6612
8501
795
4235
4427
8207
674
6152
403
4984
6848
4790
7508
5019
1395
9741
8689
388
9580
1414
4993
5851
7300
1490
9643
2224
8420
1079
778
9180
1227
587
2330
2407
5474
6570
9873
3636
2510
5346
6597
2994
7417
1570
245
4463
395
7405
9072
2873
536
791
5979
5588
564
162
7475
1263
1045
7547
7228
6327
4691
197
9300
2516
4478
9990
4921
7601
7797
2576
5079
5061
577
6302
7181
3236
5833
2723
1900
9409
4070
200
2998
4419
612
3708
2257
2258
5636
9437
5786
6435
6107
9546
2422
7134
9439
1586
7313
9925
4517
1121
1790
3648
6276
1157
9494
690
6604
4019
4714
1409
3097
211
6021
5258
5192
959
7623
6115
1151
8943
1107
1789
413
2121
5900
4650
5173
1555
6932
5921
1774
6619
8566
2103
584
4778
9696
9760
6842
9422
298
4386
4628
1579
6207
8267
8986
8850
1359
430
696
9516
5052
9261
503
8359
7546
9452
8307
6050
8435
125
3326
6598
9577
9631
8806
1109
11
2661
3459
3895
8509
3117
6102
8982
6520
6439
3486
1419
1469
1921
6516
9351
629
804
1387
9686
8823
5544
770
3542
6506
4107
6040
8363
1167
4817
6297
9397
468
7792
6621
6761
5236
4986
611
9110
9864
6432
8376
3030
4451
5201
4590
9689
8749
9867
9474
8898
6961
2566
4591
2875
2694
2894
9585
7871
4528
6926
6555
2070
258
5802
1885
5275
1338
6038
5838
9382
4099
2672
7316
9869
6356
5075
1866
8080
3207
6209
4833
7735
116
402
7506
4687
4488
4840
4142
5167
2013
6527
7976
4258
2563
120
542
4756
1733
1702
4530
6959
2007
7535
2714
6944
4021
2535
3201
9783
1499
6494
3296
8205
9694
1535
5991
8165
7855
2071
1551
6008
5953
905
4250
5834
5869
9302
4919
6585
5498
9120
1767
8052
9994
5301
4860
4344
8601
3491
9392
207
7083
7618
1299
2763
6511
5297
5383
7934
251
1354
5135
5500
8104
1360
7963
8637
4513
8184
6309
8843
9909
3110
6924
8562
1198
7423
3424
1256
3566
6744
9919
7843
1794
6822
2107
8065
8912
8105
2523
4545
4562
5183
622
7279
3979
3469
8822
3288
2679
1420
9446
8638
7174
1970
8408
1268
9795
6288
7635
9010
3314
8243
242
9213
5572
8802
2157
1209
8364
3264
4898
8978
8672
7178
4333
846
6334
5438
8225
7267
8157
6469
3811
3525
4760
2586
9134
8356
3974
2985
8707
3897
6770
3706
6205
5637
266
7616
9595
1498
6260
2019
8377
8158
8021
4061
5113
3724
3692
8430
338
5989
8362
9889
1146
460
5677
2420
4319
8199
279
7029
2736
4828
9589
5906
8427
4414
3065
7396
7765
2616
1623
6566
9021
8319
2906
1173
9008
4040
3463
762
694
3189
8354
5112
2252
4910
4136
1748
1761
5502
5824
7663
8731
4060
7361
8928
5214
5306
3945
2615
1243
5731
9650
4870
6994
4006
7317
195
7690
7851
6073
2321
1423
6843
9834
5616
7882
3026
6521
7346
2537
2827
5155
4881
3670
3481
5374
7936
4766
3699
2916
5414
3500
5050
4147
7935
9807
7190
3695
423
1224
2500
590
4648
1590
3825
6237
4305
7301
3460
5841
5830
4270
3402
7520
3179
5470
7761
4834
4300
2403
6349
1980
9371
2000
9739
8109
3318
8171
1591
7079
5371
1111
2350
5455
8699
254
8826
817
8627
5238
397
4734
4336
2086
3292
7672
6918
7552
3035
8214
8618
6322
3474
1246
9576
6197
5174
9374
7680
1764
2493
6229
3675
1513
3987
6876
9306
3316
2939
5394
4544
6563
8247
7030
4176
4449
8196
1893
1735
6492
5166
5185
1330
1989
7791
4540
4031
8491
3040
7767
7344
1956
9468
591
9164
4119
4497
6010
4702
5457
6341
2866
2896
881
9892
1421
300
6684
2806
2791
1371
43
765
9193
3417
6663
7208
119
9279
4219
1607
9430
447
3965
457
1464
8076
8794
9879
415
6631
438
6133
1175
9698
4391
2057
6541
7349
4134
9132
801
2642
501
3624
4480
7800
309
5936
8679
9808
1182
9747
3882
3503
7723
6696
2923
4635
6471
1589
5754
5006
2128
5639
5769
6081
9323
7612
6377
5527
9295
9170
1115
4101
6732
6096
4323
6303
1319
6937
7818
3948
3356
2842
2012
5898
5766
5763
6907
4016
6473
5866
581
4642
6311
6274
8227
3751
329
1384
1429
5124
3612
2069
2150
2370
5718
4347
6673
3237
5561
9791
3808
6064
1580
2967
6027
3846
1356
1033
3368
4081
8964
1657
2031
1298
1685
5494
6858
8681
4542
1658
2480
3307
8203
4197
6072
8451
1812
519
3682
7874
4148
4945
2082
1018
3152
1541
6077
6807
8809
6472
2971
8340
5719
3091
5391
3880
4017
2580
619
4079
1888
7919
9114
5569
6633
3795
8220
1963
9947
1765
7431
4779
1705
6908
6992
7994
1238
593
7395
2429
5104
8629
4408
531
8924
8763
2017
9237
6507
314
6713
5664
8797
8522
582
506
7454
1981
6259
320
7739
3727
9167
715
2231
4287
2603
3862
1196
7140
2893
8957
2874
8830
2187
5728
1129
5239
1207
4467
6003
9305
7811
6542
2152
8590
5976
7785
7193
875
310
8948
4631
8237
5600
194
8902
2453
9617
1654
5985
2336
4866
7126
6063
4092
8719
5243
8255
5063
6412
6415
1510
6894
4411
7173
7911
8551
7023
1508
1053
5153
3217
8143
7195
6695
9781
7479
4482
7894
970
4606
8259
470
5013
1683
8099
9670
8922
191
7227
860
3496
653
5681
9426
20
2023
6878
9307
5442
2790
7204
8741
8653
2444
2083
538
1120
2158
5968
5831
1694
8114
554
1947
1771
4776
2307
9512
1110
3029
5875
3105
1716
2270
6823
8817
9638
3755
9750
3203
4458
999
4368
5141
6828
2734
4181
9460
7487
4725
8239
173
3726
3153
5734
3517
832
4209
9278
3254
7422
6483
2600
2154
5798
9143
5407
545
4940
9804
5424
8218
5575
8393
8383
9030
7448
3387
7515
2016
9269
7091
7805
9975
2250
6029
2810
6821
342
5084
1318
9101
8263
9532
7817
3839
4490
8717
7605
8129
1237
3025
3250
3829
8467
8210
1573
3572
5406
4159
7734
9299
8692
8549
2793
7650
4090
7854
5782
4424
9212
5117
8368
2551
625
8862
6991
2730
8748
488
6812
6375
7743
7250
8556
9044
1413
1208
3303
847
6817
1483
3350
3027
1378
8349
2104
7179
1827
4487
9107
8816
6460
6901
3743
4683
4131
1240
356
5998
5487
2112
1049
6808
7310
3617
1369
5735
1935
1098
3904
1122
6247
1817
3578
8277
7929
1758
3429
479
5415
8652
5085
322
9974
8095
3340
4931
9274
3848
3939
9056
225
9417
2074
2784
387
4429
364
2092
4130
6949
5912
1014
4321
5495
9166
2731
5358
7106
6607
7478
7890
377
4326
6034
2100
3768
1005
568
2368
6217
9534
5482
3461
4063
5081
3668
4695
2831
2964
6789
7889
8959
5790
4749
7404
9778
4560
2299
3355
9637
8007
1260
8299
5282
6306
1001
4578
2565
4013
1775
2996
2931
2183
6899
2005
4345
9886
5777
4516
4437
3600
8661
1475
960
1285
4163
6672
7626
5370
9332
1080
4905
8558
7060
697
8302
9488
1133
6321
9453
768
9560
6449
2797
8756
917
1277
7903
3268
8743
1715
1091
2760
7848
4629
9562
6125
2411
121
449
2313
1975
1641
2859
8009
8013
3620
7841
8249
9625
3988
45
1454
3178
5642
6212
980
328
1951
1131
4420
896
2423
3621
983
1046
2980
6589
193
5423
3293
6915
5343
7491
2059
2764
289
1485
2145
873
448
3776
4875
6655
6864
2534
9805
1519
5471
4566
6346
1700
4819
5177
9591
3854
3821
5518
3534
144
6650
2543
8370
7945
5684
2030
1983
7046
6826
3075
6651
4085
7287
5722
8111
6855
657
7209
284
1164
4850
4283
292
6347
9238
4745
2933
9913
8025
2999
3723
6972
2704
2559
8436
7745
4813
5618
7062
6837
3398
3359
6512
8537
2511
969
1783
3206
3258
8523
6269
3375
3812
1039
3831
7376
269
4842
9470
7314
1534
1651
9330
9017
805
824
5066
5245
5418
5579
2318
6370
4651
901
4481
4537
1872
136
6291
98
3225
4108
6110
6252
3998
9573
4109
7003
1073
3955
573
882
8513
1313
9328
4908
9584
8030
7566
3281
1467
6101
9552
1266
3043
4186
1044
5845
4588
943
9308
40
8848
4532
9980
3234
4362
8682
2729
2508
9744
2678
5169
1677
1612
1704
2976
1928
821
7786
6813
5896
8272
2997
6171
7787
3478
2614
8547
7094
9199
4491
3593
6169
1028
6242
1355
4177
8038
3119
1826
8916
686
1244
6097
3616
4937
394
3199
8326
2240
3418
2749
7518
7139
5881
9047
2440
3222
3229
6653
9349
7504
9020
3938
1664
6294
6806
705
878
8591
9833
3982
9503
7238
4152
3497
3719
5963
2812
966
5962
9508
4441
8782
8018
2606
3985
17
5465
3045
1426
7476
7186
9574
8684
7979
3287
7885
3290
3397
1693
5168
6141
5342
741
3399
1137
4646
5402
9501
7355
2426
9746
7938
7104
8037
2280
1877
5605
5265
4191
6402
7798
7637
6591
4178
5020
2446
3243
1503
1445
154
1370
6711
5853
229
8609
5997
3900
3858
2811
6968
5008
6960
8442
2935
1768
651
1742
6057
1536
8810
3125
4514
6058
8669
7378
8229
5028
6214
5398
6419
4356
5213
7964
9656
7295
3508
8868
2979
6298
6917
1314
8056
4752
1724
1549
9242
6748
4413
4231
6831
2461
7988
8952
9668
7430
4570
5958
8528
1220
7738
565
3391
3773
5400
7536
9736
5150
4852
3820
7624
1592
103
4740
3788
2636
5565
9703
7577
489
5392
8696
3046
237
7291
2620
9502
9536
8639
6884
1523
6139
1931
6167
5872
6861
1874
41
3605
767
2001
179
5344
4593
4589
8520
5435
5923
3647
623
8192
3844
6905
3329
4189
1300
7830
6592
213
5959
9353
5816
3007
3877
9146
7658
3906
8599
8320
8260
4802
1968
8783
4932
4811
4510
7925
6185
7230
1853
6284
4645
8423
7686
6254
2421
160
1777
3555
5774
30
6728
7136
1653
4430
71
8470
8918
3369
6697
3187
698
9282
7627
5439
4597
2457
7245
1837
2852
5432
1799
9228
5082
2550
758
4934
8723
8980
8571
3452
4376
9708
3782
4343
7101
1357
6910
9099
1849
9053
1941
1871
5626
7450
3740
2573
3085
7005
9966
9209
7701
4915
3930
9268
7664
6791
8888
7371
8925
440
150
1451
1388
5760
7998
2713
845
8
1913
9396
2557
1755
5488
8321
417
9165
5257
399
9271
1136
815
1701
4692
557
8016
6557
9758
3255
8962
7480
3977
886
9311
4039
1114
6572
264
3484
996
3193
2911
8722
2233
9837
9733
4455
57
3705
5217
6757
5581
261
9789
4083
4220
3111
6310
7156
3758
6795
6571
9459
9286
5935
4782
3562
5335
3074
5309
2624
4772
4901
2427
6012
8820
4166
1652
8625
2676
2417
7309
816
3202
9207
4268
2138
2228
685
4654
9824
241
9322
3446
5069
1302
2767
3475
6694
5007
2433
684
3068
404
9197
6475
2707
2253
8462
5410
2921
7269
865
5992
2342
1778
5570
8381
4138
5049
2203
6224
9543
7080
6990
4861
5089
8151
5973
7995
9751
1228
5431
9636
3271
4765
8776
7538
9862
1002
393
779
4277
844
1955
2088
9891
2098
8328
5726
8023
6871
6630
5727
9097
7869
2402
3233
2738
9727
5090
1257
2067
4168
4084
4897
3611
9319
8605
4621
2779
6718
2127
2374
7844
9389
4551
63
1473
7341
1501
5249
6681
8829
8413
2634
4797
1730
6442
9126
2286
3863
907
8917
6814
9444
4095
6231
6505
2796
8072
1606
1390
6809
5707
482
2387
169
6336
3142
8275
3944
2748
1199
4968
3121
4486
1860
2189
911
3487
268
7602
9202
3921
9469
8358
1455
5563
7282
8011
6720
6213
4324
61
5852
5678
5793
8386
7643
4232
429
6007
5319
7388
9074
2991
1550
6846
5888
3180
8977
9381
9394
3267
9539
2700
5021
5612
3775
8633
8443
9572
420
1201
712
1875
8984
168
3855
8951
4889
2478
1596
5842
937
6796
3458
6325
6420
5349
9391
3531
3865
4435
9256
9813
3910
3354
3444
6533
6202
3338
4958
7814
2020
6850
628
4665
9315
1638
1248
5387
9602
6714
224
6165
751
3984
5256
3489
1942
7286
5191
5224
3209
4839
4507
1100
3167
6351
5662
138
123
49
6109
8853
3400
286
7746
8564
2445
4789
4285
2256
141
6803
7304
7351
6679
6178
9615
5352
887
9563
8091
8640
9598
4582
9545
5550
2221
8100
4245
2631
9911
2640
2200
4007
7419
6906
3072
5404
3047
3765
5428
1127
2962
3512
736
7263
3552
5147
1023
1072
2054
3529
9593
4960
6749
912
661
1988
799
526
373
8954
3313
6238
714
8063
100
1466
5592
3849
1840
9992
5366
3764
8311
867
3718
7524
6312
5338
2867
4999
4825
1064
1675
5196
682
9938
6379
3556
1828
204
51
3087
7886
4872
5037
456
4607
8580
6074
6005
5545
2099
4997
4294
9644
5604
272
8123
965
4580
5957
3081
9367
4559
9700
5981
6482
9031
4924
1203
528
2800
2213
9087
9160
6943
2463
5134
3213
6422
8181
3861
6393
6024
6727
3353
8760
2130
2159
9464
5694
2662
556
7109
4110
3066
4453
1929
2946
5913
7145
1727
9373
1372
9776
759
6463
559
9370
2839
2359
4892
7420
9809
6614
7712
7373
6799
2477
3550
7490
7408
3554
9442
8372
4567
2409
8373
6536
7070
5458
6421
5023
4853
796
706
5689
569
6069
2588
599
1019
2908
3044
3962
4459
4215
444
717
135
1841
6518
8814
1993
1965
8946
9061
560
435
790
3545
2881
709
3144
8086
86
5800
3156
5995
7534
1036
2241
9762
8497
6135
8327
3654
9526
6330
5512
9259
363
8648
426
8691
9527
4468
7385
777
3711
3885
7573
8856
2472
6976
2296
2792
3635
3426
5034
9569
1696
2974
90
5946
9450
6683
5375
2309
4237
176
4750
9792
7260
7634
4450
3334
5003
8000
5893
572
7038
5151
2961
9016
4496
3200
1460
9155
3652
8989
5506
7402
9019
1813
6576
333
2364
8768
8033
2115
3421
1497
8824
2190
5876
2524
1152
9379
3715
7510
8163
8366
6554
9058
7526
8350
1139
8608
496
6078
2125
3055
9645
7048
2475
5002
3549
6253
7098
8541
8919
9383
5610
7862
2476
1890
8792
9281
8238
7111
962
3086
8122
8550
7492
7849
7531
8871
5479
304
5411
2529
1630
3950
6776
4289
9124
8647
8050
9369
5672
772
8135
1703
382
1973
3983
7493
1406
2129
4311
7191
6271
1251
2470
8658
9252
6060
1571
1272
6775
6134
7051
396
9711
1339
3194
998
5071
5164
2065
5058
3651
938
7387
7560
6236
3547
1830
1546
1037
1178
7872
9181
128
6413
4744
4664
9971
1459
6742
8859
858
7375
857
991
5198
647
4475
10
6495
4953
5045
6270
9103
8574
2076
8240
9427
6777
3964
2050
3532
8156
3761
4831
7172
2271
4373
889
7452
8786
5046
2605
9116
2507
9081
9343
4043
5820
1062
9901
6117
3109
1305
6764
2571
8626
3133
5797
2902
5971
7788
8896
8044
1211
2032
2813
7169
1326
2169
9952
5266
4375
3527
3004
3392
2857
7393
9354
8459
8910
181
1895
5814
1202
786
1218
5491
366
4252
3576
2192
4914
9066
7599
2771
4925
7571
7563
5546
64
5399
4350
6970
2133
4976
2122
3864
8801
5073
1729
3157
2392
9764
7133
4730
7632
341
2761
1217
2722
7401
7462
5939
1177
7429
8504
4923
6376
2611
6126
6526
8290
2913
3061
6902
8908
6018
4365
6140
3969
8134
4612
4780
3800
3148
1081
8777
3614
4727
2416
1229
5130
3165
7129
3301
4531
4902
7915
5039
9341
5717
7150
2234
598
4141
1471
9135
4172
9828
9899
4658
4739
2626
4339
4777
7138
4880
6403
3273
2681
8673
5659
9195
29
253
5632
1852
713
8411
6945
866
2613
5818
1650
2968
9941
6832
9127
9423
3873
6120
5507
7031
4066
2266
452
8301
59
8993
96
108
4995
9960
8840
6300
4575
4346
9270
8053
9979
390
321
6201
5362
6885
1016
2198
9399
2720
7237
8182
7020
8969
6033
3992
2018
7569
6709
355
7956
8907
5195
4335
6889
5386
1482
1953
8708
3890
1284
232
1241
3721
7766
1288
9983
2753
5905
9618
4080
485
7590
9505
5253
7457
4634
8603
3479
8066
7096
6241
3749
6599
4001
2343
84
9845
491
771
931
9973
6751
148
4351
6719
4792
4547
502
7496
1937
4281
9917
451
1681
9948
3405
9554
3622
8815
1054
2064
6048
6208
4572
7277
6668
4470
1979
6136
7171
3284
4124
3245
8179
6735
7719
2147
4234
7384
5877
1718
5623
9507
4355
533
9297
9570
981
2945
3315
1261
3738
4363
5118
6025
8713
8484
9831
8904
6105
5520
5299
9283
7294
6317
3656
1103
4996
118
2211
3278
9878
7827
5429
4341
4011
3729
6292
3362
1899
8070
4666
6437
7548
6921
4550
4038
5036
7446
8228
4266
9717
6853
414
2949
6568
8142
2851
2671
2391
4758
6358
70
6387
4680
234
4891
8857
7244
3790
3889
6200
165
7409
5708
1720
8314
4895
2891
9984
9571
2283
1276
2097
22
1547
9243
956
2424
4493
1793
7026
9285
7958
2632
7740
7251
507
1540
5017
9425
7175
2915
9304
7733
643
8602
7606
1603
8149
8552
3599
291
3106
1855
5233
6834
7461
9414
6703
7665
2540
8581
6089
3780
7045
5030
7439
1565
1982
8767
6390
4354
5208
8716
5883
1962
1297
1309
4280
1545
3681
1381
9559
8221
9898
2752
1096
6203
5226
2914
621
7288
7265
2651
1809
8027
7324
6528
5724
8595
8421
6204
1556
7224
8831
6226
8269
8371
7696
5779
3928
3249
6973
4736
8963
5025
349
3642
6504
670
8126
1611
1737
6676
8186
7148
3455
7659
1158
2766
8641
3710
3747
4771
1577
2274
9705
608
5665
3289
8507
278
2447
2849
9129
1015
6787
8131
2718
8336
7229
7516
8701
8788
379
5329
4682
8505
3294
1331
4282
6176
7037
8246
2328
4240
371
2276
7725
932
8732
4029
2633
601
4384
1539
3827
8261
7412
7203
7044
2136
7463
2740
1500
3495
9757
3779
8893
8253
9192
2854
2380
8945
6891
5129
4586
93
8160
5931
107
5819
752
5154
7908
7196
3734
4871
4406
4105
7447
2652
4396
869
5522
9922
6046
198
1507
1280
1779
6148
2823
401
277
2366
8933
9918
9168
1418
1438
4505
6232
4998
6166
4637
461
9818
2562
8064
4075
5165
9855
4295
8054
6430
9633
9660
7210
1206
1003
3678
7831
4456
3625
8419
1290
4686
7597
1910
4818
6407
5555
257
3163
5223
9359
3223
7916
9108
7694
2196
1904
6280
8431
8068
5815
1766
3946
6962
8877
4393
2871
1345
6900
6682
1383
7018
4836
1374
3947
1618
9366
2732
7365
1926
8426
7252
4974
7517
2514
9566
4161
8391
7418
2561
3192
9825
7216
6299
7926
8555
3524
3407
6680
1179
4869
8983
1878
4535
5145
7887
9375
710
2705
2712
2526
6978
2719
7353
5232
7022
2943
1661
2464
5450
6573
1707
6446
8403
9787
2419
9755
4816
1634
2876
8096
934
7695
3781
7296
6118
9162
4810
3649
8305
3879
5027
75
1665
4911
2383
5621
8041
8128
3850
922
8198
923
6146
8482
7214
3242
8379
3766
5536
9803
8704
139
6551
9896
5271
3494
1922
3462
3381
124
5974
8008
7537
473
2319
2780
9725
1914
4318
1102
4461
5127
1296
65
6678
9344
6220
892
7877
949
3422
47
2124
142
4943
1667
2066
9296
9478
7248
6537
5932
3533
9793
9229
7997
6425
521
490
6354
5247
2817
9557
3659
4057
774
2264
3483
48
6047
5703
946
6818
3413
5548
3241
7866
4472
7732
62
9920
2325
2267
4951
6121
4738
3261
2081
4956
1150
1431
6043
5511
311
1008
9859
5103
3137
376
6497
8791
7047
5752
2885
6797
8870
988
9520
5377
6087
985
6333
2816
7503
3631
2199
9875
2094
3443
711
5515
8515
8778
2940
9347
7527
8666
4823
7914
7654
2750
551
2378
4150
3448
1294
4214
2260
534
3677
9607
3619
7292
247
4696
5720
716
7533
7946
8444
6345
7812
3596
9583
8844
2934
2334
8841
9159
4151
9272
6979
7678
85
1776
4800
5480
6278
7708
9023
2794
7957
9998
7760
288
7570
5721
6476
8677
6815
2525
7554
3468
2995
180
1439
5638
550
2950
2450
763
5125
6222
4269
2268
9659
1132
5542
3582
2757
469
3505
9492
4652
5521
7442
6605
2105
9091
2655
1689
1746
178
26
2932
9782
6394
4519
5396
3477
9177
441
8384
4359
7593
9926
2090
8906
7757
2802
2560
9957
4249
9179
7413
3291
7177
6647
8048
1566
3227
6272
4841
4361
4145
3211
732
6474
5287
228
2226
4262
5228
5464
1846
1945
7647
1275
6929
9674
3382
2119
1191
7771
1805
1609
579
2184
5712
781
7556
4208
2006
6059
7674
5583
4753
4713
4500
7980
5589
3704
9535
8735
5190
8466
189
6514
2547
1825
3628
3276
2355
2711
8665
1401
167
7236
5367
7891
1322
2656
7583
8234
8341
2425
7985
8212
3450
7677
9205
8483
4367
5950
3716
9226
8330
2220
3472
561
4012
6877
3393
6104
9059
725
8706
679
8779
5785
9701
4679
677
7167
439
6508
9218
3735
58
6423
340
3760
8081
6251
5440
5822
3166
1013
3553
610
1616
2034
1969
2327
5693
8492
4293
3073
8516
984
8576
7332
9568
5699
4946
3785
7581
1599
9480
8592
4224
8588
2326
2862
8845
681
2815
3404
3658
8506
1605
834
6036
5303
894
890
1977
7522
1433
7750
9154
3679
7013
5627
5696
3698
6162
6583
9357
5179
5162
8557
5514
5698
2168
1820
8654
5530
2210
708
2108
3899
83
1839
5354
5669
3639
9981
3115
5382
4647
6609
3351
3907
9606
7807
3188
5456
9820
4334
1379
8078
797
9476
1886
5562
7039
6786
4967
6868
2840
3833
2284
9206
6743
6649
3320
2404
5925
4415
9377
3794
3521
8254
4724
6931
5270
1222
1608
4991
3401
7192
5277
8953
14
5369
5062
5732
2990
1065
336
7311
7489
6502
8754
3559
4048
9245
2462
9605
806
2362
4554
9907
8396
8941
436
166
8864
6142
6037
1598
4615
5547
5508
7061
9929
1788
3538
5348
9137
1281
6264
5509
3507
6632
5791
5622
9728
7662
4074
574
4556
5467
6095
3260
7555
9473
5035
2004
6578
4227
6348
563
4132
2047
6611
2405
7902
499
271
509
8347
7124
7858
4977
9579
604
6016
1644
2638
7954
6996
4299
5274
2401
5874
7337
1543
5505
8920
1487
8006
5918
3891
9333
7859
5990
6457
703
5237
6244
2188
6401
1230
4837
8825
4969
5757
3059
5607
7630
6342
9895
143
9688
42
7600
5624
3447
1506
9986
4558
8172
6447
7505
7246
2904
9693
6750
4947
1944
7620
3608
4678
5633
6488
149
6947
1744
4735
1295
4587
3694
1422
9564
5984
1006
3388
2466
9157
1214
5290
616
1987
7350
4211
8355
7588
5860
6051
4605
1856
7348
1699
114
3746
8232
7201
6454
8280
3101
5564
280
2726
3980
3870
7335
5839
6098
9005
6903
8828
8010
6106
1836
6854
755
220
102
2141
4624
7000
7586
2106
3857
81
7084
4888
9148
8257
1505
1273
4188
6262
4936
9811
745
4729
4527
4203
5871
4301
4619
3210
828
7669
9309
3934
8636
7932
5163
5139
2668
9972
7411
4791
9324
7262
7226
8967
7218
4838
5315
2739
680
5408
419
2834
9647
7973
3958
8177
2966
9376
4128
2068
8208
3610
3364
4608
1821
2728
8465
3645
9905
1077
5829
5954
5490
4697
2089
2377
3419
7081
7501
6593
8392
2479
4217
4748
4878
2531
6496
914
4242
7253
5557
450
5095
1631
7211
1628
5812
5603
3100
9069
8295
7257
669
9163
7057
1751
9484
2209
7710
5466
7676
8930
1635
4933
8110
6773
3929
1128
6613
7592
5594
2747
925
6648
1180
7374
9843
2345
2176
4407
4764
3606
8472
640
2116
6282
5285
2795
3978
3601
3012
4708
4851
23
9003
2846
305
281
1034
89
7076
6448
6640
4020
5629
2435
849
6355
3262
5761
2612
3183
7009
2774
9400
1792
8449
9244
5644
5840
776
4655
2008
3181
9524
9421
910
9515
3286
455
3823
2917
7090
3371
5087
9962
6724
3922
1917
354
2180
2789
9729
471
7901
8795
3378
164
8561
7163
9840
3327
5926
8183
6211
5441
6443
700
3051
8297
3300
2465
231
210
2333
6771
7633
5211
2688
6634
9002
6638
8597
9346
9893
37
5759
6838
1670
5328
8200
1848
9303
5475
4518
6484
4313
8705
3120
9293
8378
4676
3584
7621
4688
3591
2219
1334
331
1097
735
3778
3806
8897
9874
6396
6486
5835
3951
6456
8866
4598
8932
8113
9128
334
4644
5451
6618
7861
9198
6913
3218
1020
5549
6998
6984
1798
4122
3623
4512
9525
3744
7312
4553
5856
971
6028
1328
1307
2598
3102
9832
38
7128
7114
2249
9133
9619
273
2358
3386
3523
6562
6154
1219
1960
1750
1997
4661
6941
8687
4523
358
5501
3976
5041
9189
4794
7033
7358
1502
4616
1967
252
1712
1303
4571
4859
5560
8059
3868
7086
1465
7482
4795
6510
6296
3714
6974
7168
5180
2483
3395
8148
7143
3430
8136
6509
9976
7426
5680
4899
9118
4952
3618
5770
5077
1249
4308
3257
5781
8712
7078
2413
4681
8880
5468
1801
9015
7576
5417
6283
7207
3423
8365
8587
6628
8116
6643
825
2456
6030
5240
2084
3457
4302
7726
8173
2696
8961
5916
9321
613
6045
5255
8790
6559
8508
3915
2556
8804
493
6143
898
7183
8166
6916
8185
312
2765
3629
2261
555
650
2414
4555
7557
1736
5251
6006
918
3138
9125
2093
1493
4051
5705
3077
2015
3826
6186
5513
8468
8913
2396
4502
2388
8554
2890
1476
5096
381
6867
6374
2455
5099
7928
7382
3285
6199
8668
360
6255
458
6811
4009
810
7598
6153
9142
7532
4042
5086
1621
1143
3342
4761
2051
3663
578
7944
8191
8667
5787
5459
1907
4047
4883
3973
2245
6623
2836
2850
7838
6802
2564
32
8539
2204
2382
3741
391
7897
1998
7815
1052
5140
6793
1340
1583
8746
8457
2927
3905
5152
3664
8543
1242
1932
9086
3994
5373
1358
9235
7549
6340
4483
6596
9652
9232
4988
5733
3389
7918
754
3240
3564
3689
8402
4054
1901
3498
8773
9284
2517
2216
2311
3817
2113
7793
239
4759
1301
8764
7558
4657
8458
3894
5259
5961
4948
5980
3774
8088
8409
2983
8369
7064
9360
9174
530
9482
2522
222
2114
1548
3482
5850
4248
2111
318
1804
6301
9094
1117
8401
8832
2589
6717
4886
3909
3149
8226
5585
1317
1444
69
6400
4916
7781
7660
1017
2542
5031
8769
8346
3838
1404
82
9798
127
7135
2898
9325
811
830
2320
2471
7568
6667
7742
5476
3088
3325
9702
7917
7336
307
3298
4316
9090
6952
9934
1527
7937
1763
4193
4173
8740
7591
4135
1458
8213
6958
8884
7960
793
9258
7640
9085
547
3927
5516
5298
5331
909
8937
3923
8361
5977
8012
3971
9441
7801
6615
6079
8089
737
4238
1165
5617
6084
7477
4169
4844
2741
68
8293
6287
3742
8534
1283
3108
8153
7860
4174
9932
2352
513
4395
2977
5448
1927
4903
9745
1738
2181
8069
4533
8632
5144
34
1787
3344
747
1637
2118
6790
4271
478
6011
4431
9334
4935
5776
8266
3771
9581
2148
833
9772
7722
9246
2161
6453
216
4617
1889
7118
986
2855
2021
5640
8417
2629
839
8709
6194
2883
967
1803
9050
5892
3736
4685
3748
540
3134
2882
5567
1282
2843
361
3471
5054
9161
9558
7006
3956
9407
4387
8130
9815
8145
3374
2693
9048
6181
5948
2630
5685
1160
8650
9719
4276
2060
161
5559
4563
1489
7056
6545
6406
7001
9812
4028
7053
7007
7821
6531
1397
1741
462
5847
7870
596
1894
9797
6332
8244
7992
287
5339
6820
4073
8090
6067
6157
4332
9447
1259
9802
6768
916
5625
1440
7509
9726
4498
6839
3522
9032
400
7670
1708
9626
8251
2952
6560
4728
9034
7303
9312
2503
6548
9823
7182
6499
4672
9121
6373
2436
5368
1071
1671
7415
4126
1831
8651
3920
9084
7906
9387
9106
4454
2954
8028
2237
1791
7912
3322
6601
3514
9767
9204
7170
6645
953
7684
8285
4781
5051
1861
5318
6249
7025
3323
1902
4985
5655
2541
2594
2737
899
9
8646
3933
7749
5523
7275
5758
6445
3274
8270
3145
1554
8414
8981
9176
5272
1474
337
6535
906
3926
8274
6444
9071
6410
8112
6184
79
9616
8536
3331
6939
7922
8921
4979
2238
2305
2239
6540
4121
7052
5927
8331
5158
1069
4024
5951
8818
2162
7131
1943
8623
4711
4667
7982
3756
4890
9025
2449
3957
9348
8688
8744
2288
226
7943
773
9263
7644
1615
8374
3053
4254
9342
5128
1814
3731
7366
2170
1105
7362
7443
205
2778
3544
3123
9223
5254
7438
6395
9939
9964
9761
95
4584
803
6498
5739
3720
870
897
3332
1714
9678
2938
9356
3816
6065
8152
5229
4829
2717
7130
2742
6909
5929
9902
8751
3158
2922
6995
5091
2095
6183
2292
1739
1909
683
7188
6338
4804
829
2481
7835
6478
2601
812
3005
7120
6295
5899
1903
27
6999
3793
6969
9178
4253
8278
8890
4304
532
8117
4600
8304
8872
7977
4077
5307
487
7741
2498
4524
1807
8663
2686
1252
3022
2338
5873
434
1189
6594
1512
9794
1646
783
7485
7610
5751
8440
2010
2814
6032
4568
4710
1639
1984
6767
3266
7898
2301
6250
1375
8416
2608
3076
4053
9201
2986
2310
4094
3436
2654
2354
1769
4656
9506
9456
7255
446
3312
409
2544
2297
6726
9629
53
9434
7159
1529
3161
260
8073
4626
6175
4088
1726
4421
7427
2552
8765
3536
3739
7972
7971
5510
3949
4983
646
764
5738
8202
1553
4900
1088
4309
1754
2658
2308
2690
5654
7360
1585
2372
888
3442
1488
9385
546
8774
6353
5221
5469
8398
2247
7709
5248
4814
208
586
6234
3672
8670
2942
5260
2776
8994
6131
3050
4055
9706
4770
6755
91
5453
1292
5730
2585
7342
8399
5808
201
3151
2432
7850
3783
5109
172
466
4690
7883
4471
7160
6088
800
7683
539
9105
5794
7165
5909
1595
2117
6888
