5813
4537
1721
2572
1796
6300
9012
8932
5904
1729
6967
6202
6857
166
9092
7404
4135
3612
788
2018
6192
3440
442
3946
1038
1755
5265
7855
7351
4047
3889
5678
6035
7473
88
448
407
5037
5191
4119
1179
1381
3419
8862
9726
1661
9162
5359
3369
9627
4787
268
5095
5746
3888
5556
4049
4140
4980
4044
3386
6781
6772
2813
6236
2989
9778
7335
6835
2198
331
8697
3195
8426
5595
984
7763
3125
2343
9647
1539
3938
1428
2353
4501
6275
1506
9076
2319
4669
2849
454
4338
8340
2011
9087
9935
8384
4282
3647
4628
1086
2365
9288
9170
9977
3119
209
6793
3148
9188
9733
4986
8533
7864
4384
7350
2556
7428
7516
8970
7635
780
1731
2893
8775
4156
2106
4141
9704
3124
9050
275
4852
7747
9547
6238
2201
8937
7176
8247
5925
2183
9277
440
9381
7655
8961
9177
6591
1317
327
529
8648
5364
8254
7113
6789
6455
8042
5774
1589
2905
7827
5791
2713
5561
322
5022
7142
4436
8465
7654
6353
7496
8375
9504
2471
5739
8177
180
4901
2814
7787
4113
1147
7583
4631
5074
6628
8076
7103
1315
4810
6083
4263
3921
541
4249
8723
356
2687
5419
6604
3745
6965
2330
3413
4241
8306
2798
4629
9356
9268
4048
8417
8720
8193
6082
1500
4558
437
4644
8239
9157
6043
5375
3317
325
3248
1954
1685
7903
8351
9971
2289
9848
2406
9298
8788
8745
1511
4099
1279
1328
8303
6630
307
3441
1028
6100
7586
394
4334
7661
8392
7154
6240
7246
3477
883
5262
4255
4656
3777
7392
6314
9825
9083
6090
8899
5792
3316
1461
8183
9986
5341
5377
4455
6157
4172
2315
9982
4329
7956
7912
4066
4395
2591
3360
405
7433
729
1679
7622
5319
5698
5777
8166
4572
3841
3681
4007
297
1992
8295
8699
9335
425
7105
7569
6451
5453
56
3685
5740
4732
7840
2656
5252
6614
426
8914
165
555
5395
4106
5004
9561
9428
3258
9818
3543
7913
7512
1245
1478
2594
2473
422
3827
7891
8790
8570
5587
2376
183
4957
190
5846
6528
2427
5206
1656
4949
3456
8079
5520
5050
2907
4491
4967
697
9933
9285
7283
3574
6456
220
5295
2366
8
6977
8285
4335
2795
8141
4681
9566
6410
9763
6949
5764
5728
1699
4087
2020
4064
3901
9956
4888
2992
4301
5836
1631
1346
1720
1291
5054
8447
6554
4389
8185
6912
8615
1427
3895
9113
6257
3972
6270
5930
271
5067
569
6595
8159
705
9480
6248
558
5306
6328
2342
9111
7331
1041
9384
239
4666
7514
2162
1222
3292
972
7665
5762
2707
2206
8314
1216
7806
7678
7573
522
4622
8631
7828
6714
4562
5909
6824
7991
7728
2684
8996
6129
7717
1570
9300
2957
8432
5896
9033
3240
5936
9409
7381
7127
9974
8528
4093
7080
9208
493
2087
3098
119
8888
5135
3355
6278
6319
6686
1903
1312
975
7186
7671
1422
4897
8242
7151
5169
8821
6663
9021
4067
9581
8824
3637
1320
447
1676
7925
5052
2381
7179
8762
2152
7211
7987
6986
9120
7810
9519
4014
3424
5504
6462
3319
4325
3102
2350
7910
9633
204
8781
3189
1902
1174
5766
406
2793
6501
1459
1472
4832
6015
5843
1837
7702
1650
2535
8315
1558
2857
3582
2606
2248
1772
6727
5919
6498
4522
3233
1978
3129
6000
326
20
9413
6827
2208
760
4132
7997
1114
7115
1783
169
8197
9151
1232
5793
8381
8421
4715
7242
6659
757
3481
9419
2253
8868
8408
7506
1524
2346
9234
1347
8428
420
3391
4270
3132
494
6312
2901
5665
2487
3807
5000
8924
1742
2541
2898
9973
9524
770
9851
2532
6927
7927
31
6355
909
9875
5759
9443
5886
1572
2724
7376
4620
3264
8327
4184
1050
1144
8385
4059
5602
2840
9243
4948
4861
7326
7578
2176
5400
9196
4227
9297
5682
3796
1244
5821
6132
2328
6507
9140
6234
4319
8577
7001
1137
3202
8097
7185
1053
6483
2533
7337
1458
4233
9720
9351
5312
333
3145
2025
6294
8601
1077
9849
2697
9670
2190
5968
8659
3805
2786
8993
1736
2751
4642
1647
1980
3866
1071
6123
9386
4873
5374
457
490
9865
4252
9034
7302
9355
2568
4280
9522
5536
575
7760
3464
3673
4706
3964
2466
1490
1226
3074
1703
3001
2837
4945
9312
3614
9724
508
3330
3557
9950
9727
885
1436
1904
3027
4040
706
3998
2187
2205
6469
5277
5701
7750
6589
7998
3088
3026
7782
2501
5900
2047
9513
8585
3666
2730
2726
3547
3939
0
548
2861
9406
6943
8396
6928
2439
8287
5828
7092
37
1060
6782
8171
4128
1365
747
4511
1272
2293
4221
4978
6323
8196
1477
6743
3534
6849
6062
6694
4302
2619
3593
4530
9441
7257
3126
5383
1520
5385
1846
8646
3678
9110
4170
668
6073
5219
8131
9396
9036
3043
641
8731
9442
913
1743
7104
5393
241
4415
1693
8349
1556
1935
6058
5862
4695
5305
4944
8519
1105
2929
2021
6346
9893
4878
3455
779
7771
8380
3657
5741
7250
1403
2310
8816
1198
8810
2938
6775
2202
1295
7152
2151
7020
6466
2649
6373
7726
4203
1595
3393
2311
590
134
1267
3286
6856
5835
2467
8168
7954
7815
6906
1664
3952
2245
71
1574
462
7780
7141
7145
7225
1209
3063
1625
2454
7887
5948
7826
1049
5212
8835
4226
8179
1816
8364
5149
4149
81
5236
5687
9008
959
3101
1199
6324
7090
1512
5575
3446
6013
4680
6376
3154
5298
342
7212
6999
4468
2213
8897
5113
5724
1118
5246
2377
7298
990
9833
4403
6091
8116
5743
8798
4267
4219
8302
8463
9507
9421
99
4493
260
6199
6392
7804
4947
7424
8928
5047
1586
6069
7058
5310
2699
5158
861
9068
7724
1677
9220
9683
9174
6568
4747
560
9080
6393
1554
5681
846
9600
1394
5788
5082
3007
3628
8459
2546
9538
9572
6879
3099
2273
4402
2696
9718
5024
535
1066
3324
3327
253
3106
4061
2770
5459
2760
6813
6926
6272
3746
7042
4485
921
3468
4532
5256
8267
2158
862
1513
8222
5425
890
6237
5830
9641
3820
7672
6843
797
7097
6053
3492
65
91
9954
6002
2956
4823
4245
4361
8684
539
7905
7584
3227
2407
129
2665
2393
573
1804
8737
4841
9049
3281
9579
6029
263
1932
3495
2123
3013
3710
3442
9655
415
5163
1798
9094
2845
6706
8219
5124
1006
3158
3934
1255
9019
3772
9481
7343
4876
4900
7255
3290
2219
6044
6116
587
6576
3587
265
7743
611
4028
9119
996
6203
8920
4924
4211
3878
8540
3712
8722
2338
9639
3296
5012
110
467
3053
4193
8048
5195
8784
4849
4142
6175
6354
4178
3829
6903
6186
7289
7502
4324
3305
3499
8717
9634
5347
9857
8592
69
4962
7554
3785
8345
1481
3144
5321
2852
9708
5344
5222
6485
9625
5567
8936
3332
5955
9431
1648
9444
6860
3116
2926
5115
4618
3544
6863
5522
8852
7683
1732
1823
4234
3623
5241
283
9015
9039
7168
3585
1578
5854
3760
9478
8107
7172
1456
45
6488
9458
2891
1369
8866
7796
3014
1297
7890
828
3280
213
5884
5088
5497
1261
4295
1074
8769
6766
295
4039
7158
3975
3048
6031
1890
592
9989
7785
2384
7191
7541
1414
3727
3877
1076
4700
357
1787
3840
7153
4271
3970
819
1741
5699
2822
1811
9065
4898
3943
7963
3995
6464
962
2688
8673
2534
8804
8860
4359
320
3288
8563
2650
4505
4416
4256
835
7271
7466
3479
9101
4708
2741
9308
4090
8938
6909
7521
9827
6523
2099
536
2958
7510
2430
8871
8001
1560
2994
417
8258
1571
34
461
6803
8741
4521
712
8366
6386
9988
6655
1632
8910
4031
8880
1325
9310
2121
2453
9223
2924
4020
7111
3893
4599
9370
3306
5645
2548
8081
7592
8213
6315
6780
6607
4772
7
8060
4499
4905
3314
9450
9771
9329
8994
4500
6626
1876
5268
8705
1645
6433
6739
5824
981
9691
8541
2026
6274
4372
9224
3929
9287
4714
9508
9995
2977
3552
9066
3977
7679
3096
5397
4923
6026
1748
2862
9149
5
3791
5511
8452
9461
7171
5402
7266
9710
9470
8854
634
4634
8013
8450
1426
8583
6253
2787
8328
3838
6445
4936
3784
1788
2063
2385
2599
3644
8836
250
6731
4309
1274
6304
4373
9190
1383
9106
6279
8461
4869
4426
956
2672
4676
9741
5242
4895
2333
9251
6660
419
3113
647
8054
6308
3880
2819
9067
7786
1165
6975
7009
3518
2304
735
1240
2785
8092
4829
7249
6661
5348
4610
8187
6641
3770
8584
7725
7070
5568
782
6441
7308
1206
2975
2224
2488
900
5626
9679
6437
1999
7593
8777
5639
5840
9127
382
1801
6978
4660
118
3769
8289
3751
7505
2116
5474
8848
7405
790
8690
2226
2686
2354
8957
9042
6752
4738
1289
9126
9128
5361
1488
9260
4531
9265
4456
2339
6650
6064
7296
3147
4785
8449
5908
7126
2446
604
474
3192
3474
9985
5847
5825
6566
1824
3370
2841
1141
8832
1985
5636
1611
8861
4366
2456
4332
8237
8028
9922
1095
6513
4797
6930
6425
1869
9427
6504
5883
3265
5470
8212
9154
450
4274
3715
1979
348
5894
7691
8949
4731
1125
5928
4382
7207
6475
510
8292
1211
2321
2879
5797
4617
4290
6730
4025
1819
9194
1592
5351
1752
5144
4728
1134
266
4405
5973
9227
3911
3459
3284
8205
2987
9052
8999
6178
272
262
8633
6716
6428
4952
1260
5860
6491
7600
2118
8662
1332
7742
5108
9975
7188
4918
3999
1709
3606
6527
6712
1665
9797
7651
8373
8609
6590
6735
144
5583
3512
8422
9752
389
3486
7307
9073
7359
4934
7896
6874
366
8724
8879
2170
102
7746
2247
1667
9515
3733
3467
7754
9141
8507
8945
9837
3730
6774
1590
3638
130
2007
9055
1340
969
1007
6995
7533
4412
9452
8055
4931
5449
537
9946
1599
6054
5713
6065
2352
6664
7722
8873
5618
3207
8919
7706
1582
2357
1213
4972
9004
1528
3040
5253
4374
6644
6309
6141
3500
8787
1995
1573
7483
9029
3931
1417
9925
1163
1858
8536
7970
9469
3067
2227
8874
7544
9219
9834
5106
2317
7488
210
4228
7336
3437
2312
6391
3127
9695
3694
294
107
3329
4726
8268
1797
9700
5957
1841
4968
390
199
5963
9993
802
9169
6267
4754
2070
3610
2089
3871
136
1548
9018
6693
3661
3700
1565
8407
8296
6571
3359
3340
8566
4215
497
2801
3904
672
1626
5570
3489
3843
468
8680
8779
2510
3643
3680
8019
6763
5700
352
9889
8137
6382
7295
237
8027
4058
3570
4840
6216
8249
6933
1186
6771
4467
9838
5671
2803
300
7765
9732
1504
3958
3169
7874
224
6705
3485
7908
3953
1039
3609
2530
7603
5795
2083
3747
4169
2873
1089
5912
1130
7399
3161
5227
8967
7233
7696
3104
3794
3237
7816
7102
5829
9326
5978
2005
4310
2597
146
4315
9006
9663
2626
4439
4055
1262
4916
1336
6720
5185
3955
950
5969
7215
630
1515
654
8487
3097
8036
2179
5776
367
228
530
5640
341
1826
9156
2028
2050
6041
8322
2906
9591
8017
9686
360
3708
3960
8559
7324
435
9855
32
9596
8976
2210
9821
7631
2559
693
9486
3185
1081
267
9667
7322
8123
3352
3776
44
9460
8253
3508
7077
5338
8218
7532
5148
3277
8250
9273
5704
3389
7387
8347
4812
7365
4100
3268
299
5736
6880
7693
7309
6360
6490
4643
6179
5865
4218
2966
3847
1771
5486
2429
2754
3278
619
6117
6790
6665
2506
7431
3046
2348
9237
876
4479
8318
8021
8120
4955
1722
7073
5093
3031
9738
1724
8582
1310
3517
1145
6427
5599
7480
7753
3561
3309
9123
1008
9078
4431
8621
3249
1043
5763
8988
9158
4144
8856
6020
3909
4180
2279
4375
8632
9313
480
6846
7422
6404
1575
3022
3222
675
6826
6815
623
644
3879
3004
2769
5554
3025
8353
9673
4033
5872
232
9540
6867
8132
4843
410
5316
8118
2648
4038
9207
9467
9567
7519
9198
4182
6250
2094
4387
6112
3211
3293
2866
6055
7900
2053
500
9172
709
3087
7740
2537
7627
7134
6016
1530
2341
2796
2232
898
4352
9970
2415
7228
8619
4723
6001
9984
7390
5551
6133
2443
3017
4442
803
7520
9121
1759
7291
1770
3149
8061
2436
924
3354
6619
8418
3114
4166
7499
982
3143
6695
9186
1960
5044
4470
600
6228
2823
6968
8981
9213
845
4243
2369
6282
5317
8760
3907
5550
384
1350
115
8273
8942
6074
305
8706
5564
2736
2494
6285
5731
607
3015
7983
7881
8841
1251
6032
5970
1195
7570
6499
1040
2668
5954
2271
2766
5902
7489
7361
6624
4072
2895
7401
1792
6924
9594
8270
7101
6463
3050
6094
3629
7805
1083
7902
7254
4466
8290
695
5837
5702
8921
302
7463
3188
3605
4543
4713
5097
1633
9610
198
5598
5891
6588
7526
9249
6549
9403
1387
2833
7710
2299
4343
8440
8814
2865
9097
416
2911
2806
5839
397
4662
3687
8482
711
222
7889
8045
6821
7822
9545
1335
7856
601
4633
9717
4581
7282
5812
6048
8190
9511
458
8965
3024
1773
5180
945
216
2355
8299
8386
3328
3123
9031
6532
4907
371
5549
8016
2628
2388
596
8163
818
3721
1129
7011
4350
7209
3618
4958
612
2859
9747
4490
1857
2173
5643
3260
1069
334
9614
8065
2560
805
4689
7503
3019
6264
9373
9802
9426
4808
740
3141
9876
8894
7650
2300
2772
152
3012
1974
9994
5308
6958
5028
6805
5732
2605
6396
9320
9115
428
2410
9674
5423
5068
1789
1093
8425
1642
8265
893
1418
7148
4069
1112
4212
5069
5420
86
9585
5654
7647
7901
8455
9109
5327
7425
2296
100
7601
3551
1476
1390
7370
2746
3365
4915
887
9171
1138
700
6077
6225
7536
7089
7714
158
2521
5596
9296
5230
9902
1897
4000
19
9281
2887
9736
7095
4063
1324
2612
7851
7464
6723
8011
5404
5172
8041
6985
9696
1247
2481
4174
5519
9112
1062
1879
5951
7263
3771
1776
9553
9790
8578
3493
3401
4652
2674
2010
9913
7018
7238
2582
5443
3530
3228
554
2332
3381
7708
3971
635
7413
3282
1550
5521
9283
439
6059
3786
2246
8413
5413
9176
2878
1489
9412
938
6784
8341
2373
905
816
9983
7539
1131
1627
2598
2404
4328
2930
3984
784
1233
6377
829
6307
6520
3496
5051
8438
30
3930
3773
8671
2383
4821
3920
4030
6160
1351
9758
1373
8442
60
6220
2571
6753
5632
1408
2860
5089
9907
7398
2414
3214
1154
8216
3409
9146
5592
3051
6907
707
1807
1580
4258
8548
5816
5597
5337
6093
6363
4259
8954
8161
9117
3504
7132
8207
3768
5358
2217
8498
7301
1821
3922
8676
6224
8448
7801
2815
699
8435
2771
2292
7620
7137
8552
5496
4776
2262
319
3431
5448
5121
4517
4546
7395
9367
8948
2052
5882
2294
1126
7122
338
6120
2627
639
3969
236
145
6191
6222
3081
503
7767
9728
8982
3846
9560
3522
1803
4820
8564
1122
7757
2096
6372
4105
7356
5647
2912
3900
1441
3739
8732
4052
2944
3266
6934
8525
997
1123
8917
7646
8031
3320
7495
3095
3071
6362
7611
2709
1745
8067
4097
4429
2923
6163
6948
7756
2107
3876
8007
733
2254
1411
6351
580
257
3310
9794
9868
9719
4814
5367
24
6935
6533
4220
9304
9104
5362
418
2499
4451
6547
5964
1598
1947
9662
6610
3002
3659
2128
4289
2529
5531
6025
4920
6703
2809
2654
1568
5696
5318
6276
9584
2622
6407
3105
5436
7637
4903
724
9992
3683
1951
9081
6673
4224
2098
723
5989
5043
3800
7079
713
9009
2739
1027
5145
6130
1531
3755
579
5735
8636
289
9322
4305
583
9341
6233
1228
3627
8815
1303
6564
4386
5326
3913
8535
2745
1160
3408
8142
28
4564
2644
4857
7013
5111
1704
3153
6480
6010
8607
6617
8906
330
175
2985
7300
6305
7320
8365
5173
9345
8755
3917
8317
8857
1844
53
1277
6756
5258
3356
2327
7829
4886
3535
7026
6778
7149
1253
1762
666
8641
7124
7567
7534
4513
4865
505
5922
6321
1601
1872
3932
2984
230
464
9150
1514
9354
2513
7790
5063
1333
3646
9491
4158
8145
8094
150
7341
77
1522
2752
5945
9215
2058
6620
6334
4648
7468
6180
6465
11
1983
9798
2638
4472
7555
7781
2263
8554
6450
7138
7666
7571
429
2492
4015
2196
923
1641
463
7930
907
889
5723
3501
4053
6458
9920
6541
7462
744
3831
5244
6697
54
112
3516
8243
1726
7659
1538
3215
4736
3368
6643
2119
3171
4339
1133
5832
1363
6861
6296
6495
5304
834
9398
4210
7590
252
1087
4688
859
6788
2776
5030
3450
4910
6037
6343
7321
1652
489
2855
8681
9368
7116
3617
9380
3294
8743
2517
3191
162
5991
4367
9057
2469
7049
4674
796
8725
2182
6260
1288
9041
2691
2048
6631
277
3159
344
6669
3420
1023
4976
3049
3548
7198
1235
2347
2259
6797
7897
1354
9749
1001
2275
4327
3178
3444
8546
9809
9593
2703
4739
4997
6692
3410
5691
4649
6291
105
8014
4779
4232
3850
3426
5661
2632
5557
1774
3863
2411
1181
3525
8557
1926
6348
7547
4344
2194
8550
2993
7305
7802
9580
6443
1698
4650
208
2068
7972
3706
6746
7056
9485
6004
5483
2680
5949
8429
2547
2635
7411
7272
4683
3252
8420
7882
545
7669
1818
8869
6990
6654
7235
3873
6418
6670
9116
3834
8151
1030
1956
4419
181
3828
6007
2733
8568
9668
4157
9206
8556
1393
1887
2276
9245
8756
4206
1142
6873
6711
2782
4547
7046
1829
3864
5956
922
3734
5062
677
3503
9451
1695
5823
2474
7668
3865
2216
7414
3273
5471
8434
6403
3064
5633
2821
1840
5799
8710
9360
1448
5152
1124
6837
8005
8622
4696
156
3060
4851
8018
135
4004
5944
703
1982
4096
2490
9189
691
8109
2596
349
6033
9549
7338
2001
1712
6893
6645
1546
6605
8153
2287
7024
8363
6769
506
9681
5166
2181
617
6218
1790
904
1474
2965
1888
7808
5303
3140
725
9407
3311
7854
421
5651
8329
5033
6779
2144
3598
2961
5614
3510
7766
1861
1263
2675
7485
8481
9621
2762
7688
3572
4307
8703
2112
4092
8232
948
7607
9275
4596
6794
1352
875
6413
5226
9783
7685
3835
4407
8369
4288
4314
7129
3968
3179
5730
2539
5235
8004
1218
340
5960
51
2531
7169
2302
2714
9737
9252
7649
6972
9968
3765
4494
6344
8087
9114
2079
7216
74
794
6435
543
122
6807
1443
8933
9282
8960
6997
6896
6721
4985
3919
1523
4164
7531
2433
6182
7595
7221
6700
1637
8406
9338
9760
7445
8305
8951
4995
4021
5007
3256
5182
4512
8457
1485
7237
3542
3218
256
5187
1738
7467
2712
7770
9492
4017
7465
8439
8801
9514
7294
5112
4577
2475
9784
1579
7885
124
8870
70
3337
3620
7942
1553
7788
873
4185
8059
1099
2455
5430
9999
5070
7068
8667
5866
5679
2067
1766
8379
734
2305
2631
9845
6844
8946
1494
6172
7911
730
1003
4125
8387
4266
3994
9604
2565
4613
6114
1877
9962
3718
849
5931
2581
1551
8397
6244
8521
4748
495
8155
7777
6699
633
6987
6822
8865
6600
7610
1219
6865
1532
8480
8470
9944
5686
8084
1619
6136
3951
7312
8772
7016
4529
5280
953
7657
5535
6306
2877
2297
2660
1775
8767
1817
1453
8050
7270
434
3371
2166
3435
4757
6081
6845
2948
7161
8108
6980
5368
2920
884
4702
9789
5264
5031
8567
2623
4081
2039
3698
9908
1687
5293
4376
1401
4160
8828
8229
8679
9155
414
1780
4528
9914
557
5826
5269
7973
5775
3402
6235
5827
377
6387
6265
655
882
6408
4190
1526
5197
4103
1987
4988
7585
5660
1938
9822
566
8838
4117
2423
8398
5868
5748
9059
7085
6676
2718
8527
8508
4625
1683
8693
8555
4023
8500
8977
5194
2235
6535
1555
7226
75
745
2009
4287
6317
4574
4556
2600
350
73
5594
6005
5993
2586
9870
2078
3177
2527
824
6555
5779
4507
9757
2914
2825
4254
6446
5077
6189
5802
3174
8225
9069
7293
1544
5084
5034
6482
6937
8549
5238
1714
6637
9333
7330
2602
1029
2518
8912
5628
6146
2168
3868
9583
7196
8416
7832
4240
7636
8269
7447
4626
955
2988
7762
4112
7458
872
8672
6420
5391
7525
6914
2915
7071
9998
3224
8958
4593
6722
3779
9658
2242
2721
8009
2543
1975
8736
7190
3723
9303
7789
4523
4834
5765
7444
1031
3494
101
7019
1092
3259
6097
7984
7812
488
5607
4994
4051
694
9860
1091
5609
8441
1113
5266
1156
1867
773
4029
9657
1197
4518
6717
8475
6920
159
4600
3743
8074
315
8010
5008
402
1880
7993
6269
5706
2589
1005
2175
3383
9575
2585
5469
8251
1480
1190
7836
3267
663
4632
3682
4091
3573
6287
2667
9209
4088
1562
2344
1651
6047
4803
9266
8411
7406
2075
8000
2630
7677
3066
4566
3674
5703
2899
4938
5046
5080
1180
8490
952
8539
9850
2611
622
8839
8643
4130
3663
5783
1409
9803
3859
9900
5937
9388
1696
7731
3484
7751
7880
5509
8390
1593
282
9218
3764
4759
5433
3603
4304
6544
995
7117
8591
5514
2316
3084
6219
5756
7064
1139
2420
1108
1918
9878
6099
2303
9051
9823
1384
153
8053
5990
6724
8715
5357
3219
7624
1465
8704
6076
78
2523
4056
5623
2566
2666
7155
8099
5442
7446
8825
1643
1268
2222
1034
55
5480
8362
2504
4192
8657
6231
1051
3837
1630
3539
9235
2238
1348
2059
8208
196
830
3107
8330
4410
6710
4296
9578
4925
5571
5903
2955
430
3579
2046
5325
3824
7773
3491
9088
2969
8124
6741
3997
2704
582
3472
2363
6534
4704
9132
2573
9693
6569
1810
8590
7602
8409
8738
4850
2995
9685
3033
2848
1620
1815
843
9449
353
4495
427
4647
2148
8128
26
4635
6124
9137
7490
4095
8702
4777
6439
9881
3569
7125
2221
1596
4034
7006
1791
594
2685
9937
6832
4145
9417
3523
6988
4043
6096
9505
1991
6368
4837
6598
4842
7379
59
7858
6921
5984
578
4605
640
1885
991
1808
3008
6950
4399
9404
3675
5157
6808
7454
6320
776
4846
1925
5290
5858
9014
1830
8495
8063
3082
9713
4951
2146
7066
4186
49
3851
5543
4686
2000
8357
9912
588
4795
7530
8991
4771
8516
1905
2419
739
7664
5789
2637
3729
9932
2592
1962
2167
4709
2894
2100
3367
7795
182
8774
2545
6046
8244
4008
1259
8103
1080
9776
563
3962
1988
6385
4011
4062
1834
8403
8909
9630
9557
5533
4839
5440
4235
5398
605
5224
1432
477
8727
9352
3322
6593
7267
1132
6115
9777
7199
1691
2065
9894
68
673
5771
9616
476
2288
4526
293
9725
8597
9671
8984
3670
58
3732
5267
8378
9195
5247
8173
2690
5548
5058
9556
2286
7738
2442
9559
9689
4657
1359
2981
186
8170
6406
7952
2127
2013
4990
2570
1460
787
6902
4885
3372
2678
9555
4535
6536
7417
5811
9337
5895
9623
3471
2662
728
4867
8618
8748
218
5363
48
4541
3193
1170
4570
5458
6113
7086
7861
6009
4423
8454
4421
8491
7005
807
7860
4763
6101
7384
6206
1078
998
4606
3186
8905
1022
4881
1542
533
3591
4663
6453
7821
8660
3075
179
2468
1256
9930
2722
5917
94
9327
568
6174
4285
1355
8514
546
6707
4875
2218
6529
6295
1757
6140
7653
359
2846
9203
6814
8714
689
1584
8596
189
8907
5770
7704
8644
3651
5313
3789
6901
5889
2551
1734
4959
8309
8105
7456
9672
810
5223
8750
6733
556
7909
8336
7920
9020
2927
8709
4168
3255
2361
9694
4790
2122
3461
610
9319
1509
104
7748
4283
1033
2828
1564
8476
7276
9271
9640
2512
5198
1835
5716
6052
2465
2140
4503
9697
3910
3626
7304
1212
6519
4175
6078
8348
8973
8829
6755
2200
1763
8012
133
9192
7374
638
8598
5354
6474
2716
3117
9866
7572
8794
7363
1187
523
4775
3220
7015
3937
2329
2428
3748
7964
9637
1597
6979
4027
3217
7094
3566
5782
1057
2241
5403
8934
3488
1058
8294
3524
5324
9095
424
93
2133
5090
4208
2448
6550
5906
6188
1357
46
2403
238
205
4579
3714
6072
7036
7050
5056
9775
4612
6432
6836
8093
3194
6095
9411
5864
5985
2542
9321
108
3778
507
8025
2229
2778
5099
3602
1746
7100
2759
9236
5365
4847
6135
3902
7061
914
2072
4120
7955
727
4269
4216
5528
625
2717
3357
9839
4005
9966
5717
2659
2604
3912
4413
1229
783
2549
5462
4601
2390
5036
9554
1919
5754
9544
3744
62
8588
2421
5175
2080
5855
3616
2250
3967
8602
4200
3594
4697
8654
2397
3416
438
918
3234
8111
2313
6473
2215
3717
113
1162
1048
274
1496
1392
5934
586
2472
8941
4424
3287
3054
7052
5435
1334
6496
7919
6882
1923
7951
4427
6899
5692
9122
855
3175
550
8845
1304
9782
9615
7926
7606
8238
6159
155
7967
7774
5096
8343
388
1658
6421
2682
2839
7959
6719
4804
7680
4971
6195
8003
2372
3377
9392
7366
7699
5560
1894
4478
1535
7093
6051
3575
4349
8049
5143
9187
5485
9239
7450
2101
6316
8786
4434
688
6036
8224
1102
7373
2646
5190
1737
6374
314
7217
4883
1065
5171
4853
501
1946
6210
9856
5501
6166
3944
6649
9520
2651
3035
8453
8402
9390
7345
1425
5814
9353
8486
3724
7472
8181
6677
3093
1140
1002
4121
4792
1674
9807
3810
7170
562
5573
7318
4664
2693
3150
9054
9430
3142
3
753
8515
6080
7639
7002
164
7641
5619
3702
5476
6086
2283
82
211
9813
247
6820
8831
4333
5192
8650
6326
636
1521
6829
6747
9487
7239
2157
6633
9929
1958
3247
4833
881
5658
7135
1101
1318
9636
4608
7852
9510
7247
2139
7871
4727
7265
3849
4443
4189
8415
1371
2261
7625
6384
393
9577
499
7613
8674
3559
9395
9399
1484
6570
3271
8789
4230
1899
2949
2805
8696
7953
1316
4453
7648
9745
9103
2738
9891
6885
9898
9831
7825
7596
7598
1606
4286
971
5371
1153
3740
3653
4826
1847
8058
3991
8066
9586
8893
9231
2781
9785
1591
958
2049
3545
9134
4146
8165
3976
4159
5284
877
3505
4036
7977
7988
8298
3453
9315
7461
138
4357
2169
5588
4755
8262
5966
7474
5137
2398
1541
4553
3892
3152
7917
3090
7957
9161
219
4115
7633
4154
1157
8581
4474
1395
1184
2272
5838
4745
5019
2946
6148
2802
4365
7758
1014
1820
528
1908
9529
2364
1603
2171
5769
9211
7383
1976
814
7479
5334
1892
3221
817
4998
291
9003
376
9901
2426
2896
3200
2882
8499
6681
4818
412
1237
1270
8035
5505
1895
5183
6689
840
3817
6646
7618
3470
2953
6017
656
6322
6061
1855
9597
7357
2150
2323
2576
2579
4418
9002
2903
9
1498
4127
7797
4752
8626
7921
131
8823
1293
1400
9859
4202
9844
449
303
7561
1391
7915
6976
2928
364
2725
1670
4414
7504
7044
2060
5760
2972
7460
4597
8990
1891
7862
9379
6085
5110
820
5370
1100
3394
345
7803
2996
6367
2061
8088
4942
1249
9479
9568
7549
8437
5207
4587
826
7736
9010
6830
6014
930
1660
1767
3388
5103
2417
6801
5472
3103
7904
3668
5617
2784
8228
6492
3226
6936
5165
1445
6869
6627
2783
3213
3795
9532
7559
3963
9748
4110
2974
4636
9071
3397
2595
2033
2563
292
6918
9400
3092
243
9688
5689
2554
6866
9871
2614
7229
9955
2826
4778
6422
3754
5942
8979
9387
9131
1370
686
2154
3206
2040
7197
683
5129
7507
3230
715
2633
933
5201
7703
9588
4922
8070
9028
8744
85
2064
7354
5249
7941
5109
206
1410
8885
2854
4677
8260
4573
1075
9464
1388
6506
940
1266
8276
9812
1971
8427
4508
4163
2395
4870
8112
5087
9438
2281
512
6583
3903
1794
8768
7278
1189
3957
8038
8757
7243
2810
1009
3636
4788
8121
8959
812
5010
6221
3155
9284
6447
6806
1068
2251
4735
9770
4746
5493
1311
9890
8156
1529
1618
2910
6852
4074
1806
9290
7213
278
2516
4326
8494
4609
2424
8558
6476
2160
669
478
6825
4710
7934
3331
4619
3003
4954
7587
3658
1306
4153
9216
5429
8520
8401
3853
2934
1604
5921
643
6981
4179
7349
7114
9256
704
3023
2811
2090
8195
8135
1452
2441
3423
6878
7859
3151
3445
3353
761
2120
7501
7470
5479
9653
4486
9701
3775
3536
6213
1225
9826
6530
2508
8890
7798
4721
6131
7718
2808
1097
2818
9238
934
621
6245
9904
246
3156
9646
3133
1016
8980
3916
1990
9446
3722
5562
1015
9024
4101
1483
8956
4380
9302
2177
526
9077
5286
1168
7475
7652
5218
4675
3303
2544
1037
567
8785
6854
2029
1094
452
1782
214
6798
3036
3667
6553
76
347
4385
4481
4744
5300
6787
4953
5751
3184
2737
9032
2041
6107
6388
6079
8614
1778
487
2768
9108
7814
9371
472
4799
7837
5184
2452
8800
298
9445
2794
2999
5667
2379
5663
2673
2326
1662
2237
8763
383
6378
2231
3118
3006
8624
3793
4476
986
9084
3918
8033
1183
8311
7518
1666
7638
7720
4805
1884
4682
1567
174
8337
5174
9222
9229
4621
6173
4098
8460
7935
4348
5071
7556
722
7548
4084
4659
5131
5229
2129
8797
3695
2979
6356
41
6239
1019
8708
5014
2715
7497
5150
6762
1238
3749
2132
2174
362
822
1276
4510
3100
5615
4561
1600
2380
9867
8479
9847
2843
4277
2831
8304
4483
6171
4576
908
1825
7768
6127
3792
7372
9369
4482
6067
2418
4969
6636
3660
4124
8062
7210
9153
1723
5346
4358
947
2285
2110
7845
3241
5331
3737
9079
6698
5320
1865
5784
7232
1282
9521
8492
1503
4430
9972
9331
7524
139
6098
2954
7842
5630
7156
7626
4239
7130
8172
5292
4291
7508
6758
3349
4890
3021
455
7701
5544
4737
9832
8158
7083
1193
3816
4391
8753
6514
4450
6512
7492
8610
1173
7200
798
5405
9289
6369
6765
756
6957
1933
5386
1756
3058
6070
387
9410
6688
4425
8096
1583
988
9280
9918
7316
1851
7745
4187
178
7248
538
8952
2349
4794
1151
2876
6577
9048
6713
1135
3905
4177
5237
3556
5581
1204
7682
5529
4548
5675
2335
2503
1419
2125
8332
5982
2233
7813
3608
5372
5822
9666
8947
61
8149
1344
6012
8531
6889
7869
994
1362
3590
3498
5530
6414
2694
9678
2240
8178
920
98
5986
3564
2812
4345
6340
8666
5328
9684
7027
9939
6177
4396
9552
3948
6913
12
3624
5491
1090
1273
192
5142
8792
2008
2056
1800
4356
6486
1860
7408
8493
3896
1313
1907
2797
6916
5992
853
9619
5983
1929
2413
9214
5578
2634
185
9761
4446
6584
7645
4024
5871
9895
6176
772
3094
6971
1220
4294
3307
652
5261
3422
682
8424
1871
2401
8692
7123
1284
2482
7729
1475
1314
2298
879
6734
7340
6953
9100
4692
6050
3407
4496
3520
5156
3832
395
5356
9846
504
8911
6193
9201
4284
6508
3285
8147
5210
6848
1166
6701
9980
671
6424
7069
7346
4956
1912
5744
5659
451
9896
8489
7945
6946
9611
5161
6452
8231
6254
3297
518
8233
5221
2318
1701
8867
2004
7877
6883
6552
8560
9272
6155
5240
5296
3797
3120
7938
7739
5542
8423
5282
2727
5038
8052
8776
2359
4598
3244
1761
7362
6876
1681
7377
8220
5273
6890
4749
8352
7811
392
3235
5653
4690
465
1874
8793
3830
5752
7380
6783
9138
5466
5072
4377
9906
5888
111
2960
4085
6922
7892
3428
6358
9979
9093
8600
7799
7914
5576
5901
3928
3935
2191
2145
1215
2016
4397
9184
460
7597
8496
1435
2334
9152
1921
8102
2450
4926
9840
1678
8943
4534
4440
5773
3279
6137
4253
191
5962
2990
8620
1377
1996
1623
1
7792
2270
9787
7961
6898
116
7201
9652
789
4488
380
2820
5463
2753
4390
3038
4438
172
4816
4758
6764
4133
4516
9423
2045
2269
989
6517
4076
4884
9862
2103
4022
8200
8184
1697
8881
3812
7192
3983
2615
5971
2731
3318
7029
2774
3196
769
1777
7023
2489
5285
7358
8877
5684
576
1964
4316
3052
1239
8635
9626
6666
2525
5083
9339
963
9030
1463
2325
2212
1329
4013
4983
4672
7038
4716
5873
6281
106
8553
9344
692
774
1931
5232
1430
7612
7057
4707
896
6106
9605
1901
6761
9090
8297
5431
1628
9957
4229
8020
5932
3253
7846
620
346
7931
2483
4894
9197
4993
5818
8331
6214
721
5680
4765
4844
8370
9425
6184
4473
1466
3325
4464
4404
4991
8443
6955
3061
6838
363
8433
9842
7948
871
6226
9676
5600
758
5874
9346
6969
6143
1799
1672
9958
5494
5211
5695
3339
9435
591
9175
3257
965
6198
2620
7615
4138
6776
7045
5107
2816
5027
8478
4705
6332
5315
2971
3924
6040
9173
7021
9729
2331
446
7162
2447
207
915
5923
1605
3735
7749
6799
7319
8544
1067
2480
7879
9503
7173
3753
1917
7878
5563
7663
2950
3803
5126
8665
4684
8764
6548
2931
498
8580
2679
1680
2553
2909
8023
2088
9546
987
738
5477
7577
7220
6652
4317
27
8278
1349
5870
4921
1545
163
9819
5624
7546
731
5092
7451
9023
5040
8826
5589
9723
8445
5674
6292
5484
8742
3531
6390
8210
1781
2829
8008
9139
7775
2180
2459
5537
9007
6516
3607
4176
8617
766
525
6049
1000
3914
9796
8805
5634
1109
9780
5590
1793
6084
5842
444
1868
5243
1241
5946
1210
5094
3180
3704
5025
6167
2394
6656
3526
5057
4248
5239
9476
6024
3403
8358
7866
9456
6891
6651
1106
8399
9735
5720
6336
9375
7310
2578
1487
5461
3992
6596
8283
5670
9965
223
5603
1072
332
7817
8898
4800
5098
3978
2962
4275
3056
1948
9433
7375
6122
9534
4946
3615
5547
4265
6674
4594
3655
409
5214
3950
7895
8126
8505
2032
9921
7962
8127
368
2652
9539
5271
3269
2432
549
6103
3363
9089
5683
9488
5559
3121
3302
9705
431
7081
4996
9038
370
5601
9533
720
7060
3697
3366
7017
5806
3469
8962
492
7791
8484
7965
3690
9332
9484
8603
6911
6931
2375
5018
4214
7752
3677
7420
39
8569
1784
5803
57
7511
2055
1191
5899
373
5006
9037
4819
5202
7096
8100
6419
4871
7940
7741
8150
649
7730
4077
3326
1507
3515
400
9383
9541
618
9294
9498
9817
864
3347
7494
1957
4323
8886
9815
7269
6915
4929
6156
6786
6612
482
9607
5454
3300
8293
2897
3112
9454
716
8223
1462
8887
7670
6423
1059
1486
9301
2163
117
7588
9734
3576
7040
570
3432
5130
4514
3565
6196
3418
5213
9436
8904
8466
2024
5314
7667
1194
2178
4701
8819
79
9232
3641
7640
4071
8410
2192
8488
3699
408
5422
7509
2486
9799
251
8323
4932
3077
1491
7978
2301
8199
7936
3804
4
2030
5534
627
7055
8291
7082
2425
983
4641
3568
5845
6246
4318
7234
6023
7367
7043
3709
6497
6522
4756
9328
6126
2574
9497
8255
3301
6984
7208
6812
5217
8902
2657
5023
6897
7035
2756
5020
1088
681
1438
2267
7979
3898
7529
2758
8908
4136
3701
4435
584
3532
3385
8843
1730
5712
2967
6939
2982
7784
714
2643
2884
8391
8282
9805
2708
7564
5426
7545
5085
6190
9781
7500
6071
9372
1202
9001
3560
2109
287
2500
6682
4213
8326
6510
4181
7306
3163
5719
234
259
9401
8721
6750
217
3242
8685
2115
9997
5384
4811
1543
6256
8766
8922
1875
2155
2382
9191
9698
1457
3671
1285
1442
2437
4793
1913
5885
4563
5177
6623
5540
5750
201
4872
795
6565
4854
7022
1527
4046
3089
1196
8279
749
5401
3167
3333
5349
6440
8834
7076
2773
6311
5517
9852
5309
5225
6875
399
598
290
8501
4604
9759
1705
5332
9060
9248
9863
2362
7522
6601
6034
4497
8796
6217
5745
1389
8691
5151
1221
1064
7378
4533
3679
5389
8162
3664
6150
6
335
7535
8627
813
3506
8759
7442
6011
7360
751
8139
7969
2291
6684
3890
1955
2085
9879
3462
4217
1286
67
3656
1733
1654
3814
5998
7576
3759
479
4406
6397
9382
8235
1454
4720
6738
378
2886
5123
1399
4703
3028
194
6929
9877
9477
7025
9947
6008
8252
8056
6038
4592
9011
7041
3364
7589
7819
925
4817
7849
3541
2997
4461
886
6859
3205
9040
9587
5641
8129
9548
1886
5584
125
2791
5810
3263
9703
9307
8167
1271
8882
221
9465
5114
8728
4148
9712
1231
7167
7986
3580
9096
5577
5635
6622
5078
8677
1046
6042
5593
717
245
5133
6895
3592
2195
7553
6243
6560
3782
96
2351
2230
7700
1689
5979
1207
1540
665
5500
1854
3321
1337
906
1928
4791
6618
2883
9746
3065
7174
5880
7427
2368
8497
2307
15
7084
1953
4492
1728
8075
9928
6330
3563
3068
7368
6104
4525
3981
1659
2367
9563
9330
6888
7943
1836
2255
8575
7675
459
9257
4037
4694
8628
9755
4032
2729
1813
9336
5035
7396
1939
8095
6892
1536
1161
517
8613
3361
954
456
2933
5755
1922
6389
3304
9788
1634
6725
2256
8281
6538
6994
5688
466
114
7107
6925
708
4874
4896
2266
5120
7575
6181
5203
9317
1026
5772
2412
3662
3427
2925
8604
2027
9323
5216
132
3884
4590
3600
3312
1941
7794
9991
6415
1914
6489
255
8256
7078
5353
5005
589
4789
999
3621
8154
8971
1341
8034
6749
5446
3947
5604
6983
8997
9118
6726
9393
4855
4379
7574
5941
9263
5342
3412
750
857
3758
4432
9938
9228
2416
1429
2917
248
9707
7929
8333
8274
5160
880
8389
9853
7032
9182
8263
6444
3131
2071
5415
3172
3463
8734
2188
5807
9767
6412
9258
5340
6470
8807
5841
4637
9144
5878
6683
5950
3707
2536
602
6087
2872
72
6599
4114
1281
3042
8669
9917
7299
4845
7715
3417
4393
2204
6277
3833
8915
6481
6303
1727
4640
6587
9347
542
6134
6021
7850
6667
5228
6757
4560
7604
6284
9804
9361
6615
8080
7493
5677
7407
5523
1936
8855
4864
4827
6022
5637
2044
5726
980
7705
358
3965
5786
7426
8595
1236
8316
7348
5778
2515
6144
1635
609
3823
5441
3809
7241
3454
5669
6562
5467
838
7441
781
3375
3578
2952
7053
8687
2900
9226
3030
2943
5119
8927
8524
403
5081
2391
565
9730
9343
7452
6399
8576
6886
648
6417
7436
7950
7206
949
8204
4623
2625
3055
2295
799
8469
2555
1047
1159
2374
52
4580
2002
3348
413
8133
7976
8431
5445
7244
8963
9909
6268
7769
1107
8808
6313
2913
4445
5380
4134
8638
6111
1747
1301
841
2921
2134
4571
7581
916
3990
2258
3762
3236
1045
2389
4469
3415
8562
6467
8694
6298
8456
1495
6900
7159
7203
328
4769
4651
8451
7719
5329
850
5718
103
3374
4961
9221
8864
8405
9501
8356
9000
6551
4828
8308
4538
7286
5294
4463
5141
8371
6341
7075
7394
7108
3110
8651
3465
2870
7402
9408
9768
7204
9606
4729
7189
9099
9457
606
7047
4173
3720
3011
4589
8726
7558
1981
2584
3032
6841
6594
140
7205
3567
1120
3509
574
5935
3684
7091
254
6702
8201
385
2509
7403
1534
1624
4575
9617
6923
5558
4824
5118
2340
301
572
8355
4336
5897
6579
4935
6227
8733
4223
7139
1795
5245
9648
6409
7689
4536
9810
7457
1252
3490
2743
5468
8740
5710
2081
9706
7560
5260
9225
3162
8656
3478
6342
6509
8992
471
1614
2761
8215
486
9397
8325
9098
9601
5026
5652
4073
2557
6851
8682
1158
7478
323
6338
1669
2457
4198
6505
9255
8209
3387
4639
4475
7853
6003
9590
2378
3604
2932
5021
1376
1940
9687
5785
2856
6318
670
3538
4858
7400
9643
142
496
1382
993
47
932
9185
9193
3209
3783
2244
4322
355
9806
481
3562
7109
475
6561
696
6960
6963
1455
2601
3897
6209
6540
9550
679
5820
6759
3540
6537
2976
9291
9217
2159
7332
1413
3037
6629
564
3821
1510
1321
9432
1264
5011
4107
8046
3343
8712
2371
1146
4766
5943
3170
9750
6581
3692
8214
3190
645
5490
1966
4462
8241
1719
8532
8404
7099
5911
5916
1668
317
2844
4489
9247
25
3936
1327
2836
7491
5863
5524
3029
8261
6162
64
3788
2755
1959
311
6996
2280
1036
836
3513
4035
5518
2777
1052
5805
4330
9276
3384
1852
5073
4712
7481
5967
1889
6089
8876
9422
5091
6092
2613
8711
2970
4080
9058
4042
2869
3899
8335
9494
8146
9632
2655
6653
9516
2463
4293
5525
902
8939
6951
7928
3961
1615
2164
2880
7528
5959
3625
2130
9772
3813
2945
2012
785
5503
9466
7421
7778
3719
763
5972
8164
626
318
6621
1715
5513
6197
9278
2451
4646
2587
1896
4401
9500
8192
6696
6280
1663
5887
5276
4104
7459
2149
3197
2277
9779
3232
9512
6640
3044
4965
1296
792
7527
8926
4919
6200
8264
3716
8950
4118
3987
4454
9949
9202
4770
2834
2082
7429
746
1223
1254
8799
4567
9903
5877
2124
9854
157
9765
9656
3438
6352
8026
4584
8436
3860
4784
6183
659
3080
5910
5409
9948
7764
6760
6383
5128
8518
6881
9253
3434
5055
2396
3521
4261
8795
7012
2043
6603
2449
6251
4065
3635
891
6039
8483
4767
9816
8695
7937
8612
3482
7455
225
624
8350
9603
8884
316
4147
4452
8506
2858
9571
6301
6229
1402
1753
9531
613
2278
6477
874
2093
6438
1870
148
8811
5914
608
6149
5414
9453
2126
8057
3344
7166
7416
2477
809
2875
964
7382
8985
3856
9316
4750
5343
2037
8043
3872
4465
7469
7523
8739
9774
7147
121
6381
40
4347
9295
6152
4298
5893
8925
5248
8069
304
3726
5101
3436
7120
6468
1098
7438
6139
698
7260
9882
9620
2057
1997
4719
3985
6559
1085
3742
5451
3299
1856
1873
9739
4340
5411
5690
9133
2677
8718
5672
5512
9651
1111
5475
4802
3925
3514
2624
4018
6942
5787
1621
5851
7591
966
7252
3272
2827
3146
9711
310
6365
2408
1473
8752
4238
5302
7418
8586
1415
6329
2562
1011
9814
2249
553
9394
8174
3447
9363
7711
7010
5515
5066
3078
8645
3549
1525
5673
8091
5753
5566
4137
3982
6542
2023
5890
3313
404
7476
8473
2193
801
7831
176
6609
6147
226
8277
1063
7180
7297
5953
1073
7274
5987
8342
8658
4010
1398
9936
3650
2360
6515
2983
3362
9044
8813
9659
8833
6884
1750
9463
6947
5853
6302
9645
270
87
7542
4879
5707
7568
1961
1930
7277
5527
8891
2720
351
7809
5650
8240
5856
202
2700
903
2788
1949
1471
2701
7733
4603
8529
4370
870
2702
4565
793
6831
339
3041
1367
7617
701
8419
9569
5250
3358
3181
8847
7623
9474
8853
6331
6283
7944
4509
231
9349
6800
5366
5381
4487
4041
7932
5272
1717
8892
1305
4555
8850
149
2491
5585
4205
7448
912
976
4131
2892
1055
7484
1300
9264
5613
9091
3941
7642
9716
2161
6380
593
10
2108
5834
3842
2757
7656
151
1345
6161
8339
8503
7674
1115
170
2889
9943
7621
5892
8637
9762
7143
5104
6777
9424
1397
9378
2671
14
6945
5999
285
3630
9199
43
8830
3176
5553
212
9981
1832
2172
9649
8599
2186
762
1710
9473
9148
7432
1708
1944
1035
8388
1412
8989
2214
4783
3128
5879
8395
1924
6154
1686
227
3649
4722
6785
4877
2464
9262
8068
5382
9558
7486
4734
4354
8346
9800
1843
7347
5565
2284
2947
2036
9721
718
6592
1299
2853
9829
2867
7793
3622
897
5390
8368
4673
2792
6395
2748
1214
5139
7716
9324
6658
9105
5881
8642
957
5546
4691
3571
1117
6484
5275
3254
8812
279
5794
8668
2458
9125
2935
5655
2460
3601
2282
4273
5997
5153
7557
9642
1192
2084
5181
3839
5898
1424
2386
5439
195
23
3452
9130
8686
2863
2066
7054
1447
7435
1323
5387
8051
6349
1265
7183
3231
5612
4060
9892
3261
4813
7194
7193
5804
5995
899
1839
7290
3000
650
4068
3199
7563
6871
1182
7133
6288
5178
9366
4982
1275
8324
9306
4231
5016
5015
13
8122
5168
6709
1690
8964
895
9618
3688
337
5875
423
3502
1243
7867
2104
9286
3345
9416
585
8746
9063
4569
8966
4079
6539
9062
7761
1831
8117
8113
6325
2409
1309
200
4199
9644
7439
6718
3736
5579
1576
7262
6426
1368
8383
1760
5781
7947
4506
7284
2038
1042
3250
7884
5857
1998
38
6578
8083
3460
6543
8085
1963
5644
6088
9459
5100
9961
8735
5134
8765
4246
8972
3274
7907
1516
5167
5510
9887
9472
2402
4699
9811
687
4183
2629
1505
3826
8354
5437
9342
6992
3881
8313
2274
513
5705
3295
6546
3819
3861
6736
3883
8464
4645
3091
9599
5464
7227
5657
6795
6690
9967
7676
6973
4963
3425
3546
2959
3137
3507
7992
3577
7477
5714
8104
5757
3157
851
177
7807
8444
5733
8605
9795
354
4444
4761
9350
9753
9820
6479
8509
3634
6687
9608
8310
9017
4742
123
9309
7112
4782
847
5631
5961
5428
8227
6430
4836
1082
6526
4165
2577
791
5209
7839
926
5918
1682
6944
6273
3787
9602
9756
6345
5335
308
544
5189
1343
9183
5734
8634
2963
1416
401
856
1437
4504
8827
6153
5849
1898
8730
1649
8589
6858
6370
4019
4236
1423
5722
5117
2916
1785
8138
9682
4568
4786
7074
453
786
7835
4360
1640
8675
509
7723
7285
18
9437
9978
1152
6261
7634
3528
6293
4654
7164
4559
547
6691
3086
2290
1613
1406
5009
6205
1610
2538
7800
5002
4083
4693
5042
2035
1421
5288
561
2807
5259
8863
2014
4279
5980
5176
5869
9142
6864
1396
4388
8913
3449
5831
9624
1646
742
5749
3619
7893
6671
5270
273
5427
2692
5489
1025
7695
6611
2740
3276
516
5905
9385
3406
4422
2800
5140
3550
674
821
4989
5709
808
6335
5322
1859
1862
5487
7030
9270
8321
6531
6791
6894
6511
7727
4760
3458
2908
3262
9551
8678
9135
4194
5155
515
6030
7517
2496
4928
97
4979
551
8024
5625
8530
9168
6704
5580
4809
2042
1172
8608
2723
9916
2710
559
1248
7744
5416
7003
5725
6109
7619
6991
7106
3631
3589
1878
4807
9462
6271
5532
7182
4856
8806
21
391
284
7471
3275
2337
3781
1468
5410
8110
9742
1290
4161
5122
3588
6518
1171
8916
974
7410
8312
1569
7662
9927
4477
4848
4658
9664
8995
9976
5388
7230
6459
2520
6289
5432
9764
2658
7051
5186
8217
5394
1881
9660
9899
678
2370
5355
4882
9791
4188
5662
8545
1136
1234
2511
9869
3891
6877
5159
5800
2209
3010
8875
771
2991
8895
658
3283
6634
6932
188
4540
240
2603
1292
4111
3519
9005
815
8344
8953
6230
2019
8944
2234
7419
6715
280
109
7160
1853
5301
5132
9924
7876
5694
7735
7643
7870
1492
719
1121
7014
5649
3085
7713
1893
6679
7958
1706
5473
1657
6862
5798
6436
3676
7128
878
470
8526
5251
4557
4459
4554
2842
2309
4515
3079
9455
3596
443
6375
8047
764
4471
3497
3039
9167
4718
1278
5939
9102
9124
9233
5061
4151
4611
9518
5254
9941
1911
8140
4392
269
3350
6809
3586
6502
7776
3373
9910
8707
6796
2478
3848
3774
6919
8749
5767
1786
7224
2874
2639
8206
9528
2939
710
7684
2265
657
6208
7187
941
1814
3738
3475
1169
9391
9629
2552
4665
1502
628
927
8859
1176
9564
235
2847
4297
5281
2830
9638
3216
8517
4940
6642
3182
8271
9502
2111
775
63
4751
1217
9358
7690
1644
4678
8639
4122
7629
2422
1449
4381
1749
3289
7721
7933
9964
2567
1809
8872
3414
6411
684
7830
8359
6371
3741
9573
4527
484
4913
321
4420
9013
2868
8923
6575
9299
967
1280
4698
5412
1104
286
4860
7110
4428
3396
244
1612
6567
1906
4457
6223
5048
5065
2765
3822
6429
9527
9897
5456
4927
6597
5438
4830
5086
7888
3511
7843
8561
1805
3451
6487
2054
3645
4730
6125
7974
6964
9565
8176
2669
8257
8044
6728
4588
6232
6638
7342
9415
1096
754
7264
6905
2493
3553
9743
5116
2922
473
7353
2211
4999
9801
4094
9165
1675
3210
6204
3346
2073
6817
8761
6811
1298
5075
7599
7222
6503
3251
595
7165
8188
1224
1420
4741
2832
4006
3018
5642
1751
939
7616
7039
5336
1916
2498
8248
3308
3487
6299
6685
9960
9318
7371
7236
22
2609
3062
8716
6816
1557
1467
8393
7990
869
3731
3811
653
5369
2663
2524
8234
3057
552
3728
5492
2835
5215
2228
3225
9509
7146
680
7048
737
2804
8301
4433
8809
6262
1258
1838
1769
9163
8502
2184
4237
6754
868
1149
4447
2645
6770
8817
4082
8537
911
2564
7872
8467
281
7028
9582
161
2937
1849
3669
1499
854
7538
2780
1653
7737
7755
3334
1863
9334
7313
9751
4308
1021
4582
3875
8974
3392
4337
5958
8513
6060
6119
844
6938
3597
6823
1765
4892
5279
6672
2086
6400
485
9786
1084
2850
1331
143
2902
8006
1758
3429
8198
8593
4899
7966
8802
8534
6608
9622
8367
296
1013
8319
7644
4353
2986
6028
5291
171
7231
1842
3378
685
5610
1366
8758
3825
1754
8840
4341
7333
6448
3613
9525
8458
9362
3703
9210
4911
4764
6297
167
7391
2484
3858
1360
3927
7409
520
5147
3204
4378
1764
5929
2661
233
8148
7184
3109
4057
7712
381
5136
4624
3395
1433
8889
1850
2616
6602
632
3238
9269
1451
2569
6625
6398
3632
7007
1375
527
5926
4862
6662
4311
7163
992
1688
5125
9911
5758
8929
3072
9495
3798
9274
9542
8477
147
7412
9166
9940
8169
6850
4002
9212
361
4054
4299
4408
1694
5646
433
2940
3201
6108
1379
3908
6586
7552
8338
1594
1203
3648
7609
9365
6118
6361
9448
3852
5574
4906
5001
5127
4687
5994
6819
120
4743
5850
7437
748
6635
8471
9537
8983
4411
3382
4268
8955
7565
9543
5974
9836
8803
4964
6045
597
7385
8182
4050
3342
5666
6573
4089
3243
9613
8485
9490
411
3380
2314
5538
8114
4026
8987
128
7673
5064
7369
9650
42
3111
7582
664
7823
9843
2434
4909
5399
2444
5460
7975
5809
3483
5507
5582
5352
6402
1302
8523
7314
3480
4880
6249
1431
6870
8374
8032
8286
3672
6449
7834
8747
6768
4902
8474
2260
2438
5297
936
6460
5727
2980
5676
4371
8430
7280
4960
7344
1713
2507
3165
8700
1155
8978
860
7287
4825
6940
2838
8119
8073
5041
9061
6201
3404
7939
8136
3376
6745
3430
765
5455
2034
1740
7566
2497
2978
3752
5913
3135
9340
4904
8400
3996
9635
1629
3203
2031
5852
1744
9357
2091
5478
6802
7004
6142
3166
9731
2964
9022
1508
137
9070
5552
9969
2641
1845
943
4003
9883
4398
778
6872
1012
3108
5339
8606
2117
6158
4630
2706
6773
7981
9035
7863
7275
1338
4070
4400
514
4162
1937
2750
2817
1927
2147
6632
6057
4143
7734
4484
7844
1319
6828
309
4615
3862
5526
3223
4519
7949
3059
9886
4586
4441
3076
5017
3134
2540
5920
7608
2461
9612
126
4638
6678
7245
2618
1711
2207
7136
3854
2941
8713
2257
5079
3845
3020
2495
4346
6840
8751
5307
4449
249
8896
5257
9439
2153
7034
4448
4798
9244
837
1547
6959
7923
8077
8783
6545
3954
2236
6056
9240
2440
8623
7000
4204
4102
9026
7434
4369
6751
8002
1358
7818
1227
9715
1150
1518
3869
1977
6068
1257
3766
4806
6742
935
2558
2732
4409
9963
1920
8266
4260
2136
4670
7279
1405
3139
4685
1671
2017
1070
1707
8935
1969
6839
9744
3122
4762
9402
3923
9147
6639
5616
9489
5907
2695
6019
6168
2885
7515
3595
662
977
6970
8175
7268
2306
6241
5738
6394
9261
4544
7355
3439
3887
1563
5708
6524
9942
5204
261
629
631
4155
5170
4992
9434
9107
9506
1326
581
4653
3338
519
4602
7327
4383
7971
9429
7994
8226
5819
9348
5591
92
3473
6740
768
9690
6327
3045
6405
1250
5450
4150
6737
6357
4320
84
3974
5199
1322
9377
919
9680
7119
6401
9043
1469
637
3411
7989
1246
811
8377
5392
1361
3867
8688
8180
7449
9359
7430
5664
5299
4437
5396
1054
1385
1308
2864
9654
2102
1307
1269
8689
1673
8372
8791
8382
1464
8078
1242
5586
7886
9160
1230
2387
1768
1617
1934
4278
888
8547
642
1828
5768
3070
3966
804
8883
4583
3246
258
4355
6075
5444
973
3993
2636
187
6956
4796
9145
1020
9699
2
7562
6961
7087
9053
2918
5780
7759
1434
1177
6207
7178
961
90
823
5434
2476
1986
1404
9769
3756
3705
66
5376
1339
7894
7059
6500
7118
2904
5976
375
7875
9873
2689
5418
4001
1994
833
8565
8394
1967
9953
3949
7072
1167
4627
946
7311
6431
5200
2936
8780
2470
7037
5545
7195
5861
1943
7259
3763
9905
3654
3926
4973
5539
3208
9143
7181
4078
6908
8647
9159
372
6868
3527
4977
141
8754
6263
1044
2203
7251
6675
9535
5796
1883
7440
6266
1909
8782
3212
3691
4655
6616
1973
8152
3183
4306
4264
7453
1702
9934
937
7150
8778
7303
3390
9420
4417
160
8134
3959
5833
35
6255
9364
8160
1950
1622
8288
7088
3665
3336
7292
3160
4974
8115
8652
8851
2670
676
8446
7709
9996
379
2607
1032
2881
2076
1700
4614
1079
8900
8030
2583
5648
1188
6556
5289
5003
929
5867
1501
7393
9576
1380
7658
4313
3315
7924
2711
8202
9205
7540
7922
660
3173
7065
1056
4222
5844
127
540
6121
7883
8729
4362
1848
3857
7121
6366
3885
5039
1882
4520
8573
4801
3421
5685
4331
2131
9064
6102
8616
7389
8189
3713
5508
743
9241
1517
8414
5742
5988
3270
5379
8284
7995
5032
5220
2199
8472
3989
4773
8125
5638
3640
534
7202
9468
7033
3138
6657
2165
9595
5013
7261
1128
5406
306
9279
6613
3933
6834
8037
4045
7698
9702
4364
3806
5373
1283
7732
329
2871
8551
2522
1993
702
8849
5278
8968
5790
2336
7067
1148
5164
2998
4257
7214
2588
4943
8918
9046
6169
7273
5059
9085
2308
6574
5060
7630
5605
942
4394
7240
1024
9990
2479
6966
6006
7820
7918
9418
9722
6494
2243
2775
7697
5933
7315
4668
9376
4351
1984
4321
2462
2799
5572
6461
1330
4725
3291
264
732
5196
3711
469
3533
6478
8572
2719
2197
9440
3802
2324
5848
615
3915
95
6310
2223
8822
1952
4933
3725
2137
7605
432
2006
8661
1479
3115
6151
8846
80
7131
7833
9828
4171
5233
5333
9389
6729
6521
4016
9880
6138
6952
5283
5053
5938
2790
2789
3583
8931
4225
4733
2528
9250
6347
5208
8307
6580
4009
1970
985
4209
4966
193
5729
2744
5408
2642
5488
2728
3855
3886
7253
4458
4595
4781
8771
8664
1779
312
4196
8587
4724
2220
7838
9530
3351
3034
1446
4893
1200
4671
8574
2749
9483
4303
4774
7334
1566
9447
7063
8878
1061
9179
3689
2683
1119
4868
6364
6989
3443
9874
2640
3457
8029
2519
4917
3696
8594
979
4984
7906
6211
4975
1537
9074
8698
3986
1989
9414
3956
8360
978
2225
5179
2502
1116
396
6680
8649
1386
9471
806
3808
6472
4342
1639
9661
6917
5859
532
6732
4545
3405
3790
1684
6810
8571
863
1342
4244
9835
7140
5947
7513
2514
3399
9082
5801
8820
5711
8844
7415
154
29
1372
83
4460
8259
8230
436
2322
4126
2392
324
6853
6647
6887
5350
661
4262
3047
1205
6582
8376
2698
4129
970
5076
9754
9598
7339
7865
2320
7899
4276
1552
4502
2593
1201
9562
7898
9919
365
6242
3558
6333
910
3529
9180
2431
646
4937
4549
5255
1581
1866
7847
616
9675
4551
3537
8040
9808
6442
3584
2681
5924
9915
7397
3069
2399
6164
9136
6982
800
3239
6767
9056
6558
5627
6359
944
8837
5656
3882
398
7329
2239
6904
8543
4167
6648
5045
9305
8320
1827
3476
5499
7487
9267
1017
6165
6434
1972
6247
2264
2095
2062
2951
1636
7857
5424
8701
1482
7841
5105
7628
9047
2968
8272
2550
8663
6563
1549
374
1559
5952
8625
2003
5102
6194
4542
5996
5693
1945
8064
7317
3894
3398
502
6748
2022
3906
852
336
7223
5407
9858
1378
2608
2767
777
9669
5715
6471
1915
599
4740
9496
571
6744
8275
8842
511
2735
2676
9075
8773
2580
759
9714
5049
832
2185
5138
1609
9517
9709
7008
9592
1864
4524
7996
5611
8246
229
866
4717
8986
8236
8538
9830
2942
3187
4123
8818
5188
524
917
2621
4075
9072
5620
7779
1910
3198
1725
3581
2590
1127
8089
8022
577
5234
369
5360
4207
7551
736
4195
767
7256
8640
9872
1439
9045
4300
1356
7328
8106
9482
4578
4780
4863
3555
7144
3874
1716
9164
9959
168
3988
8082
7968
3229
4616
3448
5668
3466
5498
5608
8144
4859
2742
5421
7985
4363
8998
3400
4585
2345
7982
3750
2135
3979
8191
892
1718
1608
4941
8510
667
9740
491
5737
4939
1968
17
2824
8629
1533
2561
1374
5495
951
3686
9200
1364
6018
9292
7916
6212
9242
3940
3693
928
9631
3554
741
2485
7594
1470
9665
6847
9493
9864
8361
2015
9181
5977
9945
6954
7443
5417
1561
3639
4201
5330
1018
8157
4109
6585
6258
1353
6350
5876
4838
2077
6128
3164
2445
3168
5940
5721
2268
4116
4191
8719
8194
8071
8143
8090
1497
2763
4012
1185
4891
5975
726
1833
5606
2734
1110
3335
1493
9027
4889
3942
1585
6525
614
6063
8770
2435
2973
1942
894
5808
9888
6259
7325
9766
752
6804
5629
1588
3323
5452
1735
8511
7543
215
8039
6379
848
6252
825
5482
2405
4768
5274
968
9923
4539
1638
4498
7783
8579
6337
6457
3083
8975
3599
7686
3767
9926
9499
9885
9311
4679
7288
386
5146
1822
8334
4108
2141
2664
9314
9129
960
8858
6941
483
1010
3245
1004
2747
9405
6842
1287
9609
865
4086
4139
7388
7498
8203
1812
3298
1587
5747
4281
5502
2069
9374
7364
3757
6027
6974
5569
5378
4247
6187
7098
276
6215
9570
2505
8130
5029
1692
3815
7177
9475
931
3780
9692
3973
2092
5965
7946
2653
7323
7692
8903
9325
3844
3136
827
3980
6145
3016
7772
8072
4753
8412
1440
5193
1178
4831
8300
6416
2356
1164
9589
9025
8940
4550
7482
7694
6668
1444
6110
8186
33
5915
651
5817
9254
5761
7687
8542
8015
2051
3379
603
4981
5697
1294
6339
1407
2105
901
9841
7031
7614
2358
4552
7579
4866
3009
8611
6910
1519
5263
5457
3652
5621
867
5622
50
9178
242
842
5311
8670
8653
7707
2142
1965
7580
9951
5506
5154
9536
441
9259
5481
1802
2143
4970
4914
2888
184
7258
7848
8086
1577
9884
173
2705
9773
1739
4607
4815
313
521
3073
5162
9792
4822
8630
3836
4242
690
2400
203
288
8522
9086
2113
8468
8462
343
2851
7157
9793
8930
9677
7999
5205
6998
5981
7219
7218
8098
7062
2526
1208
6572
1103
5541
3818
7537
7868
89
9574
9016
2890
5323
16
6170
3433
2647
9204
4835
3130
2764
5465
3801
5447
1175
6606
6105
8655
4908
2074
6833
7423
2617
1900
1655
6818
9824
6993
2114
1602
7824
858
4272
3611
6962
7960
7660
1607
3005
8901
9230
2919
839
3642
5555
4950
7550
445
9987
8101
4480
197
4250
4987
6286
8280
8245
9246
531
5231
8221
2610
4368
4887
9952
3341
4312
6855
5516
4292
6557
7386
7175
7980
6708
6454
4152
4667
4591
8211
2097
831
6290
7352
4930
1616
2138
5927
3870
8512
3761
1143
9628
755
9523
3945
9931
5287
4197
4661
8683
6792
2189
3799
9861
6493
9293
9526
7873
7632
4711
7681
6185
5345
2575
8969
2252
4251
3633
1450
8504
7281
4912
36
2156
5815
2779
6066
