4049
3231
1435
5886
6771
2642
3720
5658
713
2346
9251
8501
9326
5262
5227
2731
3110
1504
1457
2839
1049
7690
7970
2958
7777
8680
6932
146
831
401
3640
8645
919
9520
8976
9931
910
5127
7343
7893
5742
896
4821
6865
3969
6474
1439
2440
1044
6634
3657
638
5779
8327
697
2973
4351
5239
9636
7909
6779
8462
5339
6662
2692
207
280
1590
9092
1193
2556
2031
9578
5608
4919
7877
2119
3226
5977
4024
6464
4831
1705
2605
3921
7519
1119
1168
3227
8379
772
6135
2773
6006
9623
8902
3500
8800
3208
1849
9162
4596
48
4146
4865
1895
2308
5408
5625
7072
3501
2188
3113
9248
6854
8359
268
2228
791
872
9666
3026
3257
4389
1533
602
6886
6235
1953
1488
8353
1333
171
4493
5976
5654
7835
3620
2574
1124
3008
7882
9339
3803
8295
8497
1299
3155
6587
3031
5871
7573
4283
9382
9935
632
2360
1043
3180
2164
7005
299
3875
2727
6072
7762
6919
6873
7644
5025
4681
79
9729
2982
3973
8850
1319
5958
1809
4928
9657
4001
7367
7013
7011
9265
6866
901
7726
6449
3547
7532
5184
8737
1779
5237
4824
9157
6023
1438
5006
6620
5191
4357
7200
1964
3698
2269
1267
6542
1156
3237
9999
2210
1253
8233
3393
9059
131
6228
9998
7959
5319
6917
7773
9298
151
1961
7251
3123
851
442
7808
5878
6675
4447
5497
8899
4572
8631
5496
5470
8429
271
2683
1096
9266
5048
9550
5728
6287
922
4099
3671
6183
881
7517
8825
721
912
8475
8042
4347
976
1451
797
2331
8734
5196
811
3962
7176
2833
2899
5175
767
7656
1125
4405
4604
9954
9428
3161
6862
774
3912
6261
3738
8490
132
6025
3984
2719
3419
7375
9188
5400
8738
4196
8487
4002
8731
4887
4929
8948
7483
9726
3252
4145
4226
5458
4291
758
6789
3174
9522
8614
6745
5621
6671
4717
5117
1623
6703
1815
6254
551
4486
7426
5325
9672
1268
8422
2322
6635
1856
2659
160
8399
3168
4853
3583
6604
7782
5952
5017
6368
5785
4816
7071
5841
6125
30
6550
3353
9377
152
5684
7472
2020
513
9691
1683
2922
5885
3860
7666
431
7313
4665
8108
1523
6062
1517
8031
8679
5730
6159
5371
3593
5670
5261
7678
4231
628
6206
7659
1132
6050
8508
3809
216
4979
4606
1835
5664
4118
6111
3060
1378
1785
2797
7611
8838
1020
181
4859
1130
3162
2902
8784
4411
1455
5390
7507
8446
909
3341
4305
5959
961
2998
3119
8753
7631
7896
9992
7737
2249
4368
69
7350
9535
4019
617
1503
7214
6774
4335
9480
1874
8571
4319
3030
6954
2928
5341
8040
7264
2549
625
2090
1135
1736
8695
7816
7474
323
5724
5923
766
8447
9962
1001
6313
6683
4397
1146
7625
1956
2420
1773
3001
3954
2225
7534
374
5108
2669
9539
3360
3285
8621
7558
4866
9383
2370
5147
2705
5729
3523
1774
168
4020
621
9875
5978
9028
5890
142
6220
9519
5686
8203
4440
9100
1147
1138
4563
5432
3810
2698
8740
6331
417
1123
5457
5142
8357
3315
3566
3783
318
4185
4413
600
4057
6011
7296
6764
3116
1235
2437
9941
4740
2996
2600
7290
8790
2893
4220
7331
5351
1817
3207
1368
7521
6109
3310
1093
8147
7061
9002
1042
9904
679
6332
7774
7064
7050
8694
8888
7004
5869
6335
7433
9013
129
740
1362
157
7720
8939
1913
8995
1140
3674
6063
7922
6615
9646
6107
5897
2372
9240
615
5950
8282
4266
7845
7248
9863
4547
3471
1003
2658
315
9527
7636
1015
8881
908
2707
5132
1645
6787
9994
7028
7984
9018
8697
9008
4635
7330
2446
7541
8965
2709
4476
3114
2324
7356
9170
2377
9224
3794
3486
816
6123
754
2341
5197
9381
447
2296
4504
1190
2619
485
5213
6980
4066
6529
7168
5972
1627
6390
8398
3251
7224
6395
1092
4900
2990
4210
3983
2806
3825
3935
4481
6801
3247
5490
4037
5836
5649
4042
9348
2823
4968
3456
4415
3139
846
5519
5203
9877
6080
7140
5460
43
2631
5548
3098
4819
488
9671
752
9584
6712
6621
4639
4474
4870
7603
8249
2435
1811
9977
4798
5409
7090
9676
843
6895
1625
4029
6573
3846
5235
3401
4556
7950
9781
6598
9223
6247
4209
1308
9741
581
2323
4363
5406
7766
8864
423
4952
2516
1424
7739
4973
526
5667
8797
7641
6468
7796
9214
1840
4650
722
8575
7446
654
838
2462
6721
3384
5762
7205
4613
6705
5169
1991
4687
8331
7347
6752
1765
6273
7160
6374
5034
263
854
2900
520
4771
9787
1240
4609
5215
7951
1511
7807
2160
4263
5932
6329
5926
9206
6113
5509
1646
2590
5767
7988
6925
2052
9198
5016
8637
6527
1068
3525
7087
3221
5403
2337
5524
3282
827
4914
9932
6813
7460
8388
7106
1026
7509
9668
5135
3381
4560
5749
1606
3387
9504
5431
1950
4976
7933
9222
7278
960
6909
4757
192
2413
5310
2555
2831
4191
4088
8643
6005
5176
5576
3220
8247
9819
4785
3498
2434
6245
2898
5583
2056
2740
6731
3212
3883
7245
5639
7354
4678
8725
7310
256
9315
7301
3452
4404
1940
2763
9485
1607
5552
9043
8678
6299
3881
1730
1760
4188
7638
7111
8128
1626
3516
9882
237
9529
5895
248
2104
9625
2881
6367
285
6204
2001
9286
2209
3331
6334
4695
6948
5322
2868
434
675
4699
4392
8386
8306
5128
7941
8044
6589
5794
6520
2722
1888
6381
320
9077
1897
5320
5492
4756
269
5489
8532
993
480
5908
6130
8559
5793
8856
3635
2867
2668
9763
4007
4645
5634
1703
6582
9231
3429
4943
6959
7398
5317
562
1818
1573
6653
702
5644
4432
525
4123
3465
1951
9765
7730
3776
3086
6707
2518
1613
487
7009
2381
7792
2732
1492
8548
6490
3978
7711
6499
1024
3852
6192
7759
6488
670
3248
499
8200
1509
6435
7382
6627
5210
5560
3020
8845
4137
7198
773
7761
1688
3474
4106
8989
7372
5374
6785
3913
3454
9118
7143
9566
720
3504
8152
5939
7581
4428
9966
2663
8846
6851
1990
1945
8230
2764
2628
9397
4487
346
5484
1390
2171
4485
5525
2479
3145
4028
952
9186
1886
6953
5815
1531
7564
2114
9390
7559
5516
3581
5995
8955
3909
2187
2501
3853
5966
9218
8782
1152
8801
17
7247
7338
669
6868
7042
4341
9309
1203
6456
6150
9616
1921
8607
8839
7246
523
841
115
5344
3556
6193
2750
6969
3178
4690
4483
9427
6432
4670
7425
476
3268
2510
384
8007
9509
3564
7131
5801
8928
111
4295
4030
5122
7388
7688
2127
1839
1987
4728
1578
8144
9546
5264
916
3449
1039
6380
9909
9433
7492
8943
8772
3907
1663
64
4332
3361
5941
7445
4326
416
6324
3926
56
1980
1309
9563
6914
7945
6848
6034
9125
225
5630
2997
8911
5814
7779
9380
8217
3352
506
4414
8676
9036
6277
8629
2779
4679
2215
9740
6012
1929
8479
3569
5756
4190
2364
2301
5915
1213
762
7569
2690
3147
2815
8863
7335
5280
4820
8099
5792
5272
6307
4949
9518
4944
6222
4765
341
529
7640
6478
5058
6650
2598
8916
1311
3273
7961
3414
6208
3775
124
4509
1442
8807
8991
4403
186
6926
2498
8026
2845
6535
9246
4872
8903
4086
9032
6978
5753
1436
3192
3661
648
5758
1055
863
471
6861
3342
4061
8148
6755
8562
5723
4091
5369
4353
8904
6085
624
6040
823
276
7434
7677
8450
4541
3259
7422
5447
1515
6870
1731
4064
6631
5914
6042
1513
5276
9201
1931
8515
6504
2457
1290
3371
6440
9847
3782
3394
4985
4201
8686
3980
4425
478
5070
9866
4972
1454
5743
8270
7746
5300
3261
2049
9567
73
3144
4709
9071
3328
6469
1429
4031
1209
7663
5286
7298
4274
3485
9611
653
4742
8750
9845
8992
6013
8037
7643
6645
5994
3861
9418
7783
8084
5617
210
9794
1930
1325
4117
6084
1608
4228
9545
5330
82
364
2678
6047
8326
7543
3512
5894
176
5233
6088
633
9712
3382
8658
8307
7538
7453
4827
778
701
7895
6386
8069
804
3557
3528
9255
3753
5807
2252
8526
3365
959
6051
2409
1977
4864
4062
5875
9517
1226
97
4435
1723
9663
9681
4634
5102
6238
7570
8578
7695
5693
4858
6156
5850
8684
2152
1101
1862
7903
7685
4953
1583
333
6461
4467
1177
5265
835
9133
2142
8921
6029
3526
8749
2072
4631
667
7612
7884
9825
8235
5168
9630
9459
42
4895
7592
9553
2581
2463
6095
9679
7811
6232
5962
9131
7998
5951
6248
9560
5075
5522
9594
3376
1472
7727
7623
4899
4189
8093
7057
6128
8760
5144
3785
7602
7662
2229
7358
6817
5434
3092
2384
7455
7965
208
9148
8364
6323
1502
6594
2794
7158
8672
9703
9193
5085
1899
9883
4390
1340
1754
4852
5973
9204
5499
5084
9197
6677
2403
9221
9590
1984
260
5004
3396
5833
7776
2546
1769
7020
9967
6584
3887
3185
4942
3048
5918
8380
5518
392
4184
3668
8409
9004
3223
9327
6564
1916
5607
4302
8489
2081
668
4939
8507
5418
221
3543
4039
8349
3398
8538
224
3831
7088
8291
6568
3854
4330
7041
7079
8232
6597
4494
1600
1304
6639
733
4777
5931
8592
8942
4640
9971
4285
5530
2291
3210
3492
4187
3483
5198
4052
2604
5313
9784
6737
3
9346
6186
9917
8415
3536
2217
4917
5289
4641
3611
6853
9394
4534
5037
2041
2362
8735
9541
58
8444
3618
8917
6588
4969
5304
2442
2204
7591
593
9274
2503
2157
7738
8641
8810
1648
3019
7696
576
1326
7101
8397
698
6769
2529
2576
4868
9429
6473
5370
4910
5819
9257
6773
6163
6775
1485
3678
6757
4539
4967
8117
6781
5866
2882
5491
3422
7546
4620
7712
8742
7654
957
1383
9168
3320
8002
3624
9273
2383
9046
7092
7099
2139
6197
7413
7707
8403
2317
8109
3488
9189
8061
1351
967
1783
9279
4540
3758
975
601
9861
5063
9475
5047
284
7819
5182
4102
3968
4010
477
9737
120
6736
1036
8852
3435
8602
3021
4090
3683
6822
5979
3815
9658
8693
473
6476
850
5595
222
4119
2870
7841
7302
9951
3716
4683
1887
2348
1541
8208
9642
1175
1365
4398
1602
8060
5115
2924
6993
1587
4926
2887
8611
7210
2358
1322
7947
3203
5023
7624
373
27
9442
6316
6198
7607
5298
8332
5453
8751
4446
7034
921
295
6362
59
6996
1758
3149
4455
2486
5469
1924
9405
6971
6149
5800
2336
8918
273
9487
1497
1704
1028
6666
4427
8842
8518
4920
2854
8371
9709
8456
3879
1159
1074
188
2673
1710
9986
7300
8883
3712
1628
1965
6338
2369
9254
7259
2515
885
8136
6199
3053
4951
8035
6905
9969
2966
5407
8032
3194
8052
3202
4875
9301
1549
3899
4072
2154
6729
3855
9258
3430
6624
8303
7788
4567
8021
1883
9110
5569
2856
627
6751
1401
6794
926
4810
3089
988
5999
911
2186
3672
7620
4682
6497
7952
98
385
7253
9137
5314
9445
57
1512
7146
817
4098
9739
7012
3707
1286
5382
7316
4893
8065
7177
7291
7171
1949
9910
1278
968
1901
4667
1594
6652
9007
589
6175
5256
8569
7402
9144
3392
7102
5214
9423
7204
6805
6887
3682
4251
5731
2102
9313
770
9424
536
211
9379
5739
2165
7409
4279
6825
3746
9417
2351
4729
2300
9700
2721
7311
4272
9786
1107
6878
5715
3189
9369
9673
7971
300
8325
2354
3966
9356
9404
4053
7038
8804
3411
3441
6495
4644
3572
873
9688
552
9521
6669
1208
7119
1100
8048
4296
2686
5637
8795
6294
558
5769
1681
2009
9918
4517
9571
4966
6819
5362
1370
3759
2278
4792
3594
8635
5440
5628
6610
3576
3598
9635
8204
369
5527
2538
915
1707
8036
7850
1781
5021
9921
1636
2482
1121
7513
200
6592
2622
4379
3409
2396
7653
2672
9579
9574
3354
2021
5078
4063
2386
4811
254
6933
8654
2234
9502
2767
3012
2726
4126
2298
7110
9363
9645
4904
7957
6145
278
979
6602
2828
9722
7282
4237
5733
3722
4982
5161
3621
3457
4108
7414
7231
8908
7815
475
710
1936
1947
5938
7086
6628
4511
4829
5045
3844
8350
3403
8189
5927
3764
9667
2851
293
4101
2588
2584
4054
1332
856
9907
3920
6612
8482
8633
2787
8458
1981
2526
7698
9021
1227
852
7754
8884
7497
2065
1551
3596
9606
4732
2696
8305
1698
7939
4616
128
6489
5290
1372
1738
3892
3977
4311
91
8242
9199
8341
4841
3179
6788
9893
6818
6044
2180
8301
5983
8813
6522
7368
3438
9844
3428
463
6758
6951
8828
1596
396
2708
7596
7242
1249
4672
3388
8405
2796
4720
139
1890
4705
3056
3033
5396
8343
6894
5646
6699
9249
6767
5331
1023
4339
876
9185
1795
2376
6903
7972
6352
8461
9470
3890
8677
1059
393
9216
2632
8226
2456
9209
9426
521
5404
5647
3158
1518
2905
2412
3112
1770
4703
1571
3292
15
3649
8236
5691
1149
3091
6888
1711
1366
9321
3692
6399
7860
6375
7769
7518
2627
5275
8161
4999
7697
849
5420
6035
2822
5416
6266
1592
5003
1542
5680
1599
1937
3601
3302
4990
8292
8004
3322
7374
4400
6740
4269
5219
7872
3106
7683
2907
7124
2688
880
177
7755
635
8315
6385
3160
8817
6327
9139
8529
8945
6270
5405
8630
3274
9003
6661
646
7878
4050
3847
505
6690
7125
1142
5907
6219
62
3905
4888
8463
5475
4298
4752
9471
6075
453
1851
1166
3151
1270
8588
719
1065
4855
8410
4773
450
7336
4293
6170
9717
2803
5106
9306
1719
388
6241
897
8567
8854
7075
2535
507
8557
297
9434
7133
4148
4828
748
3432
470
2220
8786
8169
3046
2577
2290
2770
8431
4150
310
7840
307
9601
1300
7395
6320
5713
1245
9991
5928
1762
7114
1072
714
7268
8049
462
6144
7120
4175
561
7097
8198
7193
4618
3391
3476
700
9812
3095
1483
6997
6949
8356
4528
6157
2245
9920
6016
7821
9822
7371
8535
3750
3625
8091
3918
9607
6460
7526
4941
4409
4549
7411
6840
2614
5397
422
6746
2012
8213
2557
20
9474
4849
3045
3995
1909
3996
7908
7749
2073
4270
4261
9430
6303
3981
70
8342
5734
6580
9448
2285
7213
1437
9576
642
6565
321
1589
8097
1771
1481
1444
8763
2718
5178
5100
4533
3641
5763
4253
3101
3115
9693
5591
8062
3450
746
900
5955
7982
7150
2002
4623
8176
6286
8596
4245
2804
9804
1469
6797
1837
1530
9333
8910
9347
7768
1946
2132
9312
9659
737
4994
5611
4240
2865
2256
9809
4273
4615
8879
3508
7407
5244
9299
1633
7053
8870
9867
2527
8757
4080
2991
4197
5603
684
3859
7929
8088
8087
3067
3383
5707
4450
4171
3743
7499
2367
6718
1252
9498
8465
4707
5251
9908
9783
7758
4287
4051
9949
996
5125
3951
5223
360
5935
7215
7276
9876
7914
9096
4524
8878
5868
6796
6958
2064
828
8639
2886
5089
4662
1775
4784
7104
4399
7866
1854
6158
4834
8922
1421
2979
1330
1407
7329
5359
3933
9890
9699
5000
1836
8812
4239
3434
3552
6776
8406
1402
7081
3748
5316
7324
1882
9995
5620
4436
5410
6326
5953
7642
8727
5163
8104
6322
4552
4312
1430
7221
1170
6
9724
3477
1720
3893
4779
1971
6207
1843
1905
46
2743
3299
7593
6263
8721
3014
4238
7917
2084
3426
9153
6369
5751
230
5975
2976
5627
6654
1217
402
3276
5444
2700
3080
9338
3658
6928
2258
7341
4584
127
7462
6551
3518
6173
637
6567
7209
7820
9953
2645
4018
2355
1827
8638
5857
7615
8671
7305
9149
7141
7161
5350
985
4354
7190
4776
6423
1212
2239
5920
3505
7396
6268
9592
5870
3848
1197
5356
6709
5258
1997
9291
2453
4412
7907
6577
3278
4737
6105
7609
6060
1328
5710
9415
1388
3752
989
5414
6875
1446
3705
9989
8719
6883
6108
1221
4152
4233
8764
7173
76
8110
5824
622
5139
7797
8351
9570
5065
7926
6229
4496
7393
8999
1164
7113
3647
5826
1508
8703
2649
2251
2935
1776
1786
1694
2755
8210
1560
5464
5303
2320
5435
512
7680
4221
7451
5549
8953
2639
204
4384
3070
7108
6931
3953
6637
9010
5428
771
4863
716
1999
6396
5679
9849
7103
4815
7686
408
2036
9229
2660
2488
4338
2332
9865
5379
3839
2575
4775
6554
3493
8492
5221
7744
8537
7121
7673
5049
1878
6911
8025
5236
9639
6657
1822
7080
8840
8375
7544
3589
8277
3939
2158
5133
656
868
1237
6077
925
290
302
5087
1381
5887
8837
4373
8503
2999
5249
9425
7863
8601
6922
9492
63
6296
2988
9466
9129
6810
4151
5472
9511
5494
3281
7284
7109
4477
84
9774
6617
2059
8385
3888
3104
4304
2218
7752
3489
9318
6317
5847
1262
8022
5536
1097
8057
194
5363
2927
6309
7059
4884
5721
9307
180
7918
2105
958
7601
8832
4518
5916
8805
1118
5094
9374
7001
9641
1889
9106
7122
5748
7865
8122
1499
6747
9322
8936
8395
5073
1963
4135
1495
3932
3801
6760
564
7898
9219
7514
8150
7728
8803
9952
1799
6795
6986
6389
1655
2919
1585
522
3700
337
3009
9109
9678
6064
8448
1214
3714
3351
8730
2897
7648
9399
9297
1266
2415
6811
2863
1098
9208
730
4660
724
4097
8961
126
7804
8972
8831
49
8708
7478
1858
9731
3218
6823
7721
6167
5697
8033
6849
1539
6772
1748
1620
5083
1864
1486
4730
3800
3323
6311
869
7391
9551
3333
1974
764
6730
9549
4075
2656
7152
5079
9742
8259
2259
7732
8003
9888
9316
9097
4599
8664
4573
8244
5925
7464
7637
8207
3343
3232
322
6648
8720
8726
1554
2137
8766
6501
7734
9105
4781
5024
5601
1816
7844
5399
7383
4991
1356
9408
8304
3150
5775
2635
4452
8196
2989
8346
5612
1111
86
6521
5535
5523
1920
7900
5452
3816
5247
81
1238
2671
4734
6267
9698
8027
5765
5604
5250
6562
5981
1458
7736
441
8190
66
226
8206
6802
5813
3804
9325
990
8616
5103
6002
2123
4656
4308
2855
1324
4906
6017
10
198
4011
2684
7531
5384
6908
1302
7344
9853
378
1804
7839
9051
6780
4956
9271
5114
6717
7116
2335
9906
6977
3084
3165
390
50
7387
9237
2368
2741
7207
3662
3666
875
2108
2043
6834
1983
5401
6950
334
3889
3350
1306
9937
5989
4507
144
3541
7179
9220
651
8485
3415
834
8192
9406
8581
7549
5012
2947
9655
3280
8527
3645
8323
5513
7520
1658
729
8387
2778
711
4809
2103
6061
8054
1579
2948
9927
25
8116
5375
5653
7069
9768
9461
6505
1894
6340
4480
5109
9820
6182
7208
1449
2333
2255
1216
5177
9000
2345
8669
9250
4916
2715
1532
7511
4746
9982
6402
2772
3676
4022
3632
2720
3514
7309
65
1642
457
1569
4996
7597
4719
9478
5911
9577
1550
9988
4633
8273
795
5077
9181
6347
8260
5888
4848
8821
7130
3241
5673
4770
39
4497
3623
4603
4826
5126
5970
3710
6471
2738
9080
5257
8927
7729
9537
3677
5151
1926
7791
4905
1654
4632
370
4255
377
6089
9411
987
2250
2769
2194
3283
4758
3827
6691
6475
8868
5312
3982
4711
5741
1085
1846
3740
3073
7562
3631
1247
1200
6240
2417
9075
8952
8019
5146
4471
5483
1234
9684
5553
6921
760
2596
8194
2387
8660
2268
1678
2728
2826
7465
2653
291
5555
1640
2211
4788
6079
7170
2952
7197
2873
136
703
594
6481
7003
343
6455
8363
7024
8043
3172
3236
3254
11
8113
9821
4206
5598
3898
8248
1453
9938
496
2689
9816
8142
3885
8651
2145
4040
5031
4954
4113
609
8038
7973
5708
433
1005
8754
54
6738
1938
5253
4963
8709
8015
1740
2633
7188
5746
7379
9841
1479
1753
5465
749
6124
1687
1847
4562
9158
7753
5468
162
2428
1172
1995
4673
6874
5860
1742
9175
8452
4365
5238
3771
250
6879
7010
7236
9600
2272
6364
5423
6178
9353
1248
7390
3808
8175
7523
2648
5477
6184
2756
6649
672
9499
9987
1662
538
6436
5873
4070
5335
9854
9637
8234
7740
55
2971
6039
3616
8413
484
4402
1609
9766
3884
7128
335
5632
9770
592
6907
2117
9734
2106
9660
8534
8340
6533
9412
5641
166
5116
937
6640
9330
4835
3418
1976
9793
1182
1972
8768
6393
7230
5740
6413
1027
6630
9901
9514
1293
1314
2852
6768
2593
9164
5937
8632
4254
2244
9696
6784
5803
6815
6446
6319
695
5059
2766
2472
1561
9815
3163
2299
8649
1415
9808
8141
9398
7760
5692
8423
2665
6975
5201
8794
6278
9799
6239
6328
3874
4060
1686
8986
8263
2513
4532
8930
2933
2894
3901
7803
2449
2591
556
4750
155
6723
2008
309
3314
118
5340
641
2608
8563
8723
8082
6137
2843
7136
4566
5443
2514
2404
755
7954
5274
107
7201
8185
5097
6687
7112
7107
1162
6129
1838
8798
2353
4139
7931
1048
9120
6289
5040
8857
5301
7502
6508
7629
8906
8449
6651
4655
8647
2785
2784
5656
8365
3156
8582
5784
9016
7490
2974
895
1998
4208
9126
7798
4386
2408
4168
3765
8016
8073
3821
3975
3344
9708
2896
8360
4590
4248
3111
7676
8978
6304
8481
8873
2662
7432
6646
3017
3260
1661
5957
7486
2847
7618
4664
2969
7772
4160
2532
4169
2004
8743
399
4005
7360
659
8900
9924
2481
9580
611
5745
6790
9597
1355
5581
5241
6405
7976
5321
359
6140
2876
2076
9532
6053
5623
8954
4626
5969
2054
8579
2287
12
9613
7856
6028
1359
317
9536
8521
2940
9730
165
6733
6090
2197
9609
4431
3057
4235
4911
387
1396
1303
9596
3679
3824
3390
3708
2476
3548
52
5225
5945
8239
6116
5305
1180
4551
2062
8319
413
5578
332
6444
2051
1733
9892
6226
6288
1674
1067
6614
1348
1035
9626
3908
5602
9526
6155
2883
8280
2492
3957
7684
696
2340
8330
5152
2313
999
4802
8985
7199
5844
8071
6189
7936
2909
7921
845
8887
4685
8080
7362
6498
3255
6271
1364
9914
6482
1069
3600
9879
5297
5695
4047
6429
7369
3669
887
4300
3287
4548
2730
1568
1187
6117
2956
9807
9615
8181
3701
4083
5843
5381
2582
2013
4121
1892
7065
1670
5764
6741
7074
8400
2375
2572
8848
5302
8565
1010
6995
5838
4744
1638
3654
9670
519
215
814
2573
9780
4303
6160
7706
7694
4795
3575
8432
6046
6559
5702
3375
1732
4246
2480
1859
2540
3404
8193
1352
7401
9880
4328
6202
7702
7274
8130
3181
2096
586
9024
8546
7063
9612
3786
4396
2163
5367
8257
7249
2082
1591
607
2478
8322
1116
3922
8947
3484
6300
9856
298
1536
4153
9500
3205
8476
36
1095
4962
8164
4478
5861
5988
1282
8420
5582
6837
113
7456
3744
793
1126
7045
2810
1709
2829
2711
236
4593
92
336
9544
3792
8344
1745
1021
2131
196
1922
3539
5755
5776
1814
6863
2288
1598
1939
2874
7924
6491
4114
438
7548
1616
1122
6463
77
6916
3497
3900
6607
9798
6503
2493
8329
7598
2955
2170
8925
9061
2676
4588
2890
9178
2783
2138
6803
2661
784
1996
6264
6076
7824
3400
7723
8584
1699
6800
6502
6618
9047
88
187
9049
5685
3923
6126
950
100
7184
6575
3586
685
2960
9565
5732
847
6345
3706
7503
7889
3481
4526
1618
2570
8949
5355
3250
6872
871
5564
7351
9617
6600
598
3579
6259
5342
7029
945
1653
6093
3126
6451
7832
405
2443
13
259
9384
6132
7270
7870
8240
9633
1635
3015
3013
4105
3789
8619
6083
6188
8844
9868
9506
9176
6860
9241
8652
8758
8984
83
7157
2303
5805
4103
9296
3138
8173
707
6990
7328
1866
5462
9495
3877
1374
2606
7175
3296
8713
161
8171
5234
1505
3325
676
6672
794
7829
1744
1338
1664
660
328
1833
8011
8112
9618
4964
4611
3841
6415
3038
182
8297
5324
5010
5867
8688
106
7904
4213
419
6583
3828
3006
7144
2825
35
2238
2071
2583
6698
2070
3133
3937
5141
9064
8219
1631
8960
8436
1725
2892
7692
1403
947
4908
9212
1428
9329
8935
5853
6480
9899
5309
1603
5534
557
8162
3820
8891
2274
837
9985
1174
8047
6110
994
9664
1841
7888
9284
2914
7353
9789
9491
2484
5992
9311
4112
7822
8859
1064
4084
1344
3943
1334
2618
5835
1917
308
2094
1054
7308
4195
3723
3990
7151
1863
4334
8197
4602
2159
5113
9940
6526
1375
7403
5565
7400
5032
7163
3636
4165
8912
4292
7342
8875
331
4466
8617
3022
8585
6251
680
7724
543
3037
8744
8770
9354
1832
1343
8153
5993
9437
9846
4657
3894
5661
1117
2744
5675
7482
8474
4444
2528
8467
9972
456
6409
941
7186
452
9161
1794
4131
4997
6045
7437
9331
3130
9070
8913
4862
5609
5482
2962
382
5652
6231
608
6548
4041
6756
7444
7082
2182
9107
5573
6826
7763
8435
7857
2629
6684
2820
8243
1872
5008
2520
7991
4693
2474
1389
429
350
404
6143
4331
5131
4569
3863
4903
1233
1735
3690
8905
6525
7180
8312
1145
4847
2343
6678
1192
3219
7547
7280
5750
2063
4503
879
6151
4782
8551
1275
6778
4531
6096
7094
2190
2242
247
584
2302
6964
1478
2620
6783
372
6514
3337
9179
3845
6015
2846
9147
1353
2390
553
6411
2636
1880
7007
5129
265
3182
375
7928
7438
3184
930
4490
2951
884
2422
8915
9675
6114
2495
7025
4901
2230
9975
3363
6824
6566
933
238
1386
936
822
7297
5597
9375
9534
4886
38
8623
3728
5821
1869
639
1127
9389
8745
7937
5426
7450
1685
1757
7989
5052
7196
1089
28
2641
3010
7700
5411
2875
8105
7018
5036
8382
790
5965
6902
4500
8408
3880
2736
8979
7145
8076
7584
7674
2141
1053
8793
2972
8613
2563
9785
7273
2725
8339
9226
5921
5559
2637
8472
9421
5619
524
4120
2713
2602
3246
8502
1494
3713
8958
981
8186
2022
3914
5240
6394
5855
3941
2067
4025
2578
783
3305
3998
8969
2439
1879
3065
956
5035
3234
1529
9958
2857
8759
1263
545
9843
424
1780
1075
5737
1434
3925
8956
9200
1358
8561
8013
9484
2448
3851
3152
5259
7477
2978
3446
3211
3696
6927
8988
914
1933
2275
6814
371
7172
2411
9895
153
8439
2078
178
3496
7126
3597
5111
4617
4993
6138
3680
3308
455
4122
5780
5572
5902
2814
2497
9444
7780
2693
6859
9928
8486
147
3170
9151
4598
1440
781
8980
9598
1634
4006
5940
2603
647
4924
5436
9761
2038
7431
4336
8841
7243
4722
8990
6333
8791
7500
792
7424
9103
3035
5900
9324
1778
9790
1163
9894
7940
3324
2352
6343
9167
2599
3588
3460
2243
3177
4163
8866
9342
8806
5056
2558
8933
5357
6871
7139
445
4661
6018
870
9631
2808
7337
6164
3870
8139
2634
2704
6891
1875
3413
6213
588
1496
2380
2827
812
8867
9640
4076
3358
3330
2965
5508
312
7169
9396
8191
3332
6532
2869
6831
9750
7156
6492
4124
3002
1652
4959
731
8308
6943
7137
8919
406
3228
1982
1519
2048
2270
7722
5402
410
8271
3461
1474
8876
8029
8528
5064
6427
8983
1969
8648
8120
7037
8140
4276
8328
5757
4571
1239
7073
9242
4192
119
9689
4154
2304
8670
5760
9364
7377
167
8595
1377
5839
5366
1014
2087
6890
7580
257
1904
7639
7574
1727
8137
9817
8179
4111
8769
5288
5060
1721
3648
6297
1339
8702
2089
3697
5840
9335
8536
3142
6765
4570
2328
677
796
3410
8267
4069
8274
4157
2957
2257
2115
3338
6561
6370
3865
8381
9850
9260
7787
1447
9674
2609
3717
9983
805
7317
8438
1580
3770
2475
2203
3766
3191
9619
4378
7033
5783
9634
8570
2537
5269
1251
339
9834
246
9818
3754
6242
7115
813
5285
8058
6283
898
8555
8896
185
3857
5500
1487
4475
2621
108
3061
483
9583
2592
4772
1157
924
9490
2654
1852
8369
8311
9831
1619
8886
4470
1323
9654
258
1756
1871
3554
9177
1206
5503
7770
932
460
4947
7223
6351
4313
3781
348
2566
4202
6169
213
6994
4530
2373
5678
6284
5720
836
7784
4454
5694
8931
4725
4896
8001
7704
7491
9973
6459
3453
1759
9749
7795
1076
2963
4420
3615
1622
3862
8414
6500
1443
3867
2185
4065
5039
1477
1336
8252
7174
9155
5038
3997
554
362
195
2551
2677
7671
7923
4891
3321
5671
75
7241
1062
251
5539
2050
4472
3606
3439
2098
3097
8920
9744
6325
2471
9391
5881
4387
4343
8078
6762
2758
8685
1593
510
6139
4457
786
6641
3817
3239
9603
803
5231
9773
3565
1610
5476
2685
3366
319
6397
1426
5110
1220
2739
9239
4183
2931
306
4104
8064
8599
4557
1236
2613
412
368
4290
8177
619
8661
4520
6185
8574
4564
2695
4310
1301
3051
3607
745
4706
4513
5681
6433
6946
1791
5284
6387
1793
1329
5797
154
5520
4643
9486
2821
7590
763
9855
6749
4244
482
8390
2121
5589
7202
3003
4275
4499
2156
2382
9388
6007
5638
3950
3755
4323
3614
3447
6250
3664
1041
3050
6759
5205
5659
14
1605
974
4543
5827
4033
8524
3233
4686
3277
7583
5570
9076
8411
4482
492
6359
7535
6812
2674
5294
7135
5635
5174
3829
4741
6540
3367
3638
7902
9402
5437
8220
1317
6693
9300
7635
5245
3634
6305
5232
8666
1970
6074
3522
4856
6833
5896
8063
9253
1061
1057
5150
6466
344
8620
3835
9011
3187
2039
9121
1693
8285
5960
6431
6569
3681
3721
2433
164
159
7938
8822
9233
3542
6541
5912
4878
2504
9054
3137
1395
1204
5277
4370
9830
4498
8889
9555
9259
1418
6424
5882
7867
4408
2547
5474
6131
4081
5186
6094
8622
4666
5054
8675
9760
9769
8056
4938
9896
2222
8977
9701
9970
5820
7846
2617
7023
9355
9132
190
2754
2670
7078
8808
9323
9508
1629
984
9468
5701
1925
4128
394
2294
5195
3985
567
6119
6306
4708
4653
4361
3788
9264
7657
4012
3630
1016
2483
6512
8451
8505
5963
7448
787
4675
6528
3927
3571
2231
9860
5674
5738
2321
9754
1294
1081
9682
8209
5050
1914
3475
2494
7981
2903
5934
2995
7256
8459
6350
7525
6608
2247
8819
7084
6152
2571
5985
9270
93
9319
8473
9493
7167
6509
2541
9263
4089
6560
8653
9267
2371
3275
3550
3316
6881
7138
6918
9695
2005
3806
8006
8606
1380
9979
4243
8288
649
4591
7801
4965
596
8761
9465
5624
3032
8401
4333
9944
6913
1077
3004
1910
882
2438
9141
2880
1165
8608
1404
4468
6177
9057
9605
6553
9881
5230
6753
640
616
4375
2925
1546
53
6782
9823
5393
4309
671
1792
4058
8901
7550
6344
1564
4451
3956
1350
8741
7070
3942
9130
4535
4760
3340
4027
531
6898
4417
3747
2016
6991
7855
2737
4174
9392
7805
5545
9345
7043
3725
2548
4902
3229
9872
1948
2987
8070
8014
8300
1823
2655
1271
2093
6770
1617
1327
5187
9142
8642
1276
4281
1052
5096
2232
4207
2993
2712
8847
8667
1136
3199
7614
4823
5394
1943
7964
4581
7968
6078
8214
6934
3595
1676
9154
5296
6711
7348
7962
9870
3946
6686
8384
5246
572
5170
9078
1448
2037
5899
8309
6704
8269
2749
4100
274
9111
3544
5682
7031
9559
9194
8266
7366
7944
6392
9813
9359
3264
6414
6665
1826
7327
3729
3570
8665
6361
5206
5806
6057
5263
8256
4424
7994
8897
9040
1601
2398
3506
1183
7040
2148
8773
4804
3269
3224
6171
2968
1848
1285
3561
9174
8717
819
6168
2757
3077
9196
1321
8500
7956
1025
3699
3684
5307
8699
1104
3040
8133
2061
1691
3087
7323
9964
7495
1967
6578
7604
1274
7949
9723
2144
9343
3345
8170
9156
440
6748
1202
1722
4380
4923
4574
8802
1853
6523
9037
7567
903
9515
4093
8009
595
8017
9974
2734
2499
6337
1584
9134
693
9420
5956
2841
5454
2416
9531
4224
1844
8882
2184
2623
9302
3793
1269
2125
6428
4718
2941
2295
2286
4647
1045
4621
6101
5455
8224
9505
5002
8391
9350
2458
2262
3288
1798
1907
7386
3043
7014
497
6069
874
5712
732
3643
6546
451
4512
2536
9933
4857
7555
5450
7349
6763
3132
4199
734
2950
6244
3494
8929
1577
3562
8159
7322
7376
6682
5872
3718
550
8464
7051
743
474
8283
219
3639
1715
1178
8098
6373
3843
2095
8627
2136
5600
4992
3478
6358
3503
1296
5593
4589
9295
6008
5903
8674
1741
2834
5585
7632
9114
2221
2431
9261
9710
9360
750
1659
5799
1171
4791
7575
8455
4181
5433
5222
4988
2664
1185
9540
5626
8558
3533
2559
9957
1850
9362
8223
1088
8789
8704
5917
5631
7785
5936
6570
5968
4329
2866
6929
7577
326
2134
3379
9166
9905
775
8334
6406
5412
5546
951
555
2682
1169
8154
1120
6786
7873
4519
6761
4648
2468
5802
2506
4017
8010
2399
9087
7166
4484
8718
9661
6680
8123
2024
5328
7627
1801
4812
2710
5676
657
4366
6357
7894
5074
1143
3763
5228
2017
3626
8366
1337
1975
8722
4393
9031
574
4003
1313
4882
944
7487
4692
1066
1820
6217
4252
9014
768
4164
6004
8580
2911
2015
4495
426
8909
2284
5080
6174
1465
1768
983
7919
1784
3183
3902
4753
5571
5668
2007
3819
6190
6479
9150
2681
4930
8714
435
5007
301
8276
1153
6133
8345
356
7498
2884
3431
1696
6642
8146
7557
5299
7527
603
8962
305
217
9285
6121
7471
687
4710
3136
8513
2057
4525
1225
8231
566
9357
9435
1079
5825
5777
8907
3088
1315
8167
9832
6538
4492
6668
5162
5082
40
2802
5112
1051
1944
5771
7055
3590
4109
8711
3971
6014
3028
2612
6410
5190
9386
1657
9191
4315
9878
864
4133
5373
8425
9632
4883
4813
7748
4793
599
4445
2918
231
971
7750
7076
9074
5789
3309
223
7275
9213
7582
1797
7864
4177
2835
4961
3425
8290
6281
6388
2436
7002
7228
1109
1692
5445
6363
1422
9102
5633
4677
6987
7232
3311
3173
6161
4449
2759
4359
9463
2325
8572
1927
1881
8636
866
4610
9152
2701
8338
8024
3313
7672
3074
5812
8598
3129
1243
4787
9269
1595
6447
8107
4842
6442
2339
9547
3405
5880
1347
7883
4762
4889
3117
955
9788
2702
939
6419
8245
1009
5790
1480
7000
4575
6071
125
7255
430
6935
2026
688
3591
1416
3830
3772
6936
2840
4984
5541
3120
1671
3733
5014
6099
7813
7240
8361
4800
4453
935
1186
8715
4079
1134
95
7554
7935
7885
2429
7294
9262
7008
2807
3362
6354
1466
4975
2508
5439
8765
3567
1201
8321
4225
4464
7047
4797
1637
5636
7459
1632
728
5155
1819
3842
7687
7154
4147
2980
9029
4876
9851
2850
2014
9457
6065
9169
2724
6452
3217
1105
5562
3610
2128
1082
1144
5218
6530
2891
5705
2307
7767
2366
6838
3175
690
918
865
1090
9368
4437
931
9950
6557
4799
6030
2768
5273
3558
8241
2509
2812
6091
8698
6216
2465
5015
191
718
5329
8092
4806
2531
8550
9705
4176
6203
3930
467
6024
7
2459
2010
6558
1898
9113
7675
855
1621
6844
1112
1885
5722
5347
2113
6383
4790
9370
4382
699
9503
2318
857
1277
1030
5864
5229
9533
338
6256
6732
1521
8045
5699
7668
1729
5725
2193
9948
9516
5441
8544
2174
8453
1516
7035
6967
1287
8251
4736
9662
9460
1210
4172
8023
9235
5852
6036
1244
9038
1934
1194
6376
3813
6403
2729
4110
5502
9416
4555
2028
7586
708
1034
3751
9027
5022
9045
1726
418
2402
9524
5906
3042
9116
3703
1387
3459
5013
1718
3463
5657
1911
493
7399
5913
8792
1641
4346
5134
2747
3906
2133
5752
9963
74
2511
5380
7361
6205
1679
3663
4739
1567
3574
3582
9184
3895
3563
7488
4909
5091
5510
3482
498
3124
9842
5421
1498
4646
6339
6215
1537
9210
4833
6408
288
7552
7610
4443
1752
8317
6611
9244
9305
7334
2910
7346
8940
1941
2397
314
7250
9328
7990
6724
2644
249
2913
3833
4407
5704
3609
1520
4116
3659
978
9005
9207
7392
1272
2586
6176
9510
272
7325
9289
9644
8480
5020
6422
2181
1189
4913
964
1013
9548
6518
6234
7380
4034
7206
5514
104
1115
1810
2047
7588
9065
2934
6664
5471
3081
8111
9146
3727
9232
3931
8028
3312
8396
9929
8612
8560
9093
1291
4838
6979
9767
9479
9015
934
7645
9453
4000
3470
6777
8166
277
8212
9143
9056
1222
7616
1102
3490
1431
3499
504
7599
5057
4085
7887
4614
1462
458
4045
5353
6544
8421
3517
2219
7708
2799
980
4377
9454
8373
1973
5033
972
8378
9458
9172
5242
5378
6115
184
1808
3131
3301
8072
2849
5810
1106
110
3919
5542
7440
4945
1667
9916
6398
5486
2553
1544
9930
2199
4198
2129
583
1884
741
1796
8454
5044
8096
8188
383
2111
8101
7849
9372
3140
5026
3507
7476
7793
1393
3617
3578
7022
4186
4488
3686
4989
1298
5158
8457
5071
9163
4307
5754
9017
2107
6378
1384
5929
9706
559
9824
9961
8372
9414
4422
9451
2263
1566
4977
1008
345
5848
5544
3472
9557
6956
580
5736
6052
709
3798
6685
8264
90
8352
5185
4158
2862
4278
7747
481
3797
1989
3102
1581
4743
5478
6912
1962
1708
9314
5415
9025
4294
7617
294
7183
5208
2525
1080
4229
262
5845
547
6536
1712
1611
1196
7553
1470
2638
9441
5467
22
8460
6845
7906
8934
5778
9715
105
508
9409
1668
7095
3443
4559
2844
7307
6808
9280
1992
2937
5566
6221
8823
6274
5987
1680
7842
479
8583
9095
9367
8624
3715
8747
643
4937
6027
4023
2077
9243
6019
8836
3540
1331
7605
8121
1242
8880
6437
7182
1255
4092
4132
7565
5041
407
9795
9136
590
8313
7229
585
4082
33
4352
3665
7404
6793
5019
3622
8824
8225
8673
5863
8510
1960
3780
867
913
7916
7142
2994
3711
8895
4180
1954
2798
2580
4043
4262
5651
2781
102
5862
3519
2489
2461
2003
9871
7876
4227
2485
4337
4327
2454
7044
9829
6700
5610
9980
4950
2407
3469
3903
8
1855
4980
6830
5173
7406
2423
4350
8860
9997
2161
1419
6510
5515
6330
4429
2297
7516
6020
6379
8261
5009
4522
2939
8335
6269
1624
6112
4854
7340
2953
3319
212
3157
1908
2241
9523
2130
3849
4877
2227
4241
861
5334
9063
6973
1099
2735
9165
5650
5086
3832
9836
1706
8404
5092
9135
6644
5614
8318
3304
7295
2394
8618
8974
3726
8787
2816
47
8552
3153
3433
3196
1500
3154
6445
5551
2751
9252
353
4981
7691
2035
571
1555
6593
7781
5252
546
266
2140
8668
634
9464
3444
4783
2175
7634
4383
9669
1006
5655
7417
862
2153
6643
2149
8655
4162
6688
5849
9837
9638
8605
5889
3372
7566
2248
655
2334
9525
6889
2176
6750
8785
5463
6472
1232
2697
5858
2414
94
3291
1669
4095
9294
6623
32
8577
3693
4222
7948
3059
3529
2058
4461
8861
4433
4778
2359
5532
7475
2069
9564
6416
4301
9119
9748
3730
3642
7828
9288
193
9585
2921
7651
2517
7435
8541
4583
3916
7052
7345
7254
6141
5924
3864
3652
1994
2356
1410
5160
491
785
3125
1689
9621
5088
9217
6744
1582
9088
5759
7332
7622
2610
1456
3036
9677
229
7504
6153
4774
1371
7466
2237
8286
5606
9581
7027
1556
3108
6609
9649
4723
946
8687
4056
5270
2699
6809
9751
8129
8089
2088
6291
4668
9923
998
9589
9848
23
7701
9934
1427
1751
7032
6275
9489
1489
5991
2405
1697
5666
7669
7986
4580
6885
4537
3058
2809
8187
1777
1211
4364
1860
2550
9117
4867
7060
5787
9035
1128
8046
5485
2349
4676
3166
122
6021
3510
4385
1547
742
2748
8998
6586
6791
2205
8149
2361
8968
6054
9604
5067
9039
9990
907
2765
8074
2624
1241
8168
8853
3823
2338
818
6766
468
2467
5596
490
3573
3440
5318
5830
3769
4230
2000
9473
2981
7252
4850
9651
706
2315
4349
303
4550
3719
4579
2842
2198
6572
6697
614
3467
1191
4595
6930
1259
3896
1932
5744
4700
183
899
7378
3427
459
103
4267
7026
2945
1690
8826
4442
6563
3612
1022
4416
8392
4421
1959
9530
8706
5166
4458
9079
6941
7630
6353
1420
1586
7522
5980
7162
5615
8938
1958
1199
3079
6601
355
4260
5028
6276
6725
4527
2901
9622
4234
2100
5361
275
7178
5217
3369
9561
7979
7613
3778
8932
6981
5429
41
2786
4958
1224
486
5533
8600
7217
9719
7825
2086
8796
650
8589
7319
3513
8973
8682
6246
4724
5879
7806
5726
5279
9528
9419
2788
5348
6453
7901
6180
4960
8081
465
7227
904
3395
4586
1184
4619
448
8496
4166
681
1893
8250
8646
7705
1004
1772
9455
9912
678
8923
4763
203
9012
2923
6915
739
5391
6233
9955
143
2984
8865
2452
3464
3225
4491
2853
1011
1414
3989
2451
6465
5388
5271
3628
255
5795
8924
245
5398
9282
3436
4845
4205
1154
7716
3768
8634
9140
234
3986
7288
6201
4410
175
4544
4836
982
8523
8199
7293
6009
4759
3745
9733
9826
6255
4986
7775
7817
2569
9575
5143
830
928
8468
1256
6897
1490
3965
8771
228
6225
1906
6038
9946
2916
618
9287
7733
201
5556
7415
8615
8657
8752
2329
1553
5427
5332
8849
7539
6187
6384
7975
6920
3868
962
2466
4529
991
5706
7899
2625
2460
6743
6227
4881
4140
7927
5859
7545
2169
1230
9477
9001
6292
7447
2233
2837
361
3872
9911
4608
2679
7576
565
7897
8034
7457
7098
8050
7682
8138
1802
517
7932
848
7880
3072
3397
4232
8776
5811
4026
3417
9456
5531
5690
7134
109
4510
2226
5747
4430
3756
8689
51
202
4597
1978
2959
5011
4203
3437
1409
1361
267
6438
665
8030
199
9792
9173
5874
8724
582
8258
5062
7510
3359
5698
4715
7281
2441
5772
8950
4918
7800
6832
1417
1279
8132
4044
3762
6043
4612
1413
3970
7066
5804
9283
1468
7966
7789
5068
986
7943
2310
4844
540
7287
2761
8683
67
9317
7930
810
3761
3934
6827
8145
6295
6681
7508
570
4501
9874
8493
888
101
5333
2347
8690
4324
6989
7960
6511
949
5055
2782
7536
2029
6097
78
3605
2775
7430
3258
235
2926
6210
3025
7333
7579
2450
2173
7977
8216
6692
4630
6574
6807
3266
7021
9573
807
8183
3988
4764
4898
1007
658
4713
3406
2432
5204
6282
1078
1254
4879
3637
8504
1588
3468
3479
9978
6937
5822
1071
1229
8681
9145
8707
1137
5419
1955
1346
6983
3295
6706
6735
6420
7809
612
8320
8774
349
3531
6257
7506
1491
2079
3063
9976
7083
4995
1673
4998
9728
1805
6555
3837
2818
9310
494
7244
2792
8114
9501
6391
5430
244
37
5942
1179
6714
3164
2388
7660
8547
2542
7370
4038
2824
943
1280
2279
4622
8494
9020
801
436
5586
8851
4143
8951
8012
5090
7443
532
2213
7551
8566
5832
1391
9891
5392
4927
7995
5140
7992
6400
7693
7473
969
135
3737
2560
3742
1755
8568
2490
3024
694
5352
8966
7016
9713
1749
1604
7925
9838
281
4651
3408
6798
3952
9432
6571
9587
9981
1158
5846
744
4767
2746
3339
9926
6106
4419
6253
7529
5207
4628
5211
3128
1766
1310
2201
8499
5386
7181
7364
8293
821
4825
1660
7481
8068
7892
1445
4561
3245
5337
4892
7751
9127
5387
9556
6404
3886
4316
5996
7741
7743
9796
548
6443
2280
4441
9182
5837
3064
2777
3300
5648
2714
8564
2385
3739
9652
8835
2543
123
5466
3856
6441
535
9811
2505
1510
6467
6448
9828
2116
9496
3675
1363
6280
4971
4860
2706
1
9602
8814
3159
7272
8255
264
1919
5498
2949
2983
6382
7963
2085
3385
1701
1639
5782
7363
9711
233
4658
8289
7980
8215
4817
2216
9835
1425
1012
3521
89
8416
5292
2189
4286
1463
3480
6032
7818
2917
7974
4299
4014
5616
1552
4215
7054
6336
1161
549
4129
3866
292
1957
2832
2178
4837
5563
4978
541
7279
7048
652
6214
6701
5164
5413
3660
3650
8531
7600
3083
4652
7194
5283
6626
1056
9190
3284
3731
5511
6944
138
3955
7710
3602
5557
3773
6739
1484
117
3209
1108
2552
439
1896
692
8221
9472
8354
8748
7271
1543
2350
6880
24
205
2327
820
4515
2595
3774
3961
6605
5567
1966
7852
4360
7647
9462
7911
2647
1246
5629
527
892
3068
1482
7713
6591
3651
7589
4704
7847
7831
7905
1406
1576
5817
8783
9089
905
6531
5919
3286
4448
2150
7046
4925
877
432
1031
577
7658
9449
2811
6841
4161
6162
5711
3420
4642
9747
9757
3389
6166
7725
7222
6726
2040
5856
5188
1467
727
6366
9608
8994
2929
8294
3235
2419
4502
3054
5385
9481
4247
4211
7996
1575
4344
1281
3303
4394
5590
3265
3929
87
1761
9086
8540
7854
1737
9376
3213
9864
4016
3244
2589
9292
7542
9915
9840
2469
8533
9919
1828
5479
425
3093
9595
9090
3633
2530
3378
5138
9400
9690
712
5540
1570
7067
518
367
7664
7303
2789
9552
8143
4077
9746
2650
9756
3963
7359
3329
3297
3071
3959
174
3532
2389
6976
2932
7226
5550
4214
644
8511
2652
6355
8967
4688
3767
735
5898
2344
4340
6434
8471
4594
9422
5456
2533
579
9903
9936
311
1845
9332
133
5877
7969
1284
5984
2975
6252
8700
2611
5561
3994
7848
6070
809
6835
7861
7189
1677
2970
9304
2986
1902
2143
1148
6302
3041
966
3402
5587
4873
3928
3336
8872
2651
6417
6537
8818
352
815
140
1747
4932
8079
1219
3090
252
9303
789
9256
664
2045
4840
8799
6673
1716
1297
5493
7159
8604
2643
8982
2277
2271
8957
1312
8516
7238
6209
9159
4125
2838
5306
9791
2177
1743
9293
4035
4698
85
8442
2224
2675
9030
6066
8119
4
3967
8488
629
3958
45
357
4036
2289
2240
3655
9542
4271
6792
5422
4200
4216
9884
8736
2703
5672
2487
717
9488
7015
9268
9805
6734
2208
5796
9857
6728
8586
330
6804
3289
5594
6272
1800
1702
8178
8710
2860
8484
7127
1382
3807
9450
4219
9965
8946
2912
1695
1369
5964
2421
6371
6590
757
7148
1524
4885
4194
5389
6365
0
842
2716
9203
7312
8095
7165
3458
1714
5461
2135
9138
5267
2316
7123
6249
7410
141
4745
9993
3511
461
6816
9060
9692
5761
8692
2861
5383
8644
9862
1647
1018
6799
9956
2564
6494
7421
9371
6985
3127
2872
4680
2491
6104
2305
4369
8155
9900
7985
6972
2196
3230
3473
3760
3979
1464
1734
7717
7997
2101
9858
8174
5157
5180
2908
8659
5449
7318
4479
3796
4217
7790
8696
1790
6846
2534
5072
9440
4625
2587
5599
253
9960
8756
1923
6458
9599
7871
4751
9758
973
1441
1665
3795
6401
6847
34
5818
7277
1475
5287
7266
2011
7234
2406
5442
145
4803
6181
2464
5766
7667
2687
9725
3307
2030
8549
6947
6194
8407
6321
395
6984
4401
9755
2954
2780
4697
7953
5165
7091
1103
7891
3318
9236
4983
9943
6314
4601
2473
1782
4921
891
8180
3826
3197
8892
3924
7681
7983
2266
1928
1040
6667
2666
7237
9123
826
197
3836
4669
4004
8086
7418
4931
7859
9443
5831
7886
1514
7910
2630
4761
661
8975
2060
8811
3298
8691
2597
7385
686
2885
9101
1289
5997
3580
8238
5027
9122
8593
7454
7874
6727
2512
5488
8944
9022
4714
3871
1942
7670
3938
4536
4087
5425
6457
7665
4376
2147
5181
8894
6674
2871
4871
4814
1176
1952
9942
1684
8971
7085
3326
4553
2276
6867
7689
6716
3424
2680
8201
7572
7942
9507
386
940
3253
9225
2162
6595
5660
3736
7461
4096
1985
4391
3878
1717
3691
3741
354
8227
4138
4489
533
1993
8517
9771
8053
114
1527
29
8739
8106
2565
6910
1017
610
1526
7913
4356
2430
9736
6549
8377
3779
7427
9704
9072
780
4638
6310
3215
6493
2151
2097
7561
9922
1471
7626
844
327
2601
3805
2523
9276
8755
6372
9067
1746
7321
6899
7285
2391
6585
2342
4649
2314
3587
8125
5538
1019
8705
8997
6377
9275
8083
6638
5580
9026
1399
5005
4808
466
4786
9128
2120
2977
6999
9873
3876
7286
9665
6517
4015
1349
4071
534
9697
3076
214
8118
2
2930
232
2112
4268
970
7357
1129
6923
2046
9897
227
6524
6496
3687
2264
7039
5282
9627
5308
6010
3222
8610
1700
3082
501
7132
8478
5029
9939
4861
8597
9467
4766
2544
9115
4696
4342
7619
1150
6625
2830
9349
7397
2694
7470
2445
1231
6067
6616
8268
7489
7571
3204
8287
5909
2561
1979
4068
7203
6556
8055
5104
421
7826
9431
8780
1842
8008
8959
1392
938
756
5368
3214
7384
6694
1432
8625
6613
7709
7563
427
3306
6298
8443
4223
3603
5148
6037
5495
8519
5315
7164
5137
5645
4055
4381
568
6073
5884
1739
5613
3380
7524
7978
4663
8603
5829
8333
5358
3355
6454
7096
5338
9647
313
4749
4320
4970
4922
4935
2168
9228
3670
3802
3293
3049
6659
3509
3148
6676
6087
761
4987
1857
6904
7267
6258
1649
1534
4912
3094
906
5506
4805
5473
7496
1538
920
7056
1373
8914
3688
8926
4936
6622
4582
7019
2519
3960
5716
6341
6122
3559
8525
4880
72
5081
3238
7468
5579
5327
7439
8182
4426
6962
4934
4013
5618
342
500
173
6279
9023
7118
2915
6906
1110
6843
5255
1250
112
1131
4439
6855
5842
4115
6154
9803
6346
2817
8862
3018
2075
1091
6470
60
9775
4178
8656
4288
9720
6418
5172
8218
4974
5865
5788
4818
9202
5136
5892
7703
1397
4325
6243
2283
6486
5372
2967
2836
398
381
4843
1988
329
2717
8160
9094
5438
9814
799
7890
6539
3604
8509
1821
9512
2172
7512
2019
3613
6102
7715
9614
563
2146
662
5574
3466
2579
8005
5504
894
6315
3818
9593
1283
4149
2410
2235
6606
6407
2992
798
239
516
1968
1535
9827
5537
2281
137
3993
5154
3171
6938
6974
4674
116
6068
5798
61
3840
759
9707
5189
5816
1037
2616
18
8085
4438
6211
7757
7858
3787
3256
9436
8281
7540
7594
8514
6663
8100
5046
5948
7441
6059
1181
3520
4144
825
6579
7568
2753
9887
3608
218
8370
4577
9393
4048
7556
1789
5365
6312
7810
4694
3327
4554
5696
824
9497
1450
6619
8066
9562
1376
2961
4264
2878
9913
4256
8355
8205
3377
5030
963
6519
7257
5683
3335
9898
5501
2906
8051
4321
9320
9407
8102
9810
6425
1651
8445
5947
5791
7480
3023
1545
7077
725
4839
5904
7628
8253
8278
3812
5735
5254
5854
6647
1713
3134
9446
2006
2306
3243
7405
8279
5517
6882
8275
3198
4046
9091
3290
6348
8545
7958
1493
3592
8393
4212
1525
3442
7999
6836
242
3062
1650
3530
2091
1891
6147
5974
1861
6543
4406
7834
9735
5714
7352
8124
604
9361
3735
2723
5095
1060
3811
9358
7799
3122
6000
7233
3240
8858
7219
6056
7062
736
9205
420
890
7560
5709
3096
1528
6430
1173
16
4078
2762
179
2418
8762
726
8843
977
7912
3451
5946
3976
2282
6265
5243
8296
8543
5
7530
8833
4306
6842
5066
9800
2545
6982
3858
4258
7420
1870
7195
2207
2395
9195
5558
9438
8156
683
9401
5199
8729
7851
6412
2424
403
6857
3455
489
3553
3011
4794
8430
5526
1086
2444
7655
3000
7987
5703
6516
8556
4136
9738
6742
1574
5487
400
3577
631
5834
4542
1073
21
3135
6963
4073
8539
3799
2795
2964
446
965
9215
8746
3545
4807
511
1273
6218
4130
5990
9082
2027
3945
163
4506
1644
6839
8483
4156
3904
860
9247
5717
2691
9006
1411
3373
1915
8374
3368
6670
2864
1141
7449
7289
324
7155
9044
6599
7442
858
620
2920
9073
4289
5688
9351
449
3936
150
1873
6966
4523
2813
4155
6545
883
5295
8433
6754
7652
5149
44
1824
6236
8184
4249
779
6850
1767
415
9048
7875
7315
1728
4558
5323
704
3999
9859
4460
3599
5260
5944
1258
1903
2110
5507
7633
7105
5774
2195
7606
9538
4731
8587
4957
304
3515
6957
170
365
4142
1188
1083
8477
8441
9947
3107
2053
9833
7827
6118
6632
674
2032
5159
4388
3734
4755
7823
3502
751
9366
1557
9852
6165
289
5575
9403
9753
8728
9687
4434
8237
2426
3294
5053
4627
3685
8134
1114
4317
6655
2500
5360
8996
6237
4727
4546
6033
1341
1205
3370
1357
7802
8151
397
3407
8520
2080
4094
1038
1367
7093
358
8830
4946
7225
3356
6003
1876
3915
3546
7416
7412
6048
6022
2018
3121
2888
5480
2246
9569
5922
917
9
6633
3069
5727
9352
6485
2401
6939
7833
5124
2260
5529
8981
3784
2859
2365
6462
8716
8412
121
893
3491
8135
2099
5193
6960
8573
4193
1682
3873
6719
4607
7283
4265
4636
3568
1260
279
8885
1831
5905
5226
4284
2330
5145
5069
8103
5891
7505
1460
2126
6660
4372
2118
6552
9281
8316
7479
2745
5224
878
8827
4314
5281
8470
5120
8265
68
7765
5268
296
9192
4851
4059
2265
9802
4297
9183
5098
2985
3495
9069
7394
8491
6821
6876
3334
1522
7838
6100
2309
9187
7428
9902
8964
340
9683
169
6179
4600
4032
5216
2025
808
7185
7595
2044
9378
6603
1877
5376
3176
8941
282
6506
7269
8314
3186
3263
9171
3412
7646
6487
5107
1630
7879
7537
4141
6200
3272
4897
738
7452
1806
2183
2033
5773
8788
7812
1912
6656
2752
1063
4671
1207
6858
6534
4516
4691
3357
3487
9469
992
5786
8778
6713
9494
3549
9019
4008
1473
7719
4236
3190
5677
6884
5982
6708
4134
6877
3749
9806
31
6049
5179
9104
7149
240
8077
316
389
9160
6439
2393
3629
5446
3667
2155
9083
9779
6924
2877
5220
682
7494
1825
4592
8195
1047
6055
5643
3987
8609
3141
6955
560
366
5901
4371
7608
3271
2092
5448
9052
832
995
1412
3216
4074
6001
4277
3535
6806
347
2109
4689
7718
1316
3044
363
270
7742
7756
6260
5718
5547
8418
4538
4367
9839
8554
7869
3992
8530
3270
2568
1829
3279
3005
8090
6134
3822
769
5018
8428
689
1614
9945
6058
8067
4933
2944
4702
3732
7423
3834
469
7436
2879
5200
9034
7837
4605
1133
4107
6720
1935
833
7263
1918
9085
1459
6223
829
7843
2889
3584
2539
5459
4173
5130
5543
8262
5808
2400
4726
3850
6596
4167
8229
206
7533
2202
2206
9732
4159
5202
9588
4568
839
6513
5665
8662
1615
2427
2585
130
1046
3917
1032
673
5943
3757
8594
4780
2055
8815
9643
6900
886
2895
3085
7469
3445
6892
626
3891
3421
9112
7458
7429
8402
530
209
4754
5910
1540
7830
5346
8855
156
1867
9336
6301
5192
9062
1345
3193
8877
4822
2192
9752
9068
2522
2236
6172
9782
1559
5770
645
9624
9395
241
747
7467
9694
1029
5209
437
6965
189
3627
6961
2374
5949
9513
9568
8816
9413
3964
6450
2760
6998
7419
2042
4940
6127
1320
5121
1400
6360
539
5101
5326
2742
8272
902
2023
5167
99
6026
2392
5781
1342
8628
806
3537
9685
9476
7036
2805
953
7006
5823
8347
6224
942
4894
4179
8871
802
2214
5156
8640
5153
7946
5768
1087
6945
3055
4358
3143
5336
2594
889
6103
1264
2253
3777
4395
3790
8394
2800
9053
8898
9889
4067
4869
4280
2261
8376
8469
4521
5061
472
8553
8495
9385
573
8348
6146
1423
8298
9716
544
3673
5700
1261
1050
9886
2191
1295
4318
7191
8426
9483
9050
691
4463
5669
4789
5986
569
7794
4127
3201
5971
2292
8302
5588
2363
8434
9290
4459
8165
6195
9959
776
514
2379
6086
927
4629
6285
7649
172
26
8158
7153
6483
9009
6896
3646
1986
1763
6988
3027
5622
4769
2357
7484
6120
6864
782
3047
3560
4345
19
1084
3897
587
4637
1461
4362
1868
4654
2791
515
7030
5364
9680
5248
1398
3974
6342
6629
5967
4796
2122
9041
2166
7934
6689
8310
8362
8020
9042
1807
8094
7218
428
8172
9439
5640
6308
7365
613
4747
9278
6856
6820
1318
6318
3724
8039
5662
9337
3448
3940
8368
4170
3524
2771
6901
705
2455
3100
7117
1656
2034
1292
8157
8131
3249
840
4182
9066
3538
4242
8874
411
1476
4545
2425
2074
158
9629
5417
8963
3689
8163
5893
5266
6484
1033
8781
3911
1223
4907
5954
6581
3105
9656
5311
1643
7764
325
4716
8512
3075
2793
6970
6136
3423
8000
1360
7373
3882
5354
9772
6191
2776
5505
1288
2567
8419
2326
7621
623
283
9238
7501
6547
954
7068
8254
6426
2293
6636
3348
4684
9591
4701
134
7049
5930
7735
9234
149
666
2521
9058
9272
8834
2904
7058
1572
8663
7211
1113
1155
8829
2790
1452
1433
9686
8701
8893
5119
5883
1070
7993
8126
4514
3200
9410
6576
1830
1548
2646
9572
3029
4462
379
3910
2319
3347
8367
2657
5568
502
4322
3653
6142
8732
9084
8937
2626
606
9341
5998
8506
9227
6293
4738
3109
7778
1900
2068
859
9554
5345
7731
8427
4733
7306
1195
3972
1788
3099
1094
3991
2607
765
5051
6952
8733
5521
9334
4423
7836
9996
3702
8542
6852
7463
8299
2273
1002
9610
6041
9984
5828
4578
7261
4748
8820
8712
9230
9098
3007
1563
3052
7814
1501
5043
8202
8059
8041
5395
2848
3016
7578
4469
5642
8626
7129
4721
2936
1724
2378
5687
788
9582
5689
2223
3118
7515
3267
6695
7786
4218
5093
9033
5719
3317
2267
1558
3349
7260
3694
2124
4565
6098
4465
5592
1750
4846
4576
1228
3386
3619
9340
7304
2946
2942
6515
8809
7853
2312
8777
3034
7292
9869
96
1354
4768
5663
9648
9797
663
2938
8324
3346
1151
7587
5605
6212
1379
7585
8211
3374
9778
5123
4830
1834
6869
243
220
509
7699
8424
1335
7339
5933
948
2507
2066
5961
4250
1265
9452
2943
5212
8127
8246
9718
4259
1167
8466
6968
148
9344
7089
9124
6092
9099
8775
9776
9373
4801
777
4009
3791
3551
8498
351
4473
7967
2733
8336
5876
6031
5001
1305
5278
7920
537
800
7262
6507
1394
1803
3416
8440
3695
3146
7745
1675
1198
591
7299
8075
4257
605
80
1307
2554
6356
7881
5809
5577
2254
8522
9365
7381
5528
1764
71
715
997
3555
4505
6658
2311
5343
8987
3644
261
3103
6828
2447
9211
9447
8389
409
5194
7679
1218
6081
929
3534
7212
7661
6829
7355
2819
5349
4735
1000
7235
9055
7771
6230
9482
6702
287
8890
2167
4659
443
8650
8437
8970
7017
1672
8591
5424
286
1405
5293
723
7192
3948
7320
7389
636
9620
7714
4890
3188
1565
8993
9764
6082
1160
3462
376
578
7955
630
2083
8115
1215
6710
7650
1408
5099
4587
7100
8358
8576
414
8228
2212
8779
597
7868
9885
495
9743
1813
6696
4348
2477
4915
1506
8767
5481
7493
9801
2470
1666
5554
5851
9586
5105
444
4624
7862
3709
5118
9653
3399
6893
3585
3242
4282
9777
528
3206
503
2667
2502
454
2858
7915
3364
7314
5377
1612
2179
9745
9721
3949
7147
5512
2801
753
9245
5584
3078
542
2496
1139
9558
4948
853
9968
6148
4832
3656
3944
9308
9759
4955
8417
3195
4355
3066
3039
3838
1385
9714
9543
5076
8337
6262
3167
9108
4021
7485
9628
4456
6421
6477
7408
4585
2774
7239
4418
9650
464
9081
2200
3262
1812
923
6942
3947
7216
9180
3869
391
4874
8018
2640
9702
9762
1257
3169
6349
8383
4508
1597
4374
7220
2615
1562
8869
6940
8222
6992
3527
8590
380
1507
7187
7528
5042
5451
6196
9277
3704
2562
6715
9727
3814
1058
7326
4712
4204
1865
5183
8284
7265
5291
1787
6722
6290
7258
9387
9925
2524
6679
5171
575
