7383
3924
469
4621
2844
8487
89
2571
1168
3534
4998
6626
3513
6469
611
5527
1472
1208
8305
3289
342
2581
5571
2517
5198
8990
1302
3512
2379
1318
6232
5543
1586
4677
1288
215
2585
5584
3638
7352
6576
1594
7865
8530
3678
6048
4017
2188
3605
5783
6637
1259
3781
4516
2464
5300
9562
378
4446
6695
9551
9437
7719
2640
9741
7331
3257
748
1176
6382
7214
734
3769
368
5059
5354
7381
7785
545
7941
1196
3882
7111
960
2609
1666
8835
2809
3046
9082
7779
5163
5299
8999
1852
1473
4258
4144
8314
7335
4668
3414
1212
3241
6641
9157
1727
8644
9903
9159
8485
3626
3166
2955
8423
9586
3849
9676
5140
1006
8524
7151
6198
1789
2798
2501
7005
3633
1493
7299
4905
5681
2678
9200
532
3668
9765
6974
5627
1165
1970
5164
3261
8032
8885
1837
1203
2025
2220
3869
1319
1710
6890
5055
4946
5451
3677
3178
346
7307
9369
4425
4309
6433
7455
543
6057
5550
6233
4025
7300
5988
7551
122
4645
5992
9072
1179
1273
9258
9789
7338
4580
4680
6555
623
9500
7062
8373
7123
1046
8224
1494
4576
5297
8070
5557
1739
9620
659
5107
7782
2077
1622
8504
2753
5417
4109
8825
289
6548
7988
2810
6828
9302
5805
6143
586
3595
6093
8830
2053
5006
7658
1054
7561
3404
8398
5555
4227
3730
4804
5900
7295
7065
8394
8034
5483
7382
9166
4486
5309
4244
9662
9869
9122
985
6236
4463
6424
2986
4398
5403
8124
2302
6391
7152
4660
6345
3188
2129
8309
9179
732
84
9713
4419
3987
7718
9560
3463
4406
703
5698
2250
7305
8256
5275
9361
3583
5137
3024
7590
8313
5158
6505
7432
1396
4105
4334
7950
6537
8691
3112
9173
3019
2846
1362
2542
3796
7041
1441
8908
1741
9815
4128
4432
9164
47
9284
1183
6335
7730
8009
2889
310
1322
7848
4754
9628
4479
1088
4730
216
9720
6829
7699
8815
2534
9947
2617
3248
1603
1677
5982
128
1590
4180
7778
7013
4499
1174
3068
3693
1474
853
8980
5588
52
8386
7761
1822
1016
8345
197
6336
2123
5606
9334
2857
929
6795
8716
2537
5193
9406
4689
661
834
3640
4232
5157
1366
843
62
1132
2309
6118
4126
7394
4137
2604
2661
459
7944
8847
4947
755
13
4913
100
1747
1776
7901
4801
5534
5051
7690
875
7344
393
8068
3919
4000
1172
9967
6909
5052
9830
1665
8307
9663
8783
8660
9086
6135
6796
1840
992
1648
9385
304
7510
2004
1324
2265
3574
9521
4896
1202
4815
4252
6361
5067
1055
4619
5430
9550
2192
3721
6326
6448
2410
605
9882
9398
6773
8796
9783
6099
6996
9557
2100
6837
1445
7566
6251
7840
6835
6084
4571
4468
9436
3234
1652
1081
2570
5520
871
5530
7271
941
5372
5790
8597
388
5857
8720
300
5392
176
9478
8203
7680
4936
80
7712
2271
2933
7895
299
4189
2108
6948
1580
2052
9849
822
1012
3516
45
1422
5676
3434
8754
7231
93
5938
3082
9919
1177
4
2181
7885
2903
4087
6569
4839
2816
1355
5025
5114
5188
1155
190
8233
3542
2612
3613
6041
5038
3200
7784
9908
5803
5861
1749
6121
9244
3110
5462
5255
5298
5725
775
4742
4440
6748
1877
8911
4955
672
6222
2486
2664
5580
8169
7927
9091
7686
4866
7110
9585
8729
1418
6279
9027
36
9
6647
6750
6074
6179
2560
7392
5053
4992
4829
4194
9564
2658
9702
625
6927
5413
9489
1664
7892
9639
7061
3681
1607
4901
1240
3979
8255
4356
4855
662
3047
6502
4074
6028
7452
2626
2840
9131
4295
5145
8344
4046
7832
5062
3344
8016
7637
7777
634
5514
5742
4368
721
3891
9689
3407
1470
5726
4261
5273
5840
712
4900
8497
3848
6355
5212
7281
1569
7088
5116
3170
268
3051
3093
7205
3576
55
5201
3283
7630
951
2141
4834
7327
5092
4848
1303
3109
4605
819
9063
7900
3205
4221
4321
8238
3145
1451
9649
9035
1807
6080
2179
7569
4449
6618
5797
4496
5110
8102
1335
3418
6922
9298
8027
2913
5781
1615
6735
2601
9400
949
974
576
6493
3174
5619
4827
4093
6759
2098
728
3380
2314
8130
8802
8588
5494
790
2592
655
8011
3716
5186
5795
3393
2502
3209
5480
2518
7248
9602
3588
3318
2710
653
3055
6772
4473
6756
4506
1564
1595
5496
7347
5175
5153
9520
3087
3524
2413
364
7515
9464
5447
6211
1646
2093
7086
5322
5501
8052
6150
9954
7989
1257
5009
717
4547
3920
3662
6993
9337
3127
3522
3488
5503
3550
7115
850
9617
1105
3359
5342
5094
4287
8115
4851
362
6183
7212
2027
6126
1388
1844
4153
6805
4076
6798
5866
4066
762
9618
7767
8210
1619
6778
7134
6931
8429
4482
2866
8283
2993
3130
9015
9985
4462
6885
9909
4799
8045
2356
9309
5792
2637
2494
2290
6149
4300
8829
6554
9280
3222
7442
9256
2648
6473
777
4117
5303
7812
4707
7735
3353
1708
4922
3476
7962
3330
7743
1853
3273
4349
377
7106
8327
5835
6449
187
6188
1515
6196
206
9275
6224
3002
575
2350
1139
8149
2268
65
9360
6810
2222
117
6739
1712
6238
4121
8352
1022
5902
1835
5996
6895
742
3921
40
9842
9745
4005
236
1364
9304
825
17
891
3139
3519
6826
3733
9515
560
4097
6889
4656
729
3556
4597
3391
5910
5664
8594
2112
2176
2732
5708
8404
4257
4040
485
3616
7801
354
1114
8653
9939
8051
5603
8105
5874
7079
3962
5018
4649
7861
269
926
667
3334
7243
7218
4845
7224
8235
2095
8330
7802
2483
9325
5504
3842
5263
7822
472
690
9129
7491
3078
2675
8618
53
1707
2011
437
1923
506
1604
4457
5760
3345
1426
5170
3326
8625
4382
2912
2774
1002
6247
5847
8119
1818
2083
4246
5139
6646
3191
6329
1463
782
7758
2997
3635
4714
5072
6745
3964
5818
4655
9593
4081
5796
2031
1697
9316
2981
6364
442
976
710
3783
1932
852
6060
5626
1693
5872
7289
5890
5162
181
3578
1730
1145
6573
331
3713
975
9878
3927
5957
5359
8510
5180
3527
1815
5808
5477
8545
3763
1552
2789
8536
922
7592
8937
8176
581
4784
2044
3520
8035
8234
105
4039
6047
1496
4933
2489
8433
2050
6560
1282
6472
352
9569
7523
4119
8475
2734
1488
1843
4047
7457
4639
5935
9305
965
7156
7739
9186
8862
4352
2481
7620
4179
401
768
5700
5071
266
7766
6540
4247
7807
4794
806
5087
5624
1243
3335
3541
7433
4529
3692
9746
1352
2580
6912
5964
7759
1019
8288
8527
8141
7128
1565
9031
6250
972
6092
9836
1020
7495
2951
2126
221
1148
6904
1140
1504
5850
8098
2814
9493
2514
8088
8854
9450
71
1467
2453
1308
2668
1127
8772
2310
9330
8537
2521
1101
1269
8820
4546
5202
7055
3709
1211
6598
1536
3864
9874
9114
1389
1161
622
2823
2170
6661
1588
1810
5714
4864
9955
859
4594
7591
4447
5069
3369
4602
3743
1759
1986
4926
6630
3629
1438
1995
3386
5327
5605
3642
8884
4650
8690
5150
8722
8133
6172
8417
8967
4643
1276
6994
5228
658
6215
6525
598
6097
5385
7060
9917
5526
9265
1589
5888
6622
9388
2037
7359
4808
2049
3403
3007
3596
3268
6981
3881
6209
9963
9176
2730
1945
8842
3077
5609
5488
5545
719
4943
2693
7040
367
7859
5132
225
5366
9061
9454
9695
2677
6026
6269
5562
8496
865
7194
1757
9168
7929
4350
5262
993
4308
6366
9782
2450
1772
8014
3432
7682
5022
815
4798
1111
5361
6547
7401
38
780
3473
2258
9313
9357
547
8472
9187
461
2495
7349
373
6566
2646
223
1094
1842
8495
2716
4559
9876
7273
1023
2371
7113
7528
3802
2918
2223
4831
8749
5949
9812
2382
3544
4154
4303
2808
9642
104
2206
91
5918
7048
5436
3571
9759
2406
6742
191
1723
8579
2533
2287
7506
4394
3651
6422
7647
67
2745
3137
7617
2132
1979
9914
3815
4475
3787
4279
9185
2532
6836
6155
6456
5793
6104
356
3163
2365
2056
7917
9704
618
1415
2620
5960
307
3675
9389
7340
3372
1762
7012
3906
5001
3141
9625
1067
8680
4567
4333
6787
739
1082
7584
8538
979
9847
6581
3496
81
3604
4085
8792
4975
4883
1365
9784
7223
1631
2902
4869
4044
4038
2163
359
8930
6973
6706
6758
279
4302
4974
5737
7032
5788
2462
478
9116
1883
4956
595
7207
1343
2346
587
3892
4353
2148
8636
2398
4305
7924
9007
3536
7951
9203
3725
183
4147
709
8809
7633
8253
4100
4059
8812
4208
7627
127
3715
8178
2355
6868
5952
5594
9380
3226
5713
7562
5955
2438
9900
6024
8944
5578
9239
9863
2133
2266
5568
7959
4359
2209
6983
6601
7800
3086
5467
5326
7923
150
7193
9755
4641
3717
6911
4435
1546
1112
5711
7789
711
3158
8912
4489
9600
7843
4127
5063
8634
9823
9394
4170
1954
7943
9008
2028
9109
9567
5638
7961
8383
8503
8627
1938
5998
8700
8342
1947
787
7529
2614
5169
6966
7661
5120
8565
1570
7045
8909
4887
9980
3361
2861
7233
6534
4436
4346
3639
666
1725
1507
7794
9235
3508
4177
3062
4996
157
3384
2480
994
9977
5463
6879
5678
702
6840
4298
5747
6378
2204
4237
3255
2273
3390
6438
845
3562
7970
7447
1613
3518
7219
5178
9965
8612
3798
4904
6730
5458
6624
8982
2384
537
574
6008
454
468
5276
7336
9614
1284
7750
4826
3262
8533
9024
5844
921
8786
6539
6985
849
2784
8187
1894
4914
4245
8228
9508
5397
9753
25
6651
2606
323
3466
7496
1032
6278
3258
4882
6133
301
4122
3014
4344
6379
4561
3201
8066
6356
9413
1674
3641
8823
4618
5824
897
9537
9397
8195
3980
8390
3546
6142
1921
8023
1229
7388
2032
1726
3431
8155
4557
3731
1946
5258
885
9555
3440
501
1427
1875
2195
6477
1568
7568
725
522
2835
7704
320
2794
8910
5832
3149
1346
5426
9214
4993
4418
6350
8828
1533
4396
925
9209
3275
8129
5625
1383
9163
915
6177
6228
3559
5846
2743
9792
3970
5686
7276
2935
2349
9915
2408
8295
978
2799
5816
1868
4526
2800
5595
2638
4465
4570
2962
19
6096
2430
804
6940
7198
4385
2508
2251
9652
3341
1260
746
3132
9417
5692
9213
6206
3855
1866
1233
7748
5343
5432
8146
3600
4452
8507
7191
7083
9570
8641
4870
6450
5257
6792
7856
9522
9806
6920
1812
5218
1160
5951
1052
3497
4581
6201
9583
8355
9426
5583
7535
5161
8962
277
9070
2425
1884
4169
6774
1996
7389
781
2989
3873
1668
8872
421
8282
7965
2121
3133
5121
9666
620
6891
5305
8855
8766
9660
3213
6760
5456
7089
6358
2338
9266
1465
3726
8907
3545
3499
2339
593
2417
8474
474
9249
6199
7850
1614
2377
7278
9778
1791
434
6062
1974
7182
8541
9671
23
1425
6583
7751
2479
413
2005
9051
1721
8707
7656
8437
6035
3065
6950
2554
8166
7255
6258
1468
2292
8768
7146
8110
9577
4661
1626
5707
2995
9528
5220
2858
6523
7398
6292
9556
7167
689
4895
3719
8924
1881
7476
7976
5141
7556
9525
9974
1368
9653
955
5440
314
7124
8272
9353
8751
6152
9739
8893
3611
2727
381
4970
5245
5662
8623
2242
3888
8955
9367
2979
207
3282
7979
8806
6564
3175
1969
2952
6917
9119
9308
6957
590
4210
2001
5118
1402
9019
6132
2959
9932
4816
6797
1985
656
5159
8450
9174
308
874
2707
4558
6273
5566
8761
9712
4427
6175
5907
6838
4625
9719
603
1037
2397
844
4935
7019
7275
7867
21
8860
6728
6192
669
1753
9009
9349
3204
9151
9898
6515
7899
7823
538
255
1641
2362
6550
3958
8157
7237
2582
8892
2331
9645
9282
5292
4667
7297
7468
6559
7229
3720
8138
8711
8057
3182
1950
8692
3850
3491
2247
2003
6027
9232
3363
3525
4407
8894
3531
9729
8153
8357
2500
2159
9148
6276
695
8923
7676
5311
5089
7136
5559
9064
5968
9412
761
757
1051
814
3728
7377
2927
7450
7960
33
1134
535
5119
2900
8867
9611
2335
9222
1170
3749
8564
9961
7564
3947
9795
8938
3416
5515
6444
8182
8303
5337
4380
4164
1577
2469
8702
4034
3105
4692
589
8033
4642
680
1523
7738
5241
5690
6004
3320
3955
2264
2567
4373
9801
61
7153
4718
2773
4125
9126
8
4306
9887
2109
9942
8239
2771
9571
7201
3564
8745
5947
4528
196
4141
7711
2925
3829
4288
5646
3548
8954
1561
5500
218
4977
9960
8094
3176
8444
6692
3072
6804
5940
5827
6393
6616
2013
8271
6388
7645
3627
6419
6030
7387
5085
3727
1976
2723
8649
242
7097
1832
2909
370
3784
76
5633
9966
9902
9883
6272
1525
6380
7304
2286
4131
1354
7849
2824
5016
5235
3023
5205
8898
7954
5975
9581
6603
7586
4886
4501
707
2787
8420
5523
4454
6257
6193
7588
172
9994
2526
2577
1511
1878
5253
2229
7003
1090
1593
3614
3737
6775
551
8426
8725
2812
9386
5903
1099
886
4719
4055
7449
1491
1959
9864
531
9529
8950
3306
2654
7264
1902
2561
4894
5149
3053
7080
6208
2332
4573
3823
2321
3
3331
6484
1547
8434
4467
9929
6390
9821
1480
4057
3776
9285
2385
1124
7443
355
4666
6501
5667
6
3073
9675
2894
2985
1963
6271
1816
8285
4626
7473
5410
6106
8807
9708
1307
2980
7057
1914
2747
3963
1958
1056
465
2512
3027
8257
3192
4207
7158
1210
8290
5222
2157
1252
3365
9054
5015
4080
4268
227
3833
8038
4058
7343
2106
4390
3271
1714
3328
738
8939
3263
4971
851
6953
9044
1778
7834
5125
9251
6901
486
5617
9390
7427
8392
144
6969
6934
9582
4056
3229
4167
7774
582
3961
8164
9215
8598
3329
1897
7168
3217
6788
5764
1703
7132
562
8334
7291
313
7574
3686
7978
3628
4583
4322
9578
2547
7353
4023
2359
6977
3674
8953
4630
2651
6900
2158
1130
3494
8949
3221
6729
9460
7282
7371
7570
333
4700
8047
2212
8132
8791
3060
7320
1906
5830
3438
417
5077
6575
1756
6678
7498
2468
8865
1560
2478
4211
5060
1813
4725
1857
9930
2697
6898
1788
4495
2119
1125
1718
4391
9321
8261
2420
2802
8614
3712
9772
5654
2691
2166
1601
5037
5407
2738
4764
8188
78
7481
6423
588
8799
3091
9016
3203
4530
7583
4753
5677
3343
5502
8431
1156
8599
1640
394
5876
2715
1955
3603
878
770
1351
2490
6884
8082
1220
962
7994
5429
1406
16
2505
8351
7007
8462
1194
141
7108
3637
4743
3807
4139
8136
5032
4291
275
8159
9632
8411
8717
119
5722
178
7693
9634
2361
1041
6429
4472
8044
5574
9177
677
583
4133
2633
8481
7595
8635
7717
6017
4226
7126
66
9347
1367
1874
6434
9848
7972
8135
9276
7424
9568
6833
3615
7765
1147
7603
7405
6180
9838
964
7241
9588
9030
1191
403
5912
789
5928
7144
3689
6418
7311
243
3350
6503
8866
6754
3773
1479
7597
7695
3437
3274
6602
5036
3990
2058
4511
1443
173
4477
4162
706
9549
1264
103
6157
1557
716
170
534
8265
1508
8831
6593
3969
1925
5954
3206
9920
8477
2275
9049
2311
6737
2075
4862
5286
3477
9927
4431
5599
4685
6709
5187
31
8080
6574
3778
8460
7736
5809
6892
4450
1650
5849
3868
967
3152
2515
9536
8639
4588
8858
2065
2972
8940
4797
1010
6003
492
8726
1960
9946
7846
5084
525
3945
3265
9076
1215
2694
6789
1943
9290
2820
6197
6605
3916
1142
4572
8626
8315
422
4878
7521
2971
5167
278
7579
8197
4871
3832
9999
750
8934
8201
642
6967
3757
2177
9670
946
4847
2558
9924
8275
4184
9410
8575
9352
9505
8580
6568
2869
3523
557
3729
5556
7402
3971
7810
2024
8286
788
6697
234
1391
7729
1769
8230
8586
7279
9237
7090
9710
8400
5209
5799
6813
8526
6037
5770
6146
5981
9891
4560
5142
3974
1100
6120
4384
9273
3129
3724
6663
7208
2593
1321
5131
2114
9615
2428
4735
1855
5537
4283
6596
4766
6636
2650
1528
2429
4890
8778
6942
3557
226
9028
5246
9993
9053
1323
409
7479
4132
1329
7663
8833
541
8174
6286
2373
4035
8983
395
4114
956
7174
8312
5990
2322
8701
7130
7798
5490
8097
4372
8652
4762
5885
9861
1629
3424
5572
7933
8589
8284
3119
5778
9037
9240
3464
6513
5908
9219
5192
9958
1228
3244
2127
9137
3447
3040
7829
4313
4988
3960
5204
1706
4772
8945
6572
2793
8994
4363
8151
163
7813
2579
1506
5386
3021
3758
6611
4484
6853
5283
2184
9819
6763
7026
9105
3886
1732
2706
8622
9136
2520
2461
5544
1490
2002
3281
7204
9840
3313
1520
2473
5012
6091
7973
383
4564
9548
4048
7775
7417
1325
3711
2183
6244
5484
5226
6095
4806
1964
8795
7181
7272
456
1834
3252
4118
2088
9996
1699
8439
899
6521
5252
2442
8544
4032
3966
2301
513
1249
5156
2525
2038
679
1887
5927
2194
3168
6435
3220
1044
7508
6458
2118
9220
3913
4551
9045
1380
3280
7853
2248
293
579
6746
1748
2085
3375
1162
3660
6376
8243
3236
7034
3081
5570
9911
571
2895
6617
9531
4752
2805
3162
5522
1272
3302
6306
376
4953
1562
1743
2419
7689
2267
6908
4389
5879
6059
5693
4095
570
3722
1419
1575
983
1734
8142
6541
9693
7815
2608
2401
3782
9707
1248
2012
9438
2969
9539
8996
174
6410
733
5323
5666
1102
9077
1080
158
6480
6818
4706
9143
2948
8213
8718
6014
3451
8804
9118
5880
8196
4089
519
3098
3478
9510
8846
1313
521
253
3883
8061
6757
5476
220
8774
9411
8917
4721
577
251
818
5332
1926
8666
1098
5637
488
7480
1079
7522
9246
2042
8209
9052
3454
3896
3620
4923
4314
4259
5718
3442
8476
9948
8744
3819
68
5540
5256
7370
4136
5289
4362
423
5143
7534
9292
9384
4318
3661
518
1961
2225
7192
9001
2769
6906
6323
8712
5485
7567
4967
8412
9205
3935
3358
2660
8662
7363
8118
311
3786
6123
7056
48
6295
8695
4332
835
449
8574
6396
1635
7543
6956
7085
5732
2064
9604
9788
9866
9484
2008
3644
759
2703
365
2140
1411
6125
1435
6460
3208
8640
9656
8019
3863
2591
1239
4191
9785
585
2817
5315
6557
2086
2898
4593
240
9758
6642
5729
4008
5191
5285
601
7990
4669
8171
7018
3291
498
8590
5980
889
8801
4662
6399
7909
5833
1903
414
7677
2295
9658
5508
5050
8482
3597
3155
3427
8250
1824
7701
7635
4042
3875
7384
7855
4437
5272
6488
9197
3575
3185
3533
2916
9416
8326
5786
8123
2354
4123
2901
1821
7873
5791
6029
7477
4043
7078
619
1309
6267
2826
6338
4235
6937
6374
5171
4644
7541
1724
4569
1578
5208
8732
3734
8321
9697
4841
4052
4401
6061
5511
5552
7375
8298
863
1591
2881
8310
7649
5886
3148
5939
9748
6282
3799
8918
4782
1617
954
3632
7888
9737
7987
5296
9180
4470
8125
817
8422
6346
1751
6182
1401
1787
8895
2381
3074
5042
5528
3981
96
2888
9465
8399
4326
8191
1701
2327
7077
7662
3622
791
2383
8886
4366
9283
5277
2504
5369
3287
9420
3179
6933
7391
2689
9805
9877
7101
9684
8062
591
4715
9553
1676
4502
3696
7329
7956
9808
786
9858
8177
4751
665
2906
9068
4712
2876
1478
9088
9482
1150
7641
9986
1048
410
7052
1574
2363
794
6348
8409
1539
5108
1442
9800
2705
2233
8516
7211
944
1937
9913
6167
4813
6441
2224
5724
2156
3845
910
4500
6509
2891
41
9021
3169
5687
3859
360
9113
8656
981
8879
5967
2178
6644
3572
1968
8813
4410
5961
4688
1911
4991
6303
1518
2138
3362
2409
6287
5828
3267
1527
813
2713
8077
8318
8931
6036
1773
1746
2228
4024
4354
9459
6536
2779
222
7783
2957
9715
1404
9832
7298
351
6738
9260
7882
9144
8252
1977
217
8803
7675
5264
5244
685
9989
9527
8453
3517
9798
6430
3965
3356
2375
7558
9638
4937
2330
9925
1334
9121
4104
6648
7082
7860
1104
5843
5066
678
6437
4781
2291
6771
2110
6284
9714
772
2139
5775
6249
113
9003
1182
7821
8331
6562
7039
7691
9956
1283
6168
9060
4892
8563
3910
5495
2351
4070
559
7792
1678
3347
9404
238
5399
9969
2219
273
5780
5611
34
1944
1348
9409
4494
1642
7696
6012
3997
3816
9150
8619
8675
483
8208
3253
4474
1687
9669
1571
8523
9728
3740
628
876
7733
334
151
1311
5934
5705
2358
5979
5734
8757
5841
8576
1246
8418
2368
4215
6727
747
9674
7844
4675
3526
1261
3884
2541
4838
2576
7793
4622
1559
6684
9396
3264
1691
1519
4192
6498
2150
7908
2847
1856
5144
6223
6978
6712
9405
4420
3735
8542
4949
9327
8470
137
9287
5478
8889
9740
2943
4544
8678
6351
4906
6871
8853
2848
160
6181
4514
7903
3714
1913
4264
6461
1534
129
4840
1175
9233
8750
6905
671
1069
5911
3521
3187
8114
6416
1768
3323
7998
6186
1028
3031
1924
5073
5492
9002
1616
8395
7094
6726
9422
6580
4299
7466
5105
8775
1771
1070
2190
3937
3214
1138
4652
8017
3748
8028
8844
2488
7416
533
9574
4631
8878
8048
4140
8731
3670
6844
816
386
7604
312
5518
7356
7600
6383
613
5812
8154
4155
9701
7921
8381
756
4857
7293
5129
5307
9445
2865
5787
3880
5600
5750
1096
348
7100
7091
2445
1043
9997
1407
5656
7896
3664
3856
8810
5658
8040
6002
9855
2308
2048
4972
3504
1026
1485
9609
7261
7618
916
824
8948
3088
9558
2249
7459
9495
4978
3936
8311
5100
3202
3237
2252
900
6377
9329
3076
3279
3057
2722
1141
2511
4443
7790
898
6141
1715
2623
827
8083
6675
7043
7897
6701
1698
945
8237
6045
2728
9296
2189
3676
5473
893
1829
5384
7314
2256
6918
3746
4471
4071
5563
8127
3140
5308
4537
135
3290
1312
92
6629
1900
5375
6631
2968
963
3089
6332
2161
9257
9850
9387
5281
6218
1092
7642
8890
600
7176
399
4376
5173
3904
9518
2643
4469
698
514
9573
8440
7984
3679
9880
552
3755
5546
4405
3227
3184
2607
8092
7977
9467
7842
2954
4731
6600
398
9722
1556
6260
1657
4158
4375
8015
8231
2200
9379
7423
5671
699
6734
2423
5696
4016
4908
7430
1254
326
1895
8794
9507
4459
9718
3336
5058
9403
6153
5091
3195
4267
5519
3895
9462
27
7230
7805
8777
5895
5442
2255
1639
5608
6544
7093
5048
542
831
7372
8572
3026
4585
4767
2930
8993
9034
1793
7552
6237
7887
2538
8971
6471
3297
3374
2434
9896
2403
3409
4985
2553
8025
3659
3411
7986
3511
6105
2323
8531
4263
1129
8686
697
8340
6995
6216
9626
5593
6086
6147
836
2860
1223
2752
5933
1268
8031
9711
9747
230
799
4234
7319
5569
1929
1387
4636
663
7836
9444
3811
1151
3430
24
5663
5789
7489
9318
1461
6910
502
4013
9358
322
6984
249
633
224
1420
1432
5166
332
1484
675
892
9841
6381
8099
3429
1713
3824
2497
4574
156
3785
2147
2960
2854
6204
6952
6514
1705
1320
7533
7648
9935
4361
9029
1197
4458
1382
1184
5041
6845
2874
2208
3383
6331
4096
6690
1315
760
1453
1992
7688
2102
5719
3123
7050
2792
9546
5740
1702
4775
2872
9677
6843
2347
8582
9828
1074
2885
9647
9227
9128
4274
9326
7768
2281
8992
7547
5831
6870
2173
6071
6265
408
3634
6316
2766
6686
6171
9107
8921
7139
8739
7580
7602
2796
4773
7148
862
1962
6327
2210
8763
3030
379
3439
6421
6283
8756
5111
9288
5234
6072
1981
8837
718
7011
1456
2341
8109
9631
3700
3099
4236
9402
9293
5005
2226
4339
8560
4260
2101
3048
8406
2296
1462
9073
8919
5969
6519
6698
837
2897
1218
9221
8452
7029
7625
8505
6443
3702
6713
3449
3177
6615
4966
8699
5668
4939
6268
2280
3705
9014
771
9535
5987
4148
3764
8103
8416
6264
350
4541
1306
5054
114
4674
6857
1888
8192
5146
6144
330
7519
5785
9998
9619
5427
4009
6406
1647
6722
9115
9441
8428
6551
400
8236
5899
6368
1341
9100
7268
1477
8194
2153
6281
4078
6239
3825
3067
3061
6136
5689
7870
7170
7179
250
7705
4556
7301
8602
749
8765
3225
58
8240
4219
5024
615
8254
3549
6894
839
7631
3305
118
7435
1694
7797
7403
7703
6339
6954
7754
9809
8410
2030
3775
9127
3479
4646
5811
3805
5745
3602
3703
2964
508
1512
3999
6609
9668
7379
9314
2746
3951
5582
731
6640
2566
7572
2197
8682
3122
1209
7841
2735
2185
6050
7957
9598
7545
4563
9041
5028
7575
4088
1736
3837
4990
9102
7288
7643
3012
6428
7038
337
2778
7725
9429
2842
3555
942
7507
5134
1898
9017
295
1654
2000
3558
1731
8359
4856
5104
7632
4999
7771
2599
2655
1683
8596
7835
5250
2830
4524
9984
8759
4763
1421
2742
1688
8172
6245
6392
5923
1089
6921
5712
5870
4909
9033
6731
4785
5420
2171
4498
4695
614
6590
2940
1409
1618
1107
7889
7919
8936
2975
1750
4199
4069
7076
3930
476
7440
4539
7407
491
3806
7702
7251
1625
8615
4311
2920
3940
64
5434
8323
9885
511
3005
2976
5401
8370
810
5003
9845
1584
5160
7504
7283
940
9295
2393
2217
3015
9865
6261
2424
6571
8965
9884
1065
7639
4589
3218
5620
284
2343
6462
5587
5020
5869
9599
7732
9427
2459
9362
214
7876
201
1975
6812
5443
1889
7559
5649
5806
5217
7411
5695
274
6229
2084
4828
436
4012
540
6633
9155
923
3683
8199
5673
2390
8841
5659
9859
8328
6414
8762
4297
9153
4041
8883
7827
4497
2313
4205
3286
9419
4145
8857
3033
3988
903
7539
7494
517
1333
5691
8664
2034
8266
9090
1501
9348
7460
924
2923
6094
8877
2087
8525
5449
4201
5242
3839
2552
1904
1291
7640
6371
4018
3420
4717
2152
1021
7752
1241
792
3792
5047
7851
3215
1340
6205
5842
529
3348
1004
1876
9457
512
1933
5829
996
2559
7715
3685
4513
8374
3543
7786
7499
9461
6662
6031
8733
6476
5293
3472
6495
9496
8935
6330
8242
3419
9319
7259
5398
6945
1449
8065
8674
6386
953
7615
6394
8870
5634
8529
2061
4395
4771
3767
4687
1669
8301
4072
9047
5966
2595
5561
5248
8076
5645
5452
5743
7426
1917
7206
6704
8168
9733
9366
5185
6481
2145
5227
1005
1338
7763
4852
6723
902
3250
9797
1662
7982
2731
9408
6860
5097
6482
8158
1337
2319
7421
1576
6262
1774
1277
2516
2862
5680
9263
1375
4679
9541
329
5302
8095
4231
1538
4854
8415
8752
9945
7404
3459
8963
6585
4369
297
7213
2214
1116
385
9095
4822
6202
631
7263
6649
2928
9245
5901
1838
2360
5823
7852
9103
4151
7058
990
6288
1915
8773
336
1232
2054
4386
8606
2744
3448
3592
8004
8137
2795
1300
8361
1119
4193
5653
2674
4566
1600
9892
3753
3684
3495
6613
6359
4316
9640
5598
8013
3673
7697
6955
3818
4249
7914
7891
3385
986
3150
6595
1627
7497
2097
9679
7358
1213
8144
5887
9071
1374
7644
3277
5774
2645
8816
6304
8339
7611
2274
3694
1298
8522
9084
9513
4950
4341
567
8425
4850
8067
3161
5151
5306
9491
3861
7536
9643
523
4320
7420
6527
5446
5648
7249
5510
4740
1469
9572
1371
8714
1845
3379
8709
1957
6426
909
3623
550
8368
919
4924
3932
7874
8514
2492
3741
5688
5444
7964
4460
2122
7685
2014
8570
392
199
6322
5739
2134
4823
1682
3337
5362
3866
9346
5628
2785
7189
4961
1827
8995
7594
5761
8591
2911
3231
5287
6054
9204
6227
3804
3260
2441
5445
5324
4601
9534
4596
5509
4550
9975
4611
872
7240
3630
8317
9067
8443
7474
6975
7160
727
4627
4931
5741
1412
5682
4172
6119
932
18
6823
5777
9006
9192
2938
1250
98
9501
7991
2036
1377
3032
4898
1581
6032
5210
2665
2276
7002
4135
4927
1803
1764
231
3567
2400
7312
2476
6939
4525
8904
6122
9431
1882
4488
1543
2624
6679
1777
6720
6137
3844
4948
4592
1137
8651
6466
5531
7706
2615
5027
8880
3009
5290
7555
6634
6140
8087
939
7456
3870
660
696
2659
8063
9605
8642
7203
2433
7866
602
1582
6310
7415
1770
2113
8839
9777
4455
1579
9899
6163
470
4879
2893
2578
4195
6784
5683
6492
6111
621
9879
6246
2307
1198
6483
7027
6518
5415
8500
9657
9734
5382
1188
798
4523
3339
6755
1509
245
7553
2137
1681
1327
8647
3366
9075
1854
4198
4757
74
6762
1434
6769
5976
2010
6761
6169
9835
8186
8140
6491
933
6013
2066
1722
8601
9775
5596
9466
3745
7905
9524
7904
7199
8448
3817
4659
4873
7036
5181
1814
5081
7369
4916
9435
3680
1316
8897
7858
938
9268
2427
5360
6711
7431
6353
3107
2294
988
6033
9111
8456
1893
1983
4103
5852
327
5013
2598
4441
5213
4329
9803
4670
8583
2634
5655
8397
2465
987
9682
6886
681
7024
3013
5321
5344
2169
1761
3165
2477
2046
6770
5946
1091
5560
3216
4846
2776
5240
6893
5929
840
1205
9742
5921
5291
8688
8185
5172
5138
8969
5943
484
3658
5441
471
2164
765
5313
1717
3810
4239
9646
4456
3392
7445
7397
7560
3992
1910
2741
8781
1679
2073
7772
3801
9050
5412
1063
2666
6015
2299
947
2965
1414
1247
2099
1836
7634
146
3194
1553
9306
8638
7930
8384
4907
9198
2733
3780
1660
7081
7470
3585
9933
7102
6457
8223
6858
9156
138
5986
5061
6997
3649
7573
1690
5391
2755
1931
5260
3739
9834
8943
6115
4464
6452
3317
1363
5766
8488
9195
8818
9311
3382
7345
6220
8600
4098
7367
8991
6102
3607
3582
4863
7277
2240
2555
8927
3652
4795
8458
4228
8780
1831
4512
3539
4175
1833
8012
2063
927
9579
4647
3377
4632
8128
5589
1655
1328
6427
7210
9345
467
7037
8873
8294
3777
907
4976
8020
1029
9365
1899
828
458
3083
6863
4590
3198
6087
4683
936
8840
8430
4702
4007
773
7548
9811
644
1262
3800
9623
2639
3186
5339
1027
1117
8888
8764
8071
6478
2466
4490
7186
6070
5350
2636
4614
4181
335
4734
1696
6961
9890
7806
6694
9921
7679
3199
3998
3189
9970
9375
2764
6420
9886
3928
5019
8163
3293
2702
726
5669
9705
5266
3249
2072
2080
2227
3665
7428
7175
4534
2832
8669
5757
1487
6740
7395
6078
5183
4613
7465
5858
7112
8353
9018
5270
6516
5942
9576
7072
7993
8932
4694
6173
2205
6210
4944
349
2337
7796
2160
6902
7996
4269
8074
9700
1136
6436
5325
2801
148
5082
1417
7374
7608
6289
8562
2829
8887
3352
4777
4779
4814
2535
8408
7250
1135
6300
1908
9665
2411
5030
6489
2305
6799
3957
4159
9023
1794
1653
2683
1123
3996
101
6151
505
4964
3342
6781
7708
8100
7947
464
3608
9225
3173
8681
5868
528
553
7408
3846
3808
841
8181
7332
7871
807
3706
2684
9754
9036
3751
6696
9949
6500
693
2364
6242
3270
3893
5516
7220
6987
4780
5685
9627
9056
9730
3699
8324
4156
753
7657
1314
6915
1266
2130
1293
3498
8391
5738
5602
2009
4364
3357
4036
1644
1294
5804
1039
4250
9236
630
3376
2035
5259
1444
705
7741
2827
8333
1481
9595
6038
5388
7791
2551
8281
3125
783
1811
1514
3609
3827
5644
2348
3821
153
3909
5469
4844
701
6116
5106
7655
412
847
480
5767
2470
998
8145
2039
5771
2221
2921
1483
4068
4006
4745
7483
4358
212
4233
8244
4698
3247
5643
8655
9059
2202
3058
7907
8743
162
7121
1695
123
7232
6578
463
8509
6156
1767
6063
126
7475
6625
1120
683
8248
5553
1452
6674
2714
248
4756
3506
8609
9395
1439
2937
6899
6340
4331
8767
7671
7162
4941
9193
1408
5826
5282
120
2696
8165
7044
6714
1670
5014
8054
2573
4830
9224
6620
7020
1149
4190
2603
5759
3285
6243
7033
9988
1457
9226
8869
5706
143
155
6971
7770
232
1015
1008
1892
8905
2670
7098
9971
1190
2324
4371
2448
6669
5573
3212
8347
4451
6530
9743
5971
8393
4312
8630
2788
8268
262
6935
959
722
9951
1862
6064
1555
2503
6200
1448
4120
9043
5891
6212
8942
6854
1930
8587
7164
9446
6803
803
1459
7694
7000
9650
7622
645
1405
4713
1245
4272
1566
1846
6025
4030
5875
3487
8845
391
4607
3853
9297
7184
3408
6608
4654
7999
3484
8008
9331
3934
2987
9690
646
1823
8499
8784
778
79
8800
4843
2718
5435
3852
95
607
9544
7357
5365
5665
5165
8241
1828
4624
6058
5839
1050
8341
1905
9607
2681
9636
5896
5039
8036
4875
6862
6415
3813
5122
7723
6311
8469
4584
3840
1295
9281
9868
6743
7502
549
6089
9681
1169
9254
2783
9725
3315
4276
8689
8467
1673
5704
3718
3708
4393
6341
9475
7284
5356
6941
2984
826
5536
9093
7042
9906
797
6470
7939
259
1227
9207
1244
390
5357
3858
3373
599
1628
6689
2770
5294
1630
500
375
5351
6881
3907
4628
784
184
6259
4292
361
5924
2439
9267
6919
8050
1345
14
9995
416
4357
363
9247
7554
3903
9575
5859
2757
9512
5978
9004
1513
9601
2522
3446
6020
3143
2815
8216
338
3190
3090
5821
3569
857
6830
6719
8836
5853
3378
8645
3946
9218
2369
3066
490
610
5112
1103
6217
1255
6753
4417
6847
8871
1433
9905
3968
5863
7472
8336
8120
1167
5752
8107
8465
3914
9383
7399
1649
7995
7187
252
7935
3153
9540
673
3581
6439
1381
7185
10
7773
908
5535
6980
4271
3791
7681
7537
9089
8817
4542
3890
950
5271
5610
4917
9589
8432
6958
4582
5984
4444
957
6749
5551
2041
8988
694
8042
5254
1549
5937
6079
7601
8826
5930
8414
3492
439
4101
438
8694
8785
2391
8724
6766
6412
3577
2128
8274
1850
5710
7451
7916
2978
3631
584
4969
9770
2060
9683
8478
1263
4282
4186
4187
5
7667
9839
5422
1495
8998
4289
6401
6561
3354
6083
228
4634
5579
188
136
7346
7173
8704
7360
7606
5913
7138
1830
5267
4885
9532
999
57
8771
9979
8148
4954
3723
2076
3095
5615
3113
9062
4682
9790
5288
431
5454
4911
9561
1384
4388
7023
261
9066
2236
7114
4599
8183
5754
1998
2991
8225
6717
3905
2527
2563
2203
88
29
5577
2149
9010
5977
2946
980
2868
9820
5950
5497
6673
4833
9488
1394
8632
7925
1017
4671
6768
1251
5983
499
8698
445
5026
6785
2877
9455
1952
4724
7149
1602
8385
2029
4280
5274
5320
6213
9423
7161
1460
4697
6485
2751
1285
5465
2704
4365
3292
8413
1783
3989
5920
692
5352
8030
288
8797
4884
9833
8093
7684
3750
6101
4106
7125
8438
5031
4938
2418
8079
6248
1988
8117
7967
8742
6959
6508
5529
4965
2572
4732
879
9312
5203
4768
8959
7366
1395
7906
7309
4690
9968
6546
873
5126
5233
3707
6098
325
257
166
1920
811
1922
2915
6702
9123
4185
8492
8693
846
1466
6352
7744
2926
3912
7816
858
3952
6225
169
5008
8975
6468
7749
8215
3370
8299
6090
2081
8735
9964
9188
3004
8758
4214
8060
5622
8710
5338
2762
2454
1358
5576
6000
6446
6343
3851
4387
7894
5652
9481
5733
9458
6333
2019
2880
3071
1296
4445
2887
4758
6814
8343
5177
7997
4535
5355
2749
6357
6849
5856
6873
9434
5406
7169
9228
372
3428
2168
8850
2104
2182
2628
2357
8220
1458
9190
3207
3809
5249
8494
5758
4248
3560
8805
4877
303
460
8081
7540
9359
7513
8876
5405
407
6275
1152
142
5184
8613
7753
1540
2116
9270
2336
7453
5612
4508
4045
4803
6407
969
168
4609
2484
9831
5499
7542
9079
7769
3547
6806
1886
2588
3108
3599
8571
4997
8461
3294
8941
3877
1342
5128
3433
4338
544
8258
526
6807
5335
7348
7936
3975
8170
6682
8747
3774
1709
1278
8874
5098
3041
8657
6875
2856
3857
9096
1219
6195
657
2007
6166
7337
7678
6411
1610
2834
5919
7188
5672
5542
7458
9262
5675
2967
1423
7845
8449
7222
6052
3529
7669
9950
406
3736
1464
1224
6019
4367
4986
4868
6255
5614
7242
8997
6715
4049
5466
9673
7365
7171
5590
154
5331
211
3160
2245
3368
9667
3395
2270
7323
2625
8278
7053
555
3879
7107
8868
4586
2673
1885
6643
2690
6040
848
9310
9659
4737
3397
3619
4029
239
5080
1361
4421
3054
3035
4663
2839
202
7266
9769
1940
1994
315
9108
9978
8300
6699
3654
8961
9738
7624
5423
713
5088
7799
7444
5621
9630
5882
6991
4720
5200
3985
7390
7253
8535
4606
8335
3643
7183
3246
44
5539
175
3954
4928
8320
1965
8207
2243
9097
2277
2142
9020
3319
9171
3146
536
6815
8551
9005
7992
4218
3059
9344
8084
1890
1867
8000
5095
767
911
475
7406
6834
3307
7247
1049
3276
4015
914
9476
9364
1446
6254
6253
821
7596
7178
4648
2973
111
1848
9013
5196
7296
5489
6001
4637
60
6009
8532
63
4134
8056
1537
283
763
7920
8365
1178
4981
5101
3838
9490
6021
1521
617
7869
8668
3580
5475
6006
7025
1522
8006
1113
3193
59
3117
9356
7886
4620
7116
1982
6270
7351
3228
9160
9678
1645
7434
72
9374
5347
8554
2353
2641
5115
418
2695
2297
7354
7308
7396
324
7546
4493
1158
7234
7069
1034
8113
2262
594
8779
2172
8291
3976
1454
3841
4729
6274
4020
6764
809
9206
443
9497
6532
2293
6801
5216
5056
7949
991
265
7787
9654
9320
6385
6214
1000
9810
4483
2562
9477
6926
2396
7530
39
496
2958
7599
4253
3402
641
6230
3309
9439
7117
6968
73
4400
4515
9184
4858
5953
344
9269
3854
901
164
4521
4849
627
2340
5873
5604
3423
997
8259
2947
9870
4337
9371
4129
3698
6405
2806
2729
2970
2629
1061
651
9229
2328
3697
752
670
8811
3332
5474
7256
2059
7031
8356
2819
6703
637
8090
8520
6936
497
5601
1370
2239
7448
3084
629
8407
5877
4414
426
5011
9264
9182
26
3006
7527
5377
7629
200
7877
676
691
7714
3115
2886
1286
668
247
609
9372
4010
4102
5404
2998
2649
7893
2910
4051
2616
9274
8617
7628
5834
8549
6370
7239
8782
3371
7672
1864
1993
4629
5247
5985
4925
5538
2259
3648
4603
3126
5524
5731
2850
6932
507
9824
4429
6076
4014
8346
4439
9854
1621
6992
43
5898
8703
8249
7471
9000
1095
6793
3617
3593
2078
3647
6240
973
7747
2432
9844
4776
6816
5318
9959
9912
9542
3245
6404
6531
9717
795
8553
479
1180
4176
6112
5224
4327
9504
318
2288
9425
1290
3898
6597
6545
838
7898
9781
7361
9881
5301
2455
8389
6877
520
5002
1544
8277
8091
3020
2079
5409
7764
6972
6990
8946
3701
9483
5702
7262
6533
1390
2213
6455
2440
8319
1598
7727
7883
1031
4657
1735
9370
3038
6638
1912
2151
2451
9857
4086
3691
9117
6337
3412
8401
1475
877
1173
1545
7441
6319
2586
9813
8561
2215
271
2867
4351
9685
9440
1918
3663
9791
4290
8484
3050
5379
6073
8419
6069
527
2871
3871
4962
4224
1216
9502
1204
984
3566
5348
6654
5265
8672
3502
2647
8116
5133
7414
9134
8947
578
6293
3474
2315
2851
4243
3831
7274
5023
9124
913
4324
6290
4790
626
20
4761
2421
5450
3830
6347
6584
3240
5040
8555
4019
3036
7014
4880
4651
9655
8388
3367
9862
7819
83
3338
2574
7653
9130
7412
2452
9580
7075
6299
5074
9587
9471
8663
7724
3490
9731
6965
9332
7318
3814
4945
6005
4403
6846
8916
1166
1728
5999
1973
1858
4050
3929
7419
5043
7461
3092
6960
4728
9469
8480
9339
8005
7326
6328
714
4090
5822
3653
6923
3405
3295
904
1275
4865
2068
4638
1226
2372
1128
2990
2
8293
9194
2456
9074
3136
6842
970
1195
1040
8684
3394
5794
8956
6526
9686
1357
1072
7878
5471
451
5838
8037
6431
6363
2565
3172
4912
90
5479
4112
4889
7030
6639
3043
309
2376
9773
1398
8229
1599
7244
9990
7270
4568
1066
9732
3803
1510
1997
7260
9559
4296
9294
8072
2407
3104
7659
7953
6832
3589
5945
9323
1805
2890
9976
686
7833
11
7721
8214
1222
9189
3915
6619
2698
650
7486
2103
6655
9981
4579
7446
4640
8069
3223
7425
9724
9907
9786
2963
6487
7180
1060
1873
7196
8966
9873
37
880
3889
3941
3931
2524
4448
5230
2414
2907
4330
9904
6291
477
3867
2510
5044
3657
1109
1966
1221
1200
6765
8043
3457
2686
1651
466
7467
3070
8901
4810
4739
2825
2983
6652
8204
9853
774
6777
9172
5994
1766
9736
5925
6594
1217
2193
8150
6263
9871
3872
6733
1122
4348
4285
1784
4360
9167
3779
7063
7021
2467
1597
3624
5727
4615
1157
5472
87
125
8979
2201
7422
8167
4552
8360
5284
9231
8521
285
7103
2303
4960
9651
4995
219
6671
8539
8221
4082
8913
2682
3045
3298
4684
5909
5431
6716
3939
2017
358
371
9565
8832
9552
5744
1144
2803
6318
462
8926
4183
3266
3224
7838
6496
6657
9415
4060
4028
2786
1001
2544
9169
568
1115
9514
3243
1551
4317
510
7119
2611
4723
2282
7092
4392
1399
2475
8661
9762
9987
8350
7016
3788
6872
3142
2936
2663
4919
3470
85
5408
7485
1206
6621
2015
7429
1587
2426
1583
9814
6309
4987
1297
441
6556
2326
9154
3310
7610
3503
5280
6687
4686
7687
6964
6324
606
8289
6850
9633
1745
6998
5123
276
3695
2506
286
5782
4481
4979
6741
167
8595
5768
8789
3756
1024
9286
3594
8620
2443
448
130
9931
7971
546
9183
6334
8173
808
6752
2162
1376
4791
8581
7217
2822
8175
9992
9350
3747
1131
8902
6666
4262
46
5591
3422
3017
554
6821
6454
2772
5993
8263
8161
1214
9592
339
6138
2115
8403
4461
7378
9451
86
7503
563
6999
3994
5699
5558
9837
912
396
1181
7197
1567
6588
6266
5763
6790
3482
493
5390
8659
504
6510
7267
8387
272
1110
3157
8665
6658
4067
7190
9333
9158
3197
1271
1941
6824
4240
5715
4216
8022
9401
3415
1879
7364
195
2006
6190
7824
8007
3977
2679
6820
3704
2155
9140
7238
9278
5345
7221
2260
6512
5565
7864
4238
3426
4438
8787
4793
1948
2919
1765
1524
8605
4958
4818
2235
1780
1530
6610
429
2283
3950
316
9191
8512
3836
1779
4932
149
6400
203
8184
3923
2507
638
5295
7788
7814
3233
244
7066
6317
1763
5029
8677
6930
2306
1572
8788
6497
4229
4874
4505
1416
3288
8667
4270
1270
256
4587
9279
3771
4821
769
6413
5926
9026
6320
8687
3933
6660
1585
4536
6623
895
1841
1927
4277
7022
8958
4509
9749
4301
8078
6464
2550
5505
4222
6160
2070
6369
8322
1075
2945
2513
1758
42
3364
8297
8354
7948
9301
7884
5437
487
3210
7287
2021
5723
4910
9315
5820
3355
7781
3911
5905
7488
3682
6825
6963
3094
3064
5093
8727
4130
737
3991
5507
539
7698
7137
5269
7464
7386
7413
4693
7808
5867
6162
7742
281
264
4092
4902
2529
7826
9584
1289
8489
3901
6016
8608
2597
7074
3762
6103
3052
193
9152
1281
1118
3049
3102
9953
2278
4517
3650
6417
3625
4699
1076
450
1385
6010
3667
8987
4709
302
3120
565
9774
3636
8808
4213
56
4664
5316
357
4518
1760
2238
7683
6869
8550
2446
5124
1719
6794
805
5090
1949
3790
1359
3443
1781
2082
9893
2269
2244
4166
9040
8096
5000
7598
6203
8715
5970
473
8479
4241
2680
6989
6221
4600
6354
6683
2366
3124
6082
7958
5597
3671
8648
6878
380
6108
3993
6432
5383
4555
9448
9694
682
7955
5457
1007
8970
3732
6887
2662
9485
77
8143
9473
564
3196
5231
6504
171
5651
6880
4163
3327
6944
8111
7004
489
4704
99
9480
2329
1637
2875
1907
1505
1658
4275
7006
3563
7120
7133
2040
1782
4595
2186
7015
2775
4310
6929
6667
5176
2165
556
1339
4918
1809
5117
4381
674
185
9456
8558
4968
8003
8573
2367
2557
186
1956
7612
5756
7713
115
9923
6538
3011
6606
2929
1
306
6685
6011
6241
4811
5860
596
8748
9248
3360
165
1860
3079
3899
6312
1667
5195
649
5548
1971
8900
3505
4741
481
4255
444
764
2232
1573
920
9779
7321
2136
8793
516
5547
6565
5965
8112
8755
948
8211
6408
8964
2545
2523
5314
5221
7526
7028
5991
1700
6043
3666
1207
4150
2124
5174
1609
4598
4466
7505
2062
7511
6664
3085
7890
4409
6856
5639
1786
2756
684
8819
1236
6313
9307
5810
5893
2531
5455
455
5936
524
8001
3669
1292
5439
6680
2394
4942
3044
8131
2207
3552
2020
3510
3480
1991
5753
7500
8760
8104
1987
4750
75
4708
8486
8502
2721
9787
8922
1287
270
7068
7811
1077
6888
2548
7623
9135
6747
6234
7654
6780
9351
4378
9867
2472
2498
5279
2939
1353
4805
5709
4522
9621
1378
1373
2482
1393
6587
8540
5670
9271
5647
4188
6277
1785
7410
3346
6567
9223
3843
3984
4220
1608
9421
1256
2748
8977
6866
3333
4212
2892
8026
3710
9972
5512
8463
7163
6321
9424
4554
9238
9940
5317
1548
7269
8436
4065
8543
3063
9687
5334
2549
8139
3211
7306
1953
636
597
1025
7236
4726
7064
1086
1825
2493
3537
5364
1742
6882
3436
4204
7437
2837
2272
1680
9608
7932
9038
6007
4520
8706
3481
5411
8528
7228
5746
5374
8585
3181
2672
106
2404
6297
9554
5701
7258
5564
4196
145
4124
7294
4107
4673
9538
5075
9918
2725
3507
8603
9696
1064
7215
3847
723
4002
4383
6783
1486
3256
8676
5974
6129
8302
8375
854
2509
3118
3956
8985
8064
9382
5613
6876
9202
6672
8442
1369
928
4710
870
7482
2652
2026
7145
2175
8024
1819
9291
7313
2849
8548
4770
4004
1891
6165
5367
9706
3300
5607
9937
258
9101
1498
1801
6034
9793
2870
7910
9391
1476
6280
205
5802
5914
4178
319
433
2736
8670
1225
4168
1492
3396
7915
7129
6535
28
8952
9472
5057
353
6117
7740
159
2107
5817
4653
5076
7879
766
856
2449
7328
8206
5346
8010
3388
1656
2253
7913
2883
1428
9170
2750
1939
4374
1711
5152
9303
7912
7585
687
7587
6403
3902
4899
9750
8721
6839
2828
2069
1035
415
4543
194
3301
5697
9691
6864
0
7946
2692
1186
888
7652
5148
4915
9804
830
6586
2610
2853
7578
2485
8402
2460
6563
9545
1716
5836
7737
4336
2187
5554
3738
6362
5575
4146
8856
5370
7147
7009
2709
4063
7159
5735
7820
3034
8906
8041
1796
3501
5581
4837
1331
3943
6670
1869
2057
2071
9146
4487
2932
6979
9243
9590
5751
5035
6490
9378
3349
1038
8740
9261
1164
4345
7731
2246
4623
9511
7008
341
7200
3324
7638
124
7325
8180
6938
7478
2435
7324
7938
8976
4304
6928
2415
8746
1033
420
9453
6256
867
8518
5720
2412
2884
8058
7462
6800
8376
8838
8506
5904
1535
9856
6592
7315
8592
9818
2922
7096
1623
8814
6252
3101
1916
8960
4575
4545
5333
8217
9644
3413
6425
8515
5657
6628
7520
7501
3820
1189
3878
7854
3254
8881
9991
7046
7945
779
3789
982
8162
6970
3080
4617
7837
3765
7872
139
8451
8741
1612
7512
4819
9241
5329
3008
2218
735
5915
8646
6344
1738
6134
7525
6124
4485
2284
4820
6817
9099
5813
6949
2584
9764
3453
5635
9664
561
8673
3925
5749
8029
7857
861
6159
8363
8679
1274
4672
6874
9432
198
389
8629
6075
161
2719
30
7059
5389
9039
4778
4424
1863
7010
9503
2905
1686
9825
6705
3039
3606
7035
5845
9354
6185
6397
1326
7795
7265
5717
9492
2120
624
2370
7195
4920
7487
2688
1978
6693
7127
7209
3410
6447
9175
1397
8251
2471
6914
7099
108
639
6779
730
209
8569
1047
6827
3230
1558
887
3134
3865
2627
1053
4836
6373
5755
4665
7140
2352
1685
6109
6053
3232
2437
4027
4787
2447
1279
3075
1935
3584
8424
937
9756
573
1192
7544
1299
8218
3455
4747
648
7350
3489
3530
9336
3111
3304
8719
4711
4749
2754
8121
8421
9751
616
5034
5871
6314
664
4903
4094
7613
9957
1554
7257
5851
7605
2864
9860
6056
3164
7803
823
2896
6897
3387
1729
1447
4824
9692
2399
382
6475
4379
9846
1663
9474
5381
2953
2621
6459
3156
832
6127
5762
8332
3106
2618
1430
9889
796
9133
8925
3586
9452
6916
8106
9141
1242
5963
1108
5865
6612
3532
1967
5368
5894
1500
1499
785
5393
9165
1154
8246
7557
7716
9894
9680
2763
4343
4504
2416
3978
8567
6744
7839
7862
2395
1305
3010
9698
5448
3042
4872
7660
1058
1379
6736
3467
8382
131
2144
3239
918
4759
8296
3147
4610
7047
9022
8798
2726
2422
5312
4037
5065
432
6808
9208
5825
4021
2318
6113
7341
7280
9822
1847
4428
2739
6187
4881
5481
8471
3022
8984
7400
4138
4994
8267
9230
4604
4982
3238
8380
6951
2298
3421
745
8607
2496
7380
5549
8658
6068
8491
4678
9083
7157
2043
3425
5103
1790
3672
7825
4408
180
7745
3321
7172
2386
4113
1972
3444
70
8049
3219
2045
580
7054
366
2974
740
3138
7666
3553
9943
5506
7710
6023
4825
2564
7109
6387
7981
3452
9057
7980
884
9106
3761
4083
2631
7302
4503
6042
869
6946
8245
1085
8643
9322
5632
952
6285
5223
9253
2125
1084
9392
864
961
5459
5815
8366
1795
6148
6688
2855
9641
1633
2813
5363
1802
5328
4203
229
8968
6786
7670
1482
6511
7001
8156
2669
8464
5319
3590
1455
8280
5864
4273
4676
3316
9672
8287
3948
1431
9727
6308
8372
6707
3568
4616
5453
6549
9399
7577
3793
793
3834
9757
1372
9721
9058
3103
7646
3001
4492
2374
612
9613
5155
9829
1865
1078
5464
5433
8933
8073
7177
8654
5211
7166
9983
7746
9393
3272
1632
2878
7809
5079
3097
9032
32
3983
7070
6718
5045
4608
9196
94
2996
9080
2231
1083
2811
2602
2768
9594
6724
2942
5418
5995
1057
6677
9162
1839
4079
3441
715
4053
6479
2568
9597
9547
9277
3621
2457
3561
5371
8205
8126
6365
2300
5189
4206
6782
5491
5438
210
5340
4788
2863
9145
7049
4507
751
2982
9928
189
1097
7245
8483
1684
4888
3953
8736
9938
7875
6298
2712
9046
9826
7616
8202
9499
2701
8493
4003
8085
9735
5225
405
2320
5525
9110
6851
9517
112
4084
3687
3967
2619
402
4959
2530
4893
3114
5881
1267
3982
4540
8534
294
4073
345
8875
7017
4315
7626
966
6896
1360
4681
7983
4284
7918
9566
8147
6055
246
8379
9430
4077
9377
1317
9324
3917
8697
5854
4973
7550
2022
1356
5414
5784
5238
4442
6627
7342
6903
6607
6176
2992
1304
5959
6767
1919
4149
3389
7071
4738
3528
7463
5916
1689
5650
9449
2944
7700
4480
6691
7963
4116
515
6453
6653
4319
8848
6517
3462
3591
3028
3655
9132
5848
7517
5532
213
6982
9852
8337
7817
7235
2657
6088
1106
2345
1310
2821
4980
6154
736
8519
5679
6883
3018
3688
5304
8306
2917
2135
1238
8861
3003
9098
1235
8671
9486
5214
1755
5623
2908
317
7619
8957
3469
1497
2289
2180
9635
5513
6841
5004
1942
7393
1675
6579
1503
4328
8824
2279
2575
4281
5616
4491
1733
1153
6360
3900
7122
3381
2711
2950
1403
9516
4722
3986
8260
7150
7292
4342
7334
1143
802
4963
5958
7818
1624
5773
102
9494
9069
1671
989
1661
447
134
4860
5010
2843
5586
4115
9922
4802
82
2583
3312
503
3973
2540
5486
5373
2389
2765
2436
1126
3509
8696
4783
9888
9661
5814
1386
4423
5521
9726
6668
6114
776
9776
1018
7614
8396
6632
2380
7290
7902
7141
3949
3828
958
5517
8316
7225
8101
8556
5468
192
6650
8650
4800
347
2569
632
1171
2091
8446
6924
260
9338
1437
7454
2117
9699
7828
2873
1826
7863
9011
287
4591
7589
4476
5807
4001
6506
4691
9817
8198
3573
237
5922
4223
7831
688
5765
8369
2018
2458
7330
7131
7868
8728
2999
5113
9807
3500
2949
282
8338
2237
179
9210
509
133
3772
8232
572
3768
6130
3311
2325
2720
2067
2833
4792
3417
1909
7582
3579
6395
8827
9629
2791
6440
4171
3406
3535
1489
8152
2699
1009
8364
2961
5127
2241
4891
3610
2344
8046
8468
9442
54
2154
6065
9926
6170
3942
592
5585
7757
4266
2852
369
6822
3340
741
4812
8621
1436
446
9766
2519
5973
8276
8705
5168
3401
8628
3135
3760
8929
7095
9523
9761
8517
8200
2033
7492
12
5268
8358
8262
5232
9335
2914
8631
1799
643
6465
8455
7563
8304
5278
7227
1030
8190
8002
6676
4054
8089
4099
931
7418
9941
2587
4930
4430
5428
2285
4897
2994
1989
7549
3618
2089
4161
8075
3876
9433
7135
430
8508
6507
5154
2687
5179
267
4748
6189
8821
4225
4957
8222
9149
5567
8367
943
7636
9843
4952
3646
4413
569
7538
5197
6553
6301
5941
3874
1775
2191
4746
51
3570
820
494
8227
2096
9368
8193
4251
2818
3269
1928
8279
8978
3972
9212
8378
3493
6384
6524
7881
7780
4867
6049
5819
1800
5470
7155
5541
8308
5956
5358
6925
1011
8834
8059
5800
109
5989
9916
1744
4111
5769
7376
1606
8447
1193
4796
5748
9250
5215
1541
2131
8972
2402
6859
9147
3835
5721
22
647
930
7931
6665
5078
8637
5136
4143
9042
6614
5109
9025
9381
1121
3944
3612
1851
7118
3744
4929
428
8611
3460
9447
2167
4254
2977
6907
3995
558
2879
2782
1984
4033
140
6128
235
8843
2392
3037
6861
9139
7339
8457
9622
7726
4200
5636
6811
1605
8454
2653
110
1068
9768
8896
4807
2536
7880
1330
3299
8822
7937
1087
7469
720
4402
8734
321
2556
9087
4377
1596
8552
4416
1187
7974
2387
8018
7969
4061
4157
9901
3322
482
6499
6342
6913
5402
9973
3144
1550
3242
7928
2924
5017
1611
2737
2630
69
3314
8593
8568
2700
3742
5007
1526
6776
5049
5736
5640
1634
9299
5883
3885
7303
635
97
6207
8730
9470
3766
3795
5086
4415
1003
6158
4160
5660
9341
8226
3131
8914
3100
7516
4760
8445
7571
6943
7493
1896
4434
1253
9255
4110
2760
6051
1344
2804
7847
3000
9201
5046
5641
6235
4340
9355
2333
4934
5102
8270
5728
9463
6474
4173
5972
1720
9944
8511
3565
866
2589
5219
3770
2047
9591
800
419
8053
5229
9509
4433
7490
4533
5674
9688
1563
4817
5631
9982
3468
2090
254
9363
3159
3551
5021
6164
9771
4727
7438
8915
7728
6589
3752
5461
882
7084
9851
6409
6315
868
7709
374
2882
2671
6219
5194
6039
121
3645
1934
8920
5931
9479
3514
4307
3690
9498
6107
9875
3826
1413
8122
3887
5776
1737
1636
5661
6855
6529
7165
204
6721
3096
2644
8212
3486
9596
4370
1620
4108
7911
4527
8348
1146
4453
7651
6018
3016
7216
6570
7722
7316
8264
8546
1392
8882
8903
5064
5236
6067
6398
5033
5855
9526
9767
3922
182
5239
4531
1643
3894
6194
8685
6802
5310
3445
5862
1093
5487
9343
8753
4031
427
1797
1704
2622
4578
608
3754
6325
1872
5416
708
1237
1400
9178
842
8371
7317
6852
50
7934
4755
6635
8086
3908
4696
9752
7518
8863
8610
7692
5378
1042
2838
2781
440
8986
6700
6582
2111
640
2491
7940
5772
5917
4426
3056
2777
1817
5629
7067
5261
397
495
1901
1870
3538
1532
6294
4809
7531
2635
1871
8864
6463
8633
1792
2600
3483
9827
7734
6375
1861
2605
8329
4242
7673
6986
7087
4230
4786
6296
6081
2956
1980
1820
6708
2543
5130
263
3601
9048
9199
7154
3069
3918
4256
2094
4705
8160
9703
7760
5801
9092
7368
812
7051
5482
2941
754
2676
4562
6139
2055
2230
9543
3351
5419
8039
2546
4152
296
3259
384
9112
652
2761
5798
3151
4532
1849
8973
8859
7720
9952
9610
9606
6543
3656
7985
305
6645
4921
6725
1450
387
4835
2261
3598
5837
8273
5592
9234
8377
9603
9081
8578
1752
2797
4174
5207
4716
4197
9794
5199
35
2717
2539
7668
5425
4411
5498
6681
4323
6372
9428
8513
7073
1201
9816
801
7439
6522
5424
4612
5400
8851
2590
6191
1951
6302
917
8776
7609
9962
6848
8441
7922
9796
6085
7576
2388
1163
7355
1531
8849
2198
7968
8584
7509
3759
5730
1036
5906
5237
1185
8737
5070
4842
241
8616
1045
3515
4635
6604
1592
453
9211
894
968
4658
4876
4832
9252
5703
935
1429
1502
2016
9910
9242
896
8405
6831
2216
8108
8981
8466
2931
7942
4577
1936
4774
4265
7756
3278
6022
298
6867
1199
9624
654
9272
4861
3554
9530
7565
2790
1424
8770
3116
4984
6988
4278
2632
2904
2767
9078
9760
7593
2740
2405
404
1638
4325
3025
9376
8435
1542
4142
881
7830
152
1990
3471
8349
1280
5349
890
8738
3303
7966
1880
116
4293
8566
4355
1234
1347
9648
9519
2845
829
4703
7226
6145
5147
9506
5206
5932
2642
6402
1230
7252
3797
6494
5099
7436
2899
292
3938
343
9487
6520
977
758
5135
4202
7514
8790
8708
5376
6791
9895
9637
1258
1659
6066
3456
107
425
7581
3308
9780
971
4736
5068
6865
7246
2317
9709
7409
8852
704
8557
2196
6184
2807
5889
7322
1804
2146
8134
9443
9259
1133
3180
2613
3398
4022
855
2444
2092
1672
2499
5716
5387
1529
6389
3860
15
2685
7755
9716
1806
6599
9897
9142
2831
452
4548
3435
4026
5395
7
9407
9934
9055
6962
5884
1808
1859
2988
9373
7143
4565
2596
2859
3450
5493
5997
1336
7333
2780
7926
1517
4549
5096
8891
2254
49
7202
1999
7804
906
6349
6161
724
9744
3458
3325
3587
4510
7762
8325
7385
995
7310
5897
9216
7286
3399
2234
177
6542
860
9085
1013
883
9533
3540
833
9125
5779
7665
6046
7484
457
5421
2724
4744
2174
1265
6367
2304
4011
2836
208
5962
4294
6174
4091
3400
8498
5533
3167
4286
5336
435
9161
4412
3794
6819
566
2841
9612
1014
2342
132
1159
2263
3461
8624
147
3154
8713
3926
340
7674
7975
6558
6659
9317
6451
5460
2463
548
9763
6467
1440
2594
3171
3862
5892
8577
4765
4983
3029
7532
9289
6231
7362
9563
8547
280
4853
4397
4182
4347
8769
4633
6226
8683
4165
3183
744
743
905
6552
9104
5330
7607
5394
3284
9181
5944
1073
4062
2199
6445
8362
8723
9340
7664
7621
5380
2966
328
2316
9012
3251
6131
9414
1798
1071
4075
5190
9120
4519
5694
5878
4940
4951
9342
2105
4478
5182
2759
5341
4064
4217
9723
2431
530
6528
2934
6178
5353
8974
2074
7707
7952
8473
7254
7373
290
6809
8292
2708
8247
2334
4422
8951
6044
1740
4553
4989
7142
5948
2023
8427
2528
4209
6591
700
9616
1349
6100
5630
7285
6305
4335
1516
5684
9094
5396
2378
6947
2667
7524
6976
9217
1692
6110
604
2474
2487
8501
8269
3485
1350
6307
3812
2758
411
1410
6656
8189
6077
9468
5083
1059
2656
2143
9872
4859
4733
3475
4769
1301
5618
4404
2257
934
9799
9418
8899
3897
6442
9065
1471
6732
2051
2312
3959
4538
6577
4789
5243
1332
8179
2211
291
8559
8021
7650
1062
7104
6751
7105
424
3822
4701
9328
5642
233
3465
3128
9300
9936
3121
5251
8459
1231
8604
9802
1754
7776
3296
8490
8989
6486
8055
8219
8928
6710
3235
9138
4399
