3796
6147
7186
9268
1992
4117
3537
2439
9497
1127
7827
3394
699
646
5794
8089
7293
7009
36
5004
6570
4122
1622
6561
4484
5215
8208
1589
9389
660
539
8470
5271
8309
9568
855
3866
6542
1627
4679
4221
6700
8434
9212
9667
9596
6004
517
1280
3970
5228
6023
8760
4690
7116
3416
8726
1486
9186
3210
5929
6677
2556
628
4901
8621
5013
9330
5210
1983
828
7490
7195
4018
2436
9646
934
6401
7698
3338
5183
6517
6829
3997
8209
9397
7057
9349
7658
7554
7145
1515
7635
6744
650
3200
9001
9539
6979
1362
2720
3109
5296
4719
7989
7718
4235
6333
6134
5007
8385
1322
591
4695
2844
3073
2970
7901
8605
3617
54
8105
5002
3581
651
5792
2879
9870
7063
896
9154
3680
7360
8573
3105
4516
7782
8002
4084
8971
3961
757
496
7917
6816
1111
5290
1471
1436
4974
9745
4182
9495
6658
5194
6188
167
3570
9428
5405
78
5721
2647
6819
3170
6151
3972
9534
3153
2681
9061
4976
2643
5518
6106
6843
3632
52
7943
5544
1054
9795
4454
6123
8903
614
2390
3407
7303
7694
3244
8942
401
4324
3190
2979
5243
7350
7654
21
4035
9345
9802
8183
9041
8615
1475
5844
7392
3687
7637
3042
9814
6640
9076
8065
2936
3445
4652
3999
2342
7769
8167
407
6589
1514
8780
6258
9263
321
1697
2157
1789
2045
9519
1482
7705
3955
5371
4344
2999
3423
9780
2780
1249
3633
4009
2038
6909
6247
4434
4137
6673
3931
5579
4281
535
556
4763
5502
7321
7501
1158
4866
8914
2624
3532
7659
673
8898
7336
2783
3229
1367
2481
428
1425
3473
191
84
460
9774
7840
3245
2173
7217
9867
3287
1497
893
6213
4210
7436
4500
3761
8034
75
5965
9737
1065
5492
6991
3474
141
9432
1342
3183
7794
1525
2269
5627
9508
8103
4726
5330
1773
9648
8715
2818
8653
4969
6732
1421
3830
6727
7980
2645
7752
2184
5261
6015
8196
6433
964
3578
9618
338
704
1264
4245
1172
4948
9374
4150
8007
5878
5113
7171
8870
1070
2789
9739
4813
6994
9733
2888
6304
7747
9383
2144
5439
4265
613
9748
3521
6905
3849
195
9447
7023
7506
3184
6186
2029
4552
1715
3361
4207
4600
3076
7700
853
5292
9279
3906
4788
40
9157
7686
199
8122
6981
8874
5597
1816
6339
4740
7896
7121
6977
9313
9827
9835
1159
9609
107
1593
3958
7027
1991
3722
402
3908
7779
3404
4218
6158
3319
5164
9752
8523
5235
6685
8582
1358
2409
4989
2986
9090
7816
2058
7962
682
8327
1404
9758
8561
6872
5345
495
165
1509
4008
3489
7480
8025
2051
3857
157
6008
2552
1803
8287
7634
7176
1023
3427
5395
2455
5779
4416
2522
1208
518
9254
5338
465
2747
8249
6144
2945
8063
3826
4827
5136
2897
4707
8729
9631
8337
8513
7749
7493
1371
312
4749
6494
1784
6725
6183
3767
457
2158
8050
9410
1048
3104
4549
9533
7125
2315
3878
8820
1731
626
9053
761
2602
3957
5633
7784
180
7290
9512
8622
1121
6171
7954
1788
6445
390
9300
9473
4313
6221
2954
4897
6072
9312
7224
4171
7884
7914
723
6950
9308
2410
7142
4227
5711
8690
3776
915
8688
6758
9302
9440
5583
4527
5233
6110
5221
630
7848
1167
8891
5912
904
6591
8693
6165
8097
3082
566
2589
2256
1380
6277
5061
5860
4430
2638
4040
8017
1321
7771
666
2359
7365
168
4304
4101
7349
8996
182
9348
5096
4786
2485
362
9056
927
5204
1452
6992
528
4161
8872
3429
209
2340
4093
5960
5556
4400
6412
440
4267
4687
8238
2155
9621
8702
1662
611
3863
656
536
3514
1477
7533
2757
3556
9716
3091
4794
8094
8657
4429
3950
9678
1455
6625
3072
3794
8033
7134
1339
6164
3324
1109
4570
51
1215
2178
8282
2906
7983
2852
6961
6334
716
1426
6066
5584
8857
5508
9895
4550
6430
2946
8541
364
8916
3217
439
1679
2418
4828
1560
5849
2957
8441
8851
3456
1865
6756
4526
8113
5277
4917
7854
6352
2955
1814
2141
8926
1125
702
3738
6854
9566
8797
9847
2510
6448
6543
6173
4431
135
4052
2835
7442
2518
5383
5463
8536
6065
8367
2517
5077
7412
2172
4126
4999
9622
1131
3987
8216
3660
5059
5797
8462
9492
6826
1467
6965
2159
2790
839
8308
8602
2100
4255
6751
9009
8044
1144
550
7055
1547
6676
2484
6283
4721
9011
2171
2526
7549
6647
1481
7511
1649
8570
2748
5499
7502
3984
4830
844
2247
1618
9429
8067
615
6118
1905
9664
7058
3670
1263
6781
13
3001
1265
6987
3727
4781
5034
2863
5848
2704
679
5897
3452
8537
1505
240
3613
3260
509
2379
6133
4446
6310
1488
2735
3469
7139
9376
1028
8595
2891
6044
7066
1820
1621
8932
4939
8998
2195
8632
7593
7681
4882
3079
8984
5335
4777
1149
4338
4248
6429
3345
5511
8104
5262
2632
5973
1476
9677
449
7922
1296
5934
4502
5852
1347
7452
170
7352
4076
6735
6456
7556
1778
6272
173
9210
8682
2562
8360
5825
5385
4922
4920
2595
9908
4269
2773
7343
8782
8165
3943
7408
7287
9868
178
9518
7229
3553
6325
1017
177
9977
3413
1166
671
1511
4864
9145
5720
6195
9877
715
1423
4514
2797
9066
9943
1846
4375
9303
6294
6983
8334
1716
8391
7167
6714
6212
9817
8604
4657
5976
2102
3903
7746
8171
9939
586
7720
5996
4542
3070
6529
9786
4364
4524
6545
9729
3128
2298
3785
4241
9462
5790
571
8079
3832
8350
1228
1101
1402
1206
3812
7074
1397
9220
5120
2715
8489
8912
3420
3439
9655
274
9855
6718
3626
6697
8071
7454
4380
3167
1822
5323
3953
774
227
8532
6190
2966
3043
6850
1580
3306
3173
7103
3198
809
6737
146
944
1585
6849
6516
9673
3887
5370
6069
9670
3457
5644
6820
3299
6582
8220
5958
5068
6805
2360
6823
1132
8744
5211
8142
7082
5017
6814
9896
5479
5280
8083
8086
4106
5675
7629
1739
2153
3449
8946
2566
410
3468
7521
2865
438
2620
6937
2995
7065
9156
7486
4743
145
5466
1640
61
3930
2634
1353
1695
5709
2307
6196
787
4019
9846
905
2953
5886
8938
6020
2075
3364
4311
5504
176
1508
9000
8440
7205
1072
7841
9472
2525
5505
6876
8193
277
3465
2424
464
3792
4588
9320
5315
5354
562
5637
9004
2662
8881
6704
8340
4787
6142
8227
1552
6942
7999
7929
6957
6000
5063
9037
4402
6763
2784
868
5246
4599
8237
8135
7887
3998
2492
7921
5821
197
9936
9669
5548
7089
1934
6481
3475
1281
2956
2819
3102
7300
2370
1910
863
5608
4911
2710
7198
2285
6054
2003
7740
256
5374
7930
5311
9986
7527
3224
2070
4815
1190
7868
1134
2575
8127
6179
6479
8240
128
7815
3168
3270
7184
7050
960
5030
4153
2693
727
6248
6999
6458
6320
3789
2594
4401
6289
7542
376
6492
7600
3384
5621
4289
2030
7039
5097
1007
8458
5409
5108
3119
8987
4387
4808
9861
9360
1029
5533
2568
4680
4731
6474
4129
2399
116
5851
8597
186
832
2814
2302
5616
5698
5771
5765
4582
9510
4586
2828
8394
8059
4374
3334
786
1887
4594
228
468
4883
7644
2148
2133
8549
6736
3758
4473
9884
5884
1343
9295
4775
393
320
1954
5161
1950
5166
1457
7460
8722
6037
126
874
9882
1886
217
8482
3356
6800
9701
2046
1035
4993
2303
1392
867
7231
1448
4508
4558
2181
688
8611
7727
7666
6898
9651
56
8610
6740
1799
4356
9197
2336
1955
1655
7483
7534
6120
2321
8517
1727
3388
9108
917
980
1626
6651
9164
7580
4279
6411
8278
3890
5373
4544
4724
326
661
1041
6003
1673
5359
7785
618
365
2241
2234
2035
2690
7862
6645
1357
5009
9211
9314
276
3519
3936
8843
793
1251
9623
1489
907
3993
9625
7200
9287
207
531
2489
7832
2275
9379
759
8221
4130
4730
5762
1702
3544
7852
6525
6285
9373
2466
8405
2040
4909
4905
1037
1549
8783
6392
3644
984
3451
5122
2913
6588
9797
4087
4186
6924
6934
431
2584
2416
7874
2630
6930
8791
8846
9554
8718
4097
1714
8189
2310
5933
2079
6881
5104
2233
6852
4757
7440
7731
203
2219
3272
9543
5155
3265
5134
8003
8144
4448
2895
4904
1668
2696
8016
9042
6684
356
2421
1782
8907
5274
8869
2383
2277
4168
2572
8815
427
6879
8698
5964
8392
1682
7512
9304
2404
7252
8848
2823
6556
4340
4379
1538
2885
1231
4098
7296
7260
7617
7665
4812
5705
2271
3375
9405
753
2452
4839
9937
1176
8739
2726
4996
9572
1548
1629
4376
6287
7695
4478
3096
7711
8399
4001
2884
8488
1284
9491
9645
767
3344
3214
5649
1979
8520
5512
9790
7388
1772
9194
8603
739
5223
1653
9722
8953
4533
7207
949
3692
1019
9948
8643
5531
1051
6968
6079
1038
6896
8416
1063
5983
3316
247
3846
2238
4728
4543
2444
2965
8325
919
318
432
6771
1943
6521
3385
3828
1195
3760
3669
973
1646
4505
2513
6978
8393
7369
3771
2558
9055
3192
8085
9771
8518
4700
9342
8320
262
4975
8853
4285
3868
4887
6403
8068
7995
7982
4826
2460
2011
4089
7374
730
5334
6314
6192
722
8346
6382
7227
5275
9740
2799
7426
8667
5741
5453
7994
2983
6146
1740
941
7348
5026
8251
6970
1235
5800
4077
8412
3894
4034
6091
7265
2260
6121
8200
5264
185
7476
952
6466
4318
8774
1202
3259
6156
4776
2186
4125
5412
4283
2795
3294
7956
7882
1756
3143
3749
3181
76
700
4438
1946
2907
419
5348
885
3151
4389
6888
181
4337
8049
6187
5451
2355
7507
7583
3980
4625
8398
6405
1544
3933
8184
9425
6794
7736
6635
3572
1223
4790
7069
3851
9035
1512
6951
985
643
4729
5953
5539
1770
8500
6236
7595
2065
297
7389
477
9628
9085
4712
9015
1031
5780
245
1968
8812
1692
8245
3373
7939
2089
6201
6620
7094
8571
7078
9695
9275
1931
9110
6057
9205
8863
5989
2208
2811
8564
1677
6128
1198
5916
6332
580
27
4573
2739
7791
555
2375
6208
269
2057
2174
8114
2742
461
453
6952
2962
6982
3927
1043
5284
5251
4870
4394
4226
6478
2266
3954
7710
780
341
4557
2215
560
4342
7455
8021
5942
9391
5356
7651
9080
3885
7931
4252
3571
4968
7566
174
3055
9540
4865
5831
6619
9570
542
358
4579
5574
2910
372
9901
6532
3914
6554
1978
4064
955
5832
3106
4003
8765
3986
9358
2514
1617
9102
7429
8966
6870
9148
932
5342
9443
5861
1867
8701
2006
827
9344
9605
800
8146
1211
3982
5560
6132
9912
7088
3788
6855
313
2908
681
7947
8300
2992
5648
2919
7869
3656
2356
3434
5244
3497
9283
3872
6897
3164
8763
336
8045
1261
3386
5037
413
7256
2725
4028
155
6520
5646
8945
883
791
5317
7684
2135
6652
6835
8695
5522
7147
6688
2434
5928
87
9158
28
5615
8154
2152
7783
8153
6923
4121
1534
7152
41
5413
3343
7853
1114
8058
4284
3706
9293
5408
4461
2655
3710
8311
7522
5853
7204
3919
7448
9003
6416
5569
745
6767
9674
7489
833
8318
2756
8626
3230
7070
9925
4621
4023
148
4850
7609
6844
1302
3877
3389
4711
4580
8934
5737
669
5471
2380
9889
2581
6477
520
5073
9484
6847
9933
7111
3732
8284
7021
2775
771
7965
8787
6910
3745
2124
729
1754
4814
5429
8338
1163
5433
9078
8322
3884
16
2535
1685
2603
5282
4447
2212
2435
8831
3160
7808
7570
5112
8321
435
1442
4450
5242
1178
532
2585
9615
9213
3174
6058
7969
5168
678
3064
2391
5854
7865
9290
7883
221
737
9567
4936
9099
3268
752
3415
6522
1102
80
2242
1081
3769
6034
4806
7818
8866
2357
8451
5536
2317
4946
3960
154
709
9149
200
8046
2938
3264
4559
4916
9013
9538
1994
3640
1117
8502
8658
1689
1516
2282
1141
4718
1438
2798
7959
4581
3962
3529
3496
3131
7140
515
2611
3888
1671
4143
7286
4006
8606
4144
8012
748
222
4682
196
4080
6882
4007
1906
8261
3688
9241
4692
9226
7587
1616
5680
5606
273
3107
640
9558
4973
4674
9935
1790
4487
275
487
1725
7177
4051
718
5902
7008
4702
6185
4290
8751
7191
5817
4445
4070
3659
9188
4662
8403
7611
3974
5480
7973
7405
7
6644
2320
7715
1597
6690
7133
8073
6449
7004
2482
1836
7866
8756
5085
7034
5600
4880
6483
6783
6046
7371
8256
9601
5801
3130
7525
7893
3444
4046
9446
1783
5692
7767
8474
4607
9994
3819
6731
8368
8609
8877
7157
6241
1086
9635
7857
9463
1838
3283
7396
5179
1473
4246
5922
1925
4693
1771
7728
3141
4156
7047
1344
935
5650
5553
5219
6425
3120
400
8508
9199
6511
3945
1703
946
6863
1592
325
7591
7272
4355
405
4095
2661
1842
6074
2491
8288
3329
856
2750
8913
7986
8117
7620
9976
8294
4404
1893
3603
1720
9746
4565
7308
2294
8468
8883
4483
6095
380
6036
4670
8839
6301
7325
7564
9227
3916
7164
3948
1042
8578
1174
6232
8819
206
3515
7387
8810
2969
8106
9505
4256
9238
7544
8802
8809
2840
6634
5820
1607
1374
6911
928
9770
3148
7949
9899
5070
7759
9468
2576
1909
622
8599
9999
7096
301
2988
9058
5515
4798
8267
8879
232
8871
8539
4016
2596
8892
6623
8526
5365
9490
35
4752
2252
6966
1090
4297
89
1173
1609
4689
2086
1633
7097
1379
4146
7953
6828
9324
6462
5686
5086
9050
3447
2324
4479
4367
7833
409
8304
9588
5188
4863
7650
3791
9893
7174
9713
3180
2382
8922
7639
2224
2760
5974
9546
8504
6255
2935
2036
9714
7856
6646
4027
6636
3453
1518
6249
8565
2764
7584
6867
3098
4592
5967
9929
5911
7910
9249
3279
1454
5368
3216
3820
467
5310
6925
3585
4634
1192
7114
8006
9962
7828
270
8271
9151
3463
3395
6222
7467
5775
9825
3637
71
4667
3103
3296
3864
877
2000
4063
8222
394
1360
5399
7041
1080
2139
5610
6669
2545
4892
4482
5866
9448
901
2202
7875
2206
7120
6233
695
606
2559
5010
5944
7864
5991
814
9025
5568
7399
2449
5870
4353
1039
2463
1623
2265
466
9039
458
1083
5695
8925
3929
2432
8528
4518
7016
8029
2235
962
9225
8895
7788
494
2429
7809
8473
2759
8501
486
8442
3829
7590
7048
9413
3004
4440
450
563
3821
3612
1501
5327
3162
5192
6081
7282
2267
4714
9834
3247
2778
5162
6469
9333
4547
3399
981
8268
648
9991
5690
4738
2591
5307
3171
4791
1758
6955
2701
3176
5815
2960
6358
4119
8696
5622
8972
8628
5048
2815
3778
150
8366
9153
7259
1795
7661
5064
1939
1227
7598
3610
6024
1088
9838
9525
5121
8150
6530
9458
1698
224
7206
7064
423
5449
1914
1115
1608
8060
554
130
5604
1674
1266
6969
6726
5523
1624
1988
5980
7468
2325
9830
6901
3327
5529
1883
1872
3314
1989
2605
9370
4837
8335
3855
8435
5601
4772
2309
5380
5684
3403
7194
861
1760
5256
1672
131
4335
6136
2440
8026
7907
6894
8206
3336
9905
9417
8672
4782
866
6683
8709
4955
9593
9915
7906
1045
1126
3398
6154
9215
8940
5147
5743
6618
7208
7843
2021
9599
6371
5735
4000
103
914
7967
397
5755
9286
9047
8032
6243
4855
7548
6408
8101
1892
8847
3282
3881
8546
9346
9175
8548
2369
8753
768
2180
4792
2736
3939
9036
9928
7012
2592
45
4468
2810
5969
2280
8289
9972
6895
7356
1056
9198
489
2660
2541
4994
9412
1021
8070
2549
9660
523
736
7890
5688
9603
4701
2894
7428
6342
8775
9023
2351
3744
2646
6292
8263
7424
6986
408
6996
961
3248
5227
7996
9223
5107
9006
4190
5447
2610
3702
9920
1976
1733
6440
5808
8567
9393
5757
564
7829
7022
7773
7960
3220
7966
1468
1169
9769
8259
9555
3476
5635
6022
212
9065
590
3412
8224
4405
9686
5805
3491
3579
9347
7825
2249
1145
796
5747
8217
4209
3313
5921
696
3538
3379
1393
8725
1307
5216
7646
9626
1395
2291
4925
6193
8464
4583
1894
7741
9424
1853
3743
1510
5868
4809
6604
6027
5656
6745
110
4849
852
1300
2991
2176
115
9879
9409
8390
3022
8585
5476
3041
4796
5346
8993
3947
9476
3606
3672
4017
4039
2928
5140
878
47
8004
4044
2490
2013
8837
3011
6067
8678
5581
2073
6988
6276
7291
125
7657
8182
7337
7173
7427
7536
5809
3949
8330
3860
283
396
9421
9317
8937
2209
5842
6082
1000
3598
4910
8262
7998
4381
4912
638
3724
6373
8141
7878
295
8370
9420
6159
3369
1738
8148
2119
4441
6355
3175
2055
3428
5575
2855
5767
4895
5252
2512
2590
4240
5401
2972
6579
8990
4183
8568
2540
309
7981
6601
850
4329
7858
5904
4795
231
2699
9590
3823
627
7031
4943
6699
5824
7333
674
4211
4642
6812
5658
5708
3178
7688
9082
521
1810
8807
2615
310
1871
158
5043
9427
909
9091
6569
7532
482
5386
6414
1938
9163
8478
4383
5920
7565
3477
8353
7975
4611
4841
5585
1485
9809
8080
9143
5357
6229
2217
6127
6757
218
5931
8173
4244
2853
7028
57
9823
6214
7335
6796
4987
9073
3454
5625
6960
3017
6085
9799
8714
3548
484
720
2723
8878
7283
9644
9075
2334
9524
3937
8421
5903
333
6397
2488
5761
7763
1133
2278
5513
2551
7003
7997
3619
5363
3300
1472
1085
3847
1257
7647
9693
636
3225
5220
3708
3302
5200
4032
8254
6860
7407
448
368
5421
3620
3450
6427
756
5258
6724
9060
1319
5726
3774
8467
9339
6562
5827
164
3060
5137
8161
711
3352
8118
9059
7118
5126
3507
8955
6741
5514
9580
5241
1777
993
7985
3196
8967
945
3875
4532
6175
6939
3023
6523
6351
3484
5875
7859
2123
6360
5239
1558
7888
3668
8009
1033
595
3495
3520
2899
4593
3276
5083
6109
9953
8694
5245
6842
5966
755
1277
4875
603
2702
2480
7213
754
379
9917
4659
2685
3831
6920
3062
1130
7817
1965
5387
871
892
1278
9717
8031
1408
2388
9753
1811
2984
4471
480
6498
4986
5835
4491
882
1804
4276
6509
5899
9853
3978
1792
6792
7992
8235
2763
7760
8929
7099
5730
6632
5662
4428
1647
9849
6958
9706
1700
5101
9291
3815
4194
3935
8723
1999
3286
9368
9014
343
5907
2154
2170
7717
8970
2648
6544
8373
2601
9046
5131
6012
9242
4495
18
1586
3685
1775
3355
4013
9430
1990
9274
546
834
6713
9193
701
1721
2831
32
6330
2881
4372
2088
2772
9726
8400
4510
2056
1451
4155
4072
8386
7317
8348
5712
4425
1980
8024
3059
7719
7309
9191
3295
8850
8341
6316
3693
2457
807
5483
799
8494
3502
9709
5487
5985
5415
1363
6098
4179
1891
990
1373
9499
7712
9578
3195
743
9978
1929
3554
6160
5184
2312
6280
1409
5454
522
3893
3089
5565
5732
8762
4833
8280
9728
5278
8867
8481
2850
6298
3400
5527
7912
7110
202
6396
8858
3856
6546
1487
3713
9987
1359
9514
7409
4060
3213
6286
7141
2244
8624
5978
9494
6349
8303
7990
2515
8572
2684
958
1003
2716
7624
762
5740
9337
4966
8552
1696
1012
9997
3142
2054
5982
2022
9989
1815
3566
5855
3182
5906
5060
6948
8717
2801
4469
6138
9301
7672
9218
8430
3406
1830
7137
4929
3777
821
3137
3129
9441
3086
7792
9230
7632
7377
7307
3648
4099
4407
3057
7897
2286
1240
3586
8295
5589
951
6217
1507
6674
3127
7225
9142
5618
1160
1728
9784
4953
6628
8023
6169
7974
3715
703
9595
9092
8323
1024
2020
4938
4515
3227
1290
2546
5489
3348
5834
4574
7169
6717
2958
7270
3714
5006
2104
55
2670
8906
2707
1936
388
4840
2160
4885
6444
527
1873
7144
9028
3595
9887
3410
616
1643
1824
350
7592
3807
3582
4779
975
4595
9478
837
2619
4388
2297
2692
8919
9310
1030
6575
4138
9431
9183
584
3212
4096
3686
121
6093
8544
5913
2538
7734
4783
4587
7918
3236
7131
9556
3634
3479
2162
5777
3118
7465
4427
3911
634
8844
6831
4851
9659
6696
8830
1581
214
1014
4423
9574
6031
7886
1735
6706
4903
5181
5843
7151
2613
840
455
1103
3255
1832
5520
1829
2856
6559
2199
2861
9607
3892
4054
2441
8617
5470
9801
2905
1299
918
1660
3759
9384
8668
9922
971
9591
1112
3607
4274
7197
7877
794
5971
5521
3289
7926
642
3787
7237
7472
9793
1644
1930
6936
2734
5764
2686
8757
6143
7362
2295
3762
1821
5541
5770
6367
3546
6215
9394
912
1413
6227
6228
1825
6940
1543
8218
4181
2381
9107
4800
7685
1565
6313
3138
4488
9833
4266
3568
3969
2304
7499
2679
211
7135
5798
31
9404
5816
5238
5195
7373
1666
7001
6387
5424
2697
7376
5260
4980
8162
6576
7674
4107
8176
1433
5559
6155
7670
1180
6402
7450
3490
4861
4476
3291
2793
4727
9196
8816
5926
835
8587
235
2069
3024
3509
5668
1470
3926
1113
2164
7153
8273
9208
7060
8619
880
5423
3087
5799
3267
8923
1602
2116
6675
977
9526
7453
8158
9584
7443
3402
3559
5169
7951
7491
6806
7729
2942
9559
93
5302
9981
3563
8116
385
3990
3351
7087
7269
795
6420
3730
7447
370
6152
2472
7802
4857
2363
6050
8145
4452
4312
8460
6931
9532
7610
948
2547
9754
1904
5947
2085
842
779
190
1877
3080
8378
3517
4049
1440
2560
5138
6435
8785
9633
6540
6984
2204
9585
163
5997
2161
3835
569
5593
4371
8890
4287
9067
9684
3641
7311
2458
3258
4991
161
5054
6250
6452
7081
6833
7803
5517
8904
1895
2703
9012
4472
4673
2264
6606
7942
9264
6660
3157
9854
1681
6733
4224
8091
3332
7559
2869
9913
9433
6891
7340
3366
7636
9119
5498
7638
3421
1960
9541
1964
8285
7800
2398
6182
3461
6141
1858
7835
1620
978
9992
1742
5306
684
823
1073
1780
5745
8072
6953
2129
4261
5493
3696
3246
4139
4435
6581
4198
3874
77
205
5659
3577
8178
1746
7780
3786
2017
2755
3037
8789
8556
5667
559
5591
7044
8364
3638
1361
9843
1055
3865
4778
280
2331
2071
1718
2272
6729
8773
346
1694
2654
2859
908
6119
933
1146
4919
5052
2365
9990
1137
4758
857
6108
4894
4785
9844
8516
9552
9335
5987
8247
2397
9536
3912
3853
6793
2967
5430
3085
8648
4315
7102
7850
1119
6892
4972
4341
7750
4365
9530
7812
4681
3199
3362
7898
9616
9911
2820
6115
5729
9924
2854
5782
2377
7560
4321
2263
3522
9377
8576
6531
929
6329
7915
7386
1226
2498
340
447
587
3088
3093
3323
7495
7345
5291
1153
3172
2504
5069
5458
5525
886
8705
3896
7306
7375
307
2937
5075
8331
1699
4075
4497
6907
6307
117
7188
6607
989
7024
4741
3266
6166
5990
8778
3880
5609
2136
2497
9450
2741
9111
884
9705
6597
8554
605
1823
1320
3467
3013
1314
6954
8231
5725
4073
3237
451
5016
8375
588
3380
1556
7416
4964
6327
7199
4696
2443
4545
2262
751
9815
4412
4391
2667
4616
8121
565
2898
8352
1797
1068
9181
781
6734
2916
9117
6754
7908
6836
4896
1351
53
8814
6153
366
1053
9611
1213
2230
6386
5392
5303
298
9553
2074
3209
2821
8671
2245
8225
9888
5596
7017
421
4187
4258
3290
6613
5025
3822
6746
6039
3202
2117
7148
6787
9910
9842
9403
4166
1301
1179
4173
1219
8652
4033
4551
8750
4981
5946
8088
924
4717
5397
8704
8316
6172
6504
4937
9658
3418
4517
120
6092
1375
1888
9761
2802
9209
581
5461
5704
2087
2845
4666
5281
1165
5485
4243
193
5186
9946
9062
5033
5229
8215
3208
6824
5253
2511
7703
9416
8172
5923
7503
5676
3371
6583
6563
5859
5927
8514
4396
851
801
6661
1841
8829
1882
6319
3019
2060
8586
8691
4257
9636
4189
443
5898
7449
2528
1719
1064
8432
9
215
3393
2990
2487
2368
5098
9366
7708
5580
8947
5839
8486
2849
5628
677
999
7682
3645
9927
6368
2950
3795
3466
5382
5443
2553
6538
2516
4477
4820
4511
6230
2964
7180
8329
7040
9135
5793
5796
2464
265
5484
9637
7182
302
9500
264
1439
5056
1095
5819
8779
8842
1920
5114
1248
3069
9863
8042
2574
3347
9355
9024
9247
7299
6608
7262
2243
3731
7612
10
9792
7302
8082
9137
7813
507
5041
7824
4907
3219
8465
2745
1987
2193
6946
8408
3573
3046
6451
1630
5153
3092
5182
352
721
1189
473
7761
4343
749
7123
2084
2131
4810
4223
387
5951
6476
5856
6084
5078
5889
8130
2333
363
2189
3599
8040
5746
7037
25
6059
8036
9116
8433
8927
7006
5879
9685
4307
1315
6207
303
9841
864
1793
8886
2115
4683
7733
4092
8781
3392
6356
8859
2796
6889
7668
329
3801
7722
5130
1312
1859
1625
399
6537
6679
7955
8747
3114
8120
5272
8685
8139
870
2917
6051
8590
9456
1768
3123
1059
9331
1186
7026
483
4854
9204
6343
9517
7872
8457
7508
4838
444
6231
2063
7212
3552
4890
9967
2311
3205
8093
2337
5885
9114
6657
8413
7251
5047
7689
7415
6615
3755
1712
6140
7032
1628
2137
8499
1105
734
5669
6262
2328
9069
645
102
4378
5435
1601
254
6653
6362
578
8422
5232
1089
4399
6664
6985
1604
6300
9791
7093
6205
2809
8010
895
2223
3946
3709
6809
6468
5490
3054
2284
2179
769
3305
9668
8453
4057
2761
4414
4251
1075
1670
6755
8838
7257
8174
1809
6202
6251
4088
8087
5784
5557
6080
7810
3922
2563
3358
4660
5932
286
8417
2880
6206
4025
8155
4420
5939
1306
261
4915
300
6013
3898
7619
2145
5909
68
5139
4651
3968
596
4760
7129
3156
7614
8752
1701
8293
2411
7310
1118
707
8991
4817
8596
7531
62
2691
691
9662
2422
4071
23
6266
133
7978
519
7616
3005
8047
6709
9471
6011
7745
1022
6350
3707
5185
2419
1450
4914
5614
2934
2041
4197
8721
2586
9235
2059
8061
7574
4944
9820
8128
5360
7248
4193
5236
2830
8377
7846
4990
288
8241
5828
3040
5867
8736
5681
8894
4112
4893
9577
6467
8832
9390
3694
2032
858
7605
7062
4608
5468
4456
285
1528
8854
5751
6621
6340
8203
7891
988
5273
9112
6797
9782
6775
6678
3542
2313
6423
4229
8
2066
953
1993
6614
2015
7697
194
8796
8936
7575
9547
4457
3047
1058
5594
1318
8134
6838
8908
1317
5297
2122
5857
9523
5118
5818
1047
9096
5369
6203
9369
2889
4408
2922
5620
1667
7019
9180
4029
5766
127
8985
2768
7228
672
9326
8054
9675
8291
9683
6446
97
7226
2975
4254
9851
1246
9945
9738
3322
2542
239
2220
797
2593
8100
2617
1128
6211
7046
9832
3504
7699
5475
429
9970
3293
2477
6803
2998
4188
6260
6506
4480
8198
5998
5673
4739
592
5402
8490
4079
5697
95
9219
2732
7837
4646
1937
8483
3301
2779
5925
8593
6331
803
9189
6410
3417
5564
8454
4536
3994
9951
1736
3359
4748
1461
6711
8835
8328
5607
9836
540
8035
2578
9687
4406
2503
6786
5021
5301
4578
476
3525
7342
3601
7242
7020
1808
9968
2339
3904
2642
9482
5994
3030
4111
5683
1868
9309
1571
308
3052
728
5074
5426
8371
2091
2746
243
4876
3150
4589
5894
4326
3918
1084
2276
8522
4576
8343
3274
4492
83
6274
6453
6075
8960
7582
9681
6485
5935
3871
6062
1724
9179
1006
7203
9131
2486
5467
4656
359
2140
2151
2973
9140
5462
5830
3746
3108
5046
6068
4633
6568
1140
2743
6218
5896
3956
3631
7944
3016
347
7849
9640
9461
8749
3480
6001
8875
5042
1253
479
6566
6503
3742
8199
7676
9155
2933
6851
3951
1918
2274
7202
94
8801
8614
553
4978
7054
2229
7957
600
658
5362
7895
4799
5304
9900
4632
8423
9276
6126
8363
3500
4671
2765
1861
9354
5193
8469
8357
9831
9594
4560
5645
3897
8137
831
8813
1819
7011
9689
9749
2502
2358
4522
7754
5654
1415
4619
1806
1502
3824
3315
806
1156
7514
8039
377
5322
8459
462
5191
3125
384
7505
2110
3800
4177
846
694
5968
547
8882
6747
4754
3377
5418
9125
6832
3431
8053
3426
3837
8347
420
9848
4432
3609
8382
526
1998
5129
3099
3678
7571
5893
2776
7344
4614
7258
5901
8179
5949
9130
7316
2293
4068
783
311
2454
1876
7952
9239
7964
2098
8229
644
2008
9159
1162
7086
3122
2582
3312
9396
1794
1827
9694
4499
6728
3068
7274
1316
9479
9008
3029
8670
5437
5419
9516
6265
4102
5605
292
7107
3161
7765
1155
3891
9755
3437
4834
7170
5234
2505
7161
3907
5445
7876
1170
8637
3773
1230
5630
7690
7555
7520
3335
2387
2493
6574
8732
166
7329
1352
2081
545
7420
956
4906
1498
4746
2674
1480
1107
9583
403
1229
2921
8484
4848
4501
2322
4780
4038
6944
4464
8466
1495
79
5733
9649
1345
5887
58
2028
1615
6042
1005
5689
4770
2465
7018
3932
2270
4949
3191
8951
7474
9460
5407
1199
9435
1641
1340
3944
6976
1933
6926
6252
1564
6030
6104
8055
389
2694
6539
278
1057
2185
1636
6886
3942
4773
2044
3051
3736
8961
9698
9537
1568
9813
2476
608
5208
9765
543
4512
8507
5465
9973
3720
3662
7247
4805
3649
8616
9401
5655
4605
1106
8915
9070
7714
6029
5954
6798
2451
8948
1786
6473
2803
5325
2877
4891
6921
552
6912
8730
9234
8383
4825
5768
4546
279
6284
4433
1225
5535
8255
5917
6379
3550
3873
3646
1399
3772
4521
7273
2061
9232
2523
149
5116
3770
5538
1100
2279
12
847
1981
1807
4170
3523
7627
4271
2373
6534
7987
9560
6998
6431
6257
8634
8115
6389
8234
355
7456
8492
4705
2183
445
1656
6497
746
913
8562
9228
8151
5555
3622
5840
7963
9146
2374
1391
3639
6919
4175
5776
6730
2644
9571
6804
88
2712
9280
6323
9224
8147
4090
617
7739
7517
6347
469
4538
4475
5343
6552
8510
7826
9319
4601
4489
9033
2687
9240
3368
8735
8205
1890
4610
9643
6928
9124
2175
1663
5375
8379
9049
7059
3152
8110
1632
8212
4789
8629
2113
7768
4528
3307
2348
5201
6281
6702
4762
4201
4195
4811
1975
7281
7578
3372
6825
1878
9307
9457
1539
657
488
1781
5528
7823
6668
2147
2400
2827
6779
2846
3169
3611
4654
5549
1787
506
785
2211
4793
7138
1774
5109
1869
99
5450
1613
2669
1864
249
8126
1519
8345
4208
7378
373
8959
8074
9826
2019
3557
2426
602
816
8689
5510
4720
9617
1813
475
7013
8298
7178
2719
1962
5209
160
5417
6137
5826
9250
6691
7723
1177
3699
3797
869
3424
2037
8048
1310
1496
1218
950
3985
4086
3870
2050
7821
1386
5612
4436
733
5943
5477
7656
500
2326
5678
1410
7535
3756
3690
72
2612
4598
7678
1665
5411
414
957
1104
1348
940
3593
2461
1527
5693
238
17
9501
147
6271
738
367
1753
234
9152
717
3793
5900
8692
2431
3002
6463
900
6962
8336
1921
2105
1097
1706
2675
3101
6176
9165
5957
6943
9094
5611
5752
9392
6369
2314
8901
3551
6264
8669
139
808
3139
9898
1478
9063
7834
653
3094
7033
1606
6869
5774
9531
1066
1096
1577
1959
4769
3027
4535
4260
9520
4202
3917
255
9338
416
637
9147
1657
8515
2829
5309
6194
4309
7596
8873
4983
7181
1554
9026
8828
7314
5319
7068
5804
2554
3651
3741
1164
4957
7738
9682
1852
4697
7599
8550
2787
5128
1098
8527
1034
9551
8143
6906
937
4305
1168
9032
2625
3158
8397
9979
5736
7680
8910
1346
9760
1503
1863
9966
9052
6007
1217
1530
5094
6163
8992
5682
3712
2103
1324
2981
9351
188
8381
411
3725
3136
8275
8836
1453
6927
6558
9957
395
9195
3653
1432
8768
8333
654
2231
5100
9044
3077
2851
8078
7543
4455
5165
4178
6245
331
3621
1532
4319
7185
5099
585
4413
5142
7319
2833
7437
2090
5124
3211
1870
4698
2680
9474
4418
7380
8640
4869
9359
4737
4523
5986
5500
2738
9439
9278
620
9168
2677
6116
2450
5576
493
1015
2288
8192
5977
9996
6722
5133
3629
4135
3513
8372
7892
6902
8905
1200
7861
7732
1506
1443
5952
5506
1254
6246
4104
4085
3782
5657
2698
505
1099
8631
4496
9789
7458
2097
4612
5563
4113
690
5067
7730
8387
2868
2221
1458
6026
3422
1737
7482
8911
7671
9299
8015
2626
5588
1687
894
183
2165
1406
7977
9187
2573
9891
3149
7640
369
2527
3493
770
6541
6715
6671
6184
2292
8057
8243
5603
8525
619
3145
3387
9894
2402
2413
6680
339
8636
7250
5051
5869
9079
2130
8159
106
6393
3063
574
5651
3503
8389
593
1491
2640
3543
2192
1541
7927
9118
7361
81
6306
772
897
9485
1551
1648
6256
4272
873
2627
4650
910
9642
4663
2588
3605
430
1949
2072
4004
6419
3391
3340
5803
5231
208
2353
4877
8064
9886
6738
3488
3798
4756
7648
4172
8957
9742
472
9696
4199
8978
9281
2791
8214
2034
822
1898
5366
7625
5558
4270
8770
1120
7633
6590
7119
3253
5391
6372
5154
1729
4571
9098
5312
2909
360
8939
9336
9341
112
9614
8112
8075
9954
4065
5742
2107
8825
9386
1956
5876
7941
6432
6436
1062
7885
4761
3733
1216
9252
3902
9101
8711
8964
6772
9327
7485
2364
4924
3481
8827
4314
4950
3146
4710
7451
1683
1880
6113
3664
848
8297
3419
3565
6834
4192
5249
4217
1875
9144
6167
4846
1661
9367
744
5072
8449
8005
5014
6162
4351
6502
7762
6032
3723
8305
788
9778
2214
1574
1328
9638
9828
5425
6719
4397
5337
1922
2187
7504
2473
9419
2352
8673
5065
4604
9411
6150
1654
6524
9133
8314
1182
1600
1279
478
7844
3370
1521
6238
2744
6723
171
7095
3442
1332
4411
6686
4149
3018
5012
6209
5962
7696
4174
6878
6548
2665
3981
6157
9756
1252
2929
4971
4768
2237
1940
4196
140
6374
3193
3483
9944
9289
1494
1744
7043
4637
5685
9105
4370
7935
434
7304
8988
551
525
697
7984
8608
5811
3602
2415
3083
1659
2053
1997
2622
2883
6345
1040
5540
7602
9172
5400
3729
5717
7357
7083
6406
2479
9437
887
2341
417
4554
4331
2915
2678
7516
3243
5716
8679
3326
8242
8547
334
9016
8471
3575
5756
1637
9029
3506
4120
1331
6917
8201
1203
3240
7855
4043
5836
3834
8896
9455
3534
1185
9869
4415
1239
3031
4325
6573
5602
1283
4872
2930
5551
7098
3032
4398
4350
4301
3889
8555
4409
4926
9697
2007
9515
1255
7201
4214
3508
6883
8534
5707
830
7618
6672
2577
7132
8332
9316
349
2940
635
6701
6782
6654
8166
2509
8759
1157
7950
1243
6508
9277
8038
3401
263
3516
1067
2367
9182
7933
4021
9874
5062
3221
1749
5358
7789
5446
1915
6465
5491
9548
5687
2385
9938
7899
8862
4688
3050
836
5914
2834
1896
4997
663
8210
6815
6873
3038
5459
3618
6365
3716
4081
5744
7645
8133
2931
4984
5748
5455
1723
8354
4715
7332
8111
2996
8674
8950
3028
5550
7075
1309
1061
9796
6587
994
1619
3569
2112
5254
4302
6415
7776
5328
1437
4184
1292
6279
4513
3555
9089
2807
8758
9372
2456
8980
9731
5329
5481
8292
2832
2403
2539
9284
7430
899
5545
8356
7124
4005
2751
6765
6839
2598
7158
6578
6177
2903
4128
7737
8190
2077
4627
5810
3625
7961
6871
4062
1123
2656
1828
2076
693
2149
1638
4933
7358
876
6336
6043
4699
1233
2804
8084
1071
4831
6593
6922
287
5119
5005
8095
319
9598
724
6254
9699
2569
9764
5331
9819
763
1650
5542
1845
8676
2394
5283
9109
7936
7664
5197
5248
3189
3458
3124
8553
6135
9414
4485
2543
2825
6526
9021
2012
9521
3850
4661
5706
6422
6267
1690
1074
2993
3234
2094
7496
4921
1011
2974
6712
2817
1242
3378
8479
7370
4988
5178
6487
3058
8505
3470
3269
5524
1557
7045
516
3567
7537
2711
4668
8733
1584
2445
6551
6784
6053
6321
8665
4525
3540
7390
6244
4165
7394
299
8296
9730
6627
9904
8436
1334
9965
731
9261
1752
9480
3061
3441
9470
4504
226
4494
7547
6603
6845
1431
9700
3783
2205
2386
1926
9444
230
8999
491
1492
7277
1566
9221
9216
8475
7526
6009
2405
8342
8195
4862
9306
8769
6129
4856
8724
1336
4531
2663
2002
698
4410
6025
1734
6748
7940
3747
5035
4658
4133
7523
219
1116
3033
4160
8496
3966
2994
337
152
5497
1325
2792
9527
7214
2557
8997
4716
826
4082
6268
8521
7223
5919
9496
64
3235
1709
9963
3090
6052
2305
8601
3433
9522
8639
5213
8703
3438
963
8864
1092
9185
8607
1591
5444
6629
6971
7775
4147
1354
7529
3045
5171
9657
5663
5938
9357
3658
7706
6877
1529
7246
4444
4960
6935
4426
8633
9772
758
4665
9166
1298
7395
7577
7190
5632
6959
8493
8401
7393
939
8776
1966
6846
7988
1669
5945
9632
2150
1110
124
8638
4747
2633
2495
7439
3781
5318
7143
4530
7687
7355
7567
9513
1094
175
6642
8169
4561
8995
5595
8794
3684
137
647
2257
8975
5084
4328
766
9122
6357
6363
968
667
3238
2177
8177
2188
9475
2980
8136
1422
8943
2121
8013
4419
6637
7156
2714
8983
6501
8542
5378
6720
735
1241
967
9647
4725
7130
4898
3009
7546
8981
3186
8767
2597
6776
9214
5993
5865
2843
5255
8644
4647
6359
3133
2347
8098
609
7313
7232
1798
7338
3753
7368
6322
9818
9589
6489
2900
4918
328
7419
8899
5501
7126
3285
7211
5132
7312
4215
3078
6990
5032
6682
7079
2033
732
172
4888
7402
5224
4845
8697
5845
4774
7236
1368
4123
604
404
7475
5787
4368
73
4347
5703
6662
9600
5631
5028
4322
6353
9840
9982
412
9845
4626
289
2254
4534
5496
8052
6778
8230
357
6398
1635
5587
3203
7778
9203
6880
966
6417
1765
398
7488
44
557
1862
9751
6103
6527
533
5636
1274
5189
7400
8252
5937
6801
3535
1985
9759
1573
4334
8566
5975
7550
4358
7359
6739
9734
5038
5785
6088
1688
3215
5457
9724
4352
6868
3763
4672
7187
3317
4470
3486
2878
5760
2366
2618
2042
1579
38
7331
2774
2101
9985
3808
374
4803
5719
9550
1050
9233
9676
4591
8250
4963
7014
7484
6114
5671
1963
1204
7919
872
8635
1474
4163
198
9923
5846
7621
5414
9641
8600
7540
9207
6335
4967
9747
2047
6993
6791
1222
6018
7441
8160
4216
5661
8498
3900
8589
1542
4675
2550
1238
9018
6598
9961
776
9257
514
4462
7324
4503
6428
3298
2982
2989
7080
6742
5394
1394
2064
5226
4167
2924
2453
9767
2649
7900
8152
6505
6348
4998
1326
4844
1535
6643
9691
6014
3443
687
3615
2902
5045
7466
8191
2132
7315
250
1537
8962
1652
1741
1256
7572
3861
8845
9529
9983
5393
1044
3580
2166
7863
4421
9248
6762
4572
9919
9481
9244
6438
2372
9202
9113
3765
8001
100
5053
3614
8707
2806
6295
9949
2628
6667
3589
8202
906
9022
4392
996
1259
9663
2968
2920
9422
5984
2524
8806
1879
5267
4212
2330
5340
3952
1210
1304
6790
5276
6822
4282
4835
6507
5057
7814
6220
105
1294
2932
5379
4615
1801
3095
3590
8884
8452
6989
7589
2093
1611
6972
2548
15
8941
5217
9906
1289
8710
5482
4590
1545
3228
6956
2608
2448
9385
4180
6681
8361
641
1376
3748
972
6200
4874
1333
5543
9005
537
3967
1587
39
7382
4239
2688
987
3432
819
6273
9902
5420
6818
9245
5838
5847
9930
3528
2729
7471
4238
8889
1569
3750
9399
6600
2733
9824
4959
4881
2420
2255
9106
9445
4443
2762
2371
7127
8066
6649
1383
7179
6602
96
1944
2168
8660
8219
9544
9535
9509
304
1713
6040
4767
6308
5442
8771
113
9736
6557
3739
4686
459
6117
2228
3925
921
7109
5434
9865
1536
7494
136
7294
7660
7581
6006
7292
5694
8427
9805
8684
9488
997
4132
6707
7673
9400
4540
9267
101
1493
4951
4306
8804
9984
8841
802
9940
5141
5355
6586
7239
7641
6094
8817
5316
315
8649
3075
7628
1874
2892
4622
8081
4458
1418
5679
4962
1220
3482
5089
7756
5440
5093
5390
8008
3218
7709
5015
2536
2700
5076
3928
1704
1942
5376
8027
6383
3020
2496
4935
1462
9741
3983
7613
446
5629
1651
291
3239
7364
8448
2673
5353
4220
3665
1561
815
1276
8051
5941
6785
7838
6663
3166
1764
9630
5494
1411
4821
5187
156
2749
9020
6830
6638
6708
5448
4465
8655
4947
8018
7498
825
9246
6777
947
2447
1262
4913
3636
4764
7100
3655
5388
8625
9375
6390
5111
7219
1087
7704
1675
1957
9871
2534
9743
4751
8374
5822
6695
6799
7418
3588
6048
8618
2641
1400
6261
6395
859
6610
4804
5660
6278
4191
784
9260
9292
2167
7280
811
7385
2499
6827
2106
7238
2887
849
5992
9629
8495
812
2417
9273
9356
8281
8543
3816
2587
9914
5452
7793
4638
134
37
689
6617
5495
4299
3053
898
381
9103
5029
9294
2857
4952
922
568
7561
1282
5151
6346
7209
98
1767
7327
7288
3251
8213
8921
6077
3353
3814
5212
7165
8236
2253
6197
3533
4303
4958
9707
8519
4709
2308
649
2478
8388
5105
6324
151
623
5020
1197
3623
5416
90
5031
2944
3006
7366
1974
5507
7351
1522
9856
6899
8359
1275
5647
9974
293
4884
5431
1381
2067
5715
7117
3973
2408
2259
5205
1986
4934
7245
3757
8123
2752
3734
7597
8265
7275
4631
3882
6938
6611
5146
9890
233
8197
6752
5653
9960
129
4556
4366
3485
9328
4061
2771
7513
3341
5503
2501
5758
8491
8958
6499
9859
2914
2508
6666
1398
4108
923
9586
6472
7515
9298
8456
5546
7192
8699
8445
3677
8125
5652
1009
1610
4858
5091
8419
7284
3587
1449
8301
6235
8185
1250
8719
6381
2483
2570
9892
4628
3683
5160
122
4385
7268
474
7524
9007
7558
8784
1708
6616
1273
6148
1465
936
2146
541
6475
5294
2475
6210
8428
9170
7766
4050
5071
1382
6047
4330
4280
8952
7972
1201
2283
5289
7010
5783
5092
9288
4807
6189
9030
6716
6875
3278
2049
8384
9353
3308
123
1295
4012
8720
4140
5293
4291
9121
8965
6002
7318
9661
9364
5672
4053
3280
2858
7084
2096
6500
7879
8535
9597
891
9864
7305
5561
8302
5257
6482
1977
7462
7707
4641
323
3115
9721
2290
2024
4020
7091
3915
2912
1907
6808
9178
7693
9408
986
8358
7285
2281
9104
2961
9086
4250
3764
3376
2301
7925
3126
1800
6447
3751
4384
1122
1405
258
1951
5265
3813
879
4298
7945
9464
3879
8425
63
7363
9467
3188
6078
1466
1755
9872
6630
4386
6299
9229
9964
3187
6181
1187
3910
706
5247
9829
7108
7889
8450
5214
9141
8663
2713
2425
2943
1268
1181
5157
7487
982
6933
8077
1902
3839
4639
8437
2201
8557
1796
920
2446
2258
7218
7842
119
4818
3232
2873
2407
7470
6963
7384
6703
415
504
8076
7764
1947
2396
9270
9787
5486
1546
5727
8279
4037
7894
3242
3886
7594
3841
2430
6366
8109
2822
8651
1583
5170
4100
4706
7104
7106
60
6270
3342
2659
3991
7847
9388
3026
4507
4424
7353
3430
5526
5753
725
8380
3241
9788
7267
7518
8977
8909
2025
3464
7820
4506
7938
5003
4555
111
9798
5474
9907
3584
2196
6060
3923
1967
5000
6609
9466
1599
1912
9690
9763
4131
7716
8233
6549
845
8551
5090
330
8727
3144
6394
8000
1805
1513
513
2268
7000
485
9757
2977
2005
9918
3536
662
7002
3740
3231
5049
4563
5019
8581
296
1001
9361
391
7216
2599
790
5039
8662
3979
386
7136
305
2111
1378
2080
5924
3779
9654
2521
5972
8344
1350
3652
1834
805
2870
8506
3940
5177
903
3561
8351
7588
1745
2138
9732
3000
6515
4264
1136
9679
6631
6263
6659
6096
4078
3647
7221
3661
9723
8188
5127
5344
6759
9712
6100
9804
750
9998
4466
1982
42
8746
8180
3111
5566
6693
2346
7234
8826
1311
7880
3254
5918
7772
9161
9916
5196
2866
9265
5180
7038
1707
241
268
7330
9272
3735
4643
5295
4292
3357
1757
7438
9952
804
8030
503
6807
9672
9969
4694
118
5882
8376
8748
3492
7398
2338
9192
8426
9866
9097
9878
3938
8307
3643
8574
5552
1972
7160
1389
2808
6384
8569
692
1269
4124
6496
610
4784
5795
4852
765
3737
7510
5036
59
8313
1010
9231
6400
2250
9362
3564
4722
5643
9019
9592
3321
3682
9783
9350
943
8680
6017
931
8868
670
3842
229
3726
2709
3975
1598
7085
3859
2724
3325
7459
8963
9857
1761
8737
789
8239
3363
2949
2896
7397
3650
6028
5438
2769
4234
7786
9255
2740
7150
4316
740
4843
5995
2695
7076
2423
7056
8642
3804
1335
7423
1678
1658
3044
8020
3010
8509
5599
5432
7326
7603
4623
9735
2469
1355
3666
1916
1196
2240
4463
6624
3155
6296
1079
2323
1463
1563
567
8650
392
1369
9980
4733
3992
2471
4213
5269
4116
4649
8108
378
3862
8560
9382
4451
7913
6596
4242
2705
104
9775
9134
2786
2651
4059
7946
2621
2923
1403
9285
6932
9502
597
4460
659
7372
3766
5930
4030
7807
6857
4899
2327
5519
4152
1188
7937
5081
6929
3845
9666
3627
8409
1305
7289
9719
8099
1151
7049
9415
6063
675
26
3067
4956
4886
6612
2128
7411
9071
5024
2182
9051
3703
9860
2361
7552
1996
2623
8902
8204
2470
82
6454
332
3409
5110
6225
3039
1469
4742
3675
6237
6434
9329
841
492
4437
1245
4985
7758
2052
1631
2565
2766
4022
1555
8979
5718
3560
3719
7679
4832
236
322
1639
3754
260
2606
6441
3604
9876
6407
5268
5624
5324
6856
1161
6560
7266
6312
4031
3277
6553
4369
7601
5537
6341
2349
8187
3971
5666
7970
8949
3396
6437
5961
8976
8777
3844
5567
67
5148
2350
5955
548
9072
8924
1349
4566
1884
9718
4630
6125
1078
8512
3408
9955
1441
4
6010
9402
9565
6861
4275
2682
8096
9200
7444
8306
8411
6528
6102
6338
1866
187
1175
4015
3531
282
7805
5881
1540
1152
3501
9174
7255
5464
7643
3015
1680
534
9650
8226
2222
452
3273
4664
9816
2812
9671
7347
4474
4635
6471
7404
5665
6145
3292
6375
7804
5175
437
3695
179
4361
9100
4853
7168
6595
9750
2838
251
4691
1129
9311
6404
2767
6484
6378
6841
8223
3446
6780
3592
502
4766
2671
6941
8019
2068
7264
3250
3511
9271
2754
6749
6275
6131
184
20
7113
4977
5691
4575
838
8396
5872
7905
8319
6766
1995
9138
8248
5582
5908
4310
6916
6293
1082
4954
9452
5547
7642
854
3411
1835
1900
1
3663
92
1826
8944
8900
782
7036
9503
7713
4134
4203
5173
5677
9627
3425
6577
9720
5532
1517
6967
1330
5149
3320
6380
8740
4992
8681
5167
5326
6689
1730
1596
4066
3459
4145
2730
1941
5270
6874
1193
8821
9201
7622
5135
4923
5159
8598
9322
1285
6687
2318
5626
7753
4230
6326
3025
4154
9434
2731
4655
3843
5115
7751
4453
7163
3698
5389
5050
3530
8414
7562
6033
4362
6204
7606
1750
2580
4105
7916
4055
8545
6311
2010
6318
5981
5460
1812
2668
1341
5786
2867
1329
4930
1018
8041
4094
7446
34
7742
5598
9932
253
6216
1060
511
1205
5988
2971
8540
5877
2438
6461
4603
1293
257
5883
6045
8339
9038
575
2190
6974
361
7797
818
6764
8472
4048
3524
632
169
5298
2770
4067
1726
8969
5778
2875
7230
2952
4103
6490
1416
2800
6721
2782
2876
8888
1855
1971
685
7166
5554
189
3848
7692
1779
3194
406
4704
9084
8168
1840
5198
5664
1323
2200
2236
5772
6949
2718
2433
7652
7159
6769
4141
6455
9581
9176
4669
5617
4036
2579
6605
9334
1763
6464
6354
843
5403
8418
7541
2824
2653
3905
4801
8497
6513
7669
442
1143
8918
5592
2652
3591
7434
4744
3204
5641
335
7777
7976
2474
9243
6518
2343
4295
8131
4539
7435
1860
2261
7923
7391
817
267
5634
3304
3574
246
7806
561
2676
3802
6239
8613
6083
6291
8920
6572
4995
9251
9493
6409
6178
248
5858
2203
1711
2198
1150
5422
9573
5082
3527
9926
1751
7383
5731
3333
5789
1973
8272
9507
4541
4047
4537
865
9150
5156
7557
3249
2225
5573
4151
8761
5172
5250
4449
3705
1785
4755
9604
2847
3460
4467
9206
2631
6564
9321
4636
3784
5754
8708
3700
1945
775
8404
8584
8480
3201
2639
6903
7528
7604
6753
3977
223
7553
9064
9436
9582
9088
4142
382
8455
9465
6107
9363
5027
8700
9587
668
6297
7128
3691
8157
3197
1237
1412
9340
7725
741
4584
8211
7072
4613
7902
4294
1244
1356
6904
3179
2099
2609
3827
1260
6760
9256
7481
2777
3836
7241
7830
1766
6750
8228
6413
9613
43
1484
829
2737
8102
1743
8808
9710
5895
599
3959
7881
4247
162
9837
9781
686
7920
1270
3281
7607
3596
2246
1401
463
9715
1287
5516
4723
9934
5287
86
5428
5837
607
4609
4162
7175
7183
9858
4158
290
6997
652
7551
4268
5190
9423
4231
4873
3207
1970
1337
9217
425
6665
5940
5079
7367
1686
6259
9483
5263
2657
6908
2462
9380
4345
8014
9777
4945
3440
5427
2636
1016
6811
4868
5791
6648
144
4219
9034
2412
8266
7677
4908
4644
3346
8734
6199
4058
888
2442
1759
712
2722
8588
7585
6071
890
2127
1313
3074
7220
5714
242
3608
582
5728
5441
9010
9282
549
8786
7322
9043
1917
9680
1849
4349
1614
9606
7077
342
3806
316
324
1221
4253
7005
2062
4823
7149
2901
348
8577
0
4159
9325
2300
1002
1147
3867
2169
5713
4553
1272
5763
6493
7154
7744
9862
959
942
3309
5874
4829
3472
9048
1365
2976
8745
3310
2886
9711
5970
6774
798
272
132
5806
2207
6055
7691
631
558
2156
6086
2027
8257
2637
6533
3436
5759
9407
9806
9343
9803
6139
792
5106
1407
7781
441
5724
1077
1020
6480
8138
2120
7630
6821
8575
9811
6580
2616
2393
9725
7822
6253
4942
5230
4339
271
9398
1523
4336
3297
1923
9511
4205
4395
7971
8766
7346
4569
5202
5008
764
3498
2874
1984
9576
4520
8485
9139
8731
1958
1214
9057
1308
8181
8647
4819
860
2571
9365
281
3558
3471
7334
6385
354
1286
8592
3562
889
3397
6303
3163
8728
143
353
8743
3541
9624
8594
7421
5163
4222
3512
314
9093
9477
4653
3654
1291
8805
6813
4678
4703
3261
3185
8811
3704
8754
4618
3008
5095
7341
8764
3718
8824
7755
3635
306
8069
9959
8415
9237
4596
6973
2860
1582
5738
1833
7991
9557
2
3768
1847
5905
3817
9498
1928
9387
6866
8163
7406
4802
8986
5001
8529
9639
5781
4308
1588
3003
6035
2428
8244
19
6168
8062
6486
8887
9602
1645
2893
3628
7867
1191
7403
8028
3071
3462
2335
9807
2378
1384
6005
9810
8410
7909
4041
624
2467
2018
2872
1901
1364
8253
3271
6198
579
1504
6457
2048
2004
7469
7172
8503
3989
7811
7067
9489
8885
3803
1578
481
7092
4602
383
3140
862
7478
6887
3921
8186
6817
4288
4548
2717
351
2009
9542
992
9779
2459
8324
2959
4606
1139
5788
2108
1732
2232
7702
1500
3838
4684
3233
3616
3
3135
7904
5341
3113
6269
9171
3876
6848
3790
7007
9081
6021
9950
5956
6459
9528
8037
3330
5534
7539
5158
2683
6099
69
5530
7053
4965
8742
938
6626
4941
471
7509
777
3852
4110
9549
7774
8446
2848
2927
344
6893
9129
544
3799
252
4624
4382
6710
7254
9620
8511
1603
3223
7263
5225
3995
4889
433
9002
2706
46
983
2414
7958
1791
6460
6565
6112
5384
9442
345
4403
2376
1691
1297
7770
1722
2985
5833
1459
4114
3159
1430
2781
6622
4871
7030
7871
683
9459
5143
2826
4176
1390
138
1209
3869
577
9167
4640
2213
5710
1913
1776
7911
8170
5750
633
2095
1303
572
4045
1642
1924
1093
4979
6064
9762
5088
5087
5350
4902
7924
6376
6535
5237
5769
5314
1705
7463
598
1124
216
2163
6
50
4927
7798
8795
24
1953
3478
8402
8822
7271
8395
7757
6180
7928
1531
3899
8994
5749
8627
6641
680
9564
1572
3810
1576
7249
6242
2083
9562
2026
8538
9692
9942
3920
5734
3549
3448
6226
2788
7530
1142
3809
5174
5979
7799
2043
5313
2583
5639
4232
7210
5
7042
3226
1258
1366
4127
4597
9332
4262
965
2039
4519
773
3100
9040
7683
9850
9352
1817
8659
1932
8246
8558
8129
3132
5963
3337
8326
3689
9269
8876
2016
8664
5509
2109
6853
2987
6315
4373
4759
3147
3339
639
6377
1419
4982
6810
8856
1837
5873
7320
8312
6223
6859
7979
2607
3924
7568
1612
9921
9880
8274
1183
1434
9132
7233
8974
1533
2392
499
1948
8612
2805
778
1091
1897
926
6980
9305
7431
8461
3547
9794
8865
7240
4439
6302
529
8107
4118
6536
1710
7576
6424
2836
422
2708
7279
4735
3717
1499
1520
4115
3056
327
4620
9971
7903
1420
8645
2904
29
9136
7445
9378
9504
970
4713
9773
8954
8675
1338
1171
7432
9885
930
30
2561
1446
2926
7146
6655
6361
3084
7015
8793
4056
1889
1851
4859
3674
7035
5222
5570
5125
6439
5145
2658
5488
7090
1032
6290
2296
1429
5862
8444
8666
5117
7860
7993
1634
8580
3642
3354
1567
3728
1154
9031
8982
4148
9297
6915
470
6585
6364
5240
8834
2567
74
713
3697
5286
1664
3883
8641
3288
7339
9486
7870
530
1885
7464
6111
8175
6592
2600
2666
7381
5802
1207
6224
8011
8406
1594
9123
5436
2362
8803
4629
6890
7934
5011
5218
2837
8277
1385
6858
6418
5642
5377
2389
6964
3833
8477
192
3349
9259
8852
9253
979
7061
1590
8269
9652
8677
2031
1717
3671
1961
2728
2664
9619
2345
573
4249
2813
8800
6130
1575
4879
4498
7655
760
9704
2118
5206
3895
8431
1464
8893
2842
5850
8299
1839
5891
4509
5102
5176
4842
6421
9561
7328
7586
8623
2191
9931
6885
5478
2082
5936
9839
2529
9575
3499
3275
5103
7401
9881
7538
6975
7244
9487
2948
4824
9956
3303
9958
4836
7649
6282
3311
9941
6650
665
6070
498
7410
1856
9128
5959
2125
2218
9418
7052
976
5823
1748
1899
8355
7608
1372
9169
2437
3035
1483
3206
7477
4206
109
3012
8439
7653
3014
6900
6317
7253
244
7948
3775
7025
2001
5699
70
9258
5723
5888
8712
5152
612
5332
266
4417
2239
237
9077
7701
508
7563
1138
284
8713
9184
7615
4900
9160
2614
371
9371
8686
5863
7414
9897
4765
5207
424
2142
6945
9545
3081
6698
5058
5333
5999
2689
5700
9947
6170
5336
8818
5320
159
8656
6076
4564
8349
3901
4296
1236
4577
902
6426
6770
4422
3600
4745
4753
4360
6862
5880
4708
8276
7663
6694
8156
9610
3165
1135
66
6571
4645
5473
1013
4363
2941
3435
8438
2911
7545
8043
5404
6219
2537
6073
2506
9162
664
9656
9727
4771
8661
204
3805
4236
3780
1004
8933
7795
1026
5871
9315
3811
1927
1396
8772
4797
6149
5456
3818
6599
8630
4493
2816
1969
2555
3825
4185
8897
5361
1908
7579
5722
9173
4617
4393
6450
7417
583
7323
4490
1247
3701
2143
1224
6633
9808
4867
2210
4332
490
22
7836
2963
220
7790
2947
3252
8823
813
8683
8973
3222
6370
9821
259
676
5066
8833
1850
5773
9995
8022
8861
4300
3177
6019
4157
7101
3121
7675
1377
2216
2197
1460
3913
6174
5321
1370
5305
9296
6442
3721
5018
9027
705
4346
5349
4562
742
6124
3594
7726
7819
3066
3405
2384
3154
4136
2194
2925
9768
7379
9653
7162
5841
4348
436
3036
6234
8989
1046
5638
8579
3331
9563
9017
3374
8563
8716
3505
7851
1553
5702
2273
1414
2650
4091
1844
4200
1762
2532
1025
497
7433
7276
8487
6947
8463
6514
8880
2126
8056
8429
5266
91
3382
6510
8531
1684
3545
1559
48
7425
6097
8738
7354
6491
2023
5829
3328
995
9068
2758
5578
7278
5623
7497
4233
8917
7573
5381
3630
9395
4585
5123
820
8270
6309
4263
501
5308
317
4014
4878
9665
5406
2839
5640
5670
4377
601
714
6773
9054
14
5739
9688
4042
7298
7623
9095
3964
3526
11
4847
4109
2468
9438
3112
6016
6328
7222
8424
2092
3597
2226
9776
1444
4259
2500
2227
625
7051
7461
7155
3510
1271
225
4083
7235
5351
9120
8420
3988
9074
6512
5150
4164
1831
7243
5814
3034
538
3414
3858
991
8258
4002
3007
5948
5044
7071
1027
6087
4442
6101
7873
5572
4010
1881
4734
142
4327
4486
1428
7189
9236
1212
6122
8362
1417
708
7261
8790
512
6913
1952
2354
7295
2078
3048
8149
9222
8930
7724
9873
6761
426
1490
655
5807
3256
6191
3487
9988
1919
4932
4026
5571
5562
6056
4736
3134
9177
510
8310
2672
9703
1595
6495
4816
8132
5701
3976
3518
6865
1676
7831
5040
998
6041
7631
6547
3383
1069
5674
8092
213
3963
2520
6914
8591
8124
65
8654
875
594
3381
8687
9634
6344
1854
9087
2564
8935
8931
7801
4732
9045
1605
6161
5288
4286
925
911
2306
1857
1445
2978
9612
7519
3365
1570
2299
7932
8119
1184
1232
5472
4204
719
954
6594
4273
916
1769
9127
3284
8798
5299
1447
9569
456
7662
2427
8928
6288
5812
5910
9909
5022
4568
9975
3941
3679
6061
1049
3455
454
2951
5813
114
1108
5339
726
7112
3657
3117
6884
5469
8283
5590
3965
8559
6743
1935
153
7105
6555
7413
2316
1693
2629
9903
9453
5696
4860
1848
8407
621
2918
9800
2890
1427
7115
5203
418
7196
49
6090
2287
974
9766
3840
3909
7743
8369
8968
6639
1562
5864
9883
8443
4074
9993
4317
6049
7787
210
2721
2882
2014
7029
8530
1388
824
9190
5950
7500
2401
2794
8840
3934
6995
7667
576
6550
3097
3263
1387
85
1076
2939
1424
2494
6788
4011
7735
3996
8365
6038
710
3752
9449
7215
570
4237
5144
4677
7626
3367
4928
7721
4961
2319
4567
6705
3318
2530
2753
3676
201
8855
6240
6470
629
6670
5364
4069
8264
747
8583
7457
4648
3583
5410
5285
6391
4169
2862
2332
4931
8194
8860
4320
1747
7748
1524
810
6840
9381
6692
8260
4459
3390
4277
9702
9608
1327
3360
9115
7301
5398
6795
3576
7968
33
4359
9579
3021
5352
4293
2635
9744
2871
8286
9406
3262
9083
8476
1036
8524
6488
375
294
4970
6789
2406
5396
1818
8799
5915
9126
1456
5890
6918
8849
4750
969
3065
2329
9506
6399
8620
4390
4676
5199
3539
5372
2997
8788
2544
1052
9812
4357
7297
9875
4940
6802
4228
8533
3681
5892
6584
7122
3494
4024
7569
6768
8317
9454
9852
6567
2727
2134
1550
5080
7193
2519
8164
8090
5300
5367
3624
4225
6656
1526
3049
3667
6105
1267
7073
108
2251
9708
4278
9785
5577
3711
6519
524
5055
1288
1194
2531
8232
2604
5619
8290
9822
5023
2533
3110
8646
2114
7492
7839
8755
2289
7422
7473
1435
7845
8792
5586
9266
8315
6089
9469
5259
2395
1148
8741
6388
1911
9426
4333
2785
9323
1903
1234
6837
3257
4481
589
1008
5613
4529
6864
3116
4323
8140
5279
3350
2841
6305
3673
2507
4822
9262
6337
1479
2344
881
8207
6443
4354
7796
9318
8956
8447
2248
7479
2864
8706
3854
4685
1802
1843
9451
5347
