5135
9203
2710
8598
1689
7322
4482
2817
1456
1883
4033
1025
2095
5370
3662
9933
7334
2323
6662
5050
10
7663
7317
2507
4938
6003
9478
7562
1335
7143
6067
1179
4639
6723
8125
219
6394
6956
9892
2905
4505
8891
7900
2264
1568
7172
8258
5952
2290
8410
5412
3686
9800
2405
7294
2615
5413
5203
3666
133
996
8161
2787
3112
1735
7453
9953
280
5777
9960
5364
3806
4529
9521
8949
9965
9289
3324
4988
1508
4321
1395
8502
7523
3450
2432
507
4688
4804
4396
9541
751
3766
418
1817
1058
1347
7430
6979
5765
5648
6947
8821
811
5048
9582
7041
4933
5285
1432
7872
3896
3089
2552
2514
8321
3431
5147
1578
9256
4468
8828
5016
8515
3813
1103
7862
21
9573
4747
3767
9421
375
2916
4999
2557
7833
5705
4925
8964
795
5132
9475
2282
8236
2271
3499
7799
5696
7883
6678
5400
3176
8311
5986
3464
4025
2933
3929
5261
9290
1683
1020
4963
1409
617
20
7060
2347
8295
4285
2341
1084
9105
8353
9041
396
7548
5264
7679
966
3215
1671
466
5854
6533
7330
4454
2858
1051
9438
5637
3632
7165
3808
3108
3512
8252
3938
8701
2395
8861
4490
9330
6000
7806
4636
1723
1532
4456
3102
5213
3292
3364
5851
9287
3941
9732
9768
7152
2814
3737
3638
9384
5778
2823
4158
9628
8138
1741
2406
4984
6948
6834
3618
5796
6697
4098
2344
5924
4775
9512
964
8282
9958
4990
7889
6905
8826
8275
9212
3164
8882
1957
8032
7608
2281
2637
687
6825
1882
3799
6426
2177
4080
2887
6794
5561
9731
7164
1638
5762
1152
3446
7831
7684
2721
5405
9906
4673
4461
7543
1343
9172
6071
6490
5533
1886
6179
6839
4595
622
8341
2606
2781
3344
120
6272
2586
349
6224
7037
4423
7428
2743
6535
1293
907
3074
82
1242
2816
6760
4003
7398
9448
4459
4318
7880
3373
3291
9668
9239
4628
9568
3061
6416
487
5473
1487
8718
5551
3745
3323
4041
3607
3154
9173
9653
9636
6206
9613
6623
7990
2574
928
5531
9518
4380
5585
7669
8144
1670
1046
9572
3261
9946
4680
1841
2238
1950
2203
4086
1989
6910
9631
6705
2527
9254
8455
1311
8394
5273
9132
5739
8083
891
4206
7325
986
7021
7015
5003
5735
637
3772
9487
2797
7299
1254
6620
3124
9483
6125
5979
587
9248
4653
4647
2184
7526
721
2609
2062
2679
2842
3711
4340
2495
5649
828
1006
6202
1374
854
6937
3774
8549
6445
806
609
1814
2138
2683
9009
2280
7690
8892
8486
7028
7884
7699
7182
5099
5961
7290
1581
7612
8513
3228
4341
2030
478
5383
8471
1518
641
8200
5993
3533
7818
2250
7603
2780
8044
7877
4418
5756
1510
18
6368
4899
8982
9705
3349
7173
7584
6048
8111
3565
2821
1081
9366
8550
9791
215
4664
8731
6746
4373
9780
5073
5511
6566
9979
1825
799
4635
1245
9337
2735
5077
8833
1227
6830
5399
5774
3037
6995
8661
1416
246
4679
8620
2504
8563
4179
9321
4114
3361
6258
1944
1295
142
6340
8052
462
8820
6902
5537
341
7176
3997
239
413
3631
5139
7618
9499
8634
3619
2125
3421
7470
6164
1681
3665
5783
7255
4255
2327
2003
6666
9531
9529
1663
8725
1598
3975
7442
7740
6844
521
4050
8976
3919
1065
9887
1676
1924
3837
9174
2433
6075
3007
1330
2230
5776
1413
913
2688
6241
6808
5907
6593
3205
4259
3905
6702
4464
6184
9126
802
2472
1785
9168
4840
3963
2711
5446
1756
3223
7619
7617
3681
6974
629
9352
2251
7987
3440
9122
9379
977
613
6359
1371
781
620
2133
8732
2130
2759
6763
9935
1195
2476
8947
3477
9064
452
6243
1489
7732
8872
719
3482
3961
4819
3334
8972
1662
1174
5062
827
9540
9294
491
9497
2269
7795
631
127
8638
9684
6716
4168
776
1736
2740
5090
710
3872
9056
286
4000
525
6890
5614
7327
4910
428
3874
6007
7928
4686
9215
984
8649
2080
2052
2113
8632
5128
3276
5116
9643
7403
6228
5227
7000
2543
1457
742
1438
6767
2870
8466
7163
7456
890
3496
8370
626
4677
3828
4302
447
71
8016
4227
1111
7194
9949
8223
4208
4097
9016
2019
7984
8041
442
5923
8280
7994
7305
6829
1755
255
632
4878
7435
7426
8830
1859
9829
8312
464
5984
7195
5503
2310
1224
2929
8332
3992
8877
3484
6270
815
1547
5806
7441
4143
3393
8320
970
8476
9139
6174
5202
1687
4604
3979
6572
4038
3547
5478
1946
5602
956
6494
9232
287
6488
1780
4530
4836
9021
4419
3023
381
4193
2382
2544
9282
1454
3179
4262
8760
9304
2597
6253
8676
5552
303
2642
6437
3418
6168
4881
9853
4954
6019
4488
5310
1381
5331
8283
9336
518
686
2771
5887
3505
6347
6281
8172
5461
5380
2636
4562
5120
9258
2926
35
9155
169
2036
2098
2132
8285
3501
6642
5908
9238
8224
1476
5681
1974
1101
8590
2578
483
1411
8116
603
8374
2850
2491
1596
5455
5252
3517
1351
7758
3142
4616
6568
4992
3801
8294
7223
1813
5808
9941
2351
7571
8881
8181
1265
4323
5028
1901
6994
6220
1134
266
3968
6449
6149
469
1543
6404
5947
561
6353
3513
8319
6439
8102
332
8671
1876
8975
607
8899
7911
4102
4272
7794
7146
6381
4252
3582
9804
7110
6182
479
6896
7983
1794
6884
6197
2705
9724
2498
6806
3621
2444
8136
5008
139
4295
2369
185
8261
4333
3926
5284
8301
3389
4111
9233
6132
3068
5113
7748
6167
1106
9447
5912
5839
4832
916
4257
4525
9712
7904
6078
9567
7605
542
7613
4569
7307
7775
5363
7455
8288
7836
2635
7767
7908
8220
6966
2864
8198
1856
6072
5166
1667
839
9778
8241
3272
4214
9746
8843
7881
5296
5840
4554
8024
3387
1218
1230
8112
5617
3644
2663
7074
4754
4965
4133
2577
8022
5124
5275
712
8434
4213
8955
4532
3887
975
3001
4842
8361
4713
9890
6126
3012
6247
6338
4304
895
7026
4968
2477
676
3653
138
1053
5901
7686
5469
1949
1643
125
7084
2136
8072
3486
7174
8702
4769
9559
4013
7264
3545
4029
7414
4165
8706
7580
4207
809
3014
6361
9696
195
6050
935
5072
7646
4822
7436
9939
3668
425
2596
8318
908
704
2957
9648
8811
6837
9053
3453
7730
7235
2984
4497
6958
2694
5290
2175
3721
877
6560
7757
3490
864
6384
2061
362
9443
9536
6738
26
5859
1579
1954
677
2259
277
421
8117
7181
9744
7256
6592
3765
3998
1533
3370
7974
6318
5151
6655
7958
4831
5067
1769
3420
930
9199
6188
1540
2684
3444
8531
4062
1125
5653
9806
340
8888
3301
6015
3458
3396
4153
56
1496
6513
6333
8433
1325
8425
8340
1392
6903
8240
5523
5488
636
1826
5608
4096
4962
9109
7944
4349
4446
498
5532
2393
9095
8508
6561
9331
8927
1146
2330
2397
4171
7515
3818
119
4783
9286
2146
1601
9926
6214
8431
9192
7530
6554
6383
5184
1027
6198
4977
551
6957
1452
200
313
7
2745
5060
205
5155
9513
2801
59
6737
7358
1407
4160
6046
3990
9277
3233
1504
3133
53
6906
684
9381
7734
7169
6103
2999
5101
3036
3742
9977
4958
5228
2270
3524
5626
5492
8045
9789
8215
9184
118
2088
7439
3475
9411
664
3707
2876
9690
4081
3371
1878
5951
2985
4590
3235
36
270
8581
6156
6199
7117
9229
3473
5009
3850
8060
5506
3515
9019
3285
3800
8163
6525
4217
2473
3651
8357
2988
6165
8483
8845
481
7244
3262
4593
6331
5857
4824
851
9214
7167
6509
2434
1423
7085
3678
4876
9296
6266
2015
7815
5361
2458
1191
9619
2094
942
9999
5789
8934
8314
9796
4131
6550
4233
649
8432
4975
4856
2556
3240
2046
188
6035
2159
2570
5470
4170
7093
6120
1782
5146
5748
4502
2420
1707
3295
7082
4622
2155
3630
6977
6170
5126
6400
8078
3823
1482
1465
5903
499
9980
5709
7418
8086
7237
5930
3895
8707
7400
4777
5826
6851
1052
4124
1534
6438
7921
1341
1702
2389
4176
3217
1403
3390
4971
3520
9414
2794
5390
2664
6823
5065
8400
4056
1819
9040
2485
5324
9691
7236
3010
593
477
2742
9217
7933
2226
7098
2041
674
2860
8205
9656
6097
7614
5824
653
6613
4422
163
8019
8457
1108
2032
8946
670
5788
2156
9036
8536
7473
5509
875
7362
3762
7245
2446
8735
448
356
7592
1848
4614
4661
4542
5729
9641
874
4543
9506
7552
17
4453
606
5809
3449
7855
5467
7525
5983
9318
54
140
5429
5490
5978
412
7582
8729
1130
1620
4298
5600
8849
9674
6793
4724
5677
8011
8178
1345
131
709
1135
8711
8690
8534
2024
5868
1171
5069
4522
1082
5564
8096
6585
9446
3796
9898
7184
3795
4294
4601
4409
2100
8687
1673
8553
7129
5148
5644
1945
5321
5037
4618
5432
5580
8655
9854
9362
1399
2372
6885
6499
9865
7014
9677
6203
9133
166
7803
1799
628
2274
3696
2562
4640
4186
7852
3052
4913
6487
5673
4230
2398
4407
8403
2478
7664
8023
8204
2540
6022
1879
1649
3531
4288
646
9688
8330
4982
5392
3966
8338
1986
5938
2337
4433
4676
5082
6452
2451
2283
3636
8863
5711
9088
8565
3960
410
2151
6787
1377
6082
9080
2073
16
2946
1193
301
6117
6581
9763
9588
3643
5086
5216
7267
1083
3862
3897
8121
8458
7587
5435
1223
3798
2170
476
9050
6625
2744
7498
8599
4417
1828
8480
992
1172
7089
539
100
9485
3922
7484
9575
4711
4710
3016
4771
2565
2726
5143
6954
7046
8185
3628
495
7415
9057
1541
9344
9919
4630
6187
299
840
6049
4952
9430
6497
5115
2092
4662
2841
3710
5448
8273
9077
348
1740
2589
2665
8518
688
2585
838
5239
7387
9553
6764
5224
9143
4100
4649
2729
926
7301
3783
398
8003
6559
6286
7447
8396
5484
8785
3978
6967
6718
9868
7954
1703
1884
7027
3649
2288
4555
3685
2110
6781
9108
8552
1310
4191
6553
7771
1664
2670
694
7597
7622
2058
2142
1284
7922
3088
7698
5472
8148
9114
7363
7938
5613
158
9794
9368
8962
3629
7782
924
785
8216
5512
2039
2997
2065
2305
7115
1240
285
8933
3661
8902
3587
6320
9940
3022
5659
5953
4388
5926
7010
7567
2247
7352
8842
8270
129
3559
41
3317
5795
8445
6212
9673
4478
4782
9699
6026
2484
7348
1431
3747
825
9561
4725
906
4983
8592
2422
9813
5209
3991
7308
7474
1261
2583
1391
194
5948
6151
3810
6713
4343
7710
2610
4812
3437
8635
1562
1159
5338
803
9012
5375
7930
6783
4816
2107
8305
3443
8325
9326
7945
2163
4205
9496
9328
7545
4845
1855
7465
7066
856
760
7697
6942
1003
5079
2023
9018
2844
8103
5302
9734
1791
8588
553
5208
4786
4509
4507
1269
3769
818
1200
4317
3603
1897
9123
2103
782
4961
6594
7289
334
4074
1326
3982
9703
3041
1615
5630
8530
2082
107
1923
5819
5632
9811
8983
5205
4672
3335
1133
3408
9973
5344
6643
7742
7550
4199
2529
6210
8327
4957
5021
6651
7875
6085
1435
2021
765
8297
9106
3873
8528
1734
2427
1107
4299
9395
308
5594
557
6692
8779
9034
7423
8472
9353
9196
5814
4813
5354
3471
1387
4076
4385
1231
3669
5328
7277
9882
4438
4670
1952
3122
6984
8780
2496
6805
7957
6721
2126
2774
6861
2168
1628
1844
4531
8848
4480
9914
4855
2054
9014
9371
6382
8164
1048
3589
8809
6668
4712
402
4922
2827
792
7434
4386
5247
6169
1235
2712
3921
7121
7635
271
5088
3866
6204
2246
9842
5053
9520
6685
1765
4151
9271
7234
3459
5238
2796
8602
7739
7390
9377
2595
8025
6393
8879
5834
6284
6528
5802
9365
5426
4852
2483
611
3528
9292
8076
7496
311
7981
4384
9662
7481
7966
9700
4145
7008
3169
8656
9781
5920
4073
1185
1608
3438
9510
3708
5641
9760
9569
1705
1749
5362
2992
5245
4781
148
520
2969
5772
1537
2622
7946
7843
9241
8456
1993
1289
7725
5752
8247
4452
6522
5507
9991
5715
2452
882
1509
9093
6964
8876
946
9435
2576
1400
9490
1627
5587
7741
5517
2316
8398
9037
8684
5906
3917
8587
5731
7254
4991
5676
7460
3470
90
6771
8158
3391
6116
532
8815
5721
2254
6451
9119
816
3984
8388
569
9469
1324
6349
7600
713
9618
7722
8546
212
2202
556
4652
1124
6283
9786
7964
7354
6087
6358
4017
2776
7692
9278
8557
655
3682
3135
1000
8558
9234
3480
5193
7043
651
3046
4741
625
3652
1812
5871
3586
3613
371
3877
5440
8993
564
2594
8303
880
8577
3654
174
2521
4760
682
3134
7187
9762
6216
3316
1498
6461
454
2530
38
4348
1485
7736
2399
363
9682
8134
1976
8543
6841
696
5941
4172
6877
2713
7811
8033
4535
3423
4291
6256
1675
2150
3695
1918
4766
6106
1572
9670
7190
9423
4138
3483
4742
5004
182
7198
9664
4273
554
2689
3894
357
2649
7310
8561
8769
6682
3967
1868
3724
9647
3035
4785
7924
7529
5569
7132
4503
5624
4219
3281
1558
5855
2699
3599
3709
28
5544
5728
8028
8805
2145
9972
4402
2919
1205
6173
7943
2207
5110
3786
8763
3345
1239
3406
5145
4009
4740
3356
4561
5214
6968
4951
7713
2669
1486
2116
8416
2558
9759
189
2216
4750
1963
6811
7186
5849
9766
2551
979
7073
8859
9063
397
2714
2638
9929
725
2696
6444
2117
5374
1384
1346
7329
8844
1606
7224
1871
5674
6415
6862
7673
4854
5944
707
9130
1709
9676
8000
7595
7971
1998
3713
5345
5156
4322
6582
97
5718
9879
5744
7565
5740
6991
5670
9200
5031
737
9825
8773
9899
1521
5539
2640
1301
944
9484
4608
5358
9586
4981
868
4447
7802
7800
3462
4204
6481
7658
3279
5698
1063
6809
9405
2211
2991
8712
2525
1938
3819
8366
4190
8385
3900
3358
4697
8540
6475
2108
3106
6374
3817
5708
1078
2005
7667
3574
4355
3937
953
4749
2591
7025
5571
4648
1692
3833
8477
4695
3300
103
5333
9498
8858
2291
9022
2517
1607
4439
3910
6455
278
5138
918
5377
2885
1739
8719
3140
290
2367
4767
3825
1840
4646
5520
3493
9376
7247
5980
5394
7003
3059
7656
8
2677
7534
7135
6101
4424
9878
2750
3466
4192
2872
6690
4644
3726
3930
8968
7207
2111
4119
1153
1362
1286
4011
2862
9986
4400
4107
7980
5870
9060
6505
1773
8225
6899
443
5217
8362
3507
6081
236
1682
5122
7011
7108
5991
3541
3858
7022
1150
8612
9028
5665
3551
7756
8264
8308
6407
9742
3202
8660
3097
486
4413
3674
2631
7506
3670
9881
3576
5355
305
9537
4331
9593
4209
128
2857
6646
5337
3824
8698
6980
1669
9375
9851
1775
108
8344
6762
7755
7968
260
4637
8783
2673
283
730
8867
5850
4047
8556
3870
624
5700
5409
7804
135
7879
9750
8909
2680
3057
1850
7105
5820
6959
365
2413
4916
1655
369
2736
2590
7998
1912
5969
8801
5811
9302
27
9560
9713
5295
8994
6939
1727
6235
3071
9054
3561
156
6301
7405
325
2602
8510
6211
8378
8505
1114
7812
7448
5389
8971
1142
5963
4157
5895
7427
372
5006
3289
3121
6420
5007
9858
8405
6656
1220
5690
5662
7048
9793
5892
9579
44
5546
3284
6171
9442
3178
4065
7266
8376
4667
2758
7377
242
4894
4181
3914
1064
4890
3601
1177
9005
6835
8348
1760
4929
8832
8050
6776
8402
5334
5011
7835
8873
4560
3212
7897
7948
9385
4587
5125
773
8307
8728
9276
8291
6312
3395
6752
9493
172
7557
3760
2685
3248
5068
7208
8733
1062
5746
1640
4088
2448
4726
745
8069
2888
9679
9120
2675
3143
2038
1872
3006
268
433
4600
6193
3954
5064
3210
3239
6695
2538
4487
2753
8667
7772
3165
3386
3243
3080
7776
2275
8597
4129
2067
1234
1095
9550
4368
3034
7719
2204
7078
7040
254
4960
6029
3129
3790
1215
1148
9399
8978
264
6177
9010
2932
4019
4947
6098
2221
1960
9454
1745
1047
4366
4920
2076
597
6929
4821
9272
4027
4877
5578
6628
9422
3367
9693
4693
5127
3566
196
4416
5706
5226
6261
4946
8245
5526
819
6635
304
9983
1424
3881
9224
6454
1931
8619
9013
5313
407
7639
4770
9370
5638
5330
162
8860
3911
7252
1902
4739
7785
4493
7001
2756
1274
3110
7034
256
2097
1410
3839
6985
2063
4232
2834
4732
8073
7985
8189
2135
276
1190
8481
4004
570
9743
4326
5162
9784
6045
5303
5017
8670
7486
6998
1783
7768
4996
8745
6262
1188
6056
3081
9840
1226
7702
9092
8807
8989
7166
3749
3170
3043
5838
7495
7857
7570
4113
5905
9466
6946
9697
4293
5645
7210
4242
5428
9592
7258
3615
2509
3199
7371
8617
2648
8500
5605
4506
7229
4563
6822
6134
7615
2454
4177
8905
9297
6508
9585
3096
6653
4411
5717
3352
9218
1294
6321
6476
8624
2779
7296
2917
3461
5650
9551
5732
8237
318
6367
1420
1131
4292
5243
78
2987
124
2016
3405
7368
910
5556
4376
5182
6113
3369
7542
5524
8886
9616
5872
5656
335
2900
7809
5654
179
8418
8030
7762
2693
2788
9244
1838
7602
8054
2839
4290
7219
1951
5890
6733
537
9820
393
6155
3146
7130
6576
1043
7477
204
2966
6489
4084
7023
9660
3802
9325
445
6034
9407
1588
3925
6827
6001
1888
8286
8640
3777
9938
1999
3909
9635
7893
5026
5848
6055
7959
4517
5652
6687
1057
7711
4792
9681
279
3139
6390
8922
2355
1437
4875
6769
5726
1238
9517
8369
4617
3094
6502
8509
1926
5775
6403
8124
5085
57
8681
591
1494
3457
6162
6371
8088
9482
6848
6250
6621
5992
9157
2423
3846
8137
3451
6891
727
1647
144
5530
7002
2768
3521
2232
5233
8271
7549
1753
9274
2
4201
5384
4002
5693
7309
740
9880
3181
8527
47
6555
3981
4820
4948
2716
5199
3494
3556
64
5725
1524
6645
7147
104
3411
8791
9516
9519
8648
5459
9767
320
7652
9450
6351
5452
8653
5102
9509
8199
860
6538
9978
3971
4175
2295
8487
8207
3069
3015
9630
2520
4389
3948
8662
5180
7204
9524
1461
1704
6563
6512
8893
7816
4972
588
6527
4010
3485
5041
8074
4039
9335
934
3532
2435
1985
668
546
4764
1686
7197
2319
6012
7918
9987
5465
892
336
6080
683
1779
2691
1299
9715
7792
9051
4228
562
9263
654
8335
8722
105
7454
3748
6510
3842
5743
931
7318
7790
2129
5254
3265
4142
298
2106
3204
2421
1251
9264
7511
4432
8787
7972
5866
9237
496
1439
2064
233
3460
8156
6303
4657
5305
1104
1599
2695
6768
7323
5229
1666
6011
2325
9262
6797
4868
4197
989
7265
1903
6273
6833
457
698
8755
5545
6699
2235
6591
1710
5843
1804
8929
5827
5759
4597
1668
7607
1515
1570
9893
7483
2031
4379
2071
2964
5353
4210
9339
8414
3123
5931
9752
1921
3185
960
5045
2513
9678
5177
1011
6277
3852
6800
8346
7049
7988
6428
4016
9081
8493
3271
4351
3569
8953
6324
5317
1517
4308
7279
6380
3640
2017
5112
8603
754
8586
8063
2802
4585
7222
9359
232
4508
5263
4909
5142
2412
4449
6218
7942
5192
7367
6107
4873
7941
531
3267
1313
9396
1070
2394
9198
5340
400
2001
8554
595
2312
5174
460
5035
6751
7220
2674
7935
594
9812
1010
6059
3229
6086
3320
9209
3955
9707
5450
4311
2234
2687
2460
9213
4021
5357
9098
2114
881
3207
8439
3508
5496
8672
8532
2379
3570
969
7200
4815
8324
5118
943
143
9115
756
9982
2450
7798
6978
5736
7029
5862
4350
2461
4863
8948
3332
3318
88
1140
383
8035
6317
1616
2658
9869
1127
8765
1072
9897
4612
1586
6647
6498
5447
7899
2995
6276
2381
5818
866
198
5104
9246
6532
2912
4762
2535
6006
965
282
2913
99
9456
1303
6796
9976
2419
5911
7821
6141
3216
4035
8644
2859
6469
3173
6766
6084
2532
15
4248
6674
7685
6640
1781
6541
2512
8367
9479
2828
9107
2644
7095
8825
6362
5329
7156
316
3452
7914
9017
3898
2536
4078
9416
3645
267
2277
1158
7649
6897
1333
4567
4276
7150
5515
1604
998
2160
6419
2244
2746
5326
2580
6982
3893
8696
5856
6326
2516
5204
8151
4903
2822
354
8419
4492
701
9870
489
1451
6366
9441
6181
9974
6479
6693
8043
2436
346
5720
4122
3019
739
4415
7844
1678
8898
8173
4297
7168
9383
517
2329
7355
5471
2760
2215
2239
6732
7665
1822
5518
6810
8401
503
2294
3830
352
9542
7896
74
7581
6110
9629
1592
6545
7218
2717
7139
8299
5477
614
7561
2624
2945
8267
1143
3029
6919
3899
4788
146
9043
6017
777
2807
9118
1414
373
6788
322
2378
1911
6477
9683
529
858
3740
6849
5091
6044
309
4936
2826
350
4687
1490
5196
7499
6014
7970
4336
5084
6040
5152
5385
2915
7788
9103
3319
841
4178
9025
7047
4579
6227
3770
429
1617
221
1479
3309
9207
9341
3859
534
8465
1904
9990
548
6396
4689
2877
3775
1144
7109
3730
7209
6915
5836
7846
5372
5322
4469
3489
909
8139
8337
1930
4116
6955
6986
1624
5259
3366
5724
6127
5023
7670
7395
4880
3752
9332
2778
2346
8263
9884
9453
7563
878
3902
4624
5165
4202
6519
8326
7497
6932
5879
1513
8529
6365
9356
2293
6875
6344
377
2808
1016
110
7572
6677
6249
9578
9100
4516
8358
3198
6418
4778
4541
1691
6893
8799
2242
4182
3073
2628
3130
2391
5100
5150
49
5343
9492
545
6402
584
7349
6
5610
1055
5168
6076
6548
4870
213
4722
149
4681
1717
7969
2647
6092
9360
3736
7932
2626
8449
7871
6663
8272
8184
5960
7148
2241
5707
8092
5508
5812
5289
3118
3676
8959
4994
2568
3103
9255
6090
2324
7268
590
9348
1037
9418
5770
8026
8921
387
5485
7288
4118
7004
2630
4574
5598
9495
5327
8591
1236
355
7257
2313
3962
5038
2947
9167
1928
5710
3306
314
6583
8059
6043
68
6457
7336
9735
9346
6292
5876
1060
1863
5441
1653
9247
9610
9477
1969
2879
523
426
3264
8331
9527
691
1725
8106
3424
342
9532
2806
8018
8520
5195
718
3298
3890
3286
7838
7312
9380
5332
8767
3952
9373
2506
7696
5449
3847
3427
3880
2301
2837
5786
7609
1786
4437
961
5087
2621
3407
714
2921
4879
9838
102
4338
8421
8717
3504
9020
500
6064
6491
8567
9387
1460
8960
5668
9738
7576
3994
7211
1917
6802
7112
401
3287
3908
2599
4941
3947
9921
3633
1422
3350
3131
7793
7701
9776
1268
7999
7356
5482
7347
1684
4462
8268
7773
7178
4020
7119
2091
1843
1001
5704
8115
5191
9273
9514
3225
3549
1542
3511
9250
648
8555
1316
1553
8182
575
5916
3120
692
9205
424
5056
5499
4660
6217
3705
8913
6069
9917
1559
567
7830
1525
1836
7796
9374
1093
4472
9491
3050
1429
5977
7960
4779
2318
1523
3208
3761
4410
7805
833
8961
6611
3128
4045
5387
1034
6239
9824
5351
7157
2368
3939
887
5915
3717
3330
8390
370
4702
164
9708
1212
8423
5129
5927
63
5194
2971
9311
4645
9503
7907
9176
973
2728
5367
7791
3307
8923
9001
6845
618
7901
7560
1328
9467
9445
5424
1302
3622
4399
9758
4917
5379
3445
5251
4174
6660
7239
4188
4253
2112
3672
3616
4498
5831
7553
9600
5863
2918
9535
3375
2303
3809
8373
123
225
3593
3277
1012
6195
7111
9429
8900
2755
1644
3869
2761
2228
5339
8101
3597
4518
6549
8209
949
8006
5298
7780
7856
580
2292
4473
9971
8812
9044
2265
3157
1507
7575
3575
3280
7151
326
9464
645
2581
1129
5581
3688
6992
3476
835
2573
7629
1126
6574
8429
7519
6904
5928
5922
9775
1008
5807
1864
3113
8228
2089
8443
8154
1462
678
3027
9765
3916
5047
8578
3100
1199
3341
7894
5942
1291
9687
1685
7566
7920
8186
5625
3728
7591
8298
5059
1419
319
4159
672
766
2352
4654
9419
5093
2086
7035
9615
5410
2672
1557
6846
6343
5240
1136
8917
5921
2671
3149
8371
9315
9268
7261
8039
1243
6917
8485
1022
7153
408
842
6105
6441
7242
2829
5187
767
463
5318
3136
8639
9111
9795
978
2366
7090
2025
5373
6602
6552
8195
7860
3986
5899
3351
2083
2143
1853
2059
5320
844
208
9727
7250
6821
4973
2840
540
4835
1906
9451
4137
6091
8723
4263
5627
111
6858
3020
3472
9225
2090
6679
9306
1469
6205
8521
2702
67
4241
4736
4848
9828
4430
8979
5582
5604
8012
5528
9059
6242
1762
5794
8790
7729
5341
395
1611
5967
1141
3945
4753
1122
8452
5005
9145
5522
1434
1329
6874
3184
7518
5197
2411
5833
81
3469
7541
1852
9968
5934
524
9638
4393
796
2191
3237
4632
4320
4591
5181
8100
4828
8262
5538
9340
8246
5274
2851
4196
757
7103
515
8958
1625
6730
7183
9543
7989
9076
8744
1458
4246
1007
4594
8064
7337
1161
6369
2605
2043
2843
1648
7226
9782
5066
3058
3038
9221
1520
3156
8428
1896
6328
420
1972
3536
6570
4271
5933
2479
6172
7275
1277
9650
2311
3849
2550
5157
3534
22
7462
3602
4309
4270
1626
9839
9612
2548
5701
787
723
7385
7492
6409
846
4444
61
2231
9169
589
5830
612
5576
4354
7490
6632
4669
4665
3789
237
9655
2297
7036
4491
2682
9068
2762
1860
9193
3398
3402
8336
2276
1004
7482
511
2815
5875
2627
8359
6941
9583
681
7018
988
9606
1564
217
4668
434
5257
3811
658
4155
8441
7276
3953
8901
8278
2497
4328
4477
1833
4372
1201
2890
1550
6287
9810
865
273
8448
7746
1726
5858
2249
6018
3987
5968
1271
586
2443
1273
5965
5753
4588
3675
4037
4715
435
8776
5565
2140
390
6370
8756
6935
9637
2442
7069
4730
6859
5769
7556
8571
3497
5170
4511
3883
680
7627
3084
3537
6614
9007
5418
7539
6038
9152
1214
2416
9347
3970
2963
2489
231
5640
1189
1483
9622
8764
2523
8306
451
1805
2101
3980
5766
2104
3803
7579
8232
2359
5
5159
3743
9309
5080
7913
746
6790
7853
2430
738
8693
4091
3478
8663
6804
3746
1263
1155
2893
9915
8768
6425
3479
9457
9363
5306
3831
70
8017
2868
5221
4130
8575
3166
6556
4721
7285
1383
3187
4834
843
3727
3328
6446
6104
1631
1359
5109
5666
1658
2482
9391
5423
4055
3086
6863
7720
9689
6993
9597
3571
9885
4105
2402
7910
9089
7468
6920
6192
5402
5163
4375
4220
951
4548
2707
5266
8411
8547
7636
3282
3188
4408
3161
2748
6997
3171
190
5867
941
5529
6671
9565
9659
1943
3580
1415
1094
4538
9856
155
6100
3231
937
1502
1467
5976
5646
1933
6023
5169
8852
2910
9661
2287
8678
5391
6480
66
3214
1318
1637
7369
9822
4006
6742
2488
5218
6145
5822
6136
9112
8497
7420
1363
6624
5189
5292
6314
2909
5434
1633
4106
8851
4303
5301
9640
4504
7389
6619
4886
5597
8782
734
6095
3821
7528
7158
7996
6423
7738
6698
5932
6463
9803
6953
6631
780
8643
4844
3879
1584
7681
5265
8585
1401
5982
6612
888
9942
4496
5282
1192
7345
7707
4685
9634
4583
7038
9671
4930
2243
2542
8365
6196
519
6297
9032
9571
5785
6543
6599
8694
2474
791
862
7379
8377
5348
1535
2874
8482
6051
5200
9955
5560
4849
8737
8470
344
3270
5959
3064
6744
6289
1758
7916
6706
5633
6405
1091
4278
9773
1880
2121
8082
3510
3973
4935
9355
4572
2519
7189
5514
5612
9639
3085
3885
669
6557
901
849
7214
5022
6728
6850
5012
4837
7391
7716
9061
1767
9190
6996
647
1433
7399
9554
5130
4978
7540
5001
6551
8616
5845
5945
8467
317
1981
4169
7227
7086
5894
8539
5359
1953
3732
8009
5137
2195
6176
6881
6504
1582
1252
967
9113
8743
2404
4223
6627
1696
8315
3851
6887
9923
7202
3065
4798
4414
8302
8658
3610
3145
436
7297
218
4260
2248
4718
1742
1323
7671
2852
4359
2883
5898
136
4187
1256
1701
6057
5622
666
8512
8906
7850
9236
8697
3506
9989
257
2127
9954
1724
4912
7372
9194
573
3013
3687
3659
980
3220
9029
6963
1619
8097
1526
3033
1907
5971
4907
2237
6972
3744
7417
9932
8406
8257
3689
4063
1965
8777
9404
6387
7677
1270
4728
4036
8196
6578
2494
7763
5094
1500
8628
1802
2463
9062
1977
4455
4643
2320
4254
8221
900
929
8912
9023
1339
6298
5186
4457
5714
6485
7764
2703
4428
1795
3625
8426
4610
250
6137
440
579
5516
7743
6154
431
9723
6975
2944
4307
4540
1029
5755
1501
9398
2564
4944
6514
5078
3600
7233
5061
571
6345
9323
4218
1503
921
3429
9931
1440
9473
3021
945
8409
8734
1049
6130
4864
800
2555
1835
5475
4141
2838
2285
4183
8907
6741
8647
5105
4791
4211
2131
2475
6873
247
4943
8974
141
3526
5280
794
6622
7364
4163
5350
6898
2553
9461
6406
1036
8827
2657
5378
2343
826
5886
4028
5579
9769
6484
5294
3011
4885
9024
4361
4099
639
6271
693
6386
504
5176
4827
4342
689
9137
8680
9235
6670
4536
4700
6279
8391
4104
3355
5133
1777
897
6229
2907
3218
2566
8226
2048
9342
7774
7016
8140
8129
1576
4057
9936
9316
4577
6121
2119
2866
5787
6096
7854
8130
3791
7641
9757
1080
873
8683
1132
3078
6269
3399
9589
1367
1754
5033
3083
2218
8615
5063
9698
3234
5810
884
3415
4134
8794
4059
8951
1255
2162
7134
7274
871
7491
5913
7973
995
1033
9603
1149
2766
4115
2613
9228
7672
9774
6923
2069
6598
2252
9319
2386
9489
8243
5201
7813
1567
6375
3467
275
7180
1453
7007
3201
9301
6472
364
6715
5395
2286
8890
3290
7516
3104
7694
2449
2975
4950
4966
898
6511
8808
9545
8726
9895
7351
8387
4666
206
4623
4268
9515
948
5179
1290
9604
5388
7651
7070
8910
4967
4310
6595
8105
3606
5212
2611
4931
8786
5884
4371
7031
8925
2803
4101
9275
6240
5034
6778
1315
2240
957
2357
3920
8774
360
621
6073
2026
1059
1068
9652
1050
9998
2901
6569
1982
7433
9186
2785
2200
5869
3040
5897
6244
8066
6429
3474
6589
6259
5097
1846
6842
5853
6684
9134
4026
1206
2633
4793
7621
6296
5493
2871
2179
5346
3829
1738
4463
7536
1784
6573
5352
1210
5425
1720
2820
7822
8404
76
6332
4377
4934
7359
2206
8792
3860
830
759
6973
5075
9364
1069
9808
8351
8524
227
1569
8691
6060
1800
2976
4799
9918
1488
4847
6079
7589
8174
1113
3430
5140
187
2321
6772
576
1447
8657
40
9086
2201
2387
3788
4761
5433
6869
5821
4040
5256
4146
7676
8188
2169
7278
6965
2629
9722
4801
5058
6066
7122
4552
3778
4239
6399
6673
6230
230
3436
2309
8031
5489
4703
5049
3785
7360
3698
2881
7342
6486
9834
8897
6335
6648
2081
6397
2499
7053
3588
4539
6558
7731
9313
8537
9844
1545
224
6417
7409
743
4077
1635
6530
8424
5943
7249
5501
4048
6146
6930
7825
8468
4734
8908
6360
2471
5575
6564
9922
3543
7759
6231
4064
8584
2604
7733
1920
8862
2388
6191
8122
1898
2511
9523
9737
1988
1829
6037
6665
8165
7451
3700
568
9961
7766
8875
167
34
3377
7754
3422
7724
9511
822
8637
2057
5817
307
4611
7293
1204
1402
6895
5420
9210
2959
6226
8235
8490
2650
9154
4023
717
9736
788
92
1764
8950
2263
1546
1573
5548
6944
9817
9322
7397
7688
4251
4370
1980
154
5823
5588
1561
8730
6245
2467
9219
2661
8623
5046
8991
808
3116
3594
5349
269
4485
3439
5019
3189
6496
5231
6443
8360
9747
9231
1680
5175
3455
8334
8274
7569
406
8668
1249
1054
2619
834
5791
836
9721
5936
2187
6876
83
8034
8310
1657
783
9601
3382
9627
7396
9905
5057
4774
3342
3516
2198
2166
3247
3814
6234
327
4261
2616
749
4803
9437
8772
552
9002
6089
5553
1645
2462
7978
2528
4826
5513
3581
106
3278
1448
7637
3739
558
9204
3433
716
4092
315
438
8147
4773
137
6118
2962
7344
9444
502
1418
7341
9821
3637
5956
6734
4117
976
1398
6856
5103
4606
3758
7128
2363
2641
4458
5599
2818
7421
2007
3274
6062
7695
9159
1321
6799
9626
5651
2681
3051
2414
627
1713
5439
4474
7424
7097
8804
9070
2447
9146
6225
4671
147
5371
3509
1788
5742
2360
7524
3845
5596
9049
8379
9285
6010
8190
7661
8965
7781
5436
8061
7240
8903
9526
1443
8544
8430
7381
5973
14
9439
5981
8005
5300
4274
4008
8008
6108
5323
7406
9649
7533
9045
2181
8277
4364
9875
351
117
2575
2835
8847
9985
7422
9951
2914
7212
1312
512
8046
1665
3026
1798
4596
8475
6311
197
2339
8014
7429
4495
6590
7054
7786
879
2948
1747
8720
9189
8583
2754
2515
3314
6041
3322
492
2409
5108
3764
9608
2727
411
9417
152
31
5694
9702
1622
2931
5141
4135
2459
4140
3150
2700
3403
616
7630
5889
8496
6109
6727
8440
8969
159
5172
9300
2027
274
2469
7554
1042
7225
9861
126
4152
963
9201
885
9388
8160
1
1356
3753
3609
5498
8610
1137
6330
6916
8142
2810
555
9481
6938
2122
3163
7568
6503
4244
9709
4479
2410
4234
494
113
8519
9472
8595
3308
6500
3238
8541
578
11
7721
9046
7171
8162
201
5987
3555
2698
1157
3838
5844
8511
5540
703
6114
1610
297
2437
6207
7995
5663
9576
6161
7683
7633
1961
7678
770
7480
4286
2213
4808
6913
6531
699
75
5803
4243
2569
4705
9908
6889
1922
6755
8347
2480
5881
2348
8322
2845
1967
8218
1100
6990
5407
1035
1097
1257
9873
7727
9187
1857
9397
2407
3401
9562
7333
1280
2954
9094
2830
6529
2800
9042
6482
1613
3701
3368
6672
9431
3567
2501
3447
1019
8938
1752
7065
3376
6088
2522
9533
8621
4221
5044
6843
7847
9426
2554
8155
9129
1929
9928
3049
2417
7601
4551
5293
2400
8175
4701
4500
7030
3160
3703
1925
9798
2260
4520
7940
9082
2939
4136
8420
4024
3755
3671
679
8865
6521
9293
1900
6780
4403
7728
9072
6815
5188
8062
7241
7061
132
1115
2144
3591
8618
8313
6325
296
2973
5972
9
6346
3942
3933
2965
6587
3794
2307
6696
790
2224
9883
6900
3002
1449
8473
2424
4398
3892
1870
3844
2148
4830
1350
4120
7476
8874
7079
4784
1632
1914
2908
392
1355
4651
1927
2128
6150
5279
4698
249
1908
8350
7159
3288
1412
9833
4521
7263
4440
8526
3115
8084
5763
6047
3268
3090
7848
7326
8682
7102
6431
8233
3442
4893
1560
4921
3048
5542
4811
5758
3174
439
2165
3878
3715
7551
724
207
7494
7281
8932
9837
7810
6354
1941
3076
165
4082
4776
1298
4763
962
2456
1404
4927
8700
9847
4431
8869
547
3413
3384
4797
5386
9101
7191
8803
9486
5631
5935
4094
1772
6238
7886
6255
8963
7700
5702
5431
2600
6337
6223
9956
1939
2709
7045
7472
1417
9841
4476
1322
4397
7660
7559
6123
1105
4872
9538
1279
665
459
9704
4363
8749
9625
5957
7923
9170
6866
5847
7328
9476
6886
4889
6016
5258
3488
3105
563
9223
985
9642
5888
7321
3595
5570
5458
9178
5299
2486
9937
9733
2955
9994
3230
2139
8641
939
5841
6388
903
3959
2799
9074
9835
368
6814
1875
9135
8113
9587
2153
6571
9031
3667
5764
9185
3353
4731
9358
1305
3856
4032
3095
4638
1074
6664
4486
2752
4236
4467
8695
847
1202
4928
9298
8836
4727
9539
1978
9182
4857
972
1471
8506
7947
5562
3658
130
7314
2697
3792
3257
7450
5595
752
4277
5519
7478
8446
7052
8015
6470
7514
9852
6180
8214
6068
9158
6736
1731
4704
2219
3441
7735
4964
3776
1334
1430
3552
8413
6931
3936
4998
2563
6323
4330
4325
543
5451
4030
8685
3974
7283
9181
2634
8878
535
6667
7510
1712
7260
7845
4282
3454
8600
8168
8036
8152
5891
1386
3336
7925
8564
8709
1167
8095
4891
9997
1112
7654
5223
2308
2668
4737
9125
4441
9127
6960
8499
771
4843
7546
7155
7185
7410
423
3558
8462
3540
6537
8343
3138
4289
9140
1991
1369
4180
8752
4445
6054
6042
312
5502
1934
2539
9324
3535
1272
3200
9459
7704
5096
7610
8329
8957
4164
8952
25
5438
6447
9436
3275
5460
1397
458
4391
7262
4324
9943
4167
9329
4005
1086
8260
9117
7873
9078
8504
9252
5798
7440
1327
9488
1262
3932
3491
1887
7789
6971
5779
2258
6641
8894
4738
9864
8551
4566
2952
6189
9124
7666
7203
8395
3414
4888
9055
1352
5025
4144
7127
1396
516
9177
5882
6577
8234
8781
955
6803
2765
2306
2938
6630
4412
6456
5607
7864
7745
5910
3305
5314
3741
3017
2245
8705
7596
3771
2304
8259
5494
9291
5250
6883
5536
533
1015
6063
4884
7287
5183
8187
7161
9534
8048
9877
804
7787
258
5161
3578
8956
634
8703
4571
1527
8942
9006
7594
8741
2789
5860
7765
7680
9307
527
1652
911
2980
3793
5828
1544
5198
4460
9749
8817
7365
7475
6774
1450
5909
7606
3550
7644
4902
8251
5864
6236
9386
6638
5543
3564
6185
3093
4565
8822
7643
1719
5347
5713
6909
1651
2656
8775
2853
7861
8407
9440
829
8109
2279
1806
3655
1774
9799
671
1481
4466
1807
8930
4392
2084
1139
5393
1634
6757
7517
8020
3720
2152
5427
8222
32
1968
6565
3754
7401
1184
474
86
8183
4212
4426
4287
8146
3522
927
4337
5985
1372
7075
8651
3148
9308
3882
4974
7248
203
6389
3988
2773
4267
6257
4436
8915
5325
7138
5619
8451
2502
5309
798
1757
5468
1379
722
2356
2983
5695
4185
7216
2331
8759
4969
5222
3435
2545
4237
2317
2190
1874
1865
9819
8939
2899
8856
2340
8916
9832
6988
6870
6615
4046
572
5117
488
7585
6282
7298
5415
211
9243
2185
6285
9904
8123
6052
7131
6817
1366
6597
9581
6315
793
4420
4072
8574
7231
7820
6694
5036
9872
5970
4150
1018
4942
2335
9924
9150
5716
6435
5242
2445
1609
2299
9555
7361
3283
1246
5136
5773
176
7284
272
6434
6467
2977
7599
293
538
6779
1147
4584
8133
7909
3614
3867
2134
7335
4823
2723
6544
52
959
565
6864
2194
3032
9138
384
3590
9084
8091
333
7295
3042
6710
8153
5437
7107
1650
2345
5832
3098
2315
4772
5761
7926
6703
5669
2105
389
2004
5878
7906
7366
9171
8914
9944
990
3868
5207
446
8986
4345
3304
9460
7840
3192
7915
1937
8056
6458
9947
5308
6201
6166
8055
6882
3147
4867
993
5014
1278
7217
6933
455
9408
5975
9211
4339
2426
3249
1656
7100
378
1281
1266
3579
6987
39
8883
7769
1516
2943
3731
1464
7535
3039
2531
635
8169
294
4602
8566
7885
9753
3190
6603
2645
7064
848
3008
9504
775
805
4796
6143
8771
1354
3699
6865
2886
4374
6824
5737
3434
9658
7737
3572
7859
9066
2612
6264
170
1551
8345
4283
2708
9788
9502
3815
1811
7324
3028
3697
2273
4633
5680
5877
4985
5464
2518
5606
2123
4575
4568
954
6712
5190
8296
758
6053
7703
9577
8397
2220
1575
5919
8269
9831
9714
5893
7380
7662
3969
9393
6300
8436
983
4079
2618
1170
5741
1474
2266
1406
7531
4759
2738
2278
755
6740
3087
6157
610
8748
9303
6854
2993
8814
1890
7892
4883
7527
9242
6450
2953
3854
3944
4314
9748
7062
6658
2137
3989
388
3735
6305
3465
9646
8608
3378
9549
4513
1445
9230
7573
3946
1373
3404
1180
3111
5883
7094
5476
6726
6309
338
7986
2979
630
3502
9770
1529
8689
1317
8984
8107
5583
8613
9226
8201
3255
5454
3082
3805
5940
2334
8002
9449
4914
6112
4110
5220
241
4787
9692
3677
1877
6422
9912
48
8171
2891
3346
889
8450
4841
8049
5483
6857
4904
9406
7866
936
6999
6147
5623
1473
8067
1221
8293
1248
3327
1514
9970
6785
1228
6610
7338
2655
6880
5784
3546
938
6275
3958
6190
6562
4095
4132
8070
289
2377
6036
3362
7706
2764
8080
9790
8447
4053
747
7826
9281
9574
4316
4723
1446
4312
4215
2196
5780
5815
1834
2970
2546
4908
1718
210
5281
9695
4203
9382
6219
2836
4719
3995
46
3329
2678
1181
3768
7221
9087
3495
1380
5211
2418
5074
1585
876
5804
3816
2361
2189
3054
731
1319
4757
3066
8940
3213
623
6934
797
444
8363
9792
1549
6178
5691
4708
5687
1090
7452
3924
8180
4533
7532
1314
3197
5760
2298
12
62
7445
656
3
2795
8444
1040
5667
5949
814
5768
3070
8166
5421
6410
1442
8944
7723
8256
6160
1716
2767
3627
9894
2037
6756
9741
3077
8818
732
7407
6759
2990
2078
2096
1390
3273
5312
6588
1260
1605
1219
3964
5002
6637
3518
817
9621
8677
8127
4427
5466
8417
6379
5288
1024
3855
3030
4599
7042
2180
9295
3503
9964
4674
9251
4429
7459
7718
5024
6639
6122
8202
4387
94
9097
4305
9121
7332
7464
1154
2846
5043
2385
2154
950
917
4275
8342
2425
9719
5657
2950
1816
1778
7291
8523
3114
4235
1792
1478
5829
9392
5206
8601
9563
3302
1839
1759
905
3723
4559
9957
7154
310
2284
3363
6911
7137
5052
2014
9711
8850
9728
4362
1694
5335
7005
9004
1073
3832
2493
4691
7574
6852
9432
6924
3706
2956
8157
6159
7032
7404
6493
1444
1538
3940
6518
5013
9726
2739
9843
9827
3311
7712
7726
6378
6341
6032
7919
3679
5925
4825
1873
2718
9859
1936
8514
9500
4139
6373
4897
605
5462
7044
6600
7751
2217
456
922
1120
700
4629
7647
8831
2981
9756
7784
1973
8453
8789
2481
5534
1217
1990
6468
87
2666
6547
43
7124
1654
8954
6828
9981
7376
5089
9966
9836
813
5271
2401
8437
7626
604
7631
1595
9680
8580
3804
6412
6299
6855
5557
5749
8339
4976
3573
4258
3347
6453
1899
3635
4378
8316
8488
837
4751
4401
925
9830
2813
8478
6039
1308
8516
6516
6754
8399
3481
2732
4001
8911
7632
7976
8895
3904
2793
8248
6636
2120
763
1493
2441
7432
2035
8304
8211
8650
6618
5442
153
4051
6675
861
4743
6058
9249
6213
914
1426
2749
7509
7063
5852
8970
6322
6753
1376
3372
7246
8007
6506
750
6413
9312
8193
5593
2006
6260
8998
6462
1208
5070
6495
863
8988
6650
748
8664
769
2923
1176
5642
5914
329
8104
4406
9850
178
6596
4549
3417
6144
3784
1641
619
3782
9787
9805
3000
6534
8242
7934
7116
4069
2582
1477
2174
778
8349
8047
7895
3063
4557
4940
4335
7353
5757
5445
5030
171
8918
1044
1761
7638
101
45
9871
7373
638
9651
6302
9035
8627
6626
3137
1803
2192
8810
3326
2253
4544
5712
2922
8408
1382
7503
7650
8085
9584
4494
3263
1955
1789
1466
2660
4859
9948
4514
8255
7953
7199
4265
7687
3956
1801
1300
4329
9925
2653
1331
6013
7578
8239
3172
9930
5621
3456
2333
1259
729
415
1116
8708
1186
9558
5685
7076
6278
5510
302
3656
6777
3857
7967
9505
9369
8841
4564
7819
705
2044
9156
6708
2002
1092
8816
9564
8290
9165
4926
437
4015
7744
5738
3343
9038
6401
2848
1722
8739
374
6871
7393
4054
2020
4499
9975
7832
4663
7590
599
7302
1198
560
7977
8356
7311
6310
2524
4956
5230
157
5563
8889
4858
2620
1594
6952
9849
2505
9995
8503
95
6747
4744
2614
919
3562
9528
9465
6356
5262
7640
8855
7839
6539
8806
6024
8053
4465
3568
4789
5750
5457
2572
7304
6392
8323
4306
5567
5215
3127
1602
7598
6465
4149
6408
5153
7997
1935
5688
8589
1378
7611
3162
8837
744
3657
6031
4545
2895
6681
9556
4807
2898
1688
6634
9403
4224
1475
3757
9455
7961
8761
9179
4756
183
1512
3348
3132
2373
9283
5842
8795
4580
1337
1253
3617
2109
3553
7628
8835
8716
1646
1580
5634
6313
391
3325
1910
1480
7783
1511
8654
7898
1283
574
1536
8381
9033
193
3827
9069
2403
4356
5287
2784
9015
6124
58
4451
6729
2256
1820
9470
5535
1455
19
5684
6867
2457
6914
3836
1915
4550
8194
8170
9860
248
644
77
4919
9279
2720
3577
4986
5270
472
8167
9599
2757
3426
690
1733
9751
7388
181
6008
4806
6649
4970
2903
5039
8143
1862
284
6789
96
3871
4603
8197
177
65
9085
1484
1014
8071
8824
1213
9876
4573
3826
7142
2214
5601
2085
2865
1630
6962
1441
9065
3152
2503
2825
6334
1639
8545
7874
4528
2777
6657
9128
3004
8089
7709
2365
4450
506
6921
5591
2176
8884
7188
9462
2261
9624
7655
1552
2380
3913
9566
8945
5950
5586
8713
2701
9079
3251
2880
3224
8740
1636
4284
6163
1164
6928
6604
6183
173
7814
4125
6546
9934
1956
582
6148
9952
6364
7419
5398
9267
6208
2075
5723
2937
2805
5747
7466
245
6784
6342
6129
3428
4656
9607
6644
2686
4851
9848
1698
1039
7144
695
9783
9959
1563
8077
7502
8559
4586
180
5241
2464
2375
7956
6027
432
1962
4147
2863
1292
9434
4344
7416
2072
6892
3756
5997
4918
3691
8757
4313
1970
5660
7331
480
4626
339
7693
8710
5480
7513
1288
2692
7437
1067
4198
6540
2440
3031
6773
261
8626
7162
5703
8880
6927
1693
3410
4347
5734
6950
8607
5655
2268
7808
726
9142
673
5134
4553
4442
1394
3584
5219
5416
789
4075
2601
9099
9183
8614
186
7088
7927
3996
3729
3392
8131
9110
6981
1763
5966
8928
109
3527
4609
994
831
4745
821
9067
1708
7538
337
6083
3416
1156
29
4853
9394
4443
3158
3529
9195
6745
7485
3928
4108
786
8090
9672
6735
5304
2534
8751
6976
3254
5946
3763
8464
3848
3714
8393
1690
4334
6251
2967
7512
642
9071
1017
4501
8611
6140
912
7979
6111
9666
4620
9162
3269
6215
1297
8135
9334
1881
5962
6536
3381
7951
2592
6795
292
8460
9620
2171
8217
7479
4675
8796
8798
2161
5525
2790
2212
5144
3863
5790
7320
343
3310
3183
1728
820
5076
4357
5286
904
3337
51
5541
1737
4915
1793
510
6440
2500
4716
8714
3950
1425
6442
3091
8935
4598
1768
3993
1079
6336
5603
5236
3060
9131
5801
3151
7136
6414
8435
6139
7080
2775
6158
2055
324
1282
9771
4953
2951
1721
9900
4173
9901
6070
2549
7067
6832
2722
85
3538
4245
8145
7017
1026
640
643
8191
4818
5071
4581
675
6918
8027
514
6542
5846
3563
5356
7714
7505
8870
5939
161
9911
9920
6707
6989
8491
7457
4109
9888
5283
5874
1045
8973
3226
8864
5505
4694
9400
8454
7300
4924
9320
2042
6940
3333
9415
3099
2925
1344
4758
9580
3779
209
6427
8230
6686
3107
5929
5417
7657
4281
6515
7939
72
2466
3985
7963
7106
6609
4435
9754
8679
9862
9227
4071
9891
3965
9270
4906
3712
2396
4034
2296
3245
5297
441
768
467
3053
2470
1885
4166
1623
6586
9686
1821
8375
7383
8250
6661
7316
9261
6115
893
6263
9284
8522
42
5178
4240
2961
5692
1307
8231
5497
9927
2559
550
7243
8692
9000
2074
3141
2855
7642
2158
2173
7586
4061
3634
6492
1203
1942
5628
5319
9011
2040
5430
3180
9166
1743
1583
4945
2625
1555
394
6473
9206
3626
1163
4833
6520
9667
1151
1173
7547
902
1771
7350
5675
3167
5237
1389
9889
3296
5403
4068
733
1566
4817
3865
1959
1751
403
2056
6065
37
7230
4127
6459
6853
8040
1393
4
9801
3889
4905
9220
4512
91
5521
6294
772
7339
3733
8427
461
5527
5248
8415
7081
5620
528
2982
6633
6377
7375
2902
6233
1028
1744
764
4937
2978
8535
473
8579
5042
3256
5444
8981
235
1528
234
7623
4148
1421
8179
6838
9314
5225
4607
8352
3807
1889
3182
1209
8494
3684
8997
8364
3542
8937
4613
4093
3101
608
5167
1593
9826
8778
5376
2068
9148
6033
810
5958
5990
6601
3354
4360
4592
1614
4850
3024
7050
4526
2147
7033
2811
987
6267
859
1851
482
1360
5411
7870
6761
2050
5040
4755
685
3222
5119
8108
8576
4481
3419
6138
1677
4162
7019
8966
7827
6433
8533
2383
9967
4128
3554
2342
4570
1729
7950
7055
3339
9785
3380
3498
4993
3195
2390
3915
1459
6949
6926
6391
6372
7125
8141
6907
508
8383
501
5618
2314
2415
1075
4874
8004
662
3976
9909
6826
358
5381
997
7903
592
2272
3252
8666
7807
3340
3977
9779
6348
4332
1590
8354
259
5260
3592
9425
7215
4882
6983
5664
4800
4382
4112
5566
6308
7965
4266
4229
8920
1790
7648
5639
380
6714
5123
3843
3253
9474
8854
7624
6722
4358
7196
5994
367
2894
9471
7386
6306
1591
1098
1830
1123
2667
5547
3750
4250
9902
8980
2223
2453
9257
4546
3876
6021
4103
2560
5020
7096
8159
2013
9317
2428
1548
8389
2302
404
5453
3125
2205
2370
150
6607
5661
449
416
8704
7558
3203
3641
2008
5635
3394
1388
2906
1110
8596
1823
7888
5550
1472
2000
7461
7471
328
253
6743
9083
4682
8642
1285
1258
2623
6812
9208
1994
3598
3639
3365
4615
6293
7113
3092
6025
4861
807
5185
3604
4395
3177
6153
7072
2824
7402
252
6750
7087
5315
2737
2510
5278
4434
6061
8479
9253
3835
4394
4869
7508
3175
7682
4684
3983
6448
741
2149
5029
8266
3211
2141
7779
7869
5504
6020
465
4578
2567
6074
5873
422
6474
4839
1194
7192
5160
6421
2353
1241
7717
450
7583
7160
896
4746
1244
9149
2930
6894
7993
7343
4256
151
6717
1506
4558
2904
9863
2889
1463
2300
9327
7668
5609
3949
7412
2197
8673
50
2099
3648
1849
1629
7982
2011
3241
5397
7149
4955
6099
4200
1233
199
801
6363
4058
6268
134
9717
8176
7952
3294
1895
8538
243
7882
602
8838
5307
2719
7431
7280
7346
6376
9867
5671
7659
497
5771
6969
6517
4802
5636
300
7228
7201
1861
376
4709
1096
1995
9685
5291
857
3025
84
1121
7588
5419
1919
5054
214
7689
9075
8126
2603
2012
5404
6009
7521
886
3206
4052
4222
8675
7564
5269
2465
2812
7092
7057
3716
8823
3738
9907
2958
6471
9816
4576
7620
3221
5745
8839
8896
2257
5647
2730
9596
6142
1306
2941
6580
4365
5396
7931
1385
3468
3611
6327
7319
7761
8238
9807
8985
3624
3159
702
7537
8631
6680
9372
1182
9594
2047
453
1837
3612
3260
79
1905
7438
5611
9950
6652
222
2989
915
9777
6352
2791
9305
8846
6131
4795
1499
6411
3840
7905
9160
2924
3891
4066
2186
485
3923
3523
9739
2227
9420
6093
4060
7170
2911
1365
5584
3379
4194
1730
4634
1948
526
2928
4448
3861
6248
2986
3383
6936
7849
9269
493
8766
175
6791
6683
1894
9136
9144
8079
8507
1597
6951
7863
9591
8736
8797
4247
93
3864
1711
5896
9259
1776
220
7357
4810
6135
1539
1787
2118
4161
5406
3934
414
3608
6030
4589
8368
8119
1984
8788
8926
4123
3003
9866
9349
2832
6691
9570
4264
8570
9644
1370
8569
1211
952
9874
1309
2468
1492
4641
736
1674
9288
4932
4087
184
1162
1032
2769
1556
114
8495
4470
9163
4471
8244
330
2706
9424
331
8669
3432
2492
6466
2751
1216
3196
4067
191
8213
4923
1714
5615
2571
2798
2561
6128
4901
122
8593
471
1858
4510
8276
1495
1891
1264
9595
697
3918
490
1796
1916
8992
3525
5171
8099
5697
6077
3642
4090
5805
2584
9996
3834
1197
2376
3704
7384
3075
4216
585
8967
8459
6847
73
6246
7747
4483
9047
2537
2328
9710
112
8474
7501
3109
6912
8208
5902
9240
6304
3903
1940
6483
3912
5246
6813
9993
8629
9161
2875
4225
940
9030
4621
2028
9730
1109
1287
8501
1175
6222
4625
7282
345
566
1831
5999
5422
5751
8442
2408
8013
8813
8489
7851
7175
8996
1013
6719
1357
7374
1842
6659
3906
5491
2856
2322
6584
1827
1697
5727
6724
7770
7876
1797
229
4018
3242
1160
9338
2034
8203
3683
3397
5311
4043
8943
7271
1847
4353
9552
8098
7749
4631
2733
4369
2051
596
9913
4537
4269
5158
5055
8857
2639
5092
8498
2167
7674
9058
4805
2093
4301
353
5443
323
7378
5414
2690
6102
2715
2809
5366
1845
7446
7645
5782
8150
3009
6700
265
9191
9458
1183
8977
5027
3781
7828
4154
7891
7272
933
7634
386
8328
779
2233
7487
2289
9299
7104
9073
4280
1700
8068
7778
2643
1408
2172
4752
9409
9815
2157
4706
8594
8253
7962
3548
2508
4979
9602
4692
8793
8265
3841
5954
9390
4484
559
6526
1428
9401
295
7842
7141
5173
1577
3725
4866
824
4381
5554
8724
4022
9048
5592
6175
3232
5276
4404
3191
958
8292
9280
8605
4049
7837
7273
4425
6922
6350
6654
6704
4475
2651
9988
3168
3044
2617
1491
2833
8206
1971
8461
1809
4300
430
5816
5382
1332
366
1869
8212
8210
419
6676
145
2884
4690
3250
9814
9617
1207
7469
5568
7006
2431
1349
6295
3412
1138
9701
615
7902
968
5234
2053
650
1715
7140
5114
8936
3680
4534
8727
8177
4238
3119
4346
7083
3647
1117
536
5589
947
4319
5360
7467
8609
5235
2326
2070
9104
923
6807
1815
1618
6758
7077
5699
2193
2209
7315
2587
8674
1958
9632
6782
8562
7625
5629
475
5365
9645
7493
1145
1222
1427
8840
549
7865
9772
3018
2455
706
4226
116
115
9963
8227
1975
1530
8469
1085
2741
4231
2998
1913
5149
8438
8118
5456
3773
5154
2949
7604
711
4829
4892
5672
5998
5479
6385
8715
6775
2896
2724
1336
6221
8999
6254
1232
3246
8834
5244
7253
2867
974
8941
2662
5643
8738
5837
8572
1832
9354
2763
7991
9197
5500
2960
6186
1854
5095
3244
2018
7750
883
2704
3186
359
2652
6209
2731
7292
3812
5342
9718
9350
5051
69
9992
2786
1229
8384
9343
2747
1364
6395
8688
9962
5573
3875
3596
8021
7012
2487
5549
8281
6355
409
6002
9984
9611
55
427
4195
3321
2927
6943
3664
4044
7488
7114
2208
6579
5937
708
9222
3227
5835
3751
3544
5754
4619
6689
2792
8355
228
1565
5486
8919
3463
7370
5793
7992
9764
1089
7834
2262
3797
2124
1468
8029
3787
2267
2659
1660
9164
1320
9480
9903
7024
9039
7120
2115
3315
2079
6605
8931
3155
2210
6770
5272
1699
3719
2854
5767
9654
7868
7251
7616
2349
5880
5032
9548
6818
9245
2371
7101
1118
1099
7411
8747
3780
226
920
5111
823
251
982
1706
8750
7929
1187
1041
1554
4895
2354
5255
4768
9452
0
13
600
4765
244
5253
6436
5574
509
8636
4860
2547
2332
6119
4790
8081
1405
6749
2490
2772
2819
3299
6265
5995
1522
1038
4887
3620
9823
761
5572
2974
1087
3972
2878
2593
3822
8568
6252
3236
2188
3514
9614
5368
6816
6478
3585
7912
3448
2996
4997
7463
9761
8622
657
9609
6005
8382
3293
9809
9175
7238
5121
4696
5682
5904
3693
2229
7801
1766
8463
5232
7458
4939
4070
6290
1531
899
1505
1746
6878
468
3067
4327
2183
6200
9027
8300
1642
1996
121
5018
223
7917
361
5408
2541
4582
3312
8866
2029
1102
1169
6792
7443
6464
3907
2225
9706
33
5797
5988
8625
7099
6831
8087
9052
2882
3605
238
1867
4083
659
598
9151
2897
728
1979
1672
4896
3045
379
9153
4121
9090
7056
6524
867
7013
1368
7270
192
1076
7841
513
9665
160
484
5733
1031
2831
4296
9428
5015
6908
4980
8659
3313
60
3583
2178
8762
3388
4659
832
4089
5730
1128
530
3927
3219
3055
8254
4959
8742
2439
4156
1196
3331
9846
9729
7752
2045
812
932
3117
8110
5495
7544
4794
3374
1932
2033
8219
7286
2077
5885
9412
347
7504
784
4871
3193
4780
9845
7593
8652
8560
2336
2725
8770
1603
8904
6819
1866
1748
1600
417
2358
8093
1964
1166
9389
5989
4605
306
4279
5316
1947
1732
1770
6274
9096
5577
8120
6786
6608
8128
9260
8075
8229
660
3487
168
281
7269
2588
8887
6888
8630
9818
4519
5164
8665
8386
1348
24
8058
8800
855
98
5955
6152
8380
3539
869
7382
3259
3153
4405
971
7213
7059
6280
7009
601
9463
1574
4012
6860
4042
6879
6739
894
3297
872
7955
1071
852
7394
4748
4900
9361
6501
2968
9507
3722
2861
3409
4556
3360
2782
5267
4898
4515
5679
4729
80
9468
9188
1353
9663
9357
1824
7797
9605
7068
4862
7118
9508
6731
262
6291
6970
1088
8819
2920
2676
3303
3957
5964
6872
9091
7817
9180
5781
6669
8492
9494
216
4489
9116
8721
8784
4987
4949
6836
4720
1361
7232
202
9590
8573
9740
9546
8422
6523
5590
7975
2654
6720
9910
981
6748
7259
7091
7705
9896
9147
4838
6133
8606
2009
1966
3690
8289
6925
8582
9745
30
5081
8284
1021
9530
2940
8317
5555
6398
6232
7823
853
8057
5336
6945
9413
8987
2579
5268
8010
7205
8542
8484
9857
1165
1892
6606
4184
5918
9008
9402
8758
7507
4989
8924
5722
263
3072
735
1375
405
8114
6507
2892
9797
2804
1304
5683
505
5825
1340
8686
3734
5369
8287
7760
6840
8885
5487
1992
8633
753
3884
3492
7145
9333
9525
8001
2935
7691
6901
3943
89
6094
4627
583
9310
7520
9544
1909
845
4352
4814
1987
1002
1659
720
8412
5558
3500
3144
7020
4523
652
9547
8699
7179
6237
6424
3079
9102
8333
6194
7829
23
3557
7949
581
5098
6820
9720
1436
6567
7206
6288
288
3560
1695
6307
382
5996
6701
385
8746
544
8037
1250
5792
4383
4367
4085
9969
3357
7555
6432
2770
2010
1679
9945
5813
4249
3359
7039
9427
3530
2362
8995
6004
7313
2429
2060
7071
3385
7177
9557
2164
9755
1056
9367
7753
3759
3901
3853
7777
8871
5010
3062
1225
6339
9026
8604
3209
8392
9501
7408
2102
3047
7858
1808
9522
8517
1497
2374
7577
2847
9802
9598
4547
4809
3951
9725
1750
2869
999
3999
2384
4189
4714
3718
7878
8645
3258
9003
9433
2608
8525
1470
9345
8249
1661
6617
7392
1818
2632
1066
9265
5463
3266
2350
5974
5800
1119
3888
2849
5106
3126
9657
4911
2533
2994
4699
8132
3702
2607
9716
8192
291
7058
6430
1061
1077
762
4650
5107
1005
3005
2972
7824
6028
4658
9694
3623
3660
8853
4683
1589
715
9378
2199
5917
9202
9216
5689
7887
8309
2392
3194
1342
3935
6616
4995
1275
2222
6357
7522
9855
1030
3425
1178
2022
2255
2236
8279
399
8051
4014
7413
8753
5131
2049
8038
661
4315
8990
3820
7133
8646
1587
541
6688
2734
5616
1338
5210
663
8372
1519
5277
4865
1983
7051
9669
2942
3056
8802
8548
9410
6460
7675
3338
4707
1009
870
2338
9675
667
7500
850
7708
6629
1023
7449
321
5658
5861
4390
3519
9266
4678
1247
4642
5900
3931
1168
4846
5559
4031
2646
7306
4007
6725
4421
6801
2066
1612
3694
3400
2936
1358
470
7867
3886
8829
2526
5481
7489
8094
5083
8042
6961
240
633
774
2182
6798
7936
991
7126
2438
8868
2364
7340
1267
5474
8149
2783
6765
7937
3663
8754
8065
3692
6329
7653
1810
4527
3650
9886
1296
7303
9623
9351
1893
5865
1237
5401
6868
1997
4126
6709
2598
3673
7123
577
6319
4717
5678
5000
5686
7444
6575
522
2873
1571
9916
1621
6711
6316
7890
5249
3646
4735
1276
5799
9633
4524
7193
7715
9141
2087
4655
2934
5719
7425
4733
