4878
5838
2863
340
9119
1090
7670
2226
915
1105
6543
8153
7889
2105
7952
2141
333
7711
533
3018
6124
764
9999
5342
3170
156
7679
7346
3552
220
7822
9268
6167
4039
9870
8747
288
5103
5612
1032
5414
9407
549
1916
9760
2824
408
257
6443
4408
8721
6005
5726
697
6055
4030
6617
2244
7478
4014
2252
4203
4233
9883
6458
4550
6519
8834
4637
561
5304
1416
86
8532
6156
7339
7355
639
7771
5418
8556
3820
9026
9159
2902
7875
833
4111
5445
6123
5825
2438
656
2180
6992
8060
2439
4085
2749
2453
6919
3521
4827
9889
4209
7718
9289
4061
1383
9338
3551
2950
4140
8572
9723
5976
8587
7754
3275
674
180
3043
32
5059
7239
7596
4090
9761
861
9830
7257
3500
498
671
8513
701
7979
2029
4821
8583
5771
1127
1738
4181
9429
477
7839
5359
4856
2473
173
395
7694
6571
8419
6526
2726
559
1545
3764
1926
8269
9539
9194
5489
2988
8233
1520
1287
179
6322
2701
7842
7615
5752
1214
7117
490
7185
4490
3611
2630
4457
2584
5579
2032
8829
6961
5961
2609
5158
4456
1659
5805
1034
2462
1674
1340
5893
5993
7311
7383
6566
4218
5217
7169
1409
8567
8626
4735
704
1277
1958
688
4301
3975
1929
3123
9609
2023
59
9994
5314
6026
3525
158
7687
9678
6965
5134
8236
3068
3856
5837
6409
3915
8745
2872
8273
5206
5280
4894
3675
1335
8846
9960
5936
8251
5281
1454
7634
4822
2692
1989
1609
8084
9433
8182
3367
2911
3122
4189
3483
1686
3155
4255
3378
1741
9
8512
605
2571
8253
3290
3738
9754
4434
2096
4313
9808
1263
6753
4537
9569
4004
7027
6202
8719
9231
184
9777
2260
2522
5232
5421
5725
7123
3180
7128
6553
2281
279
6941
3737
3265
4426
1308
3430
546
2946
678
769
9527
2846
1243
117
5594
9152
983
9218
4876
8514
1497
6651
4382
169
1250
8087
7395
1222
1396
2008
6801
8818
3194
2144
9812
5582
5026
9290
1436
2422
3821
4816
2784
3298
8355
4506
5184
8735
7303
9695
6577
1984
4311
7894
4971
1954
303
2013
7782
426
4496
7706
4494
2455
9177
7980
4087
2149
8462
5721
7967
198
4713
4767
794
590
9993
3899
4188
1295
9296
2364
2005
4750
3060
730
347
4191
4380
4975
3217
3637
1872
857
8288
875
814
3010
8879
5361
3200
6555
848
3516
2814
264
3252
5211
5710
9943
8022
6652
2706
5597
9638
1351
2468
4874
9058
2081
6588
6135
2419
5420
6767
1819
8910
2721
2916
5780
1356
5043
6554
1669
7832
9792
1780
9613
8864
1176
4092
8602
7519
3794
2896
6058
957
1947
9562
4775
734
3285
1200
6397
6329
3594
2028
218
3411
8130
7520
7221
9757
7361
7943
1185
2365
5737
6115
2589
8855
5350
9398
3873
4315
1310
5858
7211
6085
2374
9172
1033
5519
2095
7362
2607
6551
4058
4737
3228
1513
5183
3695
2304
3893
1211
6018
7429
9776
3898
9162
2009
927
2771
7344
5236
9629
986
274
3618
2319
1376
4619
4746
3993
4850
9694
4517
7272
6278
3156
2639
1768
7294
6970
1869
1536
2838
880
4646
1978
375
6671
4806
6474
1587
1267
3684
2197
7917
8127
3337
1876
3071
3137
6764
6533
3464
9701
7607
6101
5417
1252
4831
1019
9702
5835
5248
4361
7733
762
5526
3397
5865
9623
5133
4340
4031
660
5974
1402
75
8185
7186
6580
5846
717
39
47
8570
9661
4867
7761
9711
4460
7778
8404
6081
4926
4107
2581
8660
3555
1769
5857
1788
3815
6412
6640
7888
6864
7927
2898
5942
9643
3561
4438
740
4113
1040
6396
4217
3146
6381
1496
6491
565
9567
167
1771
3504
6772
4555
8229
883
3116
3865
2957
8440
4143
6338
4980
5088
5487
2030
9553
979
7757
6935
2972
4748
1453
7233
5853
7335
9281
9633
3926
3650
7485
227
1721
4084
7054
6249
9698
4070
923
8383
5356
550
4794
580
5040
8061
4629
3002
997
4549
4991
1087
3740
2091
348
4420
4577
9331
1597
9424
6056
9601
5155
4809
109
960
8958
2681
7745
343
665
5518
4778
7977
8166
2230
7898
8655
335
9530
8903
8613
3532
6472
2742
7367
2821
5114
8220
8561
4177
9064
9575
2513
2928
2826
2934
3463
9816
3450
4401
6511
8524
7786
1011
4944
9409
2488
2405
3321
7676
9721
1838
6702
8459
8303
376
1463
4182
7183
6595
2058
367
6127
5229
7572
1784
2530
3665
8216
1645
6310
3710
6717
4520
2458
4643
2477
4954
3362
7735
4960
5693
4969
7225
9126
246
1893
3924
7660
3727
4785
8241
1217
4204
6280
8242
7500
8250
588
7245
7573
930
9093
6786
9334
7236
5960
7424
7173
8689
1900
7787
3953
8681
4604
4877
4352
1824
8677
845
5584
66
29
7833
4727
7255
3185
6299
8071
3131
7158
1782
6951
7282
7330
6333
9104
8212
3445
2306
3428
7378
420
2705
5322
2325
9427
6850
6444
5138
6483
2354
1024
9113
6492
8352
273
1910
1143
3756
7847
1459
2084
441
5985
5067
1315
5019
8068
548
9511
4768
5570
1807
8264
3976
4099
8780
7614
9373
8968
7560
5536
5312
789
4211
1657
8949
5130
7352
7529
972
4699
6179
3711
3897
7919
7164
3507
8169
4697
5676
2917
1043
2316
8265
3255
1424
9422
6449
1062
8908
352
5159
5480
1279
3870
1153
3757
6083
609
2627
3368
4080
4786
4294
4022
1447
4759
1240
5374
2194
7662
4918
7870
2958
5242
9137
860
8135
381
7799
8743
2093
9216
6955
4433
9028
8505
8945
1397
9444
1125
5476
5824
7692
1595
7051
2880
4947
9945
5572
7981
5366
8935
6281
2474
4220
1962
6165
8687
1880
6074
4464
7210
1404
4838
6356
603
9841
8418
9001
8200
1618
824
8107
9294
4055
1829
1178
8734
5954
259
290
5658
8525
4009
4141
2929
1401
5001
4790
7630
9311
641
8140
1762
93
4072
4599
6004
7105
6430
1975
6428
2020
745
2772
2711
8039
2516
7220
7340
5098
9035
3067
5502
5024
2708
4272
797
2501
9233
3630
8427
6773
1772
9545
9094
1957
1203
3719
8819
8750
1417
9276
3004
9273
7555
7374
4852
3631
9620
1577
944
6212
7057
9263
5934
9683
2517
9997
3903
8683
6117
9298
1761
9804
9748
2887
5910
3386
6780
6264
519
4066
7292
6870
5407
3177
9153
3850
3074
8872
3706
6868
7516
844
4570
3139
4117
5763
8679
2264
978
3279
2245
3163
2463
4886
5087
8652
782
9243
3236
8111
686
8301
9395
8657
9650
9014
6733
5762
7969
4240
6620
8749
3088
1950
4453
8656
3961
4306
5574
9336
7493
6833
7301
8883
8709
8714
1139
6391
3012
403
9645
9751
9228
5868
9929
9190
157
2859
2493
1530
5829
851
7962
7887
5497
4808
623
2400
1438
2223
2874
4168
7948
4522
321
5517
4665
7922
5680
2287
6975
9675
7633
1539
4002
712
5543
975
1008
6912
8436
9205
5571
865
5255
2317
8057
8588
3381
7441
4422
267
5669
8049
7741
5901
9963
1974
767
4403
3273
1265
2450
8886
6360
1891
4175
9110
3817
2278
3278
191
1028
1292
7526
9813
8095
9570
2217
4634
5316
8806
2786
6873
1278
2543
5556
8287
5091
2339
4336
5568
4888
8702
4938
329
7469
1712
2225
600
8069
5353
2190
4532
7714
761
8125
9693
3826
5346
9128
7119
3000
2309
4863
6610
4164
7897
7732
8108
1045
1847
7366
2932
6578
1914
7459
2289
8181
8896
9467
8603
6896
2775
8299
6883
5704
9821
7267
3249
2050
4465
245
3366
7285
8877
1372
3831
9376
8913
5981
3085
8720
8601
1472
7321
8149
5484
3314
2418
4507
6324
25
6506
2778
1951
4054
7276
225
344
2744
6642
5866
5718
9729
3208
7511
1509
7777
6300
3541
2600
5486
380
4331
4652
459
4514
2750
6994
1763
6674
9682
265
85
7563
7760
3947
3165
1875
452
886
7564
4374
3553
4036
6894
9106
8290
7155
2060
5458
6591
4176
5279
2121
2151
2054
3558
8165
2036
3346
1765
7451
4521
9396
8775
1813
8773
1590
1886
6502
9029
4497
3444
1364
8593
3389
1235
392
5220
9610
9354
3446
1290
5077
6366
3634
4933
460
3670
7639
1668
2980
5647
195
3056
4907
2802
8302
5952
9463
1685
4571
816
6837
188
9896
685
5795
7050
1670
7439
3855
3761
8710
9658
6643
3474
5402
8938
2797
6901
6509
3229
4265
7872
3094
7021
7192
3232
7970
2673
8615
5734
5180
7809
8367
7078
8906
1386
3349
8730
6388
613
8947
132
8552
9509
903
7399
4268
5348
7217
7753
9332
6524
2362
6637
813
6203
5370
743
4273
3984
9234
8053
1183
4963
210
3866
7422
5213
5332
1757
9766
2275
4689
4186
2998
3601
2485
7259
9184
4972
7068
6648
9617
8726
6548
234
2841
232
1239
6645
6820
8217
6184
1491
7514
6816
1108
9154
7746
6111
1885
6130
691
5935
2164
8787
4367
8922
7811
9486
9428
3802
7435
1449
3455
3593
9406
1014
3237
6102
889
4136
4981
6427
6916
6821
5770
6572
681
1194
9522
9719
6277
6934
4454
6911
3020
2070
6369
522
4883
6597
6267
4736
1481
8398
4791
2663
3818
9732
8230
6347
1029
3423
8931
6311
5124
8675
7308
9717
1405
7755
2788
526
9708
7247
8198
4536
3413
472
8627
8898
2646
8722
4924
4366
9269
4183
5237
3584
8555
390
2337
48
4119
3642
275
7960
1342
934
7523
5113
2094
6231
9676
8557
118
732
500
8356
2010
5466
5419
5600
6809
6695
2878
7725
8180
1551
2239
9070
644
3784
7035
2819
4544
2595
4486
1596
689
2148
9161
1673
9543
887
2227
3783
6966
9006
9350
138
8984
2184
2787
3830
3203
3029
1858
1934
9124
2763
6828
9300
6694
8487
3218
5296
4171
582
1911
4970
4033
5416
3526
5998
7883
9368
9245
7388
3274
4398
3364
7234
7421
3357
478
1346
4230
2080
655
1679
8034
2415
2657
2563
21
6862
1320
3714
4849
3432
1743
1719
3097
3405
8077
8454
6087
3495
7224
6421
6217
4717
7918
662
6738
2752
4624
796
2276
728
6438
8744
4275
6872
1347
2904
4986
7448
5216
916
4388
836
5652
3948
4430
2059
7770
7434
6998
1818
3415
941
3172
2250
7238
7712
9481
8753
3574
5749
8733
5352
2061
6041
3477
3930
3402
8772
5741
2290
9438
5904
8609
7067
7756
1841
3824
6946
8328
4040
6628
2049
2210
7581
7953
5278
3093
2451
8944
1699
6068
7895
8435
9055
8519
6968
7693
1797
3733
6088
5541
4722
3539
7716
9030
6601
2175
6776
9619
5428
8836
8066
3081
1390
9013
6798
8571
406
506
8041
693
5300
4304
5530
5779
4170
6785
9691
3356
4509
9839
837
652
736
8042
8736
882
7039
3408
5875
1852
7720
2232
4148
6376
5804
6488
1817
7393
5181
6537
7168
1487
6191
8622
8471
747
9160
3951
8448
3887
7626
7443
9983
6735
9405
8463
817
1744
6972
2832
4159
6495
6582
7215
3780
7865
1467
3971
5959
3488
9120
404
9374
4423
8239
5970
9842
7319
8909
6223
7791
9840
6771
3461
4942
7302
8091
3530
7142
7699
2055
4037
7707
9791
2454
3091
1392
2709
4308
7866
8281
3501
1480
581
3058
4224
9577
101
3017
6145
6854
1972
3556
6372
9111
9423
8279
3456
1857
1303
6673
3159
433
4376
780
6272
4241
5468
1408
4535
2243
6256
5983
2585
3006
4348
7089
3538
1785
2679
7758
2429
4881
9561
4452
2300
4787
8036
3328
2579
7698
5198
4042
2011
4925
2435
2632
4325
2340
8079
6507
469
7380
4248
3982
6958
680
8027
9852
646
1605
4857
9762
2188
1689
4008
1039
5916
5826
8694
8486
9909
8293
8014
2927
1525
8479
8527
1716
1112
278
6710
4586
3147
9040
9795
3268
79
991
4628
7262
91
2078
7349
3920
4738
4650
7585
9038
8396
2515
4283
3449
840
4266
993
5528
5984
6827
8933
5987
7538
5977
8619
9461
9082
7065
9778
3795
6939
1913
383
5269
6164
5665
5930
1870
5422
4804
9265
8767
8351
9758
5818
1566
5539
8820
4207
2606
1301
1129
9755
8191
6727
5320
8761
4106
5157
917
2907
5474
1360
3785
1890
193
5410
4667
6450
8007
8771
8397
5292
6394
4504
5836
984
5507
5551
8936
6016
141
7480
4818
9203
965
7594
3307
3570
1917
8516
8343
5906
2315
1707
239
7841
4702
5514
9490
6346
8393
7604
6849
9085
3691
8045
1760
9097
2086
8980
7044
8090
9319
5891
2569
9025
6929
4880
2554
7924
4884
5629
6169
6209
9033
1658
4425
8284
2173
1382
7536
108
8172
5240
7387
9229
2119
6632
7472
5095
464
4049
371
1775
5758
8531
5563
2155
178
7816
4455
907
4858
1540
3945
1171
2062
9656
7502
299
6446
2478
8857
4842
319
7445
8902
4510
9580
4916
4316
4952
4172
8267
7083
2608
6886
7813
1124
3452
3011
3340
2318
6635
9222
1567
1691
9560
2833
3096
684
9441
2346
9156
1120
663
3875
5073
804
4627
4950
2476
3944
2829
3181
7298
3089
4459
8981
4525
3227
729
77
1906
8782
3422
7397
2377
7163
9616
8814
3396
1208
3515
6666
968
543
2137
1025
5776
3212
6915
779
9320
8850
1242
6830
8503
8832
820
7359
23
5702
3196
2303
4615
1652
3350
5692
1553
4674
8145
7487
7261
16
539
7420
2746
9466
1210
5150
8218
2578
6447
9437
5033
80
30
9672
4573
2129
1930
3213
7764
6805
4930
7838
6367
5675
8258
1092
8647
3972
2728
5257
1928
2373
2769
5515
1168
8423
2311
9279
6244
2083
9496
4057
5335
1184
7854
6465
3749
4332
5111
5167
9418
8157
7392
2035
360
2637
6221
3652
3418
7471
5929
236
5207
8874
4642
4146
3968
9358
4359
4123
9135
9087
7506
8132
2510
7411
2687
9482
4919
8447
499
1413
7793
9772
936
5808
6232
6969
6118
8446
587
3345
1644
9526
5650
574
7131
6528
8579
1510
1938
4820
6349
4781
326
110
2004
9891
3741
931
7094
2879
2534
3921
945
3658
2685
2552
6410
2743
2967
2689
6604
952
7023
8884
7598
5325
7124
5243
5724
575
8347
3369
6811
9479
4235
9436
44
1987
6370
7364
1631
8731
2638
7109
9125
1110
8359
7584
7701
4579
8764
6199
1027
5765
6172
7390
5274
9726
8970
3586
9031
166
6649
8670
4729
9920
6541
4016
2634
3799
9083
3748
1864
5630
9168
3447
555
1692
8114
4682
9086
3592
3626
3437
9227
2128
1201
1642
8802
3853
9930
7413
457
6742
250
3579
8815
1144
1182
5175
3302
8830
1493
1616
4015
2349
3322
3666
9103
7827
300
6552
175
387
8215
5121
7475
6918
3825
2063
4156
9449
7479
4296
9215
2472
6967
874
6512
7972
3135
7747
9984
5131
5950
8937
7944
2212
4445
3935
2196
99
4542
407
6139
7153
3851
3989
669
9504
4788
6079
5000
1075
643
4892
8285
1190
2369
9015
4559
4075
8422
4946
3878
8723
9493
8341
702
7354
9051
3868
6619
5469
4174
1961
8741
5522
5686
1102
1486
8870
7457
4705
6030
6875
8318
9907
7659
8174
679
1589
5169
9136
7212
1003
7099
1641
8649
7184
9770
5399
5055
1723
4285
94
6163
3417
3973
858
5681
5593
3309
1107
3612
5273
7789
8586
3606
369
8018
9904
7730
4389
1099
6731
2445
9475
5999
6865
3398
221
3676
4093
4679
2791
302
81
4228
8612
455
7381
1527
8548
8336
2332
6452
7619
8506
4663
554
8246
5385
2015
3739
429
2662
8537
2996
7253
1195
825
1187
2242
2042
9171
4138
9938
1286
3828
9529
3140
7242
8732
2305
7260
4151
4817
6400
9139
9389
5876
2120
8628
3148
6518
6680
2071
7444
2703
6789
5549
8635
6320
6034
3621
7291
2222
989
3269
8476
7513
592
5041
9447
750
1005
9598
2731
675
3087
7120
9630
1018
9450
9508
7130
2732
802
1204
863
7904
8124
2396
4276
3375
4690
3363
5214
5641
5877
1334
5821
1873
1446
7317
5927
1071
1925
283
6844
3694
6307
2181
3628
9986
4758
3214
6093
1237
5509
5979
9391
9536
1918
2238
1988
1006
9919
9258
487
9657
715
402
3472
7818
4595
2831
1465
7159
4206
377
1814
6904
1892
664
5679
9394
2636
4779
4541
8275
8205
6942
4825
3105
7677
7781
3678
6046
7064
4237
2399
5911
4701
9847
9491
5898
7122
1600
682
753
5163
6812
3881
7273
5135
7056
5587
6467
6106
1483
807
900
8924
2856
904
2557
229
8758
322
6255
5851
831
8024
3610
2142
9090
7682
2335
3575
920
7214
7072
1094
5919
1718
2307
8305
2261
2640
1296
2295
1285
3054
6737
2393
5267
4742
5498
9554
1853
8546
3033
8838
9378
5807
1180
9805
2889
3632
5119
9074
5975
5852
7127
6380
5128
5125
305
2592
6494
9832
5072
7824
5097
164
9677
97
9740
6859
6747
9400
1955
6080
6157
1457
7860
9998
2343
7036
504
2923
7219
637
6201
8916
6544
5766
1506
4463
4279
3588
5411
6542
9518
9980
8409
2322
9871
9586
8934
8331
2909
6909
9900
6714
6838
1276
1469
153
6611
5481
7912
606
2858
4291
9747
1058
7691
5796
1615
6290
3755
6393
4418
4251
49
9204
7790
3763
9346
3598
9360
90
7337
2007
5429
8496
971
8128
4943
6581
3276
2342
1726
5247
143
73
9602
5479
9199
4134
8210
2372
2624
3581
5084
5703
911
798
3842
3768
8693
7512
3943
1546
9674
2618
3171
1093
1795
922
7077
6567
470
3380
5739
37
4396
667
2572
9831
2989
8921
4576
1495
2526
9973
7796
2559
4666
9537
114
6090
954
4502
2284
1122
6050
6239
8234
6782
9432
4112
1273
2233
2274
9697
1256
7719
9147
3250
2500
6052
5991
6608
542
7343
5889
5769
3743
9631
3028
4467
5408
576
6715
6245
3680
6406
1068
6505
3393
1912
3566
5327
9347
3939
286
5210
3419
5398
9931
5306
6565
1460
8043
3770
2949
3325
7850
2357
7742
1063
6454
394
5989
3672
187
3231
2356
243
8019
8987
8833
981
6270
567
4784
7963
126
6210
7562
248
6647
9456
7222
6685
2486
3371
9027
1384
1054
2756
4213
3152
9768
7345
8793
1399
2661
3160
6037
6476
3295
3655
8452
7213
1654
6309
2688
9308
3352
1477
7199
5371
2452
8437
7641
6125
8248
3662
6404
2132
822
2997
5283
6895
7896
7080
6498
4277
1826
7985
1811
1251
5440
9640
3333
1191
1209
7617
4987
8667
422
242
8252
6112
1333
8012
9961
8822
5534
3702
8144
4100
950
7191
5477
4854
1511
8824
8319
4108
6121
1013
1145
7458
3528
2668
7622
8002
1603
8623
170
7468
8590
2827
389
7936
8304
5892
146
2684
1588
6720
8558
3082
5403
249
1410
3226
4677
6419
4394
9939
4896
7769
4795
6451
7868
2347
2375
9581
5197
5674
4989
1808
5639
2974
5275
3341
2550
6824
3453
9351
7287
4945
718
2767
9742
7999
3206
4369
7075
9238
9079
7052
7736
6067
8580
6405
948
8062
6956
1548
9188
4686
9882
4556
6002
7289
8740
8624
6238
1543
7997
7088
3679
3293
5265
3529
5938
5287
3933
4833
4512
1230
9411
4983
1202
9208
9552
5358
9639
7436
1288
2082
7989
496
1494
2979
4378
181
529
5396
661
2892
1450
2338
7482
1023
1086
4160
9648
4744
4968
7200
7784
6408
9665
3410
3219
5448
602
9150
9608
8333
2495
9484
3303
2850
1412
8821
4914
7474
7033
3195
8954
3103
4089
1680
1046
6879
5351
4407
7432
370
5958
7258
7135
6891
879
3053
4482
963
3585
8712
5506
9211
4922
1098
1038
2566
3669
524
5589
9314
6668
5731
9981
463
1133
5872
338
2564
2479
4724
5786
724
866
3078
5640
2770
5668
4851
8547
3514
9595
9076
1705
4941
2891
2327
5147
1186
7113
209
148
2716
7244
7568
1338
2481
1060
9469
4688
5027
3210
970
9328
9067
9520
1165
3837
3774
1521
2107
4547
7490
7139
3436
6596
2966
5561
2793
7406
9835
3186
8115
7881
4776
4904
4764
503
6778
9465
3360
9321
3542
9662
6846
2270
4685
6424
6949
7231
5654
6665
7312
7431
3576
5918
8379
8243
2672
4429
2665
3117
7235
8070
7066
6681
7846
5631
4466
5170
6358
3709
5833
2298
4598
2236
9515
2449
873
3308
1799
3681
6373
1007
8078
657
3985
2138
2590
8696
9050
9059
2641
1613
8961
6936
256
7114
540
7046
4769
6950
6282
3902
9271
1455
2351
7141
3969
8706
3384
9849
8826
3070
8685
9787
5439
1498
1591
3271
106
9594
9596
5940
9834
7277
9785
8327
619
1437
6000
2755
3848
1164
1931
1325
6525
4672
1571
5456
6133
896
2533
9023
5995
4243
1226
5523
6693
6724
2360
4415
82
5391
471
2712
9947
7601
3353
54
7849
1418
5400
6863
9971
5317
4774
8658
4346
4862
6884
4552
8746
9964
8497
162
6766
7958
1531
518
4131
2410
9820
7903
6241
3292
891
1419
96
5628
6719
905
9197
726
8266
238
768
1369
7326
6091
8804
3871
8055
2489
6716
6008
5598
1661
3524
2953
9680
354
9288
5912
2834
8727
854
7305
5558
8277
6549
5787
7648
7998
1770
9867
4274
5289
2461
5221
2014
3145
2203
3978
3361
9004
1022
208
6227
9858
898
4696
6535
1363
1993
666
9366
2545
3970
8600
2499
4789
306
5437
5751
4295
7774
6705
7195
7522
7559
2588
9236
2870
5153
9796
2456
9397
8528
5565
943
7856
3590
9452
3834
8509
3790
9985
6116
7880
4060
4132
906
4671
7590
1973
2425
9497
448
7899
2075
5189
6096
3857
7957
7504
4645
4584
8420
9793
8226
6690
6751
8654
3941
5520
8844
8634
4318
1611
8920
912
7914
7798
3425
466
3595
881
1047
8644
8671
2038
9738
9925
7269
4018
8309
2115
5190
5613
8717
3106
3095
7627
5943
6395
7204
9790
3083
8237
756
7597
6612
1111
8297
3238
809
9100
7783
4802
2734
4023
7229
1393
7327
2628
8460
6261
3247
710
6692
3404
7807
9565
8975
8203
410
6323
3894
4032
8996
3644
391
3315
6259
9133
8006
2551
2696
5978
98
1072
6226
9707
7265
9325
1627
2727
2323
2294
2427
7097
1232
6442
4205
1109
9477
4428
7763
2484
3661
9935
3563
2272
8320
1862
382
1170
6576
6774
4967
6138
5452
5241
6952
1803
9169
9189
9140
5490
339
2224
7266
2177
8939
439
7700
698
1004
5201
7926
2655
2697
5638
4026
3042
3258
1114
3548
5819
5871
5249
9473
3416
2394
5768
7805
3814
4127
8159
1936
3487
2631
3100
818
1135
6183
2074
5576
401
2491
3958
4258
5849
9706
3704
7274
1874
3256
1042
359
6532
8431
3703
8859
2982
8876
2899
7290
4889
2612
572
5673
189
8188
7574
1352
2851
1623
8399
9143
8932
6471
2376
4344
8708
6835
2262
9636
3492
7008
1119
84
5738
1057
254
1820
3597
2871
9802
8813
4752
6843
3952
8088
6195
3946
8895
3169
649
1979
5228
2848
316
8072
5623
311
6479
8992
7440
1986
7019
5689
7669
2112
647
8104
107
4840
4232
9731
5173
8493
5583
6964
3166
5277
9399
9611
598
9533
1391
2886
2271
9381
7166
5152
3306
2156
9733
8659
7810
2671
6587
4780
2482
5521
9286
5567
1394
6989
7334
4355
4661
6703
8890
4250
8380
9525
2694
4710
6729
2353
6678
6523
1150
4221
7602
3286
9326
6592
5172
8757
8788
1132
3047
8313
456
396
9547
3547
226
6298
1660
2690
541
9927
8073
5913
7232
2922
2792
630
7394
8854
4611
7011
4513
604
3886
3914
8955
9494
9248
5050
4365
8577
3833
558
7911
5633
8930
1377
5839
8798
7465
2136
7178
9303
6516
5951
9145
8868
5349
8326
7558
3098
4327
2737
9503
5708
6180
7329
5494
7983
8488
3616
9886
9254
9899
1350
5230
7180
631
6813
3582
5132
895
2507
4657
2699
620
6348
4932
6893
9330
8294
6235
67
1583
612
6986
2216
8131
6343
5234
2795
2860
4249
7087
5204
4590
8465
8853
4540
9187
3313
4588
1258
3569
7831
5988
9323
203
9749
4078
9548
1138
1260
7525
4565
670
6732
4155
7804
9440
4994
7713
8031
8058
5478
8766
6069
4410
9669
3061
8464
5817
5199
3778
379
3479
7167
7845
9458
7007
1009
4675
9714
4824
7015
418
8481
7102
7942
6906
9210
3643
2908
1015
1064
5382
4118
6229
9555
5711
2999
8023
1441
6486
4086
6326
5767
9741
2993
9084
2816
2034
9913
4343
3688
5777
3167
1036
14
6100
3624
9241
8576
1220
8206
3674
3660
4834
4753
4053
4169
4309
9517
2480
7657
247
921
7674
7946
20
9879
705
9367
7437
947
7759
10
1529
6991
7863
9591
125
6657
2738
1188
6023
9382
474
411
449
5955
8965
8201
7369
5887
9641
7591
4362
8663
2047
9306
3374
8494
4538
4613
1269
6745
4875
9666
6557
5115
7649
5495
419
6161
6842
1225
7182
9932
6762
1181
864
27
3254
2635
2544
1440
4909
672
7680
327
2780
5577
1473
6672
9911
752
19
1470
6314
5667
5962
6434
771
7940
8544
3440
3261
9036
2464
7624
6302
3354
9317
7885
3960
6187
5941
8866
8032
956
3827
2686
8662
9386
3473
6570
9123
3847
1860
1001
2159
6920
8521
493
2297
5063
2041
7879
4906
3198
8530
6024
7812
3484
8260
3141
4432
517
8308
5096
7324
3578
3230
3649
1839
6633
785
3712
1085
4437
1919
2865
8238
6275
2658
3205
7505
8611
9313
8443
7794
2935
2039
2235
4574
6927
2521
3793
5302
2293
46
3245
9730
4835
1584
507
5384
1432
8280
953
9016
345
64
3176
8584
4731
4515
5928
7248
6092
4142
6623
4511
2776
9568
5699
150
9380
7323
1647
6531
3911
1625
8825
1580
5701
7281
5094
8389
9062
5774
2259
2228
3121
1426
1100
3919
1484
7620
2213
8168
1879
2497
5969
4890
4024
4516
7681
1088
7107
1327
130
5435
3021
3209
7762
5434
7570
1478
7685
6213
2754
8523
6687
2457
746
9454
43
5449
4064
4716
2313
6515
2363
6318
6207
7792
1672
3113
5755
2794
998
5562
4973
9990
2652
6662
3602
8415
9259
2567
2171
8792
7353
9603
9299
8960
683
5895
3434
3458
6457
8716
6196
237
4814
3905
6708
4386
2649
2018
3301
7320
3534
9032
7817
8867
3332
7386
4656
7991
58
7014
5920
4676
7309
6930
9534
8065
7189
4495
853
6189
4982
3080
6236
252
1664
4245
5937
3192
2367
9987
2240
4323
714
8048
8797
7858
6826
8569
7545
6335
625
1326
296
6878
5656
280
8639
8402
2408
1542
1065
5873
3406
7540
7268
4799
2397
9713
9291
8885
1706
2830
1282
9679
9890
5226
5735
8807
8222
7157
6174
3442
951
6558
3470
3617
6441
8371
3520
2168
4405
9261
4644
4381
5375
3775
7675
9918
9008
597
9034
6775
6448
3395
1499
8742
3648
5025
2126
770
3506
695
3481
1737
3587
4828
5100
4404
297
2975
398
4608
8801
6882
1736
6126
1764
5354
924
9426
9865
3435
3653
5931
719
626
3251
4461
4865
6953
6723
3383
8063
5104
7453
4441
773
2201
6473
8918
7012
1175
9863
7978
9523
1909
2651
9958
2900
9806
6658
8193
149
2100
6162
4485
3114
1825
1948
5432
1834
7988
1443
8989
5151
5003
3175
5713
5070
1362
3600
6722
8538
6641
9011
7826
386
2001
3358
9017
431
4885
4966
7535
4756
832
9196
8991
8158
3224
363
9045
1428
2724
1031
8482
3497
4893
6996
7640
6905
1643
9950
87
9531
4335
996
2220
1794
6456
3400
1801
1968
8016
5193
8373
3102
5967
4173
2883
9822
901
7456
5290
6463
276
2961
9686
7455
2421
6848
5381
1905
8244
9341
8849
4095
1620
2941
2591
6527
1877
2654
3533
4443
1461
6829
4551
1967
1969
4860
1682
1468
527
5925
9183
6564
9240
7389
5454
8594
6159
9224
4303
1593
3022
7553
8434
3872
7076
2277
5143
3310
7533
2221
4698
7082
2733
1992
6593
2208
2680
6020
1435
8754
9003
4124
9910
7470
6814
8565
4953
437
3272
467
4409
4212
5013
7495
2395
838
5110
8332
4056
5032
6625
7738
3040
5461
3908
8774
4244
8321
5118
4201
4610
1339
9551
318
1348
1755
1361
2809
6182
3130
9173
3248
120
8457
5687
4223
690
1861
9217
8638
9861
69
7484
739
3627
9127
760
8092
8707
4373
4589
197
7121
2853
1944
9163
3499
9736
9052
7297
2117
1297
92
6274
3475
8499
8433
8268
5148
6045
5471
6800
1639
7603
2358
3379
8672
2331
4227
4965
7785
7734
2265
8272
7497
8762
2380
1554
2897
103
4116
2939
4915
4153
1118
7060
6922
1091
9556
3927
1375
4286
8245
9584
4101
2760
2352
1868
4109
9080
3777
4242
4269
6481
3573
7939
755
1767
4019
8387
2037
7175
4741
1628
3773
5637
3845
3377
3829
3448
699
4603
4038
9829
570
5902
547
3994
8122
6676
3490
2219
485
465
9779
8414
365
7724
5727
2983
8998
7642
3697
8192
9720
7731
1366
7250
5018
6823
1779
2437
5861
2432
4044
8484
102
235
4905
8564
4908
5176
2433
9670
4247
8037
2178
9101
7318
7873
7401
6791
5662
6158
8286
5775
7806
9898
2446
3698
9773
7933
1272
2968
2849
4958
6983
9936
9573
5973
440
5112
6240
6575
871
7636
6276
8386
9022
1387
8008
3987
7412
7938
7954
2123
6268
2193
7085
9270
3625
1688
805
6460
757
3215
2348
8969
9917
2269
7593
4194
2361
8213
1832
3051
4478
1502
4988
4165
1851
2448
1983
974
888
594
1254
5459
7118
2790
9164
1131
1016
2033
7507
9201
384
2257
9972
4081
8948
8632
571
1051
7583
9129
1089
6653
5387
3622
8994
8595
6382
1128
638
8648
9379
6313
6060
201
4870
7543
7852
3336
6336
2766
6852
5252
4985
8729
2420
3779
372
6684
5102
2919
8310
2200
3760
806
6181
3025
7625
9725
9544
1056
2659
5601
2868
4477
537
7871
6712
8641
7115
5508
8942
8978
938
5205
5788
5069
423
1329
4499
939
711
6291
6033
5231
3696
3687
3150
3066
6015
8684
8235
9600
9182
2541
6759
3050
7608
6293
3656
2025
7103
2576
8986
6054
966
6399
9264
5271
1082
585
3151
8401
8100
8390
4029
1574
1444
6186
1294
4322
1766
2407
6003
4392
9977
4997
5550
3745
4158
3399
9671
6043
133
2391
1508
1228
4034
5074
7683
1867
6954
9583
5053
1604
6134
4121
3143
115
1849
4562
5966
5815
799
9355
1049
3822
9759
4300
5331
2241
9267
1097
6283
6140
3373
8972
6012
8629
2702
3882
8995
1695
3904
7797
7612
9704
8856
8756
3311
7667
1671
4558
4581
7945
1650
3335
6131
7547
8350
9185
9037
4114
850
9667
4292
4691
6858
4956
2629
6262
5535
6078
737
2002
8221
9635
5127
2669
2118
3451
1662
244
4199
3211
2528
4254
513
2691
7544
9176
4192
5578
1205
9814
3338
7446
7592
432
2207
7542
2389
6755
677
5782
9782
3937
163
2818
4384
9940
4001
2643
5052
1345
6402
3031
4147
1504
5592
5644
2045
7739
940
7414
6375
4347
2068
165
3664
9817
5139
2483
1293
5140
3589
8395
5046
7688
6178
2604
8474
3792
650
83
7941
8035
5171
2768
2823
5603
7728
8852
7193
855
4068
2596
1048
909
2003
1594
224
3420
4500
2894
9843
6701
8847
4324
1897
8232
1341
870
4572
2948
5557
787
9322
8517
4773
5021
1677
5029
1069
1456
2740
2555
1400
8426
8261
356
3523
6077
3699
7415
4638
6105
4474
1406
5811
6622
7973
4566
5831
7902
4937
6332
6779
8665
1576
3351
6933
6880
2666
4653
2800
4349
1055
8985
480
4829
5233
5203
5394
388
4120
5178
7171
2560
7314
8103
8646
6065
113
4687
4065
4368
3531
618
6520
2266
1121
6398
5899
7975
9370
4470
4310
4630
9941
7427
8030
9868
1130
9866
9712
287
8134
8899
63
9587
2299
5990
7356
9514
100
71
642
3836
9775
6530
6152
8189
4757
4129
1149
775
5756
5745
2965
4050
8249
4847
6437
4297
8686
7177
2465
651
8769
5618
4797
4350
6188
6243
5007
5527
475
7368
3707
3509
1816
9894
8325
7705
5772
8966
4560
9549
35
4299
3635
727
2730
1514
1430
648
7586
8056
1448
38
1298
2019
7996
2764
9443
22
5488
8478
5698
2558
8888
3426
6141
7006
4219
2978
8504
3111
2090
7773
1634
182
5202
5090
1289
55
9957
1722
6422
6317
7925
1753
878
1275
6197
9324
7376
5328
4678
3324
3382
6686
7176
2921
4747
5723
7800
2647
4793
8152
4999
6696
9453
5294
9728
5855
1134
2556
2444
1745
4921
6285
70
9803
3414
6053
4805
9352
614
894
5510
1466
4307
6423
5915
1863
4543
5879
6707
5483
9875
6344
1698
5284
5379
6119
5212
4770
2067
1349
1173
5655
5840
65
1321
8086
2073
3191
4319
1284
5223
8893
5714
4417
4895
3183
6664
4640
6573
5057
9020
3929
2645
5016
9251
7678
6749
5048
4940
53
4592
1388
2022
9252
741
7041
5881
8795
6947
492
1601
2498
4709
6797
1996
9049
6219
393
5850
8282
738
2614
3323
6602
8429
4684
1526
6594
7671
7325
8630
4913
9148
9285
8289
3807
2133
6103
7371
8828
9081
7372
5803
3421
3577
3460
7209
4358
2587
4222
8199
1575
3869
8811
9897
2773
6420
995
5395
2163
7937
6377
8154
5863
6234
1429
3832
5192
7096
7315
3923
6251
7951
2206
9230
1161
982
4197
4898
3715
2895
9646
4198
8307
6142
9041
8138
6237
5716
7802
4585
8703
3469
6639
9924
1331
2547
6461
6976
5215
7723
8858
8800
3572
6071
2443
8636
7974
3860
5462
9256
7621
6499
5208
6108
9146
6233
9893
9502
3999
6688
8334
3153
8262
4929
3890
7133
9388
8959
5323
1142
2866
9116
2505
8348
6013
5933
1431
8146
1578
7935
528
6021
6485
5142
8059
6834
4414
7316
5843
3619
9223
8500
1939
4427
2704
2986
2714
6517
2087
6094
2985
5622
6890
6606
9524
5690
7028
2582
1474
7956
520
6387
2253
5747
5982
5028
2882
217
3197
9471
4130
2951
5890
488
6736
749
5482
4623
9605
1489
8424
3841
1908
9718
8101
4782
4435
6534
828
8724
213
7417
6614
2598
2490
8051
2366
9345
8451
7994
5643
3615
1374
4006
8081
7882
6345
8227
7651
3144
1274
3376
7071
4501
4372
2855
8554
933
5064
2799
6337
2857
2467
8314
7647
5341
808
5160
4659
5136
4489
8863
2783
5137
8017
3299
2747
5310
3052
2384
4284
8599
2713
5730
2656
4912
4740
635
3977
2077
4726
8339
9734
9968
6945
9377
1227
9066
1206
2153
9988
1249
9965
7005
436
1702
3008
1700
5848
6760
2368
5401
3184
2385
1160
260
2072
8412
9767
5722
8001
7106
7438
4020
2837
8080
414
8372
2536
1878
3201
2386
1778
2926
6066
1010
8142
3744
3202
8651
9318
8862
4088
6579
6433
5525
6819
7906
6977
9206
4704
6155
1927
5288
9287
4011
8905
5251
1505
4370
1519
3370
8455
1714
1563
2718
9872
5301
721
5293
5318
7748
3896
7709
5076
3692
3849
3154
6845
2854
910
205
8254
3032
434
3620
1452
2411
2956
1843
2994
1096
6831
8690
2286
8075
8156
8133
534
7859
3677
4468
4853
9209
3639
494
483
790
186
6529
1949
6489
5616
40
4745
8369
5427
6039
801
3305
9305
1475
3724
2524
5116
4669
8491
7101
8738
6436
8224
5258
7579
8664
1676
6730
6808
2310
4692
5794
3220
4777
2301
2969
8337
6331
2249
7410
3766
7206
8929
7964
6907
7181
3954
374
1655
3840
3086
2610
1756
4882
5894
9881
2056
4446
3782
4051
216
5878
7156
6061
1035
5239
1264
5932
3657
8715
6700
5196
1895
4749
168
2912
5553
7462
1830
6
2683
4320
2021
9857
1479
6286
1827
9558
1937
843
6538
2051
1547
5425
1960
9361
9468
6383
4133
700
8533
7588
8598
6853
4626
7652
6924
2186
6921
1749
7454
3629
6711
4711
2160
958
4582
5683
8728
3812
9356
4533
6877
3216
4226
6851
8461
3772
1137
4059
3235
8160
5700
2960
7004
6137
1537
1304
5814
1752
7554
902
6128
417
9092
6758
7549
9788
885
7293
4597
5129
9402
4234
9446
8473
2605
1002
9115
9130
458
3304
331
9280
2553
6487
7086
8357
6445
7084
6254
1313
4280
3127
9647
7092
9091
1560
2312
1653
6650
7254
5161
7216
5659
8151
4545
4568
994
2506
1831
6748
595
7580
2723
3983
3962
6378
8823
7909
5695
2805
3015
8050
8099
4013
1995
6997
3729
6796
9535
3485
7179
206
4017
33
116
2789
3467
5343
9455
8977
5544
5545
5156
2255
4843
6841
1994
8688
9282
3168
3781
462
5496
5397
6216
8691
7661
9434
3401
8492
3603
5760
2540
6411
9590
3816
5947
4312
2518
2987
1921
8340
6840
4648
8808
5044
5784
942
7375
9417
454
1802
9272
8900
7063
9075
2187
9278
8897
7578
6822
4872
2494
5555
9699
5444
56
6783
1501
9673
9244
847
7606
5054
7032
7656
7727
7328
2114
2191
8526
1903
1353
2970
6646
2884
12
5256
6490
4161
2720
4902
2785
9884
7658
5056
3190
2158
5529
3997
4553
8197
7442
9131
7384
869
6925
4236
5099
2963
8295
776
6706
3049
9737
4830
908
1622
2901
7252
2836
9687
4995
6993
4910
1848
7246
1614
5378
616
7844
8098
8365
3922
6874
2344
8195
7665
2842
4097
8410
8539
129
4635
899
4439
6990
2925
1790
144
872
7370
4587
4000
8642
5688
6468
584
4180
8915
8046
271
8322
4664
1280
9585
9540
4063
8370
8816
7430
7843
1759
9995
5997
8038
6682
3253
4859
3044
2844
1162
1167
6042
4334
556
1663
4602
3109
8096
3885
5188
6660
17
5
4166
1998
3991
5106
5832
397
783
6153
9412
8668
8790
2757
4353
6097
2523
877
6980
2745
5363
577
136
9021
255
9340
8263
3550
9179
6076
7351
2292
591
3901
7566
1648
7365
9365
2538
9873
4126
5800
5259
2642
3128
5011
754
6194
6113
5994
6825
9724
5108
4703
6987
9607
2852
6273
1241
1556
5303
8508
962
3895
6315
3925
307
9262
6937
9809
4901
1711
1982
147
707
1451
1599
450
5605
9746
2820
6615
5921
6560
7174
5415
8207
2751
4979
6477
6503
2835
3162
6075
9628
1774
6361
3605
1564
6709
7347
2613
1569
4179
2514
7521
3854
9489
4003
9653
7042
7848
7283
8543
1262
8311
8979
1977
2106
8631
5903
7496
2097
9513
6321
3746
8345
3457
5491
4528
2825
176
9255
2302
7100
8121
6354
2973
3036
7632
6726
1598
9138
6756
6963
1302
9099
2840
2440
2234
4187
1163
8673
3810
3995
5450
8502
3936
1507
2531
2085
8880
3647
6777
1147
6089
5475
5463
5311
1713
7492
4363
6132
9141
8190
4680
2057
4564
7644
3372
3906
9250
9946
1821
3804
2753
2195
145
9506
8827
7613
7552
1434
481
2914
3771
810
9744
1666
3988
3108
68
18
6362
9501
266
9642
9247
8456
5705
8164
6306
2811
6432
4548
3789
1552
8315
1822
3179
3403
7537
1317
151
8430
2381
9952
708
1708
7908
6104
2402
7149
3663
2667
6224
7916
1681
510
7869
2336
9649
7486
1884
4185
8363
5141
9202
8298
1581
8009
8163
6073
4314
3917
5671
3519
841
3482
6670
3689
6288
4253
9114
2431
8831
2933
2804
1561
2862
7610
1354
2198
7491
8382
6832
4891
1845
9659
3289
9249
876
2779
4546
9833
3149
199
1166
2918
6416
5645
315
4329
5648
6669
2803
5081
2952
272
4178
4706
8608
1899
4400
2237
928
509
653
261
3938
9838
5773
7947
6974
7867
6248
341
9063
3858
4094
3776
134
6667
7949
1805
7959
6866
3503
233
9478
4763
9207
5575
7534
2146
24
3280
2166
6435
3736
2520
2139
2328
3138
6979
8344
3884
9745
2102
1077
4076
1559
1871
7517
7823
632
8353
9982
5740
6107
9908
5812
1815
1572
1322
215
7571
2487
4948
6284
7556
8306
6225
3107
1850
8783
8841
2390
932
334
748
7197
5012
1212
3390
4052
5624
9047
4651
6586
8074
9260
3296
2782
1582
366
839
9571
7017
9922
8803
1248
4846
7030
3705
3700
3204
4949
2466
7095
6205
4073
57
8316
3344
7073
3158
2215
4302
7
4385
5717
4442
45
8904
1067
9578
2
5023
9705
5079
1159
4996
621
926
3057
1052
1742
8967
9464
9498
1904
4476
1192
8887
7775
935
2113
2089
5465
6902
4866
4196
7003
8247
1485
7684
2944
2761
7481
514
3133
2710
8785
4844
241
5225
5105
2621
4184
5004
1318
2256
192
6697
7278
1207
8283
9797
6754
1083
7043
919
2424
4871
7551
2426
1633
2781
1255
6114
4935
856
3796
9542
2525
8449
1684
72
765
795
5344
9018
2066
5457
5789
9060
5900
7884
6173
5020
9362
1715
4487
1980
2693
2527
5297
6192
5038
9445
3964
5862
8917
7098
6784
778
2069
5963
8186
6521
2403
4503
8489
491
9078
9213
5209
1729
4342
4939
6263
7765
2283
9856
6795
6214
1740
9369
6699
8342
7373
6266
4305
579
6057
9895
1562
2355
973
7059
800
6098
5783
8875
3916
4115
1889
6147
172
2881
1635
1846
9902
9284
6144
412
7837
2586
9765
3604
7776
4607
7892
3567
8116
7815
629
3986
3316
9798
451
1238
2570
2602
4424
4636
502
3654
4298
6973
9009
7616
3787
5847
8763
6206
8064
6289
223
9696
1710
608
2471
7342
892
8851
1330
7672
8444
2460
2765
6913
583
482
5793
9005
2430
7561
6740
8028
8511
884
8575
4229
3104
5696
5049
1140
7609
2682
4728
4725
3062
4739
1963
3721
774
2382
7300
9459
2263
4475
3035
6781
5246
7715
8997
3019
6563
2401
6009
2231
8123
2248
8971
7587
6556
5035
1586
8025
7425
2417
5944
7048
8117
8110
9824
9102
8911
7358
3571
3173
536
28
7108
3559
5581
6342
2519
8860
1798
6359
7752
7673
6160
7227
2875
7901
8291
5068
9293
4077
2330
8015
8126
3540
8129
4328
5636
2189
2006
8400
3942
4931
2017
5874
735
8510
1629
294
6514
7750
1942
8374
601
9242
3722
1223
6957
4048
6663
694
5373
4317
1804
4395
5338
1154
593
2012
476
9343
9121
8778
6440
8748
7024
368
5820
8573
1245
3136
4508
445
842
1196
4239
5005
6806
5086
4287
9869
1694
1894
6339
1724
3496
8274
9339
4923
5075
9789
1966
6940
9618
1257
1079
9563
4278
5404
3535
4157
9042
1887
5372
6661
1956
2285
8993
5376
7162
3909
9764
1066
1216
964
2124
6470
8881
8148
8228
2000
6353
3073
7654
4992
2436
3281
5386
9827
1378
2729
8167
7241
8475
7900
8907
4601
6462
2214
7418
6855
8004
1012
1549
6600
4625
8136
9274
7062
497
3260
4530
5282
9292
5972
2064
6869
7717
7400
444
479
9864
4761
7332
4673
6269
7928
9921
427
5957
3101
9476
5340
829
2026
3718
1026
4252
8119
6110
1732
2945
5500
9442
317
9784
7408
6401
5914
4356
5357
2092
4839
6049
1971
5759
3623
2626
2116
596
7403
4606
4934
2861
7767
7202
2423
6568
8950
5870
31
1379
3562
2876
7704
9408
442
7058
7143
4658
8021
5609
1328
4990
8711
1020
7932
2341
9000
7829
7336
7966
7037
3835
3508
5360
7129
511
6250
9359
6689
4639
7154
5709
3489
2561
2619
2280
6355
8438
9752
5785
6292
2492
8518
1439
7447
8914
2981
1246
9460
4984
4390
5560
9885
268
5580
6546
1776
7188
8442
5939
3668
3124
3747
4047
6598
5442
7836
230
1268
5010
1433
9195
5663
3391
9266
2542
3754
6621
9690
658
7161
9335
1675
6190
2920
6752
6374
5034
9044
1533
7031
6341
4193
7830
8141
5828
6547
51
3284
8120
3557
1193
3317
1783
8865
8118
793
320
859
6839
9876
4144
3949
4281
4098
3791
7045
823
1626
8791
6439
2205
4631
5260
6175
1823
9089
7546
544
313
569
1735
7228
7528
897
7322
8919
9221
4772
6431
1116
834
1730
1541
9592
3334
525
5109
2717
6988
985
5286
2508
135
7295
5245
9750
3330
2040
7416
7286
6960
7808
3024
6475
9088
3493
2044
6545
2279
7510
3996
2167
1856
8553
6867
5066
4841
4957
4730
7450
5653
3568
5621
1704
5790
6861
3839
4062
6386
2447
8346
1727
531
4771
9142
8713
5047
4993
8439
1608
7000
6176
6084
1579
4035
8458
2043
74
8425
9743
3549
4714
7582
7170
405
1667
281
314
1512
7605
3329
1337
925
5670
4436
725
5554
3967
7134
1266
3297
3728
3142
3852
2817
9462
4527
4575
3424
7611
5406
523
6721
7013
9512
6815
5433
9593
6618
4917
9275
9007
95
1932
4397
2288
8990
9054
4616
5797
3798
1081
1828
5596
2748
4596
7363
6271
4897
8394
7531
4471
5365
5886
9392
7971
5060
2165
3732
5564
4431
7862
6414
1305
9844
4271
1236
6170
7929
4135
9283
4110
8568
1809
5364
2145
5389
1365
8718
7341
1044
7061
1665
7126
8604
4043
5619
6585
6943
5926
5392
7398
9053
5827
2995
7091
5503
6297
4760
6480
6995
3326
9684
1271
742
6330
552
1462
6025
5552
7338
8973
9959
1314
566
2267
6818
5455
3959
461
5753
8255
7460
1754
2273
9315
3640
3129
9357
7982
7034
8923
9002
6559
9574
8625
6253
2888
9962
7577
5430
6984
6917
1636
3
1693
3998
6768
7379
8020
6574
7575
1935
9387
5548
104
2903
4021
8184
7518
7047
9799
7201
7237
7920
7653
1866
358
6938
862
5446
2413
6007
1907
364
8551
5185
3543
6011
7599
8076
9439
1523
4190
9681
6799
5107
9451
918
4484
7001
9786
7263
8789
7104
7348
7595
7600
562
8270
7907
535
9371
324
6038
6897
3701
2179
8067
9966
8364
7449
5270
9237
1621
4391
7074
2910
7565
2845
2218
8187
5022
2660
5809
6389
5917
3609
1199
826
3174
4492
7913
3838
1422
1370
5254
7864
4261
4751
6350
4125
5801
7631
34
7877
1630
2321
4488
8621
3243
3734
4387
200
9709
3636
6770
2700
5864
5595
1152
1943
1425
139
3797
5101
1423
5334
5781
159
2580
3769
716
8976
6744
4879
3843
2599
9801
1902
6027
1357
640
7740
7853
9888
512
3199
6208
6413
0
5750
4282
4337
9992
9780
1854
4041
8786
9735
9572
9710
5321
4539
5614
1812
4416
3752
5089
7116
2370
7483
8362
8271
3320
2992
9175
8891
3319
5299
2291
9348
8176
9727
3291
4096
8501
611
5566
9771
4330
4723
8999
772
2890
1837
4444
7567
5061
3554
2441
1558
9933
473
1076
3546
9253
8259
5501
6265
4812
516
1126
7150
7710
486
7820
8669
788
1557
2623
5854
5792
2052
2577
8779
4473
9934
6072
4419
3001
1312
3120
7110
111
7955
4195
7961
9095
8925
6817
6860
3388
7801
3246
3819
8329
2583
8549
1606
5706
5195
3077
6504
6629
8953
6713
2150
633
3069
5186
9582
5015
7905
849
1964
3347
7722
8894
8408
1656
4498
8809
8692
9061
8882
8680
4263
4210
2296
1758
622
2103
7187
8869
3126
7081
893
2644
1637
7828
8952
5082
3912
5504
1646
5798
2597
6453
2162
1898
1883
5573
6031
8617
8349
413
8545
7690
811
2575
8105
3877
8330
8566
2192
8498
3013
62
1690
6734
2130
7226
5447
361
3223
89
4102
987
9155
9783
9655
6500
8843
2131
1997
3805
1810
7152
214
6185
8765
2320
6312
4128
2246
812
4412
7541
8534
9853
6847
8477
228
3030
6627
3468
5907
1306
4518
9214
3682
3478
9557
8109
9186
1476
8760
6464
607
8578
1309
3392
8137
8483
3187
8614
8842
3318
8171
2698
4765
3891
6019
9487
5661
7515
988
9928
1490
7890
112
5045
5250
438
744
3157
9944
7391
7172
6301
8000
2147
9375
8597
3686
9420
1141
2031
6006
5992
8661
6308
1300
9220
6193
9970
3263
7218
9364
5588
8812
9624
1990
2111
6644
4534
52
731
4855
3233
5980
1544
929
9975
1381
332
3075
8366
1158
9923
9846
3055
7878
2329
5634
521
976
6035
8962
8776
3288
4462
2715
1865
2936
9627
3859
5362
1976
8102
8848
2183
3614
2345
1747
3234
6028
2392
5649
4580
9807
7069
4122
5194
9874
7893
2496
2053
7251
3940
4200
5238
8324
7569
9108
7666
2796
9344
3048
8810
786
7284
1247
969
9819
3092
1535
2101
3331
9430
6836
6051
1221
3498
7697
4959
7779
3596
9818
5542
6569
7396
468
1518
2537
9837
2388
2615
4259
4027
4383
5547
1281
4105
1407
9057
174
7313
6246
8562
9401
219
8983
1522
3046
7539
4832
551
2867
5426
4633
4974
5347
1215
161
9416
3429
3239
709
7749
8219
5885
8
8155
4649
194
3808
353
7696
9312
8085
6230
6120
8695
9096
2333
9589
3522
759
4069
2350
7855
1683
277
4708
5264
4045
270
9892
8384
2548
1638
1859
1172
5377
5559
4668
9912
2387
3874
8082
7772
5627
1524
8368
1106
6787
4139
5948
6171
3294
3009
5078
337
4411
8678
6327
7695
9181
4594
3007
568
4591
1398
5235
4567
7223
7090
291
3385
9979
7788
9715
7020
4903
7814
2976
6062
3099
4215
4483
2739
9634
2174
946
6790
2977
1640
9077
3759
5168
5720
1101
88
3934
9906
26
1253
7968
3690
1806
2469
7022
4951
5524
9976
8054
659
6371
8536
5493
7766
7466
4491
1855
7488
9576
7461
5810
9505
3034
5585
1411
5006
4448
914
8177
6364
3287
5120
3956
9614
5436
202
2937
9905
8589
6294
8737
5684
349
3471
3963
545
3270
1720
2169
2954
9385
5472
9492
6659
7530
4472
763
3486
409
9953
7835
4920
5923
9597
8173
1678
1041
9942
4406
9769
6482
8873
6036
6903
6691
7650
9956
3966
1835
6340
6704
4451
2172
1945
7407
2574
5841
78
251
7198
8147
7452
8317
13
4609
2404
8697
1070
2938
835
5736
3730
751
9191
2143
6810
2202
5657
563
8360
4137
7040
2125
723
2251
1777
4593
4067
3433
4208
1229
9654
9877
7635
1084
803
5666
9297
6044
3327
7165
7489
713
8605
3928
1389
4152
5031
5464
1789
2777
1385
1157
1915
8240
204
9419
1021
4964
2947
4911
262
8563
3502
9663
3726
6675
5672
2511
4660
2127
3427
4569
1233
4413
6971
4928
7743
9901
5908
2314
8093
1078
8358
9363
5806
7576
6887
6328
1037
231
5778
1952
8927
9974
4813
5062
7207
5513
4357
8550
3750
8381
1189
3182
1970
131
9566
5537
9043
8751
8878
6022
4082
5677
7984
827
4523
2847
42
5166
3465
4379
8963
1649
4641
5924
557
2812
5355
2869
1946
5431
3955
4270
3717
4449
2383
177
8391
5599
2546
5253
6599
4360
4899
5651
6881
8196
1731
3889
5660
532
1842
9860
2893
6698
5682
3667
8928
7331
5869
8312
5339
5492
8026
7876
6508
6583
5329
2024
6655
3607
9404
5799
4557
8515
123
1095
1261
1792
140
7473
7310
171
7965
8183
4375
6070
6425
9170
6017
7426
2736
627
5888
2955
692
9068
3026
4600
1624
3685
7840
4338
3241
8083
9621
8161
1061
578
1053
3076
4341
5244
2109
5844
9937
2135
819
2359
4083
9239
2065
5754
3892
9277
2616
4554
8406
4351
9559
2964
6466
5413
2110
8650
9232
5383
6757
6856
2308
8700
211
8794
2877
3225
2798
6898
9149
5438
7509
6032
9010
5685
4074
6029
2906
3207
508
7148
9257
8591
9996
3809
1136
8582
1355
992
3536
9390
1343
3742
8542
696
8292
5719
4450
2913
4978
9193
8739
8637
6082
3713
7886
9532
7891
3591
8640
3544
3240
3758
7132
5268
5691
4447
9337
6948
8094
6746
1488
9144
5177
4655
1420
6603
4529
2122
9069
5945
6305
4010
3365
3861
3511
5712
7144
7645
1421
6222
6146
8490
4103
6418
1896
2409
1696
41
8705
7623
1528
15
6357
1283
781
7729
9880
8278
1717
1602
1592
9989
4815
3090
4819
5744
4617
1017
8040
4605
4826
1123
9878
2475
2406
8323
6295
7643
4481
330
2247
351
1985
8407
1733
7655
3134
7360
4861
4927
6590
501
9425
5263
8837
3476
7079
2675
7637
9914
7002
5591
7768
3339
9967
1445
722
3753
2843
3300
6304
5337
6743
5842
4662
2725
1933
1833
3862
4238
7053
6605
9954
4104
777
1651
4214
5965
758
3900
2650
4257
8441
6899
7190
2098
9472
5272
8013
9510
1570
4998
4012
1080
9637
5291
7333
8645
8211
3751
9519
5085
8805
5986
7428
8276
1059
8781
7275
1781
3801
645
2594
7986
2470
5393
7524
6914
2512
3342
9811
3119
60
9295
8202
212
2930
2504
4848
1687
4762
6385
5443
2379
3439
8507
7194
6252
2807
8940
3037
8674
9304
8162
1709
9174
3979
7111
8704
5307
8956
977
8759
5860
6739
624
8964
4364
9415
5218
1324
6910
5715
3282
4526
6792
4681
7137
1050
2229
4800
6589
8143
6220
8541
9316
634
4807
8618
5187
263
8770
4798
6634
9192
9887
7638
1550
7874
4683
6211
5512
9046
9198
4202
9118
3005
2154
4734
5816
6923
3084
4290
3965
3720
362
3811
7196
5308
3277
1442
6932
1368
4796
323
3242
9845
6257
9132
6200
3387
7990
6064
9916
1104
5014
6148
4836
8784
8194
3510
7618
2182
654
3803
7405
5707
5080
4900
9955
3161
3932
3950
6415
2940
3491
6926
4154
6136
1796
9112
8354
6788
3974
2573
5791
7503
7477
9431
5531
959
7025
5884
6258
3545
119
3125
3638
1585
7125
6086
4578
7419
4091
4005
400
4246
2046
5823
3065
6493
9178
8653
5626
8385
8421
3646
9301
821
4801
11
4733
1336
1959
5309
5345
4216
6166
4621
3027
4326
124
7018
4962
3693
7993
4693
628
4647
8209
9948
5369
6908
328
6763
5764
8106
3459
1515
1358
7499
2416
5460
3867
3716
4955
5733
8231
6247
599
9056
3725
2535
6319
4976
6365
1844
2810
152
6794
2412
9604
6522
9413
8698
7026
9499
7550
5441
4519
687
5532
428
4480
9134
8592
7508
346
3016
8170
3683
7950
4718
5380
8941
6959
3283
2984
1953
9915
6562
6122
2915
9384
7825
5405
3512
3462
1773
6379
8467
289
1458
2204
5678
1197
3407
2603
1516
1224
2324
6609
1471
6769
9048
1941
9483
5179
8951
3257
9951
6368
4754
3918
8839
258
4837
7664
8946
1991
1414
5732
2774
7249
5606
8300
3517
8982
3178
1751
4458
4339
7402
2735
5315
9410
3641
733
6168
8468
8375
5620
7995
990
9448
9349
5880
2539
4732
3267
5330
8139
5538
1500
6510
2185
5174
8607
1151
222
6728
5922
4007
4563
6279
5956
9854
9421
2611
7151
2211
8257
8559
4632
2414
6260
8699
4654
4766
9246
6750
8377
9457
8150
5227
8676
4402
160
6218
207
7147
2625
3613
2962
6095
5333
6741
1746
7646
9470
9588
6469
240
6351
7264
5266
9800
5039
7230
5224
7930
9235
6539
1924
1323
1218
196
2509
183
5611
8411
7557
292
2161
8901
4260
8010
4811
9599
9825
4149
4145
2088
9107
1103
5625
9794
1427
5002
3708
8540
7463
7016
3957
7382
1517
4505
2762
7819
4618
9485
1291
447
416
2942
7780
3072
3189
3564
3045
9651
5586
7377
4524
3659
9307
298
4333
6540
7203
1607
3409
9851
9495
5996
8480
6607
5642
8392
6334
1156
8470
668
2099
1395
9774
2677
5505
1940
3731
4810
3883
310
3813
5219
589
3863
6513
1840
8835
5511
8840
2931
5610
4936
5144
5607
373
9689
5126
4393
2758
284
4845
5030
3800
2670
5882
121
6363
4531
6407
5051
9327
2170
8799
2152
1074
8522
1299
6536
9151
9226
3222
2134
484
9403
3266
7795
6143
9039
1750
9165
1344
425
5746
1367
5617
8682
5743
2176
6654
8029
7009
3244
8472
3990
9342
1169
9435
8466
2568
8413
4293
1113
282
301
6149
7498
9521
8033
1319
3115
1697
1703
9546
4719
6931
9024
5092
5883
5729
312
5602
9012
4743
2502
6403
5909
6900
7923
1965
5042
5813
4614
784
766
967
4823
868
5453
8520
9991
3673
7140
7834
415
6177
9488
1213
7803
9753
4289
9903
6630
6765
615
4869
2943
4321
8529
9978
3193
2719
1922
5859
4371
9180
3980
6429
7987
7934
2707
4868
7721
4264
5569
8768
3443
9019
3348
7409
9071
617
6501
3888
435
3513
9212
5845
4256
5546
4694
5646
5949
9528
3767
1981
6624
5632
304
4163
6484
586
8988
4700
5635
1787
2016
5412
5485
4873
1573
336
8752
127
9310
8620
815
673
6981
378
999
7306
703
1882
5149
5305
7548
9550
5757
5694
357
1888
4612
2601
2140
530
6001
8338
9700
7686
9122
5604
6892
8560
1538
5285
3931
8892
6352
190
7350
2806
9703
8926
6455
2268
7112
3438
2503
3164
7070
3466
7589
5664
3910
137
1174
1198
8052
3806
4792
1881
6287
5298
9219
6392
9859
5009
3064
9652
8011
2282
9200
9622
2565
295
7271
1332
4
8204
8113
7737
9612
1793
3981
8335
7527
8175
4712
3014
2959
5200
3003
3355
5145
8574
610
1503
6228
6010
6985
913
6616
4377
9836
9626
2549
9302
6584
6871
2048
3560
6014
4167
7423
3312
308
1701
2104
7038
564
6677
2664
3876
867
2258
9474
3823
5742
6962
443
6303
446
6150
5065
3343
1610
8179
2648
5182
6857
2633
8432
1415
155
8943
1231
9692
5856
6683
7029
4721
5473
8416
7702
5590
3645
5154
1117
8417
3907
8047
4561
2873
6804
4025
830
8606
3079
9855
6204
3039
5905
5424
7280
2676
1073
7689
9158
8633
5261
5324
5123
355
8725
1359
8256
7744
6242
2695
7010
453
342
3431
7663
5516
2593
8089
7093
5971
6928
792
3518
6982
3063
495
2209
3494
8871
8701
9722
8912
4961
1532
9480
3786
5276
5830
9414
1177
142
3537
9625
6638
7992
3723
2442
8378
9606
2822
7476
105
9098
6636
1030
3735
7160
5313
5964
6417
1923
385
1901
2674
3583
3527
424
8485
3221
2079
6885
8005
7240
4440
8845
9763
7910
7976
61
4345
128
6626
9166
6198
9538
1920
4695
6656
8223
293
5336
4783
2653
4620
1632
3671
2885
8889
6059
7357
5319
8225
4421
6215
2326
9117
2905
9810
5326
5117
5222
7307
4755
7501
8581
3864
5162
3441
1259
3394
4864
2532
2434
7049
3038
7279
5540
6793
9828
8796
8957
36
553
3879
7404
269
6048
399
5368
4150
9850
6316
6978
1403
7055
285
1492
8469
1244
9329
5968
4493
846
7921
5834
3651
309
5467
7751
676
8643
2839
7136
8974
7494
1748
5409
7726
8388
5896
2398
3844
6550
5451
3412
9225
5390
8112
5367
1555
5499
706
1155
2108
1734
7708
5165
6497
1270
4162
9660
6807
7385
1219
4977
5017
6478
5423
2990
7861
9815
5697
4079
9615
2678
1
6802
2027
7299
5533
8003
2529
7629
1482
5058
7304
3454
890
9541
3262
7145
9716
1234
8495
8403
515
9073
9157
6679
3580
1534
3359
2254
9167
350
9848
9516
7270
5295
6151
2808
2924
5728
3880
1373
1791
9579
5083
3188
791
4803
2991
5191
6325
430
2815
3118
7915
1739
9756
5037
8596
9823
3264
421
980
560
8376
5122
9393
4715
8445
955
1836
1148
7256
3059
2759
5608
1800
7857
6426
2157
4399
2199
2562
4583
8777
8535
9949
6459
3992
6040
4231
6889
6888
9688
6099
8817
7931
5761
7296
2620
6876
1999
8450
1316
6944
9781
8616
5946
2622
2971
4071
6384
8178
5822
4225
3480
1619
4670
6999
1311
1612
1725
5867
852
720
8453
3599
2076
6718
9826
3608
6803
3846
3913
1568
9507
76
4262
4288
7821
4720
2722
505
1464
7205
5953
9969
8361
5897
7532
3110
961
5262
2459
6561
3023
9065
2378
9564
7628
50
4622
5071
7703
1786
8208
949
325
6631
4046
573
6129
122
1728
3259
1371
185
8861
8097
8610
6725
9632
1617
2828
9383
9333
6296
3565
8405
9353
3633
9664
4887
1179
8044
9500
5748
6154
6109
3041
7433
5036
5146
1307
3788
7138
8755
154
6390
4267
7146
2617
1000
8296
9668
5008
6496
489
9109
5470
5802
7288
6047
2428
9926
2801
636
1565
7851
9685
253
9105
4469
538
7668
2371
7208
1146
3762
2741
4707
7243
7464
7467
8214
937
5164
5388
3112
4354
9862
3765
4479
6063
5093
2334
3505
8428
9644
8666
6613
9309
9739
2813
6761
9072
1115
1380
3132
8585
4028
9372
2864
5615
