9915
2734
4170
9928
5587
872
7020
8102
5377
6155
7343
1267
2694
7017
5652
2189
2887
4083
7223
9559
755
6788
8654
6349
8680
1034
9276
8658
8123
9835
9197
7065
5280
3769
5235
6534
3391
2817
2022
5305
3241
5022
9774
5233
3331
8911
745
2531
1775
1392
4480
5682
6116
522
2151
1692
198
3209
9317
511
9320
831
252
4864
6892
8815
6958
8762
1216
176
1789
9374
5936
6083
9300
3031
764
7127
5062
4855
7306
8875
8386
9164
6113
7702
902
2190
2720
2945
3771
6364
1166
3001
7472
1424
4615
3985
9573
9979
731
5924
8760
1121
9841
4823
823
7667
1606
4797
1252
1449
4137
1260
3556
302
7536
7074
5955
2822
8058
7829
1997
5898
1039
6045
3165
4920
6490
3130
9287
5361
9907
72
6308
8163
5310
1935
6469
8962
7871
5309
4934
5749
6276
8684
1095
91
8589
8823
792
6894
9106
5940
5304
1411
1386
3274
7528
3827
4477
2752
6982
8864
3956
1545
8539
8556
6168
9151
272
1087
3425
1680
9675
4415
5479
9310
2765
208
2279
8310
5665
6869
2221
5260
6818
6616
3333
8112
2294
9291
7315
6336
687
2998
1665
2387
6624
7516
9284
4490
6964
7544
4903
9976
6887
9803
1165
2252
743
4778
9576
4501
9934
2032
4488
9005
5755
2036
2315
2123
5739
467
7380
1878
9857
7062
1427
9669
9125
2873
4682
8473
376
655
8536
7694
9030
4105
1367
4534
262
7887
2320
472
4104
6696
6472
1209
5892
6215
4506
7627
8565
2296
1837
3300
281
6637
5684
390
728
2770
1239
7665
4071
5152
312
6710
491
6343
8619
2965
2460
9587
8205
1525
9330
7870
3260
2345
8750
2187
1364
8714
3539
8378
2225
2944
5484
2801
1177
8302
7511
6669
5673
5843
4957
3741
4131
3161
3082
6829
5500
8526
9691
8581
8973
3805
9592
2678
1380
759
4311
6511
7060
7765
7400
8113
2525
6590
271
6382
6432
4155
2334
2863
6338
862
6148
4872
8233
4796
4261
7821
7280
3616
6695
170
7849
8365
5533
359
502
4620
824
117
2899
3297
3138
8785
7126
7326
2042
7198
1430
8876
1599
7408
9650
3572
460
6431
3311
2456
7766
2733
9687
2203
8999
7235
306
8273
2435
6032
4482
8444
2598
3791
9143
5295
3663
2957
1149
6769
2397
99
1615
9225
3356
1218
4708
4466
7447
4059
534
2803
338
4249
8602
3577
4464
2238
194
2276
3799
6034
7570
5644
3485
397
617
2446
547
8889
2693
1936
1488
8567
5077
569
8203
3823
221
2947
6735
4032
611
1700
3299
8397
3314
5448
794
2721
3246
950
1044
5929
4239
4390
4721
6252
6736
7867
3369
3332
641
3794
1871
1160
7155
5597
9393
1694
3725
3477
4666
158
7961
8724
5434
3513
3223
6752
190
4535
6630
3101
7049
1098
3558
3227
6060
4889
4192
5242
7894
756
3421
3325
1587
7531
6410
5971
6973
3000
9023
3432
2470
3751
5123
450
1891
4677
8197
6977
7247
1318
9668
5086
4026
7152
542
6182
9189
6579
58
2576
2613
3722
5343
1136
8831
1396
7775
1258
3765
6319
7789
8319
9446
1228
324
8707
4460
2442
1002
7112
6470
7803
3607
1938
4227
6528
9012
7952
8396
9662
6040
6929
6394
966
5478
497
5648
4485
4100
3055
4751
6016
6315
9378
3567
2228
7549
9397
6505
8232
8312
3624
7404
9630
6922
3636
6853
686
7754
4991
2289
5784
2735
3235
8410
4461
3688
5617
3072
1930
5294
7813
3186
1631
9442
2967
3443
1064
7757
7241
2556
7532
5491
1939
9984
4332
9858
4536
5956
4744
5799
8248
6827
4798
3526
9660
4171
1219
6317
1127
1895
1043
9778
8915
1285
7340
9745
1071
9746
6339
1282
5142
8500
548
5818
8479
8620
4613
3977
7682
9022
3644
6300
2421
101
1889
911
7676
848
1248
1162
4512
819
3210
3737
3494
9877
9935
470
3342
2342
9240
3681
3047
1382
6466
186
9421
7790
6011
9138
4198
2805
9208
64
532
7411
7923
523
4409
7738
6232
8002
231
9969
9823
74
1372
2729
1339
8315
6890
6687
2159
8961
1320
7120
1786
593
1261
9568
5635
3078
4719
3113
9279
3731
6063
5616
4866
7044
7545
555
7393
9478
8366
5505
1227
3585
574
5476
8859
4806
4439
7509
8317
8324
3822
9619
8107
7636
9819
7210
9549
7053
754
4034
2021
6344
7228
2361
8051
6079
2930
8725
2016
3291
2717
8294
8120
3243
9187
3839
7110
2198
5736
2789
1438
6046
3298
4627
4893
7219
8700
5874
5625
949
1863
4405
6278
5567
1027
545
6967
8561
3466
5106
5766
1664
2309
7903
5018
7033
4299
4158
196
428
5037
389
5999
4674
8987
9241
3334
8935
7593
636
7564
1188
3872
9492
485
9088
2195
3512
5750
1265
4428
5283
3752
589
5973
9554
3676
6037
4373
66
952
4337
4962
4876
2927
4305
3623
7602
6981
5358
7330
2635
9899
798
6010
2389
9541
4619
4648
1815
1148
3483
346
947
2521
2070
5977
3554
296
6941
9074
4550
7956
7853
2610
9697
8631
5094
4274
7267
6430
104
3119
7392
9427
105
8571
7433
6206
9900
1588
5962
7013
9694
4334
3582
9776
8753
241
1263
789
8941
6997
5723
6351
2240
3362
8272
189
2902
8160
278
2298
6207
2242
3593
5897
6413
1802
7603
1317
5237
7970
4376
6314
7015
9252
4772
3677
451
6044
8427
6224
5020
4446
7290
5468
270
328
5182
9067
3174
1452
5492
8959
2888
3208
6033
1193
1674
5229
6638
5332
5518
6251
2481
5220
648
5896
660
8068
1841
4038
3422
1744
1869
2796
8455
5780
8303
8252
4860
6662
9084
7559
8104
8046
9901
6414
2642
9209
2472
6640
3136
2099
2256
6440
7980
1996
9938
738
228
4799
5809
2312
1278
9249
3286
28
970
8557
879
6187
8698
442
9539
3540
3149
5339
3764
399
2912
2377
991
4566
383
1327
8254
361
7997
7216
3893
4320
5210
1679
4241
473
5840
6675
559
2814
7897
3747
119
9510
8562
8190
825
590
772
9002
971
8793
6199
7859
4156
8346
9677
6915
982
8009
8027
4322
138
1183
6419
4356
1591
2370
9475
9013
5392
2398
9540
1111
4587
1650
1618
8978
4159
682
3218
265
3660
43
9146
6266
8681
1800
9453
3381
1722
5680
6209
2542
2268
9879
3930
1883
52
9810
9809
1184
3005
5751
3659
7520
1933
3849
5271
372
1242
603
6864
3427
536
2882
8897
9346
6165
2860
6962
8885
5490
1073
707
7683
349
551
5911
9870
7493
8902
5777
7699
4568
3584
7327
1333
1850
9681
2516
9153
9535
9830
7428
6275
776
9629
1686
2501
6502
8991
5266
4160
7482
1491
1360
9233
8010
9368
736
9408
7243
2270
8927
6771
5436
1518
7529
8066
1725
7026
8166
4416
9477
7928
2196
4667
2592
980
5907
5368
1906
9932
543
1688
7843
6849
2419
1485
3500
7613
2072
6923
6454
8045
7034
1237
7785
1610
9643
1238
2701
226
8087
3152
5991
6789
1819
6681
6334
8347
2109
1849
7269
6494
2316
4236
945
7818
9684
6169
6188
8080
7396
3758
9322
5156
8598
5003
8626
4952
688
5541
6581
4134
4456
4560
8332
46
6649
3196
5583
2607
7056
5820
7780
799
669
1477
5613
2119
443
7589
7955
4750
1574
612
7410
6265
9975
5150
8652
4907
8181
4912
130
1147
1703
2144
9298
4152
2905
4877
4905
4890
7691
915
3376
4636
8585
6613
2853
6976
4352
5470
5608
9494
402
8251
5127
394
4869
3881
2229
255
5409
3024
7755
5893
492
1107
1923
7985
4207
1286
956
3315
1088
1094
5612
7922
16
7195
9483
76
3195
8741
2301
5301
2514
1200
2147
6455
654
8198
8936
5502
5812
2018
1577
3986
8074
2802
22
6111
8685
3131
4440
7166
5466
7787
2227
5572
6953
3790
8827
6913
7791
6203
3942
5049
4149
5374
781
8415
7465
3664
1259
716
6114
9646
7814
3237
9131
9508
9096
3861
6005
5730
8693
89
817
1988
3863
7701
7293
1090
82
5711
3824
7027
4526
6429
9631
4417
6969
4741
2494
8995
7431
1469
2139
4896
3238
8767
1224
6989
5428
1052
1600
8610
8659
111
8554
1902
6161
1484
9866
4375
1947
9479
4273
7300
8834
4399
6425
8996
2372
7389
8754
5136
2275
1519
3901
8937
910
7890
6325
445
4538
1649
8550
9965
4687
2589
135
1352
6814
1565
1830
6112
7938
7321
9784
9057
4340
1662
34
5853
6961
3777
940
7946
4503
1401
7840
4776
9740
1292
3495
2923
4623
7452
761
3552
330
3870
1097
39
5111
4841
8533
9591
1045
5
2655
9657
9315
1083
5376
7217
8176
6408
7825
1731
6715
4250
6006
3673
2224
237
6239
5511
334
9861
3578
7866
6970
6001
1084
4929
9251
6014
5209
5481
3481
8131
3025
9108
9011
6228
1672
7499
933
141
1414
5543
2883
2369
7830
2385
8538
181
6803
856
18
2069
1326
8904
6975
8919
2327
5902
5579
8124
5016
7000
5014
6446
1570
6523
1018
6651
715
7836
9224
2277
572
3009
3828
3876
8461
351
4658
8802
3714
4338
4247
6840
5872
1124
9978
2053
5564
1102
9585
4021
8596
2712
343
1384
810
8774
6577
7718
9273
812
8154
7953
1993
2555
6077
9553
2126
5439
5540
21
3691
1150
4977
4809
4434
3998
3153
4284
8429
1428
2241
9137
7206
2295
7752
5460
7209
2156
7706
3680
1229
7357
6570
5397
1994
4500
9399
5040
7312
3734
3627
4628
9255
7090
9064
5172
3803
6335
1130
9904
4101
115
2658
9501
6844
526
2217
9068
5688
2097
7901
4839
9781
8368
1405
7435
6149
4028
8722
3221
9577
2987
5841
1851
7144
531
918
6268
9760
6355
7742
8165
4402
3713
3198
5626
264
4817
2041
7971
7758
8238
7716
5017
9471
1013
5932
9167
4606
8164
2578
7151
3394
4463
917
741
1927
4717
7268
9942
9502
6537
9702
1180
2140
662
7582
6807
8677
3797
6656
1885
1965
4167
4291
3433
5783
9123
8689
8923
6917
2956
8021
3308
407
9946
6356
129
6968
8290
6720
2473
678
7240
5367
7407
9163
7068
4009
2851
311
1470
5259
7370
4709
5421
3959
9058
5429
2646
6987
635
8392
7283
305
4346
607
5752
8523
8413
2857
2931
9767
7919
6384
6693
7466
8836
8345
350
3807
5741
7134
9409
984
9369
4578
7369
8121
7320
2889
285
7208
9133
4401
4921
8842
1784
6761
160
7503
9634
7927
7255
6547
4187
9093
5438
5058
8703
9046
3756
8350
438
323
9001
8507
6911
6128
9466
33
2415
6551
5386
2234
5920
8858
3318
4364
9977
8528
9783
8086
5964
3698
1369
9102
8988
500
3989
9601
7121
5601
2023
3076
2934
459
9550
157
9468
521
5225
3124
5828
4901
722
7418
6682
4703
4509
516
5418
6290
9707
1444
3940
6076
5144
2786
894
2495
6198
8888
3105
6151
7937
4062
5071
1521
1400
7958
1585
7975
2034
3390
4336
9069
9839
2313
7548
7978
2518
619
2777
1126
6620
849
2702
1040
6619
6698
9804
638
9392
5474
9806
6597
6238
8930
2820
8105
2452
7517
4562
1340
778
3447
7436
5165
1922
8025
3948
5195
8740
5069
3276
2771
1230
6283
549
614
1647
5234
1157
2595
2625
6125
3475
9831
9076
2581
7246
3981
5160
7338
3804
5387
1466
386
8497
2348
6373
5457
1081
3770
4113
5753
1153
432
6865
2809
3262
4093
1195
5948
4478
4688
7406
1204
8970
5747
3343
9165
1556
2832
418
1410
2906
6700
4213
4661
5802
765
1598
4891
257
4211
9556
5303
6602
6729
3089
7353
3834
9130
2343
7569
936
3193
7945
3831
3905
887
9003
8082
4995
5790
9602
3372
9464
1979
3180
6550
8783
1140
5265
4096
5184
7788
5523
4177
8653
4542
6439
2082
1920
3886
4705
8730
2055
700
3319
4970
9447
5968
63
3357
4372
7270
795
8109
8088
8981
3829
8594
2367
6048
9611
6535
1684
7262
3468
7680
8043
5433
1989
7184
6088
9335
8468
2029
8331
2732
5539
7497
1829
9551
8932
8933
1461
5712
8212
5503
5789
253
938
2792
92
567
3199
6053
5199
5214
8061
7697
8781
8669
3048
4767
4831
3253
4540
2605
3225
2365
4269
3709
9987
7094
2872
8343
6143
6852
7925
9186
3062
6087
4849
1589
9095
2590
333
7624
6718
972
5581
677
210
2787
5036
3269
4932
4112
4996
4959
6039
571
5857
2629
3853
7798
2400
7696
704
7304
3919
8663
6657
3092
1780
362
5252
7858
9459
3075
7055
8974
4128
8943
8044
1894
2557
3647
8100
3632
5915
2383
3248
981
27
5869
1903
8442
6311
7783
9406
4858
2222
835
978
9295
942
3471
9441
5634
9313
4683
133
3739
1066
1533
8601
9578
2884
5528
7003
5649
4997
4218
8914
2909
2366
1253
6703
1601
4933
3419
3821
5381
9256
9565
6255
204
1951
1241
7303
4329
1604
2736
9726
1781
5024
6141
9542
5987
8648
132
6808
6626
1915
1077
124
6248
637
4641
412
6907
358
4862
331
5396
7111
314
5336
5695
1455
2489
5287
4686
6254
7850
6834
1065
4779
8218
3517
8511
6442
737
7745
6357
6558
8417
2281
4999
977
698
6648
480
6186
8668
3697
9170
2134
2664
2463
4795
42
2028
9909
7337
437
7588
2012
7996
1666
9596
1658
5708
8732
3259
1579
2180
7943
9237
2066
6938
1964
140
2879
3166
8544
5824
8039
2976
953
4845
1302
8566
307
4099
5272
9626
9531
1799
634
6841
9059
4739
2591
7992
2474
2358
4924
2718
6879
9354
4022
9212
8508
6160
6522
9589
5284
3316
3395
3944
7488
7347
8404
9190
367
4473
9799
2226
2132
440
3974
1739
2193
2840
6163
5488
2637
2395
6020
3384
5384
2968
4270
3182
9425
9484
8844
3176
3524
9347
5486
9401
7854
3465
4775
6874
9924
3531
6903
9052
1319
2626
2161
7188
6164
3622
4444
14
3439
1154
344
8891
2142
3618
8675
1774
8739
4505
9390
2921
905
5456
110
2075
444
4586
6272
4047
3850
8586
3202
5719
2396
9160
867
4470
7604
8803
9474
245
4253
2
7644
6185
9283
6217
1330
6105
8452
671
2441
7690
791
2615
744
3945
5834
1448
9678
2651
6585
6477
845
7614
8578
2645
4414
5880
9887
6646
5363
8018
4743
5653
8457
5913
675
9020
5862
6030
5848
5248
7630
822
4850
842
7507
5281
7420
5707
1541
2716
1308
5946
5496
9797
4481
1293
2235
5130
3125
2665
8133
2588
7751
5833
8183
7873
4493
7463
1921
8191
605
5941
7009
7914
6269
9379
7856
8299
7804
400
6508
1761
8798
4110
8985
7383
2040
9182
9625
3879
3922
5041
4359
9193
100
2390
3880
5494
5582
1038
2143
8380
2768
7793
9570
9204
3375
7348
3051
9355
9162
6226
5347
5274
3179
8901
6831
4194
348
7441
6963
9598
1711
1030
8076
7367
5942
1173
5066
5979
4193
8830
1827
8486
1971
1406
573
1257
3573
4895
2534
4948
7620
8261
9384
6740
8271
4786
3033
69
9566
7376
6244
9294
1138
5575
5981
643
3412
7163
4095
6565
6760
3931
2087
8362
8838
3145
7784
6270
8411
9584
5699
1793
6699
2692
892
1096
505
9114
1568
2302
5844
6101
9825
2571
5882
3814
4793
8053
2612
6767
9357
2056
8993
7069
3157
5884
4531
4248
321
5586
4746
8524
6732
9962
582
6420
8860
7510
6871
9548
6748
8878
6948
3335
475
4142
2686
1709
8821
5315
2451
5006
1231
9527
1363
9150
6862
6386
5693
5002
2896
7364
7533
1213
5141
3170
3910
3158
1161
9458
3160
7211
1918
9623
7450
4492
901
8737
8647
4805
9721
515
2015
1788
8543
8638
4426
1995
8938
2392
4938
5791
9278
8081
9337
3497
217
1479
1904
601
1992
7356
9412
1101
5875
7394
4781
7637
2092
6658
7429
2633
2959
7618
2378
968
1763
3445
8094
853
7365
5011
2660
313
8837
3013
9439
726
9081
178
1271
8149
1729
4056
6354
1984
3867
3087
6366
2300
5517
8613
2730
5731
3744
1503
1356
5469
9025
6293
5437
9683
931
4260
4556
1608
5297
5101
3104
4701
7135
4066
3455
8167
31
2661
7606
7933
1390
4543
7991
1395
5351
8069
2950
172
7904
8583
5263
4758
8337
5352
128
8132
5206
9430
6722
2979
5475
5247
649
2741
3081
5285
3617
369
7104
7881
4254
3887
7660
1720
9152
6412
1290
5627
8640
7505
4728
5075
5866
2611
8795
7237
1137
8868
6909
7066
1249
7382
2206
3408
3304
7032
29
4752
4353
6799
6612
4335
7663
3746
1561
6569
4762
3120
317
1181
7332
6731
7728
3007
3538
1798
3265
1023
6307
8975
2061
1447
7779
7801
8757
8169
3010
6234
9185
9099
6935
9026
2894
3285
9872
5341
664
5803
6644
587
3816
95
9775
6110
230
7426
6463
9910
4909
7590
2745
8289
9275
9709
1350
7964
5863
694
184
4014
3877
3063
6515
8986
3168
8662
2129
103
5677
857
9473
3042
7172
2826
4810
6066
9027
553
5584
7395
4315
1014
1734
4411
4555
7993
8178
9637
2940
1555
2737
1056
2955
1661
5722
8635
3216
1820
7388
8481
8201
1861
5359
5337
9544
6668
4670
524
8682
388
5895
7324
8609
4018
8126
8040
454
7512
1981
1801
1511
4554
3661
6162
3338
4310
3629
3706
8756
9429
4922
6279
4392
9091
297
6365
1374
9913
7863
6263
6417
4384
5212
4041
3704
7907
3949
4517
44
4695
7484
6401
1185
8474
8747
3305
374
8004
1847
2680
8256
7440
7947
1497
538
7115
88
4427
1960
3108
3589
5624
5388
4844
951
6916
5772
1724
7092
7276
987
7573
1868
4210
891
251
4279
2207
4406
1708
2503
2885
4819
6250
4276
773
4747
2892
8030
5073
2212
1431
3312
9352
2505
1558
9735
3637
3271
1721
2045
7063
4609
2545
3066
2170
1855
5264
2379
8782
3675
9956
7085
1460
4422
4489
81
9367
8072
2354
8244
5193
8799
3670
4679
9267
3997
3652
8159
8387
1009
5908
8574
2259
7423
5678
1274
5213
4074
4974
591
2376
4917
5978
7806
1839
9226
7771
1458
3482
159
4900
8887
6482
5187
4398
3796
4829
766
2960
4735
4233
6526
9400
3509
7540
613
6704
9431
7422
3562
7477
8534
8909
5328
3336
1968
1523
7200
7926
3912
7298
3604
3452
8070
3396
6204
9885
5053
874
5681
3837
1520
4432
8792
2895
558
3970
3527
2331
703
9078
6352
1845
1617
2933
4033
8005
575
597
2648
4954
7100
4010
2928
4015
7054
6802
38
8323
533
179
5391
5102
9651
8494
7371
9998
2454
8784
5108
4733
7057
3591
5419
1416
3251
4197
6603
6694
9175
6184
373
4361
5538
8395
8729
3175
5124
616
9398
4408
1268
1877
7167
4169
6931
6459
3665
9884
2819
6930
9698
4379
7029
3601
2266
2695
9061
8011
9371
1422
9948
7900
929
1092
9673
8906
6866
5810
3838
9583
9546
9711
8636
9538
9499
5887
6085
4468
4089
8050
4964
8931
1919
4547
9424
6985
6152
2293
2236
6240
6792
8015
9418
6002
4234
9532
5813
1737
295
943
2631
9480
6614
3836
3349
9670
126
1468
4462
2526
4626
2115
8492
2192
2219
7828
2855
8791
7918
8759
9445
6452
2381
7819
3461
2406
4764
1611
6553
9268
9911
7096
8311
9612
2014
8765
5619
6396
2562
9470
3924
7192
9036
9419
1929
5056
342
2096
2966
4814
2507
5426
8054
3147
7260
9724
1762
7041
5093
8763
2568
9060
4007
9014
8460
8158
9311
9382
8092
9303
5768
3786
3229
49
5030
3594
1407
3587
6956
5194
4245
4916
5808
9132
1538
5814
8130
5241
396
6237
5606
2649
4362
5000
8895
878
6949
2551
6596
8572
4238
8359
4832
8922
1777
6179
5668
6908
1900
6489
4768
405
3012
2603
5602
7117
6622
9104
8744
165
6375
3918
4846
6426
5976
3351
7774
1811
859
5764
4360
854
5860
4662
9641
1716
1983
7816
9234
2341
6895
1199
4884
9574
7535
4451
4181
5482
24
3239
5246
1061
1284
8200
6988
5286
9528
1068
6129
2173
2691
7649
3793
7661
4792
3715
2039
7108
5223
1129
4140
5910
6273
6660
4019
9954
6091
8296
408
6816
5149
2282
4607
5927
9699
9504
2997
1037
4064
4467
6301
1882
7607
7942
5960
3141
8591
4067
4012
9645
4738
896
965
5885
7194
4445
5026
4309
6881
1033
9970
3329
6510
5729
6172
6075
5659
7170
9243
1049
8692
4947
3418
9358
5765
7301
7678
6171
5236
9364
9704
7609
2098
2153
4044
1075
59
471
9671
3947
8994
4450
3990
6504
3634
1388
9654
4847
5904
9742
7058
3845
7186
4753
784
1353
6993
8843
7021
604
508
6665
1937
2828
9356
9333
6618
8118
9306
4956
5854
629
1710
9087
967
2994
546
9850
3046
579
1221
2003
8671
8300
8085
2550
5471
6980
1315
1907
6921
9800
2311
3496
3428
7398
8545
7205
1415
5063
3021
3992
5950
8829
4106
2335
3080
8381
6084
3188
9779
5019
7721
9712
6100
8
1943
2373
6836
7519
5595
4546
2475
8913
5568
5023
8487
5778
9053
6104
1549
9288
1977
499
4910
6688
3431
3382
535
2713
5371
913
7282
5830
1343
6888
6783
5779
4697
7820
9863
6706
7173
1962
8145
2868
6019
310
4240
1950
3982
2917
6183
8099
6080
1735
4448
6509
1046
6050
3402
4252
83
7095
380
3257
7860
8464
4524
9521
588
6225
9493
5531
3371
3678
6786
1621
1635
3766
8657
2988
4217
2636
4077
3571
8721
7086
4643
1805
1321
7920
5267
6925
2324
8281
4902
6428
54
463
2763
6086
6557
9044
5224
2764
1614
8502
4164
7478
2497
2490
5547
6374
45
2897
1247
9348
3112
9564
9507
2171
1059
3292
8264
4513
6153
4243
1730
2971
9370
3282
2319
4710
9982
5618
7288
6576
8422
906
7727
3232
9158
9456
2652
1940
6823
3347
3754
6754
6038
4575
1270
1190
9297
4421
8624
9848
9661
2168
8768
5270
6069
684
7064
9223
1848
3721
279
6647
32
6167
4923
7176
155
2091
1858
9516
9997
8438
167
4914
1159
2566
3002
5993
5221
8969
2063
8141
7093
5255
5658
9995
4221
142
4897
9376
4285
5715
7430
8148
7213
3162
5373
8029
78
855
6587
1443
9260
1698
8147
6205
5039
5168
5226
8463
5068
2703
8372
5829
4344
1276
156
224
9895
2247
8042
113
4588
1637
4820
1602
787
2640
4985
398
1283
4874
2901
5922
1498
7711
7275
6135
3474
3961
9716
3712
5163
102
961
7475
7808
2584
1110
7571
276
9996
4664
8135
3436
563
8024
9710
3117
1818
9179
8982
3306
7181
6140
1791
7052
8307
6009
1828
2346
9460
4585
2434
7123
1067
5807
4549
233
9878
4624
4571
7133
3669
3401
8285
238
8755
7261
2253
2077
5331
4928
71
206
6588
1655
5622
7672
7967
6906
5216
3459
7375
1078
6144
8551
3345
5888
2120
5760
7425
1471
8611
6021
6950
1627
5401
6134
7081
3630
4341
9980
1580
3555
9964
786
3337
2007
3843
7073
292
7197
4189
2776
2158
3996
6253
8924
461
3023
1973
7413
5776
6568
3953
6820
8808
2407
1905
9154
5640
9420
3503
2772
1803
7653
3359
8153
6145
1346
4049
3420
6655
4600
3486
7103
8117
3760
7906
4824
2554
3499
1557
2263
4992
13
6986
8035
6723
7689
1738
6230
2925
1516
996
4108
4292
1860
191
8152
1765
2483
2874
4225
577
1025
5822
3069
3341
3914
3864
3574
4497
3966
5975
9416
2854
9428
2843
709
3689
5646
9751
8608
481
6937
8280
6692
4653
8563
2026
9582
1948
7884
1462
2708
7349
2602
6292
1892
4698
9512
914
4231
9156
9882
7236
8305
9689
8751
7256
48
8266
3309
9205
6701
248
2344
5033
8503
3854
816
2006
925
3779
714
9063
4278
7362
6714
2482
247
1748
3708
5639
4370
1875
9047
2707
5827
4025
2145
3284
3056
7921
6582
8847
4080
6154
202
8318
6220
465
7316
4690
1886
3400
1397
4761
1335
337
7399
5146
8329
4496
1454
5877
1648
9816
3083
299
3694
8790
3027
2948
1490
1508
3178
7046
5724
2622
864
9766
1291
335
8028
3096
2698
6591
4525
4003
6724
7314
5983
7628
7895
9018
9201
6810
3938
7402
4818
1571
1844
4569
4433
353
5655
6542
6403
7848
2666
4078
4885
8587
2093
5349
7622
4783
9360
5082
2977
7336
1429
7578
9906
6712
2943
2839
6229
3710
1759
5997
814
5906
7050
9488
5084
8186
3491
9842
7555
5515
7673
80
7668
4457
758
7368
3348
8286
4822
3523
5698
5607
7048
9171
4976
6421
805
7204
1115
1344
1325
3776
3079
1687
2753
4511
8786
9266
9385
1652
5047
3352
2549
1413
8743
9451
8437
631
3144
1554
8869
4617
4125
4182
7296
1527
8101
1493
9231
8093
529
841
1813
8794
5379
7846
9738
2133
4908
452
387
3738
9191
6984
6904
6652
5804
7917
7212
5239
907
431
2837
8921
8227
783
2479
639
6433
4663
5969
8824
1879
5847
7419
6289
6395
9144
2486
7915
6549
6193
8014
6017
2973
1155
1368
3379
6845
8622
2750
6721
5544
976
9514
3502
2399
5663
1299
610
5786
7807
9720
5081
1436
985
8013
9433
9545
3036
9663
7722
3657
7028
4146
6288
5357
8393
2519
9219
169
8313
7981
2232
5683
8702
8627
9265
50
3846
711
298
8382
3536
3310
7726
6914
5300
7131
8467
7973
3266
1275
2467
2673
6015
2782
2684
7229
223
5461
6361
5774
6775
5366
3894
6350
8874
8650
998
8643
3736
1653
4391
5890
6666
5963
3397
385
1773
5078
8204
5694
6876
5819
2738
9173
2974
1432
4082
4294
1135
6705
4715
1546
2020
4740
6679
8580
6055
9377
8269
1596
5298
9449
4371
9981
5167
9649
4684
5415
9814
7113
2048
620
1106
8816
5661
4162
2214
2359
2867
863
8182
3026
8814
8414
8480
6072
2539
5679
3873
3579
9103
9343
5509
6411
6842
3429
2913
2982
4614
3293
5115
6793
7705
3222
8306
3409
3277
6934
1808
4303
8633
9
5207
1952
2169
9840
5060
4973
3415
9644
3449
9682
3772
112
5970
9736
6994
6036
7501
3189
7941
8811
4803
804
5647
4975
5935
6062
6559
596
9349
8894
5631
4220
9448
8890
1628
3462
8063
9873
3602
2572
576
1057
5269
4202
7139
3250
9789
5656
2085
2586
5279
67
9454
8037
4582
6400
6594
4304
5792
4001
2484
419
4552
5716
7445
6122
4229
6951
4389
1042
609
9667
8250
9951
9136
6757
757
9953
8696
8293
3700
9620
6642
4859
7834
6074
2307
7812
6170
3733
8810
7800
7114
3037
7384
8918
284
6772
9250
9048
955
3929
3907
6073
4602
7249
6474
796
494
2565
6743
4005
7162
5604
2813
8530
1473
729
8776
1419
5800
8450
732
1916
5416
1699
3094
6778
5554
2386
6801
7645
5687
5933
6309
1445
1713
8568
6942
9344
86
5806
2375
9530
9148
7724
5277
1105
3383
7749
8828
3909
41
249
4126
3091
7962
2532
2254
7605
8806
3451
8262
6605
4784
7203
4035
8509
9463
6303
2685
6391
7196
9941
263
1590
3933
4119
658
1509
5883
528
9897
8064
3137
7329
8142
5180
2067
1055
807
3071
3003
7565
370
1328
689
6178
2880
6516
211
4724
4436
6680
1966
114
7106
1478
1399
3915
4431
5137
924
9679
7381
4395
2350
5487
6787
527
9665
4435
2340
4988
3296
8354
147
2038
7823
3833
8691
4827
5527
5096
7692
599
1348
5497
1206
3745
446
6181
4367
8867
7265
2239
3515
6115
3841
1928
7291
7122
8569
2011
7883
6503
4834
9849
4942
4293
7024
8111
2827
2926
2833
6928
5742
3361
8017
7036
4729
1226
3044
2248
219
4981
6819
9744
583
3413
410
7487
1804
3344
1435
2681
762
1507
8856
7794
9989
8420
9411
1054
3810
20
7948
1991
3716
3943
7097
1264
87
5620
8255
9184
898
4094
2005
7022
1381
4523
8257
2767
61
3109
2597
9642
1750
26
6886
6370
5823
5498
2978
4109
6003
136
4689
8199
2185
1354
9874
7322
8576
6631
7626
9051
6282
8916
6835
8917
2220
40
2548
9019
3902
979
7898
832
8525
9312
3720
4228
1026
3256
9199
7935
3172
3651
3551
2818
5986
1742
3469
7415
8506
1489
254
5562
1517
415
8304
4342
5185
8733
4826
6191
2050
3
7128
8216
449
2949
2619
8355
7889
712
3575
5447
3774
8440
4714
9796
5117
6650
5641
2362
740
4154
3204
5499
9869
3440
3393
6677
6322
456
4088
9465
2740
6109
8333
5995
8929
1736
8535
7116
4060
3294
3095
1197
9723
4982
3501
9339
5570
3813
2444
4469
7595
8592
9812
9555
9990
293
9883
6592
6481
2024
1233
1944
2878
5390
1980
3695
5354
4748
7427
7160
8023
1358
4851
6458
5424
1643
3782
5985
5856
4532
9973
2848
6734
1113
586
5176
9128
3102
926
5912
7759
23
7386
897
5473
9350
4671
7723
4835
7861
3437
4987
1212
5525
4727
8282
5596
3283
5055
7175
7886
747
8291
4206
2200
6212
2445
9183
2197
5004
2233
7305
1898
9258
4132
2194
2881
2431
6147
2784
8504
8084
1076
3852
6468
2411
8644
7658
2210
5268
5243
8665
501
4097
3620
2910
8639
1499
3701
7274
7983
5816
840
7546
4640
8766
9567
1289
9195
8588
4861
3711
2824
2937
3470
2269
6194
2621
4374
7307
2807
3684
7136
8800
6501
8370
3258
4742
6697
1000
3535
3233
1754
2108
1625
8857
3016
746
5717
2511
9846
1893
9730
3458
6341
9912
6544
3609
888
9604
4668
1543
2152
9097
1834
3052
4165
7138
4256
3875
9648
6573
5090
8321
8276
246
1483
4301
7855
2284
3129
6912
7500
3177
7885
381
6621
106
6625
2676
166
9121
4990
5944
6910
927
3732
7494
8170
4314
8779
3815
3878
420
5326
9579
5633
1534
2540
3139
6856
5403
355
8243
1760
9936
2538
5705
1795
6636
5244
4075
4731
5696
9122
9071
8079
4953
357
6520
4561
1654
6563
3544
9949
4873
2095
1934
7777
1139
2533
9753
4046
9636
4777
9302
274
7811
992
9327
1697
2428
5914
659
1168
9632
2570
4138
9875
8353
5126
7610
7360
653
3908
6435
6954
9624
1747
9741
2306
3595
730
9525
9732
9396
8905
2575
108
3534
1409
4537
9244
3085
5851
2529
493
6863
1464
8600
2258
7969
656
1128
1677
5990
8736
8886
4759
8716
2759
2332
7278
8376
5508
3059
2137
8168
1439
1515
4145
427
4712
1727
7119
1715
7244
3323
6843
9338
4913
225
5996
2338
7989
4840
9937
7762
2131
9500
2756
7088
6991
5477
9952
668
4327
6196
7623
3635
6493
5735
9838
539
6795
5364
5727
2464
354
6924
4219
8872
5598
7374
5256
2257
3729
9085
3270
8374
3430
3134
4570
2546
5087
513
1633
2458
935
4693
7550
1133
7709
7631
8116
7047
9017
6
4180
1203
4544
9898
642
3252
5032
8920
6274
2330
506
4268
7145
8686
3668
4519
2829
8805
5718
1717
1785
4191
3530
1651
2825
2700
760
6755
7107
7576
2426
4966
144
8363
182
752
880
2430
3672
6031
7190
777
1626
220
5289
1778
3743
2935
4195
9680
8394
375
345
9090
4707
9426
6947
5404
3561
4971
4993
6256
3435
9701
8789
6499
1690
5253
3964
5605
6483
4345
4267
8075
5937
2761
695
2010
3354
2425
5876
4754
7597
1758
308
6556
3859
7470
7189
4589
9305
9498
2408
8884
5346
1876
5771
1514
5012
4659
6996
2080
8091
4867
519
7551
3184
4148
8527
9176
1122
3034
4122
3967
3935
4521
2008
9754
2353
3904
2064
3339
6348
7899
7944
7713
9820
1809
5675
411
2260
2617
2128
6102
4632
5423
1670
7802
3650
770
9905
3220
627
7373
1245
56
8119
2393
6195
9614
3411
7011
2100
2188
377
8947
8925
3058
4515
1751
8797
5005
5333
6598
3467
2208
1300
4486
352
9432
4378
733
5360
2157
3868
7841
830
5603
8617
4899
5420
3492
47
2388
3761
9834
8336
2051
7277
9999
3598
4069
3549
3580
4000
1865
7912
8496
9557
1269
7401
4760
1187
8475
6018
7379
5756
4958
8391
6041
1281
4222
7446
2333
7141
1671
5427
6683
2303
4631
9750
5549
7328
9230
2865
1620
9889
1341
632
1575
6678
3625
60
9988
301
35
7707
2530
2488
4882
7201
7334
8428
2964
6247
424
1371
7178
2357
2380
2821
2450
696
8445
829
895
6737
1118
9517
5442
9277
2662
5292
4960
8667
7061
7271
6776
7902
8249
363
1673
469
193
2443
2522
5628
2493
4214
5028
1757
2286
8052
4045
6972
9798
1070
2360
8288
7341
5555
6328
1024
9135
7448
889
7911
7129
5524
4312
6782
8026
564
7453
4911
2410
5157
9808
4654
356
6332
4790
4090
9482
4053
6330
6533
1313
1295
3855
1912
1494
7732
6132
2528
5556
6257
5846
9974
2952
6271
3788
3570
1941
3806
5743
5177
322
3547
2347
6284
7547
7467
4980
839
5140
2524
3631
7835
5867
3107
2059
9944
8997
4179
8490
9242
5313
5290
4479
7949
1389
9599
9693
9299
7385
883
3028
3885
4706
1482
3478
2305
8367
2985
421
8453
7534
3742
6860
6202
9608
5372
7936
8955
6517
3507
5138
8476
6246
2604
9569
4029
2191
9329
7146
9871
2731
5674
2280
9957
3489
9793
7102
1691
7930
9616
622
6944
4801
9214
6608
1288
488
3018
5261
347
5611
2111
2742
3778
8893
815
7563
3377
1031
3890
6222
2657
5109
8419
7586
9285
7647
9534
4723
6875
7492
8952
240
1743
5122
8642
3857
6142
4190
1080
5202
5795
8267
3658
51
5203
7225
3610
7098
6302
8157
9876
17
3281
3749
7317
6243
893
9894
8140
3520
9676
1749
7281
8746
4580
7231
9664
2160
1607
7572
8339
1852
8228
2469
3960
7739
6000
507
1796
9213
232
520
7731
2025
2299
4289
3522
2013
3110
1442
6475
2310
7579
5610
7864
4825
3798
3164
1362
2166
5600
6221
4295
3143
584
5504
9920
7299
4491
5072
4657
1594
7008
7552
2981
2083
8125
6150
1696
466
4280
5414
5173
4065
8717
3614
8128
2641
4780
3939
6486
3050
2249
2992
5706
2455
1338
4404
5399
4591
6713
7234
2643
3542
6880
1310
9272
5362
1220
213
5632
9773
8089
3646
1378
4121
180
6176
1053
6672
3735
2711
1578
785
7664
1074
1069
9844
7659
2558
9308
1522
7397
1548
3932
6443
8851
8676
2384
8071
1178
3993
7868
3201
8239
360
6210
5861
3132
1210
7130
5080
7409
6889
4700
3264
2349
7525
4297
9992
3111
6753
7254
6607
2877
6347
5921
2553
1108
6674
9119
3800
7557
2904
4830
5449
9403
2491
1047
7309
8001
2875
3380
4307
8649
1957
5938
9166
2766
6604
973
3753
9422
4650
1857
5757
5701
6825
9169
316
7359
8801
4300
8549
5530
7747
1063
2205
5027
941
53
4935
9215
1946
3441
5435
3590
8727
8630
7258
8575
8645
6635
3358
8778
7994
2288
8019
4283
5630
8849
4940
6611
9261
6067
6156
4087
7760
5325
98
7542
2471
4419
4782
7339
8308
994
4968
5135
3510
7469
5395
7998
1779
3532
8284
7698
1926
2104
9491
4150
8236
7852
2609
5008
3702
6552
8493
8709
557
8966
6992
5670
8846
1175
2213
6936
9389
7238
8078
6978
7879
6529
9328
8400
4288
8570
1638
4871
5577
7308
8189
1663
9628
7462
5459
7764
5076
9985
6586
7666
5899
9140
9594
1728
5578
5169
3830
183
8881
5636
3169
490
948
6166
2569
7693
2478
3426
5881
6485
5335
6071
912
7568
8049
9361
2573
275
1925
1279
963
4699
4611
818
12
9770
9274
4073
6606
2255
9963
6052
1176
3937
1678
1223
692
8819
1969
670
6898
5947
3640
7124
5918
1732
5307
1450
2215
4287
1704
3230
6514
8194
9462
3603
4051
5112
7251
8240
7084
4420
2614
7782
5697
9056
2991
3666
3487
185
9450
2496
3847
9200
6664
7480
826
3267
7233
145
9739
6726
6385
7743
1955
1123
4718
4
9503
1145
581
2862
6567
5557
623
9827
9765
5179
9972
479
3514
525
2911
8020
434
303
3185
7263
2337
9588
4098
1707
3768
9860
288
4224
5425
6476
9353
9211
1217
5273
7125
7929
7905
1506
2705
2541
6287
3142
1120
7639
7845
6822
3355
6092
5569
4675
1958
9802
899
1685
3456
3231
710
5035
2515
4502
9254
5089
9172
1810
630
2130
6326
1634
2403
3693
7451
9801
5299
8826
3979
8334
235
7847
1553
9777
1797
3576
5314
4685
6708
9947
1629
8637
5345
3399
6393
3971
7313
9094
8215
161
843
663
9558
4115
6966
5781
8972
4821
5385
6940
7456
8016
7740
5451
5170
1144
5516
3655
7239
8522
5125
7990
990
1644
4013
1975
6197
4058
7715
2103
8599
2835
3498
5709
4998
4875
8907
2785
3217
1370
939
5576
4638
9141
4978
4807
1012
626
5231
5029
2593
1924
5311
8379
8835
4545
9933
934
4079
229
1474
1036
3043
6711
2433
5551
8520
5593
8237
9004
2995
4694
2668
8217
2972
6641
9321
9440
6138
289
8701
4054
5450
5312
3463
177
5510
7554
2682
8301
6427
9116
657
8443
7485
9073
1539
5737
763
3313
9714
3392
7616
2653
685
2216
476
8863
2594
570
2630
7498
6291
9110
6368
197
7799
3133
9000
1584
9129
8734
2453
1467
462
4037
4879
8221
9652
1531
7366
8138
4172
1273
6312
3781
4114
1846
8192
7524
7865
2499
118
5095
7730
8098
3442
834
8666
5327
9281
5067
30
7876
4453
1225
5657
7601
6189
6058
6854
7539
5642
1931
7687
6878
2580
125
364
7077
540
6223
6584
5340
4601
2181
6770
7252
7439
5211
6337
2405
3613
3444
3991
5232
8458
6593
9734
2536
702
8866
4204
6847
2513
4564
4904
9008
3423
8971
4174
9301
4734
9072
3205
9218
6601
5452
1492
8713
4324
4081
3586
4286
2723
1475
5147
2492
4605
4365
4836
7684
3533
8219
1586
9024
3116
6742
9666
1418
7345
5249
8407
2690
3638
959
6999
6108
5338
2577
6333
8253
7581
9207
6872
8150
7333
5128
7279
3958
3244
2834
6026
3643
594
592
7608
1814
5251
5034
4396
2101
8095
8505
9236
5989
7795
3278
3159
598
7157
5021
1134
7515
1255
5430
8108
7165
6739
2329
2924
9832
5590
717
3528
1
6500
6806
9341
4604
2674
3775
6097
3041
3685
7479
7675
4842
5446
7792
4358
9324
3783
4255
1972
5183
4086
6684
1375
9405
6372
8208
4429
997
4558
6059
2932
8022
7489
9079
6645
6885
4020
250
3726
7005
8401
5589
6345
2679
2429
7734
9790
8377
2644
5174
6056
152
2285
4848
6377
5923
6774
8531
7302
8277
9496
6192
258
7908
4176
6796
4813
6719
8122
5835
7963
1250
7273
2209
7140
518
2084
8283
8196
9111
5321
8593
5380
9725
5878
6235
7183
9918
3809
6798
5759
7688
5930
7506
5083
9868
5811
3068
3543
8699
9606
4316
7974
2177
3006
6531
2808
3245
236
8146
4642
5532
6957
8060
2049
2724
4397
484
8454
2017
4147
1967
7719
8263
5079
4351
4936
7417
8409
1379
9229
9638
5070
8854
2656
6133
8390
4442
3882
4023
1016
5162
244
779
6946
5464
8220
62
7230
1970
2688
5197
5057
6763
6634
8441
3950
1816
1542
8047
433
2246
4326
3065
6830
8623
6346
212
9917
5046
6441
1859
4878
8364
8892
6057
9618
5994
7253
6380
2986
4918
1385
3327
1451
1843
5178
4788
5852
1277
4702
5954
8772
3064
2436
739
8449
5444
1646
5050
5714
6321
6267
1836
8946
1403
8979
2743
4129
3862
8090
7951
7158
8926
7880
6316
9115
4800
5467
7182
6137
6765
8646
1336
6927
4680
3365
530
6473
4625
6491
4804
3317
3140
4184
788
7072
2105
1862
2504
5672
8833
9791
628
8383
2670
9016
6008
6571
8268
207
780
6306
3090
2798
3060
2627
4644
4726
7221
7640
9811
9994
2328
6965
3923
6838
4649
4471
995
1254
7350
1624
8615
3290
6990
7553
1622
3030
5838
2725
9159
5217
5344
7621
3190
9733
2939
458
6781
937
7002
315
4313
6402
1314
2107
1605
429
6294
327
2291
218
7615
7924
7633
9722
4168
7527
6926
3865
1170
7635
3546
4277
3040
1332
7562
8466
4527
9782
873
5324
2394
3692
8900
9222
4242
6012
4459
923
2135
5793
797
8096
2564
7827
4770
3057
7857
6518
5208
3484
1417
5408
7984
1251
9600
3363
8518
5291
6513
6107
6561
9120
1323
85
7351
2244
4898
5171
3519
9922
9719
1540
5383
1572
319
3289
1004
1693
3234
4251
4484
4006
6201
1888
6525
7174
8870
838
6746
8034
8110
9045
5155
1884
9457
7685
5052
768
8853
2844
4647
3472
7977
2938
5886
6725
3812
1116
7007
9824
8656
7543
4785
4216
6445
7018
5953
5104
2769
1874
7153
6766
2638
2031
3699
6447
2412
9926
4302
6496
7556
1103
8472
6633
2204
121
9939
9134
260
1421
811
2527
4944
1537
5889
1566
9692
4597
7224
8861
9198
5317
9786
2278
4262
9519
5864
5520
1132
9070
7432
1593
79
4208
234
4017
6564
6103
6423
4298
3254
723
9847
1345
550
6460
7468
2710
3191
3004
6399
2746
644
9563
9161
3135
199
3723
239
4508
5254
6519
0
890
1536
1530
7344
9206
8899
7078
4639
1535
8841
1142
3641
9921
8433
7070
3748
6213
3963
1359
1307
5685
9896
6960
5522
860
8055
4144
1232
585
2942
9845
7772
6868
9362
8498
4455
9756
5191
5348
5342
1945
8065
3913
9221
3404
7862
3014
9533
2211
6901
1660
691
7634
9523
8447
8604
339
3866
5009
9705
2201
2047
9836
8573
5643
1551
5805
4437
2413
2728
7461
486
5230
5306
4563
8862
6971
6521
3690
139
192
7932
504
5879
4838
9100
6488
8963
3565
9336
6546
7838
3321
6824
9890
3505
8057
2963
6562
1642
1192
9520
1908
6070
7959
7414
2620
4203
8322
7768
8003
4572
2667
8822
1501
496
9280
3150
9764
1022
2797
9758
5262
2054
5166
3328
6580
2876
1017
4178
2182
6815
9919
7839
3883
168
813
1701
9930
3656
5745
7916
8708
9049
8954
988
3563
8431
6524
9695
4386
6790
1564
6177
3895
2990
1770
8957
1733
3326
9856
683
414
5545
8960
7810
7149
8000
7577
9434
6119
4330
3275
9395
6661
4533
7171
4343
7473
541
6900
2065
673
8338
6190
3750
5145
7888
2502
2251
7035
1398
4237
2709
801
8595
7746
676
6295
2402
286
1208
7471
2624
8771
1311
5513
4696
2961
8144
9562
8871
5412
4711
4323
7585
6367
5240
9940
3088
2804
2975
7797
7646
1394
4447
3020
6995
9945
7704
674
6035
1756
8489
8758
4127
885
8344
7599
742
9855
2831
6159
2076
5934
2778
6180
4541
2810
693
9743
9672
7075
3373
2715
9139
3525
7617
7643
7910
4258
5245
7272
5455
3488
4135
8195
4984
5382
7703
6047
3844
1322
3268
1595
6812
3957
2265
3103
3639
9293
7583
8211
2999
1513
1825
1833
1404
3163
8749
6794
5775
8548
6406
6324
416
1244
9210
6451
1560
7815
5842
6464
769
4183
4863
2739
517
4063
5794
3084
1864
7733
1532
2164
565
2476
3511
5836
6065
2780
5432
2510
7778
5189
1262
4363
8688
6919
8558
3955
7082
4951
9228
2663
8222
7159
5703
4720
4967
3038
1612
4812
6487
3825
3473
464
5865
9593
2639
5322
7931
2696
2512
4673
882
870
2760
7875
2922
4915
2842
7
1029
8206
2287
4857
7099
5219
7735
7071
8584
6416
2271
3995
5196
6216
6415
9818
6004
6462
1645
1982
1689
7295
3653
1990
4660
3370
9314
4357
8012
8326
9852
9217
5015
3936
580
4870
9595
9359
5065
8351
3273
4498
5302
6536
4331
1393
4553
1502
1082
9216
5441
7708
7154
6663
503
7059
392
5645
2585
2274
4257
1172
3457
6049
8279
6081
9365
8683
602
4854
6779
1402
5514
4622
3927
4716
2552
1337
3975
4637
993
4616
3008
9571
7491
3240
9522
1976
4118
9581
2962
3819
7523
5519
8008
6839
847
5139
1623
5660
6667
4853
1472
6231
4927
3215
1667
6304
8465
8501
5355
9062
366
5398
1373
3787
9264
790
5738
9807
5227
960
6277
5537
5334
646
148
8704
482
8542
4117
4894
3559
8912
3740
8470
478
7600
6123
6260
5952
2439
8330
9854
7354
5916
3074
2523
3773
2675
9304
5692
495
5406
2936
3322
2074
4672
9105
651
566
5754
6323
2870
4393
6358
5440
4377
9006
1880
5100
7257
2416
3757
2859
6654
2583
9375
413
9373
3789
7091
5132
7372
3767
3114
6118
9391
5353
1331
6258
7355
4646
4290
957
2136
5121
127
3785
9961
5563
4454
200
5133
2273
5817
6281
2547
6893
7575
9747
3518
8964
1987
6219
8728
1347
3516
7753
9526
4539
9524
7242
9380
3553
3099
1504
690
1718
8416
2422
215
209
4226
1236
1191
9029
6174
8129
9731
1342
633
661
7999
514
5702
828
2009
6716
9515
1792
4103
3856
8292
5553
175
6595
1015
8134
9529
865
6686
2563
6310
426
5849
5666
468
1609
6745
3588
2845
2744
1961
5561
5560
1446
1949
2175
4577
909
4043
5445
6200
6627
6545
672
5787
8151
5110
2114
3874
5134
1465
1755
1423
1550
2202
9461
2794
8402
483
1114
422
2163
4347
3608
2616
2138
75
1817
1426
2116
3983
4383
9690
9086
1062
7156
5370
1592
149
7796
9271
403
4736
946
8185
3454
2980
4691
8845
8179
3557
8412
6873
4528
2078
7522
2057
2830
6527
3506
3247
2179
9366
5164
7817
4369
2996
5585
556
8398
7245
1171
706
2849
6821
3648
782
6424
4856
8942
4465
4116
6768
2485
4811
6702
5113
8482
1495
8295
5623
3545
4612
5769
7957
5148
8712
7882
4986
6029
5001
6022
1104
9098
4946
6480
6438
5926
4321
4722
3424
5721
6378
1573
8879
4092
6331
4328
5782
767
8007
6211
6899
1896
3903
6884
9065
793
3490
6214
7202
1309
9931
1099
5463
6902
3801
5190
647
3687
3073
578
4633
3054
326
4368
3049
7561
2183
273
430
2150
932
2058
4333
8056
5734
7736
2890
65
1041
447
3378
1505
6797
625
5103
5891
2146
3615
1050
7039
6727
7725
6479
3860
7352
5558
6617
958
4883
4349
1741
9270
3479
8432
9880
2149
1481
6751
1726
4828
8951
3626
600
25
7335
6800
3978
1085
242
77
409
9862
6208
2600
9828
9009
6974
1117
5462
8471
3662
1194
7143
9194
1240
6362
4474
3920
6555
163
8448
7717
3127
55
1812
3407
8103
4476
9864
439
5748
9180
5098
9436
3984
5495
4475
3980
188
401
1636
8529
3324
6327
6741
2448
7877
9610
2447
7297
3346
9345
11
4102
2567
5048
37
7940
7101
4443
1782
900
1582
2352
6566
1007
1316
4652
6120
5200
3385
8775
6456
9444
3889
171
510
8720
7541
2900
227
9543
2468
1899
8553
8325
6407
5131
2847
1954
15
7310
8456
259
5228
4565
2035
5536
7164
4906
5521
719
2951
4133
6560
6461
7891
2914
6320
4579
9787
621
3686
4212
201
1630
8067
8950
4774
7464
4621
294
2062
6897
9561
3987
5725
3151
1243
1032
4076
2714
5061
1086
2363
7250
368
8388
7686
2815
4458
4157
9414
9247
4843
1480
2176
4548
6024
9929
7670
9031
8406
4530
7403
1441
4635
4230
1823
4755
3820
962
820
3207
8625
4381
8180
5894
7652
1305
94
6359
9168
4833
8245
3730
1835
2623
7215
6130
3954
7988
6861
2775
5728
4111
7437
4425
2086
1119
1740
3892
9829
4223
7294
5573
1544
1365
9021
1821
5762
6465
4994
7076
3398
455
261
1453
4598
7567
9700
1408
393
6078
9659
5801
1112
512
8349
944
4886
8516
1048
9769
2898
5059
4325
2033
713
7629
8399
9613
6280
3272
6728
2046
2500
4366
5903
1873
8820
6233
2165
36
6670
2462
5868
269
9986
5198
6804
5296
4704
4205
1420
4040
6363
6671
5984
9066
9486
4188
5592
2113
1028
3826
6979
2199
8817
2304
5588
4173
1463
3896
561
5949
3869
7662
3029
1702
9635
9851
2079
6028
7822
4175
9232
8161
7358
5943
8309
1072
5393
4084
9326
3619
5671
7594
1932
6082
9925
1164
5700
1351
8813
8818
8499
5761
2535
7619
8540
5402
4518
8405
5900
2000
290
5945
1500
7457
3121
8882
6236
5288
7641
6759
5323
3480
3972
4808
4235
3611
5143
6610
9142
7892
8225
6437
9325
7741
2574
5489
3219
7965
2089
6093
4730
7677
667
4153
9007
3388
5905
3226
3674
6882
8356
4963
4483
3295
4771
8425
9124
3255
5186
2869
7950
2073
3106
2283
3146
7651
6777
5064
3214
4139
5815
5535
6285
1256
2687
9263
4791
9010
6532
1569
1911
7486
3453
4789
6471
806
3759
1978
9253
6643
7118
3181
1641
5483
4282
8603
5855
5114
9575
5534
2325
5770
7625
7023
7679
3671
4494
2409
4163
5662
6136
1956
7442
4319
1298
8980
7591
774
3320
9127
8403
9239
5282
2634
395
7648
5992
975
4423
5845
6955
3389
6042
3203
406
9822
8552
8880
1387
9794
6541
9015
1437
2838
1334
6574
4520
7443
9640
2774
7826
4678
6851
2866
3899
9966
6578
4773
8944
9083
1306
8230
7331
7851
6261
9437
6388
203
2596
3200
3126
243
7496
4055
9181
4939
9202
8840
2364
5413
4802
9077
7714
5158
2432
1391
2599
4072
5925
5453
214
3564
6262
2162
4036
6051
1854
8340
9983
5637
9033
9041
90
2773
3211
5293
3070
2110
8697
8908
7361
4161
8726
5713
2237
1301
7518
8358
8773
9082
2438
9109
7168
3307
8483
9813
5257
7180
1567
8628
6449
2816
5758
1131
5045
5188
7150
701
8446
6353
5746
6609
9655
3464
8664
2915
6780
436
93
9943
3541
1959
4745
2336
7681
7737
3303
5740
8275
4551
6436
3416
7632
2800
8777
6939
3817
146
1143
2719
928
9423
3192
7038
3916
989
6785
5917
4756
9487
3032
6127
2356
4590
2799
5215
256
5175
2117
3581
2929
3366
9768
6157
679
2559
4514
2081
9708
3763
283
6297
8156
3592
4656
2791
1456
266
7513
2659
3683
1163
7285
2993
8577
9633
8171
3353
6467
1486
3911
4042
7080
7187
4584
4413
650
3976
3707
6850
7596
309
866
6530
8375
2946
7508
1440
7642
4438
57
7913
1459
9572
122
5192
8770
2677
3926
162
8618
3951
1986
3242
5550
2461
3795
7377
5797
7323
3156
904
3633
2722
9332
8989
1357
3279
1870
3476
4816
4892
2449
3224
8787
7019
3835
2891
7193
1910
8083
8485
8430
382
3934
1764
8214
2601
3654
4930
9552
615
1528
7025
2958
5088
5609
9537
6826
9469
4594
9826
8127
1201
2321
9511
3171
2052
2846
1668
4599
9292
4557
6405
9788
876
3097
3784
9089
7874
329
9509
858
7786
4151
1669
8983
287
903
2543
5025
4215
7067
1576
9647
4868
5318
2811
6548
173
9867
6758
8896
8711
9762
5330
8651
9034
3717
1547
9038
4070
7592
2355
9993
4387
3077
6784
771
1562
3842
8188
8115
1383
4185
8193
7185
417
9490
1676
2916
3263
4259
1198
4669
8226
2317
6848
6146
4955
8469
4388
2230
5690
9383
3696
1189
3973
9737
8278
8210
9438
3612
5116
1866
1207
4507
4749
9080
8788
6539
7502
7504
2141
1235
537
8459
2537
9363
3548
7558
9656
4091
2267
1639
1640
487
10
5238
837
3387
4452
4008
9497
9489
4410
4972
5542
4769
1766
1011
4317
3898
6896
6932
3897
9404
4308
6299
2560
5107
8229
8033
195
3568
7218
3682
9658
983
423
6007
6175
2440
2903
9580
8259
7995
8036
8672
7657
1169
9505
2178
2856
3167
6340
6632
7434
2323
7363
5151
1806
3100
1887
1656
2669
640
2506
8796
6891
6398
7909
4264
7089
5044
8742
3508
8934
2071
4979
7869
5410
2318
6158
2068
2983
6639
7342
699
1205
4504
291
6857
8173
3187
9795
9351
3118
3360
4350
8735
1021
9290
9837
5571
8605
7656
8327
5919
7378
8510
1008
7844
8114
1355
4124
9815
8260
404
4085
9621
1003
5118
2148
9513
120
1675
8352
8155
4574
3840
8048
9174
2002
2747
6117
2245
4815
5365
5972
3871
9035
1942
7495
6870
1151
1999
9155
4275
8136
4039
8032
6952
6750
1222
3438
3994
1234
665
9289
4031
4024
6329
624
2544
5204
4339
8559
875
7248
5850
9467
9118
9372
8298
5664
1771
821
3123
1312
7655
1487
8512
8274
1001
6409
4196
4950
1303
4061
19
6397
3173
8674
8184
5982
1246
6920
5909
2414
4495
4581
1768
6943
1433
1215
886
7311
8421
8968
3988
6121
3405
9177
9407
6572
4941
9833
6241
2326
2292
8560
5744
5350
1051
2748
477
6762
721
8839
6313
3762
3851
5276
7763
9991
8958
3566
5858
4763
3340
5669
9415
9028
3213
6023
2754
7412
3249
2793
3403
6444
9309
2261
4123
9417
6832
4630
5278
267
4487
3446
8992
8031
6286
116
300
9455
8761
3811
1752
4200
8748
9772
9145
4403
2060
9749
1412
1695
1714
8694
2758
2699
3969
7004
2004
8945
6628
489
2671
2861
9282
809
9107
7987
1058
3414
8424
8582
2127
4016
5091
908
8621
8106
5129
4989
137
705
7006
916
3367
9323
1146
4937
8537
9536
9506
2918
9955
8477
3818
8320
2102
2339
9603
5591
8807
365
378
7264
6653
9674
7756
9319
8940
8207
986
9092
6689
6099
2508
775
1867
8953
4943
5689
4651
6448
1963
7043
448
4510
6690
5638
5720
9485
3493
562
7490
7287
3015
1109
727
5767
8423
9817
6068
2001
8426
8297
919
7010
3288
8564
6685
8139
1093
2172
3122
8519
1512
6434
7001
3596
8731
808
6540
3925
4002
2250
800
9388
4629
884
5181
2762
9886
7750
7976
1019
5097
954
8235
5629
150
2618
8439
391
325
6717
8738
6828
2124
2272
7893
5105
5043
6497
153
921
4969
8436
6738
2841
4837
552
9413
109
2727
5871
8616
7769
8956
9627
5013
1619
9717
8514
7292
2290
1872
4794
8984
9387
1787
9245
5594
9893
6918
6773
1783
1158
6583
6245
4516
9590
8804
5825
7598
9188
2297
2871
1998
3642
5831
9238
8928
9927
1917
1683
608
1953
6709
827
3053
5599
2970
8097
5615
8373
1772
7700
6387
7710
9386
2027
868
3330
6242
2088
7454
8690
1659
3045
1361
3965
2457
7319
3703
2184
4355
5400
1832
5092
1296
5965
4306
8360
7538
3605
4945
9157
5988
7654
5161
9560
9203
318
8590
9257
8705
7483
5839
554
4348
9755
1329
4120
7474
2757
6453
1616
8342
1842
2783
7720
2582
8517
3098
8177
4888
869
3962
6379
1706
7809
6371
6054
5465
2509
1152
1202
2628
3649
4931
425
7776
5010
4926
5826
7566
3537
3606
3197
5038
5480
1377
5007
5901
844
8484
6450
4583
3154
2322
8949
3621
7671
1901
216
8607
877
7584
8710
9113
4645
384
6381
8634
718
2459
9410
8335
8175
7214
7638
9101
4027
8679
9805
5394
2654
9622
8606
268
5074
6404
9843
9950
4949
5099
6507
4692
7832
7424
8903
4681
2030
73
9960
1156
8062
2019
8965
697
9881
1186
4787
5485
9759
2886
3928
4201
2477
9452
1294
3529
2125
1838
9050
2368
9381
6959
2391
6389
4881
8077
7012
4394
1597
1897
1196
7105
5275
652
6575
974
9706
8687
3802
7449
3261
2608
9703
6791
1563
5507
5552
332
8341
9043
4354
1753
7770
8488
9147
7416
833
1853
7767
1790
5493
2264
1214
1182
5526
1583
1712
9763
6846
7387
7831
3858
7872
5512
6392
5796
4266
3368
7611
8174
6296
7259
7083
6837
8764
8234
2314
1824
9715
70
3719
6376
6218
5205
8977
9686
6589
9435
3067
4143
4246
4430
8579
3128
1632
5085
3093
8384
5042
7669
1179
1287
9340
8718
9792
6744
8629
6600
9639
4732
5686
5966
6495
618
277
7960
7537
9235
9586
8478
6629
9967
920
6811
5389
2118
1890
5417
9518
1366
6061
6813
7968
5798
1705
6305
9334
6043
7781
8752
6905
97
803
7177
3727
4186
123
4141
6998
9761
2806
8521
134
735
3780
1297
371
5154
2697
1776
498
5529
7109
8852
8939
2382
5258
4382
9821
7266
6498
3968
560
5411
7574
5546
2427
6659
8678
1682
3406
5054
2154
4559
4713
1020
8209
6512
2650
3410
6833
7014
2520
2404
7030
7587
143
7227
1425
7580
8660
9688
2755
9220
1060
2498
6554
3504
7232
7051
6089
2907
6673
6094
8632
9246
5574
969
5704
750
4244
4610
9617
5650
7016
205
9757
1985
7132
725
5369
7514
6749
1010
7037
9892
1745
7191
3236
3448
5375
8038
1324
1125
6264
3792
282
2043
9908
9865
8612
7045
4665
708
595
9040
1581
6805
3019
964
4737
2706
9196
9248
8883
8223
4499
6859
8873
1272
4925
1840
5967
9547
4880
2122
3450
5580
8241
7284
3848
5821
8258
8246
748
8661
7896
2121
336
4576
4757
6249
4865
2231
9615
3891
8242
5458
9780
5506
6227
2989
1457
7405
1349
2632
1211
2969
131
7773
4608
8073
3017
5472
9262
666
5356
3946
3115
1769
930
1559
1100
1681
4573
5559
9685
7842
7695
7674
4130
4318
6858
1856
9728
4199
6124
9039
8809
9476
9032
2037
8865
5974
474
8224
2751
7612
871
5651
6730
6457
9752
8723
7712
9342
606
2351
9316
8706
3206
6615
5119
1767
6691
9597
3521
5859
6126
6025
3434
4634
3906
9192
9296
9042
4655
4068
7040
4567
4407
2308
2466
6883
8546
107
5320
9713
1723
5329
7161
3600
4050
9037
9748
4385
6173
851
3569
2683
9495
6623
4592
9888
8348
3550
5958
2689
2243
6013
5159
5316
9968
3705
1476
341
6098
3148
9286
7966
9859
6298
5928
7459
8832
4265
3301
2920
4618
4887
4919
1434
5443
8547
2579
6733
3755
4107
1822
2850
2218
5614
9178
4965
1914
8780
2174
8769
1524
3667
3386
5998
7878
6139
7761
6855
720
3194
2094
7318
340
5732
4961
5222
320
3560
7744
2704
4296
8614
1376
4272
4424
154
8948
6867
4048
2941
2908
9269
8451
68
8695
3645
9075
9402
1974
4052
1167
6422
6599
2223
4281
1552
5308
7346
3599
6676
2487
5788
7207
7458
8137
5931
1746
1510
6817
1496
5667
4766
6484
2167
3583
2262
6478
8812
6095
9126
9923
3999
2186
4380
8673
5407
4529
6090
4004
8825
9394
1526
6106
751
6369
7421
852
7476
850
7148
280
1826
4765
3039
2953
2424
1005
9443
2858
1141
1881
2417
3917
8314
4595
379
453
2517
7530
9609
2371
5431
6360
3287
4263
7748
5654
5951
457
8877
2823
544
6096
4136
9771
5710
8389
7805
8287
7824
7137
6933
6809
3022
7526
5870
5832
7391
5201
8495
3832
1266
8848
6064
802
881
9117
4449
435
8745
4400
1831
7833
2465
7650
9727
304
9607
9227
174
2836
8910
2779
5454
3183
5153
861
9112
9481
8247
3941
645
6492
222
7560
681
3228
7179
3952
5763
7079
8555
7438
9149
8357
9653
2112
6756
2418
3035
5873
4983
846
7031
8990
8143
3900
9916
9718
6318
8270
6543
5031
1913
734
7325
7979
7142
8162
3302
5501
6764
3155
1091
4603
8967
4676
5566
9605
4166
1089
8515
2864
2795
2090
836
7954
2106
2423
151
3280
4441
9914
4232
7729
2044
509
1719
680
5051
8418
2788
568
5691
96
3884
4472
2672
7226
1529
5676
8041
1006
3350
9259
7147
5422
9331
3374
8491
7222
3718
9054
7939
6506
5565
5548
753
8059
3460
7972
2812
164
3728
1174
4030
6342
1613
7460
6538
8655
5961
6707
7521
3061
8231
7289
5120
8435
5733
8850
8213
6418
6945
8187
5939
4596
9696
724
2919
3011
1794
8361
2155
7986
2437
8998
9307
999
4412
8670
4271
8172
3086
6983
2480
3724
8597
9853
749
9472
1657
5218
1807
7982
4057
2374
9729
3808
8265
2781
8202
5319
9902
3888
8316
1603
3921
2726
7199
8855
441
2893
2954
2984
3679
6747
2420
7837
1280
2587
5250
3212
8898
7444
8408
1909
7934
8371
7286
9959
9785
3417
9958
6259
84
1304
2749
8976
2790
4725
4418
5405
6383
7087
5959
8541
4209
4852
187
8328
8641
7455
9891
2647
2852
4011
7042
922
1035
5773
8513
6027
3364
8369
7220
8385
4593
4522
3628
8006
9318
5980
7390
6131
2606
7169
5378
8715
8719
2561
8434
9055
8462
7481
2401
9971
6390
9903
3597
5726
6877
5837
5621
5785
5957
8532
1079
