7110
8024
6135
5009
7985
5856
4112
7346
4211
7401
1786
8553
4782
1740
2318
6372
219
1377
1218
2841
5422
2703
9331
1153
4813
5689
857
5005
4919
2627
4241
7831
7464
6499
2071
1750
6192
915
8872
7209
6688
1249
158
3110
2726
9171
1382
9989
5812
3519
2
719
7355
1147
3114
178
7092
8082
8747
9646
2167
3890
1227
7463
2702
1972
862
9410
6918
7394
155
5531
9183
2448
3476
4565
8924
3247
9418
4437
900
6735
9525
8324
2848
3670
8188
8402
3263
1557
5621
9856
788
4341
7416
259
37
8348
6250
7928
7427
3224
6019
7559
5500
9131
2286
5331
6379
3449
1142
339
1358
2980
7842
2433
646
2873
3138
6917
8044
6485
2860
4665
7938
9396
746
1397
6200
3148
5580
2668
1715
6494
4063
8158
4994
9774
5420
6029
6022
2087
5828
1570
8443
4865
8840
9649
7712
1513
6225
7406
680
4180
9772
4433
8686
8091
2573
1616
5380
5427
3345
8613
5782
440
8103
5737
3787
5246
9725
9641
3411
3173
4669
7683
6234
5226
6736
2296
9086
4793
6910
1248
6588
7844
5930
7758
3693
5808
6652
1101
8002
6956
7104
4029
71
4204
4694
6896
3327
9968
6018
6352
9378
8296
2237
7270
5848
1503
9703
84
2431
4014
1016
2904
6186
6421
9683
4047
9454
9764
6960
209
4559
8156
8408
9316
1319
7218
4431
8043
5711
9426
1726
5686
5801
4146
6655
4622
2768
8087
4113
6087
3723
4102
6322
1036
6733
6081
1430
4473
3504
3484
2080
3145
9664
6638
4898
9111
1491
8265
6533
130
1298
1774
5746
4296
9523
4975
4300
8097
3352
9701
5698
7737
3698
812
3209
2991
4481
8814
5587
8653
9608
4602
6582
1595
6747
6038
6573
9259
8207
8424
9018
4518
6113
9831
8234
9623
9871
8977
7981
7366
136
8800
600
428
4249
524
3279
1497
1868
9475
4777
5626
7970
1427
3494
7006
5948
5136
5810
6146
4638
3922
6351
9428
4215
793
2850
9135
1645
1971
8889
536
7610
7573
6245
4333
7325
5355
9129
1434
2101
7894
816
9141
3309
2676
8068
4075
6926
4138
7375
2833
6496
7383
7304
4828
5650
4668
407
8195
6314
9605
2673
5177
3313
7691
216
9948
7753
6273
5946
9423
4887
4311
3555
6622
9970
2324
1121
9836
8718
6446
6935
2294
8438
7037
8655
9134
5339
3461
8094
717
1716
9783
3265
2276
5648
2821
9962
5885
2563
5028
2526
3734
7178
736
2790
5496
4615
8615
8732
9894
3215
2226
4195
7828
95
8593
558
7943
4220
9981
8414
9192
2574
5236
1689
5976
6600
7497
9260
1772
8450
5814
2586
7604
7056
9328
7587
831
9976
769
1681
3359
184
3395
2364
326
1728
1943
1762
1453
7702
8944
1372
2126
338
8689
2436
1209
3972
5601
9839
7953
2908
1275
412
2173
9030
1332
3939
9287
1845
8831
8821
5915
7039
3201
7035
2198
6860
6364
6623
8681
957
9838
3321
6897
6835
3441
763
3947
3131
8167
9355
2454
6680
3212
4150
7535
7334
3760
5470
2633
5573
698
1112
7541
8420
9398
2715
2459
9888
2658
1015
1132
3831
7926
4024
7164
1709
4788
4375
423
2370
7664
2432
9150
1256
2005
4558
9106
2520
9813
5378
546
7172
7854
663
9817
5607
1902
9215
8623
4089
9518
1952
6001
8745
715
2366
4464
3405
6452
6593
908
4369
7945
103
5209
254
1690
5975
2157
1514
8581
5475
5530
9100
5018
7673
1926
877
4148
2041
8372
2995
9736
7853
3437
7007
5684
2931
9926
5561
4177
2326
5080
7045
416
3414
8871
3151
1761
5364
7886
4322
4803
8801
3834
8231
3815
2261
2342
8577
3897
9075
7308
9351
8536
999
2761
9203
2262
134
1158
2098
18
3003
4704
450
7624
8100
2315
2498
6268
7774
2152
4411
5341
6210
4037
3419
1137
7590
310
1500
4840
9987
9179
9792
3553
9898
5718
4385
7934
5796
422
5183
7467
2935
4107
3017
4302
1997
7946
9796
5525
2227
7371
8328
273
3977
8524
7613
9383
6770
167
3416
6288
1479
7001
4269
9270
1531
8945
5518
5714
2028
2871
3955
4635
3678
485
7574
2423
2545
996
7881
3018
2625
3073
1437
9698
3228
7109
519
5819
9535
4783
1162
4065
4319
5188
3618
3856
4054
2798
1847
3661
2704
3707
2141
5077
4995
1989
2006
851
4616
2981
7909
7700
4544
654
5127
9660
3331
4160
3044
8173
43
457
8644
9561
1850
9526
1273
6745
3282
7860
5596
676
4069
13
5545
5048
491
6403
762
122
6098
7046
2916
5981
5789
4354
2460
5029
7474
2409
6945
5350
8454
8314
4117
1272
4118
4123
1432
1502
2327
7746
9823
5340
624
2797
1731
1054
5223
1367
5230
2694
2619
3849
430
2554
7694
8200
5576
2223
1975
5037
7191
7561
8474
9204
3560
6946
6950
5319
7739
4490
9625
4067
1031
290
5349
1717
1204
9990
4404
6806
3605
2990
6343
7772
4756
1167
148
3653
1286
3136
4256
9662
6034
4466
9050
6804
7794
2692
8817
8700
9596
4739
3619
6109
9587
3616
8970
3448
9715
7138
7972
3443
9532
6978
6162
474
6968
1795
56
5492
6156
4447
7286
979
2733
1093
8943
2740
4353
3210
1189
3583
7929
7685
6785
9564
8220
7458
9908
9184
8635
7390
6280
9360
2032
6366
3119
553
6826
9413
1679
4612
4683
328
6712
566
9110
1631
5274
9395
860
3970
6065
8984
1010
1490
5755
3002
9080
8679
8011
7874
1304
2147
9394
2293
4579
3408
5820
2538
3065
8523
1542
2781
7760
288
6985
7588
9028
685
4707
7547
4394
9371
3381
7923
1089
3828
4039
1706
8786
7203
5012
7475
4897
456
2984
5866
7016
4149
3741
4175
4263
6873
6548
5112
1402
6653
6778
9417
7910
4634
5402
2057
7289
7107
1476
5895
1292
6646
5366
506
446
7618
4879
22
9574
9327
8542
3842
1442
8696
8199
8419
2966
3400
7186
1946
5688
5002
1161
9332
4592
3042
2411
6992
9071
4950
7731
2611
1807
952
2248
1289
4264
7956
4761
9781
5361
6786
3024
903
4337
102
6227
3043
2337
1246
2435
3591
8226
3318
4
1374
9348
1366
5799
6666
7589
2203
9837
1910
6939
4539
6368
619
7892
5329
2430
150
9472
8790
9229
3920
7994
7819
1429
1448
3776
9684
2622
6658
437
4130
7500
7750
4448
6782
8130
2418
2795
5691
6395
9026
246
6072
4973
5491
3944
1262
5539
5579
7146
8738
2965
159
5411
2872
9937
8326
2854
2228
5301
8290
750
3700
5839
9216
6361
1950
8379
3047
4811
4010
6414
8383
6845
2084
913
5752
5992
8422
8609
3155
3390
904
9298
5263
8021
1253
2238
3601
2239
1187
2240
1667
5113
3684
2832
2667
6433
575
2146
7258
8631
6074
5925
4409
8095
5262
7220
6612
1175
9862
1598
6254
7727
1087
2478
5346
2814
6818
9633
8338
2164
1840
7316
1588
9132
2867
6927
386
3871
9825
3491
1200
5156
7498
917
8268
2458
7404
6388
9919
7625
2828
224
4060
9865
5928
1766
7576
2336
424
4927
9257
6127
6442
5853
3066
1243
3532
5408
7506
2954
3488
8384
8975
8488
1228
421
3934
9728
4290
7089
1979
9577
5290
6078
8857
5168
6771
4738
8119
9462
3384
2961
1745
9443
7014
5300
3116
8249
1799
5881
287
2560
4151
5955
4763
1797
6212
530
823
2986
8067
1864
9324
8729
7159
4384
8789
1301
8843
3166
5461
6565
7656
3059
1520
8624
5482
8819
8092
5163
6158
1255
8309
3410
648
276
4383
9993
51
869
5660
8288
9538
9928
3434
6123
4593
6376
2591
4688
146
6628
6535
2945
7413
9001
4834
2753
7078
5549
6607
9060
8190
6875
476
4578
7974
2838
4115
3022
7818
9304
6797
9789
8736
9925
7806
115
9067
2626
1077
7193
3190
3471
9186
9314
4801
8381
6895
2078
4843
9729
3566
1698
9917
4552
9006
3732
5451
5356
8159
417
86
8529
3194
9824
6810
1375
9144
6594
9844
2549
548
5524
3164
5229
2497
6319
9949
2243
8712
4438
594
1691
8684
6953
5920
8392
3425
8909
2886
5563
2885
7374
8876
1279
2820
9029
4908
8237
9571
6370
6265
3735
6751
961
6620
5194
5912
2509
208
8341
3646
9339
6483
5468
2216
7263
8210
813
6242
7081
8088
7004
7949
5857
444
9441
8080
1037
3609
8291
1406
8520
975
6279
6080
2613
713
8250
4374
529
5622
9771
1241
1756
7752
1364
585
2070
1858
1839
7330
9757
2115
9626
3272
8803
3813
8852
8413
6150
3893
5922
3191
8063
6365
2999
5376
7914
6120
3412
6338
6814
1422
157
7899
6562
7918
8350
5099
5905
6922
4737
7160
381
9743
5913
3817
7075
2734
2150
2339
3429
4441
805
7793
127
2700
5203
8258
9679
7
2815
315
1911
8856
1182
1973
3040
8539
5199
6381
8767
170
2483
7852
9319
7950
3811
4595
3952
6173
655
5875
6523
3965
9059
2443
9529
6422
9217
8741
9255
4144
6867
4992
907
9614
1458
4084
5016
2710
109
9210
9855
9196
4951
7407
2371
7399
3545
9470
7189
9125
6014
7861
6012
6444
3067
5198
6306
329
7521
6676
4330
703
7468
3889
2536
1140
3015
4342
6930
8978
6495
9868
3260
6755
7606
5784
4766
4651
1935
7284
9541
7430
4808
8558
3681
4568
726
4262
6308
2220
9082
7168
1478
2116
7808
3648
3584
2839
5550
8662
5000
8017
107
9240
89
1041
4187
163
5543
2303
4454
6143
252
1234
5137
3979
5586
9301
384
5765
6570
9883
3531
258
3420
8562
8830
3238
8936
2402
6788
8654
2209
8317
1191
2528
9446
8360
9102
5701
4925
5312
4977
2784
9731
8359
1992
5242
1306
1284
1949
7171
4511
6972
4327
161
9218
4157
3628
3689
5547
1300
3575
1462
5276
4629
5734
7671
7074
1758
8012
3179
1238
9427
9971
9421
5952
6305
7065
5057
806
207
1541
4307
6002
8161
4861
9654
2103
6584
9011
2917
2929
6425
6541
3860
1862
7612
9465
1480
8793
4846
4696
3603
9209
2836
8762
6211
3053
9950
6984
1889
9735
1849
1652
5141
7461
3249
4581
1510
4446
9927
989
3864
8129
5433
1099
9763
4769
311
1769
5358
3391
5776
4255
6537
735
3477
1062
8639
1467
9755
7121
327
7903
9254
871
1712
8038
6724
5332
4963
4479
174
85
3526
1870
1359
4357
7459
8112
6073
222
5195
3589
1125
9721
9569
2602
3951
6626
8252
4413
2696
8311
537
1618
6599
7734
4954
5169
6082
8663
1435
1951
7975
8099
3316
2891
771
4179
3475
3826
4721
2973
7125
3232
3338
1539
2858
542
7348
5122
4512
9834
6902
406
1094
6795
3781
3315
8661
7839
4794
3881
5316
471
6196
605
3537
549
7112
9994
9588
6723
9934
2546
1765
3649
5286
4025
6704
9289
4498
9222
3291
1180
8189
8832
6036
9219
8307
6791
6271
5336
5850
2664
7873
1664
478
9169
7782
1895
8279
2525
9826
3436
9477
2127
5590
9453
6669
615
4196
3259
228
6924
3865
6423
8461
7695
4064
4288
4893
8133
2500
9699
5328
9875
3274
395
4106
8897
6167
1053
6861
6750
9895
8257
8353
3736
5872
1252
6855
5588
4155
3782
2899
1389
1754
7499
191
7382
1317
3160
3332
556
1003
8512
8715
5435
8677
4912
4252
3133
1261
9402
5131
2361
3023
2060
6154
4381
7307
3784
1903
5851
5302
5584
6408
4882
4030
6345
1552
4781
1747
1607
6387
5297
415
3152
1804
3887
6179
8976
3248
9666
4320
2135
9096
2930
1738
7041
12
5902
8885
6665
2948
4230
5780
361
7785
8164
7614
4007
7470
2372
967
5160
8212
4835
8846
8131
9533
5161
5608
3386
4041
927
595
9714
1483
7800
9435
5593
4928
7965
114
255
368
9239
2844
9914
1283
7482
1269
4945
8847
1737
9846
2501
5861
5723
7097
4508
5971
8586
9062
9920
9322
3933
6838
6678
5852
8001
9984
4158
6278
2610
2661
3254
5073
7632
263
9162
8650
2055
2388
2878
1814
5021
3374
3695
3466
6028
4120
4184
5859
5559
4729
8874
5756
72
954
455
597
9460
4101
1818
1866
5844
1586
5067
5854
1404
1670
9524
5865
8477
1055
5729
5668
6880
2887
7115
5235
4714
5046
3407
3252
9801
5529
8748
7240
1263
8101
2278
9531
9985
721
2851
2398
6518
168
7282
441
7438
8898
6516
4419
3445
6550
9754
162
1486
9576
4990
4055
6051
6699
5437
5338
2978
5430
5900
2953
5662
4365
7473
1700
9878
2420
3298
9800
6753
5893
9742
7490
2924
9953
8349
983
3749
2747
1578
5269
9288
1876
2660
6149
9911
4905
1901
3986
616
5201
8926
1057
3296
6511
9368
2556
8065
8867
8619
193
1908
7781
5315
6657
4017
4757
5541
634
4529
9
4003
1020
706
3737
3840
6215
9300
3773
7770
4469
642
106
5450
1896
9636
53
6942
6129
9841
6161
9273
2265
3983
5617
6214
8722
5453
7042
2765
3941
2575
4750
3594
7272
9974
7714
6128
2890
2606
9716
6219
7630
3739
8886
126
2865
5413
9035
7326
5503
1599
9819
6642
8927
9558
1460
1259
759
3750
1651
221
2245
6107
5125
893
195
7079
1496
6965
5066
8540
8282
5337
9847
1561
532
6740
6515
7875
5079
1917
131
6883
9669
8179
6802
824
9045
7791
2901
8928
5683
5070
2252
7052
7314
7995
6023
1794
3221
4617
5311
9912
1837
7261
6999
1994
6904
24
8491
6057
14
7248
2628
8833
41
7246
868
6767
7485
7833
5088
854
1811
4068
6833
3328
8370
3524
4259
2365
342
4517
4852
1208
5399
6820
2604
6544
9478
8918
9640
8798
4391
2757
5065
2130
5010
9697
3172
66
7507
3633
3835
1309
6009
1966
2969
689
4713
7244
8982
3428
4524
3176
3980
8582
9880
5184
9590
9776
7486
8775
5633
8848
888
6766
9910
2396
2562
4620
3236
1967
6673
2015
1224
2464
6367
7983
2672
9165
6334
4087
6505
5527
2289
108
6932
3071
7649
2292
1919
7689
1978
7288
2124
2236
8412
7997
5143
2845
8896
4667
9606
4417
1650
8878
1288
439
5267
4722
4708
2257
2493
8246
710
6152
7688
2934
787
7398
4955
4981
686
7015
7836
8731
3774
6553
6504
2206
625
8223
2145
1405
7338
3094
4652
2058
434
1550
1648
4050
8403
6586
401
9747
844
1033
5537
5933
645
4625
641
6527
8493
2603
6004
8641
1214
48
93
1777
9313
8019
3284
2535
1229
8064
201
5360
5151
1844
9268
4463
111
1106
3101
2277
1543
4062
5996
9420
2215
7297
6892
5467
7283
1335
8922
5447
376
9613
5202
9214
5344
3917
3863
3011
116
4164
5953
4266
8340
3546
8626
2040
2683
9264
3721
6757
8815
8818
916
7840
2645
4326
5292
7489
8289
8303
3711
6531
9128
1573
5173
2455
7099
6919
2030
4644
1071
7517
4824
6508
9369
2857
8337
8600
7299
3790
247
28
5830
2846
7706
9896
8016
7951
1004
4313
7434
7206
2092
5700
2076
7201
4197
6710
1686
3009
232
4403
9827
2750
5280
6235
1160
6774
2713
1658
4967
377
3838
2181
2592
7577
5591
7600
4831
6193
4826
7877
3680
7418
4079
2912
9651
5774
5111
8605
3636
6465
3542
3277
8912
4522
521
5354
4906
7527
8515
9271
7996
2888
4131
9349
9384
3643
4727
4806
962
733
4231
2264
9072
4048
4227
4159
9595
2033
1732
3565
3857
5835
7175
1571
822
1600
8010
3705
5826
2521
5330
3039
9483
7849
5232
2947
9461
3579
5068
6190
1696
6936
4795
6742
9734
5180
9409
1767
8571
1281
135
9717
2994
4534
5357
8787
9495
9580
7257
410
5735
6451
3791
7911
5763
3910
3729
6230
1516
2532
4460
5265
3487
8058
2066
5562
3932
8618
3709
9432
510
9142
6852
8740
3128
9164
8743
4276
1368
3904
5456
766
3320
8430
9361
3599
1380
8587
911
3547
6124
2465
3957
5721
1988
302
7198
693
5942
323
9534
8796
5434
9212
6765
6603
7971
9938
2760
5833
2258
9064
264
4494
3339
5656
4974
6966
7596
1215
6103
5477
3816
6844
6709
4166
2229
1463
4495
8693
5108
5115
9809
9066
7863
951
9552
4746
1555
3585
4679
7136
5365
1824
2379
8859
5026
4082
9631
1353
6674
9591
217
1507
4188
7626
9924
9530
701
7403
9123
238
2481
2936
7642
3844
9263
4601
6837
2799
4907
1316
5217
2597
1236
4820
5320
4270
7410
7681
8224
3480
2593
4445
1957
9293
7388
1472
4789
9224
4527
3923
3402
3586
96
6739
8527
2693
9005
141
282
3647
4509
8956
5973
7054
9682
552
6572
1105
5634
8608
3510
8302
5510
8773
5894
6890
5554
2404
7598
5114
7725
4372
7163
5858
4765
447
9467
3454
7236
6560
3691
9235
2393
9759
8121
2879
3324
9805
5490
6611
4315
5149
2021
4607
7757
3030
7113
492
7608
1188
6035
6938
3918
7668
3360
4608
467
6470
9180
7720
5017
5367
598
8494
7137
4943
2653
8797
6827
6487
6077
5581
7252
197
3490
9375
5464
2346
6473
1346
6346
8147
4805
9227
5674
8633
1801
3364
2629
2143
8046
8081
4841
5643
9284
2266
9040
3996
1823
2570
1258
486
1759
3058
2542
2343
8266
3617
3482
5618
1661
4136
6848
278
9105
9156
3271
5658
6525
9803
7742
2650
2378
5597
4245
6312
9279
9812
8239
1384
7780
4443
5739
3655
6405
8134
3303
2920
3068
4143
8466
1857
4239
4031
9056
618
5846
2029
2024
1393
2230
3830
5982
5670
5863
4097
8345
3330
6497
1965
9367
3851
7599
4308
4133
1413
9963
3898
3518
5760
0
3127
256
2094
8272
8669
1913
5158
3765
6894
775
175
9095
2569
8486
9009
7194
6987
9549
7913
737
6675
8966
6996
2285
7657
9076
9901
8127
8759
78
4242
9671
1905
8029
4316
1120
1348
1620
9359
826
4545
9551
1391
7644
38
8942
9258
3703
8595
5416
3281
6374
194
5443
3204
665
2290
3139
5256
9094
9632
3506
5493
2397
8014
5840
3520
9750
204
8671
2234
5047
2022
7295
2176
3747
5613
2196
6503
9955
7196
7166
2113
6199
2213
604
6126
5343
786
8463
9311
2513
8061
3262
8426
1505
5935
7976
9310
9964
4633
5152
8849
8114
3763
4860
4072
9234
637
9220
3377
6177
7278
8292
845
1454
5695
4561
2349
4692
1644
939
4229
1869
7684
6025
5702
9939
9622
8347
6079
6247
5396
6386
1311
5603
4347
5516
1688
9691
4111
3686
5594
2328
1780
7529
1646
6510
567
5742
9695
4804
4077
5239
8205
6406
6948
4671
3905
9907
631
9241
6822
9829
1806
7645
4480
8838
1511
1097
6789
5571
5874
9051
1196
5303
1827
3822
3083
6105
1634
6237
1334
4610
1282
7703
4965
3528
7502
2721
7232
8351
6299
1617
6587
7017
5412
4363
432
9016
6865
8723
7653
6963
3041
5123
8711
3756
1665
1013
515
6181
7162
9228
490
1710
293
835
6151
4011
1023
5704
2083
6931
6722
4096
6240
633
6020
9860
7917
3080
7582
6434
9678
2608
8416
9139
8935
9326
1107
8498
8371
7916
5778
976
1135
7133
9741
6989
9084
9544
7713
5690
2775
935
6933
9758
671
4847
3474
6528
9696
8728
2027
2247
2376
7313
9488
9508
7199
2300
3371
8719
9997
6619
2075
4425
5616
8306
2663
4941
5219
5231
8175
2428
1080
4410
5747
64
9833
3824
1519
1575
6595
2759
9645
4913
8086
8565
138
3993
5421
1070
5419
7721
3936
3772
3169
1788
442
9891
1340
364
9709
9416
6519
8932
3458
6877
8998
8193
9147
480
7947
2779
9199
2745
2988
5831
7064
8150
7824
2896
3240
8698
4661
7344
200
8169
3757
5074
9655
8439
3378
738
8505
5392
9567
6654
5657
8861
8569
4258
5773
2849
8213
9232
7364
2600
1035
2922
3447
7634
7023
674
7627
7631
1352
5272
6662
6884
8319
4519
4457
4645
2373
1861
7465
4591
6777
4870
9091
9085
7799
7300
8647
7797
110
5189
4525
9425
7663
4336
729
7117
9903
3874
8144
3100
242
9686
2764
1494
3289
8551
4352
7536
7187
9236
8756
9455
7048
3113
8429
3483
8185
4809
1718
4340
965
7816
9768
5816
2624
4338
3794
9149
6198
4778
2580
5034
188
9058
9489
8673
1485
6362
5566
7062
7900
4038
5393
2197
617
7931
458
622
9672
2533
2074
3270
7376
5972
8961
8955
9053
6546
9269
991
4787
5324
4459
5911
8938
9942
6429
9261
891
1820
4972
9752
7368
5425
9157
1508
3797
6492
4430
5722
8962
3677
5228
9637
4152
9492
4832
6168
6647
8873
1669
5687
4268
9253
8334
5678
1884
9243
7516
4168
779
5663
2244
3244
586
833
427
2408
7230
8471
6590
623
6899
4654
5575
9206
9861
438
305
186
2119
9372
7436
6670
6313
2594
7271
8584
5024
705
6743
7423
7609
3418
7294
6439
8497
1528
4291
3606
9176
9340
5062
9744
9046
7901
5883
3184
7551
5454
6114
3876
2403
563
8125
9864
3997
2722
8543
6796
6315
4821
2063
303
2045
1968
4028
2183
650
4743
1267
5954
8218
9816
3638
4735
2616
555
2102
133
484
6571
9940
1933
8580
6044
4926
2451
6649
968
7615
718
5644
5061
694
9510
4406
1387
9889
1930
6348
213
1589
5124
9133
3379
7722
4232
6239
6744
3099
2584
8339
2186
7540
3251
3641
9382
2139
8089
6460
5768
2200
7935
1421
6479
2085
433
8255
7747
988
795
3809
5257
5589
3527
9223
6440
2086
373
4991
7101
8622
9673
7179
1597
9109
3108
4582
7740
6702
4682
6435
4962
420
6618
2389
3241
3959
8888
7025
389
6784
3688
3239
2156
7646
8904
7245
2731
3913
8191
3810
379
7783
7155
357
6648
7891
2486
8850
494
7018
7693
2344
1865
1583
8075
4892
4172
2707
1522
1590
4866
5386
1270
9411
6728
7417
3122
4210
1100
6705
31
629
4251
8697
8320
852
2208
5279
6324
369
74
4222
6183
3246
1662
3879
5754
2151
3657
3273
5585
6829
3347
180
5793
4745
9158
2002
7709
5555
5507
1390
6147
1721
2819
4033
1851
4653
4053
5165
9983
7979
3202
2309
8870
5655
7305
6627
7676
774
1697
5809
9246
5157
6639
2772
1829
9609
6821
1633
5843
316
1299
3123
6100
8538
4935
3650
6906
5693
8567
9389
3086
3786
241
9539
4501
3014
9161
2480
6017
3268
2204
8472
8629
7531
343
9108
1439
7786
9078
5921
8862
8887
1791
9245
6955
1477
9079
2637
1883
6714
8537
1666
2983
9893
2441
7425
4482
8659
1982
4323
3153
8875
498
8108
9276
6610
3961
9694
7515
5248
2960
6000
7534
3896
7361
7419
8652
2334
2007
80
3000
3362
2578
1398
26
4233
6907
1953
3439
6539
9519
8687
6808
2544
9857
3154
7085
2052
6
3574
4719
4609
1431
6990
1608
7349
2273
7803
2695
8683
5649
7034
6256
5252
873
9415
6532
8115
5640
9685
3615
6340
5204
941
3489
4753
8749
8135
9337
1987
9345
2218
149
9249
4874
4597
4754
1638
2905
9689
8733
3623
7444
9762
7795
449
1770
7385
2510
4483
1338
6555
3078
7472
8603
4360
3037
9867
8176
8530
7765
2407
9503
7637
4749
3045
7880
3375
2913
5572
4362
6667
8664
1119
3825
2491
2165
4191
5323
3836
3361
8907
704
7660
5013
2641
6498
9077
9373
1173
3613
8823
9918
6979
2551
7336
2382
4325
354
9515
7114
5542
8140
3929
2414
8452
3652
9820
2395
8614
7581
1882
1945
1009
33
9341
2375
1863
5234
3624
7963
3908
6597
4999
1548
294
5106
9237
1611
9884
5268
932
1529
7638
2054
5627
807
2128
2235
4933
8713
9042
3892
8991
9874
2192
7152
3233
987
4986
780
3129
5298
1195
2666
1525
9309
8254
7273
7000
1781
6583
3926
8779
2555
3358
2306
6994
5129
2211
6090
9648
39
6677
5154
1812
3718
9081
2714
2004
6169
1177
9702
7250
9629
7674
1005
6540
6054
6943
1385
9471
9814
3724
5076
4978
7333
2426
7958
1336
8453
5091
9618
4535
7303
9770
3576
8229
1927
8884
5950
9700
559
1280
1170
199
1739
8854
5512
4603
1475
2875
2297
4348
2514
3902
8278
1133
4021
3507
7177
9886
7567
7335
3541
7142
6716
9958
9190
9639
4936
6197
5266
5536
6692
7940
2009
2011
7019
3562
6466
8637
1524
5582
5225
5410
1856
5347
7895
5877
7211
2800
2874
2417
1022
7439
7038
2270
171
7080
9159
8172
2387
4167
7389
3050
2362
4212
7552
3258
5956
5040
7476
5792
6952
7756
6754
7998
292
1365
2332
3430
7219
1687
3611
4541
5258
1370
3442
8645
5560
7827
2205
3814
5918
6969
8734
1659
6277
3126
9782
969
267
9401
6311
2540
9388
419
6241
330
3118
1128
6463
7290
3538
3761
4923
8930
2792
4784
9704
4903
1676
7363
5448
3517
6773
3540
9581
211
843
7422
4186
260
9600
6605
2338
8062
6850
8376
7003
1482
2796
5879
2485
280
2187
7696
2461
7823
6794
2804
7036
3685
7448
1672
8986
9852
2975
4127
5119
2081
2056
1906
5133
5715
7838
1034
4350
6337
2959
9412
7228
8761
7229
7908
652
3827
336
4858
4370
757
2801
2380
9103
9127
6471
4289
4405
1923
9136
2756
7705
4837
2534
6246
1079
728
6801
3357
2120
98
8208
7986
9559
1412
4000
667
5987
5680
5870
2178
564
7884
5664
4642
2898
4073
4799
6260
8634
5797
3501
8355
5787
3006
9936
3587
6893
3413
8972
2488
8739
9063
828
1879
3027
5083
5772
950
4424
581
2053
6695
5749
1897
4321
2180
6411
2987
8295
3635
7352
4373
2049
6625
5681
770
6842
7301
4792
9116
8564
1115
4772
2019
2697
1361
7733
5779
528
3660
2392
9956
2077
464
7933
5775
8464
4344
6663
9407
1461
3019
4349
6136
3134
6394
1305
970
897
6889
7905
6556
8597
2957
9604
6974
7784
4823
7227
1704
7635
271
507
9073
3665
7513
4710
2003
1419
5685
8549
6061
5310
6566
4687
1312
9281
2522
9487
9642
1663
9854
206
30
5440
8992
8532
6529
4862
819
5932
1466
9767
1668
2427
8003
550
2806
6682
1465
6331
5645
8244
3839
7440
9376
7980
3808
2730
6068
1294
4254
5998
3034
7140
7139
9098
5731
7778
3107
7919
1322
1751
4257
856
9810
7761
6758
8667
4938
9444
7550
7420
205
734
9842
2246
9400
4680
3287
4547
874
3516
94
8694
4588
4549
2456
2737
8475
7662
3230
1873
6166
7471
6407
7124
1468
4715
7524
4361
3253
4092
9579
5096
7063
7414
2877
8725
347
383
1186
5033
3899
6720
4109
7215
1124
6846
7377
501
5041
9448
3571
8149
5632
1264
5385
8812
8261
973
8078
1802
6132
1240
5200
1939
3956
3117
3008
6459
8813
6476
8844
8192
2651
5428
6262
6995
520
4917
1636
9419
5565
8937
8604
212
1242
7077
1027
5190
7744
8141
2097
8451
5291
8682
9650
9913
6792
3715
9554
5672
7456
9044
1244
4725
5019
6559
5827
4556
2495
838
4983
1096
7170
9342
8230
1179
1006
7743
88
2068
6010
6218
635
1572
799
3764
4646
6144
274
1185
9032
3692
3171
3668
990
5807
9381
3057
1915
1344
9121
8126
3511
6737
1342
6513
4005
2302
9476
7904
6640
9732
4614
6056
7013
5249
6558
9652
1051
3422
2791
7941
5602
7442
1727
5614
8423
4022
5864
1813
9866
8795
9766
5974
7729
4833
5395
6007
8914
5187
6549
696
2352
7460
8642
1169
8670
4878
5335
9177
8903
2106
5612
9779
8467
8186
8658
7231
4371
2910
2492
8881
1947
8285
2654
2217
34
4429
7697
2895
6876
5278
5628
8377
2748
2496
3702
8525
1049
2386
335
8947
6834
3778
6353
4869
7707
8253
7379
79
2881
3217
7354
974
1136
8656
6099
4506
1129
429
8578
309
7408
7217
6155
1355
5947
7047
8151
1260
1527
3982
6847
8030
4604
463
4900
6297
105
7585
1102
1990
9262
5945
1684
8178
9565
9391
6089
5030
3682
7545
2968
8304
7563
7260
7964
8610
3356
2144
4712
8625
6962
4996
8925
1333
3060
3163
6681
5625
3974
9573
6545
4243
2911
7710
3800
4401
8280
7927
1580
6762
4382
8222
6937
688
610
2114
2504
7704
8267
959
3097
1776
3348
4043
3753
2813
7424
2950
590
2174
2724
8651
8098
8485
6741
8510
9811
9068
4432
3218
3225
7378
2111
6951
61
754
448
547
4643
7356
9333
4153
5906
568
8053
1076
5277
81
1785
2708
5171
3465
2942
5724
1330
3674
1245
3803
2463
6776
7011
454
6418
755
4802
1677
7127
3290
6696
6261
4032
8560
1176
8860
1934
2565
6689
7543
997
8310
6209
2199
380
3714
6220
3064
1828
3161
7897
314
68
8853
7279
669
2042
909
4836
6321
5287
796
4207
8203
7538
9329
7652
8006
995
2171
3596
2072
3924
9988
1960
6111
8037
4455
8163
781
1523
1852
6063
8327
6703
7779
1574
6783
6975
2301
3367
1130
4810
7508
6251
2310
5842
9015
9638
5424
1887
4628
5
3383
9562
5552
1194
177
636
9296
5116
4956
2852
8180
3457
1892
5823
1773
2644
7086
5599
2051
8730
5471
9959
229
7443
5144
4505
3141
4940
8514
6201
4931
1163
6530
1630
4798
262
5944
5709
4493
7647
3115
8837
1383
7224
8710
1325
7708
4859
7835
9047
4198
1156
4780
2295
565
2902
5890
4453
2998
4423
6108
5023
5943
236
834
7936
5101
7622
7319
3498
5055
2621
4213
5630
2652
4580
4888
9277
8691
668
7641
7479
6576
4452
6392
8794
9527
5299
3103
6350
3989
3662
7105
2253
6687
1314
1213
4421
1970
5466
6698
3456
8777
9730
8757
4563
1042
1212
1560
8750
8449
1362
2678
5494
895
3642
2168
9370
5118
2039
1872
3098
9733
8047
6500
7183
8598
8921
9628
6320
398
1341
7323
4871
5283
1964
1984
4328
8630
1748
9887
4303
4702
2687
3036
9760
4523
4812
6671
1474
2202
6445
3446
3207
9020
7044
4449
3340
8534
8559
3854
9188
8923
1399
4478
8032
5458
4332
8459
2250
151
3901
5661
5390
7315
1001
8171
5353
5212
6718
7277
5238
3306
6858
2001
2735
2353
4947
6578
3745
218
5821
7788
6461
5060
3819
2515
4510
4103
3421
5100
2038
4829
5526
5703
65
2812
5334
6356
3079
7922
4639
5999
8434
8297
3124
6581
3007
4435
9422
4396
5513
7810
4071
9323
1835
9155
2170
9434
3385
4178
8929
3673
1143
1671
2345
9899
117
8506
1157
367
8785
9297
6163
2970
8028
9392
5220
7188
894
3639
9499
2201
4674
3081
9365
9089
5969
1937
4314
6437
8965
3091
1315
7384
5469
9003
6121
5578
2830
1403
4035
4487
4734
52
5191
8399
8136
5794
5941
6891
7032
8657
1388
397
4235
6195
8780
4807
8187
2964
6318
653
2179
99
318
2755
4046
9667
1836
2823
9225
3243
8746
6920
2523
5306
3938
5483
2662
2771
2233
2914
7864
5031
9929
2618
7210
1540
6691
9205
5432
8508
627
6561
5761
9408
1755
9582
8346
3431
6060
1044
5172
1741
7906
1111
960
5873
8893
9512
8727
3189
4142
9146
5629
6805
2918
9713
8640
5753
1790
1360
7764
4681
2647
6970
4656
143
6187
9354
6011
3317
8964
356
640
8264
2320
5333
742
3323
9336
3365
7690
5909
2298
6134
8996
8784
9282
1433
574
5978
9048
4346
810
4768
7830
7593
849
5705
7857
9690
2749
460
879
5901
2571
1604
702
6067
352
5488
4755
3180
8892
2017
8214
3062
9170
1752
279
6661
4002
5196
906
8245
1131
4844
2937
8648
3850
2259
92
3143
836
2283
6486
5462
5506
1916
8804
2163
7569
9012
7870
6971
9873
7719
1904
5699
5692
2699
1501
1736
5087
6787
3833
451
2445
2061
2690
4500
90
7429
1226
2553
3132
803
7235
306
7817
253
3175
2207
3667
7586
2025
6871
1723
1909
5063
3697
9238
4285
6596
2484
124
9853
4194
3992
929
6117
9366
237
9344
8312
2319
8672
4162
5544
1171
9248
5719
573
3264
7259
5888
9213
7811
8533
4930
2468
2268
8547
1974
172
4193
8980
2231
5673
55
285
2754
9468
4223
6233
3499
2952
5120
9624
2335
7405
9008
3074
9585
8143
363
7049
1977
7293
1559
1271
5388
912
4135
7640
36
291
4570
5728
7834
4093
3973
5481
5020
6738
2108
4771
54
8225
8690
3561
9379
4987
404
5959
2107
4380
7184
459
1798
2746
7024
592
7253
8026
6552
7462
3807
8401
5281
3292
5309
1749
2073
8752
5182
504
8168
3855
3512
8148
1293
6101
744
535
9885
3187
1449
9745
2400
8404
8406
2162
2166
690
6419
1985
1318
7182
2287
6480
9393
6223
1810
2787
8400
6909
1151
6139
1098
9797
5146
2926
5359
3570
2281
6264
7843
4019
2439
4083
3283
5373
6285
5253
6719
4514
8822
9570
1231
1920
5766
6106
5409
6424
2612
2989
7629
7732
4904
9773
192
190
5871
8323
9806
4916
2640
1912
1833
9992
5592
7370
9017
5090
9137
3308
7028
2739
6991
1657
1059
4134
7457
4889
3593
4098
8358
2635
8023
2470
4576
4475
9693
4939
7437
6923
778
8054
3846
8941
1832
1085
9680
3341
773
1956
6534
9516
3727
2036
1753
7716
3354
7073
9153
4015
9592
9457
283
6276
1506
2090
1470
9173
8868
5206
1345
4663
1547
3350
8235
5651
7495
8259
5965
1363
120
4815
5963
4641
1297
9290
4099
588
2020
2394
700
426
5836
8973
9037
4345
4546
972
7072
8362
6084
4376
2429
8763
5949
6749
6903
5934
7616
9915
500
9303
6244
3082
2444
5374
8286
8503
613
9945
4390
3485
5233
4169
8277
716
5876
977
8706
7984
647
3882
2351
2684
6973
8568
1415
4554
2720
359
8411
9083
9932
9473
3021
6977
7331
6328
2915
6998
9377
1149
2034
589
6690
5022
9292
4185
8802
7494
189
8105
7519
7619
8810
6335
971
8027
4129
7441
1929
3312
3872
9315
4854
2507
473
8805
9738
2717
6713
3608
6859
3245
5480
6355
4548
9890
3250
4105
7466
358
7452
3452
6668
9501
1221
128
408
2979
7134
8039
7312
2489
9619
7309
7730
4420
5313
3293
6191
9033
7372
943
8866
2802
140
9120
5767
9267
9275
7669
6157
6382
9749
129
1025
9765
5802
7665
284
7255
4557
4126
5050
7318
6175
514
8238
3577
3701
1885
5508
8590
8541
6800
7503
9790
5104
4647
2976
1199
6685
3880
1456
6522
5882
940
800
681
1983
1592
7412
926
4427
7208
2317
8906
980
730
2770
5260
2367
8197
145
4937
8601
3351
1537
4670
2679
3267
5791
6326
1230
7583
557
1796
6206
8330
8106
7022
9966
8742
7944
6125
8217
7510
4090
4567
6033
4476
4842
5377
9166
7633
3396
1819
2357
4550
1793
9897
7829
9548
593
6708
3033
7556
3976
751
817
5855
3182
5604
3731
7451
6521
6287
9723
1655
6824
2541
5250
5538
6449
4486
3903
3621
1155
9681
2129
9306
375
1203
8132
858
5983
8967
2997
2189
4274
1473
3878
4310
8344
4018
1450
4081
3998
6934
4507
25
5145
1174
9122
4901
6021
3072
517
6272
183
4699
4141
3582
4564
697
9607
2405
8262
839
5598
1699
7553
6803
5744
1830
7428
4013
9117
8771
825
2561
6292
4875
4613
2963
2190
3382
9405
3847
7454
1351
6307
1878
8552
682
8174
1118
4023
7878
7872
483
7648
850
9616
8953
6602
4499
2016
4418
1166
268
243
244
8999
7525
6427
4156
2475
1356
2831
8166
9777
3722
7337
4492
7212
5995
9065
4764
4309
4334
8445
8583
4706
6304
9087
1568
1816
5646
1621
3409
9305
2050
6176
5557
2110
7190
4306
7435
5138
1577
3495
5606
8724
5285
8427
864
1647
4042
2325
7156
1742
2282
2064
3481
9511
8638
6812
1287
3627
3539
4415
3694
5064
651
6232
2132
4589
7267
2789
6384
2505
9780
7514
6172
7698
898
783
3954
1783
5431
4536
2951
659
5800
1150
7977
82
1809
3515
372
2665
6807
9038
964
4094
385
7846
249
2868
5914
3712
576
8721
8993
3368
3261
4392
2471
731
8983
7952
7447
1530
9540
3529
2856
6882
3928
8236
3522
7677
1127
4993
1517
142
3186
6249
1183
6551
321
8074
3962
3451
4863
3523
5514
8531
3299
9118
301
1146
4298
4006
561
2728
8842
9870
4293
2892
1060
2169
5667
9027
3663
8772
6898
6008
2046
5997
4883
670
6447
3061
8373
3188
7426
1313
4648
1936
1569
512
3915
5951
6397
2311
5939
2142
5036
6905
9154
5025
8596
9233
4953
5697
436
7992
1018
7005
9486
1526
5675
7132
5270
6863
6402
5406
2527
6194
1587
7680
1192
2524
7145
5251
7692
1369
6243
5611
10
7888
938
9491
5072
4008
9041
1446
7848
7769
4637
9653
2817
5487
3213
5535
6591
6066
6270
6872
2105
5159
3888
880
1533
1114
4533
8825
6748
5170
4583
3766
6563
4876
8678
5624
9863
6062
2457
6575
692
1995
1729
472
9658
6047
3679
5605
8668
8201
9143
5638
5436
4596
758
533
8
1708
2158
545
709
2210
7367
1685
8442
993
3699
4600
8545
7008
707
1232
708
761
8083
8165
5032
9615
3001
7621
248
6731
6634
5093
1438
2557
5314
360
4358
1615
2648
8895
1110
3866
4176
382
6478
6781
3978
9589
2558
3823
7130
1886
23
7254
614
6543
5375
4305
7990
6118
672
1944
9343
4488
8040
7222
289
3181
7969
2670
2255
8948
2355
5743
4324
7643
3848
1086
45
5817
5505
3644
8227
5615
4140
6347
9922
277
6293
5726
867
3349
5551
8963
4016
182
8628
6475
7148
3804
6853
1867
2880
6006
1612
4585
513
5958
2416
1980
3335
7885
9835
8989
4786
6601
5192
6217
225
8519
928
3514
5558
97
2636
7216
3302
245
83
821
3930
3572
1545
3551
5631
9490
8954
7745
4471
1954
1423
4631
8808
4526
9350
9498
8287
179
8066
6300
5568
5822
6170
9445
9380
6857
9433
6003
9447
2012
2476
3276
325
2440
2062
8766
2826
5241
3626
2894
8393
9456
8911
4969
2909
9973
8511
6851
3716
8198
5815
508
7106
4407
9466
1459
3645
5476
5964
9185
8124
4294
8882
1918
8845
3630
1891
5990
5282
5786
5495
9784
4531
7487
8398
4271
341
1193
5727
477
2766
2347
2751
3467
7213
5092
7659
2044
1407
6921
5757
7755
963
3459
8579
1900
3460
6462
3343
8674
9113
1394
3990
6122
4272
1834
3056
8707
2738
1295
3493
8834
3149
4630
3415
3146
1746
5781
5676
9722
3370
8754
5991
6630
4504
1268
2467
1425
7575
3220
2711
3940
3690
8387
8361
8561
3005
2191
3793
3275
7053
3288
8915
5884
4045
4398
3578
6130
9708
2944
4814
914
8783
8755
1220
8487
9536
5140
4733
1579
266
2677
7991
9594
4774
2516
8122
4355
1566
541
3911
4575
9458
2193
9291
2767
5401
6564
4717
7144
1921
2185
4560
6885
2967
4076
6717
948
67
8883
8782
3013
5372
2026
5577
2096
2539
3912
4672
9049
8374
7327
6637
3590
9187
2827
8606
1357
9193
8704
9285
5379
7362
5391
6870
1381
8241
1498
5208
1602
4061
5636
6912
6816
8917
7251
607
7820
5389
958
7523
3393
8482
4562
286
1424
3200
8481
4730
8971
7432
9954
6182
5805
9320
40
855
5486
2623
6052
4128
9572
8522
8385
3777
1822
1860
1893
9506
1495
8791
4189
7205
1078
2323
3821
5056
1673
7777
1073
6228
8781
1674
2194
6538
7320
8057
4393
1339
846
7718
4716
4890
901
7651
9737
1103
847
3174
2595
2360
3671
3342
7518
8204
2184
7912
8123
3406
9877
2769
3656
9151
827
8692
3598
7433
2982
5849
7568
8079
7748
296
3614
3676
4116
7387
2391
8460
1743
1320
8716
1233
4971
7554
9528
5479
5520
609
7373
587
1877
2256
8572
1032
9181
3812
2777
4800
809
8260
3921
2840
3130
132
165
3564
2340
9353
5886
4845
6887
5887
677
2835
5528
2632
9931
8774
2412
7481
1217
8152
9935
7143
7010
1148
6811
2195
7131
6257
7027
4318
2133
7276
4125
3496
8599
3530
8390
5185
3637
1302
2582
2862
4817
1874
3845
7501
6817
9979
7511
2884
6604
2705
5015
2529
4201
4217
8034
297
8958
6450
9756
4577
4456
3877
5351
2508
8910
1609
5665
8305
6656
8556
1428
7292
3832
2069
4052
8395
3792
6032
6536
5910
3631
6976
583
8331
3366
3754
6248
6636
8071
554
5745
5465
3089
4491
2453
9791
1614
747
887
5459
8788
9545
580
3751
1065
3192
8128
3820
8116
7285
3994
6092
4873
231
8879
2725
3543
6344
3806
1489
1219
2322
4946
679
5669
5175
7787
4752
35
5348
2131
3969
7043
6102
9347
8548
1859
9025
4287
3010
8073
4012
8367
6371
6015
6761
4110
2919
8184
3380
7055
8397
2788
3372
5517
5214
8196
2274
3568
4711
8900
4915
4530
4762
3502
2974
2043
8421
1702
4412
9021
5449
9099
3473
7686
2741
1326
481
9876
3195
4590
2615
4317
1643
1011
5197
7611
2421
2369
9547
1613
5710
6202
5937
7667
2177
8137
2589
5052
1999
239
1409
5841
745
5961
571
577
6454
6075
3843
4422
2149
6267
6291
4970
4624
9299
1991
2883
3435
4693
4209
257
7477
7098
176
3285
3203
2943
9167
7724
6830
1007
2018
5988
8799
4224
3719
7021
9793
3895
2099
8243
2956
2088
4513
5967
1610
75
6041
3026
6769
1354
3307
119
6598
7959
666
9034
7083
1553
9429
2422
6914
1521
5147
699
7851
6684
3158
3242
5677
5321
6823
8592
9387
5736
3563
1775
2971
4280
6507
9114
6266
7948
7068
7796
8153
7804
4709
4379
6517
4145
1201
425
4573
6238
9406
2008
1693
3604
2744
4378
8594
7339
1328
7119
2251
922
7492
3142
3743
8990
9175
4200
6133
5054
6330
5363
6203
351
2175
4368
9191
1418
7347
2517
3214
875
3559
8502
9843
9070
319
62
2269
9272
9630
3725
8960
5179
3004
6488
4428
6866
7195
6275
3672
1113
772
2490
5553
8332
8113
9295
752
5788
139
1274
1378
8632
5352
804
2548
9195
6881
1986
7868
7340
8251
9364
6509
6760
8274
7530
785
596
2313
1159
7544
7862
269
3759
1800
2921
6369
5806
8425
4497
3199
3102
9584
643
8557
3544
6730
4658
6701
695
4521
5929
8665
9019
9317
3780
8436
6631
7932
8828
9107
3569
1963
5896
6375
5381
4872
4960
1922
2472
2786
544
9586
8702
9004
9611
7395
5474
1225
8432
5564
470
7204
4741
5059
9404
865
4091
6284
8391
4228
4377
6843
4997
7397
9520
8329
100
7798
270
7726
5081
8284
6398
2047
2271
9430
3137
1178
7358
9941
3455
8827
7987
6116
4532
1998
8816
9707
3453
1854
8939
7009
2719
5296
1138
390
6390
9497
349
8952
5043
353
5387
4640
493
1591
9424
8836
5962
9022
1310
8705
19
7763
5407
4776
8570
9163
2385
3234
7067
4569
4261
946
5289
1251
1373
3255
9933
6849
6070
8865
8864
5322
6961
8407
8457
60
3090
9399
4267
5271
307
4885
6474
3216
3900
944
5938
4451
9442
6137
7532
403
9578
6585
1379
2928
2410
1768
6520
6809
6432
1826
8891
5533
7317
5860
7915
1247
9991
7962
2811
4626
2992
3462
5397
2140
7446
7154
925
6579
344
4462
479
6208
3580
2701
4250
7898
7409
4386
6185
756
2221
2356
4555
4009
6148
6323
7557
9944
5288
7821
4664
5153
8322
3581
7491
121
3257
7281
4599
2675
5178
7767
6514
9307
6145
1061
3135
1323
9247
1848
3069
5438
7855
5908
1371
4959
1639
6024
7571
2577
6793
2331
7176
2576
5623
8588
9692
3595
7790
7265
3669
8022
6929
2390
3600
2552
6840
3937
7030
2212
7749
1223
1028
7321
5110
7365
5370
2671
884
392
1554
1088
4605
6659
8154
6868
4181
3767
5275
3762
166
896
3687
8820
4853
6944
5014
8069
6490
9090
8120
5369
1441
9647
6441
1959
6064
8000
4121
7723
9980
9459
3157
2882
5429
8636
8240
2642
9769
2434
8688
1092
7329
5167
137
7050
7496
2014
4165
7921
1735
639
3168
4442
5499
6205
4701
8242
4397
8104
7087
8076
9597
9335
6464
732
4343
6524
8273
7238
4461
4026
6664
6336
7617
2893
3392
9338
5811
2946
6832
2153
1210
9560
4515
3159
4226
885
7084
435
9807
8020
8202
5940
1962
5993
889
6428
1198
5174
4678
4976
8444
8256
6732
5917
6694
5193
235
300
1039
3935
6412
2419
1408
9093
4279
8357
5785
7813
465
6734
6226
3140
7594
3748
1628
978
8049
6779
1532
1063
7026
5847
2359
9906
7802
32
5342
1707
8157
8155
1653
5637
2137
8720
1846
6295
2639
8389
2401
366
4436
9278
6592
3144
8717
9507
5968
5583
6869
5095
505
5764
1695
7789
6142
4001
5207
1395
3733
3960
649
9244
6443
3758
3914
4108
7093
749
7012
6609
8701
6329
8096
9464
3177
1126
6954
661
5706
6467
1019
3156
8737
1562
9850
6317
4666
8528
1392
4819
9294
234
4934
1694
3640
6615
3237
741
9999
2350
8496
1605
1961
2782
73
5089
2121
797
9463
790
6091
4238
4985
933
7247
5957
760
3109
5121
414
9726
1629
3740
6069
1779
4044
662
5216
9710
4351
4339
7601
9449
2723
1549
2829
7661
9872
2067
612
7094
7100
872
7225
6269
7859
5423
2758
3925
8343
4827
272
3861
9995
5522
3931
2341
3675
8573
5176
1046
6911
3710
5769
9325
2736
6616
7421
1787
3999
7815
4952
6349
9815
4414
3659
924
4161
2406
350
2776
1843
1623
4586
660
1831
1509
4301
7197
5904
551
4387
9194
5980
902
7871
1733
8405
5102
2037
1134
2630
9397
8499
6815
3035
8209
2876
782
2588
3227
9023
2125
942
1386
5109
355
3219
5417
7759
4203
58
2329
7306
8890
1445
9610
740
5984
3470
8490
1563
2232
1257
1116
4484
6360
4966
3550
3964
1329
2598
9521
8574
4944
9160
675
8160
5713
6413
6941
4237
1084
2712
9513
4957
5837
1624
1635
2669
5511
6700
2316
3651
4775
9286
2601
9892
9280
7679
5771
144
2847
6683
2413
1492
3873
6819
2415
2155
6632
5405
9848
7845
2272
802
3469
9947
9542
9088
3208
5071
9961
8363
8109
3301
8275
3958
1197
8643
8378
6400
7181
3120
4542
8008
6729
6050
3426
3337
502
8769
1625
6828
4470
2118
5740
5803
1017
2188
4085
181
5985
3025
4849
5255
9101
3280
6493
2284
5897
9334
7202
523
7825
8004
4611
4675
6988
892
602
591
9905
9593
3016
603
4057
7603
5889
6888
7850
934
8585
7555
8919
261
2023
8517
540
7792
1838
3183
2962
2172
657
8617
5960
295
5725
8735
981
4485
2348
2861
6377
4114
2089
7357
2450
1925
9601
2932
2330
2985
2900
910
6925
8666
7380
2479
3906
2688
1451
9845
6309
9517
8507
842
6258
6189
4277
9563
5069
2689
4477
5105
3196
7402
1154
1184
2925
5891
798
7678
8232
6727
5666
569
3440
6207
9039
6086
6426
6410
5003
3178
3654
2358
8356
9138
3742
6255
1152
2803
6188
5540
6542
1584
6290
3167
9211
9221
722
5502
6957
7275
8437
1744
5783
8015
8446
6456
2214
840
9977
5569
9821
4240
1841
5383
9482
7040
1654
9437
9440
4331
818
9960
9452
5097
4703
9882
9514
4468
7400
4056
2304
7893
4538
9550
4278
125
1792
6506
5523
4286
9226
7096
4598
8055
8025
6263
1958
378
6721
8142
7812
9930
3708
1321
4723
7256
4553
6574
6391
994
2837
6055
7243
837
6071
4297
6764
9996
7120
8300
8316
1250
1955
9634
1660
3802
2638
4458
1722
7847
8518
7341
2547
5694
4632
3300
5008
6042
4839
7381
3334
9804
6645
5610
4395
5989
9656
1141
5473
5733
7071
8368
7512
6715
3055
152
9385
6836
4796
113
9242
8294
3432
3525
5044
7937
7807
466
3567
7920
44
6453
6112
792
2148
7592
2762
7930
6131
1993
6252
6420
6140
2923
9097
3629
6253
6380
3770
3558
8428
7173
4949
7960
1290
6332
7287
6274
6557
6339
8233
3500
4356
2267
8770
1627
4655
886
462
8145
9818
6040
4770
2154
9644
3785
7066
8880
9798
4040
1144
3355
2674
611
4496
9438
9951
5738
9481
8841
4899
8509
5294
3478
3554
2778
9031
21
791
5155
720
9363
4779
7126
4537
691
2903
7766
9000
620
2587
9794
3796
8933
8102
2655
4886
7954
5394
3503
9357
2649
7925
371
861
3612
4851
5215
4312
2260
3683
2381
5931
6455
8440
1535
2607
7528
2691
7241
4516
5825
4247
8018
6401
7237
3592
5966
7150
4619
230
2474
2242
9965
6430
511
4208
3438
1012
4329
3121
8447
3967
4984
8111
8479
9145
6333
8216
6354
8050
6886
1808
1875
7591
3696
4034
8177
7415
9668
5371
4884
5227
5478
8084
8607
7310
4877
5457
2773
5659
2383
8276
7809
4659
3165
6083
8550
5264
4335
1931
3552
9124
4636
606
1789
947
4818
8042
3310
2809
6775
4700
1596
220
362
3610
6580
5211
2013
7061
4988
1551
2254
2617
6110
7866
3521
2503
5384
4190
1123
1396
187
2059
9643
9553
8500
5084
8877
7169
453
4004
1622
7185
6477
5620
5484
2288
1948
1996
7396
6165
1888
883
5382
8315
630
9969
1619
9788
6159
3771
7343
830
1072
6389
8959
1606
7332
3975
1725
3752
743
6706
5444
5609
7268
8107
6298
1941
2783
9904
4246
9330
8616
4408
313
2511
3556
8146
1090
4948
6053
9057
8299
7122
3788
7059
250
2506
8685
3720
5986
673
4825
7480
5867
7636
945
1350
949
714
832
8901
399
497
6489
8792
3417
9620
5317
503
5712
214
9598
9858
6396
3995
49
6484
4760
3269
8905
5218
5534
2996
8110
9318
678
7223
1030
8492
1842
1763
4244
4282
2646
4283
5570
5001
7393
1683
3622
5862
1117
7207
4896
3783
7607
7967
7572
9308
8007
1692
8765
7345
8194
2117
2161
8263
4961
4676
8839
7342
4206
7841
5452
2596
3336
8699
3985
2718
7628
7242
3870
7069
2109
9480
2314
332
3894
5485
7735
6772
4816
936
2682
2834
753
1122
9599
6213
1680
5732
6621
5053
9439
2225
1067
1038
1564
1050
9665
7533
4660
3029
9198
4932
4236
9568
4657
4074
3853
6967
8369
1546
5642
8048
2502
8247
1083
5222
1045
3799
5103
7391
4686
7526
7701
1104
8483
723
5878
5548
1881
3373
7002
776
9431
3063
6404
3394
3868
3829
815
3620
2609
2437
4758
6049
3497
9504
6222
2906
7602
794
4740
7161
7687
6660
7147
2222
3376
394
1303
6763
3535
8031
9202
9602
8410
6325
5042
4736
6431
8318
4248
4528
2477
3185
9946
2585
6088
8703
2631
4979
2785
5926
5210
8807
8899
5641
5284
6178
3588
2581
5094
8957
4623
2939
4662
3801
8726
6608
6651
4173
4627
6417
2263
7966
3223
5936
2447
3401
3875
5305
6104
9740
9879
8869
3353
4726
930
9746
4214
1853
9957
7579
8979
1327
5463
77
8041
3085
1536
2537
3607
8951
8456
6316
6613
8981
8118
1771
7411
2305
5916
1265
5970
333
3795
4132
4489
3012
8974
2473
4911
6614
4584
1567
8313
9043
8033
526
712
8934
2494
6358
8902
4980
1656
9557
9799
9230
6115
3326
2160
8308
6037
3388
8931
3231
6468
6568
3492
9543
2100
8117
9469
1515
1206
226
3953
3909
1538
468
8811
5293
5532
1069
2035
7111
6482
1296
3038
9451
1400
4773
6327
9256
626
5404
5770
3463
5455
4857
9998
1205
7274
5707
2438
5304
9140
4503
3948
7822
7539
7353
890
7682
5414
4119
3322
3198
1024
251
2487
9104
5720
985
42
1585
599
2568
5318
1764
621
7057
5162
2897
1081
9840
509
8052
7269
5923
4698
5717
5166
5446
6141
784
982
8211
8708
320
9055
3513
6650
3991
1640
6302
6342
9189
6759
5261
6502
8271
3286
8676
8995
9670
1784
6415
4472
6259
1068
582
7584
664
9808
8375
9208
8851
2686
9390
3235
2752
5869
572
2698
3048
2732
3444
9061
5327
5924
7993
3031
7450
7483
8476
63
3077
3798
1894
3193
7564
3886
7478
5441
7070
1164
3020
992
4982
1444
899
5497
4502
8576
4732
76
7771
4416
1052
6031
5977
8760
4856
8589
3399
1058
3573
727
1276
4295
8516
405
638
4587
5243
9014
469
1805
9484
112
3297
2605
2590
9092
5086
4304
9302
6940
8751
1488
6879
3170
656
1029
3295
931
8940
2519
8085
1145
7328
387
3945
2031
5362
8281
4744
4920
7887
7180
3949
4122
9778
1401
1075
6221
9251
4434
6373
1481
2499
1626
5254
215
5832
9902
7865
4400
6383
7654
7775
7955
6160
4720
6629
8462
1222
4618
402
3549
4520
5845
5804
9069
413
1165
3319
8806
8620
7200
8829
3344
9052
461
6831
3096
5682
1324
2363
8768
8409
6030
5049
7650
9130
1008
9859
4086
4219
6229
8988
2958
1632
8394
2374
1942
7546
3841
2312
2224
4695
8473
1278
7058
487
7988
1534
4790
1556
8521
17
8093
304
308
4958
7566
6901
4922
3942
3076
8469
4673
9775
2308
6900
9002
4748
8526
4728
5654
4742
1056
562
7522
9575
9849
7620
9923
7565
4850
9148
859
8138
1
9851
4284
7445
8441
7728
7883
202
69
2870
4731
8035
5546
7505
495
5117
6512
5708
7469
5148
2572
324
9346
8060
9502
3346
3946
8809
7978
3093
3536
2659
6416
7135
340
4221
1021
1720
4439
9403
3789
7858
6986
3858
7741
5130
2864
8709
3869
882
8090
5813
3508
6231
2065
2530
169
9617
2354
2822
46
1703
2452
7033
496
8455
1981
488
1411
331
2805
9231
9748
3706
57
644
7537
3206
6752
3479
1139
443
1082
4366
9485
8365
4929
560
4163
6039
711
5619
9982
3664
9201
9674
2643
3424
8333
9362
9952
6180
5132
8753
7762
7234
6138
8325
3032
8415
543
9787
5994
104
7060
3968
5135
9687
658
4399
3092
396
185
578
9356
20
7239
6756
7103
7605
1235
5011
4606
3403
7302
4868
6236
1899
5326
3988
7484
1940
3884
7597
8949
4359
5295
5237
1043
3746
7141
3486
4964
4566
1711
1047
8336
7249
3363
5741
8182
8056
8013
5039
3222
841
9786
322
3304
1724
8835
9627
418
8283
2657
8776
3314
3
1705
5892
2279
452
2291
6359
1938
123
811
4864
3389
2763
8321
3818
9074
7090
6856
153
7999
4450
937
4095
9250
4747
346
1002
5224
9603
7157
6993
2368
8352
5868
9010
7324
1172
518
9706
2949
7029
1443
8546
5038
6224
5652
8894
8181
777
7291
4080
1291
6310
5696
6624
5790
6569
6949
814
9795
5247
4942
8501
4273
4104
7129
6707
4574
4867
8070
7773
522
683
2550
5574
7174
2138
1455
1416
4388
1871
3197
4880
7658
4895
7982
5880
2810
7386
4571
4690
2634
7623
409
7957
3105
7488
4891
7924
534
9479
984
482
1239
8863
1817
1782
9374
9822
2567
5045
3104
1420
6854
6438
160
2729
684
8649
91
6686
2275
6097
411
4848
3867
6341
370
956
9986
9720
9659
2859
7031
7149
1181
7360
5027
8826
6153
7776
6577
5445
7736
4170
7942
9178
3943
9661
8458
9657
9321
2159
4621
6204
6501
2869
1331
4154
7655
4036
348
6357
570
4572
9265
3713
5418
5762
7520
2449
3987
4751
8489
5489
5308
8435
8170
3162
1410
525
9676
3950
388
6448
5426
2681
1414
7890
8675
7453
3704
7020
227
6644
70
8566
601
3150
1493
1202
1426
5082
11
1558
2466
3634
29
6915
147
8386
6058
739
2095
9753
3052
1237
9474
7595
3768
4364
3548
1898
4998
3666
4216
4147
1932
7509
6641
8554
7369
5509
8758
2977
2425
1308
1499
7876
4677
918
4838
8602
8611
5139
5400
4070
8913
2082
4199
4921
7711
7280
6216
7088
8228
9352
8270
5519
15
3852
2614
2794
4697
1719
725
6119
3112
5919
7814
5748
8778
9168
299
7973
7896
312
9718
8396
4088
1757
8470
7738
6043
2620
8301
919
5903
6526
4205
5758
6303
1469
2825
5679
4051
9832
2889
5128
4968
7768
8417
1091
6481
7151
3971
1095
9493
8855
1512
6908
7431
1678
5058
233
240
9635
6798
9612
3211
1593
2780
8366
1581
7116
5205
1518
5442
3658
4367
6947
986
3111
2333
5834
6048
2938
2853
9751
101
8215
87
5035
2424
2512
5164
9967
3266
4281
3423
6457
9869
4234
8744
3278
6046
5240
7359
801
4881
1254
1487
1815
1649
8072
7108
1565
5126
4540
1347
7675
4649
9119
5838
9013
6282
3533
4855
7221
853
9505
8646
7214
9182
724
4265
6672
6301
4124
2321
2531
9152
6958
516
1484
3755
9537
921
5142
6174
4058
1730
2843
1907
687
2093
6093
1969
9054
7351
5307
4100
7233
6697
475
154
9828
8920
4139
223
1343
6059
6635
5759
7322
9126
5927
164
5439
3468
6469
118
374
5521
6085
9711
2182
5460
1825
4914
9450
2941
3049
3256
9172
7801
9007
1778
8858
9830
1821
6589
3147
2280
5818
4202
4440
5415
5716
4137
5504
4822
9881
8364
2307
1109
2241
8009
2091
4551
3125
6981
3472
1307
7493
5244
7666
8269
1452
7226
5245
6281
966
9386
9972
2774
5006
7699
7837
5134
5567
9266
6864
445
8660
9494
7158
2940
7879
156
3427
2010
2134
1014
4467
6296
1066
1040
9909
9921
5647
4767
6094
6363
499
7560
5004
7153
3907
9802
1603
9556
7123
768
1108
7350
8342
3095
3775
1190
9566
5515
5259
764
6964
9252
9978
7262
1337
3769
3966
9115
3051
6862
1000
531
628
1928
4691
8969
8513
7882
2927
9414
50
870
4894
3084
7311
2727
6726
8680
4902
3433
1285
6095
391
905
2599
4299
4174
9197
2377
2249
765
6874
4909
2808
6283
317
400
8985
1376
1675
3883
8950
2543
4066
6825
281
9509
47
3916
3369
748
527
3597
6711
5098
9024
6959
1417
6799
3534
9943
1734
7266
848
1760
2136
9200
173
2000
1277
3387
3294
8591
9712
1026
8480
1471
6045
6839
5085
4543
7102
6409
8293
2079
5150
8612
7754
4426
7570
7192
9900
4474
2793
298
4594
5595
3205
196
3726
920
1890
7165
8555
2566
5051
4218
6878
9724
8448
210
2482
9207
4275
6617
8504
3311
2685
8298
3891
4689
1976
9785
5181
3625
1207
334
3728
5221
275
6980
2104
393
9675
863
3397
2824
5498
4402
8468
5653
6693
6171
1682
2048
2706
8627
1582
7968
265
8059
7869
8465
3557
808
5979
27
7449
7051
2122
3088
2123
3505
4705
7889
4785
1349
2559
579
5829
9761
8219
3070
8968
4292
5403
2955
5795
2680
4685
3106
6286
5730
2462
1642
6436
6393
6997
6679
5273
8987
5750
998
3859
489
6385
3779
7082
8946
3398
6913
6768
2399
4260
6813
539
6016
5398
9739
4830
7095
8695
1504
7867
876
9546
2656
6790
5907
7902
3981
7118
878
7856
2866
8824
7076
6378
6547
4027
1924
8994
5751
4791
8997
2564
3963
4924
4465
2863
7549
9283
8221
6725
3329
8916
9621
9496
7580
5898
6983
4389
1594
1168
337
4253
6027
2112
9555
9705
4797
2743
8162
3325
8183
6096
3229
8431
5777
8005
8484
4444
7264
8563
16
9975
7639
7826
3333
2716
8045
5007
4182
5899
8335
3028
8380
2907
3046
584
2442
1701
6472
1914
767
6026
1576
9174
2579
5501
8714
6643
7128
7751
2933
2807
6005
5600
9688
1457
8206
1440
5798
866
2469
829
9436
4718
9583
8382
6289
3885
3805
3738
1880
7298
8495
1637
4059
5472
2855
7715
4684
9112
4049
9677
8051
2446
6164
4724
1436
5107
8764
7989
7672
9274
4078
9500
7542
7907
632
8418
2299
3837
7717
6916
6841
3744
3632
9312
9916
2709
881
7578
8478
6184
3305
2384
9719
3919
538
4910
2518
5824
7558
1855
4020
7805
7548
1064
8388
955
2993
8908
6780
6491
5556
608
6294
4650
2742
1074
2583
2972
1048
7832
6746
1803
1211
3717
5075
365
5325
8036
820
3054
4183
5639
6606
5635
1464
3927
4225
203
2816
1601
3075
7562
7455
2818
8621
3464
4918
4192
3450
7961
789
3984
6458
8248
6013
3862
1216
7167
9663
7296
5671
9727
6567
6076
5186
8544
4759
5213
6982
8535
9036
8077
7939
6633
3087
7091
7670
431
8354
9522
5345
1641
3404
953
3226
4171
59
1266
4989
2219
6399
9358
1713
5368
6554
7392
3509
7504
1714
5078
8139
1447
8433
198
8575
2842
3730
3602
6928
345
923
1544
