2618
8289
6345
9805
855
5619
639
9909
3626
2909
5570
2432
6645
2933
7945
2683
3416
3864
5594
1818
5116
8479
7730
6037
8145
3898
1096
972
1574
5183
906
6295
2454
5507
6592
8318
5600
1035
7237
984
7980
7413
2541
3279
4748
2509
704
3987
9387
2841
4845
9920
8791
738
5191
421
2598
4826
935
1261
4919
4037
9501
6989
1615
4399
3962
6349
2489
3630
2804
3095
5272
6907
4964
1361
1765
9549
3235
1090
5399
1616
3312
8748
9530
7646
4636
5331
5298
4192
2924
7735
2958
2592
9467
1321
513
7361
8530
9273
202
2172
8885
6504
382
636
662
9762
7503
5340
6355
4991
6685
920
9961
5832
1435
8858
8891
9642
7687
3797
2334
740
384
228
1295
4293
1188
9708
6356
3551
7851
4998
7381
8906
7813
9632
1503
3282
4584
7694
7141
3920
414
4763
2113
170
5315
5500
2915
8044
5023
9488
1859
8367
8050
5928
9064
3129
9787
437
763
5415
3774
1743
7793
1241
4812
6650
1408
3743
1550
9562
1939
7949
2552
7779
4250
7042
568
8904
9519
6810
2902
9947
9610
9010
4615
4189
44
8872
1230
6026
9335
9688
3335
3290
7312
9090
9366
2662
9617
6064
8384
6866
3142
1967
8449
5711
8889
296
7496
7061
3276
9957
4068
9534
1570
9359
1374
6336
8303
1508
3736
127
6164
4350
5700
3515
1124
6653
5761
8
9970
36
9505
6545
9479
1463
7881
1150
2534
9676
6066
9937
6880
5826
1497
4277
4599
8679
3233
2110
647
4110
2672
6769
4496
4807
8924
9681
7135
171
1587
2301
2531
3583
2561
7350
7084
5948
2884
4545
5728
4676
4047
7323
3428
8644
4081
959
5819
6330
1996
9042
4867
1945
8426
1340
471
854
5954
3268
7295
4346
4320
9341
3272
8745
5754
1770
8402
9959
9350
8621
4118
7054
7587
5697
3747
6116
6633
3567
4736
7506
2357
3717
3574
5751
7310
4304
2754
5931
9541
1987
1098
2235
2557
4182
6340
776
8701
3466
6448
6747
6634
2258
2520
5992
2898
6196
6683
9779
929
2560
3200
5372
6560
8993
4222
3817
2588
8094
190
8385
74
5422
7479
9987
3090
6451
5912
9397
2075
770
5509
9439
8572
1271
8475
7119
4842
1154
1356
7516
6008
61
9869
1145
2163
525
9851
2661
2401
2064
6821
7849
8752
8915
5405
365
9913
3968
8831
7017
7920
4732
4574
2650
4963
3493
9816
302
1867
4113
9490
4936
8023
7889
4199
3185
2878
6332
5444
3468
2015
5447
3150
9142
6726
3621
2945
6136
6664
9475
9172
5223
8105
8069
6957
1584
6203
3265
5088
8704
721
947
4339
3356
2290
575
7276
4804
3891
514
9648
8551
3611
8737
3329
3161
8908
9442
7246
284
4106
7807
9666
1382
4682
6710
3395
943
4560
3812
4356
2179
7278
2466
2595
6955
6013
4695
6671
5003
7946
9096
8659
3442
7127
2105
8940
5229
1857
79
5394
6424
3381
504
3783
5562
90
5317
3775
6473
6553
8757
5589
8467
7307
5771
4303
68
9925
2978
6512
4657
9782
4613
8047
7213
6763
3242
2194
3462
8412
5261
2514
7850
3757
7429
512
6128
7487
2103
958
8427
5870
3494
1131
8433
9850
3874
3724
4286
2983
4774
1863
4564
6155
1728
8045
2249
2394
3132
8667
9497
5994
3324
7629
5224
7539
2669
5863
5620
9208
4460
7715
725
3930
8883
2139
2817
1832
3397
2305
3957
6652
9945
4555
2167
2160
7486
239
8455
8852
3778
1874
1667
1319
8465
9971
5327
4036
5838
7971
6835
9304
6118
9652
838
7465
4220
2741
1187
853
324
2901
101
3087
6556
7675
6990
2725
7440
2337
1472
5189
49
6297
5608
6669
652
1524
7002
264
1648
5671
603
126
9996
1484
3975
8971
5744
7349
9369
2580
944
7082
9303
4614
2665
887
2829
955
8278
2524
5637
6313
3147
6510
804
5741
1268
1218
6488
3489
2704
7815
5865
4091
5621
5633
486
8125
139
2374
2775
8383
1567
1723
4494
5666
4541
7635
3537
4754
9842
6431
4482
7118
6899
2921
2792
9405
3965
5625
3536
6815
5641
6121
6963
5548
3948
6892
2563
8484
7682
679
4594
7947
4181
6015
1328
7208
7939
140
216
4384
492
8456
3254
4497
8983
7987
2982
3723
2324
241
7595
6140
5011
5385
6285
2395
4389
4522
9828
5368
5110
1991
5432
4345
8360
153
8129
7200
8022
3171
8923
9000
89
5184
4855
746
3067
540
4127
9482
3651
6833
7206
7305
5491
1323
2634
1645
6418
4217
4996
9446
6432
2243
3934
3165
8505
1580
951
6420
7886
775
4947
8286
5916
8836
8391
5958
1844
5338
8693
1224
9275
4483
4176
9935
6057
4884
4330
1431
7554
8272
1619
7832
5957
9545
5787
1186
1313
312
3208
2433
1243
7357
4442
1611
8186
4147
8985
1026
269
8761
8072
2512
4954
2928
1515
2824
9372
5254
7713
7992
667
8730
6816
2067
63
5404
203
1799
3199
9801
2013
1305
6403
2641
1046
1371
8410
7299
8296
4536
5617
7233
5362
3742
6000
8183
5779
3802
6879
3246
6614
3632
8538
7630
7690
4654
7468
3571
5668
3248
7058
3363
9135
3981
8975
7055
4982
6124
5810
6595
5376
6333
8865
8920
4353
5226
4214
379
9905
1825
6590
643
7389
7890
350
2217
1664
8506
5962
7010
8675
3814
5319
3624
6757
6017
1894
7762
3501
3008
3576
1301
1016
2404
850
8291
8337
9700
5852
3318
5431
1367
3896
9772
5873
18
6492
6102
7043
678
1464
9646
8756
3754
7452
4832
7149
5547
4140
9083
8917
2518
4770
2771
4294
9928
4291
739
5902
8694
4915
1338
1146
4566
2535
5914
7488
431
1072
374
2637
4464
4249
3296
9881
416
4156
1020
9230
3477
3900
7117
9569
6764
4247
9555
2956
4109
6146
454
6341
9314
1194
8369
8213
5265
998
8209
6261
377
198
661
6643
5496
8516
4830
7900
4190
5917
7977
9071
3534
1925
8676
2285
6210
5122
4737
3096
811
522
6075
9429
3755
8453
9352
7008
1381
9195
1710
5140
6875
2567
7643
3976
2601
5173
263
1161
6860
5076
9137
4908
3788
2840
8333
2721
3306
7940
5613
6081
6651
7460
3805
9870
2574
6470
1848
898
608
1255
9451
4332
8329
9260
7345
9053
4087
4700
3628
7726
5256
4869
2616
6275
401
2429
5695
7825
844
6538
4471
3972
971
7774
7390
9019
5718
4784
8330
4557
3368
5192
3110
9306
3550
1761
8197
750
4487
6637
6480
3638
1312
3650
5663
5187
2788
9838
1073
5551
1502
8327
2973
3257
3767
6101
815
5040
1415
7906
9936
6971
5441
2359
5452
5249
6594
6206
7497
3925
9806
5010
4827
9729
6084
8341
4796
4212
8653
4785
9671
2447
2125
4673
8931
7335
473
7993
5586
3305
9526
3769
2664
9859
3881
3385
7334
9288
6700
8416
9963
6908
8618
3676
4398
4993
9118
5766
2540
3964
911
3225
9213
3582
3672
1112
7509
6507
9347
6160
9820
8964
7421
9998
189
5875
8579
9018
8316
4171
7238
6885
5412
9236
8019
6996
1399
6133
4208
6010
9600
1343
7248
2431
4235
9202
8211
9587
686
5514
3895
6876
5892
1195
4370
445
8877
9221
2693
3300
1671
2446
5785
7216
5823
9950
9477
4089
2770
5151
415
9736
6730
8222
9340
4684
7166
5588
2181
4255
6375
6344
5841
4038
5468
6471
9502
8874
455
6776
3587
2101
5337
2425
552
3091
9130
1845
4371
1129
5053
6243
9167
3439
9272
8200
3614
3391
6360
8892
9898
9463
1103
2606
1897
9999
2365
5162
3032
6301
5407
5471
637
4955
1139
4177
9277
2808
5537
4972
9968
3311
2905
7664
6838
4329
3901
8146
5263
6095
2215
1642
3408
1396
119
5349
8786
9329
6453
5743
8346
4913
8860
3589
2682
4520
6401
8762
1954
2088
6579
8646
5465
7848
4136
1391
4338
7970
3530
7725
7769
5731
7024
7637
2329
310
1462
948
4006
767
1999
8190
9764
6478
6945
992
2296
1539
5876
6204
832
3166
5
209
4530
2521
9363
1486
7505
5982
5678
6207
2093
2300
260
6359
749
624
5651
3459
5634
5384
1423
1292
6450
5311
9558
4283
1483
5729
5665
3192
510
97
8055
7871
2551
2218
5013
8929
1075
9659
1921
6654
165
9860
9930
5611
478
6961
5776
8805
5004
8169
6443
5505
7097
7000
3608
580
2230
2213
3369
553
2553
6674
3013
6268
9145
6932
3270
2106
3844
6192
8420
9181
8388
3905
8569
448
8089
1609
3922
5437
4409
2119
989
8131
1290
1637
5328
1097
5924
113
4373
8350
4552
3226
6290
1795
9589
8379
6991
7191
366
4459
9924
2094
1
5158
3189
6558
6942
8068
1885
7089
9877
5175
1781
8480
5780
4562
1950
7775
548
1926
3873
8769
5203
6447
1487
950
5926
5762
4505
5291
8976
2889
4715
162
916
1347
717
6288
1076
3639
4844
9570
1006
7179
6694
6125
5793
7550
641
9354
6752
2158
8841
487
2282
6090
2990
6213
7041
9735
5403
7853
8523
994
8713
4616
4730
3835
2087
7441
5375
411
7212
4606
7297
8802
424
8477
8718
4401
628
9328
3690
453
4711
3134
1547
5985
8225
7627
7480
7126
84
7418
6353
6543
4642
7170
2191
897
1512
8982
8452
6931
3307
2280
7888
1264
7613
1506
7721
2146
1215
8619
7754
9895
3838
13
5915
5790
9940
8758
4440
1494
242
5522
3824
2308
5178
936
7691
4917
7662
6350
1158
4900
4281
7847
3745
6106
7171
2603
3426
6620
5794
9760
7859
1887
4335
945
8736
865
5996
9423
9658
7868
7647
3255
9268
2096
9705
1659
7473
7098
7719
5953
7076
2942
3046
7948
5418
2082
1903
1249
1674
3367
7907
2597
9408
8098
1769
3357
4815
895
3865
9753
1058
2847
7789
2398
4810
7462
7220
7560
4914
1935
6537
8853
8150
8065
1856
1355
95
7792
8400
4234
7674
3346
7802
732
4266
2037
3853
1924
3875
5999
8666
5553
952
4164
6800
5182
9751
3840
4713
6791
4098
3205
1245
8008
4029
2031
7542
295
2628
463
8587
765
2813
4022
9136
7176
4573
5681
1562
2698
3425
3478
6312
229
4416
5358
9868
1176
9257
5348
7106
5638
2736
8559
1411
9308
7342
6783
6194
2660
4453
2363
1700
6535
2256
6178
1644
329
8583
2994
277
7740
8779
684
7142
8081
8112
459
298
1953
8536
3210
6365
8589
2005
107
7924
457
7132
1060
6012
5942
9161
1815
6239
2999
5343
4902
164
909
7446
6751
8513
7284
1031
8965
8462
9597
6061
9602
509
9342
1477
5533
1774
2133
8788
2176
4363
5499
327
5473
7398
186
7913
3931
5154
6649
1660
8090
6412
8116
1414
6170
6145
5890
5503
1745
689
2762
8966
5707
218
4438
8415
9810
9380
5495
6234
999
4168
921
7180
7962
4065
1379
2764
6808
674
2345
8901
2487
3063
5247
1375
1080
3701
5636
2079
3163
1417
3734
8571
7078
9876
8593
9496
46
4666
5952
6712
1904
2291
8048
6466
5245
6216
8557
3851
9815
8547
8254
4276
9060
5238
9430
5584
8466
1044
5635
367
441
4179
8625
4013
1393
3779
2481
5450
256
3886
1834
6258
6605
2292
1079
3433
8866
1803
6508
6354
3108
2538
5899
614
1855
648
4822
8726
5269
4938
4115
3274
1628
2353
122
5988
7251
6811
5096
6724
5609
5910
5115
778
4376
1451
2083
3658
6223
255
8386
1753
2457
7988
7031
2904
2465
8657
4862
6846
530
9093
2192
8710
7693
3113
1990
6144
8148
7221
1737
4973
1995
6391
893
7887
2277
8224
231
7417
2072
7555
3842
498
9215
5012
7783
745
5137
5086
1793
7714
3721
1527
3062
7116
9691
8820
4885
7583
8408
4994
623
5602
7861
3406
7235
7511
6944
5475
8902
2132
8053
6260
3794
2138
2988
8739
1940
8978
4186
880
7974
5070
9578
2865
586
8744
3323
6347
6805
8517
1814
9547
7830
8828
5627
9625
931
6250
5847
1775
4577
7481
7264
8041
8577
5791
1269
5440
5906
6456
2677
2739
4461
533
3082
4138
1922
6925
1123
5166
8567
8741
5220
2417
8806
588
1185
7258
3411
3833
3019
4983
5882
8096
8617
8389
7594
8439
8233
5598
6482
2426
6552
1604
797
1007
7428
7565
8926
3744
3333
612
6736
32
4152
65
4960
2427
3238
2614
4209
7143
7006
4349
7689
4910
4424
3791
262
3556
1829
87
9241
5963
1947
6065
4675
1684
7915
5034
8697
9400
6572
8842
5156
2590
6865
2438
6500
2832
7001
2591
5559
2344
5750
1478
8868
257
9552
2842
2097
4393
6397
8839
5545
664
9079
1734
671
3389
1965
1649
3278
7578
4685
1839
8747
1901
82
1703
8616
1613
1307
432
2168
9694
9586
8079
3172
4432
9364
2710
2785
9539
7430
1140
8532
2759
5803
8528
8946
2585
1805
1427
9975
9086
7356
1309
8419
6792
1634
7706
2022
701
2323
699
9776
7033
5955
5705
5949
6827
1532
6561
8493
3967
8034
8176
1972
5498
7508
5031
4489
8796
6358
1549
5024
1358
6695
691
3542
7304
8108
9686
8207
2419
1317
317
8429
1441
1577
3623
8082
3758
7095
3301
4529
6495
3622
2611
6969
3179
111
6438
8255
447
3349
8595
2708
4801
1724
9425
7339
8214
2038
5874
5169
5213
4239
4512
86
7257
5414
4731
9252
7897
5563
4088
3009
2129
5061
4343
1325
7955
4340
2719
3912
3421
3355
7408
768
147
8135
9929
8396
9343
1160
5795
2066
8218
1693
4274
8798
9889
6988
9997
813
2303
3945
8292
8900
4598
6951
6544
7197
6247
2897
6280
2325
6157
829
7499
2848
5035
4061
6334
3610
343
7346
8111
3535
9282
6665
599
5965
8482
7786
8987
9615
3412
2131
8123
8922
2600
5101
6630
3237
783
9542
747
5007
8216
9902
4702
64
5853
6625
3876
6067
3218
9084
5121
4897
6230
1416
8032
4696
601
8714
2807
7271
2360
693
8013
399
2645
3637
6419
8685
300
7798
7340
4203
5153
4352
1014
1280
8989
2403
5532
1504
4706
5168
6732
8932
8428
8310
7291
3259
2011
1573
6874
592
8596
2441
9396
7331
230
8723
7655
2640
6746
1445
974
2875
7981
9491
6485
4881
3679
2151
7085
3870
9680
9119
7879
7688
7458
2118
1783
1212
5595
585
2032
9155
9144
8405
7781
1840
7286
342
5150
6382
4003
2400
9101
1711
8271
8780
4146
3334
1590
6410
3126
2071
6139
967
2456
6978
3286
5579
6496
2143
7872
1811
6997
6849
1907
9525
7656
1121
7364
3444
341
7521
6240
8869
784
4535
8167
7138
2714
9377
9481
7057
673
9953
210
9883
9031
7204
1849
9650
9711
50
3692
6020
2049
9201
8450
3695
5480
6024
524
1061
1597
1980
8397
9567
8821
5198
8235
9271
8160
7030
3373
2800
4446
4290
3929
3588
6449
4334
8078
5913
6339
2376
3186
1201
8614
4120
2173
7976
2573
3351
1056
3619
4761
892
8837
4959
7415
8894
8898
3403
9211
7436
1900
3298
444
1905
6415
6044
9770
7202
3122
2008
9565
5824
4173
6399
3340
3498
8529
737
555
3746
6199
6696
9433
2705
5748
2877
1666
2936
7485
7316
1262
7404
1706
8819
4658
6881
1389
4568
20
3850
8481
5818
1654
6728
8365
2253
4923
3766
6959
5941
6657
8099
705
7425
6749
5929
941
7260
9743
3858
9414
2054
7025
8945
7068
8725
4892
4257
5974
6759
6684
7703
716
7591
7464
7666
4365
7602
9023
3554
1804
1651
2263
1868
2122
2090
1579
4778
1213
6682
8204
4258
3405
5364
5356
3841
562
9166
9395
2197
5079
2207
253
796
6823
9151
1602
8687
1717
7753
2435
373
2114
8849
4787
9789
4692
3572
192
8219
8228
9532
3461
9407
8941
5449
3083
2247
5329
4060
344
1296
677
9537
3031
4456
5612
9047
5448
5002
5309
1148
9693
6878
2712
830
8848
7858
8662
1759
7933
1641
9484
3034
6114
1100
8306
7007
1214
4929
3848
6100
8844
1001
5535
3606
1432
1349
7256
3986
8643
328
5089
8690
3107
2343
5103
3198
4623
4734
8162
7768
2451
9888
2193
8811
2444
5713
8992
6056
4441
1113
2436
2195
2241
6381
9933
4999
8326
6831
3715
9559
6298
4506
6296
5714
5095
8647
2816
5252
9140
2835
1869
1923
4159
4194
2484
2522
538
8661
9284
2602
3562
2533
6476
8608
6949
4046
8164
3807
9697
8899
8838
9683
4697
7535
500
2976
7528
8189
6462
7904
5069
3834
980
6060
2493
244
8813
181
867
3683
6523
6241
4051
2761
8353
1071
806
3168
1624
5312
5479
9121
3887
1457
2364
3780
3578
7967
1430
9422
8916
7575
7294
1691
7049
2330
5280
8498
8290
1909
7228
4406
7150
9741
5631
5018
1388
7189
2917
5098
3910
5679
9730
5725
3484
5782
6663
1383
1707
3487
5141
9114
7622
3663
2339
1788
1826
9682
6856
1069
3061
5460
7877
7285
6760
4023
3586
3641
2474
7581
4324
5927
6413
7437
5043
1983
7932
8364
2744
6766
2619
6264
9052
3030
7092
5880
7459
1170
2183
1782
714
96
788
9723
976
5657
5132
3678
3681
4532
5484
1141
9326
4131
1913
3837
8265
7831
7929
4828
4624
1198
2463
5073
8576
5730
4705
2154
2568
5844
1179
840
8942
4075
8731
3240
5972
1252
6612
7108
7414
4935
1822
2411
6713
1465
8884
3374
7902
8936
7387
3527
6489
2428
354
3739
8584
4503
1511
169
2000
1122
5129
3072
2085
8680
793
3726
1914
9679
4578
8984
5820
5508
3188
6984
4593
2255
8147
4005
2911
3283
9203
4538
3042
8244
5854
6743
5145
7556
7245
8705
8166
7262
5642
8956
7625
199
7670
7355
7165
8990
2586
630
5026
4546
6909
3252
5564
5575
273
8789
6722
2529
9367
2060
4099
629
5429
2673
3092
6519
9056
211
1447
1658
8740
1468
7306
657
7759
7918
8187
3991
1633
2338
330
6070
1946
4533
8817
4548
1739
692
1366
8962
7193
7806
8812
2203
6647
7478
9817
4984
5680
5900
6677
4590
8570
9237
9598
5895
6273
4729
2596
8067
7444
3580
4741
2778
4859
9515
3011
7011
8843
7570
4583
6278
3659
8377
4840
1412
4084
8421
6335
2170
4397
3984
8501
5139
9653
5188
3753
3393
1949
8122
2227
5839
3855
6741
10
9657
7148
882
8430
5036
1498
1836
9013
8896
3193
1542
9737
511
8999
2806
8797
6754
5935
6604
6137
7226
1093
539
143
225
1908
2014
9759
4225
3633
9993
4183
8184
5433
8064
6935
4010
2342
345
5395
1287
8203
3120
9473
5285
6021
5451
6621
2987
2944
975
149
2174
9783
873
6898
4524
4632
6809
8344
8539
7274
6459
7936
285
5041
5058
252
3915
2471
3352
4307
5669
6930
9952
3826
6919
8552
5936
7445
2029
6161
2321
547
1557
649
289
3398
6923
9728
779
4539
3181
9017
6687
8565
9191
6195
2212
5054
5138
8052
6716
4625
3629
735
7412
8629
2367
3974
2294
1171
3413
7966
3555
4956
9006
5596
6514
4455
565
5214
1697
2281
1335
4466
7534
7800
5423
8312
5554
7979
9103
6690
1989
3737
4866
1941
2327
535
5843
3429
7504
332
3155
7829
6385
1203
2459
4817
1618
156
5377
1221
3470
1144
8674
1631
5778
3153
1668
2623
3482
2730
8115
2621
8562
9437
3951
8951
9133
5339
9837
7527
7696
3446
9546
3022
2523
2970
4738
5083
5028
5482
1517
9456
3549
5708
2332
8689
559
4789
9374
8620
9605
3818
4359
4777
5212
5017
2475
2818
1771
6824
1291
5143
2392
3654
1193
163
4628
5806
8639
5232
9132
5842
372
3266
3076
6729
6580
4082
2196
2723
928
531
9995
711
3003
7337
3383
314
4265
7438
7411
7603
6284
3892
7234
7777
9910
9371
2050
1796
1206
5909
1800
8939
7707
6854
3644
617
1426
3546
4141
6087
307
694
5295
1052
8963
6703
6171
7722
696
8795
3304
720
5989
7938
3857
4241
3065
8342
6291
5722
4905
4083
5822
5363
3280
7996
4791
8859
7999
1049
8772
6221
5149
1387
1568
6807
2584
6370
6002
4809
5726
2315
8036
2864
4368
7157
335
8603
6977
2276
5919
6126
7065
5268
9991
6902
5821
6936
6631
1024
2831
8149
2018
4818
1757
4282
4268
6693
1643
1714
481
9294
5047
6825
6092
8007
3089
6772
6941
6072
9738
3518
2940
4933
8810
8957
591
9720
8407
8927
933
1675
2016
8491
3
7280
5862
3711
5775
2351
356
7518
9726
4431
1209
7737
9298
4591
30
4054
3878
1047
3506
1454
9885
3131
1050
4362
833
6141
9164
3378
2583
3961
1473
7045
9520
4819
7405
8857
4052
2202
4883
3725
8759
7178
544
1359
4852
5019
8375
6481
3685
8729
4875
9450
4259
4143
798
6242
4927
4850
6187
2587
4263
6233
1721
7298
4076
4612
243
158
9596
5825
9934
2986
9656
1977
1725
2861
6870
4660
6132
5494
2985
7122
5690
7745
1405
3178
2511
4
7927
2156
88
9892
2722
2111
8910
9120
1672
1368
1066
8809
1938
3380
7353
3662
311
2120
7222
6497
1242
9768
12
1596
4592
9722
5717
5357
5723
9874
3285
4937
8040
546
3141
5626
8134
9336
7540
6442
1810
2155
8100
8474
3786
5063
5859
8243
3932
219
7395
3100
214
4134
6153
9962
7975
5136
7705
6175
2476
1930
5292
6658
4278
7668
9478
814
6320
5593
2469
4273
3158
9227
4768
2421
220
1440
3152
519
1111
5207
205
2496
9299
7709
3191
132
7568
2491
1138
6169
178
9417
3708
2298
6897
4769
4175
9404
5049
9754
7456
7616
1689
9797
6183
6069
1692
1015
1870
8933
8496
8876
9825
5476
9033
6787
5353
2941
168
4504
762
1537
1548
8020
1258
3940
4689
8339
4422
4726
1152
7661
2346
3392
6376
351
7744
1934
6352
9231
1120
482
3055
9811
5497
985
5590
5746
839
6043
5864
6624
8937
6486
4317
7953
8721
3448
9379
5435
4669
1363
5850
23
1864
5552
7596
6539
4105
7749
5359
7263
6994
9286
6025
2149
5513
9381
2265
8180
5918
1276
4834
9466
3733
9074
7482
9322
4347
386
4191
5528
8755
4957
2264
6670
8071
9821
9717
1969
9044
9280
5417
518
9063
5454
5045
1523
2307
385
9409
4312
353
7717
7500
8434
1501
1275
5649
6167
4534
7925
7536
4434
9174
9107
8488
1720
792
8215
6837
3217
2084
5939
208
3525
9716
6933
3996
1091
7268
8005
7461
1505
8299
2993
8059
6948
3813
9357
3615
2362
4771
3148
6446
5438
6660
6176
4608
2516
3287
843
2872
2951
9068
4244
8175
6156
968
6465
5044
5525
6842
7283
3565
2765
1873
536
3074
7066
7566
9416
8252
6656
2796
2772
6053
3836
8021
1606
3799
2224
7552
5127
7567
7854
8043
3735
8804
1087
6863
8490
8947
9835
7397
5816
9224
1306
2962
6147
39
5555
2684
1578
3295
1270
9884
9111
3782
7934
4743
1364
3575
7144
8566
9183
3075
5267
7358
3943
1174
9622
5702
6804
3245
8234
8541
3104
925
6534
9954
161
3888
4415
789
6924
7520
4237
8881
7502
258
827
7898
2127
828
9904
6755
8237
3716
1560
520
2030
709
6610
8764
6227
4793
7099
3480
1639
7128
3917
2328
1267
8997
5336
5735
5516
820
5745
150
8472
1390
6429
9026
7937
2799
476
1507
6314
5788
8273
3521
6794
4821
9420
7771
3399
3267
7366
9901
71
6096
4643
195
1023
4882
1479
4172
3902
9251
174
7320
7899
8627
7183
8230
259
3866
6123
3211
6999
4040
5221
9100
1372
1621
6031
8274
9242
2949
8696
2055
4463
9799
4196
6404
1820
9926
799
1704
4508
3863
3384
9454
9561
6338
7561
4924
2358
7224
2399
2057
9712
8846
3897
3098
3971
3585
1424
3557
3877
1210
3263
2445
1189
6321
6406
129
4507
6980
1302
1357
7598
8357
9626
6005
6437
9402
2141
1107
4942
934
6727
3856
144
7895
286
9403
7133
2717
5301
1303
4634
2700
5801
1027
8907
3085
184
1386
1797
2171
2286
6491
6055
2731
4121
9861
1409
4931
6366
8476
116
3176
6843
2852
9654
4851
8535
6575
1250
7195
1217
5796
48
7720
4490
2350
4154
7683
8363
271
8119
8307
3299
346
3543
9256
2699
3154
4407
9049
6063
4125
7517
8578
1450
9391
7247
4501
7808
4806
6627
1164
3050
2349
8464
4021
5615
8035
1891
961
7545
2036
9665
8816
9218
3523
4096
2017
7378
5655
5940
4059
4137
4899
3804
7547
6042
4308
4569
288
919
2299
17
22
6723
7059
5624
5521
2140
1132
1331
1880
8038
5599
3979
7196
1510
1033
2059
9351
8170
7175
7734
9258
9153
675
19
7022
8622
6047
2565
1656
422
756
7903
6011
2954
2124
7523
1304
8560
9919
3944
8590
5346
4323
1791
557
1134
1322
6198
7609
3364
2506
2104
196
6058
9458
3829
8471
9836
6571
1740
2239
100
3196
6246
8669
7544
4772
6154
728
7531
9421
914
6597
3342
5273
1428
9791
7839
5530
425
5898
4142
6479
3481
5084
4903
2757
4112
2887
7571
4799
3547
9572
8137
8612
1384
786
3566
1812
9435
1085
430
6705
3904
9476
5236
7351
4097
2980
233
6209
9413
6394
4251
1610
6958
7153
7009
3612
5171
2200
6380
5541
5030
3382
3776
9418
4457
3719
5481
1564
5724
3443
7746
957
2198
333
4161
5289
712
6003
2244
8110
8610
8485
3911
2569
7470
2751
5219
7857
3432
6768
3441
7003
2405
7930
4576
3341
8431
449
7419
4857
2091
7023
758
6953
4086
9360
600
905
6373
3483
7048
5296
5413
3043
9419
4596
9057
9392
9410
5038
5093
5210
619
4550
8058
736
4093
2355
5006
9983
3006
874
3693
2240
7673
2245
3345
9385
3479
8754
2387
8460
2042
9529
2853
5800
9112
4031
3568
3297
8451
8840
6402
9808
5920
6165
2485
816
7507
9190
3796
1028
392
5654
1314
7047
2969
2633
3102
5908
8324
889
7013
5277
9332
4780
4002
2527
1575
9070
2617
4888
8981
6034
4678
5313
2991
2727
1892
6220
706
8834
2871
485
8155
859
9149
2385
7225
3463
8770
3362
881
5976
5388
1640
9365
4165
5458
3781
7147
6802
8800
5227
376
1993
5361
4767
9178
1563
1607
4670
5978
8774
8102
446
5515
33
2632
9066
4603
3339
7716
4114
5180
2680
1342
6574
8127
1286
8686
8017
8413
9608
4396
5240
3815
6445
9014
38
495
505
4478
4207
8103
6884
2073
2065
4701
1742
9464
2718
6745
458
9794
8248
8787
6317
3135
9141
1779
3066
4513
4640
8285
2695
2850
908
7838
3424
9533
4820
7826
578
4090
1635
2162
3156
7894
5692
2626
3294
9637
3497
2430
583
819
7549
9232
3068
6322
1546
8238
2
6274
9278
4775
232
9960
236
5483
9296
9674
3959
6309
7541
9664
4310
4719
4549
9152
4652
4556
2874
41
5991
9854
2694
2464
4313
179
7641
2599
9279
6484
7161
9075
7348
4153
5029
5938
8507
3703
7146
1181
9927
5837
4420
1556
7942
4667
4948
7972
2638
2507
6691
390
6818
60
8519
609
3661
4369
9199
8554
9447
3657
67
1077
6513
7885
6143
2396
4381
4823
9097
402
7901
6487
9108
1003
4480
6351
7623
9348
7037
6888
2254
2810
2896
4223
1716
6046
8029
3124
3183
3680
5628
1626
8651
254
5094
4354
2035
9109
3029
6071
417
1168
6859
1233
3992
2548
6585
2532
1889
1094
7016
4238
5616
8549
4400
2631
3607
1142
5193
5243
5347
5676
7580
1787
5694
573
8395
6134
4679
8358
5770
1670
2039
9581
6324
8106
2144
620
4943
3228
8895
7403
7439
9856
2753
7302
7093
2768
5871
3360
9912
7265
4978
2543
9994
9186
4839
9966
734
2881
2756
1932
4953
8280
9039
8988
727
1297
9896
426
7313
6642
932
5421
3935
8374
8165
5081
3310
6767
7124
878
6411
9067
9480
2702
2412
9535
2448
8600
7579
9027
5230
5817
2161
7765
6372
4445
5536
2572
1350
2142
9662
217
2377
4965
4488
668
956
8264
9210
3599
3653
3618
5160
6494
4912
7608
6158
1682
2868
3350
1838
4781
7159
1196
4691
2467
2859
3760
1299
5932
7617
4379
8822
6555
4659
4028
3939
6753
632
3430
4930
6205
5271
7852
488
3077
1289
4518
5167
5583
4066
3923
7184
2720
3579
713
831
9696
5622
9455
1565
6099
7004
6048
8732
3675
4062
5039
3980
5318
4080
6895
9185
4824
3963
8543
3953
2834
1493
6998
1808
7328
7739
6050
2593
134
6921
9813
2912
4808
8928
6033
7678
8715
6536
4242
2688
2182
4909
4516
6742
4751
200
9992
7667
9566
5225
5656
3862
2812
9361
1927
347
2147
2098
1571
621
595
4119
6720
9030
8193
8314
348
9448
1931
7704
6323
3417
5574
5587
5174
2997
4968
4117
4458
5604
491
883
6828
8703
5042
3732
8191
194
26
81
1336
2777
223
5549
2519
8033
7021
6799
9234
3704
8879
3415
5792
8799
8268
4753
2148
503
6329
5797
9979
8711
2960
9833
8875
3823
4262
5736
497
1718
1956
8890
8497
1184
7466
151
215
1005
9714
3037
964
238
7081
7317
9011
4664
125
5601
2497
387
8288
4805
266
7747
6383
3605
790
8422
5848
9785
21
406
1086
282
8343
3809
8206
117
6793
6493
435
4735
8829
3969
483
730
9196
8905
6363
5436
4435
8520
152
9024
8749
4069
8359
9310
2495
8387
4934
4383
323
5979
8503
2378
4509
7968
7697
8514
8626
4854
8540
7105
9228
4145
1294
8313
1437
8637
5834
5893
6834
5720
6889
5152
7812
3718
5386
1281
7292
8510
42
6714
7750
7665
6655
5747
1101
6798
3071
2760
460
5857
83
6788
549
1332
3752
7741
7109
4765
9147
1099
8773
751
8670
6131
7190
1625
8276
1231
1288
9483
336
9462
9214
5463
966
8597
8727
1106
2639
1790
7077
1899
3366
805
5524
5558
5946
3177
6269
3859
8263
1655
6934
70
1866
6045
4969
4128
5937
6076
1831
9426
2860
9318
8253
1239
744
3347
58
7407
281
8118
5582
2666
1369
9830
9990
1685
4721
6646
7360
9247
6639
4254
6829
8159
3552
1326
465
8128
9611
9269
8393
7799
364
6049
6618
9516
7072
5478
7145
8144
325
9471
7154
6940
9292
27
7911
9307
4792
7187
3893
2965
5526
3121
7380
6635
1499
5860
1062
7908
3631
4517
283
5809
672
2270
4085
6248
8173
4185
3455
5828
2998
3751
370
2068
3056
3763
6030
2577
7406
6107
9424
7548
8712
16
9457
3420
8223
1449
173
1279
9521
2906
2352
1376
896
391
2208
6748
7964
1948
8998
8158
1534
9125
9739
6259
4749
8609
5411
6848
4802
4814
5490
5161
7790
5760
8424
7680
8678
6882
9823
4008
8668
532
3500
7778
7086
8545
9025
9302
1746
5511
3854
8665
3510
8585
602
3652
2219
8548
8655
9631
9510
5504
9036
9243
2786
7944
1063
8586
5401
6361
7513
5134
3146
6840
1731
5866
2220
3052
4049
4752
1208
3820
9444
6032
8231
6676
1888
8558
862
3234
4604
7329
9001
4712
5303
5294
1536
7443
3514
4299
7729
4292
2178
1244
1982
8006
3173
3119
5968
6434
110
1968
3195
3472
915
9411
9005
5614
4977
683
6
6433
7708
3010
9319
2706
8247
6587
1871
1115
3271
8458
5811
4644
7091
527
9594
9091
207
2086
7422
52
9573
1592
2513
1559
2930
6190
2668
1228
7155
6337
2839
8281
8638
3207
2391
6872
2320
9678
663
2943
5462
2910
7963
1896
6568
4733
4558
4896
3292
5684
9069
9443
8414
837
4870
9613
8066
3627
6813
8440
8972
8262
6105
304
8194
7586
9254
1043
9375
2102
249
7628
7172
9640
2732
2855
4228
7546
3315
7020
707
9406
1482
2278
3465
1466
7514
9438
4877
2225
429
9517
6735
2458
6327
1216
3116
1283
5623
996
4742
9847
363
8311
8101
6992
7272
1898
4215
2274
5251
6467
6982
5732
6711
987
5332
3729
9599
6159
5699
1986
3816
6673
6148
1125
1327
6702
5488
2501
6993
3801
1733
2833
8259
4704
4348
1491
9858
2913
7354
6563
7493
5896
2726
6454
4413
5783
2679
4351
2652
5784
9250
6916
1553
9638
4911
2828
808
6858
2236
2774
953
2333
7876
2326
6035
9949
9219
2781
1772
4871
4833
9765
7530
6085
8010
294
773
4717
7882
6300
1817
4372
3926
4995
2048
9283
6738
1663
5925
479
2622
6517
4813
5360
6129
6292
6640
4989
9179
4687
5286
5632
4232
1039
5523
5886
1089
6578
6814
6862
8909
8952
7205
8437
5397
7772
3613
2845
7510
4150
1632
8640
6518
4077
6853
2782
452
4408
3231
1117
6237
484
7454
8835
6369
4861
4645
6790
1074
3144
7240
5284
1981
1458
6112
1461
6308
4433
4786
7494
3656
4694
2025
9641
9168
8959
4151
7296
1422
3343
7450
6184
5366
7373
8459
8054
5921
8152
8613
2116
7090
3532
6452
5675
1801
2914
5324
4195
3313
2968
6130
6109
123
1051
566
2216
320
5998
1756
6546
6803
8555
5333
660
9911
475
1324
7965
4430
4979
8335
8362
3705
5830
7654
1088
1785
7935
2646
9649
4092
270
4427
5997
7050
2373
3386
9661
4631
5698
8771
69
55
5398
2379
9862
6068
8317
9311
6079
6226
3133
9551
7761
499
7330
2271
560
2900
2995
5474
834
5538
769
1104
807
2883
2434
8832
3105
8814
9967
7014
6601
7985
5068
710
2006
4030
2659
606
6812
860
1646
2319
2647
6214
5211
8061
6115
114
4922
7919
4760
9331
4967
2893
6826
9106
6586
2109
287
9291
1180
7685
7835
7855
7130
2187
7491
4572
2112
7032
9297
3221
9469
7199
665
1403
1522
4587
5630
879
7215
5486
2559
1816
9873
2483
5485
1533
408
130
4766
7658
5733
2318
1699
3970
371
2964
9184
4825
6599
3952
400
866
3591
2794
1713
1594
8171
1763
7653
6973
5560
4169
6832
653
2175
3004
2503
4467
1843
166
9734
3764
2209
8691
7282
9514
2461
8016
3409
5696
1398
2963
7322
8753
7896
1976
5951
3973
5506
8801
9327
970
2078
5302
1531
3070
3418
6692
7989
3058
8394
3336
5662
3890
2578
3668
7374
9267
7631
25
3051
5204
9207
6251
6315
9156
3251
3337
5518
2544
507
9389
3839
5234
4070
2923
3885
4950
5352
1669
3201
7557
4693
5467
1712
5682
182
316
7524
4139
2443
7156
2126
8221
7110
235
3845
427
5195
8648
213
2010
7102
120
8380
4024
1351
521
4800
7599
8445
1153
6629
3375
3827
7198
4939
1861
886
6120
7288
8706
3785
4166
8157
7207
6138
4511
54
8245
1476
8742
6016
3253
7424
5382
3145
5813
6593
6847
7916
5297
2879
5639
845
4205
8702
4629
2793
1038
523
4305
6490
863
8088
8534
502
3595
9944
4341
6304
3049
598
4790
8018
4650
4474
9592
9002
1182
726
3670
3604
8815
2262
1204
6968
2894
3057
5306
9115
6905
4944
6704
8656
7083
2413
891
9709
7922
8784
3293
9616
3289
2312
355
7660
3021
741
6059
1394
7343
8887
3284
1676
6570
8888
9333
5576
4245
4811
1678
1543
1809
2627
8298
848
461
9831
6965
3978
45
755
1701
7174
979
7194
6379
7375
1601
303
4042
9822
9055
8974
403
9643
1273
2134
3059
3001
8628
1702
9192
4764
8574
6896
3648
1890
700
5712
1837
3710
6983
3825
1555
9370
2776
7232
1229
3689
4607
7140
1599
1677
8635
2667
1402
8525
469
3103
9489
856
4034
5323
2691
9965
988
3927
2309
594
142
1540
4316
2743
2766
3249
5163
75
801
8283
490
4102
8700
7931
5959
2961
6975
1526
2724
2414
5606
6371
9585
7998
2974
3999
7614
4646
3319
1380
8251
7867
6022
109
9732
1443
5046
1884
818
6200
267
7584
4571
4981
4617
9344
4248
3232
9740
8722
9295
7712
6877
2340
8677
5257
3017
669
6530
9582
2644
4170
9914
8611
1232
3410
1329
4708
1459
7801
6855
4439
3390
6762
1846
3738
4394
6607
9668
9890
7490
7618
3569
1792
7766
66
1595
5426
5120
7223
5461
7112
1541
8261
8594
8824
1149
9849
1528
7075
930
1397
9628
1057
1009
9180
131
5408
1773
2654
8850
5085
6265
9985
1708
3561
1879
6672
1732
9080
5905
5990
29
5975
847
4342
646
3447
8473
787
4589
418
2866
8062
5607
9313
8601
128
4878
2550
337
6901
3687
8301
8198
1205
9345
1545
9255
2468
9727
1260
2166
5933
92
4838
9016
912
1852
9793
4285
766
9105
795
2537
2939
9606
810
4122
5123
2397
1084
5228
5971
6185
8282
5715
3473
5075
3722
1337
702
7489
7100
6960
4918
9695
3513
4727
7990
1847
2797
8114
1558
3947
1978
9769
2190
7074
5048
2918
4043
8026
24
3431
2052
6675
3496
1992
670
7846
2767
618
9487
5569
1821
9771
6970
2272
7640
5022
8542
1881
8847
4992
8057
274
9624
9143
8599
4663
2389
3464
5658
4344
9503
5459
4626
331
6108
4920
2289
6398
656
7069
248
4449
6938
5757
4601
9263
1147
8325
7402
516
9440
4904
9788
655
9337
1581
4547
5181
1951
6483
748
9571
5278
7824
9798
6386
3956
6662
1583
420
7121
6255
9259
582
14
9964
9037
6182
7483
3635
4831
1207
4974
6979
733
826
8580
6474
5492
4795
2545
6522
9618
2423
1339
1236
2822
7649
3160
570
2882
5416
4720
5550
4104
685
6197
3402
579
3696
9470
3990
5884
6797
3529
7869
6524
3921
2293
272
369
397
5835
4071
8925
7321
9225
5858
1235
9574
8533
8294
3491
6318
1067
7457
4788
7259
7564
1872
8447
7991
5231
9627
8823
2846
6086
1589
2769
9239
9162
9235
2789
2908
4297
3682
4668
5861
4027
3026
6573
4672
4429
3495
3713
7796
6113
7538
2233
8781
2892
4990
5603
2735
4300
7423
5107
3175
6282
6708
907
5155
2386
3027
145
9113
9349
3831
7114
6667
9468
7619
1040
2642
197
3806
9703
1068
3123
6939
2747
7601
6611
9474
8093
2823
6603
8373
6750
6208
8980
6918
3880
1582
3720
6262
5201
2594
2763
9506
4976
7252
6435
8478
3450
1042
2366
2709
1915
1222
1137
3302
6737
8994
4531
6836
6549
5097
4436
2525
4016
1226
5379
1727
1353
7917
6774
4662
864
3361
3476
3227
8202
4750
224
644
7978
2237
8319
1490
0
9358
5434
7923
697
2311
5742
4718
4133
8104
7873
7909
5650
5274
2479
8862
7434
477
2409
1943
2288
7914
7669
1401
3028
1661
2234
361
9197
6307
835
6051
3993
108
1234
6851
6987
2554
3847
742
5855
5208
1623
6316
3488
5258
7710
1828
6559
480
3517
2452
8469
1059
8955
4321
3394
8776
8258
8508
9436
9757
1997
1254
3793
141
3770
6887
3625
154
899
2528
5993
2152
5561
4124
1448
9609
4437
5556
6781
3423
8004
4473
5987
9062
9226
4391
464
8328
4144
9761
7164
6472
3088
3212
7064
4887
9744
222
4481
4635
8695
7182
1065
6257
5540
6845
868
8630
6606
7385
7644
4103
515
1029
4360
4755
3451
4853
4218
688
3453
1603
3784
3539
2989
2946
7239
8070
1318
9866
5640
3492
1025
1021
3906
1037
8495
9264
3790
4033
4184
9522
15
7984
616
8091
8604
5758
3404
9651
9775
9312
8746
3749
8606
6400
6915
5833
1762
5664
995
1330
774
5074
4135
305
440
1985
8564
6679
9434
4880
3505
4723
4056
4004
6686
306
2406
8076
4868
9007
8432
5716
2625
2189
9315
8181
5419
9832
6903
8967
2869
4377
8483
4260
5177
8435
7893
7433
3636
137
8332
450
470
8573
3728
4386
1566
3700
5427
6303
5969
3396
2826
5944
4267
4302
6583
3230
8845
7087
7104
6326
6306
986
8441
9701
2128
8132
6900
7039
1453
7432
1749
9660
8642
6541
2803
9176
6566
6904
719
9058
5947
9046
5889
5246
9465
7275
136
9368
3435
5124
8236
8117
5777
6974
8409
1439
1400
990
2849
9908
5056
1535
4609
1055
135
292
5943
9939
8995
7958
8037
7811
6581
6547
5370
6439
1877
9792
2819
3169
9749
6117
1105
8241
2043
4382
4094
7731
5831
5591
1572
7255
6006
587
8897
7269
6946
6943
5281
4639
5383
5033
4163
7063
8210
1525
577
5209
8499
5015
4722
4633
8226
1114
9110
3669
9212
1452
9324
1936
4740
9032
9755
2250
4962
7884
1108
1902
7827
9204
7372
6852
2046
2472
8953
3499
9579
8682
1944
5610
318
321
9724
261
9301
2251
2779
3222
6276
8279
8743
8650
9804
1955
7287
4619
2952
5078
2656
7062
9194
5805
9129
3117
4451
7818
2564
8672
9248
3507
3422
2460
1251
9752
9841
118
3097
4296
9216
4380
59
2418
9453
4946
6770
7742
596
7396
395
299
2959
3372
9800
6569
7780
1652
4450
3330
4058
9932
1748
9878
1807
468
7841
3112
1308
4856
4289
4213
293
4039
2137
8468
6392
6215
8463
6950
3170
7606
5660
6661
3503
1436
5126
2331
8229
404
7600
4443
6871
7837
9814
5894
5472
2201
6272
5170
6926
3214
7026
9158
1191
4681
9590
7803
7763
8249
8348
4219
9043
9390
6201
9081
7615
7309
4554
5064
8031
4648
5062
3819
7537
6600
6188
9540
76
7341
5901
3244
4581
7377
1593
4048
4243
3787
8914
9148
3269
2313
3646
3490
5887
4725
7388
8246
4988
8351
2045
7638
3288
7844
7592
1959
9266
771
1752
4580
6271
1248
4337
8403
3187
9907
3440
8512
5585
8027
3955
5888
1169
7573
8934
9094
1102
1973
1481
576
3882
590
1109
1000
2228
388
6515
861
7484
6077
5111
3666
9882
7188
7960
8763
8371
4565
8709
5282
3264
3570
3707
3647
2136
5531
9531
8113
5205
2790
5815
1360
3634
3843
5960
5646
2851
3714
8919
1608
9098
1962
6632
40
2063
7053
4193
8878
8381
1750
439
9986
3741
563
8338
2375
2266
280
8277
2157
4665
5215
4111
3054
3702
9061
4129
7982
8270
9607
2926
6111
4627
4757
8347
7636
5009
6074
8398
1346
7805
2562
2670
7498
7809
2210
8673
7056
8305
3164
4570
4074
954
3573
6342
1078
6163
9731
2729
80
28
6426
6277
4638
982
7585
7692
5321
175
5330
2749
6364
3598
4486
4388
6789
567
5119
1118
3118
6912
593
7856
5808
7912
9872
1918
4499
8977
419
1041
9492
2279
9472
9923
5605
3078
3988
8461
9459
3273
7301
2536
8257
729
501
8991
6089
7384
6173
4655
157
1278
1835
545
7969
2416
6964
3449
9054
78
177
7701
4162
2231
3035
5057
8873
6041
1760
3541
4921
6231
4647
8356
1520
9725
6367
2870
5099
9900
2624
6212
6328
7392
7379
7954
698
5704
9104
6986
2546
1471
2462
2492
8340
1629
3712
9187
2742
159
5071
7569
9916
7034
2369
849
8302
9076
9906
7572
5568
2287
872
7113
680
8014
193
2566
1698
4271
5836
2284
9116
3884
7657
8239
9339
6626
8217
7463
8345
3548
4563
5685
2380
2047
4444
4528
8636
472
2955
3215
1780
7451
6325
9177
5216
5753
910
6311
250
5967
6839
9980
9543
3180
922
8550
841
7840
2267
558
6910
722
3419
1529
6531
2080
2716
3073
9159
6387
4776
8792
3655
8256
7071
6152
1647
8418
8275
7959
3616
9040
3194
8783
5674
246
3471
2056
904
3597
1413
4157
2304
8188
35
9796
9715
3140
9511
9157
493
6252
5986
6097
474
5774
2089
1963
6717
3933
9621
8708
9807
5299
3558
6976
9969
7227
1081
9122
2275
5577
6622
7365
9917
2390
3593
2259
7588
4551
7724
9020
6740
5253
2341
6078
1253
3223
9383
1334
9138
4318
3308
7659
183
8151
5661
9495
1489
1875
1878
5773
1155
240
8760
2713
4559
597
8406
265
1362
6577
9746
362
4301
1048
6457
3600
1738
9941
7181
1352
836
1929
7994
2984
4874
5592
9206
4621
6150
2686
6796
9915
7370
9356
9508
7229
3159
6609
1496
8767
682
5259
6576
7633
2635
3832
1715
8664
2745
9865
8489
6756
3545
106
4216
4412
9978
5930
4019
3128
5618
5645
3771
155
433
6149
5179
6501
5148
6528
7169
1475
9045
6914
3109
5727
2755
1653
8448
723
2615
4468
4926
6266
7875
9560
2801
6088
3101
2927
6801
2798
7277
4873
8968
8208
6952
1223
5897
3174
5334
5798
9639
9249
3190
3872
6009
8607
6589
2957
1444
8777
4649
1735
8794
5237
2703
7476
3243
7645
7094
1638
8185
5455
5580
5453
960
2393
1538
759
6521
926
2204
5904
3667
5266
5373
8304
9289
1970
6224
963
2226
2809
9938
2576
3127
7185
9441
7866
5304
5308
2186
2517
3792
7828
4699
4240
3985
4698
7120
3137
6873
322
4714
2232
2238
3093
3528
3762
6758
1119
2214
8196
2605
6174
2981
6073
6232
6861
9563
7883
1455
5688
4783
8886
1657
2733
794
681
1282
8075
9758
8768
4279
991
2948
9092
9767
8615
7794
7834
8074
6202
7300
6425
5108
605
3584
6917
9614
6177
1830
8973
6062
3291
8309
8683
3516
1082
2348
6408
6744
2895
1200
9707
7791
5000
1530
6054
6591
4331
8297
4378
9193
2505
3620
5165
3025
1420
8553
4526
9921
4779
4101
6857
4782
6525
6678
4015
4361
7836
3577
9750
939
4716
7338
6346
2648
1190
785
1425
9556
4072
6166
9384
1116
7448
2001
8352
4588
9038
1617
5534
7910
412
6103
1842
1429
3800
526
6409
5737
8322
1819
9742
4561
4366
6869
5190
7186
6293
6135
7052
9629
4108
1159
7642
1300
496
3512
2916
5981
2370
4925
3434
2384
4001
2880
7997
5670
6771
2004
4095
1851
9684
1768
9864
9790
7983
8949
3485
718
7698
1500
105
297
1354
8684
4358
8645
1630
5846
2515
4026
1211
1694
8921
7700
4846
6602
4009
1012
5849
4149
53
9261
3401
2931
4651
4829
9460
823
2486
4155
851
7525
1183
5262
5344
7590
4847
56
3388
821
1385
8073
3803
5683
3765
3798
2643
6245
2508
7139
3954
1586
5242
2663
2937
1277
7862
99
7533
6368
7035
9461
112
965
9305
2678
1758
7758
2504
6286
7211
2107
8161
7249
7416
7870
6890
1858
2935
1683
1010
4041
6550
407
973
4230
7027
1598
245
743
2074
1798
3966
8107
4470
7067
278
3136
3038
2929
2051
3822
2027
6222
5090
2135
9647
876
3358
7125
5345
4375
4975
6822
4674
5067
9713
9871
5233
221
2612
1853
3206
9
6567
4053
4620
8581
8918
6499
9644
7115
2316
7281
5517
4395
1730
8803
4469
1032
4447
1488
4167
6947
2347
6619
2920
9943
9432
5721
1920
1802
2169
7279
396
6689
1070
5827
506
1521
8177
5755
6707
4928
1688
6430
6985
4527
6254
5300
3871
2407
8442
8911
2582
7986
7367
4100
3099
3261
8518
8766
148
6186
2002
817
5689
9169
6294
319
4411
3086
4319
4227
8182
1130
4739
9139
5648
5091
428
9099
9504
3983
6218
3458
6551
1263
1984
9220
7776
7137
357
6532
4355
8192
1004
1789
8049
3869
7453
1860
1316
4746
6706
6529
4160
9085
7921
3060
569
2440
5984
8688
9173
3197
2019
4032
3045
4357
3867
917
3114
6784
1370
2302
2555
6416
1622
1225
6779
822
7319
398
9946
4012
7926
4958
5578
5260
5051
2130
2024
7177
1576
7563
4126
9973
3998
1650
2676
8671
9507
9353
4414
3520
9124
5425
3303
8028
7401
4197
6688
8544
6357
5250
2689
8368
8168
8240
9633
9131
5060
9846
9412
7686
7210
423
3317
7891
1722
4211
2450
7804
2371
634
631
7648
8500
167
8641
1865
4252
4328
676
791
7810
1883
2100
4952
5443
9733
8366
8086
1199
8411
5693
1259
7577
9931
6302
8563
5687
7270
870
5738
8738
4174
5691
9078
6305
708
4585
7134
4309
4270
9334
5911
8179
7051
9165
2526
3748
1344
9035
7605
7273
4537
3053
3111
9290
8266
8827
8782
1238
8515
885
5891
2020
7607
5759
2856
2368
5276
62
4641
6362
7040
6310
6616
6761
2223
1407
8598
3673
7080
5469
3564
9428
3909
6533
3084
7315
5131
3162
1882
1410
2261
1064
8417
9246
2422
8163
731
115
8699
9894
160
8631
2967
6841
6179
8120
5573
3698
1662
9077
7559
6211
3143
4201
561
6417
3344
4326
528
1974
2381
1220
2356
5113
9316
6256
7880
5218
467
3686
4949
6891
338
7543
7743
4707
8143
2180
8487
2899
8504
6377
8153
3309
7788
9988
6080
1419
7376
7995
3772
4178
7477
1777
1912
5164
9029
47
8242
607
6319
9281
9182
6962
5059
5402
4187
1495
8174
7449
7597
2888
7512
997
7532
8944
7393
884
9899
2697
3438
4011
940
5445
4477
4280
6542
4744
3106
7817
3553
7634
2827
9072
3427
2613
871
9265
5734
6786
6981
757
9903
4315
8178
7382
5710
8893
9972
781
9958
8735
7718
4064
6715
3664
1175
3445
9028
2934
7160
4198
2058
3691
1485
3946
8077
2335
3504
3645
2549
8392
4502
626
7344
4390
5970
824
2738
6565
6699
7650
5701
2674
3014
4835
3338
2449
4898
9523
3918
5446
1156
7060
638
9452
4275
6733
9612
7639
6281
9893
3327
451
903
9687
3387
937
7218
5879
3937
4841
1030
6036
4865
8308
7957
4773
2690
383
6168
4236
3002
4519
2314
9059
1053
1054
8681
4295
2252
2306
6775
589
3281
6638
2575
7732
1823
902
9548
8778
4246
352
9330
7311
2658
9022
9499
6505
2498
9527
2787
7391
7253
3889
1092
888
3024
8863
8080
5802
2692
2728
9127
5293
2734
5667
1516
1266
9781
4035
1151
2685
2070
3846
8856
7695
7163
5869
7699
4747
1627
7814
7410
9554
6027
7431
6719
5125
4836
8260
1911
8870
3474
5320
6954
7400
3903
3789
764
1017
7663
8060
1165
2547
2750
6189
3139
1167
7469
4123
7515
1585
8624
6267
1434
5781
1696
627
1729
188
5087
1850
309
4336
1960
7158
5072
4057
2488
9977
4261
9595
5572
7797
4493
2740
7325
5371
9287
4206
9012
4425
4575
4987
9948
2260
3064
508
275
9163
9706
3602
1665
8825
2123
9445
9576
5279
1719
7770
9756
6458
3640
8399
2610
3220
378
1705
8867
8658
8830
2153
5566
900
3592
138
2165
4014
5005
1133
622
7096
5390
7865
3643
237
8864
9170
6283
6378
6343
690
3204
6617
543
2607
8133
7562
5381
7192
2044
9253
9493
574
2494
4940
1605
3036
2780
121
3436
2145
2211
1709
2758
1192
1961
3138
1636
3908
9089
7368
434
3048
7943
633
9675
3601
5287
6628
1237
5052
1345
9134
3407
2783
6104
2317
9355
9544
695
3040
9244
349
5146
7711
1554
3730
6588
4894
3316
981
8602
5305
5804
7326
8293
5365
2657
1509
9427
2579
8063
6806
1110
4229
1013
5369
9362
2221
1964
6289
1681
5400
4510
5341
8979
3697
4941
1274
6001
9431
969
7070
9538
7447
4253
443
9205
8833
993
2095
8300
8404
6582
4402
3660
6244
7624
204
8470
3914
3773
3868
9777
5878
8871
413
8011
1474
4816
3258
4971
9034
1751
5142
4311
1998
7107
3684
9887
7167
571
2117
7427
4515
6511
9897
7363
9875
5709
6082
6390
77
5144
6217
1298
7755
2811
2184
4364
9593
5786
8446
6229
9704
2021
146
389
5020
1971
3860
9528
1177
6014
6922
4454
1128
8320
4724
4864
6083
5037
6817
7435
2571
8444
9588
2863
9745
9160
3808
5392
8457
3079
8154
7576
5840
3277
8336
7079
1018
8582
9748
3740
1686
5350
187
5235
5557
85
6681
6249
551
5112
3756
572
1265
7314
3081
4542
8009
659
1284
6464
8436
5922
780
2269
8692
5335
1916
4204
3023
7131
381
8698
3590
3202
4970
1544
6967
3671
5196
6405
301
8785
946
2604
812
3314
2077
5772
7823
7267
7173
8250
7501
5980
3821
5092
1442
9819
9918
9233
846
5519
5442
5872
7582
5244
6238
825
3731
4448
6389
5829
8861
2748
3377
2609
91
1673
7845
7620
5956
1776
5964
7028
2361
4385
3467
2028
6644
8051
1293
7842
5342
3538
6608
466
3941
1246
3511
9786
1813
9300
9321
7383
2992
4843
226
2229
6110
2773
2222
4491
5117
584
9123
7795
5923
7369
2009
8527
3508
7816
8660
877
9689
6564
3039
3020
2012
43
8855
5995
5114
7327
7961
6029
6263
1395
1895
800
9670
4567
2007
9222
5527
73
6395
9635
6018
7551
1126
5950
8142
7526
5396
9082
8349
541
2947
3938
6477
8775
3250
4686
1320
2500
4893
2482
5487
9399
2711
7236
9401
9095
9718
1272
5082
1827
4423
2257
5973
6414
3709
3005
3475
1754
1518
7290
4476
3677
4367
6615
8438
3486
4158
2805
9338
9710
8443
4544
4890
7250
7756
9557
7950
9382
3167
4794
3236
1310
1365
4891
7467
5380
6028
6819
104
5966
9146
6142
610
8950
3203
924
6850
6502
2199
340
949
5512
1764
5719
3456
2890
7073
9449
8087
4597
9008
5314
3928
4677
7333
1766
4709
3960
6598
3522
1514
2737
94
3262
3560
9238
7951
2885
8423
6019
2099
6421
9620
9126
5001
4523
5903
5409
2322
8227
5325
1620
3811
9809
1162
9867
3331
2608
4272
2473
1492
9500
5186
8851
5868
5501
4690
687
3879
1928
9317
7242
6906
5157
2696
5466
8632
7308
1784
4492
7671
9285
2919
9780
9880
2034
9774
8003
3213
6407
7088
1315
754
8724
9677
8267
6094
9009
5104
529
8720
3469
4745
6506
7362
3229
4951
2701
4916
1311
3241
2858
8355
8002
1744
8954
2499
1690
9812
9580
913
9982
942
4079
4637
5520
438
8524
1469
7767
2310
8526
8001
7111
2815
6388
3157
5739
7123
1197
6384
5456
2164
8807
4553
7
5629
651
1341
1862
7243
7136
2752
9863
279
6623
9373
3080
1002
3982
2388
9553
5543
3665
9634
7833
6778
7266
9021
247
5410
4387
7399
456
2268
8097
6526
1854
1906
3400
4595
3260
8046
3322
5270
6659
8486
9879
5542
6162
9942
7036
7044
7409
3325
5961
3674
8592
4284
5812
9003
5510
5239
201
9826
8195
3125
761
550
1833
4586
9378
9189
6270
5581
5763
8323
5652
4985
5128
5172
5659
11
9512
6191
5424
133
1157
3328
9229
1460
8220
6441
6773
212
291
5130
5206
6040
172
6151
3015
8232
2671
8707
9844
5807
8719
9645
6782
4116
8537
2651
6235
9922
7621
8085
5027
869
6236
4404
7553
3018
290
6374
4849
6427
1886
368
2248
6172
1135
2490
9604
9692
1806
9209
6444
1614
1841
9015
1569
7293
5065
875
9981
9669
9853
6468
3502
393
4872
8948
1561
4475
9855
1824
2681
6929
3457
2062
8903
918
6180
3239
6038
7784
2442
7878
8039
5222
8492
5845
772
6795
5014
405
8765
6440
5307
8056
8138
251
7012
7672
3033
2891
1127
7956
1741
4374
1942
3275
8591
9485
7928
8509
2273
803
5439
8556
1011
5769
4543
268
2996
9568
6463
7727
7610
1467
2802
7019
8826
7751
1679
6461
6393
8378
4901
5644
4876
494
7820
8000
5477
5406
9672
645
7038
4298
9494
4683
8969
5374
5883
7244
8502
2297
2558
2415
8130
5351
2336
3354
8126
2108
890
1446
9048
858
9564
7676
7214
3581
9346
7519
1588
9398
103
3777
3326
9955
313
2092
8025
3321
2570
2150
3997
7254
5814
4540
7681
8943
4600
8970
4403
7723
615
3989
3184
4498
5118
6253
3950
2530
8015
8882
5686
6868
5133
2837
2478
625
7822
1910
9630
3012
7472
9293
8109
1045
7702
6937
9320
4025
8095
6596
5176
98
37
3069
5885
1433
642
5159
462
6219
6287
4758
3919
8030
3460
6966
8199
1600
1612
9839
9840
4945
5021
8042
8588
3149
5025
6527
9154
2629
180
8568
3348
3596
8793
5983
6396
1470
724
1008
4521
4980
9102
3376
752
4907
7651
753
2977
2746
9050
1404
6469
6894
517
5420
2630
7289
2510
5147
6562
5756
6648
7612
2903
6721
7952
4418
3916
3414
3115
604
394
1933
7626
658
8522
8808
6299
6680
9829
9591
4421
2966
7336
2715
9245
8139
7679
7522
1257
3371
409
8935
8390
2953
2354
3365
3727
6039
4966
3563
7209
7347
1456
5387
4325
3924
2408
2502
7394
6911
8912
2836
3007
5389
3617
8634
1687
3795
9698
3182
3828
4622
6098
534
9513
7611
8633
4288
6718
2177
8024
7787
7632
4405
3958
9667
334
3642
5391
8295
1979
8734
9719
1285
5202
703
5393
5565
3454
1247
9974
6995
326
4858
2410
7332
9699
102
1747
6927
6503
9584
4392
3151
9976
8315
1163
5135
5310
6777
4756
537
9818
2061
2372
9536
9721
8124
2382
5539
7529
8938
8986
276
3320
7905
7684
3332
4671
2033
4419
1418
1438
5200
6475
542
5194
715
9795
1172
5544
1919
8494
9619
7168
977
2283
8733
4000
1767
3894
613
4889
9984
1952
176
7941
4837
8205
9603
2876
6928
9685
1333
4063
9636
4485
4314
9778
9663
2439
9747
4656
1378
9956
6886
4050
2420
962
3216
8958
6052
6867
6193
1166
2971
1957
9601
5567
2542
3699
4500
2023
4269
2188
2979
2295
3649
8623
4202
9690
4180
1173
7029
7386
8361
7874
2636
5080
1036
6698
2820
7593
2437
4961
650
6765
554
7589
1348
3977
8084
3247
5248
9857
3219
7217
666
1695
4017
3130
185
3603
8140
3768
2655
1726
2383
3379
5217
9262
5703
9223
6666
1480
2854
8521
5672
9802
2242
8717
3531
8212
894
8156
8401
7728
1178
6785
9274
5749
6883
8960
8996
2589
2950
3861
7558
410
5255
3609
7015
4233
7442
4306
3041
4797
2843
4020
1786
9415
9393
8269
5322
4886
8334
8370
4148
5367
57
9498
3750
635
9270
5493
9886
5740
206
6348
8012
1994
923
6428
8652
6701
5264
4728
6893
9827
7736
4602
8663
339
3359
5764
5290
8121
9117
9386
782
227
4479
6520
5050
1876
7426
2925
1591
4333
6023
978
4452
7819
4759
2115
4018
9325
6498
3810
1552
8654
1421
7103
5673
6516
4078
308
5706
2003
9550
7241
4465
6228
2185
6004
6864
4484
4410
4932
802
5799
9702
4107
2453
6423
5457
9376
8382
5765
5197
3016
2844
8716
1917
4200
7231
938
3509
8561
4055
4879
7760
8425
5571
2620
93
7230
9171
4221
34
1392
7773
2791
809
5032
4256
3852
9004
4653
4428
1406
6436
611
777
7018
2814
6920
4906
4710
9673
3936
6540
8880
3883
3759
7863
4848
5752
3942
5653
4045
3830
9388
6641
5241
6668
9309
9524
7151
7203
1755
7733
654
4680
191
4579
6455
7201
983
5283
6331
2857
4688
9891
6119
2076
7129
9217
5934
1975
2873
2907
4067
8376
7821
4610
8790
1794
4525
927
6725
4073
6554
5100
2830
2867
4462
5907
9175
9200
8750
9188
2795
4863
1095
4327
315
8546
8728
4997
6956
5877
7495
5378
6820
8287
2972
2581
6279
6636
3224
3694
1958
2938
7738
9323
556
7574
7677
4130
1937
7860
9803
901
7420
2825
9065
234
3044
7785
5105
3094
7843
4231
8201
3353
8372
2455
7764
375
31
2649
8284
3949
7261
7371
4224
3540
7219
2675
5767
7101
5185
7471
380
6731
7782
1893
5016
9240
7352
4287
5597
6972
8649
8331
4661
8454
8141
358
4986
5945
5470
4210
6422
3994
3544
8854
9509
9041
5502
7005
8961
7359
7748
2069
4007
7474
4426
6613
9843
8083
9088
6557
6780
1219
7757
5881
6830
1143
9773
360
5867
8172
7303
7892
8913
9766
2026
72
5464
436
8354
4044
6122
3524
1377
2041
9583
2932
5275
4860
442
3047
6181
359
4264
6007
1034
4322
8751
7475
7752
9394
3000
2424
5430
9824
5851
2205
9128
9784
8531
3209
3256
3559
9051
8511
5077
4495
3526
3594
489
9951
51
5789
5199
5677
3688
9852
5768
1551
6460
2784
6584
3533
7324
5977
4605
7652
9845
2975
8321
564
581
2556
7492
1136
3706
2477
2687
3995
2053
5856
5643
1966
5316
640
8930
9575
6739
9073
5428
6734
4618
2159
4226
9087
9577
9150
3761
7318
1513
1022
3913
852
6127
9848
6225
7162
3452
5055
5529
5008
8605
4582
5326
2653
2040
1988
9623
7973
2862
6844
5354
9486
6091
2821
5288
5647
1373
124
2121
2470
3899
4895
7046
8575
1778
1256
5546
3437
2922
6509
2707
5102
2886
4630
7604
9763
6548
1227
7152
8092
4703
4803
2402
5489
5109
2246
3370
9989
4132
6709
5066
8136
9518
6697
1519
7455
857
5106
8818
1202
3519
1083
4798
2206
9834
9655
2480
2081
760
2539
4611
9276
2838
7864
6913
3849
4417
4188
1736
6093
9198
842
1019
3907
4762
1680
1240
4472
5355
4514
