113
78
6969
2975
6050
9692
699
4143
3603
3563
1969
851
3026
9137
8894
3599
1865
3252
5711
1971
2002
3036
7052
4657
7065
6481
2237
7028
7002
920
6640
2830
4665
959
9210
8563
9399
9140
2544
8266
8928
7376
8694
5580
5345
8441
8581
2006
705
2319
915
3609
9535
5896
6082
3011
898
2521
772
6059
7842
2791
7753
4769
414
1512
8036
9083
5533
8757
8389
6619
667
9619
6721
2519
9130
2294
7994
2387
7157
6149
1357
4262
9852
4917
48
8567
3467
7441
8579
1722
7986
4396
6180
8345
9599
6515
2315
8268
1572
1673
8230
503
2007
8392
1234
2994
6088
8237
2586
9477
8116
4042
4240
5128
2274
9940
4048
2154
4272
8346
8012
4379
8190
5778
6655
7199
8616
8727
3062
7653
6264
5765
8197
4159
7282
4342
3785
465
7732
1099
220
822
8664
497
796
14
6925
4233
9373
5701
1566
5028
136
3912
6571
4962
7192
3666
6241
4323
6133
7524
1848
3068
7204
177
657
7902
612
8939
1632
1516
5156
3330
5733
8065
1022
7211
2098
6508
4248
2657
205
454
8466
5624
8413
1158
4595
9895
1031
5272
5663
2092
8320
2892
4737
8249
8518
4239
6628
9825
9040
2453
8062
7903
7625
9874
9710
8063
1078
3743
9876
5140
6965
768
8426
5288
3843
2377
1585
41
3942
8453
3869
2208
1175
4361
9870
9485
6359
432
9793
9045
8653
2606
1467
3013
2290
9740
8674
3913
1040
1681
2869
8643
4937
8393
8824
5555
1469
8963
4177
1627
9548
1002
843
3657
9133
7907
6542
3266
4733
1617
1543
5362
3211
2874
5573
2283
1390
448
6269
5595
8833
7314
2939
7353
4171
650
1313
1723
1509
1226
2700
4946
6015
4765
3449
50
8738
393
1355
9336
8042
615
8513
921
2811
4424
478
8763
9955
713
9782
4772
6181
7037
3268
5787
138
8830
584
5963
1877
6588
9605
8834
3953
206
7635
3647
4450
3660
8333
5282
944
2425
6500
4543
5369
5474
3813
5982
6673
8203
7887
7149
7728
5883
7866
1950
8855
3083
8949
7159
5268
2419
8936
1538
606
6869
4431
3409
5821
904
2120
862
1232
6840
5327
1200
5023
3362
3576
3853
6090
5748
3936
2889
2752
2540
7798
8030
8103
1231
6660
7966
1740
722
4774
2347
8367
3
2300
9074
589
7174
7249
8948
7061
5183
1718
343
7190
9575
4778
9289
4140
4497
2372
1774
155
7185
7293
7706
7772
2729
7555
7372
776
5738
1953
2684
2605
3297
375
4827
752
6474
2595
4909
8355
8754
2339
5871
765
1900
8216
7608
1441
4667
9860
3088
7959
3721
8182
7024
8930
9718
4308
9844
8021
1574
854
2619
7276
1559
3202
7072
8623
5328
4118
1368
6388
2754
5661
9030
6876
1781
387
9104
3047
2635
2514
5607
8406
6166
2762
8052
4012
7895
9653
7363
5915
9025
1021
429
7031
2969
9594
4924
9334
7592
9651
992
6362
2107
3837
8499
9315
6150
7120
1310
2726
8449
2422
5359
1254
4454
1006
9905
9919
2004
3504
709
6038
1563
1716
830
3836
4654
7570
632
2233
5790
3988
4378
7579
9889
3217
4300
2371
7019
8133
88
2864
1267
3050
2304
7448
3770
3741
891
7545
9390
261
3342
1265
2019
6277
7713
8023
2199
6483
9072
8215
7769
6024
6037
2202
5126
5284
8798
2900
3832
3051
6404
9394
5351
1471
3188
123
8476
3070
8708
1827
942
2831
8629
4996
9544
1540
3353
573
9050
4049
6393
6674
8681
3663
6001
8927
9090
1881
8512
6184
7605
3872
5205
5127
4374
708
2819
562
9386
4277
7781
4444
802
9020
1408
302
5622
8316
3958
7729
6019
3695
6278
9129
9838
2303
8804
7864
2075
8984
3105
1845
4030
8527
5863
9713
4880
153
4759
132
6044
8350
6189
5118
1044
9244
553
9864
4128
9866
604
6979
4831
8488
4960
7101
1349
9683
1207
7974
3223
4301
9957
6566
3240
5432
2230
7616
1263
4033
8247
9747
3221
4515
9016
6282
197
9146
613
2356
9776
6413
8401
4955
1114
6357
9949
2896
7432
7604
1208
1126
574
8422
2045
2424
8281
6729
1163
4433
2423
7111
2848
3778
7182
7927
9528
8971
9266
7401
2490
9621
5361
8640
6454
5774
4279
5066
5779
4552
8884
7558
7176
6307
3218
7861
8160
1014
6890
1102
6406
5057
7308
3030
1483
5527
8014
1711
2176
2238
6692
813
2749
8592
2699
2150
5391
782
409
9056
7497
3993
1864
5501
3550
1077
1067
3313
5397
2316
2835
5775
8907
3506
3794
9610
839
7867
9194
208
5064
8032
3517
4808
1826
2669
9367
629
4957
9184
7752
9048
5836
7288
6938
2141
6575
6042
8308
8196
6731
3578
5813
3891
6765
5935
9976
4610
5321
6422
9832
1902
9612
6233
3598
6312
588
3579
8198
4988
9212
2266
5404
3577
6819
2261
3226
5786
835
8852
5514
3593
5016
4529
7929
5308
9990
2090
7875
2976
105
5153
7515
7062
2375
4679
2277
5831
9795
7085
4802
6118
2867
1945
6391
9861
9368
668
564
2776
3135
4655
8762
8300
3307
2254
9571
7818
3160
1426
3677
5531
1954
8417
6329
8526
8173
5822
2166
7131
8176
4368
2646
2621
7730
8094
2732
6086
1482
4559
4599
1422
886
7941
4805
1298
6349
5450
3440
525
8658
5123
5476
4009
7816
8059
1502
2847
8357
5953
9457
5703
8775
338
9897
5312
1438
7322
4418
6524
5910
4358
8837
4987
8625
456
2658
45
6702
1269
1220
8007
6961
5603
9550
5089
7013
9178
6410
8495
9625
1352
9312
6570
7870
680
3731
4798
2085
5782
819
4381
1465
8108
2650
2242
6
6202
2576
7828
6896
9407
870
861
179
4901
3638
7835
5120
6380
9360
9750
2766
6222
7333
7395
2335
5914
2991
4132
4306
1866
2353
5848
3623
2918
8037
9128
6901
5148
9096
634
7230
2312
5648
3711
4611
2895
9801
7935
2413
1874
4441
2165
2139
7270
9615
7917
5469
3640
8577
9481
2541
4706
9886
9426
8789
8749
6801
3683
6120
2518
8774
1840
3784
7862
4979
3631
1605
8054
9036
7543
8117
4201
5364
3649
6214
4387
3995
356
5411
5544
6479
6924
6049
2056
6693
207
1803
3633
4238
8828
5104
1527
9480
1798
1218
2050
3399
2928
5882
9105
2520
2146
8046
6907
363
2908
9082
3627
8650
8122
4762
4343
4978
1898
1886
4690
9984
1484
6659
8649
5036
7202
6558
5416
8635
4100
8158
324
7550
7054
8001
9835
4846
6259
4966
1863
3422
5336
3688
7538
1489
5894
257
7675
25
8964
4425
9648
9116
474
7468
6774
5439
5050
7693
7264
1844
7741
5825
4887
2431
4550
170
3283
6857
1227
5525
9972
8654
1968
8481
9214
3642
3216
6048
7335
8969
3906
1129
7215
3509
5143
2157
2992
1333
5158
8820
8569
4197
3812
4428
1934
6926
3149
9588
6532
2247
6187
3961
4203
3097
427
1255
2030
3452
3456
8061
8234
4521
9033
8329
6289
7736
8166
575
7783
4200
4755
3542
4825
3213
2780
5638
9219
4320
4411
2736
4199
7557
7671
9655
265
4613
3390
8399
1629
407
2111
8744
242
96
6847
2491
6421
5689
1575
6426
2942
9843
4704
9780
5263
9436
638
2102
3944
9285
455
3899
5097
9138
5845
7130
828
5702
5489
4877
3187
5519
169
1326
3781
2652
5615
895
7761
1314
7446
6943
1211
1743
6700
3338
3924
3093
3852
6722
3886
5375
3136
1210
4281
7787
3023
7749
7277
175
1994
1423
7465
600
6992
4632
6960
3564
6055
4940
531
306
8467
2931
6459
7797
3994
6975
8436
6797
3352
792
4205
4631
5998
1964
9831
9172
4253
2850
2069
8334
5539
1462
5800
3829
3773
9053
1517
7223
89
8737
3260
756
2399
1198
751
6132
8082
8926
296
6858
6759
1013
910
7088
8903
9415
6078
2503
2074
8102
5187
2469
7145
7474
128
1925
9376
1436
6663
9822
9862
3724
5797
555
5602
6408
2962
8982
1253
3015
8487
2787
9497
8409
1442
1768
1275
4005
4696
3714
4744
3241
8419
6071
3475
157
5150
3943
1960
3588
4889
9418
633
7641
882
4187
7827
961
1796
4800
7521
2881
7125
7985
1479
64
9338
8611
4668
2285
6170
7607
4243
7334
1152
9275
814
7882
8475
21
6354
5746
1782
2538
3752
7507
8985
4990
1890
1361
1738
1830
6712
6208
8679
1384
911
8532
1751
8953
2495
8778
8369
1729
5253
8456
1398
108
6007
475
6351
4165
2814
3284
8246
4743
9735
6398
2186
3142
8447
283
6203
5424
8659
7411
9768
9808
6534
4822
8026
9215
86
5850
8728
1586
8550
3295
2292
8088
2585
9464
9716
5380
842
3184
8186
3918
3935
5554
9724
9520
8645
4814
9377
190
5095
3947
6727
2679
2494
9526
376
3376
9027
8970
1334
8869
5860
2993
3959
2570
731
297
4646
2229
8058
9720
1378
3816
4440
3366
1412
9168
9198
6897
4491
2181
2367
3987
1553
9956
4609
6384
3761
4035
8390
7631
4052
2122
4821
7009
4119
2123
146
5858
7486
6221
3427
1291
5662
9414
7669
7427
7984
8251
2719
9890
1993
2613
3143
3734
3955
2763
8391
1714
5112
4884
5913
5233
9893
7134
7859
4455
7018
1149
4404
7618
6519
5262
7892
6248
3055
3037
4829
3312
8272
6629
1141
4687
3920
949
7481
9107
8702
2873
537
975
1329
8153
3012
4866
6110
1160
7382
4397
8881
8856
7802
5216
4838
624
1675
5520
4931
8617
1319
6514
2394
8915
311
1766
8974
4089
9708
3531
4723
4020
9681
2340
1724
7714
176
168
5415
2668
3954
9252
5032
5372
2324
171
7721
6075
3111
7084
4099
7516
6394
3174
8377
253
1904
4834
2737
833
3300
69
1669
6850
102
579
9809
3606
9851
3786
3820
4847
2467
804
2696
9775
996
7040
5006
1360
5163
3084
90
5739
7256
578
1214
1047
3493
2265
8703
6416
1518
3790
9022
5136
466
6708
1431
2902
2816
9028
4305
1485
4713
6027
4555
4600
2602
987
9518
3255
2198
6997
2821
8893
801
4095
5354
5494
7969
1975
799
5960
3849
8796
3147
158
626
8388
1909
1084
2210
7078
3327
9995
4261
2617
384
5600
7791
5747
7354
9428
4232
2546
5594
6209
1883
9459
8502
4634
5826
287
7533
7269
7522
6074
7786
5878
5542
3897
6906
3779
568
4717
4006
7712
2693
4698
1020
5281
6834
758
5559
2913
2380
3256
3364
1747
7023
9364
5589
5223
6210
5999
5596
5307
183
3511
5940
6156
6646
142
1838
352
1667
5368
6249
5780
9687
1551
5897
1541
790
2760
6136
923
6138
3628
5407
9538
7722
8500
4919
7544
7896
9883
7938
4856
1249
8084
4318
5111
7424
5502
5059
196
2421
4729
3392
8398
9882
6299
1856
5546
3712
7228
8294
1409
6845
2771
4060
6017
9100
8270
2917
4742
1179
2492
1073
8225
5888
3483
4144
8511
159
6322
3570
2389
5959
5048
5805
4190
669
4694
245
2986
2068
1235
8204
5215
1181
6405
4063
5279
4101
201
6287
912
8015
7422
3193
8525
6014
6211
6599
869
3558
2110
3465
7390
5386
6496
5392
7603
5141
1421
2691
9299
9468
371
1187
1626
9492
6247
2041
1098
9815
8566
2858
9187
2564
9175
601
6409
2066
5717
7442
3719
617
9469
4236
8540
9586
4092
6898
6175
4311
1097
2022
3707
2414
195
2582
97
706
8826
3826
4392
9241
5393
4508
3056
2420
5719
5096
7271
1460
3685
2473
4274
7880
901
7979
9154
2368
9810
8174
5267
4854
3303
5645
821
9424
8597
984
3212
1547
6185
4235
8009
7419
3567
565
8044
5196
8498
2273
6637
7108
4293
5451
6011
210
4211
541
9454
5061
5390
1674
98
5243
6769
2956
2097
7107
446
894
7501
3201
9948
8375
3652
3175
3415
6104
8148
902
9981
8585
276
5442
5334
7168
3474
2432
1466
5445
6107
5122
178
154
6780
7559
8323
991
5927
6796
2442
7696
4184
2271
334
2094
2282
367
1242
8142
5785
7804
2607
9433
6942
3815
7091
1395
5697
7347
3022
8446
7623
1787
6022
1875
9148
3879
5566
2952
9455
2955
7450
6265
8712
1051
1132
2798
3763
7212
609
3529
1552
5076
8684
7576
4137
323
5970
9584
795
3538
7126
9131
4636
1120
6465
6548
5423
3566
753
4910
7983
2671
6817
8890
8990
3034
5400
9042
8214
1418
3970
2390
1682
3746
2746
2715
7636
3730
4430
7664
399
5816
2119
4588
5706
5114
8825
4435
8559
6879
8313
3101
3939
6889
9925
6652
9566
3461
2182
5055
7060
2614
5695
1089
1923
8514
6887
4045
1364
4498
3553
969
916
5946
3197
8033
7744
240
1965
7915
6529
333
3281
4353
9081
1478
9179
7800
1236
6957
1199
4267
6658
7181
4711
9917
2302
3894
8394
7385
2451
5570
1824
4129
1451
8605
8904
9678
893
4170
2574
8263
2373
7518
757
7463
1808
6257
952
7551
3264
512
7280
1908
9151
715
6495
4066
2440
5989
8043
9819
8295
6963
9962
7505
8647
9961
7758
4022
4107
9858
3438
2980
6625
6813
5981
8959
2925
3214
7035
6939
9512
1816
7747
2381
5316
1985
8464
3502
340
1309
8421
7731
8201
1283
8602
392
4472
9442
320
4770
7971
643
5395
4858
5763
6754
4081
6624
9549
8849
6867
8241
6989
1545
1010
2207
6697
8682
6912
2459
5593
419
9066
3585
1240
1497
416
187
6477
9258
329
6592
7569
2053
438
6672
9602
1191
4620
9802
8897
235
5575
3096
6356
3485
7679
4828
6993
2337
2042
4123
3539
185
8459
4683
7980
9483
9352
7123
6443
5597
4134
5437
6274
2023
2215
5902
4291
8729
9007
5639
1057
6116
8364
7593
9596
5704
4250
6505
6560
8615
5643
2706
2439
1797
246
6716
896
3106
2914
156
9
1843
7056
6788
1869
9166
6197
2121
6755
777
4500
5771
4518
4245
4490
3774
1995
1872
2933
4467
9332
3497
4573
1316
9005
6714
8589
523
9156
8947
3844
2175
7398
4488
6848
8235
2236
7020
5056
9479
3310
1303
5528
734
9448
8765
2815
7954
9695
357
1037
8152
2656
7210
733
1062
6793
4094
1287
8465
9946
5019
3921
423
818
8040
750
6664
1920
504
2926
3904
2388
9491
1963
1387
1548
7188
8575
2310
6152
9778
1111
7710
4682
6921
8056
4162
4649
6317
5961
4477
9021
7795
8909
3922
5631
3078
774
9878
581
9604
4585
4324
9500
4750
7694
7598
9183
6750
6460
7568
5084
2219
6617
4982
492
5172
9032
4784
8896
6681
8120
4633
8338
3253
1432
7001
9267
364
5070
1487
3017
2447
4779
7173
8385
8
15
9159
683
3605
3276
4004
9511
3387
5131
258
704
5518
7379
9345
3064
4014
3181
4403
8676
3167
2493
1842
5309
817
5227
7445
4850
6433
2406
9803
2099
9456
9034
9539
7734
4898
2948
6517
1041
943
4487
5331
5714
4675
6065
4616
8163
120
7638
5091
3880
7414
9636
1091
9429
6526
2174
1907
4606
3574
9506
6266
3726
3755
7458
4375
9065
5335
8593
6804
3244
9934
8435
2916
4516
728
5556
5722
3248
7725
5529
7231
3204
2020
22
8371
1063
2581
4596
863
17
5660
5300
8373
8630
3930
1891
2990
1603
1085
4003
9430
7648
5712
8081
9254
2460
8846
3527
5420
6253
1602
37
325
3470
9417
7704
3689
3178
199
30
6598
2187
4804
4319
8397
5506
4207
3581
1573
7686
7301
5182
3225
5919
6838
4823
6763
3611
4172
3345
19
3771
9630
1846
5715
3038
2352
4545
4863
1302
344
6466
249
614
8226
2555
5289
5417
867
4524
4724
2118
5791
6450
1698
81
5311
1381
7362
6937
3428
267
1174
6638
275
4540
8692
60
1296
6870
8177
6160
7991
7162
389
5569
4776
9734
8337
2721
6442
5558
9799
6910
1520
6326
8943
2615
7076
4028
4214
977
9562
99
4043
3445
7209
4656
9709
4364
6346
141
1081
5181
8164
3594
5020
4925
6369
38
7820
1440
6631
4074
4419
4999
8068
1889
8080
9711
6223
2213
5521
7655
746
7046
9006
7580
7663
6772
1147
6000
7253
3335
4499
8172
8137
6251
1038
3669
388
7470
8598
2733
7644
5480
2629
3568
1257
6135
9316
6047
2001
9493
8090
4216
1189
9023
6402
9680
6904
6145
929
5222
1131
4795
9552
5377
7502
9153
3596
7240
6122
6258
6009
3296
9335
7571
655
4773
7748
1222
8952
3473
5030
6385
8297
7343
335
4331
6301
5880
6219
47
5699
5472
4851
5550
6616
3618
79
5
5261
3222
2937
549
354
5990
310
2058
8420
7684
6835
9746
3889
7500
6085
8296
5632
2580
7856
6387
789
4098
8386
8797
300
6023
4530
9510
1607
6888
1801
9192
6428
3745
1660
6008
8691
8716
4836
8713
1937
1504
4674
4265
9383
6005
3043
3180
7404
5145
7095
5783
7590
7384
7863
4055
3402
2484
6786
421
3109
9752
4639
4553
6475
9769
5175
3830
4420
2834
6694
5305
4247
707
571
9190
9964
2005
3033
5212
3999
7889
7331
6151
8746
4148
9465
9745
3396
7071
6319
7691
6905
9737
6615
1308
3121
4437
6276
1297
5760
1192
1880
1641
1079
5745
9783
7596
489
4327
1757
9314
7588
3540
1071
7723
9603
6025
6371
2714
892
3518
7906
2593
567
3293
2951
345
8223
8803
9727
3417
1733
2887
5700
4112
1294
7089
4819
4797
8913
8229
5956
3626
1862
5618
3985
9287
7970
2457
8733
3905
3369
7330
5151
825
5610
6535
1166
9848
9404
5696
3031
8454
9684
2794
3919
7793
8408
4908
1456
9359
2333
7059
7765
2351
6956
7589
3453
9077
6668
1463
7274
1397
9024
5668
8742
2724
1732
9805
6140
506
2506
4852
884
3179
339
4139
4890
7373
9046
988
5011
7161
8506
6894
9921
1064
2464
3544
2009
7504
2793
9095
5931
6553
1055
1668
9638
4624
755
8242
8387
2753
7762
3357
7630
151
2220
9834
711
1142
6392
7525
2417
7708
8759
4388
1763
1776
101
3314
9620
4534
4980
2358
560
5574
4138
8639
1178
3238
7687
1029
7034
7348
3413
4111
7652
9633
1033
675
5817
2958
5005
773
9650
1521
2829
53
8793
6242
7837
2279
3981
476
8412
8929
5271
6399
7252
4496
3339
5964
4793
2960
4785
5881
4602
3126
4612
3337
8019
56
5080
472
6452
3125
9970
1924
2718
8711
2025
4077
8233
6811
5303
4617
3333
6688
858
4862
7978
8860
3676
6787
7153
5493
440
6237
9525
740
9374
4303
641
9223
3408
1481
6201
5944
4507
405
215
7767
4648
676
9117
6461
2739
3104
8961
8858
7577
6970
9327
4720
2905
4127
8934
6236
4463
3321
3972
6621
4363
9300
326
1561
8302
5929
7407
6424
4161
9744
5647
876
5370
8865
6643
8942
6198
6827
1202
4116
6468
9826
1832
4918
4676
8104
7893
5664
8578
6978
587
976
3898
6489
3632
5686
556
9309
841
9978
9504
7082
5431
9246
9085
2565
8396
8806
4513
1241
995
3591
4456
3316
1060
7316
5764
4810
8799
956
582
7777
6179
3698
4621
7858
2341
3559
9560
7599
8039
7878
4478
1978
3543
5687
5125
6344
8807
3035
3163
7972
3196
0
1715
7519
7051
6872
3616
3857
2366
9353
849
4130
4244
2774
8209
8879
5447
368
6134
2862
8576
4167
2173
2354
9771
9280
3982
7148
5857
5154
7488
6682
9388
1802
4191
2608
9057
5499
4840
5092
599
9108
1977
7004
8631
8517
9884
6473
6139
9008
2401
9722
66
9269
4971
6641
8111
527
237
9597
4225
1930
5549
3054
6491
5973
1601
982
8549
3754
7016
7676
2137
8547
2185
9337
5875
4179
2767
7609
848
5467
5690
4212
3978
3090
5513
8428
3039
3430
4154
2145
7928
2870
1982
3664
8330
594
1048
6300
8624
9952
8981
2161
1477
2642
2192
8951
4001
5966
6584
9089
103
7045
4641
3973
2796
4685
3230
6102
2096
6860
5477
2231
8115
1018
9697
2034
1706
5401
6880
5176
259
6778
2623
3044
3513
2854
9113
7399
5496
7453
3749
9871
5992
1121
1340
1514
2288
4815
4775
3881
3080
4023
4528
7329
4246
6430
135
4231
2622
1244
1689
9912
1947
5067
1157
8070
7426
8107
2010
2823
408
4623
3484
9733
8546
9932
4861
2782
1032
341
7778
6815
5534
7229
5348
3305
9502
2216
3535
1458
2378
5412
1444
5355
6654
299
8427
9777
3418
8776
4474
4709
3739
9904
6010
5784
1322
1366
8730
6826
2114
1916
1852
4047
7469
725
6087
2681
3901
6311
5847
8351
9339
441
9945
8655
495
4659
2129
2461
689
6286
6365
7406
4483
4473
8663
4523
8586
9891
721
4076
7493
3838
9898
4842
4989
4677
9766
182
8612
415
8541
9162
7620
7948
1159
1756
9748
2531
4150
9147
9378
4008
6506
33
9283
9756
6580
8071
7520
3867
8016
5295
3302
583
1061
3207
9975
4985
4660
3809
6083
8704
1653
7602
9628
7191
4740
3704
2239
9201
5161
1531
3280
3414
4354
2537
4615
1268
9611
3534
9288
4409
9592
9753
2051
9322
436
4864
5974
9363
5410
8572
7305
618
8912
5484
3247
44
4393
6882
3571
8418
2232
2206
2486
9342
4760
9888
9551
9640
5238
6325
7303
4484
1299
3791
724
8416
3923
8451
2797
7812
1274
3073
4082
5291
816
878
5801
881
1300
9461
1943
3358
745
4881
2837
8603
6188
8539
7964
4525
7423
8400
6352
1526
585
924
6003
6095
3662
4058
3796
3232
8843
1655
3219
7196
6167
1915
1374
4771
3637
7100
124
8914
6636
4434
6501
4228
4976
1773
4110
8195
8336
9980
5255
3997
8222
3309
6131
6073
7386
528
9608
5749
9438
5018
6816
6748
7464
7136
2018
5510
1027
5611
1779
5773
6828
1327
9943
5585
838
1876
3740
4594
7883
4391
631
9731
9494
4000
1906
4564
7947
5099
9954
7956
1730
2476
9119
4059
5652
8405
1639
2556
3733
1534
1224
5742
7102
7564
694
4188
6821
1769
7349
2577
6875
1630
5958
3494
7673
8482
1110
6776
2775
693
3425
7755
8848
1167
5198
5155
3928
510
8817
3319
5612
6791
3659
3847
8908
7490
1914
6809
1522
7829
9238
9669
8968
7511
1001
9721
7217
6323
6435
7542
1564
4461
8310
4813
2017
3952
3451
827
1792
9250
8587
2665
3776
8859
7977
5756
9600
1859
9274
3569
9043
1596
5399
3644
8601
8324
7296
8535
4557
3432
4313
7523
9453
3764
1742
9039
8161
4275
7621
3355
7208
1670
3215
9281
2364
652
3969
8565
5853
7057
7801
4984
7622
9282
6932
3108
2935
4178
2612
1783
3340
1419
6635
561
8365
6206
131
7658
4929
7792
6328
7323
6606
7318
6680
6866
2891
7283
6174
1106
8162
5313
6830
2572
6958
4413
2777
6271
9111
8074
2163
576
8751
4399
7244
250
9237
5421
3249
6057
3965
5893
1533
4629
2530
3086
1631
4355
6041
5820
9505
2562
3516
2465
2106
7222
6934
6936
301
4787
5358
9170
6999
7884
1461
5244
5976
2485
9892
8590
6196
2919
6373
1530
941
6773
4032
9400
7821
8096
7796
6908
7909
360
524
3720
1565
8660
9547
6364
5500
4577
8138
9475
1325
2628
336
2845
3148
2941
9743
872
1331
3137
3183
3643
4933
4591
4336
8519
5452
8380
2886
7890
3519
8455
3580
8538
6105
3082
8773
7344
2707
9010
5767
8768
9702
4466
1600
5228
294
6397
2758
5376
9161
5426
1219
6618
4728
412
529
4708
7443
5798
3744
8452
9676
4493
5085
2884
6595
6583
1128
8154
8483
4781
955
8641
4174
3802
1324
3828
1974
8741
6986
3855
6734
5035
9284
4590
9204
1204
5264
2072
5398
3110
6544
9446
7715
5730
3587
2977
9798
1176
6031
1498
2073
467
3455
4541
9278
4494
5320
3875
5867
3548
8739
7392
9944
140
5013
5402
6192
998
2636
3472
9789
3514
1597
1645
9784
2040
8777
4479
7718
7167
3250
4575
1778
2248
651
840
3140
885
2344
6127
2683
3161
3040
5330
3374
8075
1122
2249
2478
8231
7184
5167
4215
8184
9965
3842
3067
2954
5007
4635
8440
603
8123
1661
2171
8698
2750
7578
5698
137
2630
1736
2728
9370
8627
13
502
1058
4325
7506
8958
3716
8725
7378
9176
2284
1026
4302
4037
7510
7613
6144
8736
1028
8423
9165
4820
4697
8008
2456
2398
9013
7127
7090
3951
9174
4024
586
3940
9037
2631
2744
8717
9259
865
7169
8931
3873
6358
5160
8047
1568
92
5203
649
7774
3931
7119
8293
7768
7911
7083
9741
4936
431
1161
3639
222
462
9999
5491
482
9106
6761
7739
4314
4160
6520
2904
9887
4126
1072
7692
4276
6302
662
4458
3656
3112
4663
4237
1696
2348
3989
6564
4258
8463
6121
3325
762
7662
5876
6928
3246
7175
5972
8149
6677
2184
620
5949
5684
9561
7509
3619
6757
9320
9225
1173
3071
6563
1503
9362
1165
3708
9110
4078
5088
1447
648
791
5908
9321
5571
8667
9686
6552
3103
3116
4579
9698
4394
3069
4567
8180
4385
3162
7195
8027
5649
6923
9623
1903
184
9444
811
7475
1712
8245
9398
7438
1624
1926
6051
4873
627
2489
4069
6920
5465
1024
6164
1172
8595
5340
3041
5315
883
4155
9325
6343
2449
6998
3848
7784
1980
4294
5046
5162
3151
1045
3665
5625
4605
9207
7074
1822
4867
1687
6439
8747
2558
1851
9058
686
661
1505
3476
1819
6224
7779
2345
5301
4173
7291
1506
5470
8574
5718
5124
1133
383
7219
9249
1635
3100
8954
2708
853
149
5322
6991
4142
188
7484
1767
8477
4408
7540
8901
3748
9435
9857
9329
6726
2323
5681
7963
3537
5137
7817
369
7003
6153
1437
7756
143
435
2982
3434
499
9318
125
6345
5433
6080
4183
6914
8794
488
6173
6944
8210
8978
9624
163
761
6931
2563
4362
7172
8271
6306
9613
1613
1185
8275
58
8553
238
1420
2702
1066
8213
7945
7403
5497
7461
4186
4471
873
8155
2083
4788
5636
8864
4400
9666
400
3756
8696
1151
2224
3489
4251
295
4241
9531
6112
3691
9445
337
7600
7391
7064
7640
1104
172
3709
7649
9865
8561
4352
1857
6063
3329
9197
1082
3060
1086
126
3466
8522
5090
8946
6862
6478
2190
104
9397
2888
4288
5642
1197
7738
40
5640
999
8415
1278
9770
9405
9296
2383
1815
7189
963
1186
6137
2245
8299
2362
1810
3077
9308
4449
808
3398
9877
9765
7775
5003
4942
6893
9723
8060
6240
3049
3941
1401
6737
2559
7838
4584
3393
8614
673
6275
72
7081
6370
8972
2455
7328
8003
4574
3095
4416
7236
8791
8850
5891
6846
3963
3115
1239
6671
7457
263
2330
5481
3675
5887
5383
5026
8993
8414
8286
9047
7332
4627
395
505
775
7811
5135
5001
7433
7234
2331
3864
450
6794
9071
9098
6844
9018
332
2893
9812
1746
1896
93
9985
4895
4016
4156
4715
6620
2838
9473
2818
2385
5641
2985
1117
8139
3980
9786
3381
4622
443
8129
2923
9522
2539
291
1169
5374
9973
6296
3861
5916
5436
906
3441
8078
4295
9572
3524
9247
3900
2996
2082
1841
8135
6016
4050
1888
7206
2332
8469
4452
9515
4029
3239
6453
3950
5100
9349
8558
4298
1088
1415
5979
1910
593
1987
7967
4088
9930
1703
7670
4670
4625
8521
4268
3114
6962
1337
1124
5743
7661
3865
1246
9557
5815
6661
7627
859
1753
9420
7434
1402
9519
3998
8458
6511
4832
1156
7179
7678
7150
9662
4975
7221
3863
6143
6451
4192
7952
4902
4885
6262
6994
8370
7996
806
9222
868
6029
1806
8973
7764
8819
6784
9268
778
4718
1430
4922
2223
5210
7106
681
7841
967
8034
5870
5971
3622
2795
9271
5049
1410
5814
4699
7921
4168
5658
2909
2124
6577
8917
1905
115
5530
5577
3968
5147
6256
7868
1312
871
9351
5617
5488
260
1127
7746
9358
9292
7320
8950
3592
5725
1979
3521
3884
4780
277
1134
6733
9439
9078
9060
4992
6103
514
2355
5134
2653
52
8199
2709
1771
5280
5373
9487
4234
5329
4439
7582
7410
8194
9797
372
2571
9726
9208
3937
1112
3391
1847
6728
2226
4249
3383
9051
9167
7987
1737
9150
7853
8306
3601
671
2692
5515
1577
6423
5010
6877
610
1348
6068
8244
2136
4115
8853
8305
2566
273
2498
5302
254
8638
5113
1532
8445
4926
5040
9639
6747
1614
7659
3610
4920
501
4900
1083
2028
20
9583
7080
451
377
9408
4027
4486
6420
8584
3245
8431
3377
398
6513
1652
6550
6678
6781
4517
8867
9206
4448
378
1342
2200
6581
4257
6077
3274
4056
2297
3458
4727
1330
5994
5576
8425
663
485
3324
6367
3621
7719
4753
3862
8983
6683
2712
743
9019
3858
3546
6810
4113
682
1581
4700
7281
2194
2454
8815
672
5905
5776
7594
2091
5171
6662
1119
2953
1007
8404
8109
1154
1025
6193
9432
3058
4338
1949
396
8873
3385
5517
2841
3878
9657
8106
281
7121
5540
9489
9253
7047
877
4514
6054
9486
4351
1990
749
9091
3237
8114
2000
5304
9691
5240
1486
7402
5721
7688
6675
2125
3318
2081
5924
4947
1252
5193
9012
6109
3964
4492
6695
1811
7549
5835
2160
3394
5921
5832
3962
23
3370
5903
786
1772
644
9236
9126
2189
5344
4645
5869
5438
487
5564
6935
7068
5299
5387
7754
6487
8980
9239
4163
3522
8490
5259
4578
9763
9441
2832
5487
3795
1053
2801
4285
8327
6125
5985
4286
7113
5526
9622
2949
4264
9412
6922
4084
6355
6337
7177
8977
7154
5286
2885
9635
5879
5027
5588
8813
2209
7
7226
4899
4993
241
6551
5324
5898
7992
1403
9830
7654
9963
8537
9846
5824
2044
5855
1065
6741
9909
595
7933
1685
8460
8610
5727
9501
666
3001
8556
1683
6554
935
6375
224
5606
9369
2967
9879
209
1962
5793
8955
6108
3759
1648
7207
9333
8685
6861
1371
3423
6917
7396
4131
2393
1666
5277
61
330
3368
5053
5923
4664
4686
1193
7914
380
5710
4830
8721
3234
6770
9933
3259
9922
538
3072
3792
9279
5537
5679
5957
4371
1708
2169
6706
2822
4939
8750
2524
8098
5413
4505
9937
1373
1955
6381
5680
390
3911
7931
2921
3046
3433
8724
6463
9554
5716
7672
6746
9330
9993
7258
7894
8319
2382
5290
7146
4527
1775
2043
7936
1413
8410
8874
12
8842
7284
5507
4970
9231
5152
6437
4642
4950
5691
8045
2664
122
5051
2549
8434
2599
4547
42
607
2930
9533
5759
6642
8722
9558
4405
3499
2032
9827
8274
2063
9346
747
6873
1262
5109
7087
2781
6516
9806
1828
7707
5201
3416
8523
8384
1610
8895
6540
6291
6803
3926
7553
9926
3992
7680
7925
695
9541
9760
7585
5735
8808
6881
7285
8262
3805
5794
6913
570
2500
5952
4217
1332
3825
5939
2981
3003
4705
934
1922
4561
6204
1887
6482
7479
5818
7905
3495
8699
5078
7310
6782
8301
2429
9938
2195
2688
289
2627
5917
8208
4097
9928
9273
8533
5720
4812
1266
508
2112
3194
5579
2865
1004
5105
5557
8255
264
889
2863
3045
9629
5419
6212
1755
8493
6119
6431
3507
4921
9233
7823
6101
6030
3118
1209
8545
8328
7273
1474
9591
7032
3208
966
5396
229
9958
6562
7092
1752
3153
4398
1519
3575
2748
9195
1615
1168
3092
5086
7750
1620
7262
8253
5789
592
6335
5237
7548
6709
3808
5854
7429
65
9466
6441
373
2687
880
3478
2496
5613
2677
3735
3908
7572
1328
3946
2999
1507
2512
8726
2910
837
4068
2536
6126
418
181
8868
7220
173
9125
3892
719
4566
5726
4485
8723
5363
9218
1899
8383
1075
8677
9191
4370
7965
7342
9324
6255
8185
6111
6327
8260
1250
3272
71
1490
6499
1583
2313
1206
6766
5168
2291
4315
5260
8269
9462
1928
4007
899
1989
4965
2727
1591
2443
6052
8956
1358
4716
7851
4061
5954
5246
591
7808
1407
2048
4589
6438
3133
3263
5899
678
3769
2077
3736
1434
7275
1417
9894
1612
7257
7834
780
9914
3287
9093
6213
3613
4226
5101
1535
7218
5468
7313
6418
3667
484
5750
6067
5561
7205
6576
7701
1118
5707
2523
3165
8992
5326
4891
2773
5951
5138
6656
5082
3005
6527
9823
4763
4273
5453
8124
9402
9703
8678
1546
9389
453
2711
2560
4229
4506
5843
6440
7848
8228
5761
2878
8484
2963
1376
8740
7810
3076
6730
3823
1868
8017
3122
7845
4502
2472
2336
9902
8966
1375
2722
4376
7133
7647
6419
1556
358
759
754
1760
1229
7287
7651
4402
8257
2142
7689
2480
1315
6012
6666
9230
9590
9845
4372
947
530
8863
6100
8280
7932
1109
7360
3331
2329
2084
424
1356
9092
5945
3057
1897
7581
8862
3298
5490
723
1153
7807
1270
5669
9421
5918
8632
3821
4904
5170
6498
6492
5199
4220
3365
6915
9564
2647
569
7325
6177
59
9617
7224
4053
2320
5568
1205
6234
6445
1550
8979
611
6485
91
150
9163
8309
7183
1036
2256
8134
2138
9356
2666
1609
3447
6035
3128
7852
4833
9736
43
6313
5967
783
5911
7499
3360
4071
3479
2817
1835
2168
9075
539
9794
4886
6528
8278
5486
5341
1261
2947
9458
4928
7467
6800
8731
2086
9317
2789
9340
5130
5609
6383
3171
4117
4894
9580
2868
5806
829
2214
5553
8079
3032
6290
9527
4943
810
5142
7913
4938
1759
5108
1076
7982
7263
4768
5226
3909
2695
200
1273
5812
9189
6604
9294
9293
5598
2104
6739
521
3421
7695
8634
1344
7665
2428
305
5367
3206
922
8147
2809
8606
144
5846
4366
8504
6724
3091
5012
9992
8986
3742
162
3636
3617
2662
6171
2346
1917
7503
1005
2047
2640
9243
5378
8761
8178
1087
1251
6522
6545
1405
331
8996
3220
5796
1445
6026
8501
2641
5456
7556
9135
6696
4746
2046
2164
7527
7297
4407
8652
9380
9331
7254
3127
2842
1885
4481
9792
4732
1831
391
4749
6096
6933
3343
8254
5744
6183
3172
3528
3159
1829
3851
7847
5270
8050
1425
9659
8748
7629
2360
6097
9029
7547
5590
2306
1594
4414
738
6058
1034
9132
7962
4509
7546
9482
1323
6123
6574
9302
1604
9896
318
1616
2686
5204
9328
9142
1017
8800
3279
4070
5483
3597
4421
8945
535
4350
316
3590
4630
4296
1194
6455
2810
2379
82
5349
2840
1554
7632
4969
9642
3134
4735
5283
9055
2062
6033
2416
2859
5318
6547
6864
51
9818
4046
5840
1354
767
3750
8621
9739
635
9232
5382
9044
9305
1012
5524
2655
7455
8818
1511
2713
8473
6594
8767
3492
452
6767
654
8151
6412
8543
6967
550
4576
8348
491
3902
9542
2903
4344
7292
552
9626
7137
3210
7760
9277
9841
507
9641
8227
7934
6094
6339
9256
8994
8010
6556
7637
8871
1549
63
908
8347
6909
6407
2026
5165
3651
2938
7261
2988
9725
1719
9177
5933
3168
433
8189
5548
8857
8802
1611
953
7361
2901
6503
730
7943
1571
282
4906
6707
4260
4722
1108
4619
6191
8872
9969
4133
1238
8998
2704
6216
6711
4581
1650
890
9313
3190
1009
1584
5275
2561
6812
2101
7626
4031
5381
1365
7117
2618
5685
1720
4341
6363
3463
6331
7891
8898
8560
2404
1162
430
9863
6885
5754
5009
4510
7124
6590
9387
7973
7364
7657
4767
6347
744
7345
1646
3124
1137
3081
160
3227
511
616
6768
6239
2301
2088
7958
2115
9488
5339
1997
7483
2197
4085
1230
7421
7290
2227
1940
5217
5428
2196
7619
6350
3766
4332
3888
117
4669
6611
4952
5473
9450
5509
8004
8000
9712
6837
9514
7158
5197
3984
3717
3404
1304
4710
1701
8755
3654
9574
9451
4269
7129
2882
8600
519
5180
3326
4382
3008
4345
8839
3505
7639
4010
4218
7926
11
9953
5708
8646
2741
8720
4662
9880
1074
2411
3294
4034
4661
726
4691
4475
3486
1184
3710
4044
1761
8289
5425
2825
1882
2661
6578
8212
9112
7142
6471
1258
7053
8666
8520
732
965
3242
3772
7431
6281
6099
9774
8091
1849
8562
6294
8719
5164
2408
6607
6536
1237
7939
1183
9585
4756
4054
1070
9816
2790
2626
2144
7961
6645
1570
2205
3304
5656
2409
5008
8136
8781
5890
7922
9665
1343
8607
8709
167
834
9593
6366
5823
8179
248
7975
8940
6751
3883
271
3144
1539
6703
6146
5885
76
4870
6573
6081
5799
8937
9824
9099
6916
77
1700
5293
6983
8831
3732
6995
5332
3674
8359
741
1976
1988
665
8366
3099
9263
7830
1705
9069
2132
4941
7534
3706
6718
6497
3123
1946
1658
980
5932
7225
1795
5809
5385
5029
1702
6805
8988
8786
3646
6510
2663
970
3258
3199
4219
5075
5819
888
1515
4380
2471
4871
9667
5841
1389
2252
5266
4783
720
7482
9303
7646
4442
5209
4849
3231
797
2103
6719
6092
9913
8743
7614
3395
3285
4410
5538
6630
2899
6572
4893
7260
7135
9234
6610
4036
8141
8701
807
8360
2386
8462
4998
5065
6865
909
6434
1785
268
4423
2672
7562
4222
1245
8534
8671
6723
7865
7243
9606
7012
5278
6056
4927
2590
9719
3359
1317
7843
7079
5975
3833
7338
8181
6749
6270
2547
6072
4365
8005
5041
6886
4973
823
500
3448
4684
5365
6273
9717
75
7789
3607
1633
5884
2594
7327
9255
8326
8734
3547
6814
148
6457
3490
1800
7981
3186
5508
8028
7633
1726
5969
9401
239
5464
3672
6217
770
2598
8468
1861
8783
4986
3783
4292
5017
4096
4040
7566
1592
5987
4182
983
5317
8486
73
3323
6226
9343
8814
7877
9670
6832
9447
9699
1809
3817
3523
7388
6753
9499
1524
9472
7612
7976
2678
9341
7166
4289
8331
3437
522
5440
4801
8433
4146
6148
8524
9200
4317
468
9261
8944
8064
359
5463
2087
4536
8238
9403
5768
8911
6207
7897
2851
6665
8510
2167
9936
3890
3856
9568
9437
1932
5044
129
8053
228
6585
4480
4644
8205
7697
3006
4968
3065
269
8529
8697
3757
5950
3059
8840
1794
57
1873
2532
7586
8854
5219
7006
8076
788
3205
1468
8752
7478
1347
8049
4067
5252
7370
3895
107
7591
8167
781
9643
6822
951
3885
8025
6820
2126
7201
7601
9614
7937
7341
4152
2998
6555
5254
2127
3403
905
2533
5443
8411
8991
9688
4312
875
9507
9663
1948
8769
1690
2734
9467
6315
968
5694
1587
4761
2731
1394
2444
8378
4915
3332
598
8093
2317
6490
8705
4608
5803
1435
4339
9652
7788
2659
1139
3841
5605
1093
4994
4712
4202
9645
8588
1679
1721
3938
7430
4859
8113
2783
8844
1488
5677
5788
4872
6868
6467
8827
4330
9508
8989
4791
3158
2723
6061
425
4356
9011
109
7685
1644
6205
118
5274
8086
874
4426
7456
3356
4149
2601
5058
4569
1247
4166
9700
7155
8311
5459
1542
6775
9942
7022
2836
2511
6235
9927
3429
2550
5772
8758
4651
4307
4796
9967
4103
3614
6002
1043
688
3278
7103
9991
945
6743
8771
9484
4209
5462
6415
7109
7666
5729
691
9761
2792
7358
931
5139
7814
7740
6831
7998
8780
559
8150
1404
2147
5842
5276
2263
3624
5713
6980
8656
1589
2221
2295
2133
7268
2552
5098
327
49
3481
3052
850
4903
1793
382
2309
9516
5920
5682
9867
936
8618
3927
2966
8220
3460
2116
2785
9589
7118
5991
6854
8838
787
9260
7266
5900
7703
9916
8020
6013
6930
8277
7096
8687
8999
7824
9540
566
1656
8688
2620
5755
4039
3397
4953
4175
67
2287
8051
270
3602
5235
1688
2193
6704
6974
3541
1367
2971
3277
2483
8883
139
8938
622
3966
918
2637
7583
3464
3282
1578
1952
1694
5190
4855
8997
6028
4457
6448
7294
8841
9931
134
3612
1335
1893
5042
309
6947
5360
5844
3699
8354
6892
1105
7251
9311
3169
3075
4062
9910
809
6342
1951
226
3435
8821
8092
3868
7496
6060
1336
3407
4549
7380
6232
1833
9139
6586
1684
3275
1259
2369
3010
8628
5015
6091
223
7265
3270
5241
7306
8492
9224
6679
10
4974
5446
7178
1143
6541
4377
8312
2579
3702
3604
428
6113
2080
6368
5441
543
6852
8450
3251
9216
4554
9495
2964
4551
5157
4666
7139
422
7435
8437
2349
5930
9920
4680
1095
4818
7726
9443
5184
6559
1115
805
3229
1536
3974
3029
6250
957
7923
28
7307
498
9696
6215
7326
6194
3087
1709
3322
630
3450
2405
4266
7825
1225
7138
5455
8145
3983
4282
9849
1672
9001
8156
3556
2778
1595
266
9015
1748
3107
1480
3016
7444
8760
2987
8642
7466
9009
447
7949
8811
5074
4073
5247
6874
9310
852
1271
7690
1182
1306
8126
3681
5031
5504
8170
9270
1599
3349
5792
5356
547
1823
2596
8548
653
5934
7104
3457
6948
4482
5868
2463
3191
3658
3482
313
8599
1
9977
4794
844
480
4951
2849
2735
3262
5475
6159
7699
3834
4913
2920
2569
1734
4346
8018
3584
7860
1513
6436
1981
8675
6372
445
9701
3866
1103
2079
2690
6034
4438
2258
5159
1680
6158
2890
2534
7988
1170
8497
7237
8353
2435
2159
7245
5039
9035
4603
9120
4299
272
4329
7832
8095
7436
4741
3094
7674
5834
4417
7233
9079
5214
2135
1717
6627
7763
2012
2654
1285
7170
903
5038
4283
8516
5839
7898
4658
9885
1637
8810
6717
913
3687
5169
8325
4489
5907
735
8239
7650
8438
2751
5937
5024
1046
404
4876
5043
6115
3113
7147
2625
9173
4348
5670
4328
8544
2057
7871
4934
7439
3500
16
7910
2573
664
3436
5886
9675
5674
4189
7874
3389
2670
1927
2156
779
7563
4626
8192
2897
6843
9811
3028
225
9658
5306
9474
9553
1090
1671
5865
1649
9987
937
5705
9821
3822
1177
4930
6444
6098
4597
7400
6953
9054
4647
4587
8910
2095
7899
3557
5333
5132
8273
6927
4869
6507
1555
9145
4745
3195
5229
7535
3775
2584
7304
9829
1377
8290
7417
3615
6689
6298
8258
5179
3098
6899
5405
8121
8604
4432
1144
6959
697
6633
7067
212
9410
2828
6114
479
94
7289
5968
4865
5980
6622
2616
9205
9581
4224
5371
6243
3747
2730
9668
5449
8902
2342
9556
8200
7539
8505
4790
4195
7097
533
7193
8011
6833
7099
8790
2445
255
9101
8374
832
6651
3634
5936
5250
4429
2932
5505
3243
7299
1961
7575
1392
948
3170
7165
6582
1745
3582
2253
3074
6432
9411
8568
8461
262
9524
5904
2410
9180
7112
9966
9257
2839
9276
2036
1699
5343
386
9563
736
3870
3119
4748
8847
2343
3367
9779
470
509
4562
4826
2634
4878
7757
4841
7526
1221
6447
3810
9121
4383
5873
6142
6488
9517
8407
1710
7677
8072
7472
5166
95
5478
6316
7643
1992
3701
7611
1019
6639
7473
7743
1750
9193
5802
2866
3549
964
347
119
230
6389
760
3384
3705
218
2278
4333
9262
3378
7160
1023
1966
3129
4038
5350
8570
1030
3925
413
9672
32
5993
516
8372
7409
4967
7999
4531
1544
232
1414
5388
2725
7048
3477
3788
9929
4367
379
7027
1983
2276
6155
1879
7336
6310
3860
3145
6043
8332
203
116
3299
7416
213
7751
3945
6469
5107
2218
2131
9423
712
1676
6374
3320
9221
954
2945
5808
4373
2957
2071
8494
1443
9637
87
3267
5102
4259
3696
6823
4256
192
4736
6509
6623
1248
9609
7128
7955
9365
3686
7737
5614
8644
4719
8636
9749
9102
8861
5258
5757
6200
546
4912
8573
6147
4995
6806
7008
1860
6713
2183
7918
9381
6849
1912
6318
3551
2609
1647
9757
8845
4807
3673
3000
3661
2877
4692
2978
214
9061
4560
3560
8252
9350
6742
5630
2152
4369
803
1825
6644
5068
457
2448
619
3760
5581
7552
9004
4340
994
3235
2458
5947
1663
1318
6252
2487
3488
2158
9354
5626
3007
8673
1056
1941
312
8933
3496
410
365
9014
3854
2651
5752
6530
6955
152
7298
4897
5654
1770
3002
6929
7375
7993
974
7246
2694
7494
6795
1069
6231
4194
1780
145
6046
3311
4572
6161
3018
9498
860
972
1039
8362
930
826
6297
7733
7628
764
2861
5592
6229
9738
4923
4412
9654
4446
4681
572
2802
4883
513
252
4109
1957
6414
7346
9960
9306
3694
3288
5192
4447
8442
6946
2701
3561
4714
7026
5225
6093
6382
2470
3192
1217
2649
7850
2262
4792
580
1150
5129
5563
4090
1691
3949
2855
1557
9772
5889
950
6039
7259
5093
9144
7015
7415
2632
9536
3758
1821
8031
2499
7668
2548
6988
2128
6141
3315
236
4468
5429
5213
7011
4051
2875
2567
7387
5037
9915
147
7122
3173
6244
4065
1939
8358
9773
3679
9041
2024
7700
8342
307
7066
5394
1233
659
6458
9986
6676
979
1452
111
647
6292
6295
6648
7418
3957
1454
4208
7351
351
981
8851
2433
9813
4754
7077
2689
2551
1523
9295
9229
4650
434
7405
4349
3801
3536
6076
1289
6884
8508
7151
3916
6230
646
2452
9062
4415
8211
3442
6332
8932
9853
4964
8317
4905
2430
234
2857
6176
1727
8159
9227
6996
8503
1918
824
8432
9211
6966
9979
8801
7115
1282
4689
3150
7377
8243
5732
3066
532
590
6802
5943
4304
7232
2134
5144
4316
684
4548
7785
1464
2912
8571
2872
2788
7995
4983
8307
5995
2501
4462
374
8686
3336
8344
4210
34
3269
3595
8923
6667
5434
7508
919
5901
3532
6064
2765
7197
4185
2359
2474
4422
9440
5753
1853
5234
9836
5620
1913
9503
6883
5342
9847
5221
9631
7491
2743
1525
4072
9842
9220
8528
9245
5965
9391
3439
1292
1101
1582
5117
7517
7900
9595
3176
6165
1470
2151
7267
9791
6303
5516
3431
857
2251
9555
2280
1931
7110
3346
3573
7141
9924
3793
2770
8256
2507
3480
6199
4469
8885
3156
5021
5208
1472
4445
3146
3586
293
9570
2055
2643
6376
7773
6940
4845
464
1836
8669
6361
3804
7908
1839
1510
4568
3827
4734
3934
3079
8169
7587
1804
9409
526
5861
2583
6779
4535
1406
1944
2680
8067
8002
2745
7531
9559
7537
645
7471
5430
5523
6470
3424
6285
362
3373
4135
4544
7278
3131
3653
8479
9064
7355
6626
5189
1713
9868
5646
5781
1260
9307
8298
4384
6168
6484
6124
8770
5408
3361
3977
2105
7367
1621
4181
4944
1113
5741
2510
2412
5582
1370
5116
8276
1911
548
4837
3379
9038
986
8132
6941
4511
1493
9983
1301
5651
8485
2812
3871
286
231
166
8785
7705
687
7216
5323
437
1901
2113
855
7477
3328
9413
2305
4799
9685
2259
2272
9059
1446
7813
625
5795
8580
701
6386
4539
8265
5479
7235
1789
8515
4914
5338
473
534
9348
8596
1195
9171
279
7447
9136
5052
6379
7819
940
2876
9569
7766
6725
7901
9671
4290
9049
9661
5103
5353
9143
9496
7771
2153
3768
3845
7324
8100
5996
7295
2418
9460
8891
2675
9157
8443
4278
3723
639
8823
3512
8013
7698
9989
4470
2944
6954
9959
1501
1276
9070
4390
7727
6284
2578
7203
2844
8924
1972
130
6839
6691
5194
2170
7805
6411
9123
6186
5352
7942
3882
864
866
6040
7724
7186
8381
1970
6246
6162
9158
9546
3290
233
4164
5094
1338
4911
3831
7238
2240
3692
2535
8710
7536
9911
2235
3185
1707
3177
2039
8105
8707
1307
7198
8069
3682
628
2357
6537
5448
9431
6400
3254
3027
7532
9385
2067
9543
5149
9939
1999
5543
3189
8866
9217
8792
958
4963
8101
4652
217
1686
6157
5655
554
9872
2769
5297
1818
5389
4221
1123
7029
2308
469
3975
1580
9298
6900
1228
2880
7044
6593
1590
2363
2061
8987
2070
8099
520
4703
5623
9601
1476
2172
6006
5591
2853
2959
7940
4839
1135
7350
3014
7530
3308
8168
3388
7213
3209
7573
7383
6546
5938
8583
9618
4875
3782
6785
4204
4843
186
9647
6971
5000
3729
1884
7476
1812
18
3608
4601
401
4206
6783
1725
7272
596
370
4628
9026
8564
189
3990
2720
933
9181
321
8880
8439
5406
6736
8287
8779
4436
2761
5232
298
7187
8429
9371
8288
26
1383
2674
5678
9664
6632
7356
8073
7250
690
9704
6504
1459
6348
9587
6338
8292
8066
6304
174
3668
5062
3089
9209
3053
2293
2768
1107
6279
1295
9084
2060
8619
2589
9742
7953
812
3009
2201
2281
8024
9627
5909
3630
4406
2860
7946
4321
5724
9582
5081
4907
7815
4309
3426
2437
8035
9968
5466
1528
6825
2270
8085
8376
5072
8530
5608
5231
7826
1786
1814
3840
7560
9202
1958
5224
1049
7888
9689
7030
3317
6396
4451
1495
2395
3503
7528
6462
6771
714
406
2361
7660
4848
8683
288
4565
993
2833
518
2130
8805
9076
1569
9840
7702
350
442
3650
4835
7241
6320
284
3545
4563
403
5249
216
8146
1662
3025
793
3877
2497
9660
112
5637
5667
1288
1625
6254
9576
9199
9264
5877
6283
4087
5864
8795
6798
6472
9094
9682
7010
597
6977
3797
3846
1628
5838
1216
1164
1215
729
5457
221
7968
7944
9545
6512
9115
5804
6685
2155
540
385
7039
2633
9656
3554
9649
4141
8491
1130
8343
4844
9705
4017
9452
9565
4593
211
2325
978
4176
2257
4105
3515
9899
3648
2676
6587
1623
8282
100
2979
4193
9361
5740
1651
5587
8157
973
8457
6903
3620
8591
9509
2203
1290
1492
5578
4255
7487
5146
9947
9425
4702
4731
2927
5294
9470
308
8322
219
7279
6018
303
6245
2234
110
5200
2894
3048
5659
6851
8918
9017
1433
5033
2779
5977
2907
8478
4747
6449
1385
4079
8191
7214
7711
2148
6321
6976
8077
9690
2350
5962
420
9068
5191
9240
6698
8772
1996
2871
6502
3406
9764
2003
5601
2109
2820
6613
4956
4011
8782
2936
4019
4888
9693
1439
8424
1807
1320
9396
9935
4874
4465
4896
1284
8962
5444
8787
5983
5862
9632
1695
4751
6227
4102
4556
3525
7656
2624
8279
4080
4503
202
1867
9067
670
5384
8889
4546
9188
544
7156
7610
6261
9971
6336
2989
1145
3737
1805
366
6684
9677
9997
3292
2
3789
2645
677
6744
2934
6106
7171
9155
9395
3824
9839
1092
1984
8363
3572
1311
5734
7312
5545
2800
5482
2064
5403
2513
1427
4777
6403
83
9988
8218
4086
3020
7879
1973
6836
9974
5512
5454
7242
274
2984
9182
4106
3819
8368
3410
2468
7337
4868
9694
1171
5522
449
1096
2299
6395
319
8128
9002
3932
7912
4227
9607
9982
7924
748
8620
3380
8700
7094
7584
5310
5874
7839
6612
5709
7144
7716
7595
6288
7776
9427
74
9196
4501
106
4242
5912
5941
2225
2554
8379
1080
1634
8470
7055
6760
6911
6895
6842
5458
925
7873
2384
9375
5830
7247
5177
2515
7340
1558
8916
1003
9754
9523
8995
7667
5119
3273
477
7317
3645
2764
8925
7459
8922
9901
9152
314
3085
5004
9908
3117
6480
4453
9000
2827
9265
8183
5866
8291
6752
6756
3777
6341
7885
2597
1203
1871
3334
5121
1764
542
2013
6569
3291
5997
5810
5766
6272
5829
1391
8110
8941
8870
7255
6902
9169
6494
1618
7799
1416
8221
9422
4948
4533
7041
3910
2243
2286
8875
2031
2318
7368
7624
6089
3727
4789
4806
5236
8340
3401
8261
2826
3629
1346
5211
7904
815
1850
6670
4671
317
31
5002
9127
5565
1035
1638
2717
2883
3261
1148
247
696
304
9109
6634
3166
1450
121
3386
8489
1579
1243
5257
7681
6521
4180
9382
8335
8648
8318
7759
5619
2924
6305
6799
9807
5069
5928
4002
2600
6079
8264
2475
5541
7854
2014
742
6476
193
5552
3690
4614
3102
8055
6647
6650
4932
6525
4025
2973
4598
7114
8633
4252
6169
4592
5273
3715
6446
8038
9228
1817
1870
7359
1567
3903
4018
4108
6531
4120
7717
2587
5218
35
9881
2824
8217
1654
8906
8314
8582
7352
4604
6561
6117
5536
9344
1339
939
5827
3799
605
349
4347
4124
9788
3348
5683
1125
6808
7957
6429
5347
3722
1508
1895
6738
7567
8836
3289
2089
7371
5635
2557
5675
9781
2078
7990
5955
3004
3971
5762
907
3341
6972
7005
3526
7565
4803
8448
5325
2311
1692
2972
1936
2307
2093
7000
7408
1749
6549
3444
771
2482
6710
9478
7043
1359
8232
971
5337
5599
5851
8402
5460
6154
3154
2450
2603
6790
2502
2698
5666
6591
1212
6486
3986
5811
8206
2940
6964
2241
1382
8822
9758
55
3530
4357
7140
1016
8921
6686
9950
6309
4638
2505
8718
7920
9873
1100
9406
3419
9755
6878
2228
397
2180
5296
7960
9326
3257
9186
7321
621
2974
4580
1380
2396
6841
1942
6568
6538
4618
1731
6260
2403
2997
80
1608
5022
2799
3762
5110
394
9141
1799
914
3286
8029
5856
4136
2995
3152
1858
5511
8900
8444
9828
8130
1921
6649
5045
1640
8809
5986
7452
2191
8087
8472
8219
6603
1744
5535
9103
5676
9529
7561
5054
4104
3929
3728
361
2298
4673
191
2027
29
7606
2100
4395
4532
4817
5207
637
3807
3498
3063
5256
1190
9875
3767
348
6596
494
3751
6653
2716
716
9297
2575
6533
3684
2588
244
4607
3996
2462
2915
6062
3655
7063
926
6425
8144
4860
1598
256
7050
1453
2784
1011
3412
6518
2740
5251
2970
5357
4157
9856
2217
9918
4977
7116
7836
710
1560
9646
3520
1496
1277
2542
1837
8352
2968
8474
5174
658
6945
204
6263
2943
3753
3351
7951
4153
3344
9164
1935
4169
2289
3350
5106
8594
2441
985
3198
1264
6565
545
8382
1136
8888
2149
6609
2117
4738
36
8554
8670
5245
515
1892
8766
831
4326
718
7309
3625
2065
9673
3454
3967
846
1008
39
8886
8919
7143
7098
6020
8764
2477
4075
4945
481
656
2037
1959
8680
7480
7093
5248
927
8651
4981
6951
3780
4583
1369
4824
2426
551
4766
9052
3680
558
7454
4230
2076
8165
4443
7058
3061
342
623
9122
6238
7194
8622
9751
5926
1784
3138
3459
820
3371
4782
9031
692
1938
8555
6824
8695
1180
5087
9235
6764
7806
9086
9532
989
1116
1657
7007
1455
5079
1642
6493
6605
2805
3803
4519
5173
493
2260
1293
402
3375
7412
4064
8672
5230
9906
4122
2436
3400
4707
5220
7440
5736
2397
679
3200
4297
917
2035
1665
6172
960
5895
7033
9087
8690
997
1223
2772
4526
6069
2054
7021
6968
2639
2391
7180
9715
2212
8125
7152
4892
6701
6178
5073
5586
1986
7790
9003
4653
3979
2374
2052
4196
5833
471
4935
1279
2983
9323
3132
845
3301
7645
6981
2756
444
5014
1351
3265
3562
3508
8143
2434
165
3583
563
8935
5852
702
9790
8965
4145
7017
6036
2328
9996
5025
3915
4359
1754
7164
3850
5532
3411
243
2033
7449
6589
739
8732
1140
8224
85
8899
2427
4693
2327
3818
2742
1000
7846
9907
290
5185
459
536
856
8613
5583
4688
2269
9160
9579
8403
2898
6829
9513
1855
2400
8542
3589
6190
2479
4459
5925
5547
1991
6417
8967
1593
4758
1353
2946
3914
7069
6859
4571
3446
700
2415
4809
3182
8341
6334
6464
2965
737
7498
7489
7075
1622
6401
2267
133
6745
194
1256
4091
7070
5770
7460
6891
1388
8715
8960
4954
1664
3896
7397
3487
6687
3787
4916
3948
2264
1399
6699
8207
4460
5567
7369
9213
1677
6308
417
3960
6720
3555
6128
2759
9732
7394
2162
4254
1448
1728
6919
8140
2108
6732
8920
7803
8735
2592
9290
2813
9998
1393
2710
1400
6987
7794
7105
7997
879
4310
4335
6600
5584
4730
9598
2685
461
717
5984
8321
2786
2370
1305
7413
1188
7495
4857
7286
3164
381
4542
458
8236
4997
496
7319
1341
7886
1052
1791
7597
4427
2509
7950
3725
9762
5418
8552
227
1146
7682
7200
6543
6777
1362
1059
3697
9272
8349
2204
5414
8753
9357
7239
9355
5673
8662
4678
5942
2255
7248
5287
5922
5859
2604
8395
9837
9900
9759
2178
962
9679
3671
8471
1054
3565
769
2376
4522
9118
794
1693
3510
5872
5422
9366
6669
3956
6330
7339
9923
6456
8430
3443
4284
7831
6523
4015
3800
7073
6807
8057
2392
3306
3155
3228
6378
9393
3420
4739
7919
2222
7869
8892
46
9707
1636
5186
127
3236
1475
4223
946
3347
1429
2314
6855
9251
278
5551
7857
5737
6228
6973
8127
1933
4322
4021
8689
8756
6182
5728
9416
2879
5621
1697
1606
5034
2402
8706
9463
7989
7513
6218
3533
7840
1967
9073
1272
4726
7366
8267
180
8361
5672
1138
4538
4786
608
6608
2846
7720
9372
9951
251
2648
5837
2526
8097
6792
6268
9787
5633
4198
2528
6004
7437
8356
2929
5692
5379
2697
9304
3738
5906
9471
2016
4476
9728
4537
8089
2804
6340
4811
2338
766
763
2911
6314
7428
1790
5409
5435
7541
5292
2488
7709
7042
9490
1500
5978
9476
1820
6918
6427
9577
8193
9114
3271
3811
161
7357
3917
9419
8887
8507
7876
2508
292
9449
1588
3468
3354
3718
4643
2188
6818
2481
698
9379
9530
8957
2211
460
6195
9767
5314
8250
4961
674
5366
3976
2591
8551
439
6267
2747
9203
3552
7025
660
8878
4959
4725
24
8175
2438
7302
4334
8637
8905
2466
3641
9817
2049
4026
2852
9248
3887
4057
5503
8657
3713
9941
685
2644
7227
8006
1704
8171
5948
3130
8745
5572
1379
7916
8976
1491
4640
1155
9578
5627
8118
7300
3839
1201
5265
6579
4263
1619
2015
4637
784
7036
8119
5298
8259
2038
353
8876
9063
346
2950
1457
1015
1894
5077
932
9185
8339
8609
5560
2522
3203
3382
4337
9149
1428
5239
8048
9088
9785
1659
8668
9434
8788
2268
7844
1762
9392
1777
8303
1956
1386
2545
411
7365
9124
2321
6390
2446
7485
7809
6053
798
5628
4582
9814
9854
4949
8714
5471
6066
2543
2705
990
2738
6567
887
5285
4764
5498
7780
4558
328
9080
490
7492
4512
7393
7420
6333
9903
5777
6539
9573
2856
557
7683
4158
3491
315
5427
5562
1765
3806
4
6705
4041
4520
517
3700
1562
483
9833
4213
5461
2516
4853
7930
6740
3874
785
4360
1854
4958
4570
4401
8665
4879
1321
2660
2179
5495
2807
1739
3814
8284
6220
486
7049
6952
3120
9384
5492
9800
6129
1350
642
3469
2275
1576
9674
3876
2143
2021
8083
3678
9567
4280
2682
6602
9714
6762
727
4752
2553
5206
8496
7451
7742
5346
9286
3670
5892
2610
6601
5083
5665
5071
9534
7782
900
7822
1758
3462
8187
4271
800
5188
6130
54
5115
1345
8131
2757
1363
2517
3765
6735
4270
2906
5604
6982
27
5616
68
7634
2529
1094
6856
5634
1537
3933
2922
1424
164
1741
7514
7529
8509
8480
7872
3693
280
8285
8112
1281
7086
3042
4287
2527
7855
3798
6045
8536
3024
7745
6360
6597
8832
2961
8188
7014
2326
5769
9226
5060
9706
9134
1473
3141
7881
2296
5723
6084
3501
4389
1050
7163
7770
7462
3224
3139
640
8283
2407
4464
322
4672
5849
6690
5178
836
938
2008
3907
1813
9729
5671
4121
4586
8812
2638
577
3991
6557
5644
4991
7374
3893
1643
9537
2029
2177
6324
3372
4972
1449
5657
6949
1834
6863
7849
5485
6871
5629
84
4757
6985
703
8531
1280
5828
8784
2246
6990
9804
1042
4701
2806
1286
8877
5319
2525
6070
5653
7617
4495
7642
8975
8693
6715
6950
2803
5063
9319
2244
9301
1494
1735
9347
198
7735
4114
1919
8626
2250
9634
1678
4013
5807
8829
5688
5693
463
897
7615
3600
1068
928
1878
3157
8041
847
114
6789
4125
8248
9291
6225
4083
8304
5195
2365
6984
5988
1196
2808
9869
3635
1529
2667
7512
2334
602
7833
6614
4151
5758
5242
4695
6853
5202
2140
3233
5751
7381
5047
6293
426
8240
7425
8022
8315
9820
4882
3471
7315
5731
7132
9616
8835
6021
9644
3703
70
9859
9855
5269
3835
6758
3859
3405
9850
1396
4504
9796
4093
8661
9730
6657
7554
8816
1998
7574
9097
1213
4386
4147
2703
1929
636
5133
2843
7389
3363
2059
9242
3019
4721
8882
1788
7311
6032
2322
2755
2504
9994
285
4816
1499
7038
3021
2673
8202
5650
8608
1372
6353
9521
2568
1411
6280
355
2611
62
6377
2011
6163
8557
