2956
1653
9507
7081
7597
2309
491
4479
8797
9958
9649
6483
9378
5203
5057
5348
4304
8963
803
5561
2416
4237
2132
4063
8200
8039
6740
7751
6036
1603
8295
4910
9263
3385
1264
813
9783
3343
4691
3745
7368
4102
9228
1866
2401
238
5421
7928
4558
8717
1456
7542
4798
4974
8659
7727
5897
5824
7657
183
8960
4612
7721
3792
666
9177
4340
2459
2271
2062
5966
834
1132
9441
732
4540
4032
4869
958
1214
9051
4911
3915
6495
3212
600
7704
355
5363
3002
7740
9572
148
8108
4969
955
8098
9123
9335
3574
6599
4826
2328
6422
2656
6756
8826
5267
791
4670
1739
9662
1280
7737
9778
7898
4976
465
1977
108
8082
1106
8068
8341
2778
851
3725
2693
2641
6778
631
5147
9704
8832
7216
7978
4879
4436
9302
6866
8263
1118
6899
6077
8688
8121
4161
4851
9761
2864
5398
416
9118
7734
8515
9862
7962
5164
5307
2353
6382
7159
8679
9205
495
5127
117
2794
6436
6745
966
7703
2269
3368
6751
4787
7296
422
7932
1374
8116
4906
2922
311
5922
2081
4916
9421
6976
5914
9152
5468
5528
3223
722
445
9236
7985
622
5081
1288
9024
5760
8974
5748
9064
566
7076
1408
132
9602
9198
237
954
6928
7319
7553
969
2650
4390
5675
7922
4547
3443
5648
4550
4891
7537
1834
8886
4683
6723
2797
668
6428
3493
9355
2444
2683
7767
1061
2706
5960
5716
6951
8622
5448
1958
3112
2417
6173
5830
289
4807
1258
8765
2548
9348
5156
1678
7785
4567
6957
296
3869
8002
4336
6243
3369
6195
4581
8410
8001
7835
7436
2934
481
4457
7555
1771
8762
8697
5935
1354
4174
4122
3219
9257
6781
776
1609
1939
6510
3873
9488
4326
7070
6393
4531
5818
7238
3271
9997
2812
949
4500
3173
2175
7749
7551
9472
627
612
1658
3830
5056
658
4361
9693
8421
3863
2674
5794
5746
6566
9495
3586
9457
7866
1634
7147
9668
6238
8611
7353
9828
9280
6877
7115
6168
3903
5436
6272
6969
5117
2242
6215
2241
9921
4022
5335
3592
2260
2819
6349
533
7941
2398
5969
186
6732
363
6654
8389
6197
4854
1190
2418
860
7191
6937
4151
597
1805
8940
8980
303
383
125
2229
836
7618
2698
9695
8456
691
6158
9731
3975
1064
1527
5142
7936
8326
2545
7136
1786
8998
8771
920
6028
1601
901
3680
9816
3215
1501
5173
8241
9974
4890
2440
5168
7584
3088
5647
4802
5109
3857
643
2111
2336
4100
7379
3329
4543
5526
3520
8486
5817
5299
694
4925
8696
1306
9591
7842
4070
8666
9244
288
6198
3590
2490
1715
516
7576
9382
9672
7316
974
3982
5148
9540
8086
2639
2428
6006
3423
8120
572
8856
55
405
2688
1698
4886
8414
5522
1541
8938
3686
9261
6921
8466
4437
9526
645
5896
3161
4486
2916
2923
6254
659
6397
3495
8610
5353
2009
863
1895
2546
4790
807
480
441
1915
9547
9121
7944
76
1633
4756
9644
1514
1019
9344
5531
3053
5988
9296
3540
8152
7904
2434
617
234
1893
492
1269
9601
5152
5
194
4109
4247
1627
6554
350
7769
9366
496
8650
1949
9614
3964
7992
2230
24
4415
5720
8240
3647
4926
477
6682
8931
320
6950
1738
3410
202
2731
2710
4040
8151
5523
581
7173
2307
4913
6551
292
6876
4598
9874
251
4589
1561
3740
4067
3533
9307
478
9993
4739
7323
8291
9279
2140
5604
4441
7976
7258
275
7905
9256
9291
549
9131
5093
9873
9926
8495
5752
1294
624
5905
6127
4006
4489
1675
9732
7629
8725
812
9233
5594
5464
9747
5797
7927
4149
5636
3365
5779
4842
3054
7042
7348
1016
7322
5598
9164
4011
2720
272
554
6400
6675
7940
6445
3921
7757
3761
8764
2979
9876
3927
7521
2290
4931
5395
2509
3645
8226
2110
8838
4239
6442
3876
4452
9680
3674
6602
2099
2714
4742
8674
4325
9188
5044
9543
998
4296
5676
6728
846
1135
2044
7742
7929
8138
2199
3237
3057
5791
494
890
7083
229
3033
3345
8623
815
4004
3118
2092
7914
7120
6027
1752
4412
2723
5394
9943
928
6449
816
8064
3353
7729
9013
9714
2160
3467
1705
6390
2118
9203
5346
8966
6115
278
1032
9426
6707
3349
962
8142
3516
2839
7135
3689
8526
8407
2185
8006
6383
2227
9821
1095
6812
4749
5087
4836
763
4357
8508
4140
6668
5215
3325
750
3887
2031
7365
2089
2758
9247
9011
397
4651
9151
8335
8779
6167
7813
2996
2365
7251
8081
4358
4157
9718
1062
1320
1497
5776
9841
6424
6945
1848
9140
4657
3803
9061
505
7113
2005
3175
4720
9373
3401
9091
5514
1326
4766
2135
4996
1413
4784
9789
4133
8668
8583
9439
7917
1506
6165
8017
1944
3513
6423
6325
9225
175
9033
2660
9139
8964
2487
6097
7155
1410
852
1341
7499
520
6888
1797
4199
1938
4338
9433
9859
2815
5971
3675
5934
660
3199
7
1766
3062
9077
2243
2540
4859
2109
5228
8811
6403
1420
8704
5070
8582
6343
7870
3430
3568
9624
9631
3579
4475
8045
570
1217
9039
6819
6071
7810
7578
9483
2226
6865
8523
8538
3685
6305
2643
7097
7285
7602
3642
3707
4765
4417
7983
1519
2833
850
3044
2893
5405
726
2360
8449
9182
1872
8198
8846
2995
7993
3171
2127
7033
7451
9410
9157
3856
2006
1233
1904
1811
6479
1045
5506
1518
9948
1225
2791
8461
1123
1270
1159
2973
7051
302
1381
3582
5516
7367
2928
977
5257
3958
104
3058
3104
385
9906
7948
6644
6818
8844
4282
1188
5657
4995
3194
9393
8813
2685
6206
1751
6298
3278
6577
4045
1177
1654
650
9966
1199
7030
4643
2759
6555
1247
3748
392
7392
4526
4043
4621
5455
384
3295
9686
2611
7207
8744
6490
2362
9184
4638
1563
3537
7507
2858
5511
6827
7901
434
1405
2585
329
2296
9728
3052
5717
6797
898
6358
3403
2172
7277
7119
784
222
6923
467
7225
7957
3550
3259
9717
8251
1622
9210
9025
9868
7215
171
7252
6689
3492
7714
7377
9560
3209
2038
5158
2813
5082
1235
6848
1282
6096
6584
9102
9965
2757
3257
1444
4203
6540
6047
252
8830
6321
582
5246
6895
835
86
7906
4733
7184
8438
5683
5160
6138
6933
4196
5759
398
4952
2865
9116
563
1108
1959
6326
1737
917
6360
7186
2114
8714
2580
8257
1510
6501
318
5055
4674
2952
1248
8874
3736
4972
5707
7953
1119
9520
9983
6914
1125
10
2565
4243
3999
6601
6817
6939
7422
3820
8166
6738
1309
9519
7150
9104
3978
8493
7744
6264
9125
9162
8496
3491
4797
6955
2034
1479
8260
711
6959
701
3055
8234
7046
4329
4322
5592
994
3840
2327
3609
4791
2225
9799
4107
4700
4311
1847
7142
7411
2464
9083
6807
2521
2748
1799
7366
6718
7189
1110
9445
4557
7634
1631
7408
9311
5411
6253
2949
1138
6527
1550
163
3796
2256
5480
2379
2154
6535
7664
1713
2969
2618
2695
7635
6515
4320
1973
3318
8264
982
7218
6752
3918
8746
7516
6487
673
4366
5660
8272
9145
7331
6274
4487
6052
9571
1487
2468
1965
4893
8293
9350
2346
5365
6338
2978
504
897
4059
4588
1928
8893
6266
6175
7182
7685
759
5130
2232
9613
3221
7144
7467
8827
7301
2932
556
5043
140
7823
7021
4274
3650
7549
344
6776
648
551
3105
7688
8299
1728
7858
8865
2286
3546
5944
3024
2377
1493
3815
8533
9284
6332
6268
3110
3878
1923
8965
3022
3281
9953
2462
657
7954
8483
2626
6189
9585
7271
8491
5213
4867
6901
6822
8783
5416
5334
5016
3129
3056
7332
8470
2210
9939
8265
3073
1218
3184
558
8880
1772
8492
6894
8625
5094
9861
4927
3989
8286
9897
8878
3749
4483
961
541
5864
8174
2599
796
8280
4166
4940
2921
8476
4379
93
975
5074
1435
3351
653
8196
1649
4238
543
4368
5234
4251
8716
7157
9079
6564
3043
7830
5588
1765
5140
8275
9942
908
3415
95
5347
9303
5009
6568
8199
8406
3012
1300
2430
7477
9635
5119
6207
8369
5805
6185
5085
4986
9784
483
5510
8096
7787
3651
6788
1884
6247
7574
9309
8562
9398
118
7782
7771
4315
4894
680
4748
9890
3625
9340
6532
9562
1810
2388
8706
6994
267
3679
9837
6435
6828
513
3774
9809
1451
6537
4991
9129
7496
8037
6673
9822
9006
7687
3558
7876
7339
8042
1011
2795
7003
3956
956
2869
1718
3880
5439
9516
5187
7534
4182
5318
1426
7874
8628
756
2211
9512
3861
971
5146
9556
8105
4222
5666
4988
56
4252
5518
2828
4728
4156
428
6847
8211
7532
2788
8994
3489
2338
5302
5799
2155
8809
7102
695
9802
4005
8689
28
8890
8392
8609
1308
1393
3527
200
3744
8694
3511
3802
6033
5096
3824
9679
8119
943
9864
5632
5924
9120
5090
9230
5564
2485
7242
771
37
2
6431
2957
20
8078
3973
2768
8180
523
4421
3948
9056
2694
3409
9884
3279
641
7630
805
3371
7621
532
4759
5241
9923
3702
6159
5242
4303
2335
5901
4053
7887
7790
6098
8802
8947
7662
9431
7431
3688
859
5951
2609
2282
181
1398
8428
3004
2852
6035
7205
9245
6031
1499
5749
7063
4873
1042
9922
4569
7444
9806
4015
2601
8321
1935
485
7441
5281
9467
2821
9626
9038
4058
6210
7652
7934
5245
4451
6585
6015
5300
5370
8424
5272
7800
1072
8892
9193
6549
2123
1869
2937
1534
7746
761
1202
6114
2159
436
4026
449
7031
923
8336
334
4291
1531
3794
2871
8936
3172
4957
8231
6023
2144
4852
5583
9646
7513
6021
1679
7226
1980
4333
6713
2511
1221
6662
5668
667
3762
6915
2273
5386
2677
5711
6418
8442
2777
8820
3743
9629
9506
9481
7768
9780
2194
9825
8148
4062
7137
5866
5014
7900
7028
4160
7259
1911
2033
9595
7980
3477
5955
5314
8330
6830
6020
6331
8090
5512
720
9801
8577
1659
656
2324
3585
3936
1828
5642
9314
2773
3913
5157
6565
4640
419
6407
4213
5447
716
2552
6217
1286
6693
5958
1798
5801
1130
4360
82
511
5536
6832
3916
109
8824
8047
1976
1785
4031
8049
2699
6649
2056
3431
8691
786
799
9305
8822
8604
4425
8750
629
821
935
9376
6456
5671
6852
8350
2544
578
1389
9241
777
3093
4887
6749
257
7344
930
9762
2126
3717
7920
5959
4002
3263
2012
7287
6074
3049
8895
6252
2760
2281
8384
3983
7181
1096
7611
241
3872
8374
3326
1447
6757
3250
741
7055
5544
201
2217
2753
9356
451
3191
1010
6040
4484
7973
690
4808
1974
9827
6722
6795
208
8723
3908
4147
8897
5607
8479
6329
9264
9658
7963
4647
2983
9137
4545
5028
6983
8958
7347
7770
7050
787
5269
8175
5983
7333
1335
9432
1760
5255
3321
1714
4269
6080
7214
5947
7053
4324
7453
6301
8855
6100
4209
6284
1979
1969
6392
3291
640
5291
6229
255
6058
5270
8996
706
6886
2333
4270
6103
8675
2779
677
4937
2465
9315
5309
4958
2177
3497
9622
2207
905
3864
5708
1041
9417
7281
5282
9619
7117
9766
4828
2153
2138
5537
377
5427
1565
7315
2684
7616
188
9842
1572
2891
7523
8798
6180
2254
7972
8758
9612
9377
6054
270
4665
1055
1560
7203
4613
5058
7110
7692
7223
1583
3186
1623
3451
832
2041
9813
8843
5729
8066
297
9321
3661
6045
729
3114
1554
5756
868
1330
6982
9364
9046
3530
4290
2270
8864
1415
2014
9694
4892
9368
400
4085
941
7177
9424
7472
9537
9165
8243
1234
864
5479
3303
5450
2583
3832
6496
1824
1511
1593
7094
9007
8613
7187
3561
4769
6267
6212
5183
7450
7946
3729
2112
4373
696
2547
4449
5356
7171
584
1546
5699
5443
4046
2915
7236
4025
2284
2570
8975
9739
300
5624
6202
1727
1562
2831
3587
8205
5998
9065
2669
4219
6433
454
2604
3225
7145
522
1029
7166
6746
662
2629
6966
7006
5845
4653
8664
1390
1039
3933
4771
5843
5840
8024
592
4767
536
7358
5385
7325
8537
6135
5869
1596
9049
5100
5323
5482
1549
8426
81
933
6458
3015
6472
5878
2632
27
9271
9675
7755
7342
5883
3086
9630
5601
5844
3818
6606
2874
137
4656
4389
5585
4443
546
353
6291
4103
2133
199
9283
5552
4881
370
6840
7909
981
2007
625
6131
3510
7036
1794
7307
5293
3772
5895
493
3854
2258
3435
2825
5061
8863
2182
7483
1338
6372
6841
5773
7169
4843
6783
3424
8115
7054
4272
3463
7433
6091
1764
2663
3755
5678
8051
3264
8447
4398
3789
6716
178
5481
5191
3622
5179
4027
3178
3961
8419
166
6471
8347
4017
456
8452
3041
9153
7183
1502
6873
1372
5176
8427
9786
7105
9826
3837
6779
8946
3988
6742
5664
6940
2860
4308
3167
3444
1808
9533
5491
819
5321
5412
9567
3071
3007
8729
7138
5502
9454
7528
6190
9234
1873
7951
9566
8603
4823
9389
1446
8365
8219
9456
4021
9018
1885
5329
101
5159
5111
2240
6371
5248
9310
2981
5135
6773
9656
7886
8644
5774
5115
4863
688
7421
2868
5685
4917
6133
8258
9235
6690
4850
3030
3091
7554
921
4604
2901
1371
7373
4177
9338
1121
936
4501
414
2872
6533
294
8012
9765
5214
1862
7665
2590
5762
2719
8246
1682
7371
7154
5986
4661
6294
6129
9501
1228
7760
3821
676
5782
871
2449
3197
9976
2718
6446
3756
2245
5777
8244
652
4328
5337
3486
176
4792
9916
9237
8560
4716
8431
6615
985
4627
3243
1986
9402
6963
4786
6896
7821
1198
9369
437
9202
7162
5086
6464
5546
1486
6743
5725
8266
1934
136
5505
5740
5929
5138
8703
4599
2881
4982
9669
5616
1464
6057
1578
8808
3438
4083
5344
3464
4846
7079
8092
569
1409
8202
7038
7986
1985
2223
5932
9575
9758
7338
6177
6312
1283
41
2342
9951
6276
7164
6880
6083
2941
325
8087
2653
5121
7864
7753
5054
831
7234
8512
8306
4246
3316
4092
9339
7933
1936
2843
6571
5979
2311
2624
8255
8768
8022
6460
9986
4726
2542
8991
9545
714
7340
8437
8587
6507
1470
8451
7456
439
4758
2640
6001
9363
6316
9204
5033
6683
6630
4179
9242
146
5364
7647
5113
5575
1947
1136
2301
5953
8111
5428
133
9900
2221
2108
6029
8678
3544
8699
8858
1500
70
820
5735
6934
7303
7230
7642
8380
5212
8656
3605
1840
2879
5860
5863
1060
3504
6340
5831
8383
8100
7855
6680
5811
1146
2293
13
3602
8482
7885
3089
455
7262
5943
6920
6990
4555
1406
2786
8862
5310
6218
6279
3465
6161
5985
3855
4801
8657
8816
8212
1517
9185
4055
6499
8665
5743
8713
4492
8796
8405
7827
3981
7624
7520
6572
3289
5338
1209
7831
8916
6513
7380
8230
4271
1028
5629
6280
227
5102
2162
8601
2393
1741
326
425
1700
3624
4788
4038
6320
2265
1800
4965
8733
8114
5517
3668
8455
2480
7475
1692
4736
1369
6174
9688
2851
6813
5567
1516
9655
3233
7460
9574
7895
6145
6659
5498
3529
3965
6475
8298
7633
8869
3426
7711
6209
8624
4831
2960
2732
6455
3859
9174
5206
9438
248
9117
8602
4815
1594
9259
7651
3710
8763
8682
7026
2636
5645
5295
7506
7938
9971
4949
293
348
7355
8751
1750
2562
7943
4312
4192
9175
6160
1827
824
6141
4512
6065
6335
9036
2645
2832
4302
5693
8505
2556
1171
9589
3311
9409
6122
6681
1655
7074
574
6805
3466
8976
5488
1758
6179
5757
9367
6826
9253
5296
3698
8279
6300
5566
8375
7786
298
8927
925
7468
5741
115
4118
8043
1260
8978
3309
9911
978
4650
7559
7417
6041
1204
6123
4725
9354
7369
6641
2299
2017
7913
6605
3297
3133
783
6696
3389
9074
3009
5438
4809
2446
2496
8104
5702
4453
5303
9582
7610
6829
1529
986
7797
2268
3138
3890
833
1890
1277
2476
7590
364
8605
5978
5861
6993
0
2726
7386
182
1219
8819
4150
4171
5098
357
6750
6086
4088
7324
6427
5051
8685
7476
5154
6803
6220
9255
2234
8149
6987
5012
3514
1919
9443
7237
1681
6306
9208
2508
7275
7048
9599
7406
4770
5509
3416
2387
3322
3181
3633
3063
324
3621
5948
17
8302
6375
6188
5382
1875
5807
1353
3327
68
5047
1544
57
5850
5045
3813
6379
4636
5697
6194
338
6500
1667
7448
1685
4838
8130
6534
3658
5931
3631
8743
2713
8993
8489
7161
7620
8441
91
8343
409
9611
1507
6066
2472
3182
3505
5007
3391
4592
9597
3589
7013
9087
2303
1206
746
365
266
4224
1988
7060
2990
4688
8803
1803
5787
285
2975
3185
1302
2824
5894
2105
333
5343
9665
2968
6862
1584
92
3200
3020
8576
2567
7640
4448
2380
6625
3955
403
6089
6916
8355
3911
4571
830
5846
9476
692
9372
2644
9608
7256
4439
4703
7359
2087
1265
7571
1297
9029
2936
8338
9048
8871
5230
9194
6342
2783
3935
5298
9880
3795
2769
8564
926
5493
1896
2318
2841
6988
3967
4276
984
5808
6470
7656
8932
9529
5847
6621
4785
7196
4676
2047
8178
7966
9674
1956
9221
6451
5145
1575
8005
3897
8757
2015
3141
204
1196
727
9213
9477
8157
5819
4019
2579
6269
6405
6553
6952
7471
4091
2392
2953
1542
3103
8825
5003
565
459
9224
7991
7004
4044
8556
7300
1104
3623
3498
881
1526
1179
7937
9969
1779
5049
8134
4719
3013
2561
9961
9875
2529
542
8165
6801
823
351
7822
4403
3719
3646
6150
6124
2124
7889
7124
1086
6831
6591
7509
8986
4130
4561
818
528
5193
3408
3452
870
8635
3066
8831
6285
1954
6067
6334
5026
9982
5525
9250
849
3644
7851
4033
6789
147
1683
8925
5128
8402
3833
3440
7197
3433
2896
4468
2577
5884
6570
9818
2793
4317
8434
5572
5754
1591
4180
7832
2701
2924
7313
2193
1689
5770
1932
9955
4644
5880
1702
1498
2422
487
7201
3174
2279
5063
7412
1851
209
331
7897
7583
5419
6754
9615
609
3995
443
6222
8572
5024
5352
7666
6868
7626
7180
2205
8337
1327
7069
8817
3461
8168
5005
8789
3805
7002
8818
5906
9604
8126
4822
7779
2764
5994
3928
3858
8225
577
940
7538
2178
1817
216
5240
3515
3217
848
2454
4642
6685
8481
5404
336
7569
6904
1748
5391
4681
168
4300
9342
1793
9414
8504
3144
9032
865
3240
9187
9181
782
1402
5768
1414
5322
5467
3682
4939
3949
8877
6186
7343
6494
4285
3436
620
8163
8386
4154
4712
5205
2489
47
5973
9740
9513
1774
5610
4034
5909
8801
1303
9015
5084
8875
8748
2363
5533
8125
1057
6230
5133
8303
3847
4241
7263
7894
4668
5590
6078
9274
2572
2743
9838
8909
5221
3428
2503
4204
704
6727
5786
8520
8876
2553
1373
2836
8220
5355
5399
671
7269
1477
8439
537
2651
2576
2673
4235
5403
14
5236
6704
793
8709
867
5673
1344
5446
9504
4112
3944
9633
2597
2238
2780
9093
4375
8170
4458
9404
9057
3738
4773
3445
4856
2491
3028
2600
2128
6917
7329
6044
6345
4176
6109
5110
7434
9759
9040
1210
4386
5957
8847
4724
7659
790
5013
3362
7023
1740
8004
2531
2091
4912
3260
3603
7160
7903
5277
4138
6406
1285
2145
9180
8285
3922
5543
6087
683
7279
6261
458
7777
4056
1533
5893
8840
1266
1478
1316
1273
7564
3061
4378
3535
1000
3538
3364
4685
4095
1020
8755
83
5809
6322
9636
7921
6290
4590
6869
9254
1789
9607
2149
4600
8252
1929
3893
3865
8136
3341
3229
8812
8971
9159
5308
6545
6653
5341
7890
7420
3690
2796
7869
3641
2877
172
4334
9771
4630
9514
4078
6265
3525
1857
2432
9949
107
6467
8140
7270
1187
1160
2560
6851
9824
9318
2471
4020
6016
700
9183
2361
3929
7958
9498
9251
3852
1831
1281
5027
5974
5515
7439
3126
5500
6618
4648
8552
5273
7504
1172
3347
1730
9569
3287
3402
6204
8364
5921
6604
1386
931
670
3666
9947
4146
8193
742
2423
4570
1647
3273
1555
3811
2029
1899
6853
2470
4254
6004
9134
6457
1059
2184
8953
3566
5870
6242
4942
8032
3361
1026
7756
8448
2070
4064
1990
853
3599
7814
66
5826
6550
8305
7239
1812
38
7752
243
3394
9479
2890
8376
2704
4028
152
3842
5229
253
2090
1287
3392
2433
6199
7676
3531
2671
773
9985
6617
2578
5646
4908
8957
6296
5198
7395
1801
1240
9928
6525
8918
388
2320
1652
345
2756
9106
219
3483
1968
42
67
415
4928
5287
8917
7720
5842
7068
2943
5618
4800
4355
876
9517
3714
6678
1524
2889
1989
5972
6657
1440
6377
4825
8753
1246
9358
1592
3939
8898
3354
3632
265
2068
9252
5129
4760
7853
7204
1331
9103
6538
9300
6361
1463
2036
8929
7459
5534
2231
1375
1978
3331
158
7841
5105
9748
6672
8849
6107
2130
8921
5713
9804
7418
5011
240
9371
4087
3459
3777
6592
4780
7670
4718
6231
8632
2116
9596
5253
1201
9126
130
328
4690
9401
2717
8077
7646
2598
6420
5692
6885
8626
5219
6012
6953
1707
1901
2905
2806
4529
8145
1841
4876
689
3994
7997
1423
2076
8297
5390
3638
4751
7240
1350
1078
8393
6211
5463
7604
4888
1745
1164
1648
7517
3479
8887
4953
6845
7743
7099
2018
9360
7310
4975
6482
1357
769
1312
6860
6000
5008
2573
1205
3684
879
3809
2902
9442
7794
3247
991
4207
1116
3512
1759
5813
1829
3288
9863
362
4633
9179
9486
8315
8371
9054
8555
9909
5252
992
358
9598
3639
4111
7224
8206
6309
6624
4609
9276
401
3414
8790
9383
922
7690
4919
159
5373
4866
8185
4781
5131
273
7663
116
8806
6736
5210
368
2466
9944
87
1066
2947
8903
2246
7469
702
5928
3296
9384
6128
1717
6402
1400
9935
4273
7636
5571
6526
410
8236
778
119
2409
6871
4662
4883
1721
7035
4956
8536
4938
8194
5108
4416
1933
2992
6010
1067
5402
9593
9685
2448
6586
5022
6870
6385
9461
5999
7548
723
567
1843
7381
3302
1762
2426
1835
2882
765
6234
9327
2792
1148
6666
6786
6836
1773
4727
4944
7286
8034
7008
8747
8468
1709
5031
4236
9030
4061
8026
6667
4763
283
6283
8133
589
3608
8411
7872
717
1191
1003
959
2647
4861
4646
1902
5225
3570
6346
1802
8267
111
4211
1940
6068
3387
9831
4232
5939
3258
3721
269
1404
242
5418
5486
1102
8677
33
6147
4309
1017
11
9532
9143
1981
3157
5259
8728
3016
2343
4193
3266
2420
5478
1952
8649
2900
5718
1870
4420
1276
3771
2749
6293
1512
1126
3417
8837
4827
471
2829
4954
9834
4971
3766
9299
8959
4933
5425
2642
9209
4003
579
8663
5758
6942
7452
3025
7881
4427
6151
4697
1313
8566
1182
3282
7017
7071
5178
5032
4167
887
8191
177
4634
3716
3245
5529
8999
8581
6633
9290
6879
1937
4105
8759
957
1009
8989
1231
9869
4902
4563
8658
6710
4585
7638
4617
3480
3204
1657
7167
3320
4990
196
6964
4695
6412
4619
6735
3853
8841
6709
2021
8630
6099
6060
2136
5333
2441
8320
6235
8506
291
5285
7320
972
5595
5650
295
7067
5902
8595
3963
1987
698
7152
9691
5603
6192
517
8396
4641
9927
2121
3695
6677
9292
3140
4229
184
8274
352
5626
7497
1530
7127
4370
3914
6136
1048
6883
4847
1027
3120
1250
4197
4206
4047
65
5765
3943
8686
1999
8069
6409
8074
2912
2331
3798
6413
6417
282
573
2107
4515
8186
6968
9744
473
8204
9044
1053
9101
3454
9640
6700
3352
5703
5788
4231
1347
3412
9500
4012
7735
1790
8569
9313
5605
2662
7165
2368
450
7153
1111
6634
7158
7209
7965
3064
2730
595
7485
9910
6971
2250
3254
7572
7114
8563
6810
2762
4442
4594
2803
3381
5769
3831
8422
7679
2142
4704
1333
9142
2474
3421
2403
3188
3456
4710
857
7915
7424
6531
6295
4525
5350
3085
4286
6084
2993
904
6874
8647
8292
8742
7994
817
9227
2460
7705
2886
7774
3506
9713
9002
2280
2100
3042
1886
5030
5775
1656
1120
4732
5036
6782
2395
5306
1137
9217
8956
2252
8961
9712
2082
7964
2842
4502
3100
9492
2630
4275
6205
9657
1525
5789
4530
2785
40
5311
1090
3663
3034
2808
5380
1905
3500
840
5856
3165
1874
1955
7098
4845
7372
845
3072
5035
9484
382
909
792
4639
2661
7389
1984
9724
2722
2805
5167
3035
1351
6652
3662
7393
1489
1491
2588
6708
1614
4706
144
2072
8429
6774
1128
635
7671
131
2295
8866
7882
8754
5823
7228
779
734
9071
5276
5349
5576
8215
9754
3637
8752
1566
613
9434
6578
9538
788
2381
5558
1540
8721
2627
7010
552
3968
545
1245
6333
2292
9489
2790
9586
8944
5987
9076
4428
6579
797
5181
6081
7297
4410
8568
1607
1662
290
6380
9907
6998
2294
7527
1710
5739
1274
2306
9782
6468
3508
7480
3835
2827
9408
8475
8534
3704
9173
3299
510
7998
9777
9972
8646
7655
7106
6426
8667
9351
90
3000
6854
7806
1822
1894
1770
7910
7791
5292
9978
1031
8990
3122
5644
371
7919
9645
1403
453
6359
6463
512
6607
3198
9166
2939
4871
6760
8517
7701
5945
1363
5992
770
1606
6881
1324
3050
4201
5656
9720
4959
1147
9418
3634
2147
7802
3310
1975
6310
1382
1963
5519
1585
4711
1674
9258
7037
8021
7829
309
9522
3649
8443
5731
7950
2873
8050
3499
2802
7096
1256
6505
500
4566
5274
7878
7871
5223
8954
9810
3003
1520
9219
2594
1002
6691
4532
5435
8981
6528
6506
951
2063
9451
7615
3991
3344
3778
3236
1092
2332
4951
5174
5265
6796
1380
8187
7631
8430
6922
9124
1701
6303
7084
9592
7862
8259
9130
3652
3283
239
4060
426
3019
1395
5171
2467
8497
7250
9317
4488
2077
2982
6118
2682
2501
5340
2115
8221
7390
8203
7107
7073
6927
5597
9895
6480
9539
555
4984
9150
2349
2461
5875
8046
307
8344
1814
1725
8787
5184
5494
4119
4905
4141
9487
4918
7758
7350
4402
3823
4922
6522
8715
1448
3017
8548
9248
3294
438
1957
4117
424
534
149
8014
5651
8218
9399
9466
5849
8232
32
2370
6508
7750
100
1639
6663
6561
2711
8009
9628
7766
3814
2633
2304
6679
2810
3305
7122
2171
3657
4715
1826
8433
7481
2910
9176
1726
3106
9034
6815
3490
7793
3868
3681
4255
3149
1708
3770
789
4962
1665
855
4775
2846
3931
8883
4447
3429
7044
4367
4139
2352
5530
1677
8288
6013
705
2926
6804
1967
2220
6181
7854
5949
8553
8093
1007
7095
1515
1671
1535
2725
9749
8775
2563
4339
9081
5124
6991
260
6182
372
5050
4242
7092
6943
4198
927
8270
5407
9908
2016
3665
4264
7407
1670
7708
6944
53
2425
7926
6362
9684
8307
4505
4124
599
2955
6960
304
3442
3793
547
4071
2165
6632
2386
1747
8670
1259
9653
9169
7591
8010
9042
9191
3039
4409
457
3528
2057
5186
6432
2438
7683
2814
5372
1854
6356
5898
4462
7109
247
135
3270
6770
5614
2291
8627
1455
8681
7062
4920
2019
5584
4947
1706
187
6843
2838
6674
3648
3671
1038
5995
7530
2289
8158
9860
2495
3628
4376
4814
5388
1098
6775
6664
7283
502
7536
3947
4672
4429
2608
967
5320
7849
8036
1983
5889
7231
4248
3080
8418
4400
5374
6900
9652
3155
3896
2702
198
5885
5224
8313
5393
5792
521
4635
192
6043
1538
5633
8181
5379
7309
3195
3753
8248
8110
7192
4977
1383
1661
9791
113
4682
9763
4574
369
9570
435
2883
8061
5635
4113
9497
6504
5927
4930
5150
6619
8683
9293
5620
1995
7601
5487
4186
5520
586
4737
8648
3699
7455
6094
9031
9643
5371
8617
1091
7939
3696
8527
9095
73
2248
9493
6918
1071
9659
448
2030
2510
9879
1907
8261
9420
5166
4494
9286
4973
3620
4279
2613
8528
9246
5161
5199
7796
1227
4538
8955
1083
4351
4882
1370
5975
6281
3453
2635
6228
518
1732
593
3667
179
4074
7357
5814
5962
1030
1127
6954
2566
9320
7575
8067
6620
9924
5785
3143
2736
7027
1620
7677
4520
8503
1850
2906
5202
4029
8385
5591
7428
4810
3372
1460
4556
6761
380
6064
2378
3926
8301
9794
7131
6733
460
2774
3997
1813
3360
3158
8467
2316
4491
2530
7129
8128
8464
7082
9594
5763
3597
6493
469
7587
6816
433
8117
615
5551
3246
8463
9085
7747
800
7845
4740
6609
2638
968
6110
1769
9555
5001
5684
754
4575
2679
7378
8490
2581
6302
8331
1236
2054
6997
1924
1153
3474
6872
2259
1673
6973
8888
4178
9357
6996
9583
8920
9028
6257
1921
5638
6121
3315
2607
5600
9854
412
2359
1485
8062
6245
2453
5452
1833
9086
6166
2512
2654
4283
9149
1505
9100
5040
4524
6772
9578
4155
9568
9403
3108
8983
7614
6193
4008
2745
8788
5048
8541
5155
7211
3769
8101
7639
327
5961
4507
5761
1742
760
757
3711
8638
616
8162
3101
7384
4099
2898
8872
6032
9558
2183
2867
5783
564
4516
2887
907
6434
1311
5803
1229
4679
9474
7893
3759
8209
4819
8312
6466
7762
914
7398
1024
9989
226
8416
4664
4568
4832
1361
9515
7464
1348
7311
1590
9212
4054
3357
4768
6370
6171
2861
9808
170
7707
3548
3845
6582
6941
5331
6237
4446
9053
8135
2809
1284
1449
8522
588
8028
8935
960
7405
8591
678
7391
2845
4909
5499
8982
8908
276
8056
8970
6465
1252
2965
919
856
1422
4546
1220
2875
7839
764
2187
4744
4401
1100
2315
606
4126
5266
3606
4671
5065
7409
6258
5472
335
6850
685
4347
3272
891
9201
9047
6157
3168
7446
1838
9803
9770
9580
1131
937
8053
2933
2817
3617
7445
7429
1605
8708
3952
8805
2186
8478
9913
947
3945
3023
8561
2020
6481
3307
7712
9005
1255
446
7623
4853
900
8660
4591
271
3029
287
4380
4522
5804
3938
9365
7198
8308
2048
7118
7336
2141
6820
9343
9933
8153
9186
1304
7199
256
9654
1212
6450
1275
3084
5941
3109
1494
2189
2655
8881
6148
106
427
232
8019
7562
2980
889
9089
6958
2568
1149
9020
3937
4430
9746
6688
1579
6861
9710
8370
4490
1052
2930
432
1704
730
8923
3572
2367
8480
3163
2950
7397
1636
1107
5297
5933
3457
5858
6007
7815
5359
3226
9287
7208
5816
5139
6143
1097
9940
9962
5580
8633
2854
829
1394
8016
983
3377
6931
5437
2940
8432
682
9375
9446
6469
2095
3378
7200
9211
2499
9752
9385
7121
9395
5541
2866
6560
6530
48
6512
2988
8769
2073
4678
3332
7912
476
877
5981
8273
1865
9346
2675
3797
2994
3227
417
2505
1261
3113
5106
9723
3720
6076
4824
4493
1144
4864
4536
261
1839
5874
1612
2204
5477
8095
633
4915
1806
4803
4932
9072
8828
5570
2202
7370
5062
4884
4631
7458
2974
2239
9306
6244
5689
3150
7775
5018
165
9107
6629
3306
594
4874
8195
5997
5691
5315
215
5993
1392
9663
3119
4244
538
1257
7613
7317
4699
9664
213
7924
7625
3179
2158
8795
246
806
7314
189
2000
1093
8551
4093
5662
5389
8159
6697
5336
466
7061
3116
3892
603
2750
2954
5736
8235
3562
9773
2765
2337
5609
3569
3543
6025
899
6414
3844
9730
4698
6437
869
7544
1401
7586
3591
950
8287
2558
150
1343
9430
6443
120
6357
3275
9632
9823
7713
8435
5865
5083
6216
367
2820
3330
2586
2106
2391
894
3767
4301
739
2325
1021
5378
8088
3153
9919
4392
3300
1103
7335
1953
9450
751
2870
1616
4519
9160
3555
8904
6236
5667
4606
7078
9751
6842
8089
3395
841
8539
2173
6024
6924
7995
3781
2103
5367
9793
9345
4677
7040
2412
6980
4849
2096
4979
4508
8317
3580
2897
6833
2148
1079
5103
4397
9881
3146
885
3746
3557
6474
6985
3971
3730
4057
740
9866
5104
8590
2708
4820
916
8247
7763
3090
7826
7877
3339
8745
7375
8015
4875
1784
9847
4024
1391
4396
1454
5672
4382
8509
8102
342
4094
9892
8608
5415
5560
1114
5834
376
7304
160
2554
4010
442
525
1536
733
8129
5780
3583
6352
5967
2404
9141
3125
8651
6014
3276
7034
3737
4385
3334
4946
4616
2447
3096
4579
5916
314
9957
1339
6184
4485
9406
4721
560
263
5989
4187
4573
614
7722
4456
9066
1859
6949
8099
2215
4528
9981
2479
5727
3881
2536
5990
2998
1522
618
3481
5301
7563
9814
1458
6543
7495
3292
7883
3160
7503
4523
7566
4131
7025
6079
6986
9606
6669
3422
9326
7684
3596
6821
1720
6938
1216
5726
7241
5712
2382
2407
5431
499
3731
8915
8173
2321
5064
2775
9692
965
5192
3984
4321
3957
4295
6042
3862
1898
9510
6154
8271
197
1569
7733
7543
5565
2131
2125
9609
9113
3169
1418
8217
2892
5663
1033
2628
6867
3581
8579
3127
2450
6702
7432
7556
2848
4576
4363
2589
9954
1945
1964
3207
2120
4734
315
3107
4499
5328
1763
1691
3274
1696
6030
3154
9080
5695
4191
6106
9155
5305
1084
9616
3485
8450
9168
4463
6373
1807
3358
7461
4227
3355
4035
3166
1076
5827
2506
6085
4048
3784
1948
8821
3077
5317
6288
6956
8294
9353
8640
6587
1695
3418
4554
6906
9380
632
5079
3494
2022
8073
1825
6447
5489
396
4310
155
313
6995
9600
2249
5345
8397
3673
1014
1604
2603
7493
8498
8676
6864
4210
5890
9839
207
2946
6491
1815
4469
9934
1396
878
6600
3556
8800
7803
544
8700
7146
8458
1788
5396
5822
7356
235
9920
1791
6327
4260
9423
1778
798
102
8063
2051
7463
2614
8906
3930
9362
2761
5023
6661
1908
60
2963
4407
2517
4404
2931
9902
9736
6905
3437
7674
6596
7612
6162
9550
1025
3388
6355
6430
3849
3905
6731
801
9709
1040
4350
1291
1628
7488
3907
2098
4527
568
6684
2914
7844
9845
4518
3482
1570
3871
1321
3816
1340
3524
8777
8672
9068
9135
4323
7399
4654
5968
9703
347
2657
697
9912
4014
3449
6203
1845
8712
501
1173
7024
4620
6485
913
3827
6196
710
2065
4572
6376
4202
8473
7667
4813
804
167
31
1481
1571
490
2880
1047
7968
9112
6348
9265
5019
7022
5679
6176
724
9422
9544
7649
6892
4316
6183
8282
9503
7847
6191
2855
1328
4868
8718
3919
6287
6374
4007
5072
4450
6739
9528
5483
8460
4406
7780
8382
3222
4042
5375
6105
9436
3068
7686
5956
3083
9700
9449
4476
1767
7425
8839
3848
5631
9158
29
7125
9508
5540
7248
4778
6221
7454
4855
1668
3713
8943
8462
775
2084
1992
8815
5465
7176
8661
2741
9750
514
3117
3523
3375
8325
4833
4839
9471
1112
1482
4115
3987
5554
7449
1513
4016
9156
7000
6692
1918
1855
5368
3656
2835
2665
1008
4185
3137
8388
5579
5409
5313
6429
3517
3812
3788
2348
7570
7860
3643
3807
4253
8237
4172
3703
5619
4601
7254
762
728
9726
6755
7229
1186
5504
6574
8500
6502
8952
9122
5910
3269
1433
4914
2013
4624
124
245
5952
3308
9552
378
1174
1323
9084
1143
1613
6411
5002
5151
3350
6070
9819
9482
4948
8542
1640
180
2935
6102
9832
3783
2849
4190
8076
2911
7185
5190
4258
7385
2302
3348
8471
5877
7759
6008
9240
463
3687
2789
5195
5732
488
8600
486
3156
8029
1472
4989
4144
429
2703
8387
2419
9734
1367
3234
7732
8913
598
2884
9681
2058
7085
185
4262
7361
550
6509
8711
1232
2571
3121
225
61
4041
736
9581
6046
8992
1882
3027
993
4478
1358
3715
709
8726
5781
3379
9097
8621
1195
8262
8161
2429
8055
4372
1537
3593
7212
1581
3841
228
85
3536
4120
4163
8870
6846
9045
1917
4877
2113
5020
3779
5724
5658
6650
9781
1364
103
8949
9785
9059
7653
6069
8453
3924
9063
3884
1962
1080
8912
8861
8351
2035
1868
7518
7128
1644
5260
674
8324
5859
8857
2085
2488
3304
638
3694
9222
5141
3471
6891
7607
6839
7501
277
430
5194
9082
8655
7961
8445
5904
4645
2228
5829
1184
6724
4384
3509
3462
5218
1991
4713
9867
9437
8123
1920
6616
3249
9605
1223
7717
9012
1200
7838
2945
5655
5764
317
3723
6711
6558
1823
1484
9136
8894
2214
1421
2049
6767
4735
8793
479
9480
9295
693
6111
9882
7219
1267
8618
3192
5701
7773
8139
4341
4794
7565
2784
1694
9518
9844
3526
3765
7282
945
2262
4966
3301
5226
7134
3439
88
1703
4424
7947
3883
4052
7643
114
2071
5095
8457
6389
339
6676
8368
5723
9452
4534
1951
3475
5423
7494
9699
9541
7091
9324
8229
5264
4226
5821
162
1419
4129
6930
5918
6909
6799
8942
9463
233
6902
1943
5262
7661
1023
268
3285
2666
1453
8842
312
1063
2255
5734
2834
1753
703
1134
1961
9914
8488
5089
9661
1672
35
7955
6970
1842
4233
6419
9009
7865
1863
2696
161
9405
8349
2648
1151
2997
7739
3484
2737
5052
1377
4459
9590
9023
1089
7945
230
7888
5342
5938
8459
3553
8853
4313
2801
7726
3534
8540
9987
1356
1058
8023
9579
6367
8902
39
9788
2856
4963
1664
942
4121
9967
2584
2384
3183
1881
847
681
2415
2859
7546
9232
795
1582
9425
2811
51
6563
2502
6075
2237
7974
4497
4885
7836
7512
2008
8507
1912
4821
3397
8502
6908
1821
6809
8554
1441
7573
527
6223
9000
8829
9502
2739
7265
5882
4082
5162
4615
8484
7535
651
604
9836
4330
4992
1150
2659
4587
6350
58
7599
2477
7648
4137
7139
2463
8408
1397
9829
4667
5852
9885
5362
8727
4114
4955
4194
9931
9374
8214
5495
7087
9741
2610
4084
3404
7987
7680
9304
2122
9154
8850
2623
1237
6364
7245
2705
9316
6104
1162
6232
590
3588
6583
4772
9001
5810
2088
5524
8669
515
8546
8899
5434
5361
1360
4332
2435
6073
3850
8835
8283
5454
2314
4212
1743
310
8334
6438
4307
9984
6049
8836
6849
7880
4696
8268
3917
8318
5217
5596
8885
8233
2285
3614
7529
5977
8939
9473
259
5747
1844
4393
3427
526
1
3932
2712
4266
6395
3255
2770
8360
5527
220
8860
601
3366
8348
3616
5806
2323
462
4731
6766
30
9494
990
3124
190
4860
9677
862
4506
8465
2064
1509
8641
7568
4471
4419
1115
7011
9620
7724
1669
3764
1056
7892
1637
4611
2925
8401
6834
1878
7694
5715
1427
9475
1588
6059
4872
316
6038
7582
6719
9530
8760
9281
3406
9715
262
7116
9413
8319
9266
2354
63
5288
6762
5188
6289
9272
1438
7490
5180
4080
5067
9462
9946
5461
3960
9774
7437
1836
5923
420
3210
1399
6610
3692
97
2247
4344
2622
1431
2083
4510
8701
4717
1213
3724
7066
7979
7778
1914
9231
1666
4374
5886
3618
1849
2011
1185
8390
9673
1589
5324
6017
8044
6645
7001
3046
3629
2728
2300
9893
4327
7702
4408
2043
4793
7466
6919
4498
6200
3705
6454
3190
2198
3718
8054
826
5940
7781
6911
2919
575
9524
9189
6686
3992
2179
2330
1608
9878
5911
1434
7908
8823
4544
3242
553
5548
7502
8557
5677
7710
7567
1635
3754
9062
4999
8381
3542
2482
2816
5021
2151
3458
4708
9850
8513
3678
4036
1651
5573
5366
4777
4217
5422
4352
2519
9676
9811
9190
6575
3601
2437
8228
874
301
8642
5060
903
34
3619
5430
2351
4414
6769
7519
1082
5550
7112
6055
7388
6593
9753
8404
8671
1693
5143
8619
9021
4605
2637
1166
2439
3909
7272
418
6461
6319
8736
5004
5006
5118
3734
7090
1242
2559
2319
7306
8171
5289
715
75
6256
9041
6062
6477
129
838
3286
2537
3951
6824
7222
4292
9216
2782
7486
3356
672
7533
4106
408
884
2298
7039
2539
3476
8606
1087
6637
721
1152
5908
6946
4743
6002
5326
3822
5000
7828
5408
9896
9195
7804
4659
7788
18
8693
3677
6170
1378
395
8239
1926
9171
5587
5357
8300
9936
1073
4714
360
52
2709
5453
7981
1568
2755
375
1388
3826
1243
5469
2850
1022
3959
1731
1922
173
953
4249
1244
9017
8345
7288
3882
6699
6273
9282
4200
6802
7580
6793
9392
4009
2747
1931
2670
7792
810
7673
1809
5976
3829
1972
9115
8183
5126
4539
4994
4480
9561
6977
4051
3791
7072
4261
7227
6304
5694
2452
3018
9132
5376
4896
8629
174
5653
3450
6646
3775
3565
1051
6263
5068
464
6026
5681
2740
9067
8372
2075
1307
7907
1154
7990
7784
7697
7531
665
2620
731
2275
9952
3838
4075
6307
580
5424
6631
2167
1997
1787
644
8378
8474
3654
1942
5071
8868
2176
2345
2164
7278
5497
5772
7748
3313
5445
9416
3095
3336
62
2032
1013
4629
2822
2520
2219
8403
2526
9078
7168
4897
5900
5254
3610
3
630
6597
8985
8962
2356
6050
5449
4796
1443
2606
1816
1155
3152
6366
3006
8094
3021
3752
6394
1532
2390
9312
8008
9415
4541
888
7884
5737
1305
6369
7837
7402
4580
9336
5029
3111
6929
6974
5165
4349
5709
4738
6146
1916
9026
1641
2445
2010
7440
5593
8845
1853
1557
1625
4586
9419
6330
5753
6
1722
5586
2339
3396
7911
8919
712
411
5233
6979
605
9090
7178
3563
8373
7423
9285
8182
4098
50
9469
349
8216
687
8278
608
9109
4998
5474
8112
6308
9815
9872
5034
4978
7902
9349
6324
8680
6519
4426
6250
3891
4079
827
4625
5137
3549
9444
7247
6112
3727
9088
89
6838
880
498
3867
6546
3253
2347
1407
9411
2050
36
6855
4812
7019
7698
6399
7246
912
9014
3400
1272
2371
7765
4707
3177
8065
1480
6140
9857
3993
5837
4
9262
8599
3976
7627
9243
1425
4123
3773
4364
7280
3747
9099
6965
4423
4356
1638
2266
3870
9994
5196
9742
8705
9812
1597
1069
5545
6444
5485
9144
4477
7029
1298
9929
8772
9546
8695
7857
9073
9716
4658
1746
2907
5275
7438
4533
7641
3180
1437
1626
6282
6639
6416
16
3941
9738
5669
5577
6270
4281
8106
5091
3202
5854
9621
5625
7174
9381
6884
7327
5041
1207
3136
4142
4816
1832
9817
5873
2369
6765
6297
1445
4069
7952
6093
7628
6351
2550
9855
4267
5622
3216
2951
6503
6459
6989
8735
3097
7833
8222
9542
6063
3577
2522
611
2991
4686
989
6354
9035
1203
548
1289
8107
7772
9535
4481
2781
6589
3757
2397
4829
745
602
9576
9706
2200
1197
3123
5755
4596
9918
7982
6336
2455
3425
1050
7032
4776
2826
3706
1296
5107
3722
5637
2375
7681
5075
164
767
8253
3728
3065
9634
7682
8103
2668
4509
5964
2799
6156
3966
1046
3252
6626
2139
2170
1238
8143
1883
151
9708
2372
5280
6344
406
2948
8543
3338
3804
3912
5433
2729
4101
7899
5208
3441
4318
8127
5919
3335
5410
1271
9956
4795
2984
7414
9052
4970
8720
5682
2117
7930
8804
9207
6705
3324
6800
9996
8154
3076
2410
3532
7045
5887
2233
8030
2507
7557
4438
9992
6912
5926
7140
5263
7255
8573
3367
444
4753
1621
1161
1993
4950
9905
4280
1165
3886
1142
5996
7430
1278
6213
9390
7473
1887
4418
8446
3653
6714
4250
3037
8719
7971
6721
9792
2735
5080
3552
323
664
1733
6092
6003
4472
4215
5868
8454
1430
6665
5231
2475
3413
5134
1755
2649
1686
254
772
654
59
1224
1099
976
6744
6758
3213
2413
5088
205
84
6622
9178
7689
9531
6542
4551
9689
5639
9964
7312
647
7064
1192
9331
3996
5069
2152
9852
6962
3314
7400
8097
9396
4754
5290
4086
2066
1466
9379
3067
6729
8284
3038
3487
8333
4584
9008
8354
7859
8122
4614
1175
9650
8197
8040
154
7741
7850
873
8570
4431
3008
9769
7352
8353
4072
1241
1598
1777
5728
4834
7163
4148
8977
8172
9846
5261
9945
413
5459
8901
9670
2727
9719
3092
8891
4655
7820
3559
5209
639
2574
5917
9521
3170
3256
3635
2389
7492
2469
8296
2166
1226
1610
2053
8322
5279
7299
5828
5853
4993
6725
1716
4623
9394
7267
212
7232
9651
5460
4277
752
1617
4445
6907
6913
8083
9554
1642
1697
4783
3478
5742
9690
2837
1077
4537
4608
8156
9587
2752
7816
8585
3604
8413
8792
153
4077
4152
9772
8707
7077
3164
8781
3134
2909
5936
7525
3560
2543
8687
4924
7479
7305
6627
9898
2557
366
8834
6595
221
2431
2616
4369
8179
4482
6636
7233
3386
3817
3895
4076
8256
9797
3600
4593
5744
9069
3902
8567
9447
6317
9110
3298
9270
929
1552
8
6448
5207
6576
7789
9509
8510
6794
461
6893
1553
6018
6404
8631
6608
3750
3382
8578
472
8164
2236
8535
4782
1054
145
2927
5599
258
9163
7805
5247
7716
8213
9332
5243
9428
2847
72
9536
3969
3970
9577
2903
5015
1230
341
3776
5611
4649
7244
1573
5457
4001
2086
5484
9267
2716
5327
1795
3448
9625
5475
1775
3132
123
9995
9278
8926
6314
3640
6391
882
5623
3732
6226
6117
8420
9796
3128
7478
2218
3607
1379
1643
7672
2024
5076
1858
5568
2959
1860
6701
3683
7696
8417
3758
8739
4985
4582
5132
3251
5201
2002
1719
9925
5925
4669
9977
1295
1253
6562
4434
6814
7988
3894
9328
6139
669
9549
1133
1368
6588
5426
1880
2985
6521
939
394
23
2658
1254
634
5312
9941
768
2652
4018
902
8519
2715
2575
559
1723
9337
5078
8814
1925
1036
9915
4158
5670
4709
8896
3069
5912
4049
872
7852
1744
6715
9938
6706
8184
1889
373
8132
4188
1462
4741
4934
4342
3664
9917
4552
7474
1416
3074
7318
6580
9903
9671
3799
7669
7052
3277
988
4354
404
9022
4752
4440
4466
1630
7217
5101
6233
4387
4673
9249
4435
9559
4870
1877
4259
1545
9707
2964
4159
8968
808
1183
3001
1580
2771
557
2494
4610
4000
8514
4116
6547
9214
7491
5417
7043
2244
22
7447
1819
1900
4907
3420
3384
9330
3393
8310
7603
6556
3014
6791
3337
3045
4804
7049
4701
7678
8440
9756
6882
6224
9391
9849
979
3059
6975
3986
713
2690
6784
5532
2156
5722
2267
6518
6640
2700
9490
8937
1734
4065
3521
7457
6999
9111
4405
3834
9387
2385
2037
3079
7956
9835
2308
3051
3571
5930
8409
9019
508
9412
519
7606
5991
5182
5046
236
5542
7660
6787
8189
4560
5392
3405
8118
5872
9192
6125
5170
649
7637
6286
3218
1768
7346
1624
4214
3470
9161
4299
1193
5745
4184
7761
9468
3885
8984
2277
2986
4474
1315
3851
7089
2161
6347
7811
9133
8780
9361
8634
3328
1780
5980
7041
794
7592
1068
3954
7443
4359
1113
6275
7482
3539
6806
4603
6748
2209
1909
2023
3496
9055
5820
2942
2751
619
1690
250
9525
8011
4511
7723
7148
725
4980
2582
6323
9347
6529
2525
2853
3081
2895
2310
3900
4981
2513
2317
8531
2297
8575
5508
1891
9891
3701
3098
4165
4779
1105
4081
4365
2305
4680
3898
5339
3319
6651
6859
6278
9341
8852
1475
4675
8596
9119
540
5222
7018
1490
8423
7047
1867
9218
9551
5037
5832
4848
7489
2334
193
4663
2150
1687
4722
3230
9197
1168
7193
4806
3232
8327
9352
8367
6408
738
2287
892
5122
1359
8731
4901
3390
6581
1268
7015
8851
2691
5833
1129
8565
2251
2129
2707
7334
7925
3201
7505
7470
9853
8366
3860
1574
9458
4553
387
5553
4298
8973
2443
8342
1781
8776
5767
4858
9959
4692
5501
5521
8289
4622
2028
5839
5039
3231
3843
6541
3920
2938
7292
8277
8245
6163
2436
9238
8549
9870
8160
264
389
5984
393
2224
3187
8854
3147
980
2394
5778
1712
8176
7143
4381
3220
3333
3985
3613
3363
8208
9848
8884
8227
1387
524
1329
3545
6339
1176
686
482
6552
4225
1376
1856
9114
562
7415
7817
1796
5835
4496
8574
4857
4723
6484
3551
4181
8137
5700
661
8593
3398
7401
6473
2515
1941
6603
781
1756
8972
3836
5733
4073
6005
2261
2676
5125
1122
7668
381
596
7009
5696
7266
5812
8910
5581
1163
8529
7632
9273
343
5042
8188
2989
2312
7484
8580
6164
1508
3598
244
5492
3612
5881
6734
6053
3411
9298
5640
7093
305
5714
6643
9220
7059
1966
79
5441
8620
7172
8150
9830
7179
861
5172
9851
4268
9745
1495
9288
9075
893
9764
4473
854
6520
6365
169
1567
5354
4503
217
71
1139
2602
1503
7959
8356
1251
5855
474
6251
9833
475
7550
3974
391
9642
6489
9440
4666
7593
3879
4941
8379
3962
7326
3267
143
1074
3469
2322
719
2027
6249
7589
7807
8316
105
2104
4228
9660
4578
6730
9147
2857
9889
5680
8724
825
5256
4362
407
9843
8741
6573
3825
1365
4454
8859
3026
4297
9999
6936
1101
7801
6837
8472
5017
9696
4432
2203
7194
9638
4583
1483
7970
9268
1290
6009
8598
5738
8494
2288
8501
3980
5963
3131
9370
2767
3768
3399
9297
8309
6497
9698
7302
6712
8698
4265
6116
2042
4319
5211
5690
7289
7442
2188
1215
7695
3567
530
8807
8730
3340
1996
8027
3808
9623
3244
3460
6441
5351
281
952
7561
2146
4173
308
7654
3708
628
4371
3594
7693
1322
3934
8782
7891
1521
8967
8079
6037
7341
8995
8254
8362
1070
6061
4652
6671
2549
1468
708
5220
1442
9637
4399
8722
809
8425
6623
4257
2235
1319
9269
1754
5471
470
3214
1222
9856
5025
875
8749
4607
2772
3359
4689
2350
7745
2163
1776
2961
5766
5258
7736
5982
6559
8911
8810
5825
374
8794
7290
948
8072
8328
7834
4143
5892
3751
6311
7526
1602
6022
1249
1094
2196
7547
2987
8614
8346
6452
9727
2617
9871
7295
4841
4335
9564
5149
6823
8924
1279
9127
6890
6638
1124
9004
8550
4377
2427
1587
1548
5200
4394
934
4705
1037
9998
6239
1001
2045
5612
6687
1318
7595
6384
5687
6462
9200
7942
6897
4464
1178
4755
1864
1676
156
8637
5628
4395
6517
8124
203
2340
8177
675
4840
3455
7345
2329
9963
2569
1735
2962
2408
5796
1469
249
4943
7989
3739
4602
6240
6337
1913
2274
626
5582
4921
7413
1910
3224
3800
2253
3142
5802
9795
5621
8144
1345
5706
1336
2733
9260
8784
8485
4968
5721
8444
7264
9485
8223
4835
5815
5189
9465
6741
7410
2555
5617
842
6613
1564
2721
3040
5857
7133
1646
9988
7935
1663
5795
6628
19
2456
2498
6656
5641
1109
7541
5913
9407
286
279
1496
1043
1903
2687
5907
1846
4844
591
6598
7416
4811
2168
5325
2596
4195
7764
7691
1140
3241
1461
8007
361
8398
4331
2944
6113
8499
2313
4284
6992
2840
5965
5286
7715
7540
4039
6523
6614
7202
2634
8639
9167
7156
4687
8167
6259
737
431
918
4460
1432
7213
6611
5401
1141
4293
2003
4746
1075
7426
1586
6720
5239
7130
6516
5249
8060
6926
7598
2052
2094
2364
7249
9553
4306
8169
7700
8412
46
5319
1208
2406
7382
2067
3135
8329
4153
915
8516
5332
7260
6225
4383
5942
206
96
9899
5836
1292
2958
5316
679
4422
1158
4090
356
3595
4288
844
7510
9523
5123
3888
2977
9460
2059
2619
2357
9223
843
5613
9937
2533
5661
5420
7585
8487
9647
2885
1474
2862
3032
9721
2414
6658
886
1559
6660
15
4037
2615
5038
5400
9641
8524
5903
1457
4305
211
6984
2918
2055
2776
3875
3630
5444
2528
4923
8930
7376
3998
7539
2481
4444
8469
2999
6255
7524
8756
2908
8207
707
4127
6978
7175
8339
3228
6825
9323
2971
4030
4125
1629
9226
1085
5606
3099
280
5153
3786
6764
6130
9787
7007
5841
4693
9010
1018
9888
5589
7658
7809
1034
8907
4964
1950
7362
9400
2913
4660
3700
3819
3763
8399
6910
5185
3145
8359
5867
7725
4830
3655
1595
9627
5793
5535
6476
3733
7364
337
6425
5092
69
3323
2405
5278
4189
4433
5563
8038
9930
4628
7020
1439
7321
9527
2929
9760
938
785
94
9840
3373
780
274
1355
3709
2798
3693
699
7195
4514
4880
636
9697
7795
6856
1892
5954
8848
9199
6227
9557
2201
1576
8945
5888
9701
3522
743
9289
1049
2451
2169
6889
6353
2754
4050
2134
332
2078
503
2681
2551
3877
5442
1157
5294
9666
8692
1736
4889
5643
8950
5175
4702
1452
3148
5507
623
5549
9790
1783
8155
8109
7291
3005
5578
1971
924
2473
3070
4967
3979
6903
2564
2734
4245
5358
4805
9448
6019
8571
2966
5710
1156
2763
6887
7617
5169
8948
1428
6149
9805
1523
8146
8311
5698
3376
3189
8290
507
6790
2876
6101
6488
5387
2612
8436
4865
2492
8979
3407
6863
9386
2344
5798
637
3205
1189
6753
6857
4391
8394
5440
5235
127
8035
9980
6498
4936
6635
3977
6440
7419
7210
5771
8785
4684
8025
9478
839
529
1632
7818
3735
7856
1337
814
5654
6410
4467
7545
3626
5615
8643
8636
8013
9975
3518
6144
7126
4898
8774
8511
5451
1611
774
910
8879
5112
8018
8249
4904
157
3265
4549
3048
9329
9603
5899
9092
6248
9610
141
7819
7650
6387
1467
9105
6947
7798
1818
3075
7596
8737
7374
4220
8914
3669
7515
6972
6858
2742
7960
2672
3691
9757
7057
6948
4013
4346
1711
8250
7014
5114
2373
6088
8058
9294
2500
1618
8525
5116
5413
195
8734
4353
4774
2061
2593
5144
7738
4837
2026
3575
2744
8080
2060
7728
4108
2535
9648
735
497
3670
2692
231
2411
4535
7108
2119
9308
1761
9768
9883
3162
8889
6642
447
4337
4517
3196
8740
4945
9548
7284
7730
6381
5204
5688
2272
2396
3910
571
4348
9894
932
3712
7861
963
5790
6792
585
7608
4564
4565
9050
4170
1615
9682
7719
7875
1488
6514
7111
3611
3419
4128
607
8400
5244
5608
646
9705
2039
7754
9729
6421
5574
6051
3447
4221
4929
9043
9170
191
6524
6072
5800
6134
3208
8041
12
7005
7918
9563
7706
319
126
7354
9858
8395
6780
2523
4495
6694
8357
5077
7462
4132
4762
2025
7977
6056
26
684
2534
3866
1699
2355
1005
5397
3317
7812
1852
6768
8589
7016
1450
8969
5851
7619
8085
1660
1044
7609
5674
8071
5304
1004
587
7170
3839
8020
1293
4461
6271
2458
9275
6388
7274
6201
753
8070
2001
7799
5630
1645
7088
2157
642
2800
6898
489
6313
4750
3564
822
9429
8269
3342
1006
8075
1145
5097
8997
828
4694
1680
7487
5634
7132
8361
9877
3102
621
1599
1167
214
2899
1897
9138
7396
6208
5250
2667
6771
8238
1471
3346
2976
2680
8673
6137
506
6612
2101
7967
5891
9108
1757
3923
4632
340
4413
8738
3261
2970
3211
4626
5232
3741
4747
5010
5704
399
224
1492
5862
284
2804
78
5751
610
9505
1577
2181
6095
9453
2195
2374
946
402
6108
4504
3806
1180
7363
8113
2605
6808
386
5490
2888
1065
122
5557
6187
6299
6785
7056
9239
3446
6368
7594
8141
4234
7330
1547
2493
1310
8057
2967
6039
8352
2069
6486
1861
9820
77
5360
9618
2143
5602
5538
2283
5915
1982
3380
7206
1558
6318
2213
8988
306
7253
6048
5377
9096
6246
7268
2484
4168
3434
5569
6386
9901
4789
1729
5750
3940
1346
5237
1362
3239
3615
583
9388
2830
744
7220
9565
5496
43
2263
6119
7086
1876
4542
4595
3507
1088
8323
4730
4470
8615
4066
359
1314
7141
8190
539
1879
4208
5937
6932
4343
9755
6569
3899
74
987
7605
7984
1994
999
2631
8224
8791
330
5227
9206
6034
7949
4218
1169
8532
4240
9970
1551
5466
9702
4230
5946
8530
8521
5649
9904
2399
484
8799
4183
8545
5271
8033
3846
7298
6747
9196
2383
7868
8003
6557
7293
5462
6120
7718
3010
3011
4023
8654
8059
5284
8363
2766
6967
2595
9094
9435
2532
2823
6178
7645
2190
4455
4287
4878
4577
7075
1556
7552
1619
3801
7600
6539
8592
6153
1012
7808
346
7243
299
906
8710
9397
2686
5073
3697
4818
8652
1325
4294
2191
2514
3238
9973
8873
112
2278
9172
9960
7975
5784
2697
5383
1015
9687
4559
6363
6219
9301
6169
8391
9733
9128
1970
8091
9470
858
8934
5163
1429
7012
7104
6835
3874
5705
110
3087
7080
379
8905
3047
5871
218
121
3488
7500
6152
2625
7065
6260
7394
3925
1473
3904
4960
9968
8882
6090
837
5381
7622
8778
3293
4745
1782
5432
2483
7149
3676
895
7588
2844
9800
8594
4895
1830
531
8867
7351
7058
7221
9779
5659
2358
8612
2400
6262
997
2518
3627
6328
2787
3946
8833
5627
747
9886
9775
1724
3262
2208
4521
8584
8987
9865
8662
7360
2192
3760
1871
9807
3193
6132
6396
3248
98
8031
139
1998
2424
8518
9798
2004
468
3576
8588
2402
3742
6763
811
4205
7848
1417
3972
3203
4162
6172
3554
1688
6798
5099
3383
6155
6214
354
1476
7896
6759
3468
1820
5838
6925
6726
7427
1946
535
1412
5686
8616
5216
9584
7387
5251
8332
970
2046
9711
7308
9743
3636
2486
8192
1385
7560
9725
9229
9639
64
2724
4289
758
8732
6548
5177
3501
6717
4175
8281
561
9617
3151
7999
421
9464
4729
4136
21
8684
9333
3672
8052
210
8276
7846
1960
2516
5876
3472
128
7644
2746
8922
8358
1263
4597
2646
9215
6544
8201
5950
8131
9319
3115
6082
2341
4817
3578
2524
9070
1804
1411
1262
9932
7731
9334
1301
4757
5555
7879
4562
3990
9499
7498
7235
4987
866
142
8147
2216
1504
2541
7276
1528
6844
8242
4263
2591
5920
9990
4513
5473
3659
2206
2137
3541
9359
7514
223
2972
1352
9
3130
1539
2738
8702
1930
5197
7577
5730
5879
6695
3660
9496
509
80
7699
1349
9146
1888
9511
9459
6142
7404
9098
1081
4223
3901
134
7776
8314
6492
3889
2807
4068
4548
8761
8340
2079
5456
973
4089
9887
5503
390
9491
8900
7783
7558
8210
3284
7273
5429
5330
576
44
2080
7123
2326
1211
4145
1170
5719
1436
964
9427
883
2442
4097
6703
7465
3787
7151
5136
7383
7100
2366
4862
4314
9735
4983
7435
1334
1239
9573
6401
6567
1749
5120
7328
6126
2917
7261
9991
1600
2818
6594
5547
9534
5066
6341
6478
1543
5848
54
2621
8607
4637
5559
7709
5470
6241
3790
2376
3785
8928
9037
7579
3094
9950
1650
6415
2478
1459
8645
1332
4903
1194
2592
4134
3810
8786
3906
2180
2894
4900
2689
1927
2097
4935
3519
3547
9060
4411
3950
452
8544
2457
7824
996
7863
2878
7101
5384
755
7867
8048
8377
2264
663
2587
7257
3268
423
3060
6536
3432
6811
2421
8000
9058
6648
995
4618
7349
8951
8304
5238
4465
7916
8770
1384
5268
802
1906
2197
8597
6935
8767
2504
4169
1342
7923
5652
6277
6398
2863
9277
49
1792
4345
4104
3206
7190
655
8558
6011
2276
2040
3139
3370
99
1684
5556
7675
2222
440
6315
7843
9678
6777
8559
9722
2920
3782
4388
3290
7511
1424
7522
5562
2664
6961
5283
1117
6292
5414
2497
8933
6655
2904
766
4278
5059
3235
45
8477
6453
944
3312
9325
4899
6737
3726
5406
1035
6981
5053
4761
4256
7581
3502
6378
9148
9737
9027
7508
4961
9767
3374
6439
7337
7403
6511
138
3473
3780
7873
5458
2102
322
8773
3159
3031
6878
4799
7996
896
5665
2093
7969
3280
1837
3503
3584
7294
9588
321
6698
3036
3942
5513
9003
3078
911
25
718
1181
9322
3953
9979
8547
5970
2174
7825
4135
2678
9667
5369
8766
8690
4164
6670
8586
9776
2257
7840
1299
4997
3082
748
6647
9455
8941
5539
6590
5476
2538
4216
8653
9016
1317
2074
4096
749
4110
2212
8415
6875
9683
8084
7103
1366
3828
4764
2527
3176
7931
7188
1465
3573
