9669
343
365
9224
8230
2171
5796
3052
6189
2913
844
341
6223
2280
307
3130
6842
4675
9799
3894
6688
9533
4313
2738
1963
5294
5088
8299
7271
4219
4284
793
6640
6957
6543
7372
5472
1241
1186
4417
3233
1931
5657
1958
5451
2904
5502
3493
8146
424
6960
6224
5859
4488
9922
9514
299
225
6524
5994
3953
7122
7336
2686
601
7509
9811
5582
814
6356
2576
5458
4771
3483
5574
1556
3585
1451
1754
8401
7663
8018
4436
4716
7079
8626
5362
3123
167
2295
2127
8241
9692
6940
5308
1824
5435
9265
1126
1105
8774
5151
5979
7955
2600
4020
1213
5887
1626
6041
6643
4607
9713
644
8811
9053
8979
4266
4566
737
5706
2863
6925
4134
8557
7362
762
9610
5188
3834
4175
3940
3816
3095
4170
11
882
4929
6904
7017
6080
300
348
7115
3044
4589
2896
5121
3386
4099
6839
2033
3955
3593
2515
3588
8093
1216
3468
5844
6896
9154
4061
2679
2701
2779
2206
8202
1909
9913
9916
8966
1392
1927
2502
459
6778
6691
3231
3914
3024
6292
5324
9116
9813
4117
5211
945
5892
8084
3385
5221
5195
7487
8271
1780
5093
3963
368
9691
191
6409
707
8594
6505
4922
4845
9172
6022
9781
3933
4012
5765
4057
2521
2875
4156
6850
2457
2881
3628
1344
855
3846
88
7756
3780
7159
9383
8543
8036
4423
695
3246
7943
3926
5806
5654
6607
8687
1430
6965
1764
6042
6539
4839
3248
2986
4026
5429
9150
9828
8824
7540
2301
8286
5965
1036
9588
998
6639
750
7382
2971
2949
6403
5091
8103
2144
3127
5013
7214
8522
4288
5500
6861
7083
6674
2825
3476
4849
8930
9152
5512
5960
1816
2654
1136
987
2912
2878
3424
2917
2082
7704
9249
1694
1190
2200
6111
5732
9493
9359
9127
9936
3630
2553
7886
4843
9450
5031
5891
3040
5135
277
2512
5253
8384
2487
5264
162
9651
1173
605
4964
6803
8846
6321
3751
5524
2531
4859
3051
2058
8680
8668
9490
9829
8419
2631
2055
9939
2655
6843
8615
593
6304
8211
5378
4746
8564
4092
8423
6877
923
1902
1044
1789
7641
2037
9370
983
45
6978
3874
7368
2381
1848
1426
7945
8000
3144
4520
9653
1127
5459
7234
3403
4739
9894
5898
5105
195
3289
2831
329
6240
9292
6776
6635
2448
4320
5505
3378
1929
9513
2777
5720
4676
5603
7860
5966
7318
5578
2923
6468
856
3837
1535
9867
4256
4946
3760
5310
6619
5955
4355
3595
3425
6710
6582
774
4354
5789
9420
2393
5111
5587
7201
8329
4518
2243
8804
5295
1288
7475
1429
7355
2384
3392
4954
8301
6898
2608
3423
8023
8165
2598
6142
3505
303
7170
7729
5483
3492
2629
3059
9355
1836
56
6279
9007
6933
9723
8346
5251
3494
1004
6213
9433
7037
9377
1762
7067
4243
1353
8596
8435
1708
7220
5423
3543
2692
3917
2422
150
7155
5675
4584
1846
8238
2785
2828
2736
6702
2415
8542
6235
1378
2813
1111
7034
876
2221
4325
621
5065
5286
428
4138
3068
5533
3092
301
7749
7813
668
7491
3071
230
1132
8855
2281
9213
4035
4174
604
6560
9114
2180
5427
6866
7786
1749
7467
9386
6510
324
23
7325
8228
8106
4820
5644
4973
6479
5215
5584
3778
7294
3573
1737
3109
9637
5523
1208
7022
9522
5919
7246
3500
4449
9984
5148
7782
8780
3795
564
4478
161
9215
8154
79
9620
7762
1942
1285
5694
2989
1449
5652
3534
938
3283
232
6262
4064
2953
8779
520
9903
8537
8334
9716
4146
7745
8200
9194
4540
7103
1149
9325
3705
1485
8508
9207
2254
6059
1008
8703
3048
7381
2549
721
5243
222
6714
6811
2975
6175
9049
2203
7161
4013
2011
2935
5722
5985
1440
2320
3489
1559
8631
7885
2167
2353
6686
5877
8538
100
5637
4133
1060
1267
2843
4818
8933
66
6339
3786
1192
3035
7476
9253
8195
8075
977
1254
7316
1358
4910
5285
6035
6513
1408
4844
6758
5326
1972
24
83
6836
1748
6999
6656
2304
6228
2717
9592
1486
5479
4899
1821
2315
6336
4559
6066
4664
8226
1711
6116
4493
3845
2724
8059
6126
689
1360
864
1681
5909
2357
3819
2460
5559
9968
9078
7722
5910
3839
9765
5850
8914
1
4063
315
2099
6477
4558
1696
4299
8720
8863
3743
1455
1182
8842
2057
3270
7235
4804
9711
1118
1099
3451
4780
9315
9794
6190
3563
3653
4835
7004
228
3662
5036
2649
5543
3201
1085
8810
3971
5747
5018
5683
6252
7816
3400
159
8765
5443
2663
1297
7421
8070
5969
2365
482
1198
8414
3456
3137
2742
9345
1309
3088
911
6605
6910
9188
9062
4002
3923
6944
8590
736
6794
5561
6528
119
7998
3863
4886
5345
1973
8071
9516
5044
5250
7088
2754
9657
1578
5129
6520
6202
8777
7808
1565
9248
6003
7259
1993
8989
723
8944
7053
7257
3557
4648
7609
2797
37
7936
1125
8158
7063
9557
5678
959
2789
5206
8915
4958
636
831
8010
904
6013
9857
688
9625
918
2332
8441
2329
9028
7831
6748
7593
3360
3941
8967
6306
4718
3987
3774
5935
3481
4742
6206
7738
7324
534
3191
6934
3576
2494
5269
9121
9307
7011
6777
5625
432
7926
5077
673
4752
9846
3145
8975
6045
4372
3486
2242
4809
7742
2538
9328
1758
2027
6518
2824
6007
8266
1017
3981
8117
6552
9518
2223
7617
2593
4040
9003
947
9000
6073
1494
7428
6129
2197
4736
4464
3560
451
4623
5315
17
9615
8242
8323
8640
3381
1232
3701
9536
1294
5727
7611
5120
6669
6757
4773
9550
2856
7219
2227
7393
2657
2061
9955
418
6024
2230
9348
8685
3397
8993
1682
2942
3621
8208
9841
1247
1011
3647
7889
8813
8561
8451
2449
5888
6875
7291
3762
4200
2142
1886
4615
1542
8836
5718
5630
6961
3646
705
476
3346
1858
3315
1453
3284
1763
5063
4940
9520
6038
477
2454
5370
335
3067
2767
1261
19
920
4374
8365
897
3220
3202
1273
8107
8637
9459
9930
5591
738
7584
2382
1000
8805
6382
4066
2467
7097
3215
2463
2547
2387
6394
510
2653
257
3332
3185
8186
283
829
7698
2071
5653
144
2972
8239
8609
6787
3949
481
9414
2956
9398
7465
7407
7835
9808
9018
6451
3885
7514
9710
5373
8800
5961
5997
7971
5266
136
5204
7666
1003
5090
4556
1026
9531
9173
5704
8223
200
2176
6754
6722
1145
521
9693
8892
6300
647
5782
1798
2733
2482
1913
8632
6446
1661
5418
4053
1384
216
1889
2377
5417
6161
1950
8958
2194
978
5463
8072
8518
12
1656
7645
3181
3112
4511
1078
8960
9027
5536
7512
6769
4938
4485
6275
8338
3236
2107
1205
8690
7211
4934
31
3050
2317
2032
2094
2101
1456
4106
6551
9128
8397
4007
6719
9454
4812
8011
8453
1091
7351
1379
1493
5106
6741
402
1944
5233
9145
1108
5149
5920
8843
8592
8066
7068
936
4031
7718
715
6383
388
5951
9983
2476
7481
7277
5562
2569
2147
5766
6975
1633
91
7098
3399
6027
4610
2433
4777
6969
1744
3321
9751
9568
2268
1740
7916
6106
8183
2617
5317
6742
7719
5080
2652
9951
842
9868
8282
3726
1215
4981
3960
4009
8032
8963
8302
7119
3950
932
5954
5933
1122
7178
6398
5241
1932
4321
1174
199
8176
2536
6824
1463
9680
7227
1925
4733
986
9686
3867
1260
6083
928
4641
3300
6183
8232
3022
3533
7166
6464
4530
438
1803
6164
2807
9488
6493
9037
2648
7906
2931
4993
8847
2378
5367
9406
9645
6347
9638
6532
8982
6249
6197
8490
4116
6980
3915
7479
6488
1815
9926
2544
812
8192
5127
1214
9015
8327
1234
5152
2951
5330
8602
4870
1638
7587
9688
8424
1441
2802
9721
6883
5275
3734
1938
2772
9096
7076
1768
1049
9373
3991
3166
3517
3402
2778
3207
2080
919
7565
3404
6725
2179
5441
2208
2112
9320
114
7918
399
4799
4506
5453
4045
2410
3597
3540
5737
8347
2489
6064
7091
961
8317
8307
326
7513
4258
2500
7919
8265
8839
5749
9870
5506
7394
5996
1920
7365
9382
6193
8608
465
6772
1719
672
8092
4557
9952
8318
6299
681
7577
3790
2331
5793
6426
6597
4086
7534
2520
8547
6576
5845
5550
7473
3568
3779
6593
4158
8231
757
5355
8785
1781
261
5386
3234
8663
2977
2023
3650
6471
9070
4740
7766
7689
9064
6049
9072
789
697
1674
6851
8820
2314
2346
1415
9979
1281
1914
34
3572
4295
6878
6105
9068
3803
7700
5542
4424
2263
2708
7278
8290
5134
6036
4635
6031
863
7292
9970
1613
5882
7006
5098
4271
9267
1864
8380
8620
1221
1571
3977
7962
2439
5701
9792
4162
171
8753
9648
2436
8480
2446
4608
9282
4695
926
8246
1765
1278
9236
4428
2695
177
9605
9598
4785
5037
3714
9203
6683
2928
5758
5836
5007
3465
9958
5661
4499
6814
9996
8929
6044
9670
5170
7132
7731
7809
5968
4670
6798
9656
1395
2229
9652
1302
8489
1361
2220
8860
7707
262
4803
9289
8263
5763
9974
3510
9743
8386
4062
9730
912
3964
9698
9498
8939
5289
3140
6352
8797
6984
5738
6779
9346
3998
6817
5865
20
5687
7100
4360
4532
9945
369
2979
5807
3499
5160
1417
6081
9201
9629
1268
4060
54
9973
9260
2218
2899
1688
2768
2766
2905
4100
5258
8862
6221
1002
4195
8769
2184
8623
8735
4622
6692
9756
8516
6490
8120
2705
7759
4356
2565
2897
5060
5431
7752
2359
6238
6346
7583
9558
6375
1817
9752
5927
972
9107
2688
9430
6215
2160
7685
6029
4923
5636
741
2325
1827
4365
1427
2642
5598
2955
2217
4878
7460
1627
2401
8252
3974
6626
9190
3709
7684
1597
8310
7610
105
9963
9654
9148
3979
999
1375
5261
1509
4317
9661
8968
2355
6005
6318
2088
7340
732
4475
9302
2604
1101
6696
9897
4796
5375
1999
3351
779
8986
3800
3156
358
2770
7449
643
2458
417
8051
6990
5705
3817
8362
4336
2606
5240
5959
8840
7250
2226
287
8617
9694
9771
4422
3711
1659
1020
7878
3439
7007
2510
6930
7288
952
6566
2542
4881
386
87
2173
9600
985
4724
1525
924
4151
9935
2798
3869
8635
2610
3151
7978
5025
90
5002
2765
5446
182
7670
3753
2070
4214
1699
3623
3930
5553
7695
8249
1166
9786
8778
2764
2961
4505
190
3162
5556
6581
3577
5190
9964
5769
4760
3057
9763
73
4708
6594
9483
8853
800
9109
9187
6764
1497
2348
6436
6749
817
4548
8629
6767
6068
5819
3773
3663
9521
850
7191
2492
3922
1066
3970
3910
2678
1742
6579
1654
4247
8444
6135
7557
7566
7293
4494
1557
8758
8374
4764
9975
3755
5956
1423
1418
9419
9374
620
3985
9110
1837
8099
7793
7084
560
3813
1444
5971
8952
8885
7140
101
6276
8845
1881
603
2207
2472
7939
2635
4521
8762
5670
8679
258
8026
9577
4896
8294
2583
5896
389
1396
5177
1540
7649
2712
3868
508
3992
6882
2072
1568
7213
4579
5938
59
657
6061
4198
4482
2477
9776
1181
4663
4362
749
591
648
2650
1926
7108
6509
7589
444
4952
387
1675
8196
4714
4404
680
5050
799
5092
6818
3504
3635
210
9137
2246
5288
5186
662
8772
6421
8367
7931
6917
7629
9266
9364
6797
1184
7489
3072
9075
7176
218
6450
2713
219
3536
9160
858
9365
5931
6369
6120
1235
9451
9036
327
9296
9877
8082
8067
7606
5319
2138
2573
7815
4930
7802
1723
1057
6265
7002
862
9604
4458
4394
5222
895
4735
6789
6657
523
2760
4387
4597
6349
9388
4272
1034
2163
8883
2563
4251
4202
6447
6227
3255
9467
8417
3463
890
2036
9404
8460
5871
5142
6422
4034
4837
9569
3214
9644
6338
4495
6495
9046
754
664
8897
1990
6807
3884
2854
2010
3996
1462
3380
32
6261
7120
8643
5911
3644
1357
7757
6673
1596
3245
6043
4893
9288
1643
1772
18
5272
6578
3409
5136
8385
1129
753
8568
5340
2210
5570
1977
9508
9581
3582
7121
1319
1991
5547
5027
3515
1128
9205
4159
5368
8551
6243
7616
873
5511
259
1814
8799
9785
2241
2624
8616
9463
9485
4416
6682
4766
9180
8469
6205
8830
7306
2120
1472
8381
5743
9559
2580
7175
6385
9764
2313
3244
1573
9608
4056
2997
204
7379
7435
1203
7699
8085
811
4392
4249
8806
8237
4477
3310
8145
6387
1678
656
6986
2910
7532
4000
6908
515
1959
7740
6484
6482
1244
4909
3749
1894
8458
1005
709
8341
2174
674
8618
1081
3344
3866
2586
4385
6430
5164
8163
8664
9617
1517
2316
2800
3975
2013
4544
5421
5729
1496
7772
9626
9197
8907
1783
7845
1402
103
2921
6734
9805
9087
7776
9562
1499
9279
323
484
7198
8621
3825
1416
5616
8090
325
8693
6736
5114
3243
7123
3257
9130
1326
3608
3189
1187
5125
9491
3053
140
4274
1872
5249
1037
1056
3046
4229
5399
5056
9553
5259
8038
3686
792
3100
7907
9047
3966
8207
3249
3124
4536
698
4550
7209
3337
415
4033
8506
8893
2612
2255
5817
377
6971
7153
9873
6856
5390
3605
3427
663
2796
1067
3722
9204
397
9875
5382
3928
1727
3801
302
794
2007
7940
3689
9076
9350
9724
7182
1587
8501
8370
6808
3861
4643
9745
1155
7052
1032
9086
9999
5651
7206
9497
5530
6481
1435
1810
5518
527
6165
2344
1347
1461
1329
704
6371
154
5611
5411
7326
2916
8052
8141
7497
3848
8698
5800
7720
4209
7218
454
745
8713
1365
8371
7780
7790
7724
7829
7440
8045
163
4944
7412
9050
6434
3745
1717
1853
3256
3319
4980
2537
1006
7519
9879
4779
4179
5218
2265
8872
3487
3945
7263
8394
5991
699
4188
785
5895
6623
1177
2980
5872
4810
7072
9168
9391
5409
4212
891
1506
5617
5624
9060
2441
2191
5929
505
8565
7109
3688
4167
9164
8216
3226
8324
2572
1275
6119
1548
39
6738
4693
5849
7694
9460
217
4238
9755
6015
1567
2623
6854
2102
425
9775
9311
6437
6542
2319
3902
6486
6431
2379
3104
6788
4364
6821
2670
4969
854
6023
3625
2199
5101
2925
1371
7536
819
6474
2168
2888
1321
48
9401
4824
9323
832
4955
8714
7
634
5262
5572
4455
2886
7934
118
9677
9876
841
7598
8213
1048
8448
4048
6127
1265
1562
3976
4710
4383
7875
3730
4656
8610
8776
5041
7496
9736
4149
2618
6684
1299
8024
5167
1868
4508
845
7366
3155
5069
630
6107
2873
7244
4786
1884
1401
3906
3001
3184
9167
9297
7443
1507
7008
6903
6946
2143
7437
2884
2664
6666
4267
9509
5199
3823
4472
7693
8116
3096
3279
4363
3298
4768
95
1839
9812
9278
7202
7947
2514
3368
7039
7102
839
9475
286
9591
685
2429
8903
9424
6886
4942
8181
9216
5331
5165
8258
2244
1591
3611
4241
4755
1600
9742
2715
6487
6309
9835
7297
5913
7650
468
1838
8134
8905
1448
3324
9415
9142
2726
6026
7969
9016
2644
813
1994
4721
7117
8606
1073
8770
9907
7150
1949
8571
3986
9357
5837
4071
1188
3470
8083
1544
7563
7909
3699
9033
7717
8041
5467
2417
9411
9363
8040
6146
4534
5878
9720
2877
3268
8447
7982
8427
7013
6968
207
1512
8916
5484
5277
4479
6469
1936
6949
2529
4790
5166
1386
198
3657
8577
6621
3039
4381
8399
1320
6440
345
826
9697
224
3043
1569
7775
7208
595
3793
5239
6665
2541
6918
6819
6273
7990
2258
4792
2185
178
7474
1650
2883
5902
7212
3988
5343
1552
3206
1224
2257
6799
463
9843
3364
5425
1061
2993
602
3183
622
7069
9681
9094
5753
137
7525
5640
206
7866
4283
7881
6507
5614
4745
8313
731
6364
5352
1337
4173
6070
6658
212
2484
5948
4596
2721
3105
7060
7709
5940
8204
849
4885
4489
5038
9151
7090
3093
9802
1295
2646
545
7554
2820
1907
373
436
8646
8887
1069
4098
6580
1491
1539
9223
2969
6662
6147
7523
7839
8055
7558
2202
5843
2034
2780
2651
7133
7953
5202
6502
8760
3339
7817
5014
1454
6935
3225
2550
1330
905
2288
6133
6192
9232
9978
9649
9399
2681
9169
6610
6239
861
6411
5498
5659
5237
2932
3821
6647
8172
4661
2279
3761
2131
4326
2014
5804
4700
453
7840
4281
9123
3472
7823
4405
7357
5336
2615
1412
1804
4108
2397
2900
5228
1157
1283
1107
9100
6519
57
8142
7185
9880
6248
2532
8210
3675
2139
2577
3004
3347
8250
2462
2318
8866
2758
8058
1510
3490
8255
8595
1233
910
281
3431
4726
63
8874
9182
2009
9972
3994
1585
1298
2054
960
4176
1951
2734
9211
1985
5282
5117
2937
9780
9601
5736
6893
629
9356
7781
6232
7419
6344
1947
5597
9402
1530
4261
5864
461
4932
5401
3820
3799
1669
7193
5287
5716
6874
2363
7275
1370
396
9895
9417
8467
1089
7145
2192
4737
392
8697
5627
7498
9242
7005
1310
8998
76
1967
4141
4316
6889
2490
4224
297
170
1082
571
7242
4791
5356
5442
5606
7942
3943
9175
2643
7047
1266
2811
6678
3089
8711
2524
6432
2053
6880
370
796
176
342
4581
1397
9065
2898
9544
8575
3445
2234
6366
2689
7136
9565
8398
654
9538
1313
3281
1163
4822
4774
6888
8696
619
2867
1249
6979
5033
3806
5607
7516
1710
9102
8539
9507
3676
4694
6905
4593
3830
5916
1729
4806
1083
9919
8959
4370
7895
7874
8913
4328
2274
8319
4110
6121
7236
5857
2803
8908
1328
6452
5676
3252
5645
380
8054
4454
2170
1428
8731
2605
106
4235
4800
478
7014
3209
1775
8851
8541
1433
2750
5801
9448
2428
5963
5385
6746
6783
2662
6732
1001
9760
7078
8113
1966
9354
9381
8114
9218
4900
8653
3461
7912
5394
3935
433
1159
1595
2296
3913
3993
3805
8253
5374
4761
4165
4278
4257
9703
7778
9220
9019
7721
271
8871
1028
53
6802
7777
7070
5480
5469
9777
6638
7677
4504
8486
487
5193
244
3579
9131
3085
4519
6219
2771
6332
3235
4727
3615
4986
8591
7086
3069
5420
5811
1728
4563
7300
7239
3601
641
4827
8612
6298
8193
7659
3811
6294
5515
8553
4213
682
867
7186
1592
7256
8219
8349
8923
4631
9140
7247
8081
2406
9992
4994
639
6074
7225
2729
3641
6413
6689
7712
9965
3836
6289
6214
9407
2204
9727
6152
3789
2845
6077
1256
446
1802
4711
4838
3084
1566
1200
7243
4347
2978
4853
536
8746
5226
8587
3999
5740
7433
9413
1615
4750
6253
9770
9990
5914
5179
9845
9871
4135
8298
4924
4890
2543
6246
2395
7093
4976
7691
227
5503
3007
5040
4414
5944
6204
9583
5520
3263
2157
2735
467
6858
7827
9361
5548
5613
690
968
5276
2087
5967
4793
6616
887
6168
1025
7647
1915
9806
1828
2745
6412
6380
2901
5751
9609
8991
6097
5590
7930
807
1443
8505
5181
8997
759
6237
7142
7252
8387
4655
2028
9541
71
1543
7605
5000
7855
6178
3033
3939
3756
6756
2291
99
7348
9587
8894
5803
500
9143
9199
5357
8031
3013
7633
1746
7787
5622
5534
8622
3666
6938
3073
2478
2625
1219
5499
988
9392
8524
1690
9960
9189
9807
6365
3278
6906
2403
1514
4871
5981
8659
8039
9758
9157
2461
4143
4389
72
6996
3485
587
9869
3029
382
8328
3596
5643
9442
8598
6425
1296
5856
1840
4547
7785
776
5408
2364
2702
6389
9303
4816
7564
8525
4095
5780
1782
5685
7062
8600
3798
7167
2929
4949
655
378
7092
9737
7313
7527
5950
9112
3391
2545
9762
5695
2443
6094
7439
3325
9602
6345
3224
7466
5189
5665
5047
1813
9214
84
5392
4011
7295
1755
5826
6151
6233
7160
6599
7312
7461
3668
1195
6879
9264
4481
5825
8536
2153
9449
9326
1689
9991
7672
7763
4491
8366
9412
8296
5647
1826
9744
8326
6010
5034
4865
8178
2525
5692
2656
6815
6454
2424
9339
9767
9393
6537
8832
2327
3118
4645
7507
7849
9530
3900
6359
8619
3432
6269
913
3014
4127
3002
6324
4834
5814
875
4121
5107
8479
7746
3192
3454
4177
7879
9853
4948
5987
6735
5187
8695
7914
3784
9403
5567
7921
908
8722
6472
1306
8682
1870
1442
4157
1784
8850
8710
2388
1270
1106
3239
7682
1222
2310
9631
646
9158
6331
5952
6144
8555
1482
5026
1407
1767
9971
4379
419
1059
921
5835
7873
5986
7375
3446
5656
8159
1684
6361
2152
3589
1792
3598
189
7908
8354
2557
3003
9469
7979
2560
9269
4509
8757
8321
827
8016
8184
5585
6000
3060
7296
3444
1616
1923
5043
7165
6328
3438
1628
6330
1079
3447
2497
2837
6823
4331
1631
284
4568
7970
1899
7308
3888
2691
3271
4441
3110
1946
292
3028
7378
638
5283
7051
7021
3266
9738
2513
5560
9063
3055
4819
4225
2746
4609
4438
2719
711
6615
6184
6497
6334
4059
186
2976
2266
5775
8096
4546
1385
8700
3342
5473
1741
4577
7844
4137
2480
9032
611
5822
953
6040
5058
3942
9379
7380
4366
6771
1289
9503
7251
9928
6868
7283
8588
4689
2
2409
9163
5555
8493
2323
3076
7830
1439
5119
1382
7638
2505
9262
1424
4310
6009
5847
8791
4808
8633
7187
6399
9526
6139
8304
1753
5848
1047
7089
2450
1372
1207
9864
4345
8136
2248
4248
3690
8260
4908
7642
9512
8270
4152
3546
9563
7413
6264
9704
5734
8002
8037
3927
2390
965
6651
6514
7199
6028
3262
5312
2507
7768
8809
1623
3160
1272
4543
1191
1121
1563
6114
506
2992
7177
5447
5974
6217
8857
8852
6828
7499
1013
3204
2665
8729
2991
9534
4860
5405
9270
8144
4619
8899
6876
893
9555
8563
9
4406
2466
1663
9238
5397
4925
9977
9104
8406
5462
8217
3212
9768
5238
4936
473
7658
1024
4590
7058
1671
9572
5302
5402
1009
3455
1093
7281
7723
2869
8752
4335
5133
8798
1481
4707
8488
4220
1405
6207
7716
5768
442
251
3967
6054
3467
9002
2105
5566
9546
2966
1420
9426
149
9141
86
1703
8694
8838
6052
6792
9138
2231
2213
8795
5928
3418
55
1825
375
7442
3765
4124
7737
658
5799
8303
5055
2012
8443
4027
4962
7764
4915
6561
6890
9866
5046
2578
5949
8554
2358
9658
3047
5507
727
4444
8049
6988
2700
9313
7910
5301
9957
5305
38
1346
7999
4285
8028
5677
3763
5219
8061
9243
7223
8597
6924
4828
6305
304
1842
660
5137
7753
2919
3614
607
6148
9432
3782
2260
6327
8741
5897
4439
1774
1356
3101
1240
1733
1341
3794
6470
4112
9954
6630
7408
1338
1520
5565
9759
537
3622
9890
5416
8514
8807
2250
5620
1354
1606
8392
6162
5318
6108
8227
7080
7964
4080
6791
3174
7168
6456
2879
8808
3610
9397
6466
4811
9387
2799
549
1116
5016
9234
797
3522
7224
5247
5183
6870
3956
9981
937
7863
1969
3428
1251
6887
2902
7370
6907
9623
9435
4907
5881
3843
5335
2926
6407
381
4074
6618
4371
1642
2228
5609
4409
7705
8063
4227
427
8375
6590
744
9324
1621
6110
608
7595
9038
6955
5017
9275
7531
2224
4139
5048
2732
7139
3121
3810
7867
6090
6172
213
2373
8438
7603
3835
1193
4549
2106
1981
8468
9595
3859
5918
7321
7284
2418
2114
92
340
584
956
3691
8470
5407
5274
8087
6927
8702
3783
8870
2822
6250
6012
7549
196
5912
3809
1483
1046
8284
9458
5322
2015
8607
5893
2125
6891
6136
9882
3407
9924
5539
2496
7286
3274
8416
1980
4950
2239
1581
188
231
8462
9453
2868
6516
808
3317
4467
1170
2464
274
2146
7692
2596
3600
5646
3824
5672
3916
8315
3899
4311
1168
3978
3221
8976
4024
9912
1725
6167
1228
1199
1204
2392
5448
733
7129
3655
3606
6329
9597
8819
7399
7556
5198
2716
8478
7852
4377
8865
1879
1248
9263
5223
5708
6697
1300
7560
5363
5731
8974
5271
3367
3702
8048
8285
2859
4350
1154
2626
766
4453
8138
142
2595
5485
8283
7210
818
496
6641
8835
6297
5460
2214
5634
1677
7602
4640
7144
4094
9039
770
9540
5679
1436
1589
8333
4941
9095
3649
8316
8292
7760
4380
4330
6384
1549
2587
2062
8068
8287
3433
2864
3161
1164
4101
5761
7015
6711
2838
4463
4926
3259
7436
8812
7580
7431
1457
6549
2300
6622
7285
3329
4830
5110
5840
7508
6209
1175
2275
871
6690
5054
9618
5426
3659
1995
1359
1952
6985
4572
512
3125
7601
3952
4208
331
769
8256
8
220
7469
2312
5879
5527
9318
4429
8603
1751
2882
3679
2982
7289
3931
7858
544
4349
410
2571
5999
8393
4115
2808
4864
3872
2753
7478
666
8022
7555
8425
3254
7504
8139
9643
4128
2584
1062
4407
7432
3724
6200
291
2335
2720
7750
7794
1863
7162
5746
2857
9517
692
9676
4668
6314
7726
3219
2292
5671
115
2842
3011
9789
7673
9306
8461
3946
6730
3336
8730
6295
7607
4049
7334
2128
4483
5346
2847
9256
2299
1687
4239
1875
5970
305
1422
8405
448
9779
6620
9202
6862
7502
6810
3771
498
8956
6087
585
6415
1165
4470
7938
401
2938
4927
9940
8015
1599
2661
8829
8162
7980
7968
3132
6859
9899
3482
5690
4166
837
4486
2272
8909
3687
694
5124
6545
7569
2029
5095
3694
5273
6526
7055
9310
4698
282
7245
3299
3054
3187
9824
612
9527
7924
4832
3832
1610
5227
8245
8574
8738
351
46
371
1475
1701
2829
925
2238
6483
9005
488
2534
8020
3580
4734
9284
8431
3280
7574
437
6848
431
540
1134
9352
3384
9997
6663
1465
9606
2445
8332
10
5900
522
9850
7310
8466
576
5883
9470
2613
2008
1570
3018
5329
5210
1104
3056
2698
9717
4421
2570
8274
933
5602
7920
8097
7671
109
767
4318
7371
7240
5012
4580
8725
4653
7747
2471
7997
6813
5735
237
994
5726
2475
5663
4555
5440
5975
7118
4282
7604
9468
7608
4340
3227
4388
6993
1473
6974
1117
6272
4612
964
290
1469
1691
6478
1686
7009
7857
7074
752
3080
7774
2668
1620
1787
7081
8678
3143
8712
8234
6775
4882
782
5333
6706
2423
4659
214
2834
9529
1648
3638
355
6095
9642
6285
8688
8050
7364
3587
5580
3531
8442
1342
9026
5509
6973
9461
1665
2350
4030
5586
6745
7669
7865
6104
4621
8817
4075
6931
4553
5713
3099
4412
322
2215
490
458
3870
2158
2287
4753
8429
3375
1290
9495
642
256
6277
4778
9818
9675
1903
3704
1364
7841
1144
8342
7387
8645
1745
1614
9858
5581
609
7877
6370
5387
7651
9523
6755
7888
1331
9099
1629
5851
6014
6892
2041
2627
2298
935
6449
2046
2376
6709
2819
4297
28
9690
6997
7715
6602
8858
2063
6596
9257
6804
6699
4685
8550
7253
4956
8487
8567
8203
4686
3678
4072
1458
1911
9441
2187
640
9059
4528
5430
3203
3886
1988
9200
8579
4620
4400
8934
7575
1223
1759
2294
7409
2124
356
492
4293
9347
958
3643
4338
2889
1022
5662
248
2132
6548
1252
226
7267
7988
9423
6063
3480
618
8390
9010
6376
6069
7232
4802
3554
8189
9817
4232
2962
4052
1641
26
9161
4005
152
9969
5248
2177
6075
6381
4988
33
5957
353
372
6392
9227
3119
9147
3114
9334
5311
7748
8236
7207
4759
9321
7125
9619
2155
9800
4588
9001
6098
3512
5314
5990
4324
6274
5635
9596
1467
507
5477
2154
9664
4691
7648
1172
3541
8657
4862
8985
4
5327
3530
3208
4021
3107
4312
6034
3058
7282
1477
5132
1332
2914
6360
3179
2311
763
898
5099
9950
8432
1316
9947
3919
5528
4300
8867
4102
7454
5514
3327
4459
7572
3860
2714
3377
2447
5487
4352
148
701
1657
3854
6923
9814
9934
6050
49
5300
6919
4613
2118
1851
1582
93
8534
5244
8789
9135
9006
8535
8895
9586
5569
7215
3932
9456
2866
8440
4410
1605
5962
1156
9170
7614
9575
2052
3514
6485
5176
6226
2411
9830
8576
2001
3032
3864
9241
3581
1955
5988
9504
8919
5917
6747
5699
7152
6506
677
6723
7024
5791
209
8153
5709
2488
7800
3609
8759
9327
1516
1822
3519
8707
7411
3518
8109
8130
4538
421
8823
9535
3626
4290
4431
4892
5010
9622
4333
4415
7506
2451
1466
361
7221
8463
6091
4679
3205
7471
5313
1652
5551
7238
5689
9291
2236
6311
7075
6953
8766
5341
4966
5201
215
1141
3479
6515
6900
3744
4474
5946
4396
1809
1007
5568
9431
8477
562
1380
6257
316
4587
5371
4535
3167
3618
5924
2050
2908
2235
5517
4719
1847
6379
5439
4114
851
995
1785
9258
1058
2470
650
9668
2963
8199
8689
3361
8642
5557
96
2115
9528
3849
7792
4575
2059
2647
9376
2880
7158
2964
870
7164
2419
4087
580
4975
3288
616
3077
9708
6180
62
6018
8790
1928
6130
7327
9921
717
7948
7893
2801
5109
2442
2284
4399
8363
4275
7986
2860
407
352
2499
6805
3980
4308
2667
4614
1286
3435
9639
9210
3590
5252
5214
3961
7788
1074
8599
2136
7307
7352
4442
8104
9570
5719
6724
2354
2165
2950
8182
8709
5984
9305
6500
4787
320
2259
7116
1018
6853
3594
7000
5639
8378
6055
5061
9795
7107
8345
3294
6296
4595
9030
1419
7254
460
7915
9554
6131
1519
2002
6768
78
1935
5391
6337
7486
414
7637
2862
9329
6355
9959
8906
9820
8614
9101
1786
7425
4728
2277
1800
3938
5577
6645
9650
2954
253
8880
3134
6033
543
5925
221
8407
8721
5358
5809
1478
3738
4825
3506
2559
280
4367
6909
1474
3491
5884
8389
7892
6268
6609
3983
3944
3566
94
3788
471
1766
8512
8510
6181
9004
3720
7350
2540
8604
1655
6056
2699
9885
4250
2030
123
9733
1693
4814
3612
8920
5158
6115
174
2068
5011
3065
2739
2240
1201
4977
6386
2865
9115
6852
3645
4462
7701
4527
6335
4906
9133
7503
3990
3193
5449
2051
4992
9500
805
3887
480
8197
7941
5680
5072
9111
1705
2416
6816
6937
2161
2135
3330
5641
3855
5205
9056
7179
7713
7184
2096
1702
4204
7406
6572
7862
6196
7883
3551
9946
5854
6362
2339
4725
1625
3831
8941
2527
8457
8151
7020
1368
4591
2748
3282
7163
4259
6867
7426
3471
6267
4172
2737
1064
6319
8910
9304
8198
3716
2175
3632
3169
2225
5615
3652
3934
6025
7320
7026
8088
5257
7544
8715
8827
8873
1867
7676
5216
1841
5369
4465
1672
2077
6796
6522
6770
3729
1501
5894
7832
4751
5866
3754
6869
3602
1238
462
3958
1718
2792
1263
4624
2861
7848
4025
4991
4598
5452
3376
9385
4722
8118
3345
5945
6191
7273
7233
1819
6186
4836
5260
4671
3851
1667
5138
5174
934
2073
211
5684
734
2530
3374
2850
9825
1618
6160
4082
747
8868
9149
6557
4754
5813
2682
3286
6198
5280
4794
8222
4051
7596
8496
4688
7796
6393
7018
2589
8009
4692
168
1526
3102
927
2126
8008
6531
8497
5818
44
5777
6499
7369
9982
8636
4451
4194
440
3721
8132
3442
9300
8276
9455
3149
2511
922
2981
5600
5863
5474
5051
1094
132
245
2757
6282
5334
4586
8396
9225
5494
4867
9585
6241
7911
8336
838
273
9823
7287
2247
5182
2253
8955
4358
7568
2398
4408
3802
1793
4457
3507
5873
1027
108
5255
8673
3629
8837
1805
9120
9438
9066
3097
5265
7688
4651
4384
1986
3501
550
8281
4205
9881
1403
7356
9574
8649
8825
5930
6589
1492
7847
80
4879
4637
2634
2283
3094
7455
4178
9380
4473
7192
1071
5230
1601
5030
2703
2855
948
7828
2219
9245
950
976
1593
4398
68
5267
7494
5414
6290
2793
6230
7822
1409
5032
197
671
172
8877
6368
5667
2947
383
6655
8344
3912
4633
7061
4848
853
6826
9621
1390
6140
9718
7550
1849
1411
6442
7891
966
6343
1055
5486
270
7675
254
981
3194
879
971
4658
9663
9464
9252
2151
491
8517
1021
7027
5942
6700
3575
8339
9891
5434
2474
4039
3272
6989
5403
3448
6208
7174
4432
2038
8272
7131
2501
6363
7054
4277
9290
8131
4903
513
1052
7975
1890
3607
2994
8650
8502
6465
4561
4140
8439
1259
5595
1577
1152
6428
9985
574
243
6948
6820
2085
7344
5398
1976
2965
1961
1279
4567
7389
9695
886
2645
4982
8353
2394
2021
7644
7696
6117
8641
6154
3086
8733
1292
6458
2285
9301
5852
5904
7036
6402
7003
145
9734
4083
1680
7896
3840
8624
2079
8358
7903
5085
6835
9082
8043
9421
3583
8376
113
9589
8768
8350
9400
669
1072
4403
8669
6716
8788
7043
1012
4995
311
798
9701
1555
4105
2948
499
7396
7101
5862
857
8177
7977
3401
4784
552
4525
5545
5544
8627
8369
2936
3812
3759
5989
4452
815
3574
5052
181
3700
6501
2425
3921
5361
9067
4789
3777
1546
5493
4571
3521
9153
3591
97
6637
8957
1080
676
4413
6286
8970
8361
6266
7899
3673
8917
2952
3222
7632
479
7783
6945
525
5781
7248
8248
8751
8446
5538
7261
1293
6132
3683
2564
1580
8388
2307
7807
9579
3682
2081
8408
7925
4510
5571
3133
3135
3153
1960
2083
8900
7347
929
5461
7981
6954
2405
4254
6093
5755
7485
1698
82
347
825
1812
2826
9276
4669
859
8086
3838
8660
783
4126
7864
4391
1724
4476
1452
346
4529
4933
7319
4411
3348
2183
626
3295
1747
7882
4113
4440
4798
7438
1713
9166
8191
739
6053
2140
4617
1355
7057
1874
3458
9193
4265
8001
4902
1583
4682
4017
2067
4744
2526
3015
5039
6354
583
9259
8368
5406
2893
6547
5923
2193
8744
364
6857
7654
2632
9298
5831
3163
2555
7946
9539
8727
6928
4996
8122
5122
6972
1445
4947
2922
475
4762
8402
4402
1538
4242
4683
6685
3636
3631
3196
5471
8718
8331
5795
1120
3787
7741
4168
1962
9917
6631
6595
3735
8683
8666
9045
3972
8692
4298
9790
7628
252
5450
8476
3496
2198
2522
7330
4680
3741
8734
7710
5686
9994
5316
509
5254
5693
5184
5748
5126
7989
7960
1399
9833
2761
2730
3079
8841
5208
6473
5323
8665
5668
6966
9340
5846
2673
5290
3567
575
7492
7992
7631
801
9322
2456
6420
6149
9176
5116
5810
1322
1227
5937
9017
9051
3237
3267
9896
6480
6508
9747
9603
909
2704
810
1014
319
6926
332
4216
3969
8078
7305
6244
8546
5488
6929
25
7656
633
7016
4657
5563
3370
4036
9494
8945
9988
8802
6784
4050
706
1098
7384
4585
3302
5797
379
1218
2368
693
1664
973
169
5377
1522
98
156
7683
5629
6983
6418
1971
8257
4190
5108
2812
6773
1998
3656
1366
5632
3733
5481
6058
2621
7343
5292
4280
1103
2518
4916
1150
3954
2840
3509
4646
5351
8421
5094
703
2212
3908
1075
6260
6118
1604
6712
2782
6611
8168
1398
1957
3372
9714
7853
8076
350
8782
4044
8194
6546
7331
4136
8098
8243
8818
6585
1133
7453
4554
2930
5086
1987
6527
4107
7087
8964
4245
3285
3232
9502
5666
3695
1799
5291
7111
3210
3550
4353
556
6766
4978
4046
788
730
2677
3833
5003
2119
7811
9273
8351
8277
4649
1930
4841
4337
2585
5830
1505
8949
4253
1965
4047
2333
7346
2159
7157
2915
495
628
6511
781
265
7451
5424
1603
3229
9923
9906
9344
4496
4512
7388
6429
2286
2817
2659
951
3929
5531
2751
1051
1373
5153
6629
3968
7553
8988
2567
3115
5489
1179
586
9832
1632
3775
3296
8969
6587
1528
9855
3569
6372
9995
6125
22
1722
969
9174
5712
6713
546
8035
6462
179
3570
3041
3766
1666
2998
670
5444
2790
5541
41
8581
8450
2000
9847
6654
5885
5953
6145
1865
1311
5412
2134
5834
8674
3511
5744
5596
1255
5786
2130
5660
600
3909
413
7623
760
69
5815
1162
2150
5673
7414
8625
2156
7784
366
5812
581
6128
3661
8167
4979
9674
8420
4255
1521
3021
9986
9144
884
1778
8148
2182
1715
8019
173
623
8459
2116
9336
9044
8079
4703
7739
1769
9341
5638
728
3973
9590
975
1030
6256
6701
2890
4466
803
8630
9476
8793
9510
2322
5035
9103
7543
3672
9337
7304
3857
4831
5642
7805
4842
7856
400
8891
7690
4662
4705
4720
58
4319
1734
5404
2391
9551
5059
405
885
554
2639
991
6096
4382
9584
5145
1040
7950
5379
1324
8434
3624
6601
2095
6920
8003
1245
9471
3417
7128
1704
9915
7599
2262
1558
8454
4974
9395
7314
2256
8773
6076
395
1910
6729
4781
6109
9549
4570
1010
5717
7799
2412
2491
2069
3297
9436
2957
3876
2209
9362
8740
3287
9933
3750
27
4292
6661
7627
8029
9673
1019
7030
5771
7237
4221
1531
8856
6786
6307
6571
6159
2338
4699
764
339
7812
4180
4447
7736
2816
8716
7173
5890
7302
3769
3334
8796
229
5978
7640
9888
7686
9410
1561
1639
2987
3469
963
7106
2906
4918
4783
5019
9784
5064
9892
8661
3154
6467
5915
9706
7615
7590
2149
5015
4634
3440
1336
8573
7023
2308
4897
6941
5828
7622
6956
7385
1709
3822
3
1924
5161
3020
1866
4517
293
129
3216
9274
8869
310
5982
5071
5610
820
7732
9816
2309
4732
9251
1612
4262
8017
9696
9316
6846
567
70
5376
2722
9834
116
877
5104
3388
8251
1861
275
9635
5995
8259
9069
2638
5410
8091
7044
816
1100
3862
1720
9782
7230
6416
5242
3146
1524
2579
3036
8965
3195
2031
3165
6995
5178
1167
3561
6194
8764
2356
1318
9440
3238
3350
9849
1948
5525
7887
9987
8279
9499
1937
9856
6534
9255
551
4889
9084
557
8973
4895
514
687
9317
4145
7963
8947
5350
4199
2744
5868
4545
4858
5337
9089
7410
6316
3016
5839
3670
7377
5633
5576
8828
4487
6536
6404
1953
6936
8119
5076
6021
2852
9774
4186
4552
6374
1438
4673
2336
4863
5552
4103
7592
7339
5860
2895
632
833
5579
678
4911
974
3526
9319
9803
4815
2731
2133
7112
835
1143
3693
3240
9040
2821
3715
5115
7196
1922
5197
3269
4920
3150
718
1770
8875
8739
7404
907
0
7993
1287
6122
572
4681
1908
6281
3639
485
8529
7927
4032
914
7064
1859
1459
3411
2048
4826
7973
5157
8147
7820
3842
9146
9034
6373
553
8187
5513
4077
4767
4821
3852
7771
8925
6541
8980
7301
1388
3031
6844
4603
8528
3406
2723
596
3108
4215
426
7276
5874
2003
470
8311
6912
5155
9159
2362
7359
125
5118
824
9390
4706
6608
2558
6991
2892
8931
6326
2743
7427
412
6313
5688
2137
9918
7137
9525
1076
8437
6653
1301
9425
3177
9700
4998
4537
7897
3356
246
6086
2074
4076
7797
429
4970
8188
9749
3746
5144
4003
9331
4684
2707
7422
5855
8655
2603
7510
4468
7954
6358
9439
3218
2495
6048
8652
5159
455
1410
8433
5278
3911
7113
9842
9548
9887
6881
8412
6642
2960
8212
7579
8174
6293
3640
5742
9077
3548
6231
5296
5936
7180
3889
60
3901
7298
2786
1730
2404
5588
3038
6752
7124
1964
2483
7872
7824
3728
9761
2375
6558
6703
4829
9487
7333
9746
3083
8881
2469
2628
1176
659
8269
4887
8745
954
4104
201
1511
9573
8430
6679
4079
1992
2452
5776
9878
6646
4263
6530
4971
8719
579
1031
81
1065
2614
1624
2818
806
3648
2933
1339
4642
5886
2374
9466
151
3250
2561
2321
1547
4301
6101
8166
1389
102
2984
4626
1795
6002
2911
8548
8264
7501
6212
5899
8995
2788
6341
9212
1919
7935
285
4461
6860
4289
6812
4315
6533
8400
233
6568
780
6708
5564
155
8708
2844
5057
8942
4119
7518
8521
166
7042
6838
2876
7625
6544
3030
3878
8112
2111
6550
2562
5348
3957
7420
4901
1508
9578
7876
765
6391
6538
6521
1738
4757
344
2465
416
8582
7850
2360
5360
2367
2740
7530
7457
7349
3997
5320
9646
1579
4144
6617
8677
9665
7798
9883
5168
3758
6704
5934
6760
8904
2232
9956
9457
1470
3880
5880
3712
1852
4805
2086
8377
4990
710
7951
6340
2427
3070
6873
6970
4868
8240
6433
6390
1791
9048
6721
830
7621
1274
7452
16
9165
2434
5389
8214
1425
1917
8755
2849
8337
7871
9607
2056
8322
9822
8556
5792
8935
8102
2188
393
561
2349
2594
716
5589
4058
8560
3159
8436
5413
8977
8491
5980
8121
7965
5200
126
6981
3599
8278
9797
9725
5089
1237
6600
3152
1502
3410
7470
5191
7600
4456
5245
8940
3684
758
3308
3742
7869
4560
367
7430
235
3844
4709
8074
1374
990
4038
6084
4541
2141
2781
2835
4866
8205
7448
1811
3785
2113
5739
822
7488
1084
7639
6650
1160
516
203
3290
3881
5907
6301
7529
8123
4660
107
1243
8291
840
6962
1945
1315
2097
239
1771
7730
8552
9796
8352
9308
4223
7779
8306
6459
7290
5338
7522
5501
748
4342
1480
7624
1325
318
8670
194
1086
9283
5526
7222
3414
133
494
4758
9537
7708
8681
3478
559
3739
6830
5465
260
6078
9480
266
111
7353
5100
2574
9580
4210
4630
3642
528
6829
3318
7134
7655
7010
3706
2060
8289
6323
5939
3265
4513
6438
1750
6322
1732
9506
5750
3877
9753
6278
1206
4150
5246
1217
804
3198
6317
6143
4153
1550
5234
9230
9496
3818
1807
568
834
501
4089
6174
2044
8410
9226
7846
3995
5730
1471
2400
6676
51
8268
599
3363
1180
3959
3352
7085
8675
158
2351
7328
398
906
1088
992
1413
8946
6423
5162
9405
6210
3136
4697
250
7597
2267
5802
6517
6567
6424
4602
7480
5858
1138
464
6634
5470
8101
2546
5723
9627
9961
3768
7769
8155
9261
1503
1731
7758
5605
6088
3314
9944
3524
9309
7714
3556
5619
881
795
3527
4279
3365
7767
7545
4875
970
6942
502
3544
2805
8672
2718
6743
5128
9098
6417
6271
1760
7562
9684
9314
9358
8545
2588
9613
2581
2685
5827
8143
5867
7483
3459
5853
9709
406
3087
9427
193
6020
2222
6750
5053
3333
164
7923
7390
466
8912
4164
5947
2049
702
486
3484
2995
8149
9186
2264
52
6737
1333
6247
8295
8737
1968
5592
2121
3335
5998
1432
2110
5297
8027
61
4339
4769
4921
8570
3393
3502
930
2752
3200
1303
247
1090
8948
4070
8503
866
3009
4065
7880
6439
2201
120
65
334
1305
6072
3792
4968
7073
9852
9976
8004
9008
1900
696
3430
3395
6134
3925
9851
1797
5236
1658
8831
4287
9428
2676
2983
9250
3170
2506
3292
9353
276
6841
7203
2907
1151
9105
279
5841
9181
9058
5631
9545
8218
1726
8034
1527
9097
9206
1888
337
7337
7383
3042
7819
2459
1777
7477
1087
6569
8723
823
1236
5309
317
3897
6963
6169
4772
1447
9949
3037
2211
6245
2504
3359
1776
4305
4601
3178
8984
4081
872
4217
4840
6408
2421
5083
449
9611
272
3113
9837
4171
1414
1518
5232
6185
6444
9023
7958
9801
6592
4122
2853
4531
4524
9054
3865
139
7678
3815
141
8613
931
1437
8160
3654
5504
5139
5304
7578
8095
4672
3797
9271
8523
5752
5621
4427
9815
8509
2640
6603
9209
104
5608
6378
4435
2858
9052
720
1406
5229
5762
8654
4644
2636
725
679
8742
1161
9482
6082
5438
40
8170
4118
9773
2389
3895
1363
9552
1053
8464
8267
4605
1820
9791
4917
5344
6448
8044
6562
1029
3747
3034
9729
5299
7773
9280
5628
4569
9179
5175
3322
3307
7309
474
3871
5396
9524
1335
8671
6163
5185
2402
4480
2420
8056
6982
4984
1489
6950
5889
5808
2078
7652
7418
3449
2437
526
9927
6011
6123
1832
5583
7354
7490
4905
9914
1113
4397
338
4390
2609
6019
430
5549
3343
306
4594
9332
1033
8247
1921
7032
6419
264
8152
1284
1757
2990
9020
5006
4522
4471
2017
8125
4873
6809
3277
7674
4010
4197
4184
8229
3858
1183
3796
4957
547
9025
9409
3904
6051
8926
5
3253
4604
9208
610
7040
4218
6156
5821
6492
4674
6270
1042
5623
385
2941
5702
5790
4747
4294
1974
6556
8743
4346
2108
3731
1015
2903
1830
6780
1153
2887
9920
1041
7868
3523
4880
6491
2519
5728
4028
1291
439
5788
1996
6455
8814
3326
3578
9515
7033
8962
9246
5146
67
1376
7172
7711
756
165
1697
9593
8634
3416
7429
2940
9614
7751
3475
778
3373
6312
4515
2145
4997
5150
7526
5325
9338
9821
1523
729
2089
2047
9938
2741
5772
3398
7913
8924
8961
6171
8053
6234
249
4576
4446
3217
2181
2920
8648
6367
1178
4715
6863
8662
4001
6717
2774
5456
2022
7551
3304
9029
1258
443
1352
4913
5725
1883
8474
384
6715
5829
6030
8033
2340
6377
3892
573
7789
8999
1431
6932
4073
9418
4244
5724
208
1997
9108
9477
6681
957
9902
8928
3473
6496
4418
1940
9910
3538
3026
5495
4846
6535
8175
1943
8471
4592
3529
1421
3078
3539
7041
9740
8300
5941
441
4386
3126
8472
6057
3341
1314
8100
7743
2092
6885
4211
7484
5824
2517
2016
2278
1536
3528
9126
2065
205
5468
9239
892
1877
982
7110
5169
1683
8484
4307
9542
2035
5521
9073
8179
4999
6584
3157
8844
3320
6203
5908
9299
6092
598
7634
2302
9844
7681
4943
9836
9980
7423
7373
2324
4701
9810
9090
6720
5380
4303
21
3457
4302
3850
3772
6627
9905
8221
2066
1660
8706
3074
6865
2985
4606
2633
8169
8128
7458
5123
6348
42
295
6396
9932
4583
1906
5436
2891
3508
4348
1515
9989
880
1500
9177
5820
9993
7620
2556
4928
2783
5365
8171
1068
5510
5490
6695
3190
4639
2485
8717
4018
4582
8124
2043
1576
7231
3305
146
1831
2093
9349
5078
5021
6216
445
9769
874
2045
7031
8950
7728
5028
8783
7591
3421
9937
3247
9748
6718
6628
4237
7463
8030
5664
1460
7391
8951
6964
712
8046
4687
7761
9612
6254
8185
4191
9741
7415
6342
917
2747
4788
9809
3362
3718
8756
4523
7358
1860
1271
7028
5842
6280
5466
6785
8320
7374
9396
2568
9268
9061
6575
5102
5279
9286
3725
5074
4375
1845
360
3553
9479
3180
4091
8156
6728
5347
9155
296
5773
2162
6529
2249
7464
4357
6649
7995
4420
452
6046
77
9865
294
8724
7269
8994
6825
4951
589
1131
2968
2473
4037
4443
117
1230
4729
8206
3936
8465
2535
8224
8589
6258
6781
374
5173
183
3379
7402
8275
1242
860
652
6913
4401
3066
1348
8262
7059
9371
1504
9091
4368
1212
4599
5537
328
8127
9416
3853
312
3752
8073
5270
4795
809
4161
8578
4291
7274
1490
9277
7635
9683
5457
1716
3223
2795
4600
289
8593
4884
9827
4147
5049
1351
5757
6707
9183
4654
2117
1063
5710
4129
6916
1529
1796
7697
5321
2958
4869
7515
6921
7400
3355
1148
3707
6453
4228
4533
9171
6834
8888
8348
675
7548
1350
6176
7035
6325
1975
185
8418
7241
3875
6672
2273
394
7567
773
742
8150
7138
5958
9031
7643
4498
5284
847
5454
3122
2020
9667
8937
7135
3106
8005
940
9080
962
3293
362
1196
6800
9285
3685
3767
6570
4912
7094
8639
160
3171
667
7424
9478
7403
6400
8584
1257
8006
4189
9139
7255
1135
363
2233
404
2290
5207
4960
6793
3338
7143
4861
9641
531
1735
5307
1280
8943
5067
9886
5070
4395
6284
3441
8309
5062
9335
2934
357
4677
6731
2444
3503
7338
503
9501
7586
2939
7803
578
3117
2523
5601
202
5816
6351
7025
1533
9898
9156
570
6220
9196
4625
7456
5068
542
6489
8413
2245
2172
5008
9861
9831
2386
6414
2407
2342
7765
5599
2039
7983
5594
1869
7539
4891
2762
2590
1736
9699
984
9925
7171
1158
3498
7367
8787
9838
2804
7902
3562
157
2276
9021
35
4919
3241
4741
8504
7706
3303
124
1871
4763
9783
1092
719
8748
1662
7653
4207
1752
3466
3807
967
2607
5532
5715
8644
9911
409
6897
4322
7582
3613
1102
9636
3658
3727
1895
848
3323
3770
9819
5698
8676
617
5428
7570
8732
894
3383
9462
8861
4067
1035
6845
3139
2675
4206
2775
6612
7967
6461
1495
9732
3008
7249
7045
2189
6574
9722
223
6395
4833
9221
4109
7814
3027
3312
8201
7386
8422
4097
7181
6302
4782
4041
5869
3982
3311
3188
9244
7837
6902
269
9192
1574
538
8356
5024
7537
6901
9083
5353
8531
8115
4883
6687
6604
2697
2352
6283
3920
3131
3103
1893
1608
3847
5497
2169
242
2755
3586
2660
7148
2426
4638
4542
3138
4131
6037
6350
6251
724
5754
1743
6512
2787
6173
2974
597
308
2408
1194
9106
6089
2361
6762
8415
7441
8382
1307
2303
6614
3637
6632
7546
7303
3841
1109
3520
9085
2706
4426
4015
2306
1873
3357
8686
8161
8902
3062
7266
888
5785
9941
5281
5156
6463
4286
1210
3814
8094
700
8953
1588
7665
2005
8137
4738
900
9489
3460
8996
7933
9757
3947
8981
3879
2413
2019
447
3213
5832
1400
1653
9689
2973
6113
1534
238
1016
2924
8854
4419
5875
4068
2943
3366
7636
2620
3349
4562
8395
6967
9294
1833
2874
4702
3703
391
9793
631
7725
6739
3781
4069
2602
6099
1983
3006
1202
5415
4876
7363
135
993
1317
6150
7434
134
6401
8876
7495
6864
4264
5794
6494
4378
8511
240
3275
8520
2508
5339
5372
8932
9804
3211
3827
5235
1844
3419
1095
9647
3276
3309
6397
8572
5366
1560
791
336
2637
3891
7661
1843
1189
1640
9118
1635
122
577
1334
4652
3474
9671
7898
1878
3651
9178
8896
1905
588
4359
6899
1077
6445
7996
775
2064
7646
3680
5972
2806
1476
6427
5354
9659
9088
7890
2503
6017
2833
7156
7169
3172
530
5760
4234
9616
896
423
4629
4696
4006
2271
1110
7012
9444
4963
6263
4273
5364
8898
9035
4666
6287
5838
4193
8077
2345
8014
2671
9093
4618
761
1123
2945
9929
7520
7329
7445
8280
1169
8325
6698
3128
7972
9505
5432
3251
7833
7801
5674
7679
3354
4111
7594
6667
5482
8647
4574
8235
9022
4130
6727
1464
6170
2040
6259
5805
7928
7961
2592
3532
3258
1450
321
6774
9966
5741
4043
3369
3903
6694
7468
8080
5180
6211
9136
9633
4731
47
7834
1880
8816
1982
8728
9198
4516
4490
8527
7104
6475
2369
768
8297
8360
787
1891
6573
9113
5349
5075
7619
6555
4959
529
8173
6236
7279
8372
7398
2996
2297
1979
8314
8391
2371
267
6457
8288
2166
2539
2871
9687
8007
590
1668
8343
4201
4748
8042
3261
8566
1277
9566
9235
6827
722
1941
6705
7702
7581
1264
4055
1898
5522
6606
8515
3592
7183
3049
2694
6112
1602
2493
2885
5445
7416
7029
1097
7956
5097
3616
878
6831
6065
4937
3804
143
6182
8927
9561
4665
8658
354
3584
2784
4351
1575
772
7538
1912
5833
9055
236
5707
3142
2848
2205
8064
7821
3776
6588
899
8449
1572
7966
865
8886
7851
7114
6141
4823
9057
8492
3173
517
4501
4155
121
7127
9389
29
5774
5131
4730
1446
614
6849
7482
9240
7401
6644
1862
4125
4967
6765
8373
3331
8771
5172
5976
3316
2616
9862
4022
3660
4872
8704
4961
4148
434
592
7884
4181
9122
2432
9519
9434
9582
4914
1147
1617
2909
5384
5393
5455
138
9735
5130
5714
665
7195
4500
2468
949
3175
7096
6577
3148
1756
2815
3098
9754
7894
3422
130
683
2326
9024
5042
2710
7734
1171
3012
6895
15
2773
980
5293
422
3389
915
3826
1050
637
5491
4851
9599
4160
5921
5140
9185
6633
8936
2091
9481
6288
883
9634
1327
8456
582
7082
955
4749
6847
2148
4123
1634
2870
9630
6039
5903
2455
9543
43
3669
3667
9900
3382
4246
1246
4492
6806
4985
1349
9854
5332
7929
9576
9953
7542
1692
2823
1383
6992
1468
3264
9079
8628
5779
6060
8135
7505
6624
8426
5220
4376
4667
1630
5263
3387
9863
1381
5082
5084
2810
268
3129
9125
548
2090
9366
649
2109
6976
9134
3260
9342
3634
175
3000
4014
2814
4369
6124
1609
7559
9872
6188
9772
6751
8254
4309
8495
9465
9901
2103
7576
802
2725
755
6744
1707
4460
3291
1586
9343
5192
5437
314
3717
5303
8473
2076
2237
2438
4854
7270
3620
9884
1794
110
1484
1854
3017
9787
1211
2851
1829
5225
9678
8736
7547
7472
8533
5433
8498
1479
4627
9728
2619
7126
309
4019
4450
7342
3719
5163
942
1119
9184
1269
6195
6943
4270
8726
3665
1096
846
4539
4894
3617
606
2330
5422
9942
8452
4898
6047
6405
9486
9564
5650
3497
9293
7280
7335
7959
4306
6648
6540
9369
1023
8519
3199
4502
3893
2601
8190
2026
8781
7071
9287
1209
784
3962
3158
3477
9484
7806
2696
9394
1835
7662
8233
8062
4497
9839
7987
8815
5932
8403
5558
2669
4448
5906
4231
7904
8305
8864
5143
1043
6559
2380
2533
1850
1253
1239
3633
6308
4935
2024
6229
6563
3488
3873
6498
4469
1487
9492
2084
6871
4163
1038
3019
6503
8500
4801
943
8482
9943
653
5922
4817
3408
7535
7836
1954
868
5655
569
8164
5604
6675
6476
1140
8340
9117
8849
7618
2680
8656
1904
2399
5001
821
9840
511
5004
1323
8220
3740
5087
1551
3186
131
1045
1513
6062
8065
7141
2970
5546
5703
941
8069
5096
9859
1229
14
5203
7905
1887
9571
8938
6664
2794
4142
6291
7660
1645
9778
1646
8209
1185
9360
6085
8750
6790
6100
3242
6636
9237
9904
6006
7818
7870
2690
746
7197
8308
8992
2431
3371
2486
2611
4425
8990
1801
7019
1231
9998
777
7258
4023
1857
1124
4008
7744
8411
9429
8667
4847
1434
5554
2122
1404
3723
7795
1391
4856
8879
7791
8901
6357
4090
483
3091
1788
6001
1545
7260
2334
2372
435
6922
4226
450
7984
558
2918
8330
4329
9009
1598
5045
456
5359
2186
1673
8445
3882
519
7974
9712
9231
5573
5612
8794
6837
2839
4888
8215
3989
5691
8105
3005
3681
3937
8558
9351
8526
4690
8585
6726
9446
8108
1712
7194
6255
278
7842
2006
6554
7154
147
3565
2630
8060
6915
4616
6153
1611
4983
6822
7949
8357
9408
2959
7612
2269
7065
8126
4797
1197
9368
2693
8404
3063
3111
9375
2498
8821
1806
3164
3698
9042
1651
1553
8911
5798
2343
3619
4852
3883
3559
5649
8157
1714
2641
6668
7189
8684
9560
3516
8110
5328
4296
7299
6004
7561
3896
1695
5395
5022
4093
4268
2251
7528
2252
5112
786
3273
5861
3547
6201
7311
1679
8784
2270
836
1070
9662
6832
1262
6565
1856
2687
1393
7050
615
1939
8749
8359
6998
1564
3856
7843
7217
5977
2944
6833
4551
7957
5697
3697
6763
9672
843
2042
420
2999
3924
3948
2666
9384
3710
9511
7397
9092
9660
6320
7517
2591
2830
2846
4230
3808
7667
5770
2366
1649
7664
6872
3452
4203
8918
7687
3542
8507
3708
8455
9295
472
7630
9474
9367
4953
4647
8583
5529
7703
3450
7095
5079
5224
8140
8803
4704
128
8013
1790
1739
2658
1901
743
7376
1855
8889
7571
3732
4088
9889
5400
4989
4743
7533
5540
3552
8021
187
3692
535
8638
9452
8978
4344
7332
3075
5464
2018
5268
1142
5141
1112
2946
4187
1137
7049
2305
4169
5823
3405
6333
4939
9219
9132
4096
8786
9372
2841
1636
9228
3627
8763
9628
2129
6310
7826
3415
288
2776
8428
7272
4084
3390
6761
3420
8513
4650
3965
6137
1876
555
645
5171
1918
5575
989
7459
5784
9233
8111
8983
6103
5764
255
2836
5154
7056
1956
4857
403
3437
7315
30
5973
8569
2597
2123
4526
8792
64
7151
7735
3443
1377
7804
1308
3671
7994
1276
6693
3434
3328
1619
9014
6680
3535
5901
7228
1970
8530
2832
6947
5926
1934
9472
9081
3230
8834
5696
489
3571
613
4578
3396
408
1304
9447
7462
7937
7588
5682
6303
2190
4713
7264
708
624
3045
8293
2582
5298
7444
2435
6008
5535
3604
7392
5618
1554
9333
5648
5876
3696
8651
4373
2683
6177
1685
2282
127
8383
5194
5256
9666
9908
4434
2711
6583
3545
1282
6441
4877
8801
8921
8485
6759
6660
2709
5383
2554
1607
8057
7405
7838
4756
5964
3120
8089
3549
1834
2509
3764
4334
5519
5778
8601
5787
9766
4776
7626
6242
1622
2196
5508
7322
6187
5073
6795
6443
691
3025
3090
1647
6987
2763
5983
7130
1706
2672
4393
997
2216
2025
4712
686
8549
594
2293
4813
7317
751
6525
5478
4323
3748
7755
713
298
1761
5475
4236
8499
8701
6677
8481
1773
3081
3176
4628
2440
5081
7500
6801
192
7038
3413
2791
4850
3664
651
1369
7048
9445
3890
9893
7985
9074
8826
9254
1130
2575
9330
8364
4042
6157
9195
9247
7733
8273
4945
36
3064
4314
1139
9640
3898
8012
6199
2599
2261
2104
9848
4269
7450
518
4717
6625
6911
8544
6102
1226
8884
6158
7521
4192
9788
6994
184
6952
9191
8878
7229
9798
6564
7511
3023
5993
4120
8705
2756
2927
1537
7493
4196
7105
4636
5492
5196
7099
6388
7190
4183
7077
9726
7417
4304
852
1984
8605
9272
8562
5658
6032
2385
2328
7268
330
3907
1670
234
7323
635
2347
1312
1039
4222
4182
2759
3829
1367
9705
1114
7552
4807
3513
4972
3984
6079
2769
4611
9229
2727
524
9750
3394
6523
7861
7917
3116
3182
1362
7341
1897
1779
5388
5217
4514
8494
2674
5212
3147
9962
8355
1590
9437
1808
6613
6071
6733
2827
6315
9129
180
5066
3061
9860
6884
1541
4904
4507
5419
6016
9567
7216
9043
4564
7345
1637
3713
6
74
735
3353
5943
916
2479
4154
469
7922
9041
532
5103
5992
7066
5009
8335
8586
4965
9473
4484
3828
9685
7900
3674
5005
4433
6406
9594
661
1394
7226
9702
7585
153
1146
7447
2337
2872
333
9119
979
5681
9909
6138
2809
7573
6753
903
5870
563
2988
4765
7200
8129
9739
4632
3564
3228
3429
1387
89
8483
3495
6222
7859
5209
3757
9874
5711
9715
9731
7149
6659
3537
8987
5020
1498
7770
359
3677
6958
8047
8580
4723
13
5231
3010
9071
8409
4445
1594
1721
8312
8133
8767
939
9532
790
828
8699
5745
8890
5733
8833
4430
3555
946
2622
1933
5721
8244
6894
5593
75
2383
3453
7952
3464
5381
8379
9826
4775
3141
457
7810
9217
6977
902
7668
2195
5759
85
4341
1115
4132
1054
1340
2453
8025
8747
9547
4252
541
6218
1882
869
4678
1896
8475
9556
7146
7854
2548
8225
1532
6435
2178
3426
50
5700
4054
6914
7944
5476
1892
2551
9632
627
2749
2341
5496
4874
9013
8859
3197
9124
376
4343
565
5213
6586
349
901
4276
5306
7395
1989
9682
9707
6225
3340
9624
7657
4770
3313
3558
9679
6166
4361
5767
2728
2075
4565
1644
3412
8180
1488
8691
504
3436
726
4004
9162
4573
9422
2516
8754
5023
4029
5756
5113
2430
9719
6939
2098
8971
2100
6598
4260
390
5029
7262
3951
7727
8261
7360
9312
7361
2566
3462
6652
9281
6553
8559
3603
7446
6671
6951
7991
7188
5516
3737
5783
8922
684
5626
112
1343
7046
4085
6782
1676
2414
7976
8848
2289
7754
2552
313
9443
1916
996
5905
4233
4016
6410
533
8611
1700
3525
7901
9967
1225
2004
2528
4931
7541
3736
3791
8761
6353
411
4240
7825
889
4437
7613
714
3306
9222
3168
8775
566
3082
4078
9012
6155
7205
1345
539
7265
1818
4855
263
8822
8532
771
6179
2396
625
241
4185
2967
7680
5147
1584
7932
1823
1220
944
6740
740
493
6504
5342
7204
3918
1885
6855
9931
2370
7524
2164
3358
9655
7147
2481
9378
6840
2684
6067
6959
3905
4332
7001
3301
4987
1978
6460
5669
8972
8954
8882
8540
6670
4503
1250
9948
4327
2894
9011
497
6591
