2550
1891
383
2445
7704
4967
8234
1163
5881
902
7341
2516
5024
9534
9688
516
9592
3912
9394
9509
8383
6371
1466
3523
8317
7185
9161
8725
4338
7912
4750
4081
1998
7862
543
2186
7659
8738
7316
3745
1255
9354
4610
5602
276
3888
6553
7344
1514
5465
3139
4925
1208
3831
4459
1500
9984
9276
4404
7837
229
9786
5376
5106
4034
6105
6973
8507
7480
3037
2061
9186
4538
2717
7509
4535
4319
2099
1834
4300
4746
8335
261
6687
2388
4697
2640
4469
5342
1486
538
7714
2158
1096
4806
3035
507
3022
7079
4155
6060
4430
2779
6963
672
8856
6226
9314
4370
3454
3081
7916
6225
1087
8554
1374
1915
7424
4920
2378
3717
3857
4641
3243
3353
4288
9808
1271
7911
8067
4657
6539
6776
3503
1918
5084
411
8887
6342
5382
3967
3761
6401
9651
7170
6243
3870
833
1813
4556
2972
854
4891
7030
895
9048
2114
3050
1219
2627
9448
5884
5230
4710
9768
5027
3838
47
4586
4964
1763
7520
955
3634
5618
8229
9568
5665
2560
5080
2591
8212
8405
8525
6729
6955
1772
7457
4350
599
617
9948
1907
6499
8132
8417
514
6605
7020
124
5828
4426
9880
8336
122
4107
3296
9564
7297
8882
1929
6094
4246
4339
5580
2673
5765
5008
2462
8278
7983
3088
9179
3147
7920
4262
8393
4591
8754
1455
1268
3726
5793
7783
6301
9229
606
5959
8776
6899
398
9594
5250
5502
1948
7252
3027
4167
2133
8944
9411
7258
8971
2162
4223
8476
7275
3659
4003
1805
4205
7619
7358
9368
7323
5398
5183
6620
2027
2120
8055
7729
9849
5056
2523
9397
1587
6292
7181
4600
4127
7270
8996
7401
7952
2420
2837
2387
926
9265
6968
2693
4577
7558
794
3141
6884
8460
3010
4391
7928
3208
3136
1947
5208
6489
2350
3298
2620
3401
8990
5313
6516
8204
7592
9959
2977
7215
428
8828
3994
5806
1505
7040
2370
5754
9678
6817
8703
3611
4675
2078
8677
4579
7967
6562
9521
1882
5970
9304
2950
2331
7505
7477
8482
426
4377
6315
7416
9629
4478
5436
3505
4572
3194
6430
6537
567
5960
6251
5418
4220
3603
2984
4914
3
4341
626
5110
6873
5576
2758
133
3628
9380
6224
8156
5627
5216
5379
1351
3884
173
3826
8603
8195
1063
3215
3475
406
3942
3664
4649
5372
8093
2146
2651
8705
1435
2599
6397
8708
8032
7610
9124
6353
3306
466
3572
348
5130
1617
6297
5041
1396
8516
4559
6533
4310
5109
5292
193
9378
9432
6018
4216
9165
5871
3117
194
9988
1488
2782
8279
4488
3199
3161
6920
147
9289
710
8016
7126
7282
1890
5710
9535
8065
2367
6526
2214
169
1394
7767
3202
8670
6512
2401
4792
8399
5352
7655
2389
6344
6147
3205
3299
4516
6369
70
8220
3595
6032
5861
2626
2086
519
6701
8012
9362
3919
8671
4214
3315
1194
923
5005
814
5705
7780
8331
5199
866
7904
6506
7598
5680
9971
2312
2341
6259
2486
209
7475
8519
5293
6880
7543
3034
5563
8837
6790
2330
3562
7332
2122
8091
6728
4207
1582
5165
2495
5117
1314
8690
9782
3535
2125
9328
4782
1278
1624
3407
2297
9082
6300
7228
8809
7670
8835
2498
6183
2612
1683
9395
9622
3914
2899
4888
278
5354
80
713
9719
2670
9590
9235
3342
1328
6904
6203
1177
8568
759
6324
4937
1068
7902
7691
9107
3931
2205
8036
4015
3197
223
1515
3119
2845
1306
330
1235
2062
3178
4656
8342
9384
7910
4221
37
2010
545
951
8478
6850
9182
8860
7743
1875
3380
8109
6175
7231
7351
9103
4696
2573
7462
5161
9440
3262
5584
4017
7155
2792
3700
4009
2203
6486
9076
1423
4584
9709
2346
7813
3252
3352
2102
924
2687
9581
695
1300
2889
7255
3802
1528
2928
9597
7848
4890
5235
2418
3619
4289
8895
8282
8693
6632
6386
8784
5709
8616
8874
7733
9763
2956
4692
1024
2200
9488
3636
1673
9606
1969
8149
3850
9298
9752
6721
1029
638
2929
5736
7677
2822
5764
8512
7548
6730
4788
346
7331
4011
6347
526
1959
5648
9382
6946
7337
7096
591
4474
9674
2755
9183
8696
5913
791
7007
8437
391
7577
5380
377
7076
6409
4585
1661
1557
9975
8739
3175
9210
9272
1406
3150
3082
9345
1154
6215
1635
2191
9652
1138
3349
4958
3059
9413
770
4727
9878
363
2020
2916
9343
3485
5982
9199
4537
3740
5385
5968
7746
6281
3223
1564
5603
9203
7628
267
1137
5131
7192
9233
3814
8470
3722
7279
8023
9295
6791
2211
8044
6772
7012
9785
7421
4855
6008
4598
4389
4317
867
3040
7190
6423
737
3334
8079
1983
2647
9529
4547
2859
3564
855
4194
8030
9474
9530
9525
9492
8254
7963
5085
3195
7027
2316
230
5910
2151
505
1739
1988
1943
6047
6378
3170
4970
7474
4076
126
8178
2831
2289
9061
8577
3260
128
5692
2047
379
3392
5770
9292
3563
2196
6554
1079
4347
388
9010
986
6762
7113
3331
1799
2602
618
2017
2489
8168
896
5059
666
4477
9140
5526
8946
1787
6958
7075
1175
2803
6045
808
7380
6507
1058
4232
3314
4917
9077
1702
1440
1205
9840
9861
9866
5587
5596
933
9429
2740
1057
4919
9843
5645
4292
4414
9282
9559
2280
3257
4282
3324
4159
9098
1568
9797
8077
7141
9157
5714
6205
4108
6248
1845
8700
7722
2159
7296
1773
7324
5987
9352
8576
9267
76
6696
2949
9201
5006
837
86
4583
9315
3463
8884
7281
3046
4375
5682
5635
9969
9405
6077
4252
4735
5073
2931
9644
1364
4510
9703
7091
7507
8723
9496
8872
6546
5452
1190
6164
9190
309
9109
2532
890
4522
1636
6176
6485
1337
6139
449
2349
9436
6567
3465
5712
5185
8351
3893
4177
2287
8
6859
7982
4188
7941
115
4472
1291
9800
5338
8506
2887
6287
7430
4045
5201
2780
8930
8593
9992
6109
9212
1361
4941
299
134
9974
2613
812
2838
9113
4124
7877
5656
726
3892
3247
690
8980
5542
4025
8604
9819
4330
1755
1379
1688
9990
1106
3998
5438
6793
7804
5831
1937
5629
3904
7846
5969
1462
7321
9007
1178
6005
3951
2890
9823
3198
9003
8628
26
4457
5848
308
1129
6291
8977
9612
8619
5549
8755
5774
8600
8235
6389
3812
8416
6428
8864
9058
1481
6492
5528
9285
3917
9023
7978
7238
1563
8378
3437
4027
4884
3570
6335
7566
3093
3047
6924
310
3024
2447
6140
8249
2064
3821
6434
3788
8838
5300
3448
2008
1808
6779
6825
9965
7907
1036
4938
4939
5630
5886
950
8500
1786
3787
1196
3883
307
3500
8320
9133
3964
1658
8306
1555
2866
6683
5996
5950
757
1979
5435
3087
1847
9143
5937
5623
3818
2472
5992
4665
733
5391
9947
9687
5023
9857
6528
1078
5685
4711
4094
1657
3158
5089
643
8071
1966
2129
3214
1438
6269
764
8374
7640
3800
5103
8984
5875
2290
7712
1159
5123
4973
4308
395
9153
5555
8394
3840
1905
27
5896
436
6200
5842
8504
4534
1721
2240
3785
7972
4568
3996
2397
1183
3410
8709
6947
4331
6610
5179
9628
3681
697
9783
3714
7517
132
5923
9661
4740
9192
6827
6979
6720
9561
8536
246
5837
3499
2012
4922
9532
3789
6193
2396
9445
3569
1217
8064
5222
5048
3173
1588
5626
358
1275
5794
5637
8685
501
8521
7702
962
4116
9907
5492
8801
6690
2698
4042
3607
1426
4253
7396
2747
7052
2572
3694
4463
7959
5917
7032
6760
1376
7038
9867
2375
7059
403
7264
6416
8891
9483
7414
7199
8092
1013
7357
9555
5951
6838
5719
5434
7512
8697
982
118
1139
6240
6267
7090
9018
2142
2869
5166
2579
7411
3301
7830
7829
2635
1756
1848
518
9728
5228
5540
8962
9046
2762
369
9108
4632
2781
3536
2301
4120
569
35
1842
6892
2992
534
963
9601
9220
3621
8054
1343
2517
3970
2333
494
3307
6487
7503
4114
8915
2752
5273
2097
9151
793
448
5646
7781
1189
497
1334
6722
8214
5411
3542
5493
6299
417
1671
1659
140
6343
2512
8767
4018
9754
1936
4169
2456
9020
877
4382
976
8910
7445
4178
5440
5202
259
5374
8920
9640
4038
7071
7219
7101
977
7017
3097
4682
6992
2666
7162
5326
9731
8277
2311
1168
5399
4280
2137
5359
6629
1814
9443
4637
8938
8202
7666
1544
9302
481
8216
6759
3388
5177
5377
4495
349
9987
3512
1826
8490
945
2110
8764
5855
2918
164
2723
8549
7283
4758
3728
5373
3817
1900
8432
5740
7687
8406
9318
6525
8498
6421
8391
9059
1067
6180
2079
4804
7033
3156
2732
297
6208
8745
8473
8492
6815
2847
7568
5697
7607
5768
920
4299
7340
1923
1107
387
1919
211
8557
3128
7795
4084
7755
480
7583
2423
291
478
7650
461
5149
3526
8305
7624
708
513
8546
5985
4753
3876
5998
9522
4664
6867
9075
1230
8182
4054
3339
1237
6988
7994
6646
8782
9342
5422
141
9758
1308
3774
7299
2060
3060
3578
1856
4083
8487
7216
4397
9619
9805
8285
4741
6072
1690
3239
7533
1965
433
6440
5895
9995
3865
3995
5178
7791
4438
6918
454
94
2695
7200
6615
740
4166
4867
8006
4327
7426
1433
8733
5814
8665
456
2210
1279
8297
5536
7127
7523
6544
7029
6171
2466
6607
8993
7779
4742
2933
6381
6552
6575
4294
7397
4530
1277
6705
3394
5108
3336
2115
3270
5021
3181
5019
8689
3322
4734
2303
7230
4629
6773
2564
8108
7355
6781
7336
5226
1071
1666
2711
2655
9981
1503
69
7654
3309
3272
8937
4439
8527
1573
4575
671
8956
6408
9021
7491
2043
9520
208
4046
9716
2906
4849
1955
3642
9200
3452
2806
644
4858
7715
6545
1572
1971
1585
9287
9689
1166
3079
9863
6785
5102
75
4700
1700
8855
2996
8894
8474
2907
8649
8982
8304
834
9043
3935
6699
8159
8322
185
2393
315
7083
8231
5083
4976
9930
9462
6757
1668
912
163
882
5517
8404
8929
7903
2917
3038
7929
8194
156
3868
2344
5654
2032
3758
6034
7330
1170
9341
712
1045
6891
4374
8909
4217
4074
1215
3959
5138
718
7487
5055
7226
1454
5829
1866
341
511
171
3430
1283
8879
317
5899
957
3118
3438
7044
7905
8572
5632
2522
1752
7128
5940
4506
3026
93
9962
7294
649
2220
3504
1924
847
5082
6745
486
4940
4104
5720
2453
4013
7123
1315
1650
9269
5405
7221
7410
3585
7077
7860
1323
2314
3583
2170
6129
9602
2870
1526
4183
5787
6108
7437
8289
2381
1745
3715
6457
8452
1962
5284
2552
1038
5798
9784
9449
6611
4184
9219
2228
6551
8812
2182
8252
9275
5114
6674
1981
9634
409
5477
8623
9831
9578
1731
8301
3530
7936
7940
3372
3674
8072
110
5254
1144
6824
7375
3498
8664
2545
1869
2253
7886
6403
1172
1968
7353
8173
6766
6936
7973
6030
7360
5507
3163
73
5827
9136
4634
4815
7919
2774
6500
1973
1363
6154
6624
2562
7206
7118
510
1152
5636
3456
830
6159
4521
4287
8979
5612
9057
7981
6691
4979
3908
2904
1031
2179
6820
1584
598
9340
6952
8356
5390
5414
1409
6266
6130
2568
6956
3567
142
6135
5015
1838
6897
8359
5139
5690
5983
8433
6649
4772
970
7965
5594
4284
1639
3605
6148
4887
3066
3780
8446
2513
6244
8144
5631
9152
81
1295
2727
4277
6515
236
9563
9618
8057
1380
2342
8247
2366
8313
9658
633
3705
5227
7300
6146
819
9746
4424
7542
178
3866
8618
2107
2510
8574
9730
774
6091
7805
7382
4718
4901
1589
1309
7099
3491
8434
8821
2903
7710
2867
7669
6626
6591
6330
4136
4977
3467
1598
8308
31
3126
9906
2819
2000
9580
9932
5335
1416
2219
4747
736
9144
734
3029
1282
3168
2045
5197
9418
4447
5737
8850
1669
522
5717
5903
851
8343
2794
1917
204
9645
5566
3069
5954
2877
9794
4499
4701
6437
6949
7063
7861
2736
4197
1633
8318
2166
1517
8634
8528
2894
3249
8794
8448
311
5367
919
7761
4674
6415
9001
6123
7415
5460
432
66
9184
2549
9663
4546
2504
9277
3343
6317
8778
3757
2416
9037
1267
1179
2164
214
3078
2419
7673
6221
300
6151
7292
7312
7615
8165
419
3975
6106
1059
8455
4202
8074
4213
9264
7728
6394
723
9176
6926
7518
4812
8646
6015
7497
7742
9249
4201
3593
8459
7999
3188
9414
2004
9657
392
2450
3303
2987
5817
4486
7182
7307
7026
4293
272
1583
5454
5353
588
1873
6954
9339
744
4450
8917
7838
829
8803
7488
3218
7325
9324
8138
2939
4850
2161
1581
7851
4653
3902
4199
323
2180
2795
1417
1475
3326
4393
3992
4031
2337
871
354
6635
3105
1108
1419
2650
1240
7196
9684
1713
9032
1698
2927
243
2328
6711
5892
2399
7129
60
9740
9049
8886
2913
5164
818
4852
1146
8758
7623
5457
8422
6150
5934
7154
825
2677
2252
5472
570
2912
1686
2574
188
9463
7204
3687
3930
1596
3900
6012
8647
6964
6345
6751
3157
2559
8533
885
6814
6132
9795
915
1464
5196
2684
2839
8409
9836
303
7070
5182
9671
8059
8161
7486
4458
4233
729
3142
2160
6976
5854
7544
3533
9495
9391
2886
5274
3236
4362
5275
5533
6770
4409
3604
1663
6214
5531
2106
1902
7322
580
8878
6442
6112
5122
5266
9420
6787
2069
8792
7335
8596
9738
6449
934
9845
2609
5404
6496
4565
6459
6989
5033
6715
6294
6028
6197
6204
8389
6846
6196
8364
8844
631
8586
7454
7082
8316
7720
7883
5086
2520
7342
8484
8613
1319
1209
7516
4448
198
3573
1934
4900
9351
7739
5731
1778
3968
8407
6984
7328
7524
2457
7140
523
7955
1360
2321
4269
3482
3848
463
3011
5446
6195
7008
6697
8228
3229
7202
4966
9353
5670
8798
1800
1784
2281
3522
8535
1377
3903
5676
289
7529
1134
8281
9055
7923
5649
2298
52
353
231
9909
6747
3742
4085
9642
8053
6456
7816
7638
3149
7479
5904
8242
1946
9933
8095
9692
4257
9250
8913
2385
2408
8870
1502
2403
3398
9929
5212
1789
3054
8925
4093
7648
5099
2429
1797
125
435
2961
8276
1199
8718
4239
9723
7664
586
3304
8605
5741
2632
3766
960
7964
5401
6584
2175
1184
9888
8672
1457
6794
3212
7656
5610
2369
1353
120
8029
820
23
9177
4311
8662
6260
2979
3382
437
2784
7667
4928
1204
5408
7334
4332
2597
8752
4955
6655
1220
4982
8203
9816
8421
9080
5094
8953
3675
1322
1494
7241
2577
2238
3862
3587
639
3096
611
3738
8985
6834
5031
9213
1985
5043
8069
1048
4489
1504
6380
4062
4995
6951
6024
4283
2856
704
4348
5650
1103
8480
4139
1926
7570
1522
7205
7031
1887
7149
6768
8225
8868
7939
1316
3736
1562
2437
9025
3267
2530
9245
4358
8123
9958
1910
8626
2505
8200
2339
2616
1006
558
444
457
7769
4959
1958
5347
2811
6391
2681
8959
4133
488
1149
7953
8033
8250
1750
1989
7413
6637
2642
9950
6014
4866
7841
5060
3898
1804
4613
9067
3696
4427
3470
3816
258
443
2880
6490
4050
1408
2265
4152
1895
5964
6758
987
7988
6638
722
7895
7956
3357
997
9772
364
5505
5578
5361
7741
1150
1748
4681
2394
9357
840
6001
324
9632
6623
8599
8255
1224
148
1397
7374
6341
2621
5339
9270
4589
3414
6928
1997
1810
2664
6326
4117
1236
3453
4109
6479
9998
5504
3760
2748
1607
9609
5537
3651
5744
8141
4359
898
5431
6262
3055
7257
9655
2719
9759
3244
1260
6593
9706
1212
9433
8861
8454
5845
3751
3683
3708
1074
6488
3880
3120
9523
6765
6836
8340
6737
3144
9238
5597
4036
2371
3653
5329
6548
5497
925
7212
785
5673
375
9086
2261
4454
1296
1019
2340
7790
3115
6735
7787
2953
9399
9846
7932
2215
4909
3462
4647
1531
1195
7501
684
4086
6908
9283
2679
6213
4754
3906
2239
6671
8742
2703
6107
6633
4387
7514
4687
7304
581
2199
7433
4005
8035
5136
1835
5551
2026
1595
4529
7390
2410
8898
5780
5667
2993
3254
4148
6763
7461
5901
749
3146
1674
845
1649
5443
2547
1324
5188
8508
7450
7878
8090
7064
2154
9835
4999
2003
3801
1749
8005
625
9308
2491
1691
2657
7992
1124
6121
2569
3370
6052
8638
932
3899
3347
8039
1707
2405
3665
5598
651
1817
6194
2885
2940
5613
3937
5279
9423
8651
6010
3515
4731
4059
200
4881
560
3320
8842
7717
5017
1142
5541
298
6829
41
8361
874
4063
7633
6429
5688
7448
8187
1611
479
2264
2055
385
7665
4132
4157
9683
5107
5331
3528
9005
217
366
3226
1608
3844
2190
4462
7768
2048
2116
5105
913
4273
9931
1081
3427
5345
7736
1393
7164
6627
4162
8303
2270
3943
5738
2364
4542
2249
7636
4947
5351
3004
6803
5416
5029
7985
992
8143
3381
3278
887
7825
9009
5341
728
4794
5317
238
2441
7675
8592
2309
1052
4621
8675
6710
5132
6483
1247
4808
4609
1047
7998
3977
3018
2518
739
8193
7917
2561
6102
4039
4670
2165
1090
145
6990
287
4838
6172
5766
2361
1901
3095
8425
201
592
3777
1646
9012
2398
6079
9187
8726
2189
1766
6585
3106
1995
3048
509
9646
4974
2501
1704
4398
440
7785
9097
4455
6360
2105
83
9820
8386
2865
9374
577
858
2697
7721
2691
9083
107
5018
7820
6670
4049
9920
9972
137
4689
9736
4035
2147
530
290
1449
4044
7377
8843
284
995
1307
6273
809
5836
1311
3166
905
2406
4760
9104
7220
8119
1794
1634
3222
5706
4055
524
3576
7762
2469
9572
9749
8365
5847
9553
9915
5447
3182
3987
5211
5799
9430
85
9600
8412
9826
9248
5683
3529
6382
5248
4309
1169
8408
5500
9322
5548
7874
8717
7095
8140
5304
1003
1944
1009
6379
6971
7962
4714
6893
8436
5948
7120
7966
1367
9742
7178
8461
5004
6962
8933
9321
39
4783
3580
3945
2131
7957
3350
2661
9922
9582
8791
399
6756
3657
1758
3487
9668
1385
78
8495
9216
3922
2608
254
2897
5393
4933
5263
2605
5813
7977
5640
5590
5559
2721
6003
3030
578
9701
7634
2753
5346
9290
6536
2478
3185
2705
9355
1437
9938
642
233
2857
5750
8209
5151
332
3520
2092
3074
2040
4101
3606
6589
4064
7854
893
2944
969
5014
5677
5419
1293
637
7494
5061
5805
8715
5991
6688
634
2145
8968
6833
2630
5606
5745
8721
6566
3102
4040
6071
1192
8737
3778
6229
7589
788
5358
3597
657
337
1016
7407
6609
750
2317
362
9472
2435
2898
3678
3297
1216
7084
5955
5336
5763
407
2524
8038
7496
9870
563
1927
2014
2155
3531
7727
3232
7386
741
1957
1785
9591
6439
7683
6586
4688
2402
6133
5569
4644
3460
8061
5115
9824
4363
6493
4778
7692
9504
5410
889
8042
180
3519
2712
8133
9088
4400
357
7832
8240
2424
5734
2575
8976
6986
714
6083
9631
835
7186
2872
1493
2347
6374
326
7586
7395
2618
624
1421
9691
4809
1954
5852
2063
6053
2595
6550
4185
277
6532
5000
1431
9164
8377
9980
5348
3192
9762
4548
3393
7276
1662
336
1889
968
9486
6860
9712
4087
2548
7896
7072
8186
3406
8668
5924
8570
4456
6580
9263
2662
1615
6736
7346
4672
2373
3784
7326
8615
7338
8185
7356
4526
1143
8257
954
3090
4676
4842
9172
8587
1908
7799
5194
9274
6184
9996
5832
9557
5271
9660
5644
7914
1841
5046
7207
1274
5865
2022
7428
5625
7247
4238
2801
9015
7934
9422
653
3221
3123
1292
1612
7726
5053
2217
431
3330
9320
6578
3396
327
6857
7686
5804
1186
7086
1358
1762
8192
4151
3558
2699
1705
2372
7839
1712
7131
4986
5016
4497
7451
6916
51
234
5439
669
1015
3413
5532
6718
8775
7293
4445
7408
1452
9156
4134
7484
4318
7295
6452
1297
7889
8883
4567
2682
5486
1407
6478
5622
4219
9306
4950
5490
9051
251
9802
4694
8773
6220
4470
873
376
6119
9419
3311
104
2923
9654
2292
8098
8429
604
113
7203
3744
1529
7166
3973
240
1329
1155
4661
3241
9194
1542
280
3907
7513
7880
7233
5840
9470
3084
983
6280
1366
9991
5036
3966
1883
7774
7138
7796
813
490
6795
9178
2765
1339
3885
742
2354
1545
7539
3338
8227
1877
1112
2528
4225
5681
162
8655
6876
5324
2514
8728
7287
3574
5074
9469
9132
9375
95
4897
6388
6451
520
4616
4847
1888
3159
7022
8466
6242
8241
1605
12
5972
8219
2863
3860
3134
3373
5181
1198
6518
8972
8296
585
1123
8707
8371
1252
3540
746
6310
3847
8112
1033
7996
7611
8893
1140
7756
6752
8286
8902
1453
6894
3113
6285
948
9864
9679
3618
4160
1441
5093
3404
9573
6450
7352
9919
3645
2248
1680
2763
5487
7489
5260
9830
5997
9854
7243
9279
4291
4626
3639
6321
6778
4412
2634
5874
7806
4963
9633
4342
2336
8019
6511
613
7601
63
2247
9072
7249
149
9648
694
9585
6120
2515
5468
7102
8530
8381
6854
5171
322
6948
2535
4915
677
3003
2377
1501
6308
5678
1272
6340
6740
1100
176
8009
7366
2157
9577
1928
5366
8062
1012
4643
6209
8899
7789
6681
7290
6498
5320
159
675
4859
7152
6466
3362
1840
5050
7350
6192
9096
6270
152
46
335
5512
2942
772
9118
6514
2118
6100
3858
5662
8208
5483
3063
9911
216
9417
8789
8731
9539
3130
2624
7478
4242
6233
556
3749
8816
5010
4051
3335
5859
7173
4630
5776
9193
8966
4818
3376
2294
5173
2896
7452
2909
7873
3346
7177
9608
5761
3841
9180
9427
3145
6885
8341
367
6868
6404
2231
8656
3799
2851
9242
5030
3962
5575
9537
3103
9459
4411
6806
8126
5448
6304
1095
1853
9766
544
8900
3685
7045
568
6714
9409
5819
3358
5309
4191
1886
7776
2300
3288
5424
9838
1010
5496
5752
3374
3277
4016
9114
8806
7866
532
9240
9207
6400
3677
5013
8348
7014
5485
1722
4301
7349
8026
4468
410
4502
6855
9160
6796
1251
8451
9138
9760
4834
9697
1287
9398
7698
3735
2168
6355
6628
3351
1064
6723
1780
9734
1141
958
8298
1125
2744
5232
1321
7954
4902
4923
6156
4886
7081
1290
179
7060
7901
8997
5571
8275
2749
6874
9480
7306
5444
8468
2368
1465
6181
3005
2183
4200
2633
4762
8353
2246
6501
7819
4251
4786
257
5168
6412
803
4552
1909
232
5872
2383
4260
4631
1133
1816
943
6170
5070
8867
3217
8151
2042
2817
4930
696
667
4865
6556
7521
6746
4693
6054
3737
381
8148
2941
3016
2921
1660
2291
3990
7246
8624
77
4763
2539
9921
4024
4501
4
3237
1474
843
4355
1940
5762
6582
8698
2716
826
4163
5577
22
3924
5298
1023
2537
3165
8511
1109
9955
3875
1127
5362
3104
3637
4715
6840
5784
4102
4602
8472
1345
1774
3110
4326
865
4061
1257
2242
8385
5480
8588
6263
7197
9732
8514
4605
603
3798
8935
6234
8319
7244
9750
8382
8115
5142
3881
5666
6832
6163
1610
8614
2617
1228
8666
4297
4520
1753
2902
32
3644
4508
111
600
4385
1482
3496
8961
1105
1558
9502
9346
3629
4717
673
4255
7041
8076
3328
4885
7663
5265
7745
3655
6256
7260
6057
4248
9515
4096
5591
396
8299
4723
6377
7865
5956
2352
5076
6842
7528
831
4451
5802
2876
9042
1828
3444
8426
5856
2960
4543
3204
8272
4465
8000
7792
1601
4112
5143
6606
3042
5660
6177
3706
1484
6994
1330
7625
7899
3285
602
3089
7661
1726
6406
6871
9307
4123
2937
1925
6237
910
9254
5026
183
743
4431
5002
3932
7576
961
2208
7259
7969
9000
1655
1276
6019
8553
7363
2094
6602
9035
6802
3538
4908
9168
7551
127
1511
5792
1567
620
4628
7002
9198
3752
114
7280
1447
1783
2329
4110
7949
1467
3617
108
130
439
4078
4560
1077
3183
5281
5285
9299
4952
5287
972
7198
5556
8176
5137
9093
5882
9485
3193
4770
1456
8780
717
6468
4077
6425
3001
2121
7541
61
4990
6372
5588
9953
4751
760
6694
5687
5364
7535
3007
2448
8184
7888
6254
9215
1262
1850
6021
2473
6784
7434
8443
4060
7266
6288
3764
3067
4174
2391
3043
9917
3281
8162
2198
2
7593
4249
9393
535
7562
6543
9979
1450
2511
2056
4969
7925
1695
6201
5120
4441
6128
4993
3697
9185
5213
5470
3809
9777
2852
8545
3946
312
1226
7080
5303
9533
4903
5701
903
8901
9170
9444
9733
3107
9847
2041
2338
9832
7005
5147
665
7696
3312
473
4195
7493
5198
5343
3846
892
7476
5162
8524
7251
9204
8906
9527
9478
9111
944
44
8609
2343
5669
3691
6420
4679
3271
143
3481
9323
2400
8114
4069
7887
7587
3901
3265
5378
9851
9748
6631
6944
7035
1285
7777
6995
9079
9779
2241
7758
6704
8097
5225
2715
4713
8595
11
6587
4128
7890
9566
2362
7069
6144
471
2407
2641
3017
4496
8388
7130
9291
5868
2638
7847
3622
7439
247
1153
6258
6312
4129
9377
3957
5642
5312
7311
8236
6889
3321
9814
2649
2024
796
4402
1769
6807
1490
4826
5272
2468
6062
2057
5843
589
875
4733
4203
6337
1025
1382
918
3853
7536
9901
7971
7169
7921
5664
5653
2531
8486
6007
7499
2815
3703
1830
2734
5980
6411
5180
3196
5101
4428
6686
5746
2104
6261
8060
174
476
2299
6974
5521
6414
1499
3878
9348
699
3056
1489
7470
3384
3189
7160
9181
9288
7058
9189
1543
2386
5412
5491
1485
7000
6835
8963
1719
7009
9993
1961
3654
3316
2358
1604
4307
6029
4337
6521
9978
467
4113
1822
4175
1626
4807
2127
5729
7119
5791
9090
2374
1870
7561
9350
1510
9095
5733
5371
5350
6810
1238
1546
7754
7318
2707
9125
2770
7218
4894
3989
1422
8233
4951
8905
2546
9815
484
4471
4240
9028
192
9755
8880
446
1723
184
7158
472
8691
268
2737
6134
8333
6327
5098
4833
8049
8310
6970
3997
4576
8682
1836
7315
6482
2470
3282
283
4642
6433
6524
8706
384
5941
3768
5984
9647
5035
4851
7136
5215
6658
2306
7495
2476
8418
5442
5375
7074
321
1411
2967
2746
3369
1532
5641
1949
4259
6376
9127
1855
9771
7006
8771
8172
2926
4551
3045
9902
7261
8639
1743
4896
1182
2380
5538
7540
9099
3151
9158
8802
8034
2900
9251
4563
7563
8640
7142
994
2672
6689
4983
6152
751
413
8332
3978
3248
9894
9776
7530
3820
8987
6185
4314
549
3477
9818
9319
623
2731
3849
8467
3225
4768
2223
9458
7836
9110
775
8759
2233
8602
6870
5527
2667
6276
1135
7646
7481
622
3596
3729
316
54
7468
7645
8958
6006
844
3547
1065
8774
8002
5481
1638
1746
3253
4263
4555
2558
2946
701
2968
7908
9506
9335
3091
6813
6570
3293
9476
2924
656
4836
6002
3125
9271
5095
7817
931
8300
1744
3647
5427
5565
2039
7420
5421
8471
1547
3387
7404
9231
3577
3395
9441
4396
9062
3436
6366
9666
1371
1831
1118
1732
6160
3976
9881
3609
462
1239
1448
3625
5437
3291
2274
4819
2882
8637
5176
658
8189
6495
7143
166
1491
3483
5175
2065
9045
6625
2636
3028
1806
4828
9206
1483
6568
6943
7574
6293
7208
1101
9465
2738
2623
4948
3928
4356
9960
5897
8395
2519
442
2683
4224
5604
771
2580
228
8871
165
7347
8104
6306
849
5509
3776
3832
5999
9268
6733
9162
753
9698
4442
3835
2334
9589
4596
2521
4482
9798
3548
221
7222
4991
4640
3390
4868
8372
3732
1779
9029
2111
773
3971
2324
2221
1593
5749
2323
8932
8852
6604
1387
6103
6612
6797
8734
3543
7213
1497
8770
4443
7273
1299
5811
6764
4863
5409
6861
850
408
1263
5469
157
7600
7933
4353
6630
196
365
9227
8991
5735
756
8952
1647
9825
8066
9828
2235
3292
6579
8924
5403
425
1665
4100
8170
6086
2113
279
7748
4066
648
8014
9438
9101
6921
3345
7798
1378
763
8206
8522
7809
541
8369
7559
9821
597
1477
6370
4796
5264
6502
5478
4145
2776
4871
1164
1478
8410
8113
2841
9850
1181
8765
8729
7388
2538
2583
4037
2461
331
225
6348
6092
6331
4832
294
946
2724
16
8827
2861
640
3944
8479
199
748
3172
8540
9702
2881
3061
1656
2970
7449
4611
3264
2185
57
5429
9461
8505
3466
6597
172
5989
4473
8213
5011
4376
8089
5560
907
8947
6316
7482
6798
8160
2229
8988
4500
3773
8777
1130
9714
1747
8256
5786
2576
9499
4312
971
781
1823
2144
4525
6268
1764
6070
3471
9886
7492
3286
6805
4820
8583
548
5090
998
8251
6228
7703
5224
5718
5451
2814
5299
8367
7852
6987
4161
3988
8037
5479
9372
8366
285
6727
9681
1892
9615
5406
3781
2958
4271
565
7892
9134
7871
7572
7575
4012
6938
6934
6484
7770
836
8684
6559
6027
1158
5663
9699
3921
3887
8669
3701
4103
2184
4512
2070
659
7990
5535
4504
4639
7554
1736
629
3344
7417
5978
8411
2644
966
4285
5078
3227
7674
9226
2631
62
3889
2563
2930
8105
3699
7850
2458
1218
663
8503
754
138
735
9131
8449
3411
4467
5931
4023
4446
9711
9455
5349
3507
2835
7618
2873
4075
7405
4004
1254
1250
7150
8510
4243
3025
3389
9197
6113
1214
1951
7389
9829
9670
6069
4801
5894
9928
88
654
1034
2293
9586
475
5930
6801
4777
9296
3441
5570
5063
2527
2696
9543
3493
8099
7843
8309
5259
5079
5909
2282
9493
4965
8631
7234
7765
4483
5846
441
2053
8493
9704
7469
4121
7571
9154
6906
4198
495
8145
1495
3851
9827
7735
301
6555
3626
3879
5797
6959
5912
1551
9327
5561
8567
1232
9004
9544
9925
3565
9575
3553
9545
9063
4211
3770
8983
8807
5732
2820
1468
4392
6223
5900
2117
3319
1689
3234
6561
3233
4614
8538
996
1768
4190
6349
4321
5191
6368
8565
1069
5423
6565
4997
1843
1977
2952
265
9968
6583
9460
5471
3305
1992
7172
3323
838
3053
2855
9908
1451
8973
9120
984
8223
8106
8380
4090
6749
4683
7808
3954
4655
3791
296
9300
1876
7718
7402
2286
841
6588
1706
1128
2660
4416
6405
8197
17
2525
6186
6823
6534
4953
1037
6505
8975
2533
608
4557
5550
2037
8797
2729
6999
5949
2722
542
334
1678
1820
8362
999
3911
868
8191
9006
477
4924
9810
6089
8073
3431
2959
6972
8591
1110
6644
2678
1606
206
8654
9115
6059
8010
1878
103
4658
3432
5150
7400
8226
2818
8457
2860
662
7235
9401
990
6636
628
7844
5782
815
4419
4608
9895
6822
3689
2625
8556
9056
6481
500
4666
1496
6169
9500
181
6469
4067
8923
6099
1046
4440
9625
2611
4187
4729
4295
7622
1922
9052
468
5803
1536
64
5193
1512
5276
9446
884
5148
7094
2966
9081
9705
4417
6895
6654
4380
2082
7719
2201
7794
6809
1088
270
2278
7534
6461
7525
1084
601
3488
1851
7463
3894
4876
59
1020
2701
7023
6939
4210
2141
8526
1942
6659
3941
8927
9421
418
3796
7485
9334
5158
9230
0
7732
9452
8857
1741
9126
6896
2598
3813
9261
6547
8854
2288
5657
7549
7818
7504
2778
7458
6470
5269
5911
1679
8629
5044
2570
9695
4799
8238
9386
3280
6463
4147
7003
621
4498
4601
7242
3852
561
2054
7879
3290
2766
4862
6821
8831
6648
3435
6734
5267
4021
4854
6621
7734
1518
6093
4748
5386
9724
2938
3002
3716
4650
8744
2431
870
6911
3704
2465
5873
7107
4366
7195
1676
7004
2365
730
5368
6957
6050
5328
9926
9680
9914
2481
2459
7394
5693
6907
1117
6009
3616
6777
942
1935
6117
8918
5045
9587
9464
5586
3459
3843
6966
7782
1089
8934
2901
5028
8321
5461
9884
1693
4343
2601
9013
9224
6931
8579
4452
8830
8790
6385
3552
8921
1147
3461
7552
6058
9404
288
6685
4079
5301
5525
8230
7387
3756
9310
7157
5192
4494
4588
3367
4619
2463
1246
8485
2207
2089
5128
7464
540
5825
2167
5156
9147
8056
5308
1
8751
4737
9313
7137
5725
3019
2488
8714
661
810
9620
4212
8078
4405
4484
9889
3445
3409
9262
8314
9416
7179
5155
1338
1939
2209
7668
33
2848
3541
8970
2590
9649
7943
5233
8695
252
4388
3497
4379
8783
6661
674
4125
949
5553
7024
8575
3544
6865
9223
4532
7938
8928
4571
536
9694
9817
1720
2764
7184
3920
2584
5278
1953
8396
5305
9613
7766
6841
4032
6743
9770
8840
5581
5726
6748
2075
3786
5121
6826
7662
6334
9598
8914
2259
3502
7046
8110
1207
1187
8267
1424
1348
1008
3669
1972
533
9721
9396
9316
9036
5668
5891
719
1524
97
1073
1801
3379
2689
1458
9700
927
3592
575
7744
3679
3180
3064
8998
778
5962
6238
2508
3273
4942
8515
3138
5206
1860
899
9542
8992
38
6923
6432
4904
6862
4667
1872
2798
2051
9450
800
5501
2251
1413
6413
339
2171
1862
3274
5546
1548
678
4082
4304
1269
1684
9662
4432
3837
1829
3614
1066
4857
2305
4553
2823
2645
7115
304
2204
4805
7187
5508
7050
7894
274
4853
2619
6472
7690
4122
2071
8177
1002
9171
2982
5012
3824
7409
5722
3258
8051
747
5943
269
1796
3561
3927
2789
1151
5246
5562
3417
3127
7553
664
5841
2356
8559
7135
210
1818
4569
1113
3828
8134
7960
5116
6672
8237
1436
7864
2411
2487
8919
4831
3986
1075
9252
1294
8643
6149
7711
8122
2100
7853
8569
3129
3727
7073
4905
1191
7599
2854
872
5658
2588
1920
9069
1223
3623
7310
9365
1051
5823
8829
1554
4779
9860
7054
5838
4329
8263
2955
1043
7597
8349
5234
3419
109
8360
2945
7676
2006
1471
6886
9877
5790
6819
547
8793
4475
6465
9528
1519
8832
1197
1085
6960
5473
7590
4193
9916
1931
6279
2319
4476
2735
4274
8368
5925
264
3806
7684
3279
6494
3670
8817
5369
6286
3534
9019
4810
1963
8082
6531
8347
1476
700
7253
2236
2830
6888
8741
6750
2436
3424
917
7146
3668
386
9247
7111
5513
7802
941
3434
7412
1022
7092
2637
7709
9638
2589
4099
5218
7278
7913
1344
6356
355
6098
5967
807
8612
7021
9799
864
1677
7944
2671
7649
2790
2911
3420
5887
3662
2772
343
6676
3415
7527
6255
150
8781
1136
7699
4281
3725
7580
2019
4705
3121
4893
5643
5957
6619
2428
7305
6808
5118
6519
2964
3131
5866
2796
222
822
9030
4250
8013
7738
8853
8866
8845
4237
167
4926
503
4425
1893
1599
3810
3936
7209
3984
5184
5169
9024
9803
7431
292
4000
9650
2862
4267
3269
427
1259
4795
2761
6741
5321
3124
7653
281
8370
5698
2571
6122
5125
9071
8926
6978
4131
2553
4364
4635
6590
8598
6441
4461
7288
7753
7833
9546
9739
1631
1157
5315
3051
9865
5413
5801
8808
953
3711
36
5453
6090
2266
8712
6367
1234
8174
9574
356
9130
1733
2098
402
7970
6041
9801
4493
5595
869
3276
5579
7693
7016
9637
1759
6000
1694
2674
3213
7547
4709
6961
2680
8552
8040
3109
1327
9599
6264
1432
2743
3690
2009
2594
3897
2073
1362
8387
529
8743
5742
8046
7682
2001
9605
1770
1099
6166
9033
154
3426
1913
7399
8727
7658
4286
6692
2031
4975
7042
3240
7329
7061
2659
8392
5713
2430
8967
9228
5135
7595
7370
6844
4574
7986
1347
4590
6839
8694
3039
8345
8287
203
1556
6912
7116
1701
3925
5283
2614
6101
9756
8210
2603
799
4646
4144
821
4776
2237
5771
9747
9150
9569
305
6618
5977
7435
883
2507
1498
4146
2276
9068
9507
4651
9899
9941
4354
493
2426
3268
8658
676
5314
2754
6278
5849
1550
681
3982
916
7011
1933
5808
2345
4196
6700
9757
8363
136
9408
5867
7930
9885
9565
6932
3630
5426
90
6161
8683
5112
2126
4728
3886
9167
6289
6929
3521
9106
3135
2015
30
325
2802
4386
5167
3423
3693
3284
1821
7498
1206
2834
9664
2980
2587
430
6039
9956
5133
3455
1653
6035
6231
9123
1229
1594
6036
9745
9286
3808
191
7763
6975
4030
9973
6818
6783
5795
5294
1714
8711
7867
6431
765
9373
1742
8736
6882
9331
6319
9603
1570
839
7685
5834
4912
6473
1000
5672
1303
1245
3891
1094
8757
8518
6419
5600
2392
5363
3965
9479
9617
1620
9503
6693
4989
4481
4215
9862
2096
7291
6390
959
5519
804
8120
1815
1425
6056
6613
6387
4170
190
2853
1652
8762
5779
119
5370
5921
8999
9309
9002
9912
3162
9774
6601
3684
2390
857
9667
779
5333
9856
5993
9094
3955
8124
5072
1222
8440
861
2999
4507
9381
9710
2985
6333
5589
9191
3571
878
8330
707
9361
2046
8400
9047
4346
8911
7422
2567
3332
2893
7594
5639
7034
8096
6695
1346
7167
6393
6216
8217
5466
6110
7459
7764
8678
3782
1049
6571
4744
6302
4791
6173
4236
282
3762
8183
6731
8384
6085
3710
5205
4882
3385
5104
5047
3532
9092
4072
8357
8722
6866
1442
3114
3201
1578
5091
4686
7369
5620
6136
8001
5280
9943
8167
1390
4080
2969
4558
6666
2797
50
3608
9790
1430
5800
528
4719
5146
9767
8424
5022
8635
5450
1978
6162
553
8423
8573
7302
4143
3242
559
2668
4303
4137
3612
2313
4407
8701
7984
1577
9708
8428
8179
2785
5543
7104
7191
8152
6799
9370
4759
3058
7269
3783
8965
3845
2034
5965
3116
7174
1586
1868
5585
5592
8529
8858
319
8284
8293
4168
1696
3537
2974
4047
8324
3133
92
7958
2791
8075
5769
5652
627
8836
7240
4222
342
492
4514
3187
769
2836
7612
9842
1470
3667
177
220
2934
1885
9174
8548
9513
8024
6282
6095
1692
5994
1060
6476
3235
2194
7373
5428
5032
6424
7381
6497
9454
2787
4464
8969
8481
8786
4010
8761
7918
5506
8788
1258
7849
8328
1420
7227
8084
453
3184
5889
4029
7824
8315
3256
1592
2840
504
6780
3086
2658
96
4106
2076
9624
7436
9426
1760
8376
5064
3650
1670
6475
2213
455
5195
3111
5902
8846
4927
2543
8632
801
8027
2072
6950
9940
9281
6617
6318
7067
8560
4627
4663
3549
989
3517
3171
1027
4008
816
2629
7567
5288
4823
579
9751
4528
2452
483
9014
459
7671
8720
8350
9456
1880
2555
4730
5647
9659
6206
1645
9677
3412
2140
7857
7630
817
6165
1005
7268
3511
2718
7508
752
3200
1244
3950
8760
7447
8058
5081
9892
7706
679
9526
4357
4638
5691
7267
9887
1667
5510
3132
9807
9735
1302
7927
2192
8201
5824
7596
5544
8127
9468
7229
1356
8848
1709
2091
5290
4490
8897
8590
6067
5223
5039
3594
1210
7701
9491
6698
4265
7078
7538
1121
8086
3377
6775
3993
333
2058
8125
7211
7531
146
610
3143
2216
1119
8653
609
72
6044
2439
6811
7725
3416
7232
3094
9117
5357
1952
1552
5482
668
9031
8022
9989
9611
3767
5671
7048
2149
5807
9489
313
8610
4305
7884
1415
5783
7438
3600
1508
6235
4765
4244
3556
8008
9356
6600
4775
7632
3933
8031
702
8730
863
7979
879
5088
2332
691
1412
8118
3006
1434
5674
8015
9939
7057
7778
5387
1370
2152
2858
3823
7151
4764
8130
4527
1253
683
921
2302
1225
3167
1994
7700
1392
8819
3648
7378
6915
271
3429
2268
4898
3695
7473
7122
2101
3325
1790
6142
9332
5772
9841
9517
8088
4119
6863
2262
7760
3792
1904
7951
3021
9359
2011
5615
248
9696
5214
1950
6298
8978
4218
8663
4228
9078
8398
2451
5947
6522
3861
7609
4266
7885
3075
2310
6402
3486
7749
9997
1241
9550
4702
7716
3108
9656
8768
4756
5593
2095
6879
6218
6853
465
5850
6111
6754
3718
8681
7604
2936
3940
8748
7110
8280
7876
2875
3938
9490
6076
121
5384
1298
5203
4790
9214
474
2413
9232
9514
904
1685
9338
7652
2318
6407
4296
5097
8266
4491
9141
6354
8779
6265
1403
9610
6049
1871
2432
9102
5757
7845
9027
8453
8627
3422
7968
21
8617
4599
1574
9349
2844
8150
2499
9329
7327
7647
4677
6898
7446
5716
1305
1832
7025
5459
9255
8606
1640
2534
4164
3815
1256
5756
452
2991
5715
5270
5261
4845
4408
5360
8941
9927
4306
5282
3443
9737
616
5062
2250
2005
6033
8430
6651
2509
993
6078
2315
6118
789
7935
9122
6467
3772
5946
7367
7644
1839
828
3474
4276
9593
4880
5995
244
3501
3771
18
8041
4234
6852
4256
9571
5858
1459
1613
6669
6527
6250
3724
3008
5775
8499
160
6322
3085
8262
6167
6199
5661
6043
8732
4582
7053
6706
2943
8147
4533
1389
7441
6657
720
9383
2412
9208
3682
5318
3646
6082
2809
4204
6901
3890
7354
4592
6422
5759
2981
6305
3310
9977
6075
3864
6858
9761
1825
2700
361
3371
5126
1359
685
7855
7897
4394
4929
79
1335
3418
3811
1289
4091
1162
4633
1521
3956
6535
8625
7134
3186
2725
1243
1580
4824
3721
4150
692
4503
6993
2442
2206
862
8839
3508
7112
224
8957
1858
1040
5186
5295
9934
5574
2775
5702
6503
8244
3408
1086
5624
4360
9145
1304
9312
6726
1227
1996
3137
8673
3833
8269
3525
1710
7680
9484
8101
6246
9410
4513
7922
2827
876
2269
4022
5257
102
9999
1395
7891
7573
6182
687
2728
4645
584
1619
394
3923
5238
8355
8338
4088
7210
2997
9406
7810
8945
787
4703
6096
6272
2833
716
382
2139
6115
1530
7365
5853
9073
55
4848
792
7578
1527
7740
1561
3969
2353
5699
8458
3972
1767
8021
7870
9653
263
5066
7519
5163
4745
4247
9868
6462
9326
8674
153
1793
1788
3155
5518
9064
3688
6016
8532
3720
6303
909
5952
5242
8253
6680
3909
8475
1355
4261
5332
5499
6011
3613
6774
8337
8442
8401
9305
9434
9903
1991
2932
8756
6616
8597
6603
1388
5908
6878
8896
2438
9258
1819
647
7643
8676
4961
4334
612
7037
2258
7705
4171
3739
8885
106
8800
8813
5820
8951
4368
3261
9403
5888
6985
422
6856
1463
3551
2080
9918
8169
6455
8415
438
7236
4336
2018
6271
1884
4019
6363
2257
5601
4911
3191
5381
8531
8869
2052
1284
6064
6061
7194
5822
9066
2741
2891
4173
4208
7309
2163
3579
3743
6903
3259
1062
5659
1803
6789
5240
5302
4691
3610
5760
34
9358
175
3680
6786
8820
1261
6350
2676
2376
9435
5573
5810
4401
9330
3062
6523
936
4241
6816
2178
9415
4793
2962
3220
5932
9205
7898
5557
7254
2475
5953
4519
4335
6399
5711
7950
5356
7803
6311
1798
4172
2460
786
8537
450
3361
911
7931
2187
4365
5529
3041
9387
218
3586
1076
7147
3329
1004
2112
906
6982
3403
5863
1651
3539
8142
4189
7641
5249
3476
8785
8094
9089
9038
3676
5936
6236
9859
3546
9142
2177
1614
8964
1402
4774
4371
3947
1193
9548
359
4861
3341
9439
8045
5751
3790
4140
6143
9188
7319
4033
4041
6596
4349
1391
8464
9844
3709
6296
4752
4226
2212
186
6831
3397
4429
4811
8981
1906
670
3638
8710
9471
1093
4706
5781
7036
4581
8373
2704
8190
2709
7103
3759
7455
7385
3590
7013
576
9718
2327
5252
2920
2093
3929
2007
4606
9796
1472
4864
9388
3073
9518
9087
8131
5256
2606
3856
6477
5694
6474
1534
2359
824
9022
2485
5237
237
5340
9562
2415
5617
139
6513
9936
4176
8749
6869
56
1837
4671
2483
6643
1286
938
1628
1575
8863
1737
4816
3360
4154
1122
3421
9149
9874
7043
15
7605
5907
5539
3769
370
8294
3231
8621
1761
7440
8661
2692
4554
5392
3450
3559
8379
5067
9773
9964
6983
3807
7320
7863
344
2422
6126
3251
5651
404
2088
1061
8354
6910
43
1648
6438
1120
1565
9364
2320
6800
4367
8171
3712
8699
9369
937
390
6222
8311
489
5415
5869
6097
8483
2554
777
2355
4767
3209
4968
4539
3620
3203
5160
3859
8936
3673
458
9560
266
451
9626
1312
6396
318
5034
3643
9482
9551
2864
1643
762
7556
7752
1383
8068
1026
2304
8175
8746
5323
9635
3855
3991
4803
2825
5558
4699
340
293
8888
9146
1427
2143
9727
6190
7256
4384
6724
9085
9616
2710
6065
9175
1446
1725
1811
2169
2357
9957
1664
795
2947
7345
8523
3842
2607
594
4612
4566
3318
7284
1616
7537
8450
1418
6392
9311
9744
3825
4479
9570
1273
6641
4406
3238
9531
1618
1629
8158
6967
4624
4944
1776
8271
4390
1265
3224
5700
7333
8769
1373
2271
170
4068
8070
881
2850
1921
636
135
2756
4322
7708
3963
1028
3140
1540
6504
1879
2222
2326
1341
8268
947
3355
9376
5204
4206
1641
8003
5054
6564
5633
8004
8136
8501
6592
848
6328
4720
498
8025
9765
1812
8847
6375
552
460
1986
1171
9100
2922
9890
8747
1469
6283
3631
6716
4561
4814
6922
5316
4771
491
5433
2138
5291
6902
975
3730
2874
6448
4648
2029
4325
9437
1001
2497
3337
8491
9781
482
6744
6418
6017
8547
6887
8439
2049
4960
6444
2234
4313
5311
6541
8246
4918
9986
965
2646
6257
9053
2888
1044
3245
3692
3287
8582
880
3588
5241
4685
4192
2427
1859
7689
6320
1030
4278
9510
7672
8196
3364
9576
2742
4785
6677
2123
8283
3557
1569
9303
7560
7015
5599
7171
9607
9806
9627
3793
1325
641
557
6187
3624
2786
5096
7442
4843
2296
7124
3980
5344
8824
4620
9949
5337
1116
91
4324
3599
105
7301
5077
3468
6031
3122
8047
3854
2702
3255
1637
7869
7660
9222
9473
7751
7821
2496
8390
2529
3080
1654
2050
5758
2800
8517
389
6599
7616
2965
253
8657
4877
9669
5582
8063
5981
8795
9218
7384
5310
1174
4056
3164
7472
706
3702
1082
5638
1538
2482
7811
320
4138
9008
3447
5144
2230
6141
275
7106
3068
3872
8017
2134
6935
5154
5
9869
827
7747
4985
564
7145
7585
1018
3915
168
4098
4270
2816
5961
7737
4315
8157
3905
6232
5040
4678
6277
6576
2656
4707
360
4827
7201
9512
5134
7858
9970
6207
9017
6025
2351
1553
4578
9236
7490
249
6073
9643
776
4721
5893
5407
8402
7047
8566
3300
991
2471
940
2905
3216
4564
9875
3365
4617
7460
506
1516
144
8589
5253
6313
3266
2998
8116
7298
3070
9873
555
8081
2610
5052
5494
6013
2038
8954
9579
784
5100
9985
1354
3895
8273
8814
9166
6837
7217
3052
5812
8107
8931
3152
5247
5730
8456
8862
8211
5319
5383
3440
5530
4839
3177
5684
3953
2582
8724
5818
6864
6453
1911
6645
5455
4149
9266
5915
9549
3317
9392
811
4130
2585
6909
5394
9173
1372
4722
8960
6137
7248
7694
5296
4899
6678
4935
7812
1384
4070
338
7089
9891
1523
1480
724
9196
2915
3065
521
1708
9442
3071
8865
9237
4436
4821
6127
8534
8463
4743
4680
3077
8028
7807
3514
4749
7163
8444
5966
4089
3581
508
9128
2957
3672
6608
2805
4736
572
8989
374
1281
71
693
2884
5503
6598
8903
2360
6709
5456
5065
4231
4275
8007
3000
7425
9431
9494
9225
6917
262
5057
7900
5217
8607
2232
2285
7730
2148
373
7569
5979
582
5830
8469
7993
4227
5607
5572
2277
8215
7502
1461
1185
7265
9951
8642
3206
8544
985
8291
2479
1021
9344
6881
590
7784
9673
5484
8955
4453
1400
4153
6357
1365
2643
7651
4492
1357
780
215
8950
8403
2807
8295
9898
842
9641
1630
3575
8502
6614
7707
3671
1368
7114
5564
5152
4996
8555
2444
9011
6679
3207
8823
9498
3731
345
6848
7801
4690
1092
6925
8580
273
6913
3464
6662
3294
6732
4245
1566
6427
197
4822
5038
4378
3598
2871
2263
235
8539
1053
2652
6491
6125
1114
2260
805
239
117
28
1675
6471
4105
9685
5170
645
3036
5511
2025
8876
1091
8611
7974
2821
2586
5210
6023
3451
4352
5306
9508
9148
3952
5747
9400
7515
158
9054
2526
9211
7364
929
7545
1597
7775
6410
5417
5229
5255
5933
6877
1301
8270
9360
7393
9466
1602
4946
7051
2669
4910
9595
6883
7872
9016
260
4156
7948
4708
2733
1231
9159
9966
2503
2506
3391
1672
1864
1039
635
7062
8630
1011
5552
5975
9241
7068
587
8465
9050
2172
6157
8135
423
4268
846
9060
1603
98
1180
2254
2173
2484
2688
6771
8822
9596
2308
2188
605
5187
6930
7105
7317
6336
3658
4073
5449
487
7371
9541
1221
4988
9944
5262
48
2804
3999
3092
4615
7065
116
14
496
9583
4333
328
4179
5220
8702
7225
8292
1757
4264
6900
3009
5190
1270
5945
9084
6080
6622
2028
3566
1715
4695
2417
2059
860
5042
8323
9896
6346
5397
745
1014
7757
5534
1863
1802
9556
7049
195
213
9217
9775
4878
6652
1401
2322
4435
2224
295
9155
2990
4660
4230
4487
3545
3160
7156
187
3660
1310
9451
6594
551
9195
5330
7856
351
727
783
7626
1533
464
1200
9402
2363
7713
4698
286
485
6581
2565
6074
8188
1945
4048
255
6549
1912
3627
2919
4444
6843
7224
5111
6660
2988
6446
8288
4773
7153
5365
1439
1318
4323
9812
7175
4344
4142
6725
2477
3934
7148
7915
189
5621
3753
219
5051
6383
4141
227
6542
368
4883
7588
5327
6245
6227
8462
6307
8438
5789
4449
7168
8949
207
2243
5707
583
8435
5307
6573
1429
3834
4984
6038
1791
4186
2202
6480
3076
2759
7391
4026
3918
1507
3615
2109
7418
5037
7614
4593
6358
6361
2446
2083
1161
5916
3490
8995
2824
9428
4095
7161
9882
8445
1881
7835
8551
9623
4607
3661
2404
5605
6558
3190
29
2454
9336
1513
7368
1320
8274
8912
4971
5325
595
3014
952
1899
7881
1042
7189
6942
8892
4662
8561
5928
2130
2124
4625
40
4636
9665
9453
9129
8163
1699
9294
4460
4623
9137
7406
7788
2895
4369
7635
5069
6048
4652
5929
4580
9954
6202
6812
3869
9390
3348
7591
8414
9676
711
6042
2983
6443
2769
9792
5839
8100
5958
3633
6634
7991
19
7398
1148
123
3033
9982
859
8667
6362
9839
5857
7093
1336
7117
2036
3961
3640
8875
5113
3072
3602
3916
2596
6996
7383
9467
2768
5927
8659
7893
6890
4943
5402
6174
3101
6739
5463
5520
6667
2493
5773
782
1404
6295
6329
1990
7372
6684
2846
6239
8146
888
1264
5145
8264
9065
3449
546
1824
2879
7859
5809
3442
6026
8943
3289
6510
9876
3707
9519
832
6919
7165
9848
1861
3974
1846
3219
6436
7606
9788
6068
9244
4907
550
6211
5489
8154
4422
5614
1730
6131
5986
1987
1724
7286
9897
5515
7759
3734
4111
1579
1111
1999
2502
5219
2128
2751
5905
1576
8199
8585
6051
151
9371
1609
5554
212
4351
1914
429
2103
20
3755
7555
347
1479
7055
988
306
9584
5567
1867
4654
7313
698
2150
3356
9447
4981
5524
3863
1681
1537
8810
1775
8339
2628
9693
7510
7274
4954
3591
1050
8011
8571
5634
4421
3746
8496
8922
8224
6155
3340
6540
7620
4002
7443
9778
5583
8578
7348
5514
2788
6529
1097
6338
3469
8584
7926
2829
5628
9672
5395
4837
7403
6020
5821
1104
9837
9026
1974
9552
596
6653
9256
3713
1156
2156
2757
6046
4916
5883
4509
2654
7617
6124
6252
1956
3819
6665
3375
8833
3494
5890
9366
8650
3733
7097
9793
9333
4071
5129
155
3283
8497
6230
3985
1288
9457
2813
680
2245
6384
1754
2849
7289
5464
6454
6037
4434
6905
6210
9
1717
9809
6933
3446
6364
688
6189
3949
5516
84
1621
6872
1560
8641
8431
823
5244
9588
7834
8261
4209
891
4739
797
721
922
1751
352
6560
7132
7392
1771
5877
8916
4570
1711
1460
7989
4825
7423
2685
1331
4418
7183
2067
7188
2256
4913
1070
1795
8087
2726
731
9039
8117
7621
7603
4622
2035
2218
4423
6055
1903
7631
4181
2480
2832
4841
6941
4892
3492
3747
9389
4518
7308
182
981
4531
9139
5708
5141
852
6188
7827
2878
5695
4361
3666
935
9614
3458
2954
6742
3797
6945
3913
1032
6530
856
470
705
4057
7831
1405
2914
2440
2720
614
4872
7688
5796
1414
5251
9280
8111
9540
1160
2971
242
3015
3228
6508
3719
7456
5297
8494
7697
397
7909
3867
2948
7945
4962
4028
1332
314
7826
1728
3484
6557
1718
8050
6755
10
2551
4738
3584
6647
3402
7088
5833
4594
1173
8346
2227
4978
7379
2382
1792
8750
9259
8713
5727
4180
3527
447
2557
6464
7314
660
8334
8994
5935
7557
2615
5322
302
9621
1980
1734
5721
378
9317
9121
5462
2108
6953
3378
6969
6717
5009
8543
9209
7976
8563
1703
1509
9604
9293
4931
1203
5425
9221
4972
573
5475
6640
4413
9707
894
6212
7608
7995
761
82
5071
8207
6198
7842
4769
650
3013
2639
1571
4873
6138
8103
7882
2686
4618
1083
3568
3148
2708
531
3582
914
2013
5159
4980
4921
74
4536
8248
2843
8692
5689
9813
3981
7362
7773
1729
2068
3509
3775
6004
9713
4780
9477
1782
5568
4383
5474
7098
3472
4604
2195
901
7637
6595
3632
4844
5879
4505
9163
6753
1487
6875
5207
1399
4373
4879
2892
7786
8688
5001
13
6713
8811
2467
1896
9905
571
6937
2783
928
1627
350
8660
7109
5739
4043
1735
8139
502
4182
7028
8804
8085
1080
1398
1326
4994
7906
3275
469
6104
3896
2842
5355
5679
329
9407
7657
5007
6517
1017
3983
3495
8881
7724
5609
619
4316
6352
1591
6417
9822
3295
8222
7947
5696
2225
1249
4517
4874
4399
6114
2044
7924
3979
1975
2335
7237
42
4817
632
5851
7343
2002
9475
401
4673
1445
1716
4541
1932
7642
5239
5788
7679
2272
7937
6323
4052
3083
3425
9690
7868
655
7180
2226
49
8622
2593
5189
5334
2976
8889
3589
6509
682
2449
5209
5608
1056
9937
5938
8413
3246
6145
8260
9278
3555
5243
8513
2267
9743
7361
5153
4135
4870
8259
1970
527
7108
798
7695
2868
5920
8344
4840
7546
9112
8851
4875
6153
4949
7277
2433
1520
7085
3750
2295
964
7245
6081
2197
7584
3480
4595
3795
6088
4229
7980
6339
100
6314
1473
9946
3748
8772
24
5087
1738
5767
2604
2284
4381
9952
1280
5876
3874
5522
4781
8763
2425
6325
3663
5545
1740
5495
8558
7500
112
9893
4540
5815
8327
7823
3518
2255
4403
2085
5990
2409
1317
4550
4115
5885
2066
3649
8326
6063
5880
8652
1697
8489
2739
5675
9538
806
9722
3023
5432
5389
3169
1444
715
5388
2087
1352
1176
3479
5703
2812
7822
1126
7001
7419
3829
5020
5944
646
3513
8890
6520
1211
9725
7250
4573
8907
5068
2136
4936
5075
5498
5753
7359
8198
3386
6253
8121
2384
615
8550
8153
2077
6538
7483
1549
5906
68
2348
8205
1623
4757
5003
8520
6991
1506
4006
1072
3877
9872
758
5523
1898
8166
766
3012
1369
9481
908
400
7272
4766
6639
9425
5963
3506
5862
8129
4998
9636
1539
3803
8243
7506
1381
512
7133
607
415
8766
4480
2474
9852
2176
2989
6351
9169
2793
1938
7
2581
8488
3439
630
4001
9385
7285
5488
4415
6738
53
5723
2975
7066
9116
3656
2986
8633
2665
8447
2994
372
1202
4020
1167
7376
6569
689
4511
7771
7815
7581
4755
4372
2074
8562
2090
9942
8740
2084
8859
25
2132
1644
1600
4328
7565
8542
3473
2556
1248
6563
2544
3741
8375
4789
4410
6828
768
8302
3327
405
4014
7627
7010
7582
9945
7613
4761
4345
2578
1410
2808
3020
7814
2536
6332
8686
3822
3763
3044
1844
6066
8541
6650
897
6365
7263
7303
3510
6577
1967
8155
420
371
6940
5127
7946
7223
5058
6398
956
5870
9983
7339
1054
2951
161
6642
6719
1874
7039
3457
5939
5236
3882
1857
3313
8181
6767
4668
3399
5049
2021
8904
3302
5289
9547
9497
539
1443
5420
8420
3333
2663
7639
1165
4992
5221
8477
9726
4058
4302
9379
7550
1313
2273
1809
8601
2771
5286
9764
3871
3179
9412
2307
8043
1964
3960
2767
8352
7465
380
4549
3754
3153
6927
1960
6373
3383
3779
8849
974
9729
4126
7429
1894
767
3031
250
2541
4235
8687
1386
2592
6275
412
9487
4097
7997
3652
5973
241
5785
2395
65
6249
3926
2490
3873
5835
7159
973
9900
9976
129
414
4957
4787
7056
2745
3230
4835
5174
5277
1375
3112
8877
3366
421
3154
709
1041
8948
939
8232
4797
5976
4704
8940
9239
9257
4437
574
5611
4485
4258
8942
2828
8799
1233
9246
9720
5914
8265
2542
2706
4684
4932
9904
1201
8636
8048
5445
525
2653
6977
1428
6191
8825
9074
58
9804
5124
2492
8826
1055
3405
6664
4726
5826
4906
8080
5119
4725
1632
7471
3176
393
8805
2275
5755
3830
7453
2713
2135
8753
6769
7579
8834
4254
9253
5816
499
9855
6290
7975
3939
9367
2464
4802
9243
5231
4732
930
7176
8018
101
9041
9715
853
2023
1982
9363
5974
9833
5476
3794
1941
8679
5988
256
6707
8239
5926
1102
4889
3839
3804
9554
7961
3516
445
2925
6702
2443
9753
3560
2963
7532
8083
3698
87
4065
2379
6445
7144
4934
4298
6116
3250
7840
9501
9791
8873
1350
9301
5864
5441
6574
1213
6847
3686
3354
6761
7125
7723
978
7121
4395
5704
6178
1035
6179
3099
4987
5245
3368
2714
3489
5268
2777
9505
9260
434
9858
4320
5200
89
7797
8841
226
4272
1833
537
7731
6703
2773
1642
4846
1625
6274
5619
9853
2935
8680
2174
2279
2622
9913
790
2694
2030
4800
3827
2540
2033
593
3524
4158
703
725
7750
205
6022
3805
45
5898
5655
967
2760
4279
5728
3948
8329
7432
9630
1541
2181
7522
2600
5400
8648
8716
4945
9935
2826
9879
1098
9347
6309
6673
7800
6792
515
9675
8815
9910
7467
7018
1976
4798
9682
980
566
2119
9789
4603
4545
9717
2325
7271
6087
6168
9297
1349
3836
6572
1559
5467
3359
7262
7793
5157
686
6426
6708
2244
8128
131
2283
9044
6830
8358
8704
4860
8397
5922
5430
2978
886
7602
8974
4724
4466
9741
8102
4669
7444
1865
2153
5140
9202
5092
2648
6845
4856
6804
7019
1131
1781
8307
9325
2455
9234
6980
9524
9787
5547
1930
979
562
5458
802
1242
2995
900
1854
4092
8908
7139
9967
9883
9780
2434
8644
6395
5860
6849
1984
1007
3400
6997
9040
7629
755
3057
5942
7526
9811
9961
8735
5971
6998
9034
2730
2500
9516
7100
8645
4659
8581
67
9070
3308
3049
9834
7214
3478
1535
7875
8594
1342
2193
8218
8258
7942
4165
9994
7681
6668
3433
1525
3428
7564
3032
6965
9924
6682
2750
4587
4053
2081
4523
1765
3601
3635
2799
5616
5025
8245
4784
6217
7193
5258
8787
4515
3098
1687
3958
4340
1993
1682
7678
1145
9119
1849
1852
9558
1188
8325
5172
7772
6656
8509
5777
9686
8427
6219
7828
652
9963
2414
1777
4813
6675
5748
9871
732
9923
9424
4290
8818
6241
2810
4420
2973
202
6712
5844
9337
2016
1897
8419
1622
9273
5743
8312
8137
7427
2566
9511
1916
7239
6359
424
4524
3910
8020
4895
2690
2910
6782
3554
9135
5396
9105
2494
4562
245
6447
5778
6663
1340
8608
9769
2421
1727
1807
5878
8796
6247
1266
99
1590
3723
4007
8986
8564
6460
4433
4869
8939
8180
517
9091
7987
5919
3210
2883
1333
9284
4716
7087
9567
5724
3641
6158
1115
3550
4712
8719
6788
6851
4597
9536
3211
8221
4544
5918
416
5686
6
4830
554
6981
6458
3100
1492
3263
738
6435
8052
2908
3363
6084
1827
6040
6914
3765
4118
8441
4956
8290
8164
3174
1132
7511
9639
2675
4829
8620
6284
7466
