4975
2455
2836
3625
3933
29
9218
159
8268
654
1894
8257
9623
7583
9717
415
7153
3961
6016
5630
2977
4500
3973
4820
1246
8974
7986
688
3441
4570
6613
4654
1685
9972
784
7034
7982
207
1695
6577
6293
1840
3589
8972
3821
7365
2941
4499
8592
290
6448
33
8377
7626
6874
4888
5981
3341
9005
9886
277
3676
157
5970
3466
4740
7838
6879
4262
855
7692
1018
6128
1217
6549
736
9879
6847
4409
749
3783
6201
2331
570
8237
1484
2
6989
2444
527
2540
2016
3653
7967
2544
4530
4479
5369
6690
9402
1847
4011
5089
8671
8094
6340
7341
336
1134
4315
7032
9070
7363
1266
2806
1439
9559
4404
1582
9201
8107
8143
6374
2963
1317
2461
9969
3877
812
5802
7935
8096
4317
5059
4798
5127
2412
7217
6854
6243
2041
1908
9949
3657
96
924
2990
7675
539
7717
6158
4078
7081
7992
3765
7858
7295
5786
9083
2804
7347
3999
4714
9639
9261
1812
8312
2487
1011
1775
9229
7657
6200
6657
1687
6753
4778
8897
4725
9855
9627
1210
7509
2170
4107
5386
5353
572
8093
5483
6210
987
163
9697
2040
85
9718
6408
3154
3897
6156
4221
2393
304
5546
679
931
8684
2266
1700
1103
1238
1361
9210
6929
1681
6967
4835
2476
614
7641
1080
6998
2594
9731
7921
6691
7114
1397
3136
73
9500
3609
5320
9326
122
6027
3014
3731
4633
6965
4353
3843
3450
797
7436
2366
3160
49
8806
723
2525
6976
5709
4857
4227
3217
1953
9490
1221
9497
7018
6500
3082
70
8146
4910
3387
3419
2882
5282
5239
257
7610
3944
2300
6932
1699
9409
8751
2079
889
6352
2205
8469
80
3071
6913
9388
6590
1279
4968
5360
7056
9290
7107
1471
3249
1196
7185
1883
9519
6367
8002
7441
6387
877
5729
8105
7327
3235
4608
6696
9727
3011
421
1143
4686
8839
9592
4576
2134
9174
6896
1951
4055
2126
2067
7732
7978
3735
962
2228
4723
5569
4601
3219
161
7278
7736
4063
9669
8514
5594
1624
7939
4213
7012
2906
1533
3549
5099
1842
1722
235
6572
7137
6776
5872
6953
7086
446
342
5495
5504
6649
5517
6000
3100
3449
2744
282
7684
8383
3285
1756
8809
8262
3247
5619
3006
1394
6165
389
396
5307
4351
6418
721
4732
2615
7927
243
3469
8466
6419
62
393
3741
4467
6233
968
7461
892
6574
2695
4830
1328
5318
9075
228
271
6217
9429
5620
2690
3150
6924
5784
4853
6936
3698
2218
1730
843
4624
7750
9476
3135
1513
1841
3425
6173
598
9405
3279
6591
1999
1379
8497
3962
8534
9238
8633
836
881
8337
8384
894
8449
860
8108
347
2271
2087
7700
1554
7637
9107
8283
6530
5314
2131
1281
6599
9597
4771
8655
5958
8987
5685
7730
1074
5509
6979
7000
416
4099
4088
4628
3351
6806
1495
4292
6377
3552
6147
6545
4697
1201
9415
8923
232
4456
9194
9530
2983
2547
7746
3260
9936
2871
6693
6747
5964
5485
3270
135
155
386
8400
1009
8499
7772
649
2930
1629
4298
2252
3767
8355
3991
4557
1104
8580
1878
7105
5864
9661
9935
77
1666
394
7307
47
1491
8416
4913
4212
8156
4671
4313
6274
509
8362
3836
656
5394
5367
1427
4761
2413
1029
6005
2809
5026
2535
6918
5031
4705
4918
5881
5816
4342
5812
6633
1725
6708
761
8136
1448
5647
2704
9068
698
4979
5899
428
7448
7435
7886
6435
1769
5849
7775
8441
2002
4585
8242
1231
2763
2313
528
8190
4808
5713
2329
5945
7656
8234
8910
4505
7279
5102
1771
4603
9394
808
4887
6669
6321
2223
5615
4225
9793
5962
6573
7101
4611
5622
213
399
6631
3607
9503
2864
3707
1463
5014
4380
7411
9963
5041
2182
7995
4567
5417
2049
9359
6065
2938
6960
8171
5653
887
2554
2099
9814
4366
4102
3313
7892
7069
5762
8376
4851
5078
1100
5565
3055
3822
8075
4989
3220
8422
2108
7025
4033
4758
7489
2360
4064
6670
8418
9948
4544
2247
5937
6695
2861
8883
8481
352
639
6659
9231
3269
8236
3331
6674
3067
3749
5255
188
7733
9137
75
1716
7813
9323
1508
2710
6650
4255
5404
8464
2211
5346
5734
4974
1518
8636
8945
9128
9849
4106
9622
175
9423
4017
5710
6338
6997
9552
1153
2215
8130
8163
2755
3714
8061
8925
5002
2285
5291
8386
5207
379
94
1171
7703
759
5300
9463
3379
5033
4708
2498
5662
9444
52
701
9609
1827
1168
4127
2754
4896
2935
9723
7621
729
4783
7087
7054
4457
4332
939
8348
628
86
4263
2335
8577
8241
8372
4188
1255
402
6011
7276
6557
2657
8198
152
1024
356
2472
611
888
2036
6361
8480
9550
7993
7943
9839
4721
6769
2794
7037
7041
2401
8826
722
4019
6958
7005
5176
5599
6472
2063
5715
5691
2192
3511
6746
1480
7245
4105
5077
4543
9461
605
6558
4235
190
5086
3591
5401
6451
7480
3240
8174
8073
5103
6788
6275
9719
3768
3102
5121
8574
5556
6529
6578
3145
4289
6438
1172
4920
7973
5166
3296
4976
9720
2172
1823
2849
314
1396
4767
5663
8858
9858
7261
5658
1686
1719
1468
9561
8562
3833
5604
3983
5461
5984
571
4031
9984
7088
6309
1902
2777
1872
7395
4114
694
2719
9215
9753
519
5301
750
5056
2702
1135
9041
8353
5309
8983
3165
4580
1929
4652
3227
3017
313
160
3638
1593
5847
8765
575
4253
362
2145
5393
5398
4558
6721
9882
4407
6738
3810
5732
9495
2258
5331
586
5167
3957
740
1083
7806
7132
7252
1801
4884
3914
6412
8816
578
9178
8324
2617
6055
1541
6110
3463
3752
5488
5911
7719
5477
9117
3411
7349
5090
3355
9528
825
7796
3257
1792
3652
5789
3214
1333
7176
9724
7274
8448
3798
9
7738
8271
2892
5366
3089
4547
4680
6891
2835
933
9832
1794
5225
1996
4957
4627
9246
9763
9113
7638
6077
9746
2181
4217
2098
3245
2326
3186
4323
6634
1906
7649
6985
5728
8059
1200
9124
2510
4452
7172
3743
3540
6314
4768
4112
2418
7630
9161
8230
1831
947
129
2152
3721
765
3873
6434
2985
9426
2465
246
2491
787
1059
32
6159
339
5003
1204
8371
43
2119
9351
1770
2121
2734
7604
6635
6561
1478
4844
1652
9796
5912
5745
5987
3890
2089
7569
9884
7210
8078
1612
5796
1973
636
5276
5591
1664
7668
5370
6287
672
752
9187
4461
6566
6727
3183
2404
7547
7512
28
58
26
5414
1790
3222
5444
5250
2277
5317
1004
8827
9741
5973
498
8226
2384
9331
832
6580
687
2231
9483
9232
8756
3689
51
6106
5271
7474
4210
5609
1006
8947
5867
5256
4617
1811
9337
5006
329
6353
6888
4739
9182
7141
2232
2745
4173
3856
4350
3328
7079
2197
8728
9740
486
5865
1563
4348
5095
6119
503
794
4898
293
9185
3777
941
8956
151
7104
8749
2346
609
8316
4338
7861
4455
7492
2818
9470
7645
8052
240
6097
2771
9572
4328
5631
3048
3436
2980
6126
5356
6260
2342
1119
9722
4242
6973
9913
5603
8787
8021
300
5942
9930
6709
943
3262
3977
2652
4097
5237
561
4282
9608
3572
5264
9994
9163
8879
6622
5957
841
459
3114
8914
3942
9106
8613
5669
6197
8219
6502
5407
9652
6719
8387
9834
9437
3043
7715
2163
7354
1581
1112
2817
4172
5683
1544
8275
9907
1414
1507
9614
6931
4956
4485
8603
8546
3499
7430
4286
778
9452
9560
1912
9767
6087
4832
9141
475
485
3242
3087
1900
6459
3155
6528
5976
8333
2457
8851
2796
2699
6490
223
7420
5903
1192
5278
8997
5769
7968
117
9525
104
8848
1237
9637
3551
1714
1705
4159
2078
9909
526
2437
7866
3624
1477
2879
6857
1917
6180
9368
2308
3369
4749
2014
8346
5931
4198
6076
3931
5257
432
9860
9315
262
7705
4276
8699
4000
2939
8145
9636
81
2289
245
4556
9126
4211
2157
8789
3121
1852
7998
4390
3740
3177
4203
8319
757
4664
6224
8747
2062
1640
8385
2147
4349
9757
7067
8014
3842
7179
7214
2833
7875
9980
6800
6589
6826
2414
4862
8310
328
2511
2421
5829
2973
2347
6455
5600
9127
961
6705
3128
1546
7130
5554
9262
1569
9404
3794
7002
7479
1185
5892
1485
7920
2820
1587
4113
4152
2085
464
1193
1667
5329
2236
3569
5085
2115
3003
8451
6036
8180
2037
4964
8347
8875
5726
7543
6190
491
2068
3695
3483
2877
7418
1501
5538
1660
6520
9787
8967
8821
8683
3919
3703
4731
840
8958
4030
3513
3447
3357
4408
2268
2137
1051
8297
5723
2480
9301
3573
1776
9492
7749
580
4871
691
5611
8919
5519
4362
9777
5108
5861
4330
4880
1076
8692
870
1339
5233
6022
5774
2149
5678
5989
719
8175
4782
7134
4421
8117
2979
8079
8165
7348
7627
5856
9900
1376
5951
128
2782
5963
2140
7566
9686
3579
3238
1384
1793
5523
195
2292
6409
3009
3758
1060
6373
4035
9843
8098
1005
5378
4095
6927
2663
2552
7246
3892
8825
4950
3070
7874
2217
6516
5507
97
1978
4090
5552
4594
3907
121
4811
7829
2225
3796
5092
8083
3893
673
4279
2598
4382
479
9484
3040
989
3008
4387
7658
635
1289
3210
6984
40
7328
6421
6208
2823
2793
5889
1346
6337
1522
2641
1161
5733
1856
3781
9653
2960
5634
9053
6407
6480
162
4692
2303
9938
8721
2522
9577
9546
7810
3266
6537
3118
2673
7227
1197
9776
2810
1062
6512
2929
9866
541
4446
9033
6311
8976
1809
5761
5629
8081
1141
6862
5224
5490
1181
7570
8520
4445
4984
2764
4475
7199
946
6895
3103
2527
1728
3211
6195
3131
3092
4515
4817
8738
661
7870
6648
7745
5924
925
4899
4428
3226
8018
6986
5721
6675
8913
1164
891
6791
3500
1393
3069
8167
186
5336
5015
5304
4131
1947
3372
4250
1505
3265
9648
3423
1676
9392
4541
2488
7950
5152
6444
5597
5770
7376
5587
6792
3682
3405
71
4635
4634
9230
7860
9690
3558
9381
2272
5499
5129
9475
101
7651
6295
5382
5954
7165
7049
623
2814
1094
8440
6060
3300
2151
6859
986
4760
4928
2251
5018
9192
9472
2260
205
2559
2947
4602
1040
8467
9631
7139
7266
4790
1525
3802
8906
7422
513
6157
8155
6786
3086
6086
743
1109
6890
249
2665
5138
8962
6369
3666
522
5160
1322
4003
4970
3390
6804
2238
1360
7888
8606
7198
5388
1137
1241
3963
8746
2514
3408
5066
7966
231
1329
1983
8693
6109
2194
7999
9747
2647
6663
4254
703
1306
7168
1944
6731
9691
7834
9780
6162
4504
1247
2698
7009
1653
2142
900
921
8944
8144
1235
345
7972
1300
3057
4858
9568
472
6124
3457
3196
3875
5781
9922
8104
9685
5679
2812
9955
5779
4494
6161
2845
5638
3917
5286
3634
5553
1987
7312
6869
9250
8432
4493
8604
2642
2097
1860
6687
980
3252
5649
9707
3141
8110
8413
3032
6148
9239
2031
3143
8407
2173
2528
9254
9458
5070
7196
6349
2463
9341
7727
137
7503
5046
7576
7317
5505
8184
5897
2273
8332
4785
6129
6704
2981
6348
1283
2999
9844
9177
6853
7987
3864
9885
2484
5741
8070
2396
378
2619
177
2270
6146
8363
1509
3383
5042
3818
1272
3773
1338
4700
8750
3955
4699
138
9564
9626
9836
7330
7490
3308
7332
5739
6540
4468
5241
4838
7068
9214
7548
6536
7423
945
7785
7542
7771
3683
4965
8760
4356
7296
7031
1579
809
8303
6672
1853
7865
103
9136
3580
4077
5885
9881
4304
4774
9772
3426
6681
1861
9996
9516
8881
7171
6867
172
2824
264
3824
4695
807
4325
5580
3976
8077
6825
5192
5616
9080
3971
8138
8951
1751
4013
8099
550
8214
1711
6203
9517
2464
1528
3685
2611
7839
6846
5606
8260
8177
3246
6384
3562
8793
2497
9845
4229
1925
3120
6956
5700
7789
1985
5841
3110
4816
4803
3020
7131
8932
7397
6616
3599
1374
8819
1027
361
5642
4589
5854
1267
372
8329
8210
3389
9807
5218
5834
1457
344
5835
8737
6332
5980
1939
5101
785
3769
214
8169
4438
4971
6519
2429
9152
2280
1015
6563
2720
2928
1959
3123
5017
8434
5189
9418
5274
9730
8679
2361
6992
3675
9054
7906
7786
4293
7531
4646
1849
1475
3091
5429
671
4245
549
5763
9590
5673
3517
2656
4605
275
7891
9321
1905
1081
3820
8010
4399
9266
6007
6140
3119
6181
9037
5827
594
5564
2010
5383
4002
9992
8058
1814
5405
1865
5534
3437
2241
4309
380
7140
5977
9701
1286
9760
346
7434
6350
5055
1318
2693
9186
7737
2944
6183
4201
149
2130
6145
1680
668
8625
2767
577
5701
763
1997
4519
7428
2290
2967
9520
2419
4336
9434
2666
2088
9035
6215
9748
4955
6381
371
1214
6863
9795
7255
7046
9233
2914
2779
1186
3637
310
7582
1162
5522
6759
7338
777
5430
5142
1678
7841
6906
1566
5744
6841
6326
906
3674
354
8399
4539
2895
6745
5212
6938
6570
1819
3349
7364
8159
9087
5347
9169
3981
2093
7100
5690
448
1966
1623
5010
5193
8762
9173
4023
259
5073
7622
7432
4135
1335
5521
7855
3855
8675
35
7988
1963
8977
1191
6842
3526
2668
5681
7133
4044
7761
665
5520
902
7393
9549
903
5427
9703
9465
2934
940
5757
5124
9612
7648
1797
22
3053
4087
674
1369
7272
410
3362
3497
880
6261
9390
7663
5220
893
6947
6611
8629
3198
9313
7523
9116
8132
8878
4565
8280
1575
8505
2471
3726
5463
8980
7741
9320
4995
2802
6733
9039
7686
8053
7925
6957
3709
6758
7585
7889
2646
7953
2341
8685
2840
9743
2000
4679
965
4781
6420
9815
5941
3878
9535
9805
4192
5955
9132
3909
6303
9672
6802
1121
7424
1784
7361
8784
6652
1637
9448
8545
5294
2338
4750
4020
7102
4460
4949
9934
3706
5686
3209
4729
9924
7788
792
8147
8419
9314
5698
2451
126
1324
237
6717
1149
5376
3322
136
4483
1787
7949
1402
6209
5803
8148
3410
1993
7286
499
9993
2778
444
6092
1476
2957
9082
5791
1494
858
8474
7016
8996
2982
8605
4177
3467
9575
2210
5736
7561
6741
8654
7251
7154
3083
4689
3339
8697
9812
3356
5184
3872
100
9695
5206
4651
8125
7801
3468
7916
4061
7625
5787
4927
5598
6
7045
4752
8220
6638
3278
2344
4520
2677
579
8807
756
6034
8894
8690
1154
5844
8984
9660
2758
2391
4901
2127
8039
5254
8295
8264
5440
6239
6748
1960
6134
5258
9111
8560
8494
5548
7782
2557
847
7372
8412
4863
554
1526
7877
4232
884
8507
9847
4637
827
1003
9272
9545
8904
8669
6974
3984
2482
2387
1826
9735
2462
9273
241
2034
7268
1425
4231
8720
3345
6789
1022
4584
1882
4836
8660
4079
8475
7416
113
7242
6172
2229
5714
2044
1160
4049
9318
4578
4204
2570
4247
8088
7598
5069
4850
1410
8011
4988
1375
3793
6886
9316
4615
5359
5446
4234
9641
4757
4083
7155
1742
8861
2355
9539
6818
6372
6267
5039
8200
7035
6041
3934
303
4649
7643
1223
3531
6006
2424
6460
4998
705
1390
3435
2045
5196
9139
4923
5646
7783
6921
5054
373
8439
7776
4535
3530
5390
8628
6607
6550
2743
7485
6279
3837
2899
8652
5988
292
2916
3716
6980
5568
5436
6458
8287
435
4985
5820
4648
4237
5934
324
6204
8884
5516
4521
1645
8530
79
9283
2780
8768
452
9899
6793
3916
2327
8272
7366
5582
523
6401
4930
3337
559
2786
1651
4121
4268
998
2084
2017
5960
7085
7863
6587
9970
8550
4728
3261
7979
8468
733
1571
492
6880
2291
9102
4305
3784
5947
9721
7827
5116
8361
6823
3952
4777
9667
4765
6285
56
8091
4285
5811
5177
3476
1761
999
4278
5110
1885
2816
6541
3477
3191
8299
4209
106
5373
9297
7752
9060
9779
4908
9771
3958
2975
1688
1008
1670
1187
6064
3025
1296
3966
9925
4506
663
1738
9971
8889
5209
4796
7931
8662
5335
6889
6021
542
6282
6935
4508
5125
6762
3098
9674
9493
1542
7594
8261
6576
6496
9304
7883
7837
2773
2588
2762
8066
2639
3592
2735
2742
3215
5245
2986
5091
2863
1662
6066
25
3774
4931
4756
3817
4273
6096
7634
5528
187
7958
612
36
9432
7241
758
7704
7862
7451
5503
3705
4012
8661
8279
9209
5636
7922
6198
8041
6636
6716
4069
9759
782
1684
696
5216
3460
6878
7167
8158
9956
9557
9092
8126
5310
681
6466
929
7283
6219
4498
6817
4754
9219
2883
2844
8205
3557
2372
4909
3409
2195
9708
4038
5119
5621
9734
2542
165
8723
2772
876
8595
5601
4432
6100
9373
7191
9098
6099
487
8114
1321
9343
5667
7869
4724
2679
2521
4527
6547
9574
6632
2293
7036
2166
4571
3570
2654
8600
8164
913
2724
3358
305
4417
1726
4600
6142
1208
9704
6694
6797
5916
9256
6766
5339
6579
1630
2970
4075
1870
89
7039
1188
420
9077
1482
3455
7389
8067
9824
5997
8068
616
7670
1780
3577
1373
4180
7975
3548
9050
4150
302
2281
724
4400
6486
7381
385
4260
9510
4484
9447
3251
3490
6780
3158
9645
7092
4224
2865
3815
7187
4163
2365
5581
3480
5449
3108
8946
1426
4492
12
9468
7277
6331
4960
5051
9654
6416
1409
9758
2060
5213
1611
9091
8410
3788
7710
8991
8092
9063
7299
8008
8034
9818
985
728
4375
1995
7690
566
9682
319
6028
9150
838
1263
6184
3275
6996
1332
7706
8611
2579
4640
355
400
333
7606
4533
4312
4101
1663
6228
5586
3116
6375
1573
9751
2105
2255
1782
5902
5146
6104
1127
2575
2092
4855
4869
83
7791
1774
6422
9017
4054
1659
9199
3088
9912
2562
9438
6254
2887
4810
8698
3213
7457
9982
7596
4991
9802
2587
7285
971
3536
9129
5029
2165
2178
7926
1138
1260
6437
4147
7579
970
837
697
6571
8484
4990
5422
8598
755
3187
6754
9606
5280
4738
5180
239
8232
8965
9942
9347
7159
7421
6535
2903
3277
8822
9160
7952
1209
407
768
7258
7143
6415
5860
5247
5410
2808
3364
2433
1220
4616
9380
3084
2862
8097
1012
8090
6533
463
2949
6222
3605
3889
9456
6276
2474
7373
5068
7188
5433
7524
3995
2411
7930
6339
5171
6907
9968
2737
627
5547
3491
5953
1278
9628
9336
2032
3001
5617
2064
1032
2839
2302
6912
3263
865
6286
5939
296
1555
4357
8796
9303
2792
4864
9986
7249
5420
9376
1876
6506
4376
2569
4100
2274
613
6905
87
1760
6137
6454
9671
3910
4185
7871
7825
1679
3310
6395
9408
9307
1336
3407
140
8330
8817
145
7804
591
6848
2969
9293
1388
4471
9981
6999
6001
7186
1930
9352
3713
8191
7824
7060
3137
4238
4251
5439
8782
1671
1058
5512
1450
1519
4852
3404
2275
8730
7042
4706
4890
6803
7375
9478
2607
3464
3780
9494
301
2825
4833
4036
5214
1001
8993
1658
419
4051
9241
9744
6272
7409
9025
1839
9973
5235
5459
3662
6324
7024
4819
4943
9563
244
2496
7823
3568
8855
9831
3838
5052
6757
211
6447
3446
8687
4243
1898
5451
4947
5836
3776
8135
9227
625
3717
17
1895
3613
5839
2091
3545
1053
8521
5453
351
8071
1683
1586
2926
5145
6072
5462
8151
8381
8157
8673
7722
7697
6977
7713
7015
46
4448
9941
1984
3861
7572
6641
4347
5596
4902
360
5778
6665
1665
3284
8857
7494
8981
1363
5105
9211
4488
3207
917
8864
3133
5922
57
2162
1429
9435
5561
8005
7936
2261
9355
286
2368
5270
9395
3422
9705
6284
8548
3334
9562
6787
2122
5355
4412
8835
3111
9147
666
1921
3601
1896
632
7007
8866
4917
2407
3804
4476
7195
8709
994
6898
3340
9589
9225
6474
6088
6296
1474
619
6307
6993
923
9926
4868
1733
3414
5830
3567
1745
4395
3424
4189
7466
3406
2074
7180
6595
2728
8187
4696
4427
14
5511
9891
334
7113
8498
55
9166
1270
8240
9595
2214
1779
8942
5128
8421
9048
320
7619
592
5491
8231
4609
1039
3538
8342
8554
8056
8221
8975
8365
7405
2113
1845
3874
6680
9914
2362
3663
1254
4626
4402
5118
3413
9940
8776
6111
7957
8888
6363
5392
8424
6840
7800
5438
7850
4240
7614
6089
7516
4511
524
2415
5441
5243
9031
5731
3201
3785
1222
8364
4827
4296
790
2894
7942
7595
6070
8518
7559
6491
8031
6844
6534
5543
7203
2204
2672
4437
993
5821
5656
8032
4444
5549
8588
7013
2725
5269
7311
3282
2729
3428
9339
4230
8044
510
683
9713
332
9979
2450
1649
2573
6937
3309
4156
9274
3453
227
5684
2284
4641
6720
490
4668
9603
8161
5992
1851
3306
3380
9104
7913
6816
1312
7053
9728
7396
3738
9650
3858
250
1381
9346
8744
8917
1527
9016
2416
3672
3454
3588
4645
4450
276
4108
7591
6277
185
5901
3396
7857
6509
2631
3000
3744
5776
2256
3943
5706
4360
9312
76
7298
6812
9501
4620
1203
9168
3487
8123
9364
4933
2945
7300
4952
8940
8664
7843
7673
1091
7145
1280
8026
2962
9782
306
9647
9820
1108
2915
8694
7667
1503
8483
4142
864
5122
5589
3760
1325
5573
6546
116
8186
8023
2821
5991
5801
8525
5493
9416
4744
5995
7833
7275
9770
1030
5702
3677
9681
4719
9148
4753
1319
558
8877
8908
6080
7047
3515
7701
6943
7320
4378
3578
8529
3974
3581
2055
8754
5540
2441
3913
3074
1644
7742
7048
6908
5749
9644
3280
4946
4709
1570
5201
1785
4422
3608
7146
3218
2269
4431
3831
2212
1796
5524
9309
8354
24
4333
6809
8874
8369
8957
4084
1038
4136
2795
4233
7814
5007
7442
5190
6479
3880
6025
5231
1778
1772
3400
1904
5651
3090
3113
8045
7964
1356
9640
9706
4613
68
2787
2278
4861
5695
5756
2706
3778
9171
7499
3324
7904
4295
2066
4385
5793
9878
7517
6489
359
8732
3164
450
6258
6492
6966
7446
7816
9327
930
8820
1309
4111
2740
3519
3766
8209
2800
1431
9643
8630
4573
3290
7163
5079
6056
2141
150
7342
64
793
3576
4944
9521
7836
9752
1093
4130
3940
8103
1125
6456
1588
3586
7773
4085
2714
7455
6336
771
7262
6225
365
6116
3106
1673
4703
3062
6805
7116
6125
6742
433
9977
6045
1931
1065
2842
879
7748
8770
1489
617
8701
8642
9600
1828
7190
8173
3747
2343
8322
7901
9937
3898
9864
2888
6569
747
1974
5570
8871
7876
3691
5871
7471
9892
3462
1694
3649
1107
1559
5169
8700
5083
2176
5882
7550
4341
505
689
1298
1488
3852
692
233
5297
7253
2337
8870
8459
7526
6396
397
9917
1367
1672
3547
95
5273
4187
9733
2319
2545
595
1364
1531
1130
9688
5048
3374
3640
7593
8702
7157
9692
1702
1334
5595
7910
6216
9387
9372
110
1180
7166
9122
4958
2595
912
4411
3813
1177
5144
7410
6462
263
5708
283
8911
9288
6294
9059
8462
2460
6671
8426
776
6187
5887
8229
5139
9987
7308
5384
8571
9514
3598
3365
9040
4741
4153
9280
9852
2658
4885
6972
281
6118
7820
6608
2397
9872
7476
1530
1466
4181
9024
6621
4673
5443
6473
7962
1512
447
7798
4625
2043
7288
702
8457
1452
3996
6249
1936
2352
4239
8471
8804
6035
411
3171
9066
3899
9887
3911
5752
5828
552
7681
1843
6391
3461
8116
4057
8463
5624
7693
813
2065
5435
1634
1768
1888
6684
2893
624
7164
3885
1580
481
7106
374
5076
6503
949
730
6163
6653
5530
6843
9498
7846
4769
3755
1330
1598
1558
3992
713
2468
8672
6280
4612
4614
353
1614
403
8113
7491
9773
4657
4743
6050
8035
6259
8968
5969
2942
6319
183
5426
383
5563
3786
1075
1097
3197
2348
6764
5699
7608
543
9811
4538
3139
1225
8708
5494
1825
8207
2453
27
2846
5876
9670
7599
437
9929
3073
573
518
7124
4216
2430
7006
2919
8033
6830
7292
8978
8558
4337
5711
7616
3344
316
6914
5910
9869
2389
1417
3699
7184
4365
9656
5074
8645
1095
7061
9709
4244
6167
8392
5533
1014
2226
3978
3645
6819
6393
7215
1565
4503
4358
4516
2891
9260
1618
9371
3050
1543
3763
422
7511
7493
5136
2188
4867
369
2583
4656
6510
5482
500
5738
2715
7501
1421
9397
7452
6768
8420
8192
5866
3244
2159
2469
9417
3072
2423
8028
9529
5747
6538
8620
7868
1122
5249
5532
621
662
6851
3853
9804
6327
3667
4805
9146
368
5921
3841
2402
8741
7821
8869
4394
7224
3200
9558
473
7803
91
9200
60
6700
2662
9421
4704
7339
3923
3876
4123
2504
6824
6911
7193
716
3496
7444
5030
4463
268
2243
9298
8235
3204
3762
622
658
8003
3583
9391
5130
4607
7331
8941
7937
3808
9030
7142
18
1749
7084
9502
2851
2495
6108
9366
1084
8815
3948
6940
4722
1411
2161
8285
504
9365
176
1718
3619
3523
990
5365
5632
9633
3202
8408
226
1430
1045
7754
4374
5492
53
5571
7535
954
9028
8627
2245
7222
4953
967
5754
9611
5279
6469
9362
289
4939
2603
6778
8460
6232
2304
670
3175
5019
1890
2081
3737
871
4280
4522
1795
2248
30
984
4442
279
1228
6081
7714
6484
1991
7699
4951
5143
8461
8267
8938
9947
1604
8140
2766
5156
1759
1441
2333
6115
436
7138
8924
4037
5843
4158
5785
9212
7433
1017
5607
7233
6697
3814
3192
6355
5925
208
5906
7538
5319
8509
3051
1893
2889
7672
8397
1432
2630
197
7177
5432
2059
5917
1553
810
1815
8665
3728
7864
3397
39
1980
4824
8973
9149
5203
445
5064
5244
489
2082
3170
3680
4022
6153
3597
3038
8800
234
8585
8703
9680
9202
529
7248
7552
8905
9629
8306
7683
5081
252
4060
6610
6030
7609
2683
2053
9189
3626
1822
1706
8427
5618
1274
6135
2438
8714
520
8178
2102
2328
6981
905
9097
593
7353
7792
5502
1506
4604
7183
7236
4969
8733
1102
8771
4839
4043
1105
1864
7954
4688
5593
166
4473
7809
6475
8265
8849
254
2517
3830
9784
6345
1846
5643
8389
2711
3596
4837
2736
6003
6539
8046
1601
6113
7567
6171
7578
7073
4076
720
7911
427
3532
8501
3378
5822
5037
9634
4619
5232
7928
795
1216
4082
7574
4672
1744
1152
8072
5230
9890
1946
2379
4747
4658
196
4795
1696
1195
9665
3507
7640
3302
3661
2900
4176
6596
5927
553
1481
4125
7655
2318
9289
7521
6726
2375
3866
9618
363
8321
6651
2106
1967
8284
4405
1871
431
2905
6388
4040
7021
5141
3224
9827
6963
1294
4058
3442
7856
4669
764
6882
8872
9822
5302
2571
9874
718
7515
4495
5290
7243
2024
7014
4959
1747
2288
5886
8411
8277
1129
3375
4182
4416
1592
2369
4154
4301
6440
9803
4074
7712
9143
3550
8176
8100
3382
8674
2311
6640
3493
8516
6855
467
3518
2550
4879
9445
7156
9809
6564
312
7739
746
1854
2852
8994
710
7756
7899
1517
4220
6257
5021
8863
8852
3574
6130
2696
7010
8049
2901
821
4513
711
7065
440
8651
6342
9571
8131
2447
5660
7851
6739
2083
1909
9624
7001
1753
2353
7797
1345
3621
773
5425
3906
7961
6656
9259
7247
67
9120
8953
4737
9311
2286
2219
6556
5204
6521
5236
854
6605
8314
6298
2953
4322
8594
6711
1292
2175
8487
5111
6771
5652
224
1293
7759
456
9234
3012
4775
9810
2406
5513
8522
2790
1113
538
3504
5474
2923
8435
957
6114
7472
7228
9792
6218
4191
3484
192
291
4932
3734
1406
9983
7893
5792
124
8626
8582
5602
4629
9078
4361
4171
1473
1977
5187
1233
9512
8752
1748
7062
4352
3068
327
1914
8778
5322
9454
3305
1151
8724
6782
6189
3494
1352
3928
9184
4865
7120
6730
7427
7237
7208
4807
2681
8639
8959
2625
6526
2506
2649
5825
5894
1072
2364
5299
6278
5475
5028
3332
8779
2267
5454
2741
8414
1887
3618
3439
3418
9985
5303
1589
3533
8799
2991
8561
221
1693
8823
7654
3232
6624
323
3972
6220
5952
3327
4015
8635
6166
7646
8705
9003
2933
1232
2199
2548
1952
1766
1146
1226
4300
5625
5655
3509
2670
7895
2200
3960
3208
9464
3524
6951
3255
8203
9357
5664
7539
9769
8766
2104
9384
1341
1136
706
6470
4264
2494
3299
2890
5500
9205
167
9071
4491
6866
6834
4592
5027
8286
4987
9506
7189
8614
4906
3393
7369
2499
2466
3394
1608
6346
5178
1044
6392
992
4025
6482
7202
1910
1520
1479
5959
828
3236
3033
9883
5893
4151
1892
8900
5395
2622
6712
1975
3376
6101
8037
2196
604
66
1805
8727
1311
4546
3402
2664
2009
8867
789
5768
588
1383
9997
2578
9090
267
1198
1458
8955
3862
6499
6845
294
7793
2512
3700
739
3863
8590
6501
105
6385
3417
2638
3869
3848
3081
4575
5833
3668
6151
4424
5967
875
2723
206
7438
9646
1398
5072
3959
4720
5484
3292
7314
4937
8950
745
5217
4841
3333
2257
2686
5956
8718
6658
5170
9876
7970
3989
8844
5574
9974
7211
3501
9270
1206
3129
2701
6043
7059
5350
6052
7991
7762
7735
2020
194
3080
700
9961
7403
6024
7091
3338
9144
3775
1019
1078
3233
2388
1465
5888
4794
7377
1380
4994
9596
3203
657
4056
7807
8206
8307
1942
2426
7498
9798
748
9338
8022
2485
5692
1574
4911
2230
7607
6012
9264
4854
7557
4081
9951
7780
1035
5471
6452
5016
9967
9582
7994
3789
2356
517
4024
1564
8086
9427
7802
9554
4776
8549
1343
796
1881
5469
3451
7004
4845
2120
2320
5400
5268
7976
4579
5880
8401
6666
8930
109
2035
8378
6465
1295
4653
4166
3473
9302
8153
9197
9319
4818
9908
99
3367
2177
804
1736
7794
1413
430
783
3256
3470
2013
7628
798
1992
8621
6798
7414
6018
4542
6379
8201
4659
5106
6698
9598
1240
7902
7960
2917
8356
4308
4208
8612
1948
6527
4595
3908
8281
9094
6176
7212
4574
5040
6728
8640
664
1622
7093
3482
6231
1167
2492
9109
478
4321
1405
2503
4684
6247
2561
7650
5063
8618
5053
164
4089
2436
9621
8007
1901
9006
4773
6248
1514
4569
5637
6406
8020
8454
8485
909
4046
3563
7144
8810
8042
1348
4905
6364
3036
4915
1350
2435
6968
7392
5147
5650
8162
5253
4472
8293
5627
9398
3602
6040
8472
9181
5748
7076
6942
8336
6229
5450
5372
9943
5036
5567
6910
1159
1590
401
8563
3748
4403
9393
8882
5326
8511
295
5926
9013
4281
454
8960
6833
9905
1986
5293
115
8437
7669
2006
4766
5614
6822
9533
1189
2826
4972
1224
1857
9835
5704
5456
5518
7592
979
470
9308
4779
4799
1493
7757
9198
5968
3161
1804
8862
2123
6735
6292
8670
7923
2202
9509
8963
1750
3319
8024
3529
5117
3905
4586
3028
6600
3099
8189
6366
6449
1816
2208
8831
6654
7333
1423
1415
7413
4531
3969
8199
7244
2992
5703
6568
7316
7110
4486
2726
3075
2608
1701
8456
8062
1464
2306
3420
695
9581
3182
850
4214
6555
6626
7478
6767
2263
8985
7121
134
5526
2768
1050
4694
8338
6676
3809
4655
6411
2931
3881
130
9910
6211
1359
3799
3479
4860
6821
9165
2993
8106
7812
9944
364
2623
6121
158
3078
6950
9043
1391
7201
6178
3019
1989
8658
8710
3566
3936
3968
1949
4876
6868
1958
7216
8473
5473
3443
7687
5113
1962
3857
1288
1617
7160
9861
4925
5949
9714
3673
9764
2978
418
1124
7098
7933
1037
1139
6227
8254
4016
5126
423
4092
3840
5648
7052
2539
2513
9482
9457
229
4478
8643
8943
3987
3782
5181
3314
4186
7500
3485
2958
4801
9074
9477
173
3951
4568
4537
4401
9138
3429
9689
8712
3622
7544
4429
5267
1764
6283
4267
2150
5724
4650
1838
3681
4194
7136
8873
1438
8367
2096
3297
5423
3975
9046
8357
4269
4183
1585
4996
9333
3288
7573
8934
6668
2605
6760
2534
3606
2909
7346
781
5933
2253
4207
5379
583
7551
7305
8298
9204
5062
3395
655
9389
4306
1884
434
2731
4490
975
4734
1613
8886
7322
325
4261
6031
5332
5292
4018
9903
1399
5877
6585
6333
644
3138
3321
883
6152
8202
1557
9284
2382
1765
7385
7294
1327
3870
5328
9700
8989
3034
1971
1407
5374
3054
8182
2076
9875
4548
6507
5296
3002
3234
7944
5133
1889
141
288
2687
5809
4275
4190
4430
2185
8616
5421
2972
2448
3303
2112
4727
6317
3125
9846
1087
9406
2913
2674
5004
7057
2042
5135
7887
4919
9716
6074
7799
9538
2432
9367
3388
4718
1729
6102
3458
8000
5413
4978
3353
5859
34
3643
5551
7522
5990
735
9522
7882
8344
1061
7688
6093
3109
565
8179
760
1950
7718
8788
4555
2908
2405
682
6601
4683
460
2434
5260
5000
9604
7028
2336
501
1578
1510
6860
3950
7267
468
9829
287
5950
61
5577
5555
2815
6471
4577
4252
6049
3445
6306
8119
9489
4248
8680
3600
5415
6982
6144
9439
6316
3166
4916
4170
8194
9105
2473
8009
7232
3059
1456
3887
7879
9766
9616
9064
4639
9677
4552
4560
3510
4564
133
1616
6308
2143
3274
3671
4553
474
1142
5716
7565
8025
1692
1690
3859
9172
2956
3915
5140
6477
7221
7282
7708
4053
9919
1131
3174
9009
2553
200
2237
6160
5545
1199
9413
6892
8215
7709
3489
630
3094
6772
3195
8865
8581
5896
7407
5773
5431
4746
2750
8089
5396
8935
1767
4138
8832
3492
9130
6253
7938
5804
1342
5898
4726
8375
8999
9491
5044
20
251
8813
2114
1090
4155
7408
8243
9819
3066
1451
4787
4788
5009
7443
7281
4146
7169
9277
5094
7303
3745
534
2904
7580
576
9988
9966
8429
5996
5722
8954
5946
8057
3176
8181
3565
2239
1446
2445
8926
3516
3590
5013
4822
7525
1323
5879
2798
5858
4436
2428
4397
7003
5848
343
2997
3231
2296
7835
6643
2050
7584
4630
7017
8301
2912
3295
7329
2458
9101
3879
8722
1599
8644
7948
7568
2613
1609
8111
3729
6770
6413
8979
1965
8743
1453
6593
4199
5223
6548
5265
8794
2880
2213
1926
9990
4195
3708
6835
1773
3330
2682
8120
1497
9019
3276
506
1163
5481
8575
8735
5259
4713
915
3205
3886
3827
72
3105
441
1033
2746
2071
8431
8586
6639
1132
8691
2193
7399
7556
3937
5798
4849
4470
2373
5437
1817
4935
7487
9095
8907
201
8637
6341
7334
5389
1924
8899
7532
6242
6029
1227
9378
9488
7051
8250
2129
2856
7965
3993
4110
9115
8290
222
5489
9788
4755
7469
6740
2834
1903
7677
7723
6302
2614
4377
4907
1638
908
331
4762
8543
5262
9830
8833
5905
7173
8818
5590
3867
5340
651
8915
560
6394
2881
3058
7811
9745
9838
8519
2305
8403
856
2359
9576
7323
1144
3254
2191
3997
5585
457
8225
521
7728
2564
5362
7845
2870
7553
9228
9265
5308
6964
7284
5458
6609
8767
9446
8748
6051
7350
8802
3556
4665
715
4145
8918
2580
2363
8517
5229
5043
8933
9038
2785
4590
2828
9073
5348
9808
6042
8647
9027
6398
2669
5870
1746
7770
31
1403
8936
3819
4367
7679
270
5909
8842
2932
6320
910
7915
3849
8447
772
2139
7644
6376
8122
584
7695
9443
3399
4469
3825
6403
4103
4893
5515
9203
2536
6047
7011
7152
2530
8294
6897
3998
477
4451
2470
1229
5671
2189
3381
4997
4302
953
5665
4283
9823
1628
8503
1179
1301
6439
8238
4926
5771
439
1236
1830
2950
4809
9712
1183
8536
9361
7109
6796
9537
3664
54
1920
7903
9485
3805
5412
9615
5579
5263
3350
5219
1721
3194
3122
5227
9737
2209
608
297
9159
5527
6856
8538
217
1708
6505
4691
6751
7963
9862
9253
3258
966
2018
5536
1741
4843
995
7271
1551
4941
5753
9271
6013
8445
3250
7181
8902
822
114
5535
9625
1596
7029
8496
4895
2526
6660
7724
7555
8648
4320
4563
6058
497
7581
9170
9114
8455
4133
8798
3444
4148
6273
7464
6446
9578
2403
5277
9221
6084
4041
6315
7301
8739
6808
4677
8729
1156
1567
7260
2601
382
3486
4447
4599
7265
8856
9335
2563
9976
9179
4169
9594
5448
9353
537
119
2001
916
7082
4093
6481
7729
3964
1619
3639
4936
8325
3035
9471
9164
2604
9329
3816
4086
7671
8535
2321
8966
4770
5174
6329
8228
1818
5179
253
885
1536
1166
5884
8152
5364
5032
4389
9455
3761
3063
6368
1349
9945
6079
9278
8783
5327
1568
8657
8359
2749
9377
2556
2183
3633
3641
1268
7473
2691
148
5266
3834
9131
7075
4193
7934
1911
3828
8142
2454
6876
6057
2859
8533
4388
2307
5185
6838
8320
3719
6849
8836
1257
726
8051
2052
9014
5067
153
8740
8998
1972
3697
2449
7259
4534
8404
1307
3903
7832
6602
4028
1735
767
1054
2168
3921
7680
5817
7456
2692
2224
4480
1025
3488
6715
1337
607
9356
1253
7779
1577
7077
904
5284
859
2868
9786
7324
3779
8224
2989
3018
9781
5115
6713
9865
4116
620
7778
8785
1469
1218
8952
5391
6061
2294
65
3630
6655
3347
1710
1682
3335
1641
4327
6959
601
8551
449
238
5644
4453
9330
650
9567
4710
6214
132
8808
1791
6192
4287
4258
6414
7458
7225
4368
2994
4249
9340
4682
7273
7541
2925
3687
9591
9240
5542
2103
3127
1607
7158
2500
567
4825
6627
4459
4122
1416
1276
3882
8689
3522
7463
6511
6313
7980
6922
6934
8631
9840
4162
8986
8315
5289
4004
4355
6518
1190
2187
2680
8838
1669
7108
8074
8382
8601
4218
1357
2660
2529
4462
4982
7859
9354
1734
9778
5895
3988
8860
5202
2717
5188
388
4517
6301
2518
3126
5623
5514
507
9859
8109
1344
3264
7030
8929
3956
7781
6920
107
5838
3156
8492
1243
6488
791
8791
4027
9570
6075
1732
744
3370
1548
2896
408
3979
9401
2086
2659
4986
458
1070
2599
8001
7230
5323
5403
6037
1435
6078
7665
2282
2602
7702
1739
7072
9904
7661
2357
4675
5740
7386
8567
3281
3392
8388
936
258
9151
2221
8326
9837
9142
4386
9237
3711
5863
5873
6365
4966
8216
5578
9467
3797
2847
7481
4831
1940
1597
3800
2070
7238
8995
3636
5862
3169
4881
1807
5168
3152
9696
376
6645
5759
3272
6588
8318
5416
5720
4840
4806
4071
5272
8289
2952
9099
6221
7725
5409
4168
1370
4967
9975
511
938
7197
7465
3434
8572
8707
2148
1173
6386
742
3929
7219
1786
9894
4026
934
1404
5868
1140
3790
5150
629
1655
8252
8500
8557
6703
7720
7984
2878
1000
2452
1654
2004
8391
1115
5857
9223
1731
1047
7391
5666
9135
1529
4115
493
5539
1970
2946
2332
8681
219
5696
596
786
1763
9918
1677
9897
6169
6186
3770
9632
1442
568
9324
6304
7263
1824
7170
3459
2707
6679
1712
9093
1117
3093
3658
7514
5287
8343
7932
3854
8568
9032
9593
8124
7698
5358
2788
5465
4149
8082
2440
732
381
7150
5418
9794
8423
9383
2776
3514
1010
1385
7335
8121
6046
5198
8688
8937
1287
9816
1150
9553
4236
2118
4642
8656
2684
256
4980
1717
2054
5324
3611
6174
8578
5104
4582
248
6873
6120
7662
7351
1310
4270
2216
1275
9155
7571
1954
7213
2648
4307
5191
7997
9789
4891
9451
820
7126
8256
4702
3750
5576
8622
1056
1647
2523
4425
9061
9668
4274
171
4311
4391
8828
4059
8084
4662
7546
9531
3115
3168
7564
5529
4277
4834
5311
3754
3162
9511
8373
2964
9504
1021
2207
7496
488
299
6504
2961
1540
7919
8366
7842
9385
9206
8706
3216
9305
8859
4687
1956
4062
2948
5038
9775
5148
823
3096
5799
7689
9579
9515
4318
2350
322
3994
2048
8043
5767
960
9474
5730
7747
3027
6710
1648
6423
551
7477
8340
6865
4963
6399
3320
1174
9508
1674
225
1880
6238
2618
9749
6517
2627
6542
8757
1089
4999
5639
9382
6784
6441
7119
3701
5826
9110
357
9012
6429
2568
9275
4454
2179
2107
7947
4638
1538
9348
7064
3005
3336
1534
8133
2577
955
6637
218
6020
2822
8597
7336
5134
3190
8970
5717
2872
3481
2747
3900
7612
780
6524
4940
2829
2827
6155
7352
7270
4914
7818
1428
806
2351
6661
102
6559
818
9430
4532
5583
5806
678
4983
442
8150
7340
8394
2645
6954
660
9698
5845
9583
0
7600
1879
6410
9487
8541
8971
8317
3230
3561
8781
2524
9659
6255
9134
298
7453
5285
6604
1101
1979
5288
9379
6744
8160
1362
7398
8711
4215
3925
4418
349
5084
4693
648
2259
5808
9410
834
3953
1412
1891
9089
5932
6290
788
5697
8555
4800
2349
4842
1023
9156
5107
4005
9613
7653
3077
7161
1713
1182
9072
3764
9236
4144
9833
9081
3582
7907
9036
2180
2854
1245
734
2848
7694
950
1447
5626
9026
7415
6175
7974
1395
4823
4815
5082
8417
6417
8129
9157
8239
7127
3688
6168
317
3922
977
3448
3471
2705
4992
4272
5904
8247
1704
3826
6581
5670
3730
2295
3669
6188
2077
969
8139
9057
3294
9676
848
2101
9850
5008
366
555
7611
5283
8452
901
8854
9008
1378
174
8433
5558
2153
7431
4065
9871
3064
2907
8266
4598
9086
920
8328
878
8405
7676
8029
6485
1418
1757
9655
6442
7374
3617
1521
2420
4875
919
5525
7083
2574
7678
6724
8368
4623
6617
2100
9762
6894
9854
2190
9167
8812
8063
8476
9678
1802
1299
9915
2478
2876
1099
9034
48
1271
5764
6347
1937
2519
1498
1844
11
6702
3193
9422
6062
8775
7325
5560
9459
7304
3149
1657
6015
2586
3632
7784
676
9619
7744
7873
8898
2409
7740
9243
3431
5929
8154
9119
4784
7026
5972
2867
2325
6103
8453
6554
2138
41
9103
4271
6583
6235
1606
1340
6010
1252
1305
8489
9360
4489
3803
3311
9460
2490
7223
1176
9015
3595
7239
9011
3366
4048
5777
5971
5354
9518
4410
659
9123
3359
2154
3326
7099
4226
9067
6433
9527
6378
8763
2592
2984
5333
7924
2718
7220
6646
7486
7983
6241
8304
1042
9880
3132
7985
7359
6127
3535
3037
6240
4294
5234
1212
1919
637
451
2446
7602
976
5087
9534
2781
3924
7122
4730
3144
8185
866
2072
4878
6575
4828
9196
2543
8213
3895
4791
618
2924
9258
1315
653
5783
7445
7890
7297
952
9635
6761
4698
4029
1049
414
6177
6941
5998
4441
826
7898
23
5228
7849
1620
5908
6736
7135
8837
5727
5936
9076
2799
4291
2713
2330
1284
6662
9466
7360
5
4545
2301
6508
3575
835
3627
3715
7484
466
8646
1282
8358
5343
6930
7518
1781
7103
2838
4502
3287
9299
8465
6630
311
1116
6154
5790
3932
2370
8017
3438
4140
8379
597
5719
5788
4124
2971
3315
7080
9978
5707
9693
5371
8478
5205
4129
8249
3751
6048
2968
842
9933
2843
646
6978
4523
4067
4384
2797
3587
3525
8615
5411
3823
4052
8313
3612
1635
3047
948
7151
3954
280
9555
5559
707
7290
4525
3371
926
8939
7652
5161
7462
3560
5478
833
8523
9523
1855
563
8893
9649
1627
2234
9055
203
8607
8527
4507
1353
1583
3178
4745
3416
5096
6531
6514
8341
7254
7711
6334
4512
7321
8188
6069
535
1205
2565
9481
6185
3049
4973
7097
4897
8065
2922
9295
9610
3986
84
1239
9638
3670
1988
4032
5251
3521
4223
7096
2374
7647
564
5034
1277
6777
8218
278
4414
6881
1013
1031
8565
9785
886
3060
3704
8477
1934
9088
1938
8853
8502
6707
1368
5155
1832
7309
1120
762
7148
3312
1833
426
2029
2005
15
6686
63
9842
7831
8901
9158
2164
849
544
9453
5794
1066
1727
4514
3401
4797
8916
9096
7956
6245
9084
4068
5965
1082
869
318
4549
8843
6603
6085
209
9300
154
4219
5694
8704
6310
1621
3384
5342
6357
9224
8609
9694
6223
9873
8334
1472
8513
6623
7437
8482
8576
9294
2030
5352
6625
811
3248
8227
2028
3289
8345
9414
7044
453
4045
7033
8841
1829
9140
3542
3990
8773
4644
3604
5661
6939
2431
8638
6014
1675
7293
1234
8166
8847
7632
9403
3614
5659
3710
4597
1178
3723
6925
5226
7483
2869
7387
9216
1964
5195
634
1808
9853
9958
4066
3839
6356
8593
9702
8964
2633
266
7777
2531
709
8589
8830
6017
3104
3949
5466
2775
4993
4814
2965
3140
5112
7894
3787
606
6582
5337
469
5131
8829
8258
5852
274
9420
2299
2757
2324
2174
7368
9543
556
5765
4540
1145
6885
7765
868
3044
2653
2918
2039
3167
1547
2830
260
8251
8470
5035
531
2911
199
5628
959
5022
5755
8531
751
9118
4443
8064
7426
9863
4096
8036
3385
7204
3283
3301
4892
6425
8540
8678
9868
685
9213
4139
2609
5584
6143
2410
6141
8040
5071
4184
6289
6467
6312
6382
675
5397
4497
6026
8370
6917
6389
8274
6553
9505
5154
4197
8840
9322
5377
7549
6237
9742
5240
6191
8
9540
6023
846
5424
5588
1098
7685
2730
1386
7459
6945
6323
4501
874
8641
3172
3980
5060
2090
3456
9486
1576
6688
9806
845
337
1382
6149
2675
3628
127
5050
8458
6883
8269
6179
8506
8396
7682
1537
775
6351
9536
6952
7753
7264
1945
4290
603
817
1907
1285
5020
3228
9431
8263
7731
6263
9569
7758
7379
139
8436
6430
5305
4670
1077
9386
5114
5330
3472
1420
8650
2167
7419
2784
3046
2655
5688
8050
5979
7234
398
6756
1496
19
642
45
2593
6322
2242
8552
1556
50
515
111
4921
680
4661
6995
9906
7969
2636
2007
1436
7023
7043
156
5676
2425
2250
9761
131
4856
2339
8102
3846
3130
395
3835
3646
1372
7008
6775
1175
3
4324
2560
5306
4205
92
922
6664
2439
9281
5246
8795
309
3692
5363
1211
1454
6095
5928
9334
6567
7537
6928
3772
7454
6493
3021
2069
5640
589
9532
6431
6266
1740
4143
6872
8291
4631
3117
8892
978
308
6647
2629
4681
5846
5978
677
3061
2398
1982
6202
805
8196
2697
9960
4047
7633
2866
5186
3651
6112
6443
8803
4804
4284
8054
2635
4246
5766
8948
8486
484
1523
7751
3022
7440
667
7951
5165
638
8270
5575
3665
7129
3544
8406
7912
7206
4873
1400
1265
587
8380
4977
8428
5712
6562
4562
9953
6773
6598
6909
7534
9898
574
8087
8350
8596
2399
5387
5680
4812
6864
2227
9022
4
8792
4343
9699
7504
3173
8591
7226
6131
370
9927
6325
5938
2632
6926
6783
2853
3727
2551
9079
1867
3806
494
1813
5810
1165
9479
7178
230
2885
6360
1625
4104
8731
3354
9857
6677
4482
2805
462
2661
530
1969
5199
455
2027
2015
483
7768
6194
5402
6291
8060
982
4196
8217
3555
8755
1862
4588
669
6615
5075
3722
9248
1366
3644
9052
2133
3868
285
4736
6461
9269
6903
1639
1877
9242
8016
4622
9932
1068
717
5447
8928
9450
5851
7310
7058
5173
5510
5605
2858
6009
3268
8292
3690
7390
3421
9002
3076
340
4701
7826
7175
3107
9684
7326
6107
9916
3541
8323
1007
4257
6683
3024
7250
2038
8095
7425
7605
4772
2408
2765
2626
4793
9328
3985
5061
7819
5883
8352
1079
9755
8493
3148
8528
2920
6667
8409
9310
5645
2056
9870
9056
2850
412
6138
1650
4900
3495
5613
5850
890
2222
3935
8278
7918
429
8349
2312
3239
8769
7358
3398
3185
2265
2689
800
3970
5907
7488
3631
1875
9000
4439
146
5966
3079
8659
9428
6774
803
2390
5498
7755
1957
8725
2716
1088
3189
7289
3101
944
932
6814
3508
8542
9666
7774
7400
3920
6725
2459
4945
8430
4948
1320
548
2640
1249
315
7287
7482
6150
6799
7055
7371
4119
1922
7207
6182
9998
3346
7020
4157
5919
6019
9058
2886
3871
2897
1096
2831
1259
3415
8686
7905
5914
409
2481
7767
4339
108
3678
5351
8211
5818
9732
9939
8308
1961
652
1389
8504
9895
6955
1392
6987
6199
6523
4883
1086
5497
1560
1490
3642
2811
1668
3361
4175
8885
6900
8920
3847
6923
4134
9108
8695
7897
7830
5705
330
6781
737
6039
6487
6790
2125
4415
7629
6850
6594
4802
2442
3052
142
2417
8515
7941
2589
7205
9902
1837
3679
9279
4636
852
7620
6424
5832
8339
9292
7528
9928
9047
1874
9208
3742
118
2884
9496
8508
7337
8172
3946
5537
956
7545
7128
1933
2502
704
1636
2315
964
5295
2694
9267
7900
189
9959
1440
4717
7635
6139
3537
2516
5994
1486
6246
3237
6827
712
3293
6970
9193
4474
1798
8223
2111
215
5891
6543
2381
6513
1371
391
5357
465
9729
3010
6234
8246
5842
4363
4524
7019
6299
7909
6132
9342
191
1720
7460
1633
1550
1002
5341
9547
3647
7315
1492
6811
7194
2813
7563
6961
1535
1642
1994
5878
3739
8168
9162
2727
1302
2385
9220
193
4518
2860
9765
3304
7959
1502
5782
5455
6949
4874
1549
9851
3527
1041
8559
3180
2019
5508
5460
2606
7235
4678
8610
1230
3812
3153
9180
4167
7125
82
3844
3927
7370
546
7502
2987
8327
7880
3029
1799
2732
4303
545
4712
8891
5242
9244
7867
13
2616
1
2233
2703
69
9049
3124
8786
562
3620
3554
307
7597
1626
3832
8479
4449
8450
8653
1600
6495
5419
184
9513
6405
6251
3610
5915
9544
3534
3440
3771
897
5675
2080
9588
6779
9217
1848
8491
693
5088
6354
5795
3860
5024
3559
972
21
3941
9673
5194
8438
5608
8101
8634
10
1646
6815
5677
5913
2995
5750
6136
2160
7977
3718
1358
9790
9946
1932
4329
3016
7388
3660
766
6244
2590
3539
7174
4373
4660
1886
3650
7439
216
9813
4929
6899
6750
2739
1461
2756
6525
1762
2254
182
2832
3712
690
3377
4396
3474
2996
8055
7881
8248
8197
2520
8442
3865
7642
2774
7507
4266
7666
6436
7691
8048
3594
4299
2146
438
1069
8490
873
4961
2857
6328
5368
4345
6795
9282
6358
3807
6944
2155
9175
2008
6453
5097
5023
1365
2109
1869
6207
4690
9021
4551
4877
830
4962
1656
2249
1715
7734
8895
5682
2334
8632
1788
9756
2567
1834
6714
9602
2898
6044
348
6250
1092
5975
3412
1170
1213
1594
4080
1935
6990
9965
6464
7587
6606
6722
9565
963
5464
9306
1194
615
4369
6236
404
4711
4886
1897
1631
5349
4406
3759
1976
8006
5380
1632
5687
8302
741
6397
851
6904
5775
5743
3243
6123
5200
7280
3430
9358
2783
1703
1605
4109
8149
6706
5780
2314
2386
5445
816
6122
8824
9710
7355
8801
4618
7447
4780
8398
5025
6483
2643
6230
8982
4559
6380
7624
5476
7854
1460
3584
8204
6628
2367
5813
4733
6362
9085
714
2591
168
590
7506
476
2206
7450
2708
1437
9441
557
5853
1128
1308
495
6785
699
2298
1615
7554
7095
547
6478
7763
9285
3291
6644
6170
1048
9001
4496
2597
4034
1444
9999
9249
3967
1106
2634
9226
8745
4759
3031
4847
1110
443
1602
8587
7468
6544
8038
6305
5735
5406
4846
3655
9176
6262
4848
2443
4554
4707
6269
4359
8583
6004
4165
1915
9469
5993
2936
6994
2940
8311
1064
2801
7394
3163
255
6318
7822
9407
9580
3386
7603
1057
7696
3901
4872
8949
1034
9235
6916
1207
2456
5157
3791
8667
2117
4314
861
4954
7192
5797
3015
8547
7231
3363
997
7384
2297
4606
2132
4643
2585
4288
90
5986
9121
7996
3184
2685
540
5760
6685
4572
7917
9433
8013
7660
8988
4118
1499
7769
6053
3850
2061
5158
2624
8415
7291
6082
212
6094
4178
7449
3147
4346
2769
5837
2688
4509
42
731
4882
7218
74
8734
6962
6565
5123
2354
9440
1561
512
9774
4435
5668
3512
3223
3212
7533
4870
7510
8402
2600
480
4174
7530
3811
5758
1316
8668
911
8682
7357
8814
3317
202
9566
4481
9726
5408
6734
4458
9462
532
6678
2184
5361
3352
2760
1467
4259
8676
6193
335
1800
8195
4007
2789
496
7872
8992
1500
7111
8118
9023
1248
2651
4398
4073
9617
7787
3097
6701
1067
2047
9651
8834
3926
8961
1355
4160
2873
895
5149
927
3007
6371
1303
9921
7707
123
3694
6402
6445
3845
7848
7817
3603
6468
2959
1256
8193
898
1304
9018
8777
6281
6476
8716
3342
1028
2264
8845
8495
4829
6098
1264
8717
8922
7795
4091
640
4372
2712
8030
9828
6090
3221
7613
6820
1810
3286
8719
9317
1595
8742
3465
9442
9768
8736
8539
4674
3912
3965
16
8649
4786
6256
3039
6983
4464
4566
2628
9222
3348
8909
1691
4922
3151
1387
9207
2637
3702
1998
9425
2678
7209
6832
599
265
2927
3904
5974
4440
2582
7074
261
3095
882
8255
8556
4596
1071
9010
6457
6515
2644
3851
514
4206
3883
3795
4228
5486
5221
1408
4319
896
5344
8663
9345
5592
3553
8115
5961
1215
6164
9473
8753
6117
5772
7853
9991
3452
801
1707
7038
4098
4924
7344
9605
6059
1943
3891
358
9112
220
2709
9664
5566
375
1155
6428
6618
1836
8696
7618
5100
2507
1928
2075
2538
6689
198
2546
8602
5900
3693
242
7115
6901
2220
9263
5137
2759
2110
6763
9374
5172
3502
9867
5132
4331
907
4591
5633
633
4789
9350
1723
5047
269
4764
3546
4792
3615
7639
4561
5831
1347
3659
8573
4141
8903
6969
9045
1591
1927
5321
7617
8374
4587
7764
2770
1443
5381
6432
7240
9797
5182
5557
9449
2650
582
7577
9499
1752
2371
7066
853
647
6450
3746
2073
5918
1424
6752
4821
5800
2427
44
2283
8331
4510
5153
3725
9675
5238
2483
2116
9436
1916
4072
2700
6829
6794
4042
6729
1085
8393
9896
3065
9817
8309
3142
9888
3041
9344
7590
7878
6612
8868
6383
7070
3026
8764
4647
9725
3736
4164
1918
6226
5470
7467
2340
2022
8805
4934
3253
2279
9715
2467
581
7362
3939
9191
9877
4487
9541
8300
8208
5159
2012
6105
3318
1147
6810
600
626
2733
1709
7429
2057
7586
7971
7343
2051
120
8713
7885
5313
4904
3982
6551
9044
9957
4006
2976
2358
8134
2376
958
9252
9369
9657
1866
9153
9630
3896
983
5049
6813
9526
8253
1052
5399
7955
5005
9133
9247
1698
4132
3085
5869
9663
1251
2558
2841
1351
2422
5746
686
1020
6991
112
387
9245
1354
1459
9556
3004
8127
3732
2955
6877
6948
9183
4009
1449
247
8599
2748
2722
5210
4433
1462
9783
4912
4179
8012
6682
5162
8617
2541
8850
9065
8390
5725
1873
8887
7367
4528
3757
3571
3146
2751
181
7313
4241
1697
7558
9419
4826
7
2136
7027
461
1552
88
7743
3368
5487
1148
8524
8537
3023
4593
2158
815
273
4297
2323
5807
3316
4014
8080
7945
8912
5163
9642
413
2671
5999
9400
8276
4621
6400
4371
9954
8921
178
9375
5689
1661
179
5737
9679
5338
2753
1046
3112
2902
4751
8532
8004
2974
1419
4632
1250
5208
4128
7495
5467
779
8076
5943
7588
1377
8015
4419
6919
2186
4008
3030
7828
3056
3475
2317
6673
1331
8222
5541
9276
9325
7318
2612
6205
7149
341
4120
1290
7529
7319
180
1610
9542
5875
6033
2171
5375
7412
5612
8245
502
6552
8244
4137
3273
4938
1820
7721
9125
1835
2555
942
9587
5855
2803
2124
6008
857
2394
5093
4889
4001
4310
8761
1016
536
5657
3181
7760
3528
9029
5935
1545
585
1923
5751
9601
9411
3654
7519
4716
6265
7527
9599
4354
9551
8553
2309
4903
5164
9548
5479
3188
8282
9995
9007
516
2380
3585
3013
9145
9889
7378
7505
8569
4070
4529
2620
284
204
4126
3938
1043
3902
6592
7636
6629
1055
1157
7914
3206
872
8931
770
8584
6699
3888
2026
8715
4550
9100
1777
2791
6300
7257
973
3696
8846
3271
5948
8212
9586
3329
5930
4202
3629
9901
3159
2966
6837
3478
508
862
6893
1539
2156
4581
2262
829
6620
3506
9524
367
3225
5923
1724
98
1562
6584
9287
9662
5012
2676
8112
4050
4379
9952
1981
7118
631
2515
1261
2003
2988
8128
9585
8566
7063
3199
5334
7536
9154
1758
7805
1262
5840
7946
738
5325
2943
1314
2058
8608
7981
839
417
6522
236
5672
1118
2493
9856
951
1242
769
6212
6915
6343
2951
974
5058
4381
1445
8619
5985
799
4265
6252
3403
5819
143
6133
7112
6297
3648
1291
5544
8273
8019
754
5944
1515
9911
844
4161
5610
8085
1806
7162
4340
3753
9989
7560
1603
1483
392
384
2276
9848
321
2509
2383
5531
5718
1821
3792
5175
7269
4477
7306
6335
5501
6196
8425
7089
8512
7540
7664
3325
2566
326
8774
6933
1026
1789
3427
5183
6765
1073
7022
7402
424
9188
169
4256
2584
8811
5468
3298
9750
2667
4413
9754
1297
7852
774
814
390
6807
8510
7380
4334
935
6871
8564
1850
4742
7589
2479
1524
4420
9020
9923
3945
5480
8544
2169
6586
1158
5983
1516
2489
9396
7989
2021
2761
3391
6268
4536
9573
6801
8183
6828
2316
3042
5496
7404
8890
5805
4676
8360
602
6839
7844
9069
8141
2807
9683
9841
981
5312
2610
988
3930
338
5098
9821
4981
1863
3543
5814
5823
525
7790
5197
2533
1313
2819
9893
9825
569
3635
2505
1133
1487
6404
7840
3241
6494
6071
2921
5151
5315
9931
8896
1111
1063
9799
8666
8579
2937
3720
819
7417
4370
9920
1737
7623
3756
2235
2095
1803
9950
6902
2475
1269
6270
2581
8927
4583
9736
5045
4392
3656
1326
2201
8726
8296
5281
2144
6971
9711
6370
1123
1401
7470
8446
928
93
1990
1783
1184
6497
4423
2621
3801
3686
867
6054
9190
5120
9800
405
8790
5824
5674
5982
7302
350
8570
5920
1955
9412
425
1219
3373
4426
3267
3433
6642
7406
3947
9399
3733
3229
9363
6988
8876
3520
824
7382
7229
5550
5275
6213
727
406
8335
7123
1202
6271
6463
8027
4763
4466
5109
1504
6884
2721
2392
9195
7716
4434
37
5562
38
1689
8069
2532
5693
6597
6858
5742
1244
2549
9791
9738
7475
5011
2128
2025
4326
4335
2046
643
3045
7659
8233
7078
6975
8488
2246
725
2378
6614
3564
8395
2508
4117
4344
3894
5261
9268
7497
7908
9507
6344
753
6288
6875
471
1584
377
4894
7601
533
170
210
4200
8444
914
6560
4610
4663
2310
5940
6002
4666
9255
1422
831
1899
6861
9962
5635
8288
4715
78
5345
6427
1643
8969
7200
9480
4383
6091
8880
4021
1532
4094
6073
2033
7575
4748
1273
2837
610
6038
9291
147
7766
6743
7513
59
5080
8758
7071
1858
1258
6946
4010
6390
5815
5222
2874
6068
272
125
7929
7182
1126
5001
2244
2400
2486
7117
996
8259
2287
6831
6532
7508
6755
2855
7726
1941
7520
4667
8797
1913
899
5057
7356
1572
1169
6887
6732
1433
4316
5890
5472
2572
8305
6619
6836
3505
8443
3884
9801
2198
7094
7090
2322
2910
8990
1114
918
4393
6870
5215
4222
7147
6330
5298
2501
7847
5506
2752
6206
8170
6063
8137
5434
5248
2596
1968
991
2377
7940
7345
2345
3134
4859
482
9332
144
2998
5452
1511
5874
9826
5572
4039
7562
8047
4942
7896
3593
1434
7631
3307
2011
4813
937
6359
2203
4735
802
2240
1743
9051
4465
7383
2875
8780
2477
641
4685
9424
6723
3157
1455
6426
7040
3343
7256
3616
4364
6737
6083
6852
9042
7815
8772
1859
9251
5252
8351
9964
7615
4526
5065
4866
5641
7050
3323
6264
9620
8677
7990
684
3918
7884
5385
3432
1868
9687
6749
2135
6718
2023
8623
2094
2954
3360
6032
9739
3179
1036
2537
5211
1754
7674
8526
8759
5316
3623
3829
9584
5457
6692
3724
9607
7401
2738
5654
1470
6067
1755
7808
8624
9349
9658
9370
9286
9062
645
9296
9257
863
5442
3259
2576
708
3684
3503
6498
2395
5428
9004
3498
