2293
4763
4536
3623
2325
3906
4766
775
6942
633
385
6970
8484
8766
7277
1801
1948
3808
645
3980
4160
4239
7118
7000
5037
4558
8704
7951
2347
1921
9640
258
142
3635
9488
9765
2745
5249
6261
8637
7325
3510
5113
2210
4080
703
5807
7574
8088
6468
8140
1939
197
8195
6828
599
990
4452
774
4053
2236
7226
4647
5368
6414
8220
8198
7200
4334
6484
7301
2535
3271
3203
1139
8013
2276
6916
4775
4409
3409
5296
4503
6170
513
3042
4704
5329
9353
7423
6151
5570
9465
2906
8372
5387
9268
6185
4735
9483
7597
8321
4330
8387
3620
7356
8042
1601
4504
5577
347
5184
216
7258
5586
3127
7991
266
6757
735
1429
5208
9
2126
8115
7802
4789
4241
6703
9854
123
5428
8180
1713
2025
6979
8340
1348
358
8833
4813
6741
6960
6586
4796
8740
5902
8711
9804
4748
3491
9450
5310
4919
3063
3377
8531
5862
1500
429
6357
8662
1999
5246
3828
1135
4284
9497
34
7013
444
8425
4381
7728
9706
3885
6655
8758
8113
4120
7855
7867
1023
4035
8557
3477
6959
1694
9417
1164
3615
3501
8621
3790
2736
3479
8267
2596
8842
6537
8196
6377
7414
2288
7402
8161
2648
4289
6816
2144
4216
5939
4365
3321
7159
74
937
9453
1761
1752
3034
4375
8419
2249
7514
6646
9429
1337
9374
9432
8120
4290
845
1463
5680
2828
6954
8790
1622
6276
5436
1467
452
7911
5354
4419
2586
6566
5441
1079
5077
727
7940
6087
9077
4161
4593
5204
7112
861
7093
7481
7839
3483
1453
7821
9885
6692
8351
9198
2088
8116
4621
2328
7701
5559
8420
6992
1680
5572
6432
6638
4700
6541
3222
7623
3360
7897
5050
0
2808
7587
1769
102
8927
8703
9210
3945
8984
515
8527
1339
5137
1057
1534
4184
7667
3066
7230
3963
7042
326
218
2315
5672
4724
7913
6800
4089
1271
717
4586
8517
8278
4310
3120
6401
7751
741
7823
5566
1086
2450
5294
5377
6471
5655
586
2534
9789
8061
6134
6425
4756
7905
474
654
5962
4266
449
1908
7879
6472
1518
5647
6844
9994
5709
8923
4881
5307
3564
9333
9548
4087
9351
8439
6547
7392
9341
8504
273
6444
1457
6830
2027
2326
9458
4477
8645
1841
1871
8775
4781
4069
7976
6159
6809
4915
7882
8580
5735
6107
8075
626
7156
6006
8694
8663
7081
8282
7219
6985
6055
1360
1249
1640
4022
41
2814
7977
7619
1938
702
552
6802
453
1511
2882
7858
1533
253
1505
6318
7440
7314
463
4706
9680
7360
7068
2734
1538
9990
6195
7073
9424
1578
2937
2999
2478
7565
2173
416
4048
1799
8992
8273
8592
5984
4054
7082
5507
2843
2646
9145
3705
8486
7271
8950
1246
9057
7910
7244
6168
4143
8614
1556
5971
9270
1390
6056
5059
2045
8862
2845
8705
3130
7121
3276
3709
1004
3394
8597
1321
6428
5603
5579
7038
6169
7875
1714
9977
2388
6158
9833
9388
8320
2765
5298
1825
8093
6896
4913
5326
9882
8890
9942
5982
3686
3762
602
6073
3273
7326
3497
8438
424
3214
8214
5778
8678
6465
7026
129
7535
4449
6443
2312
2854
4202
9760
1009
1350
9610
1637
1391
297
220
3240
9876
8774
4920
6603
5897
3379
5475
3399
3028
5402
6290
5757
126
466
3291
2143
5508
2638
7974
7853
6351
7944
5029
2678
9464
4736
9330
6187
607
9981
3151
6767
6955
7520
2189
6596
906
1480
4214
8172
5968
1754
7425
235
3076
2204
4393
4807
8281
5633
3189
5648
5960
672
7227
4780
303
7777
3169
2756
6054
4102
8863
2395
2133
3514
7687
501
7548
8023
4712
5978
4193
9252
8570
1359
4343
8011
8444
2280
779
4995
4332
6433
6749
2890
378
9273
4061
7771
8481
8625
479
4396
4836
3735
7108
4708
893
2510
760
7492
3730
8385
2751
2619
9935
9740
7474
3846
4319
4957
891
2251
5192
5832
5557
7388
5905
2495
1115
6075
922
6971
2602
1989
4687
5957
5964
824
7308
2454
3430
2557
8224
8197
873
2004
8888
5498
5793
455
3619
8550
3975
1405
4200
5157
2766
7539
3019
113
4688
7874
8810
366
8271
8844
7726
881
6560
1931
1141
7586
4445
6227
2320
9017
6521
8490
7594
4429
9066
2511
3018
6411
5920
1053
7259
1883
8952
7901
7467
3269
2532
1253
948
6154
7786
4112
3198
4093
5188
8755
225
7420
2289
1203
5104
1691
9469
6633
70
7354
2915
9517
489
2127
5106
6491
7612
8523
9971
3940
8940
2758
8464
4823
8913
506
1199
1522
483
7499
5794
2982
9430
5200
558
3649
155
1067
9378
3023
4507
8262
2125
9001
7724
2404
9169
6623
1245
5597
2775
1667
7242
1313
5179
6086
427
5888
7141
9856
2456
3767
2488
3676
8530
2859
1096
4225
1112
785
9568
296
7556
5049
6099
8076
7283
6822
7063
5466
7696
1132
4767
2451
9921
4183
8965
4201
9589
4810
4962
3696
6245
404
9627
5232
9355
3698
1763
5051
4977
1001
227
1016
2846
6936
8235
1564
8783
6383
3760
2021
7465
6750
81
9373
7183
1609
3080
9536
9190
9162
446
7051
5288
5395
3295
747
4275
3462
4672
2508
5034
9728
1912
4433
7868
7018
608
7421
381
3431
9380
5109
3320
764
6778
5555
2879
4963
7367
2936
4993
6324
692
7017
9123
5803
1260
8979
6101
1406
5442
3461
1775
1388
7180
1370
2642
4635
6098
2438
7149
8445
2185
148
5644
7614
4794
9911
9679
2617
8016
3353
547
8894
1724
6772
8058
7482
9178
4826
6882
9058
689
2773
9448
6359
3947
4380
4315
9075
7190
6792
2517
1723
2698
7938
2961
6236
4769
3288
7660
2502
211
3660
5913
5720
1038
2429
1994
145
7504
6833
595
9259
7878
345
1269
354
4570
4276
8983
4278
4788
3625
9179
9401
3246
311
9397
8936
3988
1353
9143
4060
409
4007
337
4721
445
2631
3400
3447
9234
4717
4043
9986
4331
2203
6143
2798
8963
5040
2951
4222
687
6518
6246
5605
6299
7966
8753
2598
3665
8248
8374
756
3921
8012
5301
5489
9992
6579
132
3984
5881
9846
5591
5213
8337
1646
3879
7144
6037
8094
5139
6514
1443
8221
9137
1686
339
7148
745
4629
5353
5972
7518
3166
6162
5673
6839
4068
4765
5243
1430
6228
5771
4038
262
8537
2480
5041
7116
4341
4464
5652
1192
7993
7390
6308
7531
4473
4512
9303
7321
2170
817
1583
7585
5562
8898
4666
8192
4539
6742
5487
3229
1569
5333
1305
9155
6976
537
8539
3290
3465
4746
4749
4127
3827
374
9630
1328
7128
6119
73
9122
3822
6160
1062
79
7854
6427
2215
2370
6010
153
8186
2996
2626
3969
2063
7009
7643
1964
4288
63
792
6404
3053
8251
1061
8068
4861
7755
5806
9739
2141
8764
6760
2343
6915
2351
5552
9141
3506
103
3362
6481
9733
7899
9652
2817
2662
6737
1970
6871
9666
5997
1861
1451
76
1690
953
9189
931
5696
594
6478
6807
9806
1214
9985
8141
87
1048
6035
5879
7171
8236
2636
5406
3197
7413
8828
3522
9098
2499
4322
2556
8163
7305
5656
9724
917
9867
9241
7516
995
5564
8658
5065
6189
5979
955
8715
3263
8633
8295
799
4676
5316
3168
6670
3044
2292
7457
6263
6463
7683
6897
4886
7602
1587
9664
7288
5431
1111
1330
6442
8132
9362
377
3875
9279
8109
1494
2385
177
1205
283
3961
2176
734
3022
8568
7523
5758
6174
1483
7866
1831
1300
8117
5858
5863
1894
8382
8021
3449
131
7946
8696
676
4145
1896
7542
1857
700
9962
436
4792
9523
5852
4302
382
3791
8276
4156
3556
4256
2995
4722
3552
1342
6650
1418
2506
6535
1550
6313
9154
8852
5540
8620
4814
5014
1232
3785
411
1100
9579
4636
3255
4885
3517
5002
2101
7184
3749
3553
993
6642
8375
9287
8689
8219
144
7381
4260
6093
2692
4878
8055
7707
3572
4968
6366
4264
9096
3529
6218
5953
6464
8545
795
6879
4463
5697
5457
9628
9920
2155
5687
4171
9048
403
2914
5325
5174
8987
6705
1870
5726
4800
6734
8953
1318
7312
2172
1424
4500
4730
4709
6406
6275
1697
3983
954
1490
6003
116
2097
7410
1853
7408
2412
7430
3547
5627
6573
467
2958
3388
571
874
1917
8260
7161
9730
6693
5187
3213
9813
9993
3591
8318
4164
4644
3576
1738
8065
272
5289
2521
9702
4421
1758
8083
5000
6177
4870
2545
5560
4625
5004
7304
6708
2169
6838
1949
7740
499
3314
2180
4817
4519
9242
2552
4249
6153
6376
3067
4713
9172
4502
1663
8576
952
2940
406
8406
1171
4657
8264
486
3322
8190
5027
4828
6100
169
4391
5846
6386
7952
6130
2244
7375
3103
6999
6657
7558
3476
1416
6609
4223
7570
6748
5468
2913
5340
1256
5714
2160
8878
8639
9240
1537
32
7412
5266
3391
5318
5583
4019
7205
1401
8488
1771
3810
9205
9493
1058
1565
6197
8352
9597
6367
3780
5744
329
6032
8902
2624
2268
1046
7127
1929
1850
6931
3515
8956
6682
1739
3356
2489
418
1867
4859
2928
69
5992
2010
7169
9413
2720
2965
1526
9280
5330
7487
8849
8501
600
3469
1612
6989
9447
1880
4420
5240
1130
2724
2380
4243
9175
140
3205
3443
5191
9129
1717
4630
4862
2015
9859
1059
1035
7778
7399
658
6895
1438
2864
1817
6795
9539
9023
566
6321
5788
180
1221
306
9412
5443
9592
125
2628
9655
7583
6453
254
1930
2034
994
659
8629
1281
5156
4588
4805
7272
9153
3899
8039
7029
4980
1513
5259
2953
1177
9443
68
8866
5463
9062
4907
1146
8558
9881
9055
372
4071
1657
3929
3656
7012
7167
7203
2802
5312
5716
8204
3766
1768
3584
578
6111
2444
4406
9148
3890
7554
5938
1945
1204
3650
8194
2911
580
7176
548
4928
5227
524
5996
8037
3237
146
8432
1498
4892
8589
3661
5965
3336
492
6639
1706
1728
8827
7193
930
2414
768
1188
9761
5258
9690
2730
9611
8565
5780
3117
941
2023
7851
4633
6307
4529
4392
114
2277
4513
9481
1524
7100
6818
9161
1043
3812
7347
5369
5433
596
516
289
9919
5345
8918
6764
4259
3368
6096
2
9894
3754
2908
3232
6803
9029
9759
2102
2282
6358
8454
9495
195
5731
4436
3238
1090
9028
6078
6851
8378
2463
9899
2762
3725
9187
1176
4959
6391
4111
8736
3972
896
4761
1180
4866
1166
9034
7640
996
7691
6783
9720
2946
9538
7191
8846
3420
9671
7160
346
5173
1272
4986
2334
219
2497
6676
885
3946
4475
2207
9135
8397
3796
2092
7377
4692
9874
6908
6775
6752
3717
4950
9879
5357
2575
5908
3758
2139
5093
5592
4299
3781
3826
7989
7605
4028
7785
1460
2416
9370
7649
2810
5254
1632
829
4498
6952
1000
5256
3763
4497
7555
2613
8617
5021
5303
7163
3716
771
4077
5058
5284
3990
3941
4864
7561
9209
8745
9338
6257
5396
7545
24
4403
777
2870
3710
6226
2844
3326
8131
4317
8118
9553
7933
7441
4895
5351
3155
1954
8455
2932
497
1083
3739
2323
7673
5900
4914
4515
3751
1363
7267
223
9151
5075
7164
8326
9959
5085
8363
9989
1231
8920
8433
8056
7004
8104
2037
6665
487
7772
7317
5320
4064
3444
8223
1403
1095
392
7074
2647
2208
4884
1389
4387
8903
4837
3208
8562
4760
396
4151
3985
2975
4355
6538
8367
7685
9398
143
9820
9729
7065
4269
911
663
2400
3582
7254
1741
3596
7329
8540
3236
3109
7133
7278
1586
9167
1607
2460
7158
6618
8315
5880
8737
7781
5615
5066
6398
5638
7307
2493
8613
1414
9041
2216
6114
2618
8280
6846
1094
2098
7376
2427
510
7157
2590
7072
523
9880
25
9206
8955
8174
985
5895
7109
3262
7552
1419
8396
889
4762
6412
4665
6621
2336
1299
7248
3594
1070
7973
722
7657
6700
2793
2705
3878
7890
2009
2192
844
6664
4509
5822
1838
6702
991
7686
8919
5020
9319
2582
7122
4740
7987
3956
7341
4970
7693
3842
3380
8702
7455
9274
8840
8368
7369
7353
7152
9970
5903
3179
2918
4641
7715
9799
8466
7222
1605
4357
6944
5923
4693
5206
3666
3690
8063
5046
9922
3888
4110
4771
6644
7361
7745
473
7472
192
6265
4691
3788
2630
6273
8114
1415
8850
6234
3998
4140
7825
8028
5199
4385
4744
7486
3182
4514
6285
5820
3366
6622
198
9735
2671
551
1875
7883
9798
9440
3493
408
9472
5083
1468
1144
6238
9956
9257
3427
1546
3396
5096
8672
5321
3212
166
1399
6476
806
8201
7873
7249
6998
3215
3657
1222
9400
5054
3683
9608
4011
668
4002
4925
7541
9318
957
9940
4976
2201
5292
2547
5087
4448
269
8529
998
2725
573
7637
1165
4526
6455
6727
8128
1161
8158
8211
4532
4206
2587
1951
3223
1478
1982
7216
7379
2157
1683
4523
6984
8421
6127
2151
3759
3634
5963
7621
4669
174
904
759
7850
2032
5601
562
1211
284
5331
2446
2963
7357
5587
1779
522
7336
3209
4628
3077
8154
6972
9509
1615
3813
4118
8591
5169
5728
7187
8726
6738
981
8355
2824
674
6469
6336
4042
1257
5224
9938
2459
1302
9931
2856
9848
3282
3408
4610
1979
897
1331
3943
9093
7744
6773
1562
6949
9434
8044
1588
3952
2317
7692
2411
4617
6110
3578
2986
2777
3863
9285
6104
4090
8053
8661
7808
7154
9474
1329
1555
1210
6437
3075
1996
5766
9027
7919
6207
1557
4234
1368
1830
8834
5543
4978
1015
2687
8045
9598
5620
5956
4795
8804
4274
8473
319
9534
5319
3082
3157
797
1194
4265
1499
5111
2112
9219
9132
2223
458
7679
1689
240
2713
3949
2035
367
5927
3924
5152
651
1308
4055
1487
7335
8353
9081
965
6710
8051
8877
1412
5882
615
7502
5499
6805
6685
6831
9504
6706
1039
4618
684
9605
8062
179
4996
6891
8794
8134
3858
8569
9988
7982
1290
1208
36
5993
4224
4908
376
8595
5033
7967
7269
3410
4940
9013
7236
6507
2761
9672
1712
2941
1731
4370
7872
3432
9342
5554
2081
3761
8428
9955
4033
2357
8600
2028
3306
3457
7310
343
8926
643
6281
2121
6684
7532
2718
214
5859
9080
1101
7891
480
245
857
2866
2731
7134
1276
6517
1523
7450
2498
2769
9932
4599
1131
772
1884
6309
2464
1456
2561
8616
6148
1037
464
7462
1117
9637
29
6863
6610
2526
8200
4425
4797
327
7764
7458
6782
2945
5899
6870
585
3659
5380
2436
618
4109
7881
3453
2381
4846
3866
902
8724
8304
791
8725
6527
1332
3868
1084
2623
1054
1899
9677
5931
7738
7564
8618
4903
619
8231
5339
3227
574
7501
9983
3002
1407
4230
3052
682
9114
4684
1842
3973
4483
4082
7840
2449
4640
9292
6714
5676
2030
2608
3106
6370
5024
5263
9235
8959
1279
7058
3434
2860
1577
7316
6509
1603
5860
7330
6001
9526
7101
7468
2308
3003
9715
6720
1969
4544
7461
4876
5225
7568
649
5202
1143
5198
2922
1105
6719
583
7451
6253
313
959
3305
4032
846
3210
8354
3752
6166
867
9327
5679
8064
5804
251
4694
9165
1927
8097
6817
810
8883
6545
4757
3085
9100
7765
3143
882
805
8509
6508
502
6296
4582
3851
15
9511
512
540
1351
9639
6178
8146
3662
4725
8993
8707
9160
3731
4961
5504
4733
6446
8179
5013
2708
6241
5163
2858
3504
4711
9216
2894
890
5546
9976
4017
6102
3123
5361
2013
5391
7580
9033
8234
3566
5010
9748
9278
9410
9802
3475
5721
5480
9076
6450
481
6300
5833
39
2234
2355
3932
2737
6022
947
6026
3882
8230
322
3834
3257
8274
9778
1559
4701
6512
877
4321
3313
1845
3436
1411
9625
6728
7447
6385
6045
6301
8567
8133
9569
9326
736
2430
3525
8022
3647
4972
511
6777
6009
9290
936
2405
4965
8932
5392
9629
6669
3944
4014
5890
6656
5405
6199
5141
3032
3942
6599
3693
7760
6219
3357
7914
761
3055
488
7768
4900
8025
5753
357
8628
6352
3814
5415
6106
765
7104
8970
5322
8561
9695
4075
8034
6624
8451
5349
7572
5060
5809
8925
9613
597
9961
8941
2645
1573
8502
108
3439
1235
1654
6820
8699
8086
8543
2984
4159
5300
914
8626
7810
8900
6868
983
5622
4101
5006
5886
3723
1521
5277
7648
432
1492
4833
5260
4538
6416
2842
738
3192
135
6523
8808
2881
2729
1234
1625
6224
8697
5381
4534
5299
6835
5297
984
3485
1642
6156
7654
6824
3876
2791
5925
6294
213
2772
4554
1515
582
8700
6933
3004
4220
7035
7016
803
5828
4750
5444
9772
1877
9014
4649
1033
6200
3581
9714
4270
4856
2407
4877
7921
2857
2728
8350
9697
181
6920
2135
8401
9656
6849
2296
8346
6304
3703
4637
3248
7546
3889
1810
2106
8969
9024
986
2754
834
1336
7716
910
2307
3560
3092
7404
5802
8706
680
1172
1606
4126
3589
241
8651
3354
7382
6946
9953
4481
4279
6222
4336
2905
8731
8461
9018
6663
1618
2274
7831
1481
1507
1955
1307
6776
1334
8829
4770
1347
3468
9201
4872
3840
8535
261
8593
257
1125
4306
6347
9103
3337
5362
9726
2753
5628
636
2757
5218
5180
1093
7931
1759
4414
2593
4869
8867
7409
9800
8189
5565
1152
5344
3920
5868
2469
2912
1422
2805
5936
9694
5645
6305
8307
8608
4926
292
6065
6327
8017
2688
8394
6856
6142
1568
330
8493
2452
6614
7606
4312
4784
316
4146
8906
9269
6355
7260
927
5988
5007
1685
3684
3330
1536
550
9470
9244
635
1648
137
3622
2516
1764
7832
2164
6140
2417
1104
631
8566
1110
5028
5722
9974
168
183
3162
7534
3283
3977
3
2145
4530
7607
8946
7433
3518
4051
7001
7576
3429
5250
9421
9119
9124
9718
1504
5276
4462
388
4686
8674
1873
8050
1840
2105
3072
3293
5328
365
3163
9180
7298
1543
7476
5756
8778
7181
422
5932
3872
7443
4348
3682
7753
9823
3891
4811
8247
5929
6991
8415
7132
9379
6074
7678
3638
3887
4576
8606
3904
2302
496
8330
5128
9862
8370
2896
6079
6419
2342
7022
7475
2364
1567
7279
4798
5725
2321
1747
8743
9088
7747
8127
3712
8008
5434
3948
6208
6888
8732
9587
3736
5558
725
2785
6157
8713
9261
1503
9217
8712
1997
5749
9891
7078
4879
5016
1314
9903
5842
4772
3939
9829
1762
6121
2782
3874
7816
3191
855
2378
7658
7368
2611
30
3304
1975
2087
7684
4442
19
8572
5234
1189
9928
1217
1594
9316
2681
3672
7338
8256
3104
9654
6124
4568
8773
9561
2755
9347
718
2250
9543
6380
2439
13
6497
4362
8157
8871
2895
7671
9948
1696
2615
6018
4945
2011
8283
2653
9289
9265
1426
1375
3896
4009
3860
7113
5070
8476
3549
471
3474
391
4180
6068
3648
4117
8991
6436
3502
7863
5511
393
3618
9952
2515
978
5205
2136
9571
5839
538
8733
8244
4696
3119
478
5769
2005
7927
7270
9079
5606
1071
498
2177
3550
4165
3177
5484
7280
713
5231
9532
859
4506
9519
9667
7817
2122
8577
9937
2424
3837
1699
89
6755
7888
8691
9197
461
2000
2704
2796
6619
840
6715
3160
9861
2248
7553
4517
9855
5414
1154
1869
2073
2410
6683
6363
4052
677
5501
3535
8812
6460
2747
6139
7915
6615
5576
295
3024
2266
9150
9826
9045
2123
2233
1730
4172
1274
7427
3734
1920
7488
4726
2997
46
976
290
7289
8193
9457
7729
7234
9136
2273
8365
3721
2124
2059
545
6274
5614
3643
746
1544
3496
3509
4469
2558
3639
1967
5216
4942
5235
8144
4587
441
2503
650
2048
5125
8771
1638
4984
8137
6094
6191
6761
1218
2108
1382
3957
3183
6213
598
6230
3230
8054
6768
17
1895
6873
5589
9346
4211
3849
9369
8585
6686
9202
5729
865
4753
6978
8170
9785
5773
5598
8594
5189
3316
5853
176
3994
6500
605
1868
3302
1651
7384
6042
6565
9452
1798
9267
1566
8655
8398
8977
5509
8360
3571
3073
3821
3531
1065
3287
9750
5220
5841
7575
389
5845
7655
3445
1909
1560
8002
4547
2917
4631
6506
6733
4646
7646
3038
1736
2938
4567
9811
7358
814
3040
5530
6859
2193
7849
8006
4402
6165
5550
1030
7885
2964
3442
3165
5617
751
3228
6328
757
2560
8760
2399
3419
7138
226
6473
5017
2152
6326
6123
2382
7211
2229
5707
7877
1598
3561
237
7509
5031
494
4875
6221
5371
9540
2096
1906
589
2609
2406
9258
2899
5492
7653
4852
9021
2437
4027
5783
4378
3126
1621
7500
4847
6034
3247
3088
4008
1829
8376
1791
5876
4454
3201
5901
7210
9063
3895
2374
4471
5158
7489
1913
5514
9311
2279
2950
932
707
923
2494
4710
4088
1856
4867
7359
8206
2685
1108
4624
5456
6137
1378
4616
8489
8981
6457
7846
236
6654
7622
7295
3096
280
3811
520
6184
9719
65
9542
4305
6242
8070
9228
4716
6969
2594
293
4012
3499
3928
5610
3480
1924
1987
1597
7313
9354
2972
8308
6232
3359
8747
4167
9996
9890
4148
8830
575
5713
3226
5674
2830
420
6332
3587
3175
4860
1027
5869
1213
3880
7828
9171
8738
150
8136
6729
9152
3114
5545
9120
8998
7319
8524
4379
8684
355
9271
9513
4050
7937
3669
2973
9110
9699
6126
5430
3673
7294
9615
884
5384
739
4809
2448
6043
3331
4729
4478
5791
9255
2680
2083
4639
8469
705
2284
1181
3850
9635
1021
1120
4680
7243
1693
1425
8331
3799
4966
139
8098
1645
6812
5426
1650
4476
111
9902
7507
1261
3381
504
8356
1530
2265
9907
9531
9149
164
6179
4840
6085
8402
9245
4508
1782
1482
526
8345
8623
666
8423
8316
1794
6636
4969
7102
8209
4843
801
5626
6250
5279
9784
8178
5342
2338
8417
3933
3303
5019
7577
4309
4791
4887
7054
8787
1809
9009
1985
3793
6105
2465
5634
217
8835
2520
5847
2006
4368
2541
9359
7895
3577
8542
3142
1254
4560
7346
9600
1702
9943
2147
9584
6173
362
6780
4250
1947
5699
6869
6826
9335
6758
1824
5684
3159
2739
4731
9572
3294
1036
1748
8677
9381
6393
3989
2031
8057
6125
2887
84
5865
8962
1474
2803
6958
6262
6025
37
92
7025
754
7318
2311
4367
9775
3309
529
9383
9060
1777
6912
6013
5403
6597
8538
7424
5884
3014
1848
9391
6696
4423
310
926
1528
6977
4233
4825
5089
1236
5439
9163
5785
7147
2053
9418
7084
1182
5270
1789
8896
587
5790
879
9626
2285
4169
4196
3567
6369
4154
1076
2573
8762
4155
9344
6016
4598
124
7168
7830
1295
2682
2875
6987
1060
6310
9377
6192
1888
6746
8511
7934
5975
6902
1450
5933
6555
35
6723
646
3678
7533
4295
9892
1459
338
8819
107
2806
1237
4062
9358
9566
8814
9745
7437
1876
4898
6382
5460
8505
3300
3460
7119
4490
7212
8929
9847
6613
8870
5462
2423
5130
1497
80
3007
4439
7864
9722
949
7237
6808
787
6883
3600
3974
112
2980
8399
8463
2117
3047
9576
1669
7446
1427
4426
8069
9853
3373
7139
3389
4105
5595
4542
9476
9878
6963
31
1508
3792
6210
3602
956
3555
6814
6687
4675
1742
8779
3277
7021
7928
8685
3995
6580
4671
3533
8583
4921
1988
3231
6990
9912
6836
4067
9737
1106
5176
1008
4491
6050
4851
4177
9803
1623
9837
9299
8106
7754
7185
9455
7290
2527
2693
3861
5283
9422
1282
7256
3558
4842
2371
333
7949
8222
6753
5334
1502
6516
3536
2300
8297
3219
2707
5689
9492
3843
3935
6023
2219
1745
6334
887
4377
3335
2174
7125
3862
3519
5640
5048
342
3345
6878
9156
6231
2957
6791
1776
6660
2007
5162
9763
1296
9924
1634
9559
4777
8723
7086
7477
8429
285
4139
9636
8334
9046
3334
6292
9616
6252
9050
4311
5867
1631
5849
9505
8347
9436
4242
344
1285
1816
1371
6743
205
660
7342
8485
1173
9658
3338
8657
2196
8811
1860
8188
4400
9490
8708
7061
3530
9224
6759
2209
5183
7634
3112
7986
9546
1072
7098
4703
4238
8159
8306
7670
1446
5134
5076
5692
9414
1658
5795
9068
2291
6011
4930
6081
1937
5985
3467
151
8826
4372
1772
556
3523
5103
1034
7201
138
4136
6981
1914
7087
6594
3049
6426
6928
3241
1113
1535
5278
9732
5950
6837
5521
8103
5018
7713
8410
490
53
7567
1864
5052
1026
1943
4853
120
3806
5523
2349
5826
1319
7050
450
4679
9026
1361
7943
1589
9090
8145
1356
9022
4255
8720
7064
5619
7495
8754
9725
3006
7519
9053
9545
8110
1178
6801
4015
6271
9641
2877
7069
9494
4521
5850
286
2183
8971
8582
9790
1633
9468
8239
8996
5324
6027
1617
8728
7415
275
7334
8261
4297
1953
4190
4083
5505
8988
7510
5
7955
7894
7841
909
7503
5494
627
3787
5814
1448
9595
5367
5286
6694
2818
1672
546
4203
1704
8864
8148
5912
5165
4849
308
2026
7676
1574
8908
773
1088
1933
9661
5829
8968
9776
2787
8586
7328
3689
1149
9331
9883
221
2574
9577
9306
4333
3087
620
8980
8152
3923
3592
1826
9357
2981
8205
2579
8292
3757
2486
2043
892
104
1239
4620
3455
3543
2243
8010
1790
8431
4376
9083
2712
6966
9688
5172
421
7045
3299
6590
61
6
5053
5097
6103
1312
4325
8149
9092
212
7898
8032
4296
9177
6329
7044
96
731
8082
7296
7126
2458
9815
5385
5596
6204
3188
4661
8336
2361
4893
3732
1815
4298
9756
301
9657
9684
9949
6031
8943
1961
527
3428
2322
6205
6365
1851
2230
9266
8277
8138
5848
6591
2684
2694
2784
3820
5147
2130
6108
7569
7188
6413
9900
6973
3688
592
6739
2103
5311
2659
9621
3610
2603
8373
5955
5459
7659
999
5265
2142
1195
4981
8047
4410
2897
4820
5767
6905
5840
6781
4871
8839
3494
3111
3365
4065
1778
9836
1807
6645
9372
6850
1711
3585
5998
7056
2643
7562
3065
8269
4133
2377
2797
4897
1440
9185
9599
8380
2093
3772
9320
154
6138
1230
8679
9427
1674
4047
5944
7642
2553
2194
2663
624
3488
3323
4601
2295
808
4122
5563
6996
8587
8654
3161
7908
3671
7714
6770
206
1077
7327
9604
1552
3456
5126
5469
4776
8342
2549
2519
6629
3317
1990
5754
4185
2269
5522
7834
8359
7039
6559
6069
2507
1766
5437
2153
9502
9875
4782
1639
9522
229
2228
8911
3883
2038
7793
5741
14
4263
8125
4444
3328
2033
1647
4056
3216
8482
1157
2313
2256
9176
1866
7731
5197
8809
1031
5281
8843
6894
6072
3406
4603
1014
6794
2788
9250
5787
4754
2668
6486
4121
2601
9402
5650
1517
541
3719
312
9004
1571
2350
9256
6402
8153
4124
3607
1750
4286
2363
1052
4830
9200
5221
2071
8343
9822
3416
8381
451
4743
7246
3675
4428
9530
6475
7922
2214
484
1294
9586
4397
2314
4103
8881
1019
2649
7416
8966
3579
8832
4254
9220
5779
1373
8322
8784
1916
2929
7071
6462
8669
762
6492
5144
99
2213
7871
8909
669
4924
5671
7792
6044
7464
2008
4602
2040
3884
98
5799
4460
8763
9933
380
4137
7763
2939
1514
2376
1872
933
8818
8865
1121
7775
3805
7947
8155
8024
894
784
3771
958
7945
6709
9312
5055
395
6943
2714
681
8885
1185
6135
2120
4727
7511
4231
7485
7529
3864
2431
2652
3909
8040
3411
3800
4455
6474
8275
8515
7015
2175
6150
2333
8792
5356
4
2042
6342
2566
5068
8739
7057
1242
6361
6239
2352
7345
1147
2978
3492
3489
9941
4313
5573
5995
2764
6424
8676
9498
749
2942
6616
6077
5194
5911
3413
9796
7601
1315
1620
7418
2833
1032
6627
4134
9262
3355
6524
5755
2776
4020
1466
4034
91
7656
2792
456
2983
5390
704
9841
883
1485
1783
9345
9500
4992
4209
5519
9125
3764
9085
12
7725
1529
3060
6172
8388
3614
5404
5561
5973
6577
8949
7286
7284
2076
9946
7386
2337
6237
8250
1865
1273
2089
8757
7030
1479
9499
9525
6122
6448
967
1501
9818
4292
3051
3971
8472
2960
2110
6601
3590
9755
4147
3167
1184
6900
2904
3950
5581
5761
9282
4627
6167
6864
8510
1596
6533
1150
4480
8717
1458
916
5717
2017
2998
2540
8191
7665
1740
7550
642
72
3513
268
3508
4695
9507
8043
2434
4272
7917
6452
4104
667
5838
5413
1616
8418
6558
783
9703
2829
1297
4835
8479
4902
8310
2461
7705
4655
6288
6867
1134
6950
7953
6362
5167
8683
472
5102
1116
4438
51
564
8243
4001
708
7804
5212
9817
3172
8875
3745
459
1264
6763
6918
9471
8544
6345
6935
7107
1040
6536
1655
3668
5664
9685
1729
314
2989
5854
1462
5491
1409
4829
1066
185
5493
4424
1074
4989
5211
2651
9521
6886
3679
2492
9766
3094
1413
1682
5723
2979
1310
2581
1289
6550
1372
4569
5517
4059
9514
3254
1703
719
9549
7178
28
5712
4364
5896
9769
6356
5399
878
9321
5372
4634
9807
4956
8914
8038
3058
9747
5683
3968
8166
6375
8162
5398
4656
2477
141
1196
5435
7374
6323
7034
360
5481
2610
1796
4650
7320
1962
693
4999
9308
264
8897
2567
4785
1708
4561
3962
3122
1377
1981
8389
6209
9138
4499
7590
6701
4501
977
8341
8059
8930
1610
7352
6827
7571
1229
1420
5609
7584
2807
9795
8817
6695
2257
7994
4793
4316
6994
9792
8937
4556
6798
1488
3190
6190
5151
5924
2069
737
170
5203
8494
6939
8573
3433
3776
3917
1056
1243
149
6549
6423
4537
1926
2872
5792
2589
2726
7197
5663
6887
9016
9980
8422
6789
8456
7002
7426
1591
4579
7145
7782
895
6409
2372
6297
1092
1345
8788
3292
3670
6360
7739
3674
6483
109
8096
7493
3308
7668
7140
8299
2665
5473
4314
59
1491
1156
8173
940
9582
8853
5073
6877
171
6852
6283
1662
4855
8407
4187
134
7199
5613
7497
3059
2674
6698
5332
184
3677
2415
6004
2218
2246
4271
4430
8610
158
6244
5568
8770
7306
2301
8291
9689
3728
442
8176
3180
1972
3098
5269
776
5999
9415
8642
2794
6060
1455
3611
971
9213
5894
243
4182
3532
5646
8450
2759
1635
7170
9061
5470
431
8232
3877
1885
6598
3746
989
9743
3401
3784
1788
3967
9403
4783
2199
6671
5482
1461
9305
5285
6945
62
576
3603
5454
3152
3258
3199
6604
1572
7080
2426
8014
1477
9232
1073
4883
2064
8208
8035
3253
7337
833
3128
9887
9439
2119
8460
4329
9325
7566
9276
6399
4073
9407
5874
1469
9454
3573
3546
38
5012
2884
9607
8392
2258
3312
3043
733
5526
8671
2676
3798
6350
1380
7257
7935
9821
7282
3005
6394
2171
5001
8899
4951
1966
695
4291
3310
3102
3930
3339
6961
5782
9842
3415
6673
252
5069
3136
9065
7805
816
439
5710
6364
691
3097
6813
962
4857
2490
7173
6141
966
3174
9567
8156
3484
8709
7241
7978
5934
5547
7736
7024
6986
2789
1636
5110
33
2907
462
6270
8612
8457
1392
1959
5078
6147
4643
9360
8895
9159
6171
4566
9006
2650
8471
4359
4737
6974
9908
1224
2225
1995
3196
7694
328
5571
6315
2621
6608
6201
4383
3134
1793
3026
4345
1687
5871
9978
8362
3446
6628
288
2500
187
1226
274
249
9399
1050
6014
2862
8329
4994
3153
2253
8081
637
3301
9082
3512
5407
2339
8078
6927
7732
6311
6829
6117
6531
6584
8640
2473
6901
9195
8409
6718
7309
6747
2432
679
9019
613
9239
309
5477
6857
2800
6965
256
8327
6373
9916
7963
6339
5918
1619
2546
77
8279
8847
6649
532
9524
2373
300
8729
4755
9705
6344
8776
9121
920
2529
5228
4280
4434
1186
831
8749
122
2182
3279
744
7923
8092
6872
8944
2421
6875
8007
331
616
4939
1306
1701
1993
868
1202
3218
9727
7920
9834
2548
4550
7343
9105
8207
9786
554
950
6466
1936
9126
2111
6892
9819
5544
7089
9746
7995
3818
7818
4099
5386
2657
8856
9366
1595
1496
4622
78
4496
1664
8319
813
7137
9501
577
858
6653
4353
2727
5253
1449
8041
9850
8112
5393
8203
6295
6899
875
6306
4277
8391
565
3176
9934
4589
6860
6390
6666
22
7549
1153
1656
9390
4049
5682
2533
6005
5534
49
5976
4125
2419
6083
147
9906
8049
7766
7820
6248
3438
5193
7146
8921
1925
7852
175
3865
9581
8108
4585
3270
4535
9384
6284
8638
3500
6223
7632
1792
8395
6057
4097
8005
7505
678
7395
709
5808
8441
9192
5549
3786
6407
4850
6458
1316
1922
8718
8119
8874
1122
2332
9849
9777
9229
318
9964
6532
5718
6084
1821
1168
1268
1179
2056
7196
8806
8046
4386
8893
3070
4026
3402
6625
2220
1803
7865
9835
9913
277
8344
3011
8090
5914
9691
7355
2467
8648
7517
6583
1765
8901
7599
7998
6569
2841
7528
1280
7641
9020
9783
3621
1915
4119
7094
7578
9406
5762
6280
6674
2885
193
4158
5618
9086
514
6000
7609
1652
40
7266
1366
1665
2976
5525
7981
9484
1133
8924
8860
7215
3108
8298
1716
1089
1941
2781
2094
414
6832
5582
6600
7733
9389
4116
5411
2131
9782
6964
2403
7363
7625
1298
8185
5175
1563
7682
2428
5515
6480
2831
4435
9356
4745
8889
8816
9643
2195
5056
3894
7884
48
3562
4366
3220
7162
6400
105
9191
4983
4891
8296
7466
778
3886
2562
4040
900
8405
6113
7957
3407
4964
6247
5983
2240
3978
7439
9535
6485
8167
2262
156
7972
5223
4212
1974
2888
8089
7626
8541
9116
1341
5150
5496
6388
3463
9444
4916
4108
4889
9040
9188
625
5668
3369
8579
208
6843
4086
5935
2669
1659
4168
3137
6659
1671
2457
3045
8314
3706
4408
7776
1123
5604
1266
5241
8659
4719
665
2365
8752
8682
924
6903
7892
3327
4466
5695
2387
3173
361
528
8004
7559
1928
8978
1233
7394
6785
5118
1991
9101
1753
3959
9025
4144
1835
5835
7229
973
7769
3663
2883
110
3372
3893
2749
2060
3627
3713
7783
7918
4221
4166
3919
5170
4605
2528
5420
2443
8312
8091
4138
8030
3916
2095
4764
7719
3599
1837
1340
4013
2200
2255
2679
1678
1029
579
549
1465
6387
7428
1709
5148
8734
748
6630
721
2667
250
640
1804
9324
750
426
3505
9858
2719
5872
696
1600
88
1410
1075
7165
1540
1018
9108
847
2956
1624
3545
9183
9508
3234
5376
838
1781
8815
822
9142
2389
6515
6680
1718
4511
2085
4342
6181
9113
7221
6874
5836
4005
90
4347
1820
1442
5666
3200
2513
1743
5336
5797
7005
9254
5727
6821
5268
7067
3628
9824
3992
7387
9886
2571
653
7391
2666
8403
3064
7011
191
8831
3298
9852
9295
4954
2930
7773
2324
9653
3782
7906
2348
6525
3630
8095
915
5658
1322
8252
55
4401
271
6988
2115
8080
7582
8571
4689
6652
2770
5084
7153
6716
3267
5607
862
9146
1720
6343
7717
203
7174
2702
9757
8641
8975
6568
5686
4262
5079
1091
8741
1012
2476
951
683
5970
6048
2838
9591
1584
9574
7689
8624
9298
1897
2559
4098
8546
8727
8759
3574
2232
2783
3617
8371
661
9334
6661
317
3139
47
5892
7826
7041
7150
5701
856
1148
9998
1660
8876
7748
1890
5889
4404
9003
9199
3953
632
567
9310
9466
9336
4790
7859
7819
2132
8447
6421
3281
298
3264
1278
3031
3704
7757
7019
352
790
9433
42
9659
3435
2640
234
410
6341
2538
7151
3207
644
1554
7460
5453
9134
9091
3437
9923
2051
1240
5042
238
8710
6502
5750
2778
9193
6880
9909
6291
246
491
1428
1206
5314
7480
5465
3559
2019
7194
6736
8404
5011
1626
6066
1421
8160
732
400
4373
3021
4648
3777
2748
8922
4685
1064
3927
9644
189
5907
248
4682
3965
8820
8
9329
2710
614
1934
876
2604
9005
9106
6595
2335
44
5575
2790
2227
5478
7515
1780
3008
5304
8649
1785
4812
4431
9809
5486
4084
2422
7114
8412
8434
5388
6260
7595
5129
1326
9529
7202
438
6371
1174
832
6519
6689
3601
9118
912
9307
6145
9166
6993
8242
9578
2873
5898
1138
9713
7378
1774
697
7027
8976
1800
6681
9115
6175
9593
4351
2868
2711
5915
8823
5143
4912
1679
6668
8632
10
694
755
4058
9264
6672
3242
4465
4584
839
6740
8646
918
8522
1126
8905
8701
4246
4320
2067
9982
2099
9958
364
6951
1270
2840
2238
4129
4645
4734
8100
196
6847
7887
864
4283
4036
8935
9810
6286
8181
323
5510
9207
3667
5531
8807
1849
4581
1476
6744
8480
9723
7429
6254
4714
7525
4021
7182
3815
8915
2211
6563
1773
3856
968
7350
5948
7291
2368
6957
5990
6316
5495
50
1151
5030
4173
1746
4405
2344
4935
8851
7824
4698
3804
6842
9084
4268
825
419
8547
7036
9866
701
1158
2264
980
3951
1676
182
7992
8077
5082
8653
2080
3490
7761
8503
9805
6611
2319
6797
8994
5072
4240
1445
6255
3171
9527
1823
8670
2717
1376
7941
2706
6513
3583
1541
5094
1068
4845
4728
1475
9225
1812
5186
3646
9648
5306
3641
3789
6007
7579
8622
4219
6982
5811
5585
9396
4217
7909
3074
9302
6588
726
4660
2036
4338
370
8255
3775
7431
2181
4486
2290
4261
7070
8033
9317
6929
5733
4100
9675
3867
3289
3001
3848
3844
7681
1369
3472
5035
7265
4905
2186
5248
2686
3478
5190
8413
4492
3403
7293
3132
6923
369
242
9461
8071
872
4037
5210
2113
4350
9814
1879
1727
3765
6196
4006
7902
4188
1352
118
8780
5893
465
8802
8313
1808
6593
4318
4974
5746
8199
5516
3422
397
8607
8584
440
363
4662
3252
9485
2850
1893
2990
3597
525
2401
6229
3382
6302
4609
4131
5015
9503
5382
7285
6620
5641
2799
1887
6726
6711
2683
6381
2874
9645
443
1119
6834
3272
4072
860
4079
2927
8665
8487
8605
8436
6225
963
8884
8518
97
8288
758
553
3997
3118
334
8228
5267
6019
4541
9709
699
5877
7835
4555
1527
2691
2074
4057
8217
4114
6551
5242
8164
531
6691
8495
4461
4041
1737
2970
5776
5450
1304
4018
7262
6041
1010
8072
8339
1814
3936
3091
591
9364
1219
5926
1904
1903
4802
4456
2263
7730
641
6658
9037
6415
2524
1346
9367
9673
1886
3243
7097
2197
3078
4705
6845
8821
6968
1516
9164
1653
9995
7598
2550
6731
5374
5991
4642
5467
5866
3050
5237
5945
7092
9651
4844
9646
6264
6038
8552
7544
3570
8210
3010
5410
1787
3133
8532
7456
6163
4106
209
1258
2235
9231
851
6216
387
5044
5670
5160
2740
7929
8822
3652
4527
1733
8768
4818
3471
5629
2916
5290
7231
7779
6730
2568
9365
5245
505
4076
2919
6585
6574
9283
9002
6697
6909
3056
9754
4806
8873
3651
4349
7397
7615
5416
8302
3450
5851
2620
4031
1386
4600
2632
4066
9897
5500
9394
1604
3268
534
5358
8578
5429
1900
9170
8467
5736
4562
1163
5818
6917
5542
3296
2947
1629
2303
2491
1960
7066
9382
2629
7812
6112
1069
4909
8534
5904
276
493
1854
9896
1553
6268
1434
907
5449
3914
433
2779
5452
2505
3613
1080
6133
6704
9042
3778
9238
7809
8258
7997
3918
4039
9000
5201
6494
3869
4128
9563
1162
2281
6841
3740
5003
6482
4335
628
348
4824
9072
4227
2161
9039
1561
1216
9482
4674
412
3012
6479
8598
3100
1700
569
647
1525
5239
8805
8916
6152
9734
6637
3664
622
826
2504
6338
9047
3852
7123
1198
4659
9575
4388
7984
9662
5856
3095
3324
5569
1558
3250
6769
3960
6854
9692
5474
2826
908
8465
4091
4819
2834
8564
8019
3235
6389
4152
2816
1832
5313
202
9904
9038
2184
1025
9070
8769
324
5461
1022
1374
8123
1454
1582
8338
7870
4150
3280
2721
3079
8300
6496
5941
2855
7746
1384
4192
2138
4237
7275
1362
3898
4773
1357
2867
56
1355
4623
842
5146
5080
1795
5419
4441
4613
639
1965
9774
4739
9687
4045
58
4294
1998
4213
9831
6429
7175
9506
5715
4390
6490
1509
6722
1011
6926
5043
8781
2675
2050
1393
5748
4282
3900
6477
6602
7297
1259
5327
4841
3604
5236
720
1398
3616
470
3524
3996
278
4437
2768
5086
5624
8861
2435
8237
4979
6051
8474
4923
8528
503
6528
7814
1744
7521
5665
3692
9036
1901
5121
9670
2822
5930
3414
43
4997
2703
6396
9787
8111
2584
2340
903
4596
6858
6804
3036
2605
1977
5370
9520
4115
263
794
7727
2512
9112
5812
4092
2565
7806
4545
3224
6144
8666
913
1293
8824
5824
2166
3718
7638
1593
2329
8175
1349
7939
852
8099
3873
5022
9944
4374
2107
8212
6712
7600
448
8290
6272
9840
7833
1805
2016
6346
5539
3912
6193
4003
6203
1643
1358
9451
6198
5513
2852
2786
4510
6340
2583
9246
2396
7968
6251
2701
934
3595
2072
9393
6186
6707
5584
1570
1911
3274
6202
5291
4354
8680
3606
4683
3680
5091
4235
7332
1024
6028
4551
4487
1950
5909
2985
1811
157
9286
3779
3795
2847
2163
4626
6109
7250
2159
6937
1580
356
8575
3783
9954
8748
5662
730
9297
7932
482
1802
5039
7703
9744
9869
8693
1705
294
9602
9408
2689
7829
3901
9528
2780
3144
3261
8414
3115
8938
6256
4281
2369
686
8031
2585
2286
5883
9619
763
4415
3244
960
8183
9590
4252
7438
9460
987
7483
6235
3817
2002
194
9052
6337
2920
1863
3041
7970
7950
7962
8213
5090
8332
5693
670
807
1734
7651
3981
7496
6379
5233
6410
5813
3557
5101
2496
5427
3859
7508
6243
8588
3756
4549
3170
4418
2455
3350
3116
3729
6983
2966
7407
9480
5678
247
2247
9131
8009
5255
2239
5114
4023
152
1889
2168
3342
9094
8225
6765
2655
5161
4453
3881
5503
928
121
6678
9674
3612
425
853
1
5825
7251
7349
8964
3538
2607
3986
8751
3540
2206
371
5857
3970
7801
2923
7385
4664
2383
6934
6907
7103
1003
9087
5784
6862
9184
4253
4352
4614
3470
6287
3905
6298
3987
925
1309
2921
2564
7048
7758
2672
7095
1760
6941
3013
6543
6420
1585
5810
7563
9979
3466
2441
715
5864
3187
8796
7948
6036
8887
5730
6335
4326
5136
979
6932
4787
7459
1002
3186
9315
5142
9350
4929
3722
827
7837
7843
4398
5651
7195
584
1898
5230
7844
3221
9281
5394
5661
9963
1910
6546
9665
1506
3099
1472
2606
2029
7077
307
2959
7090
172
2397
662
9764
4451
2482
6303
4495
7796
5541
5337
8789
8730
7869
9031
2952
2468
3554
3507
7302
402
2054
4016
1292
9043
5425
2509
4827
8229
3915
9554
2743
630
2925
6786
1464
1608
7235
6534
8478
5789
325
4360
935
835
6825
5264
698
2865
7767
866
530
6430
4407
6806
9510
7581
7380
7085
723
2627
2398
3256
2190
5887
9322
7323
788
2658
8947
3397
5590
8609
3645
8000
6774
2752
9926
7062
3487
4838
3341
5518
9808
7217
3747
1170
2487
7478
766
8548
3697
8325
7706
7960
3249
8366
8957
2154
1047
9676
2530
2484
3348
6787
841
2390
5375
6269
230
2531
4779
1169
437
6215
2697
8105
6571
3398
7845
4226
8945
770
4865
5740
5185
7047
2261
4922
3733
5942
7737
9742
8673
6314
830
7698
6445
972
8553
752
7787
3769
3934
4815
1277
5774
2823
2878
9945
4303
7557
9459
1891
3364
724
2696
282
7762
9236
5580
9753
5959
4044
7040
539
7096
9249
9698
9864
8084
5379
3452
2722
8848
2472
9872
5954
4987
4337
9620
3575
4821
6796
3340
7331
6447
8604
6155
8052
6062
6132
5657
4361
2893
1859
7936
688
8122
8270
3071
2433
5476
2660
9596
8721
2150
7043
9868
7965
447
3370
3637
6784
4300
8563
2599
6467
2738
3498
8958
6876
8241
5222
2104
6881
3017
11
3539
2068
8184
7166
6575
2140
9707
9791
7530
7526
2591
1140
8287
3755
6058
1722
173
9717
4208
611
6331
1114
7723
3054
7636
6910
5698
9851
7473
4323
7192
3149
2445
8323
1244
2909
7942
128
5777
3738
9512
2224
3855
9251
2795
2022
3526
1437
8147
4592
5138
6732
6924
7893
7847
559
9127
1486
6161
7076
9541
8765
3521
8786
2987
5830
4346
7240
7189
3744
5708
4328
3836
2462
4559
1301
9069
581
8245
259
3367
9623
9683
7886
2700
5528
4063
7498
7954
7110
5538
9556
7700
9681
4422
4768
5502
944
8369
2735
8435
9780
8430
880
2116
6233
7411
9663
5752
3824
1367
2991
2514
4931
7610
167
4553
3958
1200
460
4251
3440
6679
2345
9486
3773
2501
6539
6418
4611
7926
3700
7400
543
2055
606
7836
7536
3902
8361
7213
9385
8872
2637
4932
8333
4873
8664
8500
4520
6576
5567
4848
1183
1892
7979
3386
2522
9518
2485
8249
1439
4652
7800
5038
5843
4578
8603
5005
2677
3741
6810
394
3344
509
1303
9332
1136
8997
1756
6607
428
8442
7479
6520
4707
8259
782
1160
4204
228
8520
6721
7111
8335
4899
8293
8483
4369
1719
9642
3239
8303
4738
9704
4382
2523
1263
9951
9428
7142
5690
7435
3278
6354
3658
7912
7907
6930
3425
9773
2962
5643
5917
8492
7204
4113
1227
5916
9056
9054
5772
3385
656
3563
6553
1005
6319
7956
9857
8020
5275
5257
9426
4839
6756
7522
5389
3423
8101
6643
2625
20
3392
3482
2362
7031
4195
4960
6146
4751
2391
9275
8750
244
201
3892
6422
2820
992
9873
7860
7224
1531
593
8556
798
6499
3655
6249
4967
9288
2837
2537
8973
6648
3711
8951
8126
3039
8601
9392
8891
7999
7629
1932
7135
8742
340
2425
4149
9363
6540
1327
3125
4236
6136
2082
5464
8446
1055
9157
3037
3124
7697
536
8067
4489
9547
8690
8879
1212
4758
9552
1784
706
1051
2001
5112
9647
8859
961
9293
1819
375
9793
5045
2118
1944
7099
7695
4799
6557
2812
6278
919
9614
4565
5363
3211
8475
4004
8263
1223
6967
7028
7958
1611
7444
1918
6495
8735
1267
54
3854
4975
3448
1579
7527
9405
57
5122
3605
5837
2039
5032
1813
7348
2863
4488
4543
4699
6503
517
8836
7491
3000
4678
359
1726
9731
7618
3150
7633
5821
5910
9487
9838
1767
9939
850
9588
6061
8427
6635
3084
673
2536
8869
997
1225
7263
161
2592
1942
1968
9248
8187
7401
5479
2801
5338
2298
9263
9349
8948
3259
8960
3101
1228
533
2128
405
623
7797
3061
9700
6164
1592
809
7372
9475
9111
5124
8746
1288
6612
2563
6544
9489
7419
5870
3194
9606
8233
1755
9618
3033
3742
1666
2278
8599
1397
6889
1641
9479
5207
9686
6033
518
9779
3588
6348
6320
7591
7988
5061
8390
3202
4199
8470
9314
8634
1028
3654
4307
7020
9174
1215
1844
2149
2848
2077
5209
9888
6115
7366
8841
6449
8989
6176
4340
5215
1828
3632
3057
9973
5350
7669
7980
1834
3464
2299
3991
5654
4715
4990
6578
2815
5412
6076
8448
267
4123
86
3598
5823
5520
3903
3743
2763
9233
8942
5770
6675
5171
5135
4443
7053
8459
6217
6128
2481
2305
6353
4384
3135
8491
7454
5352
5071
3384
3897
3750
6090
4085
9638
5247
9557
2058
8636
590
6120
8982
4181
7436
7880
1833
5747
5677
3629
2580
5273
4583
2809
9323
5816
2386
2767
159
8018
2644
1698
6088
561
3405
9927
804
3626
2044
9230
8003
9515
162
3644
6397
871
5781
4074
5937
2275
6779
7490
8358
7007
3569
9008
2551
943
9437
6118
5952
4528
4590
4459
4205
4096
8647
5100
8559
7434
711
560
4468
9015
8793
1017
5117
1013
4010
7179
3025
6046
3131
2821
8521
4447
4575
3486
4552
3343
2392
7049
255
23
3441
5177
4389
3938
4399
9074
3976
4690
3993
8630
3418
6498
2086
5947
3113
8644
5600
9550
5875
2542
4595
2853
2330
5630
6651
4933
4808
3332
9972
7675
3093
3528
6092
6451
1087
1433
2245
8512
5081
5359
6180
7023
544
3307
507
7749
3178
7930
7889
3351
9583
4668
601
8452
3009
2259
3260
4574
7613
849
5432
3138
8933
3819
4248
7647
4572
7322
5906
9423
2525
8202
4533
5302
468
3473
4163
5977
4936
6131
4918
4228
1628
6925
9337
6884
9181
2084
6456
200
9738
6562
2639
3233
2709
71
3086
8135
7232
7494
349
5704
9895
4293
6039
4803
7247
2418
304
3393
6212
8150
2221
3922
4880
1725
1923
4973
9918
1846
3931
9701
3387
4474
975
4524
9770
5166
7340
9059
1881
2732
9419
7120
9102
5636
3361
3835
7060
332
4130
398
2935
1843
5348
7876
8508
1935
8364
6641
2656
7794
9247
6866
6183
5981
9215
8551
5969
5383
190
3807
3857
4484
8910
970
5343
2331
1489
4906
2134
3870
207
8265
2898
2061
7603
572
5446
8668
2902
6439
2813
1905
2187
3801
8386
7276
886
3154
8719
6441
4832
1311
9339
8858
9243
905
6211
4953
8139
7253
3121
1286
7083
3979
7593
9555
2079
2156
8379
3333
2237
9462
8286
5067
3454
1551
7964
1797
2041
2578
3737
2057
9751
64
5800
7422
6587
1532
3955
83
7351
2146
5574
3458
5217
9277
8349
8499
1882
964
5551
1806
1344
4273
3383
6522
6040
9073
7983
4176
6063
7239
5831
9441
7666
4078
9741
3640
4546
3913
4563
2948
5251
1684
8437
3853
210
5738
3565
9226
4197
7484
6921
231
16
9158
9438
2943
7710
7364
4677
6634
1247
9966
1715
6395
8688
9999
4882
7702
8102
7688
1049
7799
2741
9877
6417
1822
9929
2252
7324
5623
3708
1668
5632
4494
9104
8497
9097
5423
9411
5335
4301
4804
9975
2994
7560
3702
3694
6840
6885
6454
5533
7445
9901
1097
4937
7223
6008
6762
5282
1545
8328
1287
5608
1986
9781
837
5685
8667
3374
9139
3544
5424
7709
2474
6735
821
3568
7588
9612
4232
5488
6438
233
3185
2360
2090
4247
1262
3695
5599
287
7292
974
7903
4395
6325
9650
2231
8880
9099
9425
85
8151
3715
4890
6904
819
9860
5694
4702
8182
4030
6699
1423
100
476
5635
8309
3503
2835
3412
4482
2066
4720
8714
690
8348
2750
7389
4998
6913
1207
7720
9203
6493
9173
3964
3319
8462
4162
2811
8928
9133
1732
1081
2622
6070
9917
6724
9905
4612
2447
1364
5922
2934
9898
4632
9304
6766
5309
5943
8974
8767
1441
8716
7971
4938
4752
4046
115
9446
5455
6282
7969
9371
1317
3954
5133
5116
1063
3681
740
4548
9035
899
435
9585
9130
186
8257
3376
5154
9752
4522
7218
4135
6129
5873
1193
8961
5401
5008
9477
2304
1735
1395
2760
3685
6002
4604
136
5989
1275
3147
8268
5025
5438
6754
5949
6349
5681
7365
2100
9221
8215
4955
9801
2595
7207
2384
1973
9516
8892
2804
4934
3363
9375
4285
2771
4673
5961
7362
6322
8782
3481
555
610
9352
7674
8801
4412
2158
1045
929
1852
5366
7371
2634
7405
9214
2641
5616
6948
2287
106
5047
1919
5532
199
6947
2612
320
7975
5092
2635
5986
7759
4911
4910
1044
1435
2554
302
1006
1471
921
3251
843
6511
3375
938
7268
5378
2202
7774
5659
95
6470
3527
8513
1581
5805
2744
9564
4697
9416
9865
789
2358
7712
7996
8681
1452
9797
8169
629
7664
6240
9669
2217
469
4723
8611
2137
9843
9218
6403
4178
7403
4358
7644
5164
8514
7611
848
7573
6790
4174
2198
7645
1365
3068
3311
5765
1042
3653
4991
4670
279
8791
3297
9117
7373
6258
5967
8590
1907
413
8525
299
2673
4427
1128
7842
5743
9011
7925
3966
7708
5691
3847
5719
7238
6647
315
3046
265
430
519
3129
7115
4608
4440
1291
2903
1627
4258
3831
7616
5796
379
1827
9884
6688
7604
3832
7287
2880
3910
4229
9910
3089
5553
4525
1102
5422
5768
5373
2375
2075
5891
5400
2091
2260
4946
767
9660
823
3048
535
712
4446
2065
4958
5140
9936
2070
2318
4638
1649
7617
9839
8675
3029
4888
3140
2746
648
1688
2825
5131
3404
7245
6997
2900
9223
1107
6510
3982
9570
7803
26
652
6667
6962
5364
8825
9762
8015
6582
2046
1613
2869
9950
5700
2968
4029
1940
3459
8686
8954
6374
8377
9573
7857
3907
8803
7551
5702
7856
8854
2871
2167
5919
2165
2271
7442
4344
1661
305
3548
9712
8785
5675
119
9140
2886
5980
793
6330
3107
9957
603
9456
3803
3925
7117
5556
3265
6487
2569
7177
7861
7795
6149
9064
1103
982
3030
7596
7506
828
9196
5155
1127
1220
3753
7620
2178
5181
9544
6677
9788
6617
1283
7008
8301
2715
4081
4952
5229
270
66
1963
7333
8619
8536
3908
1847
8216
3090
5074
1255
9404
7136
9693
6919
6047
4947
9845
2354
9301
2014
2212
800
3624
2716
4479
4667
9473
5775
786
1493
7848
2420
2366
812
2832
3794
6408
6811
477
4094
1241
2222
6898
3816
4417
2670
5764
508
7225
6368
7704
4210
6530
2475
5026
3217
5483
3551
5451
5921
6095
4505
5196
1251
3266
8227
1197
9624
3016
2955
898
4540
6392
8001
8165
5786
9095
9736
8324
1673
5612
5063
7904
4153
281
9969
5195
8516
163
6378
9071
2577
4904
321
3451
6975
8695
8837
7815
9313
7512
1098
6071
4941
117
869
7661
9368
1984
2129
1575
5637
1338
8240
4741
2283
9825
9649
8289
671
2661
1512
6089
7315
9984
4518
6745
9395
8756
204
7079
6049
6053
6940
6080
8121
8142
6906
9128
945
5365
3871
888
5798
5703
4594
7628
1980
8073
5536
1159
9632
7105
5132
7393
4218
1379
6059
8602
8555
5107
743
3318
2518
7750
4778
2742
3609
9208
8560
5261
5485
8917
2819
3586
417
7961
6561
2733
8999
7752
7513
8443
4982
2012
3999
4801
2346
8845
6182
8660
9997
7264
8408
6259
3937
7722
4580
6015
5669
5226
178
8129
1041
9294
3062
1387
2052
4894
568
4450
9212
6116
1252
5760
5214
7344
3027
9537
7155
45
2114
3110
2992
5417
94
8907
4485
6206
2254
8266
9089
8424
3424
1191
6052
7046
4573
9889
1957
8246
6064
7255
2413
1952
2944
3225
5341
4470
4557
1137
8627
3015
9710
7273
1470
8029
1520
8650
4025
2379
9830
3020
5512
5621
7311
6293
4157
1404
6317
811
351
5987
1576
7718
1978
6214
350
3911
9711
8416
7900
3285
1670
5994
7186
2723
2316
9617
8631
5472
8772
6266
6548
2971
7677
9925
3726
5506
7010
3714
2327
52
901
9812
5274
2851
8477
7398
4571
8549
3797
457
685
1644
5262
3352
3830
9682
2572
7055
8986
3395
3534
5244
2827
5178
5168
7106
8533
6725
3378
1109
2188
5705
7784
8254
8687
1099
4070
1721
9893
820
401
6267
9721
1402
2576
224
2539
3825
1238
8838
7631
9828
7985
5667
969
215
8985
1320
2471
8615
2891
4564
4394
7807
3593
9870
818
1354
9328
9603
3748
6279
4971
4416
6911
2297
6434
9863
1630
9147
1284
6082
3636
434
8722
1946
8574
4948
2597
6030
9348
5631
7589
5293
260
753
3158
3148
8107
3286
7735
742
8972
3720
2162
3245
4901
4411
1250
5219
7537
454
7471
870
1020
1862
133
1082
3541
5548
9296
2062
6953
9947
1323
6589
7383
127
5524
9696
7075
7916
6505
6372
6188
769
423
2544
6771
714
7300
8526
4170
9010
6922
8507
8798
4591
1510
8744
7
8496
8453
7663
4985
5490
2393
4943
6440
7721
7711
4516
1085
9237
3829
7124
4651
2654
5458
7734
1692
3081
9708
6277
1874
657
9631
2442
4458
7798
2466
1878
5940
8060
1707
521
4186
5317
9565
4747
5448
1786
3495
6097
3691
1396
6220
9478
9816
2356
9361
2910
1385
291
1343
5834
1855
1118
2926
5305
1675
7198
7091
1447
3823
6501
2988
222
7756
5238
9030
1484
7129
6799
160
6572
3511
6861
7662
4432
5966
7680
2699
6552
7627
5271
7014
8797
7370
3275
1400
3083
9186
8506
6893
2774
7592
1129
4663
634
2453
5688
6067
7448
988
3520
5418
5497
368
3701
946
5295
4371
8284
9915
5742
8171
2294
2306
5123
6815
1547
6606
6017
4308
3802
863
1602
2616
3390
7608
7990
386
341
2949
4732
3687
2179
1956
3845
1614
5819
9445
3184
6504
399
3426
3284
8868
1408
2839
7463
9668
2690
5527
2078
9767
5149
9449
5706
3181
9965
802
60
9771
1201
8079
8294
781
4304
6289
2309
9594
7743
6662
2993
21
3809
4653
9930
3421
7862
3145
5409
4024
4858
8939
3838
6012
9012
7299
1124
7220
9109
4244
1976
2849
7789
2974
6405
2633
2836
130
3542
7052
232
8799
1142
3035
6848
9827
7822
8931
9107
9622
1695
4327
3315
1473
8761
8253
8652
9227
557
1836
5724
6029
7214
2020
75
4142
5105
9991
5408
495
6312
6995
188
7233
7788
9844
5642
1444
3325
384
4577
5593
9386
7813
6526
4917
570
67
4854
5535
3642
5928
8813
8995
6592
3193
1542
2969
3774
407
638
2310
2402
4356
3069
9376
5827
1175
1548
1167
3770
1495
5145
9768
8285
4816
2270
5878
8698
2924
5815
6554
3537
1325
9562
7059
6556
710
9914
3206
1432
1209
3631
2047
3727
1818
4467
7540
8904
8440
4457
939
1983
1324
1958
7206
8656
5098
7699
9758
1677
390
9968
9558
7417
1436
9496
373
5440
6713
1078
5287
6384
7924
2889
9049
617
2876
5355
9144
5801
9340
1590
2954
9442
7470
4896
4874
6956
8393
7032
6914
4198
1839
8177
4179
5763
5578
5346
9007
3926
9291
5844
8411
5057
5602
5088
1770
9832
2861
2479
7006
3105
4949
5108
2341
621
7339
4413
8400
3516
1519
6564
6431
4267
5308
1992
8692
4774
7639
9467
2977
2600
8130
588
4681
2191
8238
3358
6855
6788
2267
4472
9204
7547
6605
6632
7624
7406
5095
6690
780
5861
7650
6853
4207
9051
8384
5588
2353
7303
9343
4257
2205
4607
9067
2226
7143
3195
6333
7228
6194
5471
6890
7033
2695
7003
2892
1335
8990
7635
8226
7838
7396
415
9272
6865
3141
7131
4944
4927
8168
3371
4619
3699
1902
2359
9633
9435
5009
9716
1333
4868
7790
729
5660
7630
2483
8855
6020
8581
3156
5711
7543
5529
6529
7791
4287
4095
485
6640
7452
7037
5360
9431
9300
9533
9078
9634
8027
5739
8085
6793
2408
353
8317
5639
8795
7896
6819
7274
2664
8449
7770
4606
1858
5537
3608
7811
4175
1007
2570
4339
335
4215
6459
5099
3417
6631
5421
9211
7469
2003
4742
9420
5958
9609
9182
2588
5951
2933
6567
9491
675
6751
1381
3204
4834
6435
5447
4831
6542
27
8498
8882
9194
5734
1417
1599
5751
8468
2109
9409
8311
3349
716
8357
7780
9749
3164
5347
5182
4597
7652
6626
5036
3841
612
8048
7432
2367
9551
9044
5119
9387
1971
4759
1145
5974
4493
8026
9967
3768
8967
2242
1539
609
3707
2614
604
6938
3580
500
815
796
1749
1751
4718
5445
7209
2394
664
728
3839
5120
854
542
2555
5064
475
5153
8036
6489
5594
9560
101
1549
5159
4615
7208
9463
8458
8635
7453
9222
4245
165
6024
9794
1710
1383
4658
4107
1394
7690
3833
4863
4324
4141
8912
8800
2049
1155
8596
8643
3633
9580
7261
5817
8857
5323
5062
8272
7449
9260
2543
5252
8074
5115
5885
4531
8886
8777
836
1757
9678
6980
8087
9871
4132
5397
8305
5653
4654
1681
7524
336
8066
2148
7742
4786
1431
9168
8124
1190
2409
6488
3347
8426
5855
5611
3146
9960
5745
7959
7827
9601
239
4194
6021
5315
942
4191
1248
6570
1265
5625
6823
2470
1187
18
383
8934
7130
4189
655
8519
7281
8218
6461
5759
9309
3346
2967
8554
6581
7088
6717
4822
4000
7741
3329
82
7672
2440
2931
8383
2018
5946
7252
5649
5732
563
7172
5127
6091
8143
9987
9284
3724
5272
2901
4988
4363
7538
5737
9253
5280
2272
2024
2241
9032
5023
93
