5286
4060
8823
9795
6259
1919
6751
2992
2513
4537
2247
2597
6856
5925
8076
3295
7408
9592
409
826
1540
1002
3713
7004
5666
4010
4643
2794
3394
2919
9712
3208
2202
116
6090
1628
5926
6863
2020
9193
8300
1616
8699
1968
6228
3521
2612
2019
4528
2350
9019
5622
5083
1595
847
6406
8642
2230
3467
1488
1339
3103
5489
7534
5655
9042
81
7256
1730
5247
1805
1094
4314
981
870
6392
7927
3681
6927
8442
6528
3
2152
5691
1065
1003
8119
9822
1224
108
7674
421
7147
8900
7118
2445
751
52
6190
8396
1155
3274
3446
8468
8388
2002
1649
6385
8281
1050
2016
4629
4325
2835
8184
2207
4114
8626
9767
7471
5328
2727
1952
8960
370
38
6589
7545
6521
7252
3869
4279
4482
419
134
2947
7777
218
2461
9159
8
1375
1354
4261
5882
3297
5870
9508
3108
3632
7482
7599
7018
7076
7983
3861
7182
5992
3900
4249
8381
9217
2491
3866
8051
8652
9259
1945
7709
5445
8488
2798
5092
3458
1265
7037
3218
5161
4883
6050
7088
5750
6508
9881
6101
5569
7312
8623
3546
6086
6324
788
9907
3523
7305
4997
7238
7957
1247
1733
9107
4986
2616
7798
1994
6447
1802
2930
241
2497
5797
6701
892
1982
8485
3531
9744
4336
4919
4542
7630
5392
1841
4932
305
129
5342
5130
5869
5506
8283
7658
1404
7309
4943
394
2475
9394
1610
3337
5427
3691
4707
2976
3350
164
2851
3545
31
3178
6463
8014
4091
2177
1874
1904
4159
6759
7763
2941
9876
6433
1942
7393
759
6629
6802
8490
8171
4965
7175
5638
2464
5898
9862
7819
9645
8112
3396
3431
6481
5932
1276
6140
1510
8830
1210
8346
8037
1996
6619
6459
1382
3645
7274
8536
5216
1112
5643
4854
3937
4942
3527
3638
4320
1234
7895
8302
429
3526
5911
5893
995
1539
5594
5123
9033
6685
6160
6675
1159
4173
2508
5390
327
3939
5290
7383
6174
5843
6591
3323
2367
6650
487
7861
7931
4617
1473
7281
2848
3006
5337
6974
3329
6020
9710
2670
4224
9565
6546
8059
4287
3016
9883
16
3934
9244
9410
8034
6556
1072
5511
8826
7622
8940
1397
1598
4176
8913
3949
383
6055
1221
4644
6295
994
534
9200
4764
3605
6637
8979
8618
9934
9802
4930
9984
6359
2936
2320
5106
9236
5190
7097
4868
7470
159
8643
3296
8257
1363
8899
8133
5673
8555
4078
1811
7113
375
2576
2148
5612
6901
9253
4877
23
8668
554
8635
9204
4844
5720
2150
1289
2564
9879
6042
1559
6805
8580
1800
1260
8018
4578
5054
556
9074
3661
8299
9783
4749
8404
7255
7241
9575
9991
5658
3716
3331
7480
5314
923
1819
2136
1560
8236
9855
2986
5084
4158
824
928
7731
1259
3287
6846
2052
8048
9220
9810
7746
2533
1555
60
2211
7443
3884
1204
3912
5886
791
5957
4553
9663
9006
4307
39
8541
531
2807
6565
7874
1118
1725
3540
1997
2813
2137
359
9000
2600
2031
90
5164
8400
7323
7069
7514
696
3150
1983
9999
9797
7913
6922
9754
1672
5581
4474
6952
5877
2593
2049
8556
7058
1203
6474
9279
3604
4484
9172
7934
8882
7006
122
3047
2720
9627
4978
6942
5280
6975
3983
6108
7140
3010
9460
5663
2904
2764
3750
9886
525
4613
5983
6017
1424
603
966
1034
7690
6573
6305
4141
6840
7031
9680
482
5625
2144
5162
6883
5769
6961
943
6630
4846
9688
9215
9123
6186
6884
3819
663
612
9709
9831
1633
7232
9483
3883
3437
3163
6993
3702
2203
1337
7034
9812
1314
1885
6770
4104
8648
9803
3588
149
1267
2180
210
7590
8941
4796
3673
5265
4596
6334
7062
4190
1402
5863
4209
2817
4398
3217
6440
1686
4564
4858
4255
5871
1938
501
7626
5408
5331
8422
2338
8500
5330
5178
5812
7904
2127
3265
8841
8685
8078
1700
9041
5884
3596
3552
424
8582
6594
2271
8982
462
2305
8298
1956
1396
5608
5221
7496
1174
2832
2571
4227
2337
3473
9281
329
256
2452
136
9303
7932
8480
9634
9198
4244
4198
8142
2723
9601
1101
4327
7114
7375
3893
9224
7813
9189
8566
2806
5872
4475
1973
5260
2570
6052
4071
3058
6865
1735
6130
4439
3502
4179
1724
8434
5696
6128
9777
8169
7405
4212
5057
7141
4752
1820
2967
2326
8258
4875
5699
3993
5040
4048
3639
238
4740
8700
2099
2910
705
5131
8986
3330
325
8621
8801
3118
492
3851
5252
5197
2760
4496
539
7902
5985
8888
6422
5038
1728
2935
5104
8506
8289
5367
2438
4346
6818
9738
9980
6819
3291
7288
3805
4455
825
6678
5601
9528
8751
9629
6346
9326
7914
7692
7885
1917
3571
2239
8526
6120
5977
8857
6420
6491
5554
9105
9794
2138
1474
9283
8101
5294
2700
2860
9170
7915
2802
7326
4259
2231
6458
8094
8389
6852
10
7205
1406
3938
175
2505
1073
8786
8792
9990
5849
857
8804
7392
8241
2307
6671
3746
4800
3821
2362
2566
1939
7711
3205
9109
9603
7120
6088
2865
1622
2824
875
471
1233
5748
3776
9902
4243
9722
9664
5672
2066
4916
6273
6715
3335
426
9477
2213
1286
7871
2115
755
9400
5227
3029
7897
4429
2874
6271
6394
3591
3651
5325
6018
4600
6779
4054
3668
3718
4021
2657
965
8131
8172
1096
486
9233
1687
3417
2791
3341
4972
4411
4952
3273
8467
7638
5591
1565
7019
2902
275
6722
4816
6309
3149
5698
9693
5226
9254
9667
3301
2072
3770
8860
9941
6657
9992
7646
3921
7847
7713
3241
4630
2227
1722
5039
8008
3373
4550
5334
7360
9199
1922
9586
9894
2003
8764
6352
5987
5669
6456
8383
4306
3566
5525
18
5548
395
1016
8285
2547
6379
8758
2681
8537
5479
1085
5097
8407
7761
7522
9376
9756
842
1545
3148
7767
2827
6047
5093
1029
7417
5813
7469
7263
2319
6126
3880
1301
3229
2183
221
6849
9695
7347
4412
8320
7454
7585
5044
7870
4418
1241
8167
3405
2917
2368
2005
8230
5440
9451
9815
9039
5035
8225
202
239
6917
6114
7306
563
9979
6262
5025
4781
8628
3312
7424
2275
8321
3114
6575
5719
9445
1993
151
4369
9584
5441
5794
883
5551
8697
787
8129
1562
9383
5041
4460
8930
7052
9032
2991
4910
9742
5012
6489
9005
862
1875
7081
6062
7987
962
8538
8496
7463
5382
3839
7434
2323
7325
7985
9713
6304
7589
4208
4585
4668
2615
766
8291
5509
8944
7933
1505
7717
4834
2120
5834
8072
540
3551
5121
9922
566
3505
632
6110
7007
1161
4203
5768
8089
9125
1138
6567
1662
2876
2134
5051
6434
3476
7269
5808
4949
8290
137
8872
2957
7122
8894
9399
9804
4953
113
7691
2011
3764
1303
8421
80
158
4801
1972
8459
4154
3260
1889
7151
9740
1412
4240
5858
4575
1933
8591
2915
5642
6537
6004
6785
5960
8710
9440
6087
637
1910
5112
897
6093
6426
7228
7574
1135
2687
5929
86
2363
1298
8385
7284
8810
7689
6616
3974
1347
6336
5998
3460
3130
1433
8504
5801
2032
4920
4860
1897
7067
5592
7460
6749
3557
9097
8498
6919
8855
1568
5873
9558
2373
7706
153
3067
8157
9786
9137
7787
790
4633
3874
1782
9521
5979
9260
7659
2133
7080
7128
807
2277
5074
4518
5300
2448
7973
3510
3984
4486
2244
4246
1141
7335
8785
4478
3175
5944
2844
9913
4457
3308
4342
5278
5285
2672
3194
6026
1156
3266
9563
9307
591
4233
6996
1914
9486
4172
1502
120
5767
4019
9745
1494
7426
8365
2650
435
3019
4379
8595
3232
4614
3060
3305
8980
607
3478
8441
2040
3089
5546
6264
496
7116
5564
8031
388
8068
9832
9725
6280
6167
1829
5711
8811
6332
1808
3698
4362
5458
6446
7521
9778
6059
8695
7894
2321
5402
5266
785
3512
7820
2378
9046
3823
2662
5087
8780
2079
656
9484
6754
3299
2070
1832
5588
5174
2442
9790
6085
6208
5749
2092
9651
5391
7591
4005
7061
8319
8946
5553
8243
5428
5857
3259
8775
3941
1472
8808
1754
5864
8011
6360
9355
5611
2038
2192
8163
1009
5806
1257
2466
1226
5780
7029
8658
9214
9638
1
3052
6582
756
1618
9156
6238
8939
4452
6204
9511
5135
2050
1959
1576
2058
1171
8227
3309
8662
9432
913
1741
8667
4308
4406
2944
1803
1509
5113
6287
7749
5637
2922
6019
990
4161
5142
6557
5704
1847
7624
8005
9242
1856
9614
4929
9515
4782
3578
147
6614
2181
7330
3166
7304
9272
6547
7948
5538
2170
5381
232
7450
400
7435
6639
4128
7025
6457
9153
1162
1583
4181
1792
3003
7329
3700
6550
1319
8195
6163
9280
818
5515
9891
4852
6064
2514
4902
1608
7248
7515
9619
4667
3759
7054
4825
4126
1218
3462
3911
2033
2086
1230
1838
8216
9672
7958
2055
416
9342
7899
7615
2309
8035
2884
5628
4371
6234
4079
3220
5230
5859
5380
8355
3798
947
5037
8217
4758
9613
4129
3694
9021
3025
6977
662
3106
1498
2059
2591
436
3282
9365
1222
9589
8414
7286
4288
9977
7782
5298
7705
7158
2349
3800
8719
96
4701
7085
2088
4170
7531
7372
2065
8859
8965
3076
220
7483
5157
1306
6371
971
982
6405
7917
1704
727
4795
5568
3948
718
4955
4311
3109
9225
3854
1552
6282
4073
3030
812
9251
3023
6940
6089
3177
8987
9219
8701
1368
831
5023
8444
4610
7834
1962
5790
5182
8286
4706
8402
3288
33
9311
7398
2531
4974
4107
1477
7903
4984
3276
8375
6699
1071
5209
3670
5236
4156
1007
3935
3654
6505
1353
2916
4722
7456
3506
1869
2375
1432
9877
4794
1421
4089
8203
9136
3372
4017
8287
1441
9372
9893
7169
6534
9798
7237
3943
2258
1605
6013
9572
3899
8824
3732
6083
7617
5490
7487
2891
3547
4309
1264
2410
2733
1299
3847
6511
3027
3327
1845
8964
6349
3490
2972
3344
8423
6197
4376
2370
8143
5537
9181
8672
9318
538
2483
7144
8326
9287
7836
9276
4527
6915
4631
8540
2036
5526
3095
451
3724
6681
5487
587
7940
5198
5965
3392
5007
276
7142
6006
827
7215
6124
636
8561
5565
4718
4547
5050
7584
9222
2090
3455
1372
8161
4236
2155
9510
1769
8295
5888
1987
9899
946
5429
8816
1678
8770
7696
8902
1518
8586
2229
8395
2586
4270
4803
8451
6358
4087
8279
5646
8019
6247
545
7757
1126
8784
8418
7024
1150
1975
577
449
8963
6189
2198
4245
9692
8998
4771
8778
2188
9604
3286
6766
99
7070
3474
8925
7170
910
8376
1495
853
227
1784
5207
9630
2106
1680
2317
7850
2553
8377
2705
1913
5825
9905
9168
7714
2523
8559
7923
5993
1362
1069
3785
9419
3942
7009
5343
9596
7204
9406
3165
1393
2288
7625
5462
6580
3422
1631
1191
6858
6904
6425
3117
1992
7843
5636
1092
9859
6929
4647
3787
1099
6843
5731
7735
9615
2968
8802
3530
4068
646
7856
3155
5685
3549
6510
5472
7907
9607
6265
6656
3159
6717
3518
5481
6495
4597
3564
7220
9063
4182
7384
1584
9641
8411
2621
5889
7413
4793
7816
5088
8602
7544
3529
8152
1054
8584
4675
1597
4395
2342
8533
6312
9835
9622
7844
4843
3281
9911
9741
1915
5439
4049
1546
9315
443
1721
8840
5757
1153
6596
5619
6839
5218
1770
6155
973
412
93
5713
3970
8401
3383
6831
6184
8267
2635
5494
1270
1760
4470
8718
6859
287
4700
8634
5108
5956
8742
3272
616
2647
2918
890
3036
2371
1373
2083
8296
7890
9640
933
64
4799
8254
7967
1067
1271
9266
2780
4971
2441
5214
7635
6879
1588
5716
9347
8176
4375
9456
9067
372
6401
4498
3873
6171
9079
6203
4857
9367
5709
5755
7129
5865
3092
5606
3923
2257
8099
9498
3863
2253
8510
5805
7404
660
4946
9890
3237
4995
2166
9789
2626
5414
917
8981
8071
4911
524
6688
6880
5422
4990
5389
3729
9969
3436
27
846
6578
6448
7160
6586
2978
9157
8238
3054
3269
5467
5615
6165
7553
115
2477
6718
3340
2578
9543
8871
5577
733
7964
8936
4744
8408
9583
4026
7652
4479
3355
2123
1158
6037
1581
9996
1098
1064
7963
887
2556
1125
952
1181
1035
3742
1671
9580
7683
8754
5448
4703
9467
2625
6786
5766
6354
4332
9388
3226
7478
2237
3569
2599
7794
8600
8406
688
3399
3139
5829
4928
9216
9781
2551
8090
8929
4584
7499
9064
7254
4389
2006
444
4755
5361
13
1893
6074
9665
5866
5072
9860
4806
1273
911
201
7632
4382
2843
1763
7926
1580
4820
6119
8893
5681
4502
4626
7548
3871
3771
4466
4083
3087
1578
3904
2905
1074
6941
5751
840
8446
3684
7879
797
8447
8962
8057
2826
7849
2929
8242
2400
4589
4448
7098
6916
9689
8603
5860
953
4982
7436
8611
2272
3410
4785
1457
9587
6887
1080
4546
8912
9416
7433
138
1374
4220
7152
1928
8691
968
1129
3227
4217
1778
46
7272
9655
4541
1187
8492
2495
8842
8692
2879
1344
6957
4829
5988
988
5064
4483
4446
2025
741
3434
8983
55
3686
7363
5452
7841
7315
4849
7021
930
1458
2121
9389
1235
8678
9896
9149
998
9981
306
5920
6797
4015
4642
1765
9179
8269
7753
7133
7783
7385
2521
6736
6999
6134
4109
1139
1192
253
2927
7339
9131
9453
7173
3611
6791
1366
8449
8875
749
288
7566
6347
5513
5764
1839
4690
3302
2041
7739
7928
4810
8055
4495
6533
5335
4662
9526
8571
5005
5181
3336
6761
4358
742
2012
3594
5485
6107
3619
4094
5036
4727
4863
3416
378
1302
4310
5141
9366
5055
9618
9472
9647
6099
6564
7138
9578
9671
4709
7719
3857
106
1121
1590
390
1750
3559
7100
7662
1714
2316
5476
8212
8028
145
9143
1629
1947
3867
9983
9144
9625
7648
5341
8015
7670
699
5456
8013
1001
2159
485
796
5146
5270
839
4936
9878
5754
2641
4872
2028
736
7754
4607
9547
3865
7013
4797
2276
9813
1688
7643
3675
3969
9228
866
1636
2632
8822
5079
2254
6211
2210
6169
9433
1787
8371
7747
6437
8159
1572
314
5338
774
5727
5760
8061
9685
6989
6473
4072
2242
9965
8601
3021
3421
6742
2863
7488
280
3033
6468
7356
1060
2527
8557
7431
4522
9327
6810
3485
685
8245
5315
3143
2030
3171
8273
7982
2568
1205
3722
5143
814
5432
3580
8393
5453
8297
9476
4686
1594
7640
188
9187
8294
4052
4028
798
8889
8747
2098
9512
1128
1654
8522
884
5670
8876
8638
4523
2520
2489
5119
2130
5166
6075
2714
1100
3905
7290
445
5854
6634
9148
2740
3906
3845
249
6738
9656
4640
2667
6690
9454
2685
2951
7106
9362
6152
4612
5933
5405
3452
8831
4927
6903
4999
102
5082
3233
5116
7865
3289
3859
6998
270
2334
5058
309
5842
94
1682
6382
1534
878
7000
3377
466
4963
5501
2329
5600
8762
6599
9352
7825
3740
7616
9213
9923
7729
3068
8817
8838
4472
4766
7196
382
3427
8644
6577
510
4423
1437
1057
7149
9407
8673
8525
3950
2151
6416
5906
6744
2525
5789
8579
4206
744
4760
7285
3493
7609
4678
2056
7210
6765
9434
4295
5578
6793
6529
4032
1117
5071
74
6908
5492
9610
6419
4189
6756
4664
1653
8737
3721
4036
2105
3088
8456
3775
5239
7015
1798
869
5706
1198
4777
3879
5345
6857
2061
5648
1438
584
3411
517
8364
2729
6116
9828
1417
2374
7532
4044
7161
1186
2875
2017
1571
9165
2522
296
1912
6133
6891
5890
8198
4921
2458
4120
4632
9070
3321
8158
809
4303
2014
8640
5950
4042
3917
2749
5936
5420
9264
2901
5539
5633
7216
1168
1593
2994
473
1812
411
8968
3885
5469
2401
4651
3008
2078
4080
2956
1285
6278
8392
7854
6364
1637
4989
1197
181
3658
5151
6691
4420
3756
7016
8328
8729
6467
428
9800
4941
5211
353
7180
8891
2748
9295
2348
6427
3154
7271
1617
2777
6898
397
1387
2312
4592
5251
3024
2111
2094
8599
602
1679
4620
1698
3342
6094
520
1012
3812
4045
9349
2512
6411
8027
1519
5407
2418
1164
4551
9391
8722
2763
7806
775
301
2925
3524
5326
1470
6397
5333
7565
7961
1169
5352
5582
213
5495
2542
2907
8210
4906
6602
9088
6795
8211
2456
7919
4318
9821
7310
658
7265
7243
7682
4339
6784
3672
4294
9229
5791
4754
2688
2265
4934
3122
4396
9190
6232
8373
2380
1172
1923
3966
8853
5971
9551
1739
7112
4894
1194
4367
9834
2854
70
2839
3354
8839
7560
628
6400
3471
4231
773
7869
3022
177
4046
8079
9954
9525
1291
347
3307
502
3797
6361
5839
6696
2691
8127
985
1268
8140
3882
6175
3017
7734
7942
6958
1689
8736
346
7536
6978
4886
5101
3676
318
3834
9850
6758
2754
4874
836
4676
6654
5721
9045
4611
8910
6117
8950
3248
1865
3053
292
2722
6023
4851
2584
3720
101
1243
6393
5802
2894
4715
5102
5077
40
9282
9939
6662
4599
6043
4377
369
2515
3451
7978
8458
7595
3328
1389
2753
5975
7821
8923
1196
2391
3057
1888
3794
1830
5388
8836
6574
2154
6664
7770
761
4004
7026
6241
6536
9845
6661
7612
8191
7727
5542
901
9609
3987
8487
4133
410
3671
1137
461
4199
2559
7143
4560
9668
9409
3384
6732
6435
1024
3841
6663
3388
8696
4798
7046
9428
3465
3822
1531
5552
792
3778
2965
2100
6039
3213
48
9174
8093
8282
4812
9099
6554
4530
9050
7266
6399
8026
7244
5460
9312
6542
9946
2201
8075
1514
140
678
6478
9034
5269
8166
8907
9015
7380
8734
5732
731
593
3808
6864
465
4387
8452
5191
4123
7866
4888
7597
5398
354
1425
9707
9842
2145
8419
6869
2866
6137
5259
1127
4116
6057
6890
2341
8073
4645
4298
4716
8162
3585
5733
2619
4591
9652
222
3956
784
8542
6390
4492
6403
3840
1216
4488
6412
6297
5923
3872
5396
5747
4533
7668
5576
5418
549
4588
439
3751
2420
8627
3236
6250
2694
4669
7837
1780
8976
9857
3197
3185
4142
8349
5847
4996
2339
5431
6015
4944
717
8772
924
5862
989
3544
3708
9759
3688
5915
6251
6844
753
722
3968
4121
6652
4569
6148
8608
5120
4905
7419
7498
4549
6729
7737
42
1732
6179
6939
8511
8581
9724
5150
9784
5177
6438
9392
5256
5477
649
4494
1251
6131
1492
1905
9895
7557
1550
3965
2598
5073
7971
6170
2953
6485
4719
6990
3532
2469
7962
3406
3356
567
9823
1736
1068
9964
8797
4733
6100
7524
311
277
1767
1356
1858
7449
7655
6956
1937
3741
4605
240
9959
6841
4891
2871
9662
7249
7193
1446
2838
8306
4896
2644
2771
4115
3685
4814
1442
758
4340
1274
2215
8126
2494
5590
83
6025
8593
9666
8066
5184
5714
4653
8426
7040
5567
5880
114
619
9231
5397
6469
521
6757
3898
1768
848
7802
45
7839
9518
205
5346
3158
9771
610
7441
2565
9465
3781
3080
5219
6741
9139
2376
3181
3477
617
6256
3595
4907
9182
9576
3633
4359
9571
980
3509
1823
959
8353
8967
8146
1061
3626
5426
9360
2141
4213
9083
1879
6735
3711
8489
568
215
4514
4136
5029
6338
9750
9918
5986
335
6876
9505
6012
5722
1934
5059
9628
7503
2583
2949
8436
7223
5313
3245
5394
7712
3608
1696
3560
6645
880
8435
8188
6677
2251
7628
3810
4027
4413
1615
9395
5660
9858
7340
7829
6595
4163
9140
5153
9748
3818
5158
650
5895
7033
5053
4221
3856
420
4566
2449
8454
6669
8234
4842
4821
5596
9653
1970
330
6225
9337
815
333
4138
4035
5008
8085
8631
8149
5287
5626
8329
3126
2168
7162
9806
427
452
6875
9154
4468
2665
4721
1329
5080
801
168
6374
3635
4313
1670
7898
886
9301
6215
7586
537
5708
5735
9569
4435
9555
6951
3242
6424
1338
2108
4024
3682
6769
2611
5955
5107
4861
8759
9982
9711
4582
670
9611
3064
3199
4242
647
9706
7079
8475
8190
3804
5966
2091
2278
6814
2954
6255
3443
6041
9073
8577
8249
8361
8437
5602
7416
6835
4720
4859
7186
1341
3660
5657
8745
6649
4625
6045
1381
4135
6848
5659
5078
9075
8053
1511
4879
5147
9353
4321
4717
9542
4157
4862
302
712
720
9493
9948
9329
3228
899
8077
4145
5897
4959
1365
3520
4239
2322
5853
3852
7023
5532
2810
5075
3320
2487
304
7257
8239
7810
634
7307
3607
3825
361
7370
5238
2785
7181
1603
1931
5155
8438
7214
406
187
1967
8255
3450
2739
4985
3960
2845
3078
1527
3222
4950
3065
4284
4772
9435
6376
9317
2274
9142
548
528
2345
3802
5784
9288
5605
7653
7724
3634
2129
3498
3915
8145
5244
3727
7444
1497
6905
9914
9462
9415
5204
4077
3041
3618
4417
9616
1985
82
4512
7208
3958
5772
321
1452
3099
7629
1776
4885
7756
2104
3256
2435
8553
8226
7364
5257
7673
4025
3144
9240
5317
214
3916
1208
3554
2306
8164
9158
3136
6731
668
1683
4081
199
5430
1563
713
9284
7104
5031
1371
6611
9734
6022
1448
9720
142
7313
4745
8949
2959
7618
2942
9133
4426
3572
2232
2172
3190
2582
6512
5876
6782
9291
8327
1350
3714
1377
8989
8399
805
9732
2407
9147
9302
7300
9694
144
3704
9903
2124
1909
9022
703
2236
9499
7743
1878
8263
1971
2346
7490
9413
780
5758
6600
622
7427
939
2081
4489
4232
9600
6
4431
244
4365
4776
6902
2169
6708
3726
3730
6816
5271
7555
9385
2563
4681
1980
1408
1720
4326
999
7001
903
9963
3534
8565
6210
3967
2718
386
9482
8293
2223
3412
5173
6063
4191
5424
4111
4487
2900
8305
3251
8933
9457
8205
2241
8160
1436
2630
24
6773
3961
6477
9393
2506
2480
7420
8873
5483
5677
8332
4730
3584
5527
1392
7954
2001
5599
2189
7571
43
4975
996
4296
2649
6115
2476
8994
1708
1895
4558
1810
476
6183
2955
9757
5374
6995
2693
6166
5416
4372
1084
66
1783
2304
5350
7542
7166
2804
7066
629
4405
9469
1325
6980
8472
3234
5263
2224
8274
7030
4705
1236
5980
5010
1242
4216
316
9533
3063
8253
5896
8620
5274
4330
8787
3828
6294
7764
217
7425
3414
7297
337
6471
6983
9997
1835
6098
4029
4833
9787
5540
8977
9837
1391
5438
5195
5815
2544
274
6229
4348
5881
592
7279
9431
7087
5740
1677
4652
2118
6787
9082
3997
9344
7627
2852
8812
6497
1569
7082
7720
4357
8147
7209
9044
9726
9448
2422
4384
6340
967
949
9309
9178
3173
7291
594
4808
3407
2310
3697
1246
1876
2222
2186
3659
4513
3317
8508
9626
480
2303
1454
4438
9657
4234
2589
4002
2182
8185
4338
6862
6014
4521
381
676
7002
9873
6703
7920
6548
5412
1445
4174
724
975
6907
2820
5846
6031
6414
2898
5369
1669
8312
7922
398
9412
5373
9127
5878
9697
9951
550
5258
6428
6560
7921
799
1250
1290
5840
7608
8942
7667
1817
2498
1836
4641
85
1536
3666
8738
396
1883
4328
7842
3235
5676
6801
934
9838
992
2528
5027
8921
2426
5105
2655
5776
8420
8003
6799
7718
7146
4011
9545
5573
6408
3599
1320
3151
8139
8828
4088
6866
5223
6200
2980
8922
882
6180
7008
3925
3644
5974
7130
3849
5918
8911
2579
72
9776
2698
4113
2042
7637
8277
6056
9912
4143
7020
4082
526
3733
166
5585
5022
8097
4124
8547
9128
3814
3613
3032
5203
4280
5366
1045
9840
2580
2071
7551
3453
4064
267
1032
3945
4576
4085
2549
4956
863
8021
9065
9218
665
5690
9661
3772
4043
9612
1480
898
4350
1604
8322
7995
6585
4383
3468
4557
4822
7546
2354
109
7812
1486
6146
2328
8022
8215
8661
8578
9363
8527
684
6158
9884
1039
3348
4020
9330
1430
7386
3403
6962
5702
9418
3901
5775
3947
4665
811
5656
62
3055
6301
5875
3565
6417
5246
7924
3754
7573
828
6293
1657
7493
558
3897
8134
326
4725
3876
7736
1867
4127
1023
6369
6923
7218
5634
4430
2973
1278
1716
2268
3734
1040
1907
9235
4119
2773
6541
9556
2279
104
5090
6924
1706
3389
3709
5999
5623
1513
5892
3889
7139
8669
9081
7053
3018
2605
6084
8368
2870
1821
8969
5499
4635
9869
2327
9449
3902
100
6837
425
1646
1180
7102
8491
9258
2397
5738
757
2679
4615
6660
2595
9205
4349
7336
2245
9846
4993
8006
5695
1516
5359
3124
2836
1380
7358
589
8250
2574
3424
6187
1063
4392
2783
5421
2220
920
2517
1015
4194
4958
4741
224
9933
3393
3957
7888
1614
881
6638
9677
1225
1349
5616
6666
5273
7853
6724
8247
8654
6500
488
7992
121
7576
3119
5910
3182
3268
3755
9471
3784
5100
667
2709
7721
9186
9606
7172
3352
4590
5717
5443
9173
2389
5997
3846
8052
9049
8713
97
7583
1976
6721
2414
6745
8125
9567
2010
4991
8625
9093
9897
6276
7789
8993
2886
3129
7577
5617
4018
835
2402
9632
8843
5833
1105
1709
552
3325
5376
3035
8135
6333
6298
5848
319
1333
9008
3369
2075
9973
9475
8010
5067
4317
1332
4775
3207
4856
4757
2704
1974
3864
2269
4747
2545
5201
850
4445
2774
8477
2424
340
4008
2029
3319
7245
1331
3737
3247
6668
6604
7686
1275
1147
5353
3959
3692
5627
1606
6734
54
4390
7838
4819
4917
9544
5913
7155
7464
7063
1833
4624
8144
9780
3739
1082
1586
2811
8233
3192
9267
9605
4606
2394
5938
6873
1824
5990
1535
9717
8121
6621
2440
9321
1846
8761
8347
291
6214
6313
5237
3777
3928
6483
7679
9523
2173
8820
739
6157
9916
4485
9060
6626
7148
6454
3940
3717
8532
2174
5329
8864
8001
5276
4110
8746
8614
6973
278
5122
206
3404
3497
8861
6838
3631
8874
608
7972
6704
5671
5140
2484
3072
5283
726
9426
6245
2756
2470
1520
6260
1762
196
7183
4210
8755
7344
7979
1815
6144
9540
470
715
5963
7348
3829
1422
4699
6479
2353
2089
2048
2047
2325
9669
3457
7060
7258
3401
6605
5318
5824
9192
1567
7507
9077
3745
9507
4050
4075
2468
6576
4774
2908
4870
1179
489
9960
9970
8114
4831
5347
3426
3318
310
7603
8023
3082
8996
389
4333
9546
6375
9290
8918
5654
6277
6824
1954
7680
6937
2008
6049
7562
6315
8814
8653
9206
5904
1330
69
2913
7700
8244
5293
5788
3279
2889
3157
8833
5336
5962
5076
2653
303
6429
1911
9820
79
9684
4152
1079
2114
1213
5186
8574
6396
1450
7316
2109
859
6323
5316
4531
6487
3623
6418
4677
7814
6581
6558
360
49
6753
1643
7401
2950
4536
8521
3012
448
4131
1816
98
1358
931
5536
7953
5959
516
6173
3391
3655
906
9763
4509
932
1844
9361
9086
6764
4451
2909
5468
529
2453
3219
687
956
3820
7805
1989
912
2204
6772
5042
4787
7661
1737
1053
6514
1107
9642
597
604
2225
9369
6024
6129
1941
7883
7970
2335
3541
315
5282
2409
7896
6608
1070
2000
6760
9524
6021
8252
9752
596
6543
1577
7796
6342
6209
5491
29
9191
7403
6218
8927
5981
7430
6804
172
6636
3790
8251
2735
1403
3586
4408
1244
8633
1400
191
6530
4014
976
9599
9650
957
3832
782
2084
5651
7342
7835
4415
4696
651
2945
1950
2799
281
9588
431
4165
9425
506
2961
3657
581
8709
7996
9023
1940
4012
1145
2405
195
3127
507
7207
1900
4354
1093
9375
1541
5470
2112
9141
374
3504
2219
8763
5215
2638
9975
6700
9700
5310
527
6601
3952
9285
4627
1468
7467
4979
6686
6748
3357
30
6987
3744
9943
8869
6527
9490
9843
7295
1789
3168
3031
357
1507
8956
9581
2725
8209
4341
9009
4784
5168
1036
2816
8937
3779
8732
6344
71
4305
1634
5674
4353
3827
4090
1214
5126
9602
7240
2940
8080
1200
6303
5800
9155
2762
3430
8513
6095
7320
2872
3298
8275
3663
1916
242
9827
472
3413
2228
709
5019
5196
4898
2825
7875
8630
356
2924
9849
2746
6979
7236
8102
9452
569
1037
3914
4137
4215
6001
3482
1503
2634
4467
9654
1193
2962
3953
4140
5461
9056
6517
7378
9595
5118
3300
1292
1491
2546
8194
5641
8612
4908
657
3707
3261
7676
6072
7038
822
4581
7966
1674
4272
9733
935
1684
852
9716
5510
9495
3570
5571
1764
9636
1281
8103
6926
4424
6966
1978
6640
6932
3652
4278
7563
58
4434
1042
8150
858
891
2755
4164
3042
7905
2488
7852
9421
8803
586
2140
8231
3084
6027
5399
1530
4101
864
8849
1575
150
8341
2822
6872
2153
2841
7911
1921
5603
5817
2264
1857
5572
6236
1663
112
3195
3167
8741
2554
7807
2744
1969
9836
2788
9014
5475
5091
1986
5115
3946
8549
4416
9208
4751
1785
4951
1081
6683
1761
2989
299
7428
3209
7289
9241
2502
7440
2018
2428
2964
1537
867
438
460
1415
6897
1553
7728
263
9324
3918
6239
3762
4970
752
1447
7568
5160
6949
3459
877
1355
8771
3001
1744
6002
1108
469
8863
4033
9270
1548
6982
2803
4511
9053
7846
3806
1284
50
978
5930
7163
3176
7880
600
3609
4211
1988
7045
3699
620
2703
4670
4105
1334
6443
422
1010
4441
294
8507
3364
7639
9102
2759
8880
1752
7687
7579
6882
5081
3669
367
643
3780
6384
6329
1840
3310
8461
6509
9892
35
5961
4562
6522
9942
3051
2707
2618
6913
5167
3715
986
4471
1887
7043
666
9180
5062
2178
9146
542
3028
802
588
979
9848
7095
6808
8558
7909
2834
6943
228
9868
1258
5725
414
8358
706
8720
6121
8043
721
5188
5297
6822
5556
1738
5795
2814
7575
6453
4544
2934
5138
9459
9470
6154
4065
8774
9972
7233
4912
4672
5003
2062
5
5861
5048
1746
8666
6643
6920
385
8206
7539
723
2396
765
5015
6003
4767
387
3438
3255
3844
7908
4386
1809
4343
4680
779
9570
3346
457
6930
2034
6716
9585
4595
523
1019
8971
5268
5519
5264
8819
4636
4568
1017
7134
183
9325
4187
6274
1296
7219
4286
7234
3402
6300
5954
9930
8427
5547
1870
6048
8499
1106
7791
6096
8345
1304
9747
9830
4202
7780
3111
8334
8966
5924
9101
5785
7176
3627
1977
8517
3351
1673
997
8943
1481
8151
7212
1881
3097
855
3345
745
1048
6892
2365
8083
7772
1623
9300
7072
5618
8682
630
900
1644
7302
5649
5901
1955
6997
4739
5819
6285
7201
6494
2887
3152
8108
2074
3641
8292
6466
7178
4070
5185
4440
4580
1114
7293
6633
5664
5575
373
5562
3886
2893
675
851
5348
1131
4491
2165
6709
4281
7517
6938
9384
5665
9103
1729
6224
7094
803
8650
3561
4302
432
9084
7981
5828
1370
279
6267
3931
3445
6607
719
654
8548
2937
7005
6771
2828
8040
3646
9333
1710
2243
3701
5323
1455
518
3071
1692
2668
3146
5395
3145
1697
6693
7581
8331
5949
4889
5034
3538
8524
6775
446
8417
7198
9978
2669
7331
2713
3964
8276
8952
5295
9020
5377
8587
8515
7698
9928
3643
4832
6803
8619
5465
6061
5807
1479
9503
6702
2674
9002
3397
5496
6244
6806
1459
6845
6711
8192
3409
4520
1175
4534
7226
285
5991
44
5000
9917
5528
9755
9252
1949
4263
118
1031
6823
3687
3332
5006
6118
2256
6613
4086
3039
1926
2532
355
7439
0
2289
9774
5063
3164
8174
9564
1862
9255
3535
9880
2895
4293
8029
7115
2280
8632
1453
9377
8453
5885
6723
1624
7755
2757
8082
6551
4059
5170
3448
1929
9788
6655
4093
6410
2815
1041
7200
8033
5765
1308
9184
6593
9847
3059
495
4150
6963
5550
4900
832
697
8590
2932
4601
3887
4351
3316
8679
627
5946
2299
4813
8705
9098
7303
8798
6311
2270
3304
3929
6971
4663
1979
8885
6733
7598
7500
8177
7758
2846
9532
9811
4892
7876
2819
873
3254
9779
2642
772
9582
6953
7877
107
3104
6506
3622
9909
3615
6833
9250
1439
522
6492
6569
8926
7831
7167
5454
5254
8641
6570
4322
7980
9737
1772
1953
8100
1793
8717
3200
2454
4515
366
730
7359
8675
4838
328
6102
5032
2261
8509
1327
2116
9814
2503
1051
3919
652
8363
9488
5887
5973
8866
3500
6046
8056
9682
5498
4009
7833
8170
2588
702
9169
5249
5517
5778
7733
3461
19
3767
9773
2097
6674
1702
1685
9048
1924
1261
3079
8197
5811
7751
9012
3610
1390
1659
3363
1077
5644
6931
5838
8450
8766
8827
6335
14
3203
9900
4139
3760
7716
6877
6081
2315
6587
5504
483
5231
9871
9961
7601
9760
4235
4505
4112
6555
4594
6132
5415
3753
9090
4477
6945
6623
9038
7570
5883
4691
6452
4770
1352
2701
171
9904
5267
8656
284
5879
5324
4648
67
4132
2682
6553
4061
1828
3995
3735
4504
760
5144
8592
7
9818
3550
4899
5701
3007
7613
9649
3293
778
5351
5935
6269
8915
6357
1376
4041
3696
1269
2818
5635
2550
165
190
8677
8706
7886
5744
5958
3796
813
3098
1202
9322
6258
9621
1866
1585
4746
9055
5128
4789
4450
4847
2660
4329
2478
5311
1648
810
9715
4650
9950
380
3830
8439
4034
2943
1948
1120
3043
6005
503
8589
1920
838
5455
3603
200
3752
5457
3636
5586
4347
331
6054
1591
4324
2444
1109
8403
5292
7003
2786
1517
1087
6010
8260
8624
7399
3971
5763
6794
905
9299
7321
1851
5124
5205
8202
8760
7090
391
9223
2443
8908
4149
4773
6788
3665
1908
9541
7506
2821
6480
1998
7010
6213
6524
5417
3338
2493
6373
4260
991
5945
441
5682
4628
9121
133
9598
6242
1707
5736
2702
9273
3910
5705
8379
1533
2382
6820
7474
7092
9736
9129
5836
3543
7887
8728
1428
6339
9731
9047
7704
9256
7296
8412
925
4890
264
4988
8222
6777
5449
1464
1661
4673
4555
6327
1418
9408
1951
6964
1467
9404
9424
1745
3628
4007
6164
2808
7824
8739
6348
408
7587
4178
6378
2743
655
230
4461
9397
519
1807
7600
5531
2205
4102
5715
7145
4006
28
7863
2296
1305
1964
358
1566
5241
2255
8676
4748
9473
7327
5354
7697
8806
7213
6642
250
2689
9089
4449
7695
8655
6499
5874
631
8356
3824
3976
3180
8845
8616
8752
4693
1201
8856
9579
1713
7371
6502
7951
481
7935
9674
8725
9479
1426
8183
7328
6679
9782
8348
4433
8240
9796
1033
6404
1173
430
2015
6644
2663
7840
6631
1695
3153
3311
2423
2637
3147
2697
2661
9994
1005
6192
4659
2432
5085
6097
2267
6322
5505
1357
4619
1690
1343
9201
7778
615
1086
4197
3582
5493
5624
6750
8865
843
7036
536
8503
9866
4177
6695
7784
677
7064
8462
9513
6670
9770
8554
9985
2399
6763
4869
9011
6162
8429
700
7177
5640
3712
6283
4545
9429
6370
7247
8309
1890
1465
2125
948
447
7211
4807
7369
574
2291
9265
2516
2680
5779
5437
6493
4226
4370
5275
9561
8529
8782
2699
1806
1561
1774
1936
2529
7768
7650
3922
7588
6647
2983
3990
9675
4040
9177
6034
7918
3703
282
9027
7859
7270
7338
6482
7596
1361
8800
5688
5587
7672
5194
8132
1008
5243
6740
3425
5419
564
3556
7938
6317
6909
2562
6263
2080
504
9809
433
4397
4882
1228
7508
5982
9577
2751
7657
2831
734
2988
4876
332
2719
9043
6889
5296
3875
1262
6796
226
5482
2931
9001
7311
1044
1364
8613
4205
701
7864
6622
7855
6991
3815
6817
3420
497
1658
7976
918
9998
5679
5442
4201
7357
9275
714
9785
9188
7261
4835
6070
1056
1946
2149
3927
512
8543
3581
7153
2068
2431
464
9036
2119
1133
8122
5742
4175
8740
1163
1463
9207
6781
698
2536
3978
505
2948
5208
2750
1489
2539
4155
7253
6984
9466
8046
4880
4285
9243
494
4735
816
8367
5370
255
9775
3267
2990
6563
5379
509
2234
4855
5837
4184
2921
3469
9817
3324
413
9530
970
5518
5850
704
2939
401
6109
7830
6069
6475
5212
3110
937
9319
5425
4444
9292
984
9885
2809
7969
178
8391
8270
9751
2726
5816
1000
580
9320
908
2643
7669
1113
7276
1524
8935
6507
8953
127
3723
8481
4570
7809
3951
4380
1854
4736
5645
8906
3056
3374
1110
4500
7703
8951
5110
4084
7341
1409
5459
4688
4769
1328
6520
7461
8409
1773
459
1501
4532
2587
1660
6676
6226
4481
4848
1316
9463
4878
4731
8954
5011
6113
7675
6684
9506
8879
1263
7715
344
1348
3640
2633
5364
2775
8463
3731
4695
2022
9826
4904
4490
3988
4274
8196
4763
8711
4753
6503
7156
7459
8106
7136
4122
8609
8343
1521
225
4903
7395
7458
3963
3507
4805
9915
9888
3894
7723
5753
268
2738
5978
1212
1321
4694
9925
6279
8410
25
738
9591
9289
7192
4151
7445
2347
2758
9509
9110
1475
3773
7446
403
4962
1398
3048
5014
5378
4658
371
6415
5291
8116
2636
3156
9274
7991
9844
3283
3257
945
4850
6826
212
5687
7422
4918
5069
3598
1095
6145
6562
4055
9332
8552
6111
2897
4788
4915
7889
3625
170
265
9841
5339
6368
3944
7740
245
2481
8805
7101
606
9644
781
8204
1326
2457
6549
1227
4394
6296
1864
963
4262
737
6136
8716
8200
1966
6198
5103
2051
8703
211
8397
8958
6955
2404
6135
7665
4529
1882
2226
2541
474
1788
7986
6713
434
4554
1322
8683
6752
6544
2511
6776
8684
5288
9597
8659
1104
9679
7391
1850
5127
223
2695
8111
9262
4656
4257
8776
3419
8615
4118
8323
5934
252
8448
1543
3932
180
1557
1429
6850
1814
7388
9937
2332
579
5060
4579
1612
551
708
5683
5783
5384
9227
7990
7512
6854
8931
6948
8645
841
6518
4407
7811
4508
3472
2294
9953
9536
7906
3249
7484
3050
4204
3653
5726
1496
2340
5928
9566
345
5117
7125
9334
5061
5718
6122
5183
7111
3811
6188
2157
2292
7127
298
5229
9702
2797
7202
7084
6105
3246
5852
160
5464
3877
7224
7465
8128
3376
2492
8852
690
5175
3624
3612
7748
5574
1177
5787
5220
7547
3868
1542
2
983
8528
7187
5447
9538
3162
1252
582
9735
682
9212
5814
4507
909
5393
9974
9660
4682
1901
3789
1600
8017
8317
1456
7647
6535
6665
3366
7355
3186
3243
1852
9864
6033
4976
969
7602
3102
7077
4180
6609
3359
1849
2602
4352
119
9117
2736
5089
455
5095
9040
5176
8721
681
3664
6237
6825
8795
7185
575
2768
2784
5759
1097
5355
3280
7511
8024
5832
2500
7039
8050
2208
770
7242
5026
671
5356
9338
6651
7666
9478
8773
1052
5133
6007
8698
9957
8386
261
6821
2499
3542
6894
1777
7373
272
7960
2101
4574
4334
9723
4289
251
9705
1529
8372
349
6235
1526
8832
1419
9197
8567
8180
6906
8886
5368
5024
156
7381
9350
5192
5561
3539
5845
2712
2360
36
6161
7882
711
4873
1918
6842
6307
2981
4824
6714
936
530
555
2761
176
5272
283
2604
3769
5503
2787
95
9237
854
8156
1102
2881
2184
6584
7206
4499
7442
3290
3813
1795
7188
6455
9906
3677
2671
6659
9620
4923
7049
6032
4458
320
6316
5598
6078
9768
6284
7319
6321
1324
2352
2933
5148
6442
7549
4391
2238
9035
377
3878
794
6571
8597
1999
1731
9057
1014
6914
6870
9386
8038
974
1345
2985
800
141
75
5149
7828
3313
8390
1558
1861
4559
9753
3456
5360
6395
1676
8988
2952
4723
7792
3216
2023
9441
7071
1195
2357
9560
1712
8219
659
3933
1508
9938
3044
4840
4493
2459
876
1405
6104
1630
184
8646
7765
9852
9402
4697
599
1440
710
8224
8794
7126
1984
7472
7725
6986
7225
871
7352
8777
6421
9037
860
9976
2987
5225
5114
1279
9704
4922
3855
1178
8374
8799
6697
9681
4674
6058
625
8756
7362
477
7171
4711
2538
9185
5786
7457
1385
7556
6217
7250
6620
1134
1512
5521
2175
3400
7455
7893
3303
4998
5943
2717
2812
8932
1650
786
8136
1360
7089
6730
5156
1755
6836
1020
8214
7294
9762
9617
2132
8229
8259
5549
5193
415
533
1115
2027
3583
9500
7367
271
2283
9987
8428
6363
1749
5486
6302
1601
9491
7366
2585
2054
3470
2060
7035
2606
2046
5927
1280
7541
4103
6935
5322
2139
2862
7452
8934
6345
7569
110
8617
3120
2970
9405
6936
392
5694
9749
6874
4108
7997
2837
4250
8095
6353
3202
4453
2620
2778
8545
475
1632
5953
5710
8887
3123
3979
5639
5410
1899
4125
6828
4765
1410
4535
3719
6386
1794
9993
769
6320
535
8744
1639
8789
3924
4200
5534
2260
6928
5604
9124
6606
4981
8497
5013
6515
1310
2212
4884
2840
7910
3358
9882
4292
874
6460
6068
1176
231
6739
2675
8165
3368
9824
5940
5894
3998
562
4524
3850
8178
9194
17
7229
6592
47
8878
919
4968
4506
9100
7693
8978
3441
9095
2790
5049
9339
8924
4252
4960
1743
1621
1188
9151
9323
4967
498
3379
4144
6387
5941
8851
5309
1183
9967
9238
1723
6127
2107
513
2266
1691
9574
6461
8049
8486
6337
4219
1059
2776
4038
6523
2734
2413
3858
3371
6181
1351
3484
7165
7308
767
2419
7075
7292
2608
3749
8749
5098
9901
1930
339
2896
1855
5349
9175
8534
7117
9130
8999
7631
8767
2390
3133
5045
5474
1038
1727
8440
9310
7397
8445
258
5358
3204
1711
7959
8280
8970
4368
9269
1413
7594
4987
4712
1991
7929
4901
9519
6967
9856
2021
235
7227
7337
9364
5597
8916
2240
5810
9176
6328
7278
9132
6150
2592
3408
8415
5319
5308
2082
1871
6934
8560
9092
313
5662
7989
2285
4360
8493
5002
3738
7530
3496
3597
7956
6243
440
1223
1148
5557
9696
8972
7636
4924
9808
9758
4058
3013
194
4016
3347
8901
9936
6994
3362
4750
8903
561
2333
1556
7044
5132
7801
7299
8207
8117
5905
3378
6710
1651
6065
2471
8478
3689
4400
9874
6281
7741
2800
3513
6227
6268
2534
7346
3038
2926
5693
578
3488
6972
7203
3519
514
478
8573
1255
4525
3680
2728
8069
8909
1613
3198
7892
7537
3077
2609
6893
595
9833
2126
8837
4323
6598
9863
4622
674
3786
4654
1522
2249
8314
8726
6912
8835
8516
2131
7822
2067
7867
3360
8084
2996
6291
8405
1379
5228
7738
479
4526
5921
8369
743
5444
633
8984
5018
3046
3483
6202
4454
3225
5434
1318
5016
4973
8387
7936
8563
9729
6885
638
2302
6615
5435
4403
6921
2982
4573
8848
7564
888
3514
4023
5386
4845
7195
117
2057
4881
1694
2745
1611
8060
334
5948
5967
6768
6950
1006
3131
2077
6525
7065
4480
88
8360
1240
9464
845
3187
6106
6747
7497
6641
5245
940
3782
8748
6275
1748
63
7334
2386
6356
2518
4948
3662
5052
2087
3481
7785
8598
6726
4106
3809
3831
6981
3768
4276
3562
7429
6248
9461
9160
3113
7394
2766
5306
4779
9531
5240
3141
2392
613
7607
5433
5729
9492
9152
7414
3339
5383
130
7191
7119
9529
4437
2577
8904
960
9517
7552
8228
7260
8179
725
2463
9374
1528
9297
8168
7766
5607
8288
8081
8432
229
8359
3920
4463
8154
4540
3334
399
8807
1293
4964
5344
6706
9444
7476
7535
4117
5741
7937
9305
8829
8914
4768
4147
7093
9935
4223
4561
9698
3710
5867
4218
2510
639
938
8235
763
1004
2113
2912
8370
9559
3973
8568
5730
1312
2179
1394
8881
572
6719
1166
2004
1476
4743
8530
9537
9889
3137
3817
2573
3444
4361
6380
3085
5661
5001
1504
4510
2690
9427
3361
2504
8727
5363
9623
7275
1469
8712
8753
3909
9870
7621
5134
4069
5385
5261
6947
1266
9246
6261
3533
9298
2465
5782
3271
9659
6076
9686
8223
7710
6330
7418
1317
941
547
9248
2388
6705
9854
5411
7999
1891
2686
3803
8757
1427
861
609
1232
3836
2298
9304
5653
5321
61
4290
7390
6538
1311
6472
6325
3428
8583
6476
6812
7554
1625
7086
4938
243
2472
4811
6266
9945
7041
3112
8715
7611
3034
2867
293
3093
6767
8004
6060
6628
3705
7593
7109
2356
2648
6829
3275
740
5737
8512
5217
8809
5868
1149
3189
9226
3262
5680
4634
7671
5043
8311
4724
1667
8768
7681
6985
8647
9120
7217
3991
9792
653
3843
6331
2351
7952
5900
7891
4355
856
7473
3370
6566
5500
4817
8479
4761
7916
3086
2425
9195
3801
2975
6827
9829
3516
8985
8957
3480
2899
8074
2601
6516
4759
3244
1506
4660
5189
1049
2252
2770
2877
672
9059
5129
37
8105
7251
1342
2654
5697
4456
7174
3903
5692
692
954
605
5712
6441
5629
2526
644
286
776
9730
1143
3630
8750
6610
4266
8781
4621
729
6648
2273
9553
2421
2646
1025
1896
1638
3210
3837
1747
4728
6035
958
7168
9340
9450
5222
7287
7057
4609
1699
6066
9487
9268
6851
3062
6011
2313
6156
2330
9549
2250
9076
4567
207
4802
4421
7298
8155
9631
1083
6712
2958
9357
9921
3747
6933
8186
829
5593
7912
4097
89
3748
152
7955
6366
5922
618
2358
2535
5171
9017
6377
2039
4804
8000
5139
2216
5826
3101
1088
1620
560
6899
3442
2906
1170
9635
3567
2864
2246
5728
2696
2590
2167
8519
68
8123
7453
312
777
7998
9690
7350
1902
2163
9257
1199
6270
1062
9354
5371
1990
894
9670
5169
8351
9411
1842
1287
4692
2147
91
2073
4443
8570
7694
2795
2878
3049
4714
3322
9296
3386
8920
9772
1775
1089
6743
2711
2248
2928
3674
1579
4230
3223
9
8714
4166
9439
8266
7947
7351
9126
4056
9608
5508
2614
9348
1757
1217
3091
2044
5021
7050
8378
8892
5403
2462
3292
5136
6725
5976
4062
821
9230
5187
7619
3842
6123
4066
3105
1859
8884
4039
1253
7318
7901
3972
7365
9658
9446
4992
7189
76
2158
8335
8702
6230
6896
8138
2730
437
4432
9639
9420
8394
2731
1825
8337
1965
8997
1642
3306
1367
2622
6737
6139
3069
5580
2627
2324
111
2596
4335
1160
53
2678
3045
8796
4404
2395
324
6071
6498
5362
2708
4273
735
3188
3835
879
7862
2842
6531
5009
3066
1229
2085
9927
8470
9336
6051
8585
2366
1055
2974
219
1207
950
2473
8065
3895
6306
5028
1184
896
8961
7872
972
1884
9986
3955
2433
7447
3536
8460
8495
8505
8382
764
3792
9161
2095
557
7742
2995
2666
500
8303
1804
1209
8854
2064
9436
7301
2439
9422
8991
1822
5305
4304
3418
8307
6216
3637
7022
1277
7550
9527
8523
5446
661
8032
3250
4196
8443
6783
2235
9135
3075
771
4282
837
4657
4704
1906
1420
2923
4253
8318
7396
2486
4853
8110
4462
6612
4464
9447
768
5631
7353
8660
508
300
6310
4436
5560
8825
3515
1231
8651
4378
4913
4827
4935
9924
7519
4977
8858
6755
12
3464
7379
3494
2752
7604
5017
5404
7660
6409
7845
1981
9370
4618
6073
273
192
6254
1547
405
2416
6624
9382
204
9637
8256
9926
648
1190
8098
8607
6496
9703
7760
2318
1771
8973
1873
5224
3375
2792
6946
2364
1681
5579
6205
4818
9839
2093
707
5242
20
260
3499
9962
1309
4780
7466
3503
7462
7641
1589
7412
5111
9115
2882
7123
7504
2301
8278
1880
5312
9799
8520
9504
5450
1123
2656
456
3326
9485
3573
2747
3522
7949
7881
8088
3230
4556
2035
7468
84
1894
4410
623
8189
7011
6653
8815
3649
8193
6861
2567
1124
4649
1843
6252
3270
6959
1790
2259
2293
7400
7150
8316
7818
3142
565
5033
6308
4374
7137
9025
4737
2007
2683
6658
9502
4301
9728
7860
6257
8743
1675
4552
689
9164
2384
1282
1046
2801
2122
6617
640
4563
3501
3387
9118
8724
6970
5320
6911
889
8847
3491
7884
1963
2710
2187
4593
2013
6272
7664
2344
2856
5609
8629
6847
8606
8058
2221
1249
7277
4503
4207
5951
8433
4031
5652
9119
7438
926
9245
951
6407
2966
3667
4067
8063
4887
1656
9398
9514
8039
9590
1313
4792
893
9167
1146
3690
5614
9719
8990
7633
7376
9145
7374
7795
9819
6672
789
4465
1219
9069
4057
9018
3385
2408
8264
4003
1756
6501
7073
4469
491
5650
5096
8657
977
3774
2381
2765
1587
454
2914
105
9761
8649
3620
3240
9196
8054
1666
6233
128
8268
5756
8354
8518
4
9345
1705
3908
3913
297
3647
9371
4419
4256
3026
8036
4096
3926
2659
1151
7732
8733
1167
2724
2479
2903
4783
5703
8130
22
6895
1383
7750
4738
7944
8352
1490
4683
1655
1047
2855
1831
6206
7437
8362
7068
3170
5545
7047
2684
5484
1144
9497
8974
8514
4497
2037
2847
1245
7826
3888
6900
7977
1013
8867
4092
2911
8483
9003
2193
3577
233
7606
132
4195
3593
6720
8476
8707
209
2938
5761
5020
7221
544
3094
2960
1645
2594
193
4344
8730
3548
4319
4671
7190
2543
6488
6590
1359
5200
1532
1718
6138
6579
2156
5004
5179
5827
8562
4791
8834
7495
5914
1189
7677
3252
868
4969
3447
8790
9438
2336
4947
4713
8124
5620
4895
6351
9004
7799
8897
3862
8221
463
9211
5137
123
3537
5678
1369
7775
6436
9209
806
7164
6080
87
5919
1116
6871
5163
2343
8769
9872
9683
7074
3284
6552
5332
7343
3725
6350
944
819
3860
6398
8992
4841
7124
7578
5835
5301
3440
5340
8501
7540
8430
1848
1297
8261
1943
5409
9955
3600
1487
7513
5302
7752
7268
9643
3791
1515
3601
3277
683
9867
3765
5400
8694
5841
248
5284
9331
9853
6682
7317
7477
8115
2885
1734
2290
3495
6811
532
8325
9673
8639
7930
5952
2355
6960
5250
4229
4914
9007
2737
6707
8271
8047
6532
2692
5030
747
4247
9351
6365
1779
8947
2781
8173
9263
8416
1460
3238
1564
3315
4476
9403
2434
7103
5989
2214
9026
1786
9714
8064
5289
3999
1414
9071
1935
5524
6728
9805
4742
77
8366
269
1028
5210
407
2110
5488
820
716
4300
8301
8012
3390
6423
9648
376
2096
7858
6504
5471
5584
3100
8890
7523
7027
8208
679
7779
5109
3590
5851
5514
1462
7131
1300
1961
8596
5507
6000
4734
9381
1751
8945
423
4823
1142
5516
5774
4933
7900
5299
3258
2412
6176
916
4345
468
2946
9573
453
7382
9557
3614
4331
4162
3848
1701
4661
7707
6092
5046
3432
458
7246
5180
8118
3264
3980
6185
5436
7055
3463
6212
4565
185
7559
3870
9989
1759
3683
7389
2858
3896
3992
4051
8919
2742
5248
7099
368
4171
8791
5762
7091
7083
3040
6177
4937
1877
9114
5707
8086
1898
8636
2446
3761
1416
92
6168
5262
9202
993
9825
2377
1154
2629
9396
3758
8995
576
4267
6868
3381
7489
9343
6490
3121
5752
8576
6444
5667
3037
1944
7494
6572
9851
8544
865
8473
895
2652
7804
9678
762
4572
4828
5595
2833
9308
6372
9929
6223
6667
4616
3074
322
1378
336
9029
7280
6196
365
6246
2651
9239
3555
1753
289
7121
2769
7582
3020
8896
2548
9024
9401
9313
6789
3294
686
7485
4702
8044
4385
9687
7654
7943
7283
2262
7656
6886
9764
7406
5451
7159
1766
5771
2859
2171
8883
4637
9721
4076
9554
2617
1130
6367
2963
7651
9091
2286
9718
6618
921
2557
9480
9171
7769
155
9516
26
7946
2823
2741
6383
7048
5304
8844
3000
541
1740
7014
5281
2524
4442
8424
4519
5823
9085
6692
9552
4134
4402
3081
6016
4939
748
3191
308
73
5937
3224
585
8007
1411
3833
257
5068
6077
182
6807
2869
6079
9956
3757
8862
8680
5700
4312
8030
5799
148
7868
2406
7965
8821
6526
9028
2645
9423
2673
7107
8594
1499
3201
7407
4871
5070
1076
7333
2979
8681
6992
5793
5065
1336
9594
7486
9104
7561
6965
157
2829
8137
4473
9358
7558
2287
6036
601
511
41
4926
2485
4063
1443
7267
8465
8569
9316
2779
3763
6249
3439
484
7409
9249
4685
3981
9968
5996
8218
9210
4393
9468
3853
7184
8308
9807
6044
9743
5969
3263
4148
5255
5232
9765
1493
8551
4053
9534
6464
5365
3695
8107
664
1892
7815
8350
9958
5530
6343
6625
5544
1635
1719
7135
8237
7993
6910
5387
4786
7273
2383
3743
3135
754
2537
1574
103
7510
6954
343
9203
1449
7649
6462
1435
3890
4364
1103
1075
7642
4047
6289
907
7968
7154
4638
2009
961
8338
3011
4146
583
2053
8009
5970
1335
4830
1030
6147
4268
1011
6142
3073
6053
6855
6588
9166
2868
9931
927
2451
5154
9061
9078
1925
9106
247
7235
418
987
6790
2569
9624
3996
3629
1813
7259
9122
4409
6646
7262
2850
2999
9562
6389
3184
1596
3429
5099
3693
804
6519
7475
350
7078
2295
51
2880
198
3107
6402
351
4098
3231
9068
7059
1026
2217
9232
4265
5831
3679
4167
4602
4925
3070
348
295
5964
3568
6774
417
1211
8531
9112
9221
2715
6286
7994
5610
1607
8539
1796
6832
6220
7527
4980
1315
3602
4186
1599
2128
7533
2417
5917
4836
6432
8002
614
9952
7771
3005
6780
6341
1932
9646
8670
5902
4030
553
7448
186
2639
3475
3211
2969
1703
5202
2507
5056
817
3212
9437
7199
3382
645
5583
9496
2372
7349
3349
3454
8868
2427
9293
2664
955
7745
3975
7501
3365
8262
611
5159
5533
9940
7543
2162
2233
1826
2403
3962
5559
3395
6470
2197
59
7502
5621
8813
4315
8041
8141
3563
5809
3314
4192
5086
7451
902
8850
6860
7663
6207
6881
1399
1451
922
6151
8232
4666
4271
2552
9417
641
6431
9134
5743
6813
2437
9163
6878
1886
4897
234
6125
4655
6030
9054
8304
4548
6778
4095
7797
7848
5165
669
6221
9908
5535
8187
8572
8588
6008
9378
6149
6969
2209
5942
5555
3989
5543
4337
290
9031
5497
5792
2281
9162
8637
1185
3617
7525
8674
1957
3489
4228
1283
125
5804
1206
8313
2102
6976
5466
6830
9387
323
8087
4427
5994
5675
8091
167
6867
2530
3656
7925
7230
8471
9489
5233
1485
5327
3678
2721
7702
9988
9791
3575
9676
5899
1152
3954
2076
5855
5589
2509
6568
6391
7108
691
6603
1401
163
1122
6451
1868
7685
2732
4254
1903
5907
6067
1182
5235
5047
3706
2805
4366
1165
6853
4388
1626
7110
9368
6689
635
1482
5401
6513
7984
4538
8723
3333
3587
4586
189
885
3004
7056
4940
342
4185
8246
4815
4422
9390
8938
1140
9113
5375
6540
964
3838
6988
1256
317
7793
1288
2103
5908
6082
3449
2117
3160
6141
4160
8502
7368
8062
6253
4583
8484
624
5566
5995
1995
7605
8622
7526
9766
237
7744
6222
1346
3606
6290
2767
1239
7492
4516
2610
7432
642
352
1647
8067
8605
8398
5856
2026
6314
7028
570
3576
7239
8339
1799
543
9522
135
1386
262
2628
4909
1652
9414
6809
3816
1797
197
5903
5686
5723
2447
5463
3574
8689
2490
4264
9699
2482
442
3466
3986
5303
8464
2977
5844
8342
5745
6635
9150
5558
450
7520
1058
2176
1444
203
3728
3221
7157
795
7781
4623
3936
808
8917
6219
8535
6632
2191
4316
3982
7610
6388
8846
6199
3793
3766
7421
7264
8425
3367
3511
2385
8575
7688
8604
8455
7788
2190
7873
3783
341
7529
8793
4299
1090
2496
15
4401
2455
3140
2196
6545
1582
4539
1958
9052
7803
9373
9947
8284
5820
5689
7516
2314
4646
2558
9335
5916
8783
2849
2185
2164
915
2474
7509
4459
4277
7939
9294
4356
8898
3508
338
8693
8025
6727
9474
5647
7592
2890
6627
1254
9094
6798
4684
2146
2920
8708
404
6103
6486
8148
1478
7518
7988
3179
1461
9087
2063
2218
4153
5909
8220
9030
4399
7786
8113
5613
1248
6292
6694
7759
2603
1483
3193
3592
3061
1538
4679
6009
3174
5830
5406
3486
1294
9306
3616
7324
4961
9234
4687
6834
4214
8765
3479
78
126
6430
7197
9727
4130
3132
7950
9286
9455
2561
7941
4756
4501
1136
6968
9910
3206
8340
8466
2308
5423
3115
2024
8610
9051
5739
7132
6680
6029
8120
9944
4001
5125
4839
6112
7051
6159
2142
7282
1781
9066
5473
161
4074
4639
5773
4865
1307
4241
1091
8818
1484
174
9494
169
2200
5724
9746
1827
8928
7410
5746
1388
1693
9481
1323
3892
8955
830
2460
499
5947
5066
1384
2676
2789
7730
162
872
246
2300
9548
9442
5770
2297
3553
4954
3994
3799
2415
8731
6439
8564
8265
7505
2772
8016
1717
2369
8324
6319
904
6583
8664
9328
9443
9995
1544
1668
2883
8779
2984
6143
673
6326
8045
9932
728
9801
8384
7827
9966
3487
9013
6318
3648
3083
9535
4183
5822
833
5734
2519
7528
9138
4689
8550
1238
783
9458
621
5145
6762
1715
1818
2793
3009
7644
1018
2501
7415
6484
2581
8686
5172
6944
3433
9708
9096
4864
124
9116
6698
9359
2658
7481
307
4100
2359
626
8877
7354
2677
393
4957
4193
3014
9016
5939
2861
2263
8213
7857
8494
4587
2624
8788
3138
7332
3125
7231
2393
849
590
9898
9887
208
4238
2199
4013
5206
1272
8380
9568
693
9111
6450
6038
546
1434
9072
2398
7361
1078
1043
4373
5781
7851
4363
5803
7832
2716
4037
490
8905
2796
5684
143
7179
6040
5152
2873
2623
7800
4790
2143
6561
1549
1573
2993
4710
5520
2640
8546
2043
7614
8248
9058
7314
8330
4297
9633
3977
9769
4428
9430
929
3985
1570
7479
4188
8175
7645
6888
1837
4945
4414
363
1960
362
3128
9949
5630
9520
1619
8201
5668
3169
571
1853
750
515
1726
6191
9919
7411
834
6091
6539
732
4729
7634
5821
7017
2560
7776
7975
3398
3002
6449
4994
1431
8336
3353
680
2331
2830
6240
7580
3891
4598
1220
131
1791
4543
236
5279
9539
3285
8688
2387
3795
8469
57
1554
6182
2613
3826
8070
5777
493
5512
2857
9314
8344
259
4732
6195
3096
7808
1872
4222
5094
3090
3881
7377
3435
1742
2311
1592
7222
9920
8870
4447
1132
7538
3930
9501
6178
4251
9277
5357
7105
3116
2971
4577
1111
9816
7032
7345
2282
3642
942
4603
1027
5480
5199
5891
2607
7790
6597
9278
4966
7726
3579
3380
9183
1500
4608
1609
6815
6746
3415
6687
8104
7402
694
154
1627
8042
573
3015
4169
2997
5984
4099
8109
7817
5213
8665
3589
6028
9080
179
8959
9379
1665
7773
4237
2631
3196
7878
7699
6792
8482
1119
4258
7572
9875
2575
4283
823
8671
6465
7722
7623
3492
5912
914
1066
2206
56
8735
7684
1215
1860
3907
9062
6201
4168
9739
5632
21
8092
1407
4826
559
4866
9550
3172
2379
4762
5818
9793
5307
6918
6194
1525
8357
5277
3278
173
7708
3253
3558
746
216
6800
3650
7194
2892
9593
4381
1863
3788
4726
34
7096
3525
6299
9380
1801
6673
9971
65
2450
6925
5234
4225
5253
8948
9691
8272
1395
4778
9010
7974
3423
3807
5523
5968
8182
2853
2161
6355
1758
4708
7322
6413
11
1340
6381
8687
3214
4893
7387
3528
5413
4517
4867
6193
384
139
2361
6559
1295
6231
8096
8413
1021
5796
2540
2069
5372
8431
2555
1237
9271
1157
2706
402
4269
9346
7823
4571
4291
4000
8975
9247
3517
1664
793
2411
32
8020
8474
9356
3215
4809
2467
1423
2888
2436
6362
1471
4604
1927
4983
7620
9341
695
364
8199
5931
2160
1466
3239
9861
6445
2194
3621
7423
467
8153
2998
2782
3343
2430
7762
9261
3736
1551
4248
4022
4698
7945
2135
379
844
7567
9701
6172
266
5798
146
1834
3161
4425
254
9865
2284
1641
5478
7701
7042
8895
598
8181
2429
6288
5972
1523
1640
5570
2572
7678
4837
5502
8310
5541
9108
5563
3134
8690
7012
5522
8704
7491
6153
7774
8315
5529
8333
1022
2195
3183
8457
2045
4931
8663
4275
1602
