3317
2051
488
2585
6982
8435
1500
3568
9479
6584
3988
8878
2849
1750
6274
9788
6078
8306
5304
2343
1355
5042
2277
9216
3065
3250
4253
5529
4530
4674
9379
1684
5114
1485
5817
2632
7507
3400
9401
872
8973
2103
2254
2388
5918
4767
8418
2855
7836
3886
5531
6119
9316
3002
297
907
888
1114
4616
4252
219
2451
9111
3772
5424
634
1654
932
7512
1149
5497
1730
9866
3208
5730
7508
6678
9435
4436
7978
8209
1722
5547
1770
9759
6401
9868
5999
3731
2668
4379
3524
1713
2947
4809
8123
920
9285
8652
5288
9979
954
2213
2076
5937
1665
2072
9080
2209
347
6928
8609
9008
3518
1596
3930
2601
602
2789
7557
9243
5985
222
1910
7168
2991
5813
4243
1078
7173
3224
8043
5074
5804
298
890
9794
4185
4495
8084
9675
8333
3115
3634
7526
3116
8284
897
9459
3287
4681
4713
4814
3061
2815
7675
4833
756
6509
7416
2443
7081
4910
5151
5284
6562
6702
670
1748
3947
5167
6860
716
7783
371
9805
3064
9503
4442
5843
1931
2265
7188
4721
9313
9923
5753
722
1190
587
2609
1691
7892
6068
4660
4051
3556
3668
4596
6768
4221
6577
1188
7224
3802
487
1543
3133
7024
9754
4816
2667
7744
8163
3299
866
2607
4303
3347
6345
7430
5859
6301
2860
6787
4321
8231
7778
8036
803
5413
234
9589
3975
5108
6169
6489
8400
478
8290
6055
8865
5455
943
6575
5805
8325
6069
2355
4249
4010
2456
1476
6375
7607
8989
2696
5930
1895
2566
3655
6462
1193
5428
9118
3161
1641
7800
8566
7490
4892
11
7037
3625
4054
4988
6706
2469
2936
9616
7737
8063
8620
7082
3552
7588
7981
2657
6505
951
5810
5627
3437
8370
749
6423
9333
6150
337
7219
6003
4471
8707
6464
9934
2903
397
2466
4108
1901
1317
3771
9630
4775
4234
3273
6501
2975
4971
1236
8695
3583
7409
433
6888
4370
6635
5349
3372
1233
4434
2065
8902
5714
9860
9551
177
6818
5801
4166
9263
3588
7694
4476
1933
3497
8271
624
8329
8836
1938
9777
882
1678
7459
206
8285
4424
9451
9211
6531
1685
8796
3274
1322
7151
7175
5942
3176
338
8992
5935
4654
6190
2831
6297
9664
3059
4842
3448
6066
7396
5412
9568
927
7873
7760
4868
1258
4079
2731
4333
5268
1128
122
4330
7755
2237
6650
1601
3408
853
550
1163
6628
1600
4205
9321
4514
9280
4232
884
7238
2303
6256
403
5712
706
8229
9733
6374
8457
4970
118
8051
3934
8868
9492
5617
9441
2563
8990
7095
6398
8545
9480
6139
9858
3647
3897
2970
2895
1716
9481
450
8575
9723
4996
3362
3319
5597
4466
7854
1689
1813
1907
3873
3820
321
7015
6177
2807
6703
2312
900
5579
3539
1959
9246
4127
1374
1586
5089
874
4369
5761
6407
3011
1459
1951
4020
7480
3744
5995
8337
2865
2426
9776
8279
4261
9296
8565
9577
4266
6532
6599
2226
5505
6958
1042
1428
6932
9090
4214
6436
6730
8184
2938
3727
8723
2546
8769
4547
2590
1220
768
4478
851
9021
3258
9076
5738
9066
1664
5907
5264
5784
6605
8082
7434
4028
3525
2432
9690
771
5015
4621
9402
7421
1981
9850
9100
4041
9546
7337
2094
5482
4
2101
5621
8786
2392
1707
5649
8148
5434
6494
8749
4509
2140
9096
7566
6784
7295
5386
4472
6974
1134
4383
7292
6212
8405
8700
4989
1367
4230
8826
5347
2416
4824
1852
2493
7616
4850
9049
2386
3340
3366
8280
247
6568
8538
2824
2820
1142
6395
6911
4422
1038
5677
9523
9806
7331
7435
2271
4235
5095
7541
6072
4036
766
1124
7064
4156
5511
4563
7343
8033
5105
9022
6616
9110
8193
4073
226
3937
7805
8129
2344
2401
7326
6581
8581
9719
6240
7111
2596
7307
7132
250
6789
7376
1008
8589
7349
7041
1552
1675
2299
309
3953
6637
7915
3383
5789
520
8779
4076
6187
3759
9171
5466
9591
4810
6009
842
6126
9641
3292
3021
4505
5368
3173
2767
8806
4734
9728
5742
6022
2993
7627
9299
3775
5663
3977
3201
1198
2149
2751
742
7369
7368
198
6300
1494
271
2629
1839
5978
7951
9274
2132
3612
4074
8069
1786
1456
351
2792
3330
1047
5444
459
8240
1005
5908
331
5370
1549
5919
9927
5852
307
7330
7072
6238
4769
6964
290
9462
4710
9363
800
19
7935
4300
7406
9242
5049
5481
3667
4942
2522
381
7883
8312
368
6556
5634
4207
3523
9587
2436
272
2516
913
8781
3419
7559
6951
7091
7949
6785
350
3170
2981
9559
5887
4650
2593
9276
5607
729
965
8460
8260
8578
3285
5608
1913
3252
6273
6170
6955
3530
2839
3767
5239
6903
8243
1856
8525
3203
4175
3376
8423
9093
1947
1677
3842
8264
7089
2241
5104
977
7713
9471
3036
91
7189
7906
7570
4356
7289
5641
9839
7848
6062
9132
6349
2162
8131
9663
8697
8675
9217
6074
5439
686
7354
4796
5555
2239
6868
2927
58
1115
2816
1194
6704
2389
1996
4195
5808
6087
5679
553
4870
9329
596
5719
9814
4607
8071
8257
6304
1062
3343
2106
6492
836
2080
1740
1206
7323
1247
9145
1590
4264
6073
4287
1821
3950
3013
9060
2099
9513
4818
9408
8413
7443
9350
8750
6841
9598
4668
1356
6383
4310
9705
412
9031
5280
7110
1674
7595
2366
7450
908
767
9661
2187
3888
7003
1917
5745
4280
1171
2805
9649
3971
7483
9466
8665
1914
578
6836
6031
5720
629
3861
9473
8363
5309
7839
1227
6802
6067
930
9247
4774
4643
4480
2504
962
7669
4789
4217
5945
4180
121
1346
8916
3880
3711
9438
4347
3405
2264
3141
7360
20
1647
9284
2411
1858
1534
6225
1499
2647
5154
5336
1751
6127
5543
1377
5344
6598
702
7378
1256
887
4296
2435
7580
658
6021
5474
3090
9835
7830
917
1381
5221
5557
6922
7400
1430
369
9880
2078
9789
6023
894
8446
6898
2255
9023
8957
3480
1402
6923
3071
9057
1767
2553
8512
8162
317
9751
839
5343
3610
4365
4176
4735
2054
3808
8230
6088
3695
3428
591
4094
4570
7612
3604
6175
8474
3783
2485
8668
6176
84
2976
1846
2821
5415
3008
8355
1332
9413
2030
5775
4361
9918
9086
3616
6178
2664
8580
2008
1281
4566
3060
2223
1930
9995
4950
3796
3793
467
7977
8752
8820
240
2179
2539
7273
4861
8024
7321
8862
455
4193
9407
4378
2247
572
80
7893
5879
7732
8381
35
43
1939
7633
8038
991
155
8451
3870
1475
2234
8768
3306
9998
7162
763
9722
5850
5337
9188
18
3675
9453
4966
7877
3125
6682
9499
984
3978
6696
8859
9795
9449
6475
6459
1368
1255
2933
2177
4979
4494
492
9905
5774
5904
9652
2121
71
1544
2497
9048
1516
6437
9756
3387
4353
5014
737
7338
3589
9668
7592
1491
4405
3835
8689
2641
7825
3062
2224
6313
5448
2075
677
9507
9739
9528
6620
59
3416
527
4368
563
8380
3004
5979
8147
794
172
3117
8936
4679
6185
6500
9315
9674
7487
4064
451
2424
8057
6534
9249
2352
6855
9907
6129
3533
8988
9628
4256
2017
8934
5103
4549
8190
588
6819
3883
9373
9574
7838
5758
7538
7023
1254
6886
6332
6344
259
5561
8072
7910
1071
2195
5496
9367
774
8388
4604
1542
9681
486
7087
9091
7816
8075
4019
8571
6657
3265
6693
4768
6406
1827
1964
8046
5819
6319
7750
3443
2876
3879
5578
6270
8551
5360
1898
9993
5765
5710
5470
7553
1906
2419
4238
494
1262
8245
4630
6414
8138
4858
6644
9409
1147
4510
2022
8970
8178
2134
7842
5626
1117
893
5247
5592
9942
1841
9679
7663
1599
1999
1107
4169
6889
4732
427
1570
2300
6198
824
915
1103
9849
1265
394
1232
5829
2228
8584
2803
4260
7281
1113
1553
2724
1157
5709
1405
5375
8432
9946
182
7107
2342
7890
7322
6199
5530
7934
7379
6457
3009
5199
1956
1312
2489
8076
3446
9864
734
2089
544
8179
1
1862
3119
4409
9146
740
6587
5562
2959
8475
7656
592
6611
199
3358
2784
3178
7668
701
736
1796
483
6535
6202
7022
2509
31
1528
2000
8272
1871
2614
5734
6880
2046
7350
7587
5086
514
2069
6082
541
4906
615
9954
1829
819
6697
8317
6420
2470
74
982
6161
6458
1954
4225
6528
9645
611
7426
5645
6076
509
7979
9375
4930
877
6719
7776
2260
370
6213
3156
9227
5767
166
8323
4994
6953
2536
1918
3951
1464
6381
9235
7991
8705
1804
4953
4488
9535
3456
6916
4284
9312
1077
3941
6227
941
3105
5147
9659
9358
1304
2261
7254
1672
2521
9323
8635
5407
8940
5609
1192
8946
3276
3945
4244
4240
9292
8238
8892
560
2921
6288
7389
7884
8140
9848
5196
9267
2765
4072
654
1723
8803
4465
6821
9103
9137
8227
5414
4418
184
4052
5610
9310
7178
3502
2369
1877
5372
3815
3718
1216
3240
5438
3577
7742
6746
8167
1015
2230
3594
7972
3298
5186
1632
9258
93
8461
2467
443
1205
5106
7561
2875
4778
4939
7167
607
1565
5443
9192
1789
8734
7363
2581
299
1630
6882
4454
6997
4766
7339
5955
3318
4560
8759
3912
4916
3780
7638
6790
8906
7250
3590
1826
4159
7361
5527
7176
7887
437
3107
2733
8947
8216
9030
8171
8412
8606
154
6566
8837
5537
5920
9931
944
2357
82
8044
5678
3564
8401
8775
7704
940
8671
5573
8470
5744
6416
4523
9347
6857
4102
5958
8107
9283
8706
4520
9286
7647
421
3958
7134
9061
700
9083
9336
822
362
3864
7946
8081
5107
1067
6468
9102
5026
4918
9248
7286
8221
1709
8522
7729
5189
5846
4714
327
9025
1928
7591
586
7567
2250
4071
4886
881
4921
2705
616
4997
3186
4603
457
5559
2793
8942
6847
7011
3339
5357
5984
7618
7471
9799
30
1645
97
7622
2785
1129
3192
9939
5807
9853
4958
8447
6796
2827
5034
4535
5299
4194
1717
5392
8068
3763
3184
5776
7725
1830
2037
95
4415
7494
5881
7164
1506
4338
9539
9586
3680
3547
8511
5729
2210
170
4021
2830
2977
85
9040
9122
1825
994
3019
9990
8770
4750
5072
8079
5815
4291
5047
379
8904
41
7772
4813
936
2791
6222
5696
8839
4793
9774
3392
9255
8073
5038
7651
2540
4129
137
9885
8790
6749
9045
4805
879
225
8315
9467
6110
2091
7983
7482
9360
6307
8199
6894
1872
6733
9278
9182
8529
7920
6927
2748
9064
4123
8729
9181
3110
600
6361
1470
4289
1028
8824
7806
1902
7734
6715
1098
475
2557
2858
631
349
6835
6417
9226
9075
4739
8115
8872
869
8825
6226
2067
9092
4605
7617
2894
9819
6325
1757
2449
8784
7240
5085
7069
6540
9562
9933
8118
9974
472
6216
9078
289
620
3996
5136
1851
672
9325
6121
9346
7962
8456
6917
5835
1027
6872
1638
4119
5940
7006
7170
5298
1745
8327
2998
4645
1463
7523
6340
2759
4047
3761
1808
8102
3726
1473
5057
5725
1033
4586
7871
8414
3637
3992
8421
4759
4606
4090
3658
8901
9120
2542
1853
5707
4381
5473
9873
2205
1061
5716
9997
150
9891
2549
1239
3636
8303
5565
2897
2688
2694
5195
9470
9073
6015
1720
2786
7150
9385
449
1223
8710
2887
3929
1359
9293
6265
1382
4983
100
6687
6251
8866
419
1973
8105
2573
1441
8045
8374
1096
2155
4295
48
576
758
6542
5583
4182
4080
4933
8631
3461
4306
7223
1501
4987
9790
7955
3829
7519
7287
1151
2997
1321
2061
3555
4785
3396
7565
4482
4728
8225
5968
5084
2906
6194
2455
4002
8282
4718
7241
111
9741
1955
9026
262
7201
1734
2138
9633
4841
5006
7575
8301
5132
7850
3692
6651
1797
1834
2269
8321
4874
4924
968
6652
2168
8651
4302
5648
4959
4382
7504
6470
9764
2974
3488
4343
6444
413
7677
7147
5972
8436
7927
3205
7942
1588
4396
4890
6615
6959
4951
2986
4430
53
9063
9941
9746
3434
8590
5400
446
9758
3689
8030
8358
1897
4663
7414
5672
4265
5853
3708
5319
460
209
6400
5491
1526
8628
5811
9748
5027
6987
1945
2382
6518
2491
255
4413
4899
3700
3471
4725
1497
3840
2118
6234
2341
9404
9715
9883
9447
3743
9328
4700
3784
2066
4737
751
6874
9745
2698
6925
1218
4982
6979
7123
8110
1787
8250
755
151
8797
6887
197
9981
7311
2982
5371
9463
5226
4204
4777
2822
7463
9571
8808
1320
5781
7624
3863
4770
6798
3720
724
7880
2160
2004
1120
4060
9002
5946
9599
6254
8585
6582
7932
3984
8554
3180
9749
9098
3928
8437
2984
743
117
1692
8600
2889
4493
3257
4662
1799
901
1977
3106
4742
651
4731
3102
9445
4794
9706
4316
6350
8869
3303
2437
6981
2523
8387
5780
6257
4473
4727
9275
6036
6034
3828
8095
5216
7269
9384
7446
1894
6892
1074
3770
8983
6445
558
2673
4320
2354
3805
2666
3406
7018
9372
9424
3088
7733
1878
3717
8336
7277
3140
8613
4198
6992
7302
3557
1697
4512
7857
8200
4049
9338
1058
7013
7252
9803
8204
9491
978
7050
9755
4901
3751
6844
5596
2905
9590
6091
4380
3005
8534
2349
1721
2983
1360
6393
8174
3288
6296
8094
5169
7099
8764
3123
6365
3532
8821
12
3970
6093
9987
5252
4546
3807
6960
9852
8880
2659
6465
1759
268
6343
6293
4429
1523
3777
8041
4912
439
9779
4920
3520
9704
825
5277
5157
6355
3367
3354
6967
4542
130
3279
8127
4837
1325
7285
1158
5595
8747
2400
5469
86
2245
9033
6884
9331
6403
6692
7552
4211
7571
9334
2133
9099
6762
5070
4792
9870
2397
7268
3266
5640
3363
9845
6549
2772
3241
9205
8713
2722
6348
4821
753
6685
9596
6799
2415
3917
7998
3335
5436
1582
2623
3741
5760
2716
8506
3460
9916
7029
2507
1398
7122
1178
8778
7723
7740
4202
2028
1000
6017
6896
7484
5749
398
1557
8386
3297
3836
1246
384
1712
6551
7811
8120
7218
9646
8155
7204
4331
3351
3175
8933
8499
6609
7634
6311
5884
4298
8390
8698
721
6763
9089
5889
7938
5283
9602
3944
5796
9085
5613
2578
6284
3478
1711
9744
1394
6
7398
3167
6694
8001
8966
4224
868
1682
947
2025
4463
4762
3349
9793
3311
9444
103
3972
8556
5931
1087
663
7952
6783
3683
4093
5740
1935
4513
5823
6867
7191
8341
5197
7573
6469
9084
1857
826
9762
9697
7579
4882
9543
798
3597
7249
216
3147
8455
3360
1863
4684
1162
1225
5616
7270
8650
3961
6461
5359
3639
6380
1140
428
8819
5926
7310
2345
543
3910
6931
7826
7885
2307
6065
7098
424
9
2371
3212
3527
8427
5181
5101
746
6100
495
8378
5387
2248
3981
9855
993
3723
6262
5323
7662
2777
7451
2511
1088
7288
2726
1777
1328
4246
9937
4838
8232
4419
6353
8605
561
904
7290
8776
5657
6936
1614
9007
3560
9196
6327
163
8039
715
8305
7129
9955
5509
7515
1154
9594
3421
2041
9611
6326
6435
6057
7390
1620
4458
4011
4898
354
273
7272
7822
637
6588
8444
4848
9415
8615
6228
1622
7183
5021
3834
5965
1969
8173
5451
1706
590
3855
453
4847
5263
2818
8176
320
6268
324
3659
1607
8731
4309
8672
8792
4736
6699
3462
9138
6618
8964
2137
2044
2163
3673
589
208
3172
5235
4178
1481
9065
8137
6196
4619
2450
4691
2996
7615
2718
2012
5238
3702
7876
7076
9004
997
3369
7010
8311
2006
2383
205
1495
4088
648
2410
1564
8807
9607
6720
5279
1160
6761
5943
7355
4690
7808
7817
8242
9419
15
6075
5316
4278
6624
3797
1540
7666
5198
3267
2047
4929
2314
4633
5631
231
189
7746
2259
7202
4346
3715
1079
1022
2442
1455
401
6061
8812
1403
4783
6563
8603
6486
8740
2780
2291
6653
9968
6479
9898
6667
739
2468
3848
9191
9903
8509
5570
5423
3052
7239
8028
2663
406
6788
7971
1790
2940
2689
3385
1882
1043
6970
4518
2662
6455
4902
3752
5297
8984
4259
676
4137
265
8930
5266
9623
2434
3189
4653
6998
5115
2152
2079
7683
8402
9427
4475
3643
8465
950
1416
6576
1014
9949
5762
814
8070
2971
8993
1318
2813
4613
3447
3869
6737
5502
8181
6920
3963
9087
461
3325
3633
3693
4948
7531
7067
1211
6396
1795
5599
8682
8583
6336
6533
6591
3857
5526
5076
251
8375
6253
1340
1480
6155
838
1349
9566
4927
3732
345
7502
1051
5160
1089
8788
3581
158
6247
4601
3337
6191
4181
2990
7986
4124
2963
7324
9307
3507
4812
4764
4656
4111
4702
2622
5864
972
6491
6249
8365
7867
6123
9921
816
4018
2158
4790
6553
3850
4033
1288
4385
7230
4035
9731
9229
4548
1868
2321
726
7993
2373
6506
2565
2727
3218
8532
7357
3441
3580
8320
4973
3830
2878
3238
8949
8835
518
49
1341
1496
5553
8211
2532
7184
1812
2954
139
8686
9371
8856
9107
5395
3549
5512
3697
6218
8477
6510
8261
3281
258
2
1663
306
2413
8780
9088
4428
804
892
9431
5445
7911
9433
3994
6376
9266
2333
6840
1820
8419
6237
961
1727
9962
1070
8343
9801
4593
554
5113
1921
5393
5523
3561
3160
4866
8719
860
4008
7891
1376
1616
1285
5446
6672
5052
3705
6060
3423
1700
6630
9134
1886
6235
3381
5174
8295
7027
4013
748
4598
4218
7054
3522
9330
1788
5053
9324
17
3902
8025
3740
4967
990
8459
9067
957
8089
4658
4258
1892
1002
1869
1541
1156
458
8680
9726
6125
3986
2686
1944
6613
8787
9105
612
6891
2412
7016
5135
3168
4228
5585
8145
3073
6612
2495
9300
4448
1536
8809
9580
7695
4285
9688
9595
7670
110
5818
8980
8521
8741
2545
2796
2741
5303
2562
549
8411
1683
6574
6942
435
2216
9387
9680
7467
6686
2379
902
9027
6392
8932
6558
9881
9389
845
5071
3728
6573
3445
4262
3821
2170
7280
3789
6770
513
796
4829
580
1406
621
4649
3990
8385
3591
8537
7600
5870
3296
2502
1577
3332
9234
8210
9390
7085
1509
6869
1539
5421
885
2279
493
4568
1929
1431
5374
3809
2937
3724
4184
4269
8364
7002
4177
2611
3457
6965
7039
1242
1141
4179
436
9963
4323
6539
9919
9127
9318
7652
9770
2893
848
7474
3536
5772
3054
1053
8269
9320
536
8691
3983
3936
5056
7097
3237
764
4339
9940
1766
6244
5932
5863
1589
5332
8805
2124
7364
6096
3239
3609
3143
1338
5175
1011
6079
5635
2912
4526
786
3621
4602
8304
2145
5404
7294
9928
4070
959
2826
1529
9343
444
9635
3310
2095
7989
8745
2800
2624
6569
393
5210
2393
2652
6596
9135
649
7070
1446
8950
6063
2797
9802
694
8168
4315
8251
4464
7905
2538
3866
938
1478
4251
4760
691
7985
5083
9161
6141
680
9969
9693
2615
8994
2721
923
5987
6474
3641
4740
4445
7620
9055
6999
8114
4720
6833
3077
7642
214
4629
9354
3579
9896
1146
3183
8899
7118
9560
6883
5379
5398
630
4782
6691
8874
9725
8287
5691
7247
373
9709
9929
4623
2692
3242
9162
8157
7901
1174
4773
9186
1667
505
1139
363
7655
5830
3832
5560
4149
4499
8639
9615
5540
5498
7404
1741
2058
3933
2945
7543
466
4366
3442
124
5951
5651
7644
6047
6306
4786
2925
4025
5759
9353
2063
191
7586
1408
791
1361
8476
1525
5410
1781
1116
8309
293
6255
4039
5959
9194
5612
2408
1275
9079
4577
6321
7395
1885
2207
2967
9672
1658
1313
7187
490
5902
2892
367
1554
2564
6503
414
6684
5416
4576
6242
4401
2421
7481
4015
5285
8002
5944
2710
6907
5287
7418
3599
4608
3791
1873
22
8959
3472
3892
7279
5224
8090
9724
1466
7682
5459
9301
5793
3570
8727
9264
4354
604
4498
1653
4545
2802
5159
248
2643
452
5676
2935
5308
3231
7163
809
2009
9158
6391
9494
8644
4524
8289
29
3261
4209
859
5449
328
7014
6440
3407
89
7198
5637
2336
6791
2220
5786
4155
2088
1420
4082
8766
9851
1538
655
9735
3806
1817
1130
4077
5123
4142
1270
3722
2117
5954
2049
2320
1081
2115
9486
5259
9228
7211
5330
7641
7958
2627
7046
2452
3968
1414
5499
1659
4799
5183
4279
8816
524
6426
606
5669
806
7784
7840
8648
1753
3087
4426
3121
9826
8612
6140
498
1333
3000
530
585
4188
3598
2985
7382
8255
383
2178
708
9059
5055
269
2756
811
4708
3506
4671
2276
7572
3126
5785
703
2407
4963
1449
7261
5301
8601
1962
895
4642
792
9109
7939
3356
6962
3565
2005
4367
6358
1876
357
5941
5865
2059
5129
7821
2617
1982
1828
4114
8758
1066
6115
5757
8823
6373
4037
969
9383
3023
112
4097
7754
3134
1095
8978
4876
5365
7534
6550
7358
998
4539
7500
1167
3076
501
6679
7560
8195
9597
8059
5812
9262
8234
4825
1743
7628
3435
6147
1724
4103
4231
4594
9420
2558
1566
9563
6710
9221
8860
7012
3954
8677
374
9042
1503
7025
294
2908
3919
6409
481
8344
7827
4772
7468
5036
8582
6772
9653
9964
6439
4144
2306
4831
6371
3057
3157
9397
9691
3341
8396
6429
7950
9339
5845
5831
3269
5798
8527
1307
2835
1196
659
4614
9199
4945
8064
7203
1680
1164
2651
3931
5158
6434
3603
692
3671
873
9430
6681
1040
181
1546
6905
388
9943
2922
1535
5212
4517
2348
6994
840
6804
4479
3018
4885
769
1056
7916
5520
4452
5267
5506
1159
3476
5145
9828
8442
2464
2654
2316
1847
1567
2850
7075
7865
821
6866
7904
745
1311
355
4791
5868
326
9842
1294
2870
399
330
8834
8608
9894
3485
9570
4450
6631
4722
759
6174
2576
9514
1798
9809
4832
6215
7226
5170
1418
6986
7581
3108
9554
540
6850
2992
9517
4336
2375
5927
5662
4844
164
6756
2372
772
1231
9020
7271
1592
2739
2951
9734
5494
3290
8714
2582
4275
9452
1985
7407
2636
8022
126
5225
221
8106
952
6680
1948
6939
224
9729
8998
3132
9947
9808
2635
7931
9432
9984
8117
5581
6908
7242
7658
285
2798
4636
2020
1585
4437
1631
4544
2594
8239
8670
8440
4257
1335
570
4100
1315
1694
3554
7313
8175
9985
3782
7605
4954
3753
4705
7879
1814
7614
2211
9951
1395
9071
953
301
3452
7497
283
2377
2050
2325
1737
8472
3094
8463
7707
5622
3482
1454
4822
6157
185
3067
9575
342
9337
5905
3698
2612
8579
4802
6567
1916
9983
1489
2077
7562
9015
2621
6537
5950
1624
1097
1768
5295
8921
2534
6064
9906
6906
7492
325
5822
2154
9511
161
4000
6086
7017
7000
9508
6508
5550
8829
8438
9869
1976
1137
4440
6991
9614
4344
9533
8318
238
1932
5484
9763
7255
7008
7888
3800
6122
516
1093
7066
7478
4715
9380
3233
8703
6317
8116
8754
8403
8746
8353
5168
9945
4443
2110
551
3080
5764
8205
1835
5177
5546
1252
4322
6221
9621
2608
2811
5541
983
4883
9701
7352
9069
6151
688
5411
9175
39
1092
8661
5356
3139
5339
6585
7554
5989
1468
9820
8577
3449
6825
5654
4006
2879
1023
7073
4357
4414
3417
6206
2293
642
6018
5272
8570
1636
9843
709
9490
4502
3444
3776
945
3225
5325
9344
1603
5250
5237
1342
4521
3618
1563
4138
5901
4591
6099
5519
4788
7764
1578
3331
3606
9863
7108
5671
9716
948
697
2203
8291
4411
7936
8252
6045
5429
468
4305
2928
2979
4817
3754
2690
329
5011
6103
6744
7192
1738
4853
2760
8938
9436
7156
3463
134
148
232
9872
3974
5367
8995
4281
9421
7444
2405
2082
415
9536
9658
8314
2278
3803
7937
6252
391
3632
2282
5376
7970
7052
1264
8492
1643
7547
6764
3989
236
6463
9311
7007
1090
6725
5127
1457
6983
7791
9036
8377
7994
2270
3188
5515
8288
976
8067
9676
8448
6388
5495
3424
5007
1400
4977
4752
5124
3528
304
1396
2327
6560
4332
6547
9807
2324
3819
7897
2420
4022
4226
2763
4978
1409
8789
2126
1891
8991
7738
5664
7371
7088
2769
9117
9484
9223
723
7419
9977
2143
6881
174
7140
1550
2193
3867
8462
5161
8395
3236
9531
1085
5866
7832
3587
1849
7665
3150
8863
3020
6580
725
728
3053
9129
1007
1705
4826
4661
2214
6728
1656
1606
5472
6058
6451
4255
5650
3135
2544
7042
2199
9516
2111
6839
2874
6586
5141
5401
861
1230
532
5658
7849
2913
4907
3690
7730
138
6828
2146
7417
2825
4699
7159
4638
5290
3144
1010
2233
1392
6724
7083
7858
525
1045
6320
8426
6516
8507
9173
6404
7233
7044
195
2167
4101
5278
5063
4572
4828
2978
7227
5253
3155
6734
823
9185
6753
4761
1903
7864
9626
4089
9632
7319
5211
8815
4730
5305
2969
6890
3255
2482
7055
6449
8920
3040
5832
4404
8203
3194
1181
5991
1754
2579
9624
1180
4881
5821
4078
484
5417
8128
782
8838
9357
8391
7293
641
7902
7896
519
9889
6689
9028
4597
1424
6111
6845
635
1259
3645
1866
2275
8180
4830
1100
2313
5030
6277
4208
2795
3905
7537
5510
2682
7276
7956
389
6607
6622
143
7351
6085
3253
3755
6595
817
7135
6454
2671
6248
5369
3710
7216
1715
2438
6041
9187
3171
474
5722
2766
9564
7859
4891
7333
4146
8501
1384
6930
3211
6042
2484
9176
3320
5755
5891
7491
1573
8971
8919
5925
3794
4864
5743
2197
2055
6386
773
2060
3153
7245
8893
7454
1784
405
4389
8954
9183
2695
4573
9202
2281
5172
1594
5005
5475
1004
6707
1187
4342
8338
6738
6739
7692
4081
2856
9097
4273
6030
9200
2430
81
7300
1432
3960
1572
7275
8259
4897
94
6084
3378
7923
441
6747
2339
6897
7309
4263
1240
6052
2655
6488
3219
1401
1668
6433
8367
4048
9108
9644
217
9874
77
3137
366
375
9904
9953
4190
3935
7380
8638
3773
5378
2136
8283
9062
1803
9368
7348
2159
6272
3190
1752
8434
8763
9989
2148
288
6002
45
5569
1352
7540
2242
3364
928
7820
1106
5191
8109
400
9394
4491
5825
6713
6893
2334
1919
1861
1068
7060
9125
9712
7676
4075
3263
2770
2246
5646
1417
2150
213
8913
710
3248
5018
2851
5872
7038
7528
9895
7047
7626
6810
2120
582
2391
2376
4599
4376
9317
2390
2833
3230
4241
392
8489
5869
9005
4580
3838
2031
3348
9656
5603
6648
5685
5094
9509
4153
6118
9970
3483
5073
277
8422
7703
5647
37
8657
3044
4477
8202
8915
1946
3084
7696
795
7130
7667
7125
8937
1915
4665
1261
785
9841
5109
8142
2472
8228
1984
5187
6158
1469
3
1979
6193
136
9544
5915
8898
815
7995
4154
3860
6356
4267
7727
3209
5971
7861
4351
1673
6146
9056
242
9417
5067
2678
6351
9206
6767
5318
5447
9555
2930
2669
2776
1426
2715
8018
3353
4152
9967
3542
1207
925
5814
2500
4308
2189
2771
5102
5262
7945
781
8712
1448
2537
9558
8730
1001
3956
387
3046
9988
793
4360
5185
7149
7397
8013
3207
5289
6743
7969
5735
714
4995
7142
6204
6670
5692
5382
6498
445
9250
7138
6801
9727
6808
1278
5248
8822
6921
3918
6957
8471
6496
6102
5771
1487
4009
1763
2463
396
5773
919
975
6128
2086
1266
5408
4045
1995
1358
3309
1336
921
1109
7101
9823
6428
1348
3286
6538
6314
9702
1371
5921
6525
7629
4348
7221
9352
7693
4703
499
8504
6200
830
5037
2087
1608
4804
90
5403
2814
7043
5525
827
8630
3781
2942
7959
6669
6552
4741
9034
8207
619
6006
98
4063
7919
2447
7900
7698
6870
2104
3334
3778
5741
7753
448
6759
87
8659
8519
3664
6152
5008
1467
8087
9487
8881
7818
8206
7034
9553
1055
7539
2514
5939
5385
6287
7649
5763
802
4112
6097
1961
7546
8802
385
7715
6442
2837
6142
1988
3818
7569
914
6341
3531
3200
8194
9877
7445
9156
5320
8735
3395
5893
8307
6044
5604
7477
7479
7774
3187
1344
7372
8099
780
6195
6895
9924
2620
6421
9257
3278
7866
7388
1602
8212
1165
4468
6219
3422
4931
2702
1739
4641
4673
3464
8598
1016
4427
3006
1953
6298
4911
4985
9547
6181
8982
3907
3605
9149
52
6773
6447
7486
8903
7106
1794
260
5632
9966
9074
807
3575
2589
6197
1704
6817
8917
8335
577
377
280
8439
1006
1855
8977
8031
7314
6745
2806
6975
2994
3313
9154
6996
9113
5842
9876
8103
6241
3399
1836
8420
2166
6223
6820
2519
4724
4355
9824
4462
8641
3559
9152
1708
4276
2929
5536
4531
8979
4904
3028
7710
5017
3454
8276
176
698
4485
7797
2128
8473
83
8625
3686
6370
5149
1465
8186
7862
5418
3656
4672
9208
7530
1357
2350
5542
8
1202
1975
9798
6950
8052
2674
7181
2331
3050
2556
7680
2081
9569
1833
3851
2353
5013
9662
2418
5133
1648
311
6024
4941
1941
1733
4692
5886
4270
7799
8939
2987
6701
9050
4133
2481
4057
4444
6305
3246
8564
9822
8678
2109
3788
8021
9252
3282
1625
1166
2340
287
2074
313
7496
1303
933
9150
3787
6310
3245
4757
6829
2809
8047
8005
2709
3707
2098
7899
8484
9342
7228
929
4880
7077
9588
4562
5246
418
7078
6732
6156
9256
867
4373
8483
7438
6267
958
6688
1076
4304
504
2719
5878
5697
3346
5422
1308
7126
8767
7966
8213
1618
3291
6645
6548
5977
9306
4059
1310
9810
8160
6663
1375
1327
5695
2790
6342
4135
1729
4688
4687
9396
6592
6051
6632
3938
6876
6490
1201
673
168
2916
9052
230
2157
1112
6597
2572
8828
6405
3415
3613
6800
5485
4030
4801
8810
4693
274
9139
7133
787
1429
8294
1735
8864
7424
1049
5746
8777
5894
9657
6941
8096
6816
7506
1559
4395
6814
5642
4420
5888
584
747
300
7405
9956
6124
2525
9254
340
1649
6777
9151
3370
1438
9437
1807
719
5483
6172
6623
9166
3333
3688
8428
2315
3174
548
1989
8487
1676
9335
25
1363
63
9647
119
8006
1749
5717
5023
4329
5501
2510
7619
2859
4431
2474
3007
5855
8065
2496
9496
4919
4648
5973
6861
4397
7402
1447
2023
9811
8035
8897
3307
3646
5571
1177
1912
4574
5586
57
4534
2995
3487
2867
8196
404
2645
3032
5948
9461
3375
3352
7856
2873
7422
5334
9648
3574
4271
8350
741
6511
7941
3567
312
8119
1742
6683
761
5794
2735
5840
70
6083
1073
8468
3510
8968
790
291
9476
6446
1425
2755
7208
5112
9203
7115
2501
567
1442
9980
173
7802
5390
3885
8927
7160
5675
8674
9288
9721
3626
9165
1769
7171
8135
7274
9634
6008
8398
5731
2236
689
1237
7852
149
5045
8000
8876
4164
7185
9689
7521
4657
144
9519
6385
1660
1104
9423
7161
7606
4116
1838
3925
9082
974
4610
5001
3234
4928
7699
1354
5331
4682
7155
447
1017
6408
2492
7756
8359
1725
2326
3099
6275
2819
5777
5899
4704
6875
2070
2917
9116
3519
5620
9457
4587
4005
5795
2919
891
8791
7359
7813
8268
376
5399
1173
7312
2857
8187
4875
1229
2131
8699
857
1460
1522
3991
3402
1726
9976
6499
7206
7719
717
8016
559
1662
6165
6207
9058
5355
6988
6007
4364
8891
5624
8558
6827
6335
7493
644
9303
2206
7146
7001
4695
9038
4014
5116
2749
2541
6782
6312
7282
1215
9556
4937
1444
8757
1421
9642
8514
1445
6329
1471
9666
9072
1411
3572
7961
2571
2512
7511
1397
5146
8061
8201
2899
51
3393
2950
4001
7104
8552
6049
5081
6536
3328
7943
8516
8890
5340
6101
6520
512
9297
3426
1560
7169
8841
2638
1801
8299
2010
5867
9792
6131
5976
5873
9101
8042
9717
8751
2225
7771
4631
6070
3012
6456
1765
5910
9683
3202
2603
8960
8623
3551
778
5276
6809
3195
4105
2999
3906
2946
114
6217
9901
7657
4065
2754
693
141
8218
8310
608
9416
5903
8014
5528
4751
3459
5933
7464
469
7790
9434
353
6758
7154
9915
6752
8909
9282
9584
2675
1920
4787
9001
7260
4167
2487
6231
613
6186
8503
4659
9854
5653
1505
5667
3814
4125
6261
5860
9412
4406
2001
3615
2939
522
6778
834
4934
8518
2787
1884
5584
8604
3254
3322
9692
4896
4575
2019
2574
9270
4579
9520
9730
4337
6877
9104
5533
6813
6010
6472
4068
2752
190
1176
1133
8952
9351
9260
5098
8929
4128
165
8113
9130
7898
7804
2301
3653
5997
7860
2217
6805
2286
8154
9778
6208
7229
6476
5050
9425
1551
3268
7117
6080
4991
9163
1121
3735
256
8955
8568
2003
4871
8692
9627
8524
9708
4852
8010
9298
5028
1433
5025
1612
1623
9978
1823
7217
2053
6071
1936
6308
5681
1263
7384
8718
9930
292
503
4441
4040
4504
6795
2774
7924
730
3451
7933
5184
744
4325
4511
3790
1888
674
511
9231
2174
3997
2847
727
7232
7870
9944
3495
5068
8450
496
5602
5348
3500
8833
7433
3756
2038
9780
2398
7315
6646
8347
6130
5688
1462
497
8334
2598
2188
9737
926
8125
9159
56
1209
420
3959
1249
8316
4160
7874
2968
3465
3249
683
8467
9695
5917
4698
2881
4183
5162
3716
408
9669
3865
9804
5352
8963
7460
3901
8270
7385
1762
3515
6826
3411
2441
8019
4938
491
4170
720
4571
1228
8407
3676
8027
5513
4150
4686
2116
1686
9398
6557
8399
8925
2222
3635
2454
476
8831
7194
1937
33
5091
1879
1036
9198
8663
8725
227
8384
3730
3619
9003
3491
1940
9816
365
876
5792
7589
8861
8702
9345
2551
2957
627
8546
5593
4758
5924
8373
6780
1772
6431
1875
622
8646
1136
3390
7576
3914
3911
8877
6559
2033
5092
3217
3592
3365
3982
3068
8772
6166
7329
3795
5488
6316
1719
2518
6901
9994
1640
5051
9541
2704
5032
9609
5312
7196
934
3181
3384
6497
6295
7810
7019
4723
5754
3509
3896
7457
4158
9019
988
5702
4416
9527
5638
4187
6864
3859
2192
4161
9114
88
6035
3644
4165
8088
2852
6280
3517
1080
3779
7563
949
1815
6748
2161
9797
6774
2707
1548
3165
1245
4632
6832
5623
8799
2439
9195
7999
6046
2836
2141
3014
8265
9230
8681
5748
6299
8248
5970
8704
4561
1365
6570
3927
1837
252
5035
5601
6485
9629
9489
1435
5024
2123
7661
4083
3312
7455
6600
1859
8617
5957
346
7718
5004
1044
9309
4819
4110
9245
2374
3810
812
5544
1404
5715
4884
9506
2085
4046
2130
8684
3112
2961
2409
8274
7907
9279
235
8922
2656
9821
9557
5996
1889
5110
4341
9465
4481
3827
390
7222
9948
2387
5282
732
1604
4292
8004
364
5522
833
2107
5974
9837
1131
8975
535
4042
4647
4362
2633
9446
4087
5139
145
5721
3264
2181
7244
8690
9529
5364
6523
2554
9686
3475
5833
8185
9500
1298
2753
6660
6077
5504
2198
5618
8793
4026
7373
1967
632
6714
7499
9767
279
7659
883
3785
1122
9840
2185
1221
2700
6106
1609
5487
4856
8662
2016
2156
7653
665
4023
899
2399
4107
5294
2290
3868
3118
1968
4618
6677
1908
9604
9592
1569
380
1082
3948
4780
7940
7542
1831
4559
2646
7341
9241
3786
7119
7109
438
639
5409
9177
1810
1785
4784
7306
9289
7061
964
3601
9081
2561
4058
5790
3749
7908
2550
8958
9573
4628
2515
2013
2056
4163
9836
2838
3380
9817
9844
799
2347
314
3158
9355
3704
8742
3617
6173
6390
9512
6495
5684
8382
3198
1493
4328
5066
8969
7053
3152
2309
3294
6995
1330
8953
8517
5633
9428
7726
4106
9160
5983
9189
653
2252
2043
1453
3484
7458
7094
9269
5797
3391
7650
1628
8172
5458
5916
3932
3843
9018
9302
4293
3113
8453
5202
7084
8722
3640
1212
9711
5962
5686
5461
5205
6000
9608
7868
9908
7795
7509
7449
9319
4583
1269
204
8048
6038
7747
4314
9982
3893
7236
3010
5220
9291
237
6290
2477
7775
5554
6289
7635
7975
9455
6334
2323
2440
557
6016
8034
2948
7687
1583
5880
2528
750
140
5397
9787
6040
8629
4358
5457
5207
7948
5033
1613
9831
8539
1286
1842
4815
4501
8170
5837
9638
4200
7648
2295
5518
8308
3596
6522
5291
9439
7432
7545
1203
4274
356
7533
9515
843
8445
9261
5164
8050
6028
2026
8060
4294
7513
7636
8795
8976
8709
6354
1575
6723
1086
9395
1412
7264
4034
4744
7210
5219
4242
3017
1502
675
6565
6168
3792
9106
1314
3163
8055
6640
1822
8673
462
2465
4393
864
5969
4836
5874
9643
844
3804
2486
8330
4957
3854
7673
4402
1060
7328
9172
9812
4043
3648
2476
7476
3768
6211
2212
5661
4940
5783
178
3398
9699
1934
2135
32
1991
2446
6729
3926
4313
6823
6209
7209
7801
7246
3159
194
5471
533
3862
1971
8278
5858
1990
8101
3162
7697
937
3872
8896
8332
3607
8908
9209
2329
1329
776
3608
6011
3389
652
2810
4122
2034
8165
7987
4915
9495
2901
909
594
7278
5966
6363
78
5296
4467
5524
482
4372
3085
8918
6117
7320
4197
6545
4609
8441
4964
8062
973
2737
9999
1547
4932
735
2267
7079
69
105
6910
1364
2272
246
515
229
8326
322
38
1483
7716
5856
1423
7392
2956
7353
2018
3089
1292
2890
9472
4016
3837
3083
9618
5914
5450
4012
7812
2680
6430
8300
5271
2427
8851
2258
4719
3374
9411
8342
8026
7318
8553
4386
7664
1927
1993
3439
7040
1094
3642
2460
661
6507
8100
6415
7714
7544
9752
9965
3703
9128
3846
1922
6098
3003
797
8111
1324
5800
2524
5249
4352
5552
4143
5952
4533
8531
5619
9364
3404
7381
858
3403
3558
6330
2630
4092
8369
5849
5065
1744
1591
6114
50
7283
6636
7121
6382
8645
4589
334
7844
6561
6806
762
7340
8854
4024
7590
9884
4374
7608
2458
6504
8572
8850
6243
2356
9143
9743
2758
2723
8494
2587
7139
5896
8017
7100
4118
3946
4212
425
1771
8526
2268
4199
2861
4859
8056
3661
3029
416
3425
1756
2317
8622
4067
9957
1257
159
3275
7758
1391
6658
1531
9153
1687
8011
2182
9488
5153
3665
2249
3185
4371
3256
3490
1153
3131
4459
4860
1039
42
4639
9213
8523
8847
9361
4540
2035
4855
2720
1617
6303
1316
6766
7930
1736
7882
8508
7980
3878
6822
3871
2687
4845
2595
471
5478
454
1296
9625
8151
2681
4925
5566
7465
5203
5861
9178
7391
3652
7305
8093
645
5003
7847
5361
5182
2829
3812
5486
8818
5079
4453
3440
4307
4843
8237
2105
6482
3177
5909
8469
8832
788
9168
2139
571
5981
5465
9525
6389
7609
1515
6803
5747
3714
9714
7235
5854
2429
3262
359
9601
5054
8853
5844
1379
6413
9485
9237
1052
2782
9418
9482
6583
7068
7124
426
8928
3058
9565
1890
2479
3109
207
4808
2015
4711
2294
7967
4062
9971
3302
7035
5897
6949
5405
6812
8058
1595
4683
3479
2944
3985
6460
3277
1764
7777
434
1860
6649
1758
9224
2114
1703
7889
6384
1235
542
4624
1597
1019
7761
9640
7131
8136
3493
2560
6602
9696
4980
7231
9825
4455
348
6848
7878
8873
5535
6617
9713
2602
343
5556
4136
2915
5232
8254
132
6179
4191
2287
7152
3701
5464
440
2592
2219
7186
662
6471
713
1105
6865
7631
7551
3093
7049
8555
6947
3712
4227
9032
7234
3995
7461
3038
7413
8886
6133
7243
7766
2548
1305
7375
9273
9932
1997
1145
5240
3496
6136
5883
5321
5539
8362
8078
7809
2494
8716
9897
7501
7654
7831
8843
3295
2176
7601
4282
7688
9197
8246
2840
2370
4384
107
9388
1029
3544
1295
2024
9348
489
4095
9253
3251
7423
5851
6180
9960
6095
5060
1182
5193
9992
5258
2045
1510
308
5477
805
5460
4709
2708
8149
3674
7957
6144
9991
7058
5234
4174
6948
7253
4717
8647
4215
6145
4120
4669
8409
4556
7700
6977
9622
5192
1319
8322
7855
6379
3373
8009
6210
2280
9710
5582
4519
6879
1199
1504
1714
7056
2586
7059
8104
8354
2318
671
1175
4827
8561
5373
2202
4213
863
4091
1099
4115
9475
7992
5563
5270
282
8077
9510
4965
7610
9900
597
2273
8233
8500
1635
7752
8029
614
2911
8158
7549
5241
4675
5088
7028
7794
2642
3305
2200
9935
4956
7439
7640
5724
656
6750
8852
9736
757
8349
1057
4525
6794
4806
6629
7425
3037
1148
4696
7835
8685
7485
1347
7346
1388
2517
6976
5427
402
1792
6323
6647
8513
1824
4412
9502
5441
1282
4350
2626
4461
6162
8721
9766
2305
3679
4595
7788
3100
3894
6054
2883
7757
8222
5718
9972
4140
4098
870
7127
1297
6735
2640
7366
5828
7045
113
5750
2714
640
1637
6655
8941
5433
1666
2846
1101
3272
3811
2475
6969
531
1440
2747
5254
4743
4541
7843
801
9493
4490
7297
3998
1661
7585
8253
2499
6751
1434
5122
6338
1679
7779
8985
2288
7568
5598
8124
995
3573
565
9703
777
5960
963
628
109
2235
3678
4820
8452
1809
8879
5358
3039
5900
3136
7157
266
4798
6159
9024
7441
6662
9051
1490
1380
9769
8235
657
3016
3321
2414
6189
6668
1773
430
2332
1593
5587
6909
2909
1287
54
6286
8098
5656
3630
7086
6387
9534
2274
9867
2311
4706
5791
3467
1655
5802
2685
9271
3122
9765
5341
1155
6283
7965
6914
8720
7928
1562
579
4712
808
8811
4483
4456
9718
3361
4749
7143
4895
3453
2575
6443
9603
8574
3092
2845
6094
3748
5362
62
7516
924
7712
8884
1479
1452
7265
4318
3468
5625
9950
3323
7685
7583
7926
1021
1887
8360
2605
6940
1761
2100
545
4399
9655
8785
6104
5223
1530
333
9760
1793
5217
4299
5922
8987
7440
6352
9832
2619
6593
8122
1276
6604
1832
5236
6619
3027
7074
707
5230
4913
1217
5690
610
6048
3650
6260
6641
2240
2808
2885
7909
1172
8761
4707
8256
4936
9910
6666
7257
5143
5848
5644
6933
8502
3847
2762
2406
7266
1893
2403
8139
5218
8944
1514
7489
8263
5286
23
6572
7997
261
6364
2768
5031
7973
4288
6493
1037
7021
6004
7929
8855
8183
4990
2842
1427
6779
7630
21
6419
99
1084
980
8533
2703
5059
6993
3663
8762
4147
1900
5166
3817
8871
1069
4944
28
3418
935
5727
8895
253
760
9460
2036
6938
133
6664
9518
849
3386
2448
2949
5171
8331
7447
1986
3213
8356
9009
7722
3166
1512
7947
6919
2190
8037
1191
3503
5643
3304
6973
6477
8830
9540
3091
1605
6481
8569
7762
1289
1844
5328
9190
5836
4168
6517
8262
1050
64
3063
3684
9549
7643
5346
9542
8188
8900
8654
7009
8655
3458
7237
4439
9164
3915
4532
5456
9913
4061
3813
6182
5538
5636
3049
3669
5425
5683
2328
7739
831
3964
3145
2151
2746
1621
9785
9838
6579
6081
3357
2090
8108
7520
5173
4553
6418
1698
8804
4863
1904
9888
6362
6113
4099
4903
8520
4086
5736
2384
1864
7093
6912
9865
2480
4581
3336
4999
1224
8910
2381
8480
8857
599
1646
5453
2531
2362
5490
601
6815
6554
8371
5002
7968
1034
7974
2445
841
6291
9157
4433
1899
668
5273
8621
5605
8144
7881
1671
1818
218
5655
8624
8408
4403
1248
7728
6852
3041
8083
3197
931
8324
5682
9631
5766
6731
8015
278
1555
4250
4701
9732
529
3987
6675
6711
2453
4496
8393
2459
8814
4584
4210
310
6478
9442
5345
9670
4391
4131
3382
5324
4324
9761
2804
372
5381
4666
1075
8965
3725
5315
1524
9619
463
96
3045
6167
5998
6359
9857
5097
358
2862
3082
7386
4425
4823
8593
9251
1048
9382
47
4171
8986
1949
5200
8281
3504
131
2319
4113
999
1881
6001
1800
3300
5231
7256
8614
79
1587
1108
6135
5614
3229
422
3849
4851
2201
7767
4236
6671
2083
3280
8724
6929
5615
4449
7411
1243
7036
718
856
7674
2164
8907
4117
6318
1200
850
5967
1848
8226
201
5574
2297
5117
2736
2093
6112
6546
6266
8497
9304
595
1477
9220
1458
5293
9975
2863
8488
212
3852
2639
6926
967
633
1260
3736
9775
5628
4637
5138
1819
3939
2172
8143
6578
4233
1204
7456
9144
5125
5137
3377
411
2304
9201
1168
5993
9468
386
101
7298
5703
6843
1351
9393
679
6367
8345
2330
2310
6771
5452
5165
6793
6473
5440
2040
7004
4590
8351
1558
5521
7005
4676
6690
2113
9115
568
6512
1437
1306
2266
6695
3401
8643
2832
5857
4969
9010
7179
8634
8126
9349
2218
8870
8121
7462
1268
7536
1186
417
9585
6659
1279
6639
4943
6589
3078
9878
9322
9498
3128
6754
2244
2032
9687
9613
6856
3394
8974
5251
6797
1222
1009
5222
6837
6276
4677
1843
8292
9341
1746
6526
1273
3595
5244
8599
8587
1811
9738
7114
9846
3432
4157
4286
9215
7065
315
8169
2183
6282
6092
9698
1958
7051
9029
7197
4795
2422
712
3898
4508
3889
9000
2194
779
8319
7517
3537
4644
1816
2616
3764
7976
1568
5980
6900
7792
4029
1277
9123
4716
598
8286
4926
9651
9813
8798
609
3368
4962
1389
2243
8485
8496
6971
2071
2308
8449
4189
2221
4126
8191
6849
4363
8132
7428
6027
4340
7558
6397
1508
4201
8948
9141
2529
1451
2535
9578
966
5934
8943
4746
1690
6741
970
4277
9365
5779
7913
3685
2972
9308
3881
431
7031
2679
3505
2650
9526
5314
9456
507
4359
1213
6842
9147
9174
5093
8840
3967
4569
5194
3582
5838
3672
7632
2886
5639
6943
1520
5726
9784
6603
9522
6137
5577
3546
5732
9265
5694
4909
5406
5708
9952
7370
3388
1385
2884
7691
1041
187
5010
7408
9414
5516
1998
9314
1965
2147
6626
2444
4398
4779
5493
8633
4527
4917
4229
2547
9650
6634
2742
8783
2701
5564
8023
1791
2952
8794
2530
7284
8215
1025
6120
5594
3566
2002
9550
8547
3022
2864
1840
638
1018
1293
5022
2513
8708
7220
5841
9047
1291
8597
8273
8340
6871
643
3015
2298
8739
3034
341
2029
1132
4733
5834
1966
4923
8208
6608
8591
2251
8748
4564
8728
5311
9233
6656
3540
3629
960
7180
3719
2781
8086
733
5687
1970
939
2027
6224
7475
6402
7833
813
281
8649
1063
2263
6412
6590
2730
6014
7925
5898
5936
1778
7824
6322
7872
9259
157
2599
5090
5333
1634
8658
249
4216
1138
8541
3031
3138
3193
2292
6544
8607
1710
605
14
4268
2625
7213
7470
4345
3769
9381
4664
8493
5442
2567
4486
3823
6915
7853
7495
1353
8543
1556
4992
2778
2302
6480
4889
4203
4857
7153
108
7113
5462
5847
3734
8130
3350
6090
6676
1274
4689
666
9861
5188
4134
1805
8368
8981
7367
5912
8404
3681
5756
7102
9871
1326
3001
7594
3316
669
2980
8197
5809
2423
5229
5300
1513
7708
4803
1031
7410
5077
6466
4935
2191
9244
9552
4394
7672
2872
8054
2508
4738
3056
2955
5111
9272
4522
7751
3259
5121
7137
2649
2600
9443
264
9548
2583
8313
3677
555
9440
1253
7488
5058
3283
6665
3397
8346
2631
1111
5402
4387
846
2699
4877
1992
5396
2144
3973
5890
9902
6954
9926
9287
5824
9958
5044
986
9917
1533
2713
5394
153
4487
4460
7828
8192
6309
8842
6902
4550
4220
5567
5503
1983
5782
3900
3877
9612
8573
2658
1760
6904
6026
4776
7765
9391
5947
3293
9240
3691
6913
3481
5698
7200
202
9796
3839
6530
1615
3799
6108
7770
7815
7749
8610
36
3247
5377
2693
5670
4551
3289
8765
4922
510
875
4457
8616
3142
485
7829
3409
6143
3024
68
8266
3410
1399
2253
3921
4554
4612
1179
470
3243
5600
9576
4729
6281
7259
1545
6642
1619
6571
1244
5956
4186
7763
2960
1960
1870
5803
5313
7172
2186
3431
4846
5652
2877
9399
3841
3338
8146
44
8540
581
295
8379
3511
3429
2227
1537
3512
9070
7299
2526
5039
8586
7639
7356
3706
1030
7963
3430
8091
5711
4055
681
7103
3891
6989
3308
6269
9986
3729
8008
3845
4245
3501
9561
2672
8626
8894
2296
4834
3474
4145
8653
5787
4297
9068
7345
129
6029
3494
820
3798
7092
4908
5507
9327
1987
5820
4835
1880
6515
6339
3969
8611
263
4447
9781
4646
5938
9875
55
4334
4435
7415
8361
1280
344
2773
4272
6053
6203
5180
2712
5666
7301
183
7684
5134
2394
1974
4326
4555
4651
4515
3576
4975
1415
8559
8576
7020
5572
3923
5430
2338
5875
3149
7787
1272
7584
1110
8458
2457
4878
3738
192
9815
912
1657
4151
9124
7564
4726
8619
115
2896
8074
4007
4955
270
200
1942
7702
7807
4754
6519
8849
6013
2361
3498
2527
2337
8535
9006
523
8161
8464
8164
7215
6043
2973
3942
6056
6700
705
6601
9477
9581
664
2732
332
1208
574
8431
6674
8914
5176
6138
5326
3904
7895
1972
2869
9169
3913
8715
7144
754
3584
7988
6453
323
1219
7510
2653
6643
8595
5988
8133
5885
8688
4470
6524
4053
7773
1626
2757
8495
538
7525
6020
9410
1580
6183
1521
8339
6564
731
906
5454
8557
1185
8296
5350
6673
8530
4952
8007
3993
3026
5480
5768
8536
8756
1422
7671
6263
228
5575
4492
9600
9791
1584
2882
8549
810
1731
5990
4474
4096
3694
6302
3874
5099
7393
8912
8097
7914
8676
2661
4417
254
9654
7593
6625
9678
6661
8394
3114
5046
8080
1492
8693
3508
9136
2048
6984
1925
6328
9077
2923
106
695
1644
3324
5739
6333
125
3270
9829
4085
7613
1701
9170
8858
7403
9530
956
9219
1410
128
2204
7296
1782
6012
9142
3916
3922
1170
5548
3895
4392
7837
5029
2943
4375
3585
2039
625
5728
9671
4622
687
2738
7205
6937
3657
3747
4986
7190
73
1046
4066
8738
2119
9617
1366
1728
1963
8466
179
360
4248
352
7577
5895
2169
5580
5963
1702
8846
6132
5274
2231
3492
5882
6610
562
5069
6838
8392
5354
2779
4317
1372
40
9095
4797
4694
4497
660
8588
1337
1331
1309
7597
7195
6862
9155
4893
7262
4625
5419
5992
3148
9193
603
1302
2958
1091
9862
4451
7136
3473
4811
8383
818
8967
3624
2238
7996
5118
1387
8156
7429
3774
7505
3909
1610
4516
1474
8817
2346
335
1439
6727
2490
8528
5673
5148
7524
5693
2761
4031
4327
7745
6924
60
6259
5128
2142
2096
6107
3095
4290
5131
1642
3623
1681
7063
5080
2606
4537
3379
8189
2670
847
9326
2902
7912
2473
1943
9043
5078
6956
8888
7781
8696
9478
1300
5389
7875
7141
852
8217
1579
6654
6292
9210
7637
2425
2483
8743
316
3220
9454
1184
5064
162
2368
5611
1581
9290
3856
8632
3227
3033
123
7769
1123
5228
5588
2568
4421
9406
27
8241
7032
7308
4222
8085
6529
9277
2570
1779
3713
5179
4745
1651
4400
1059
167
4565
5549
5923
5317
6859
8040
4139
6184
8732
8548
9239
8032
169
4173
5700
2866
7736
5087
2697
8962
8249
752
3682
2363
1369
4873
4998
1854
9677
3548
3327
3526
1527
3600
4807
8660
4755
5674
3824
3529
9637
7347
5770
6324
4839
7803
8627
2520
2962
203
1169
5040
429
1896
2073
4582
8066
9474
2555
2431
5353
6452
8141
684
8376
7623
2021
5906
3359
1323
6109
3214
2740
1978
3952
7116
2488
1183
4947
9720
4655
9184
7263
4981
3833
6740
8945
6039
8736
5532
9707
9545
4407
2844
4974
1339
6717
8999
9450
2428
7452
8357
2931
4247
8214
650
5606
3066
4627
3666
910
7030
9605
9011
517
7335
8972
1126
156
7796
5155
6025
4620
1012
6188
3943
573
8429
6736
9961
9537
6432
102
9700
979
5256
3563
2184
2068
5275
3086
7748
2498
5689
3199
685
5342
9376
889
7535
4254
7709
7596
7096
8258
5435
9374
6410
7514
8640
5178
3651
8425
8867
6019
7705
2904
2924
5391
3222
1488
7327
6285
1909
7841
3371
9579
3844
2285
223
1484
4946
9818
9636
4900
1443
2891
2042
3980
432
2634
2676
6378
2898
3687
7603
3825
7954
7922
3433
3760
9800
7574
2360
4529
4771
8679
7453
6422
2584
5839
6760
2812
784
623
667
6627
1299
3746
9973
1670
4567
2256
2648
6718
5492
5265
6229
4130
8478
2644
3104
3766
3223
6105
3427
6487
7448
4585
9356
7990
2358
9538
6985
8694
4640
239
5489
1197
2322
5591
3553
8544
8883
2471
8618
2965
4680
7660
3329
6980
6033
7785
3979
7679
8882
4747
6705
2215
6966
4592
2505
4894
8297
7199
6851
1718
5307
16
9207
5380
8594
3079
4536
1532
8153
2953
456
9014
1911
6698
243
3455
7267
1343
3499
4888
2543
7316
3903
3111
1234
1783
8951
7556
3999
1251
9218
905
9405
3696
5351
7903
5363
7735
7731
3124
1627
4961
4390
6366
8755
5545
186
4905
6935
8687
1957
2783
2926
4872
3875
2613
1952
2125
4670
9892
2580
6722
66
3884
7720
1390
1301
6934
4984
9131
534
5928
1135
6160
9377
9684
4219
9140
9332
2378
3662
1850
5668
8666
8406
7365
5659
4109
9369
9572
3521
6858
7548
9458
7851
2102
987
2764
9236
7984
6427
3586
7823
8737
9212
6952
7317
3101
4615
6294
2533
4626
9673
3196
9238
1611
1926
3614
8997
2745
7741
8352
3047
286
3129
3130
171
2007
2506
829
537
257
5020
6154
3074
4141
410
7303
8389
8220
985
1924
6264
6831
6372
5826
3721
4685
5048
7498
9783
6394
9370
6484
9044
2052
4867
4552
3628
7706
5476
678
5233
704
8996
9610
4557
4388
465
1498
5892
7834
9856
3853
7112
5479
180
336
4949
7550
8159
9225
2180
1241
8875
8956
6853
3514
1517
3151
1362
3638
2684
2868
5261
6411
7
690
160
6050
5366
2920
5589
5150
8293
477
5243
3466
1152
9747
862
8844
5075
6502
5142
8701
92
7611
1378
6716
7917
2380
5214
6377
2966
2175
5281
5213
7599
7120
3301
7342
1755
7165
7527
7869
241
8049
4017
9847
2843
9909
3244
2171
1238
6424
8563
7863
7645
2828
9899
6279
2618
7332
4377
3611
9859
5827
2854
6944
2717
8177
0
9464
318
1144
3271
7798
7148
6775
5816
711
196
3096
547
4121
3221
5568
996
2365
2799
5630
4960
6963
1519
3762
8596
1695
7793
1633
2569
2283
9532
3831
6781
4652
1652
5953
3477
3578
8845
5964
922
9959
5437
2395
6811
3030
1845
3072
7158
9996
911
2801
339
7304
7598
6232
5383
1072
6205
6541
5426
1923
626
6360
2964
423
3204
5144
886
7258
4283
5206
6005
7503
4438
556
8298
67
4558
7394
2880
5432
24
1461
3538
5514
7886
854
193
5227
3420
7768
211
8711
1867
828
9771
3890
9750
9305
9667
1450
3654
5961
9041
4319
5751
9685
442
6594
3069
9340
4506
244
9232
6357
3055
1561
5043
8510
7724
1214
9639
5215
9035
3709
6712
5019
5260
9786
2871
8637
593
3699
4503
1950
1024
409
3260
4050
9222
3765
3486
1334
7174
9834
9013
7177
575
5929
3745
2834
5752
5061
8498
464
65
6854
473
296
5994
1598
871
8198
6961
8328
147
8931
7466
3215
7436
8410
3955
276
7689
5384
120
4862
7681
5140
617
8550
2503
7399
6555
8267
5517
7362
682
8244
2062
2660
2918
5119
3569
6148
552
3098
8443
7819
2084
1639
7387
9016
832
2367
7193
7469
6149
1143
981
3081
7437
3739
3154
245
8416
6239
3627
2112
8924
5913
3513
5576
2677
3120
7248
6271
9567
521
5126
500
2665
2011
8567
3757
104
5986
1226
6765
6918
7048
7374
5012
3882
7522
4044
8560
618
7026
8182
5799
9665
6153
8424
1271
7529
9469
9882
7344
6945
2127
3949
7532
4976
9179
3649
7128
3602
3470
1482
526
9039
2092
5699
3228
9504
3235
9386
6163
3593
4854
2478
4489
9879
5208
9740
5500
5041
2404
4132
4849
6807
378
6032
8636
2744
8923
8433
7057
1189
142
3920
7759
5338
775
4446
4800
5209
9912
61
5082
7743
9606
5
5201
6755
6968
6250
7166
6863
4840
9281
6527
5016
6792
9890
3179
5534
3876
770
2817
2794
7325
5062
5269
9521
2577
5788
8482
1125
3355
9448
1688
9180
2628
6369
8760
2788
1507
6368
9392
7602
8926
5590
5733
789
2014
4469
6776
918
5806
9037
3631
9742
3436
5310
2433
6885
4993
3438
7701
7442
1054
837
3216
7472
4032
4507
8112
8223
9925
8801
2853
1732
2417
2637
2604
9366
5245
1669
9112
175
1373
5306
5723
2173
4192
5737
3535
5163
4879
9359
7225
7555
6337
7062
3182
3103
9505
3232
9682
6742
1102
8515
7291
7678
5292
9920
8481
2289
8236
361
916
5420
7845
2262
3737
6946
1161
5242
506
9294
738
1283
5876
6059
7621
3733
2848
4301
2907
7334
9782
855
275
1210
8771
8889
2841
9400
2461
7412
8683
942
1370
34
1693
7105
407
7518
6171
8717
3043
1413
75
1386
4617
135
479
7944
6089
3342
2823
6721
7582
8166
5704
76
2364
8592
3326
2775
9768
3966
3957
4865
2196
3622
992
3816
5322
9012
6621
1290
6990
9148
8505
5257
566
8247
2934
569
7780
5329
3345
2597
9772
7336
1865
1436
647
4968
4578
8277
546
8669
2284
8490
8542
5713
6450
9886
3670
9922
8813
8733
319
3908
903
7690
2734
3899
5705
6878
8397
8003
6834
3516
6164
7982
6633
2914
4162
8486
4239
4781
9773
2396
3541
5463
4104
8372
7782
4349
9887
4538
3164
7071
3344
8152
1127
1980
13
6830
1035
898
3450
5949
7625
4408
1883
1486
7207
8726
7090
7786
3534
3284
2711
8800
72
5204
8905
3887
4611
46
6192
9429
6972
9501
3191
8664
7182
233
382
636
2728
5508
1250
4765
4003
6220
1511
3042
5335
4084
4588
3545
7789
6846
7964
9827
3146
9403
2462
8774
2941
5877
4869
6233
9362
5156
8753
6978
9094
955
7427
3051
9121
3924
9911
2591
7431
4223
1629
4748
5680
7953
8562
1574
783
7894
1065
3048
5130
8935
5778
5975
1518
8744
5665
1150
4335
765
2129
8773
8656
2988
5629
9126
267
9167
9914
215
3315
7420
1571
3543
9214
6769
9268
6638
880
2725
1407
4206
6425
2989
6201
3940
4678
26
8827
4500
1780
4753
7921
7251
5558
5009
6448
6899
2552
8417
865
9422
9054
6331
8430
480
7846
5302
6824
4312
989
4887
971
1472
3075
1994
3169
3469
1774
7377
3822
1064
7918
7711
7578
696
7721
3976
6399
4196
4697
8053
1195
4484
8885
3206
6116
6214
6438
1699
3550
2750
9753
2385
9938
3801
8454
9378
9620
6346
1874
6134
9830
1003
8848
9833
2108
2229
284
835
5000
1747
2359
946
896
1806
1775
5120
528
4600
3962
6347
4004
9694
6606
4038
7080
2097
7717
1776
5551
4148
3660
6483
8348
1345
7212
2122
188
3750
1267
5862
8150
878
1119
646
3742
5871
6709
6873
9936
8887
508
303
8134
9204
5701
9053
8366
7383
10
2335
8224
4543
6786
6037
2743
4972
7604
8479
4069
3097
6614
1026
7646
9426
1696
2910
3314
6230
9582
7473
146
3826
583
3620
8219
3965
2064
6246
2888
2588
6514
1576
5096
9046
302
210
6245
7686
9757
2706
395
7960
6521
5982
4763
8642
3571
5911
5190
3210
6441
4027
699
5660
6315
9583
6726
152
3758
1650
2232
2691
502
220
3489
4056
1802
1383
7214
1020
539
9497
9593
3413
7145
6467
1118
8092
8415
8491
5468
8602
2165
5100
4423
1032
4311
9295
3127
4432
9660
2900
2057
5467
8911
2153
8667
4172
5706
2932
2351
3226
5388
6258
305
8782
3414
4756
6543
9893
2559
4634
2610
5255
8302
5152
5769
9133
6278
9119
2208
8012
3070
4635
5327
3035
9017
1350
2683
6708
1013
7033
8020
8961
1905
1284
4237
5431
1419
4914
7814
2729
6757
7401
9483
4528
1393
2257
3025
9524
3562
116
127
564
2402
6513
3412
1083
6236
3858
4667
8275
4410
