5931
6557
9798
6353
9416
1507
3946
9902
3562
3292
3533
4783
5563
6359
2141
8633
9344
2198
1797
9194
2710
2465
6378
82
3789
9535
4068
8848
1457
5335
7832
8612
8490
3955
3061
1289
7970
2860
1093
2728
6123
1144
5075
8037
7168
3605
9843
7077
3584
7705
7867
8755
1197
4033
8011
8223
622
5773
8026
8788
1312
2495
2236
4219
5412
6688
3855
5675
6978
2201
9069
590
7845
772
2784
3237
1635
883
7266
996
3068
969
1455
7892
4259
2673
9575
8953
1687
9410
1148
28
7799
2929
9971
8044
8220
9677
8474
7337
9172
9240
6091
1721
5930
9144
3134
5539
8367
376
5058
832
1711
497
932
4833
8940
640
1881
5507
3659
9842
122
489
3417
8492
6478
8232
7008
6258
335
2608
7218
3778
7677
9405
1962
8692
3681
1669
2776
1431
340
9472
5719
5096
8781
5287
8350
9407
1061
1076
3500
7606
1038
4208
4127
897
3558
3428
7289
4534
4675
8889
7059
1675
7081
7866
7853
5014
5566
1605
391
6065
7780
3003
2238
9510
8139
4740
6597
7433
3686
9202
5989
3249
9296
7582
7210
427
1719
3282
1316
9358
8720
3712
6234
9220
4984
5628
2892
5382
7599
9598
5648
2376
7287
8724
6399
1087
7877
6093
801
7252
3703
783
1271
8110
9707
7071
5514
7126
478
9316
4165
3588
4085
3625
1568
7470
9961
2949
8626
3105
4800
5651
6706
7572
500
7202
759
2838
585
5894
2231
533
5008
8690
1733
4554
4629
4638
5423
3607
7319
2867
5971
1965
8212
2707
6223
4486
998
6212
266
3531
9670
1774
9378
8122
9280
5061
6183
139
3190
5294
6329
4086
7802
5247
3968
2112
3145
5069
6836
5048
8364
8595
3334
160
1870
7569
8772
5739
4307
4551
7808
5324
9054
8005
9930
9875
1767
2070
381
397
187
4284
6507
6188
5843
7585
2911
9712
6143
5589
7818
8390
180
7552
6442
5908
5331
4246
3779
6890
2490
1732
1079
9448
1184
8489
4670
4144
8525
669
2950
631
6560
3794
3247
4909
8794
957
2930
7922
6888
7397
9524
3335
6273
1539
5127
4650
8976
481
7219
8152
1789
892
8384
8433
3408
9456
3296
415
5273
7049
4028
884
7389
1150
4090
9647
1297
106
8459
2316
5060
2846
5619
8780
7944
7015
9365
4995
5028
2976
5216
4139
9616
5334
3143
5415
2610
6486
5106
738
1570
8670
1839
3047
8881
1921
398
5635
1546
4529
1199
6609
7558
8302
3664
4735
1092
3709
8425
2786
7511
2830
1506
4228
3137
2143
1103
4980
8518
2910
2535
902
2932
6497
7462
6330
9889
5222
9438
6485
9128
542
4515
9940
52
2628
6414
7501
9860
6498
9986
3573
9542
7026
2097
6920
2324
8956
7926
1204
6245
1596
1790
5291
4095
7962
2107
913
4249
5130
2564
9600
9561
1954
311
9753
3651
2888
2326
6213
3564
1436
2418
350
3970
6748
3415
3482
7801
1056
1482
9757
1950
4226
5671
659
8476
2900
3675
8431
4956
4041
4895
9500
6882
6218
4388
5829
5607
1069
3515
3028
3888
9944
129
1940
9724
3040
2122
5123
9441
1456
6662
6404
4972
7304
6059
8892
282
4701
2925
4239
2769
7248
514
1741
829
563
3868
4105
7425
6309
9017
1877
1533
7767
9568
5885
9645
9884
9615
2637
3082
9555
8047
5093
8756
4813
6151
7876
7629
4129
6728
5235
5233
1603
2738
4690
3745
4858
7480
5082
942
3945
5532
4131
8473
9836
6472
1018
4655
5379
955
8959
3777
9181
2623
2522
7995
248
4222
3746
8449
4142
7658
2996
4700
616
9951
4741
4313
1161
2917
2351
5661
559
7788
9383
4684
9664
275
9107
3001
4116
5798
9373
4802
3780
178
125
4124
1972
1842
1850
3668
5348
128
6693
5991
6543
2563
1713
4879
6407
3017
5049
2471
354
5506
8970
3871
4896
4996
3865
9098
9205
7001
2392
8255
8378
3512
925
3241
3598
5515
3698
3348
3034
1064
1231
3743
5120
6578
6265
5925
2794
7222
8957
6651
5795
6608
6377
3776
1990
2880
3799
728
9635
7498
552
3527
8773
324
7249
351
2148
4618
1415
8679
4119
704
4738
8811
8709
9199
5823
5815
6009
5173
6225
2731
3320
67
7047
3858
1463
4019
5346
1535
4581
39
619
9004
2716
2927
4617
8202
3714
4519
8662
460
6744
7012
9819
4071
1476
5927
7745
3523
639
31
4907
8576
5064
7143
42
9776
8533
5850
244
220
2434
5698
3286
9457
6843
5340
684
5205
3650
1858
5676
4300
9748
7699
2856
3067
9549
9543
9315
1683
6967
2994
7602
5537
79
8000
5978
1549
5033
7075
2692
4031
3947
3234
2120
8537
1932
9823
8618
4870
3327
8144
5118
740
6679
7043
9503
5733
2459
5928
3810
1327
9574
8280
288
8938
4350
2980
4507
6503
2387
9264
6675
6577
1295
5980
3670
4380
5595
8583
7906
6880
63
3972
9517
6386
3136
6702
5936
8671
3183
6147
749
7223
9353
4008
5975
2634
1266
7723
3649
4092
2250
2313
5819
6720
753
1512
5358
2733
1909
9170
6221
4255
9329
2631
2823
9720
4147
2405
3815
5954
9436
4711
570
6879
7414
681
3873
5558
6031
588
4633
9583
1975
1278
6934
5512
7286
1217
5083
6976
6779
5345
4260
9403
2235
8413
5742
4192
7382
2437
7314
3410
5283
5727
6350
5290
5681
7807
3325
7133
7079
6571
3657
633
2834
9676
2130
1663
6732
9103
1617
9786
7063
1050
7434
5465
624
9204
5078
6734
8549
3953
3958
9806
5985
1259
2010
8029
1974
1763
3452
6600
7967
8686
6296
7608
9354
8659
4899
4871
3451
1201
273
2453
735
7078
6396
4917
1816
9408
3275
7359
4490
3406
1575
6203
8967
7681
1179
719
8546
5701
5116
2700
6415
1154
6918
8644
7646
4273
6887
2100
8499
5986
6647
3551
3342
3159
6106
9213
7716
8028
8945
422
9678
2254
7554
8049
5831
6405
7160
8041
9975
7325
3437
2444
4805
6214
5020
3514
9430
8666
4263
9850
6827
3583
6921
4004
3902
5717
5019
4997
1496
8807
3274
5602
8092
7535
9988
222
708
7459
5884
6126
1353
5050
2506
344
8716
2003
9880
5769
7048
9546
780
7893
4200
3319
2934
3785
1367
2973
6082
1955
9336
1354
4405
971
4484
809
4083
5496
279
4231
7193
647
2742
646
3718
7826
2325
1524
3502
3991
2031
8661
4326
7503
9108
4466
9422
8607
8143
7255
8108
4194
1728
5102
4785
9119
2558
1632
5959
3835
8863
2587
5387
761
5945
396
9593
9651
1124
6815
6621
824
6971
411
1531
3420
4609
8451
1173
9848
6777
7297
4422
6380
6135
1473
2953
6966
309
6466
8706
4456
886
5011
2289
216
3106
5737
4935
8619
7293
2086
2331
2698
3634
6145
8261
6302
6691
9487
2520
7979
1589
8079
2745
9396
5408
629
8157
5125
2884
3940
6047
7883
1772
1621
4634
8992
8858
848
6891
215
3122
7841
8763
781
4390
5730
8814
6646
2765
4924
5498
8341
1705
6043
6395
2697
7044
4091
2755
1066
7905
6356
5745
8297
7720
4764
3444
1181
8006
6635
463
2541
6347
5143
6383
7004
6549
9978
791
5424
904
6513
5211
9810
929
8278
6690
6864
2265
6450
5428
1771
8219
1195
4100
3306
1762
258
8683
1994
4565
2048
7803
4806
4961
301
6780
5213
2668
9957
5929
7221
6892
3435
3814
5133
9834
3156
1716
6534
9924
1917
389
8923
7007
4298
9667
5735
8519
3423
8761
7478
2402
2079
4699
3734
5218
3022
4446
9236
4330
3565
9129
4036
2812
9080
7320
1196
170
948
927
5320
6333
6567
7976
6830
8401
7945
990
2672
1025
2292
8913
6547
9892
979
8353
7456
4338
1735
8153
8240
3377
1594
3928
3594
1503
7416
3763
7467
9395
2859
274
5743
8446
8805
8596
1321
6900
7421
2832
4397
8749
7898
1381
7427
7318
7691
8145
8603
6110
9475
2988
1627
3993
9766
123
9937
3711
9175
1466
707
1140
4874
6279
5296
1607
126
8888
6080
3676
6663
1708
1701
9533
1350
5446
2361
878
8430
8884
520
8478
5545
4211
6772
1074
3791
2362
5330
6936
9876
679
6740
6458
8325
8779
1136
7645
2263
5531
8560
6263
5812
7194
61
7710
6406
7573
8337
488
6616
7888
8760
4683
5694
8370
8116
4559
8002
7835
3493
7530
7122
918
9167
5126
8951
5684
9752
4070
4653
2557
7502
2807
3033
8484
3982
5240
4923
257
4750
7514
8872
7101
9675
46
523
6231
8263
6692
9152
8014
4605
2230
6553
8905
9196
4501
2723
2489
387
4203
3509
4524
2578
741
9185
6410
5668
3857
3694
2998
723
5889
5840
1649
4762
3038
1060
5627
9273
5673
1288
5254
1714
2046
4523
4136
6799
4691
9669
587
4245
9134
6427
1894
2777
2302
4345
1783
5381
2492
9518
7633
1041
6634
7163
8217
9311
4181
1840
6315
1428
3350
6527
8924
280
412
2524
5158
958
1736
599
3086
3569
5135
2439
246
5370
196
102
6408
7547
7352
9628
9200
4561
2309
2995
3271
5736
9505
365
347
3192
6901
1933
493
5734
1445
2296
7885
6899
705
9124
6364
4545
467
2817
3111
8331
4723
626
7615
6745
1887
7188
5087
3096
1396
4384
8672
4210
8745
9376
8298
465
8587
7806
7288
4729
5427
5802
4532
3503
1075
7080
1216
2200
142
2270
9959
9010
4047
5229
3403
4801
1597
1559
1523
6323
285
5803
9278
9359
9346
3909
7257
7731
9259
8065
8239
2170
7018
8969
6158
477
5887
5458
159
1214
9942
8285
372
2603
2906
6310
6441
4202
8819
6230
3341
1829
9974
8435
5417
9881
2708
9674
2355
6710
2746
2629
1814
2157
8701
9563
721
315
5438
8426
1213
7061
5274
6611
5876
5249
8070
2514
9886
3144
4315
217
560
7370
2329
9794
9855
4891
7838
9239
5576
8791
36
5791
2521
406
8342
7756
7592
2261
1841
5175
1765
408
3684
2114
6345
7497
6044
6341
237
6206
40
4003
6685
4842
5404
5225
7349
1446
4765
342
3055
7367
1203
4686
6853
1234
1557
3485
8513
2594
9885
402
5418
5972
3589
4681
2539
6184
1541
5204
9911
4251
3235
7653
7208
9949
8582
5115
6782
6506
2919
4818
4473
7805
9538
5042
2452
7199
7564
7253
8467
1901
1408
9643
881
5220
8385
9695
8149
1515
1769
9973
2501
7290
7353
7791
6035
8715
2063
7415
4403
7727
1372
6208
1896
4038
231
816
6119
3245
1521
6817
6094
6054
3915
5364
2513
8778
8238
7846
5012
1843
8695
1084
6409
6362
3471
9030
581
601
7563
2916
4782
3677
6540
5395
8680
8685
5663
8656
3464
2485
7878
5996
329
1073
37
5478
8045
894
1108
8501
1831
8154
3534
9151
2204
5612
1740
3419
8254
597
9385
5401
4112
9943
1459
2614
7042
935
2203
7969
5151
3265
8598
5303
730
4575
2364
1976
8926
3474
3347
5304
2211
1011
6002
1442
3433
7250
6269
5137
9621
888
5590
4450
5644
3382
4884
2607
6969
5559
7714
3819
4346
2172
7471
4279
9979
4570
1660
2715
2053
9425
8247
6563
3961
9673
6039
7463
8243
4238
3999
168
8333
471
9793
692
5464
3373
136
8796
5366
3456
9120
9482
9302
6927
8801
3883
1514
7351
8947
6365
732
3735
4198
5687
3856
833
779
2966
4569
4168
8844
4774
7711
9443
673
3222
1384
3896
2300
8922
5955
1856
298
2051
3977
3821
7616
8911
5354
8946
6877
6180
8776
5474
9233
7409
8458
7918
1804
2599
6067
4232
3385
3314
8377
2441
5851
5662
5343
4334
2476
4733
7639
7678
1153
3303
3867
1522
5015
2529
2652
4540
2760
6098
4024
1042
8233
9012
3695
9298
4327
7673
4356
987
5604
7822
9779
8283
6282
7562
416
3732
610
20
4728
3905
504
2456
2117
7127
1981
9744
1902
6872
1991
9101
5363
3783
6251
6109
7696
2847
1573
7302
2726
3299
854
852
6630
3044
3013
6756
5263
516
9056
1497
7200
789
4647
9824
8185
7454
7958
8067
9388
4921
1702
7997
4983
9398
9795
5964
4720
814
7820
9672
6895
7749
9552
636
709
6144
3353
450
8915
1303
9719
1637
7925
1159
3244
5293
3796
3066
4594
8392
4197
777
4042
3919
6260
8363
6574
2813
2165
270
9245
3478
1215
5312
8093
3329
7815
9268
1534
7576
7575
5338
1566
6113
6201
519
4417
7164
803
6252
3836
6787
5122
1645
6707
6487
3566
5037
4339
9653
8475
9062
8856
4262
3468
5677
9863
4454
3131
7432
6839
8617
5399
2034
6993
5171
8731
9607
8330
4768
4005
6097
9127
6686
6798
5246
91
5121
502
2902
9082
2992
8752
2192
4362
3658
4562
9545
2571
3792
4387
3218
167
8696
3875
6807
4855
2424
3291
6360
8286
8601
8642
5034
1160
3318
3242
2618
7623
4418
9809
1565
306
3665
48
8733
2173
9450
1113
1377
8517
7429
6228
375
7317
3201
4564
4213
245
9253
2247
292
1167
8853
6084
1252
7988
382
1878
6940
6128
4622
718
111
752
7718
5540
9272
7386
8903
5445
3673
4018
4792
9342
4242
3941
6845
1968
6244
9089
7848
3175
7778
1966
9445
6141
7519
8504
3739
3322
7150
9567
5047
9639
6515
6785
540
4859
7605
7880
1458
228
5092
7411
2433
8743
4744
1586
9313
8419
171
9732
794
2005
9434
5164
2223
5226
2568
3728
3640
7868
3380
7284
6125
3808
2552
8521
8427
5098
7066
7379
3987
6286
7446
2683
41
5700
5030
5221
6990
2108
330
5224
2843
5708
5166
1499
3443
2936
6603
8068
4233
9009
9429
5686
4271
1143
7336
8129
7197
3762
2295
8487
6392
6268
3018
1628
5593
8664
5360
6160
5904
1513
6388
8299
2129
5426
7324
3127
2744
5239
453
1598
3692
26
1696
2080
763
1027
3759
5886
8613
6041
6947
6963
933
4301
2445
5149
5992
1957
3749
4368
5970
5517
8084
4613
9805
1481
4577
5440
6327
717
2096
6034
2770
9154
1059
235
5279
3731
2385
169
3848
9035
6861
2386
7171
2881
5759
1880
2407
8530
9656
2408
1916
9479
6174
1133
5609
158
5845
7483
8832
3165
9897
4986
6504
164
7787
9292
6134
212
5714
7746
2926
4043
5705
3781
9997
620
2085
8252
4344
7307
4209
9485
4178
9890
3685
9208
7394
1046
3326
2499
7095
3166
5535
836
4598
6285
9594
7946
5212
7263
4639
690
7040
1034
8902
3841
1397
1023
9379
1674
4558
8880
798
4857
9061
2403
5314
1467
7560
4442
5352
5132
9274
9226
1920
7595
9161
625
3860
6462
2877
229
5973
8845
565
3541
1923
1130
4883
8210
2087
8073
2952
4477
3944
5452
96
9133
9827
3270
6865
8599
294
680
1791
9771
7540
7029
6460
4915
3462
7231
1491
9460
6676
1155
4933
1255
5453
7689
5003
95
5722
2460
1311
8174
2565
8990
7706
9588
2840
1363
6783
8150
5476
34
8828
7948
5286
4510
1833
6874
1352
4396
5203
8060
3008
3404
8559
1368
2799
8493
2978
105
623
8182
6837
9471
1055
3473
3254
5150
5356
4610
8799
243
9454
5318
8942
2713
4790
7340
4413
6987
7528
7331
3722
3405
7010
4666
9769
6445
5756
1190
6826
1478
6164
4190
64
2803
6105
4148
4177
1654
5941
978
1411
6705
3546
3480
3197
6152
3553
8877
490
1969
9068
7570
8673
8552
7943
2472
2598
9659
3611
6791
9093
1067
7091
1097
5228
4623
6510
7884
1625
7669
1158
6197
3768
3277
8076
8712
9306
2595
5772
696
6185
2677
3894
6274
2463
3570
3568
1435
5693
9404
5865
8860
7209
3429
2802
3829
2984
1590
3449
2842
1805
6617
124
5940
7278
530
2897
7871
4498
4394
6562
333
5027
8506
3208
9764
6730
3766
6016
9816
8165
8203
5712
2804
2585
5649
9096
4075
5148
4001
9195
4592
4265
9486
701
7369
985
5145
4272
4399
6856
8168
8602
8230
4582
485
4066
7910
8543
4509
2205
7804
6847
8936
1525
1838
2933
6841
1777
6949
92
9830
7584
3211
3655
3983
1908
5344
5725
1697
9028
1026
4146
991
3960
4052
8785
2286
6930
4465
6358
594
2414
2399
1809
7106
844
1583
3671
2382
3087
5275
98
6331
8462
2771
2134
385
7827
5615
6412
3293
4830
6176
9853
8383
2102
960
4499
8369
8916
8914
4737
1035
7556
1939
792
2581
5680
1490
1447
7399
6802
9891
2761
6320
4652
1947
8170
8226
8125
2098
9708
771
1610
3430
4552
8961
8904
9257
1443
6283
5766
7930
7455
8875
5094
2352
7365
9483
3180
2904
8980
3279
5711
6175
6496
5248
953
6456
8653
6852
1462
104
7754
6620
2035
4556
7158
9909
5326
9327
2553
9386
4046
989
4999
2450
8651
9797
1375
2810
8381
2686
295
9654
6461
8187
2737
9858
3574
6459
8556
9514
8847
5369
3260
855
3455
2372
5280
4082
69
7469
3102
81
4583
7668
860
2243
6474
8578
9260
1508
4029
4541
1125
7596
1337
17
5079
1999
1040
664
4925
8062
8004
8675
5871
2918
9743
5606
6373
4835
784
4694
5808
5194
7758
8114
5336
9488
7232
8597
9933
4250
8088
281
2639
9565
7776
6210
165
3332
7464
434
813
4854
9550
7726
5208
8012
9341
3205
4850
5386
8172
6733
5624
7019
574
5161
3995
1448
1582
3207
2871
1622
3272
9761
2889
5630
8034
6481
6229
3802
7674
4856
8190
7819
7333
4826
4012
5935
2579
8087
1667
8636
144
4941
8177
3301
7230
8932
6198
8310
8585
3412
5565
954
7636
9578
9314
4953
1100
4890
4278
5575
6905
2791
4960
815
3220
3895
4875
9222
318
2583
6729
7739
1242
1454
1045
8843
6824
9162
1827
6029
3805
2193
5706
442
5202
3513
8112
8918
6224
8739
4812
3048
8876
4487
6337
5494
7766
2338
9065
1382
7879
6638
2394
6272
1620
8667
671
9686
8272
1874
1757
768
7068
2575
6196
7437
9044
4599
9360
5461
5407
3313
8507
8579
6089
7578
9301
8839
9605
6136
4882
8738
3076
6259
4412
8528
7828
4372
5522
2420
9970
9459
4006
6804
4667
3730
2216
1854
4803
9281
6068
3045
3851
9762
8429
9335
1391
4002
2773
6028
5316
566
8795
8399
4799
4258
6019
3838
2878
5810
2975
4547
4266
6612
6078
1294
9136
3261
1273
1006
2332
255
8564
7013
4560
6372
4021
4873
338
194
8306
9604
5315
8561
4525
7742
8096
879
6451
770
7283
3181
6902
4140
7650
9577
305
9801
9859
8268
5323
9293
6361
7882
3938
841
2480
9211
993
8867
6876
2367
5007
4668
1410
1891
1162
6001
7624
6929
4448
4555
4180
760
6127
2196
9286
3719
5469
5809
8273
7728
4214
8834
1
5767
811
9027
6076
2861
9641
7116
810
4672
2135
3104
3354
8054
4409
6546
8759
9244
9263
2960
521
839
2706
1012
2734
554
2600
6781
8917
8775
2969
33
4962
3312
8482
1602
5182
21
3816
4865
1802
5055
4568
959
9642
1698
5245
9447
7697
6639
443
9585
1345
5641
1656
5400
1992
4379
3213
6262
6430
2264
2676
1029
986
8319
8417
6699
2679
3976
3029
388
9923
9789
7688
262
6374
9287
9893
8051
234
8130
2074
7644
2328
7744
9650
3593
3210
908
5788
336
1251
4535
3438
946
1430
5359
4067
6931
826
3696
5520
2478
4423
1943
339
9539
479
621
4076
1263
2971
7203
5470
7590
5483
5905
7
576
9182
9113
7207
9321
4979
6965
9770
5189
532
3212
6816
782
4416
3345
4786
4520
9087
8420
2574
7543
3820
7270
1872
7062
6945
6585
4628
8142
200
7482
4951
2931
6438
6654
6482
446
5692
1770
4110
8328
7654
8562
1048
2371
9729
3005
3432
548
4496
6542
5119
3597
3704
9206
2044
9989
2282
8698
6426
963
6166
9693
5243
9822
8502
1192
1058
4889
5655
1724
1904
9255
2390
2895
7466
9571
2123
756
1306
2054
4615
6318
5679
3752
2543
706
7120
2987
2997
4158
8548
7435
9629
2
7103
9461
7785
2404
7632
4885
1785
9021
2050
8472
9921
4108
223
7812
4059
2586
5004
4892
9999
3924
5157
3020
827
5688
3747
3773
8015
7244
1906
1914
757
906
4939
8009
6604
3109
7800
8769
6906
553
9171
7098
263
8066
1682
1437
722
5817
4444
8514
5572
8222
7891
6769
7070
3280
4360
8402
1888
9158
9112
8199
3736
9325
3202
455
3906
2516
4351
2680
445
4922
1487
4155
7860
6494
3469
2684
9201
3309
9330
7527
6006
289
420
4457
820
3477
898
3700
9847
5587
8314
3072
5910
3450
4415
2058
6370
3989
2271
3460
8750
5967
8126
3494
8440
3215
2757
115
8362
5329
4811
7443
9465
8380
186
5591
4918
7752
9506
8206
3198
1319
5268
8463
5207
9163
6942
8453
9896
6794
6303
7824
1527
1432
9498
9692
9519
3827
9234
7614
3239
4612
3807
6598
5716
5419
2092
712
325
6069
3071
9874
6155
3530
981
2624
4893
5051
8678
4957
7690
1371
5984
6168
1951
1793
7269
8531
7233
89
1686
3362
7938
3119
1710
7076
6862
6755
72
9015
567
3065
8962
7594
6765
364
5642
7798
4427
1465
7919
4739
7358
8043
464
6968
5895
4958
2210
5372
9726
4060
8461
1135
5242
0
8997
4311
4162
7172
4424
1379
5023
4027
2256
3751
4971
7741
5309
405
8973
9480
7719
9666
8593
4877
3344
7847
7836
4223
132
6112
4959
6999
9914
9954
341
2021
6354
8292
5460
3413
6381
4430
1760
3499
5447
734
4054
3622
3758
1644
2067
7990
5128
7915
3251
630
4101
6066
4471
7129
8160
3186
5301
4357
4191
7631
7281
9846
9319
9603
205
8421
6579
5435
3951
7613
6090
3092
3884
3653
4478
7190
7439
3333
6776
4336
7672
8557
2694
1329
5176
3360
1209
8180
1824
8792
4353
7813
3446
880
7024
6367
6520
5307
6739
8416
1636
1280
8802
724
9157
5186
8553
8211
6988
1511
6277
5190
6121
3755
7854
8346
2073
6758
3861
146
4780
3355
4241
496
7130
5368
9905
1847
9371
5588
3949
4032
4910
9591
4268
7837
7924
8192
3226
8336
2128
8117
983
4732
9470
3753
1129
130
45
1426
7344
6055
1417
6857
6607
5586
6749
151
5968
2647
7096
3952
8646
1808
1613
9996
6996
4320
1323
7947
8898
3803
5830
2365
403
8878
2487
4096
1964
4376
2400
3723
6721
9778
1489
9749
7447
4557
5170
1581
2103
5569
5787
1369
6803
6122
2290
7773
6335
71
9270
7989
4134
7904
2075
9051
8374
3965
3294
8584
3337
8379
2789
5486
1171
4306
7715
7903
3042
6833
5636
9931
3740
1134
1313
4414
6914
7023
893
4845
9369
5639
7282
5484
5236
733
8910
4261
449
3425
6938
8524
4375
7797
3872
6421
6627
2041
754
3639
2851
7240
3599
3887
5302
6774
4930
145
2528
7149
8137
5187
4839
7417
8264
3647
1183
5388
980
1958
6751
7950
3243
2244
8175
1421
1212
9820
5391
7537
3901
1811
8345
8349
9685
4926
9117
9934
4964
6429
568
1268
6591
2039
6336
116
685
1748
6464
7500
4831
6908
2274
9560
1571
6868
9451
4844
5139
8259
5869
1606
675
522
7020
1254
6289
9060
5491
6416
3652
5299
1761
4704
1960
6137
2724
6986
6800
9589
5070
5017
5697
6525
6539
4064
6211
6449
4815
5613
5633
8099
2093
7142
7055
1834
2267
1577
8658
7108
9308
5658
8908
4215
5919
5882
7326
399
3057
2956
4282
2111
5041
1349
9947
4319
6813
483
9348
6863
9153
8978
1235
276
7522
6104
8398
4631
3619
8668
4928
5783
9725
8121
1370
8456
3177
2082
152
1812
3522
9969
4196
7316
1798
6118
5429
5909
8591
9231
8205
5775
7247
2612
247
7683
3276
5306
2883
7487
746
8397
5185
8488
8641
8115
7285
2421
9662
2360
4697
6193
8186
1168
1734
9908
5659
6313
5024
5839
7413
2705
2808
2158
4
8568
8039
224
9576
3120
3084
1750
2156
2197
7428
9394
9256
1492
5603
8284
1764
8929
6284
9072
191
7561
4480
8600
3904
1424
6808
85
5311
1680
7902
8375
2377
9364
9032
4355
2393
3157
3612
1852
1053
6625
2024
4659
202
3375
6599
6058
1863
6855
7224
1672
4627
6666
2890
1418
4292
8748
4927
9391
5086
1709
9977
5089
3152
5547
952
3091
3935
6257
8090
9746
1665
6124
313
9453
6554
2908
1480
8899
2759
9074
4945
847
3080
7941
9709
4614
4717
4061
1554
2641
22
4485
1555
2293
7181
2750
5621
8803
2870
3926
2703
3154
3769
7865
5949
9536
7227
9516
59
1766
5018
8468
9382
1399
2766
2523
5750
9180
5172
4128
2835
3302
440
2072
3115
7054
3098
9690
469
1269
9751
9328
778
1320
2008
2391
3228
5746
956
6521
7929
1861
7533
4053
7588
5944
2413
579
6981
773
8324
7777
5938
9285
11
1547
352
225
5
6762
5951
3273
4576
6741
8955
2887
5292
4173
4257
4373
8245
1248
3114
545
3142
8344
891
7921
2370
32
9737
6316
1451
3447
4660
6875
2519
7009
7762
7107
8700
8371
8565
6447
8737
6761
6829
1452
8132
9894
394
8758
7936
1285
4977
9413
1104
6079
1882
9219
4546
6770
3507
8774
703
8136
1484
3352
9207
8544
436
510
133
2729
3687
1111
5244
9730
6687
3032
2665
9537
8744
5422
4656
6939
698
6324
7873
8846
915
131
7273
3324
7856
924
5578
1871
8372
7298
1470
5715
5357
1984
5731
6087
731
4440
3416
7887
515
9047
6454
2905
3124
8841
5077
7225
7704
8441
5556
7329
1694
2663
7128
5806
2914
9502
5091
4290
87
2990
674
7276
3185
3606
3979
2554
2991
6236
9036
1010
3051
8726
6912
6725
7539
7144
1520
5960
2187
6536
1261
5227
3138
1859
796
3726
3824
4709
5838
6555
3255
7481
3307
1578
1109
9521
5444
4992
4712
1978
5669
7360
1233
2494
2133
5095
4763
9736
6101
6922
3823
2986
7671
9581
6159
1325
8329
4521
4846
3486
4775
1862
9064
6190
75
140
9214
8057
6422
6483
737
5394
5924
9001
1307
5310
5497
204
8829
65
9527
2854
4571
7993
199
9696
4370
359
7226
3942
8879
9338
5961
3009
4160
785
8408
7291
3263
1284
1913
2622
1137
8335
584
6479
8434
2681
8798
961
2942
3614
1142
774
1358
6045
9851
3853
438
8849
5178
9523
6070
1302
4398
6014
5477
8447
3679
8290
3002
8334
9433
6746
9920
8539
7186
7939
1485
5353
9966
9125
1983
5492
1876
9504
2257
6659
5261
2127
29
1194
6904
5999
1867
8645
4998
9952
8146
2790
7402
697
8810
3356
1086
751
7821
9918
4305
5754
802
9164
4676
5131
1744
2346
2248
2015
2228
4434
4585
150
5893
6349
4722
8527
4201
8407
2864
4695
2195
2604
5180
3757
5529
6452
9305
3648
4705
7693
5398
3624
9780
2150
7245
8838
7189
7968
6667
762
2540
7844
8277
7118
2217
4965
8138
572
5932
1980
7082
7620
3801
9990
8855
2233
290
8237
9634
8572
73
1120
1927
2104
9141
5177
546
2509
8580
2921
6632
5232
4264
1925
9718
799
3379
8326
3557
291
6919
9049
5868
7123
2448
2266
5665
8257
9610
7401
331
919
974
1819
3520
3661
1390
1615
8786
4469
7647
9337
6328
4093
652
3359
9412
8360
7662
2923
4244
2550
7493
8118
2207
5337
995
9444
700
4619
1000
3026
6052
3618
8540
6317
201
2824
9956
9681
8545
4011
849
3363
5990
3440
3577
6894
2380
7092
9618
3316
8770
9511
8040
1647
6790
5487
921
8505
3927
4808
9547
9982
1193
5626
4678
7737
7782
1081
3797
4881
1743
3357
7975
596
6935
605
2306
806
1493
5704
8101
3641
9237
1538
1392
2084
2825
4433
2704
9057
7966
5827
444
5142
3930
4182
1875
3922
8069
7058
2323
2126
5038
3621
5124
7991
729
9165
8558
6569
3436
3035
5881
7215
7450
5610
4149
337
3498
6584
5917
8207
221
7954
6402
9877
2885
4696
3559
2796
2736
2526
9478
4538
6582
9802
6156
8688
3761
6363
3876
1967
9716
4518
3203
7917
3126
7597
6294
7984
8097
6162
7380
370
2576
889
2017
1934
1641
607
4343
2779
118
4973
6962
4797
2106
304
7761
7959
480
7260
5813
2348
7125
4126
9277
4993
9210
9084
3311
9569
8412
5755
8191
7241
5282
9507
4252
7272
3434
5782
4620
8894
9932
1272
9857
2502
2435
790
1096
976
93
3368
8550
7637
1648
4745
1746
1567
656
617
7216
3062
9224
7694
6186
9146
9116
6424
4902
6736
7301
4751
8048
8623
2056
4630
941
8301
4527
5807
615
4522
114
3688
6004
6505
5774
3422
1405
8630
4391
2743
5997
4814
578
7634
4500
4770
9735
4950
8677
2793
2144
7328
3238
2299
1562
363
667
6849
2374
7927
9370
8444
8809
6884
2536
3672
5192
8480
2645
2347
4451
4766
8098
4441
8766
4034
8033
3019
5459
4381
4410
8386
4526
7292
6665
8340
7016
8833
2816
9238
2688
6610
7405
564
8787
4030
7862
2596
2505
8925
7992
197
5462
7795
7030
6010
612
2993
2469
9548
968
4348
9904
8948
6757
8606
9299
4586
4727
6752
2764
441
1800
6133
2551
3733
6473
2442
4904
7598
8317
2620
6722
7987
1722
3973
1818
662
6681
2580
9339
2510
1342
7034
8784
861
7056
9059
3538
2398
3328
7507
2089
3439
4898
6818
6678
6731
2419
5184
367
7104
683
2304
8919
2477
4288
1427
7692
7477
2308
8221
7267
4911
951
4851
2632
2237
5555
5901
3985
4297
2664
3804
9532
541
6727
2572
9856
6955
1989
9960
3224
1156
8023
349
7735
1639
2685
3453
9697
9022
5103
5867
1169
539
7611
4439
7628
2740
8271
437
2307
3488
5837
8058
2833
459
6293
3470
6220
1998
7311
6566
9612
8804
7509
5666
7306
6822
9190
6243
3187
7117
9026
1071
5780
9841
4221
5987
3517
5262
2269
8906
1157
3204
8366
5188
4866
4314
3787
4657
3854
7114
5482
4734
5321
3081
3717
5682
6343
9276
5836
7775
558
6023
1146
3378
9741
7217
6964
5327
3825
1468
9745
5045
472
534
4125
598
2709
4820
5605
3427
6332
2252
2701
1287
9941
9121
7965
7640
6170
4332
4058
1737
5493
2593
2780
4836
4537
2538
5533
2366
8056
4982
9723
5988
9083
8497
6389
287
4122
4007
6522
7033
3898
9919
9477
4593
4823
7604
265
9838
1186
9414
7586
7039
5439
1189
1116
2212
4788
174
787
1609
1563
2549
2294
6844
5914
4758
7271
1187
3338
8038
7900
1593
5937
5266
2899
7994
6471
6924
7346
6334
9092
9968
6403
8857
5872
7736
7261
6784
4335
8730
5752
5063
6825
5179
9283
1526
3153
2240
8003
4133
1806
5920
7660
203
5511
6812
4649
4760
5384
7872
8411
9008
8648
7593
2468
1453
4063
9439
3304
8950
2470
9558
3060
3601
818
9449
60
154
439
9265
6280
1946
4736
2077
4117
9777
5718
2245
6187
5523
7643
9768
6575
1608
9950
5760
7526
9814
9159
7574
7438
3463
8213
8887
5994
4164
4267
3554
7587
2795
9390
5463
7214
3627
2311
9111
4654
9900
1679
4887
9907
5201
6241
1982
5777
303
6003
8689
5217
4757
6072
1070
9269
78
9826
3645
1131
9684
7277
7366
2022
157
5026
386
9936
9393
1246
374
5160
9345
9284
6696
6673
4275
9927
2725
1626
3678
8538
1624
1107
3843
8949
1416
4386
1693
5841
6715
4481
2584
9114
4819
5653
1223
8836
5877
9409
7609
3907
3046
2503
2060
6432
8200
2981
9007
8581
4051
2136
4769
3518
6011
8710
846
1362
7651
2001
7185
2043
3037
8027
3545
7855
6189
8216
6275
6946
4795
6613
9435
3343
2184
3784
6215
3135
2545
8209
6387
7557
2178
148
7451
7834
9267
4894
5057
2190
4329
4377
4916
4861
7371
4777
9250
3236
8403
755
5528
1564
4505
2481
6346
2559
6232
6558
9178
6139
2009
8164
3484
1857
5036
1542
8269
1138
7036
1576
4406
7412
4771
5035
3701
7725
2818
4949
8083
6523
2616
6689
8996
547
5963
1256
1037
9623
5664
5800
6007
1085
5284
5509
1172
409
8260
5695
9773
536
7345
4584
8184
3461
430
2177
1005
4829
2814
5278
7685
4837
1036
9282
8554
76
8622
6339
914
5657
2687
8941
6556
3394
1008
6698
1537
909
8740
7956
9071
6601
9658
9177
3891
8594
1860
2636
6768
1588
4333
4827
992
6085
1751
6786
4436
4087
7738
7453
6021
4809
4453
5541
716
6157
3125
4150
1652
3171
6771
2974
9334
7655
8972
3994
5592
3253
5519
2754
7665
758
54
1689
6344
7426
6314
5952
5534
373
9887
838
9261
4963
3629
873
2493
7489
1731
663
4693
8808
9118
3771
8491
2241
2088
7814
6247
3548
3631
8276
931
1670
9637
5108
1225
9123
424
4088
7823
5488
9948
2924
5521
677
9840
868
1393
2151
2167
7931
8534
4312
8896
2836
1778
1784
1948
3903
5912
3969
7825
5852
7363
5373
9818
6810
6056
3602
6411
1276
219
9883
3506
1402
8684
1019
9706
5939
8693
2206
3317
4692
6821
3529
4919
2512
4601
1820
1412
51
4600
4437
3161
1063
5776
7523
1642
1441
7109
603
6552
1853
2749
7760
236
3298
5709
1015
7017
1868
3200
1175
3167
1472
3083
8736
332
4687
9352
7652
9573
1165
744
6683
207
9613
6457
2110
8765
9495
8870
417
5448
4130
5833
7407
4017
3170
3967
8428
8294
9497
7422
2693
1227
6643
2412
4755
9053
2678
189
4702
1591
358
2957
9463
9248
5258
3767
4020
7213
7323
8703
5455
3391
2531
8640
926
943
2410
2214
6871
9473
3954
9740
7534
8655
2159
2033
2837
1739
2081
6255
7073
835
53
4321
863
8851
571
5600
3536
4206
5255
1558
296
1544
2828
2234
7356
1044
7254
1089
3052
973
7663
6194
9067
714
7750
1262
7935
7387
7774
804
6848
6242
6017
2279
2954
6075
8837
6789
2635
4115
1691
1326
9595
4596
7538
6926
6446
9041
7963
1049
7406
5792
6602
3149
5976
6544
8086
3178
5165
2968
5322
8988
7102
2255
2806
7914
2689
4039
5510
1182
9611
5197
9994
2655
5251
7513
2774
6883
8241
2381
7310
9711
4318
1166
538
8966
6878
828
4438
6397
6850
950
7899
7388
8987
4864
8627
1977
4841
3542
2941
5383
1440
2455
1324
3395
8119
448
3458
1149
4016
3289
3950
2152
135
9340
5554
4188
5916
9020
507
1873
9759
9
5640
2938
3849
3393
2379
8388
5614
1198
5553
4443
5690
7934
6606
5883
3840
4502
5781
5272
7028
5214
1298
8728
5281
6535
6631
9501
4111
7357
592
702
3269
7542
2462
748
2020
119
7580
6652
9050
6723
8753
251
3372
2518
6290
4057
4954
1028
4730
9368
314
5053
1331
4009
5297
5442
8663
7338
6467
7638
2532
2963
3585
7418
1688
3079
9691
823
6866
556
1553
5632
6400
6061
766
6142
7861
6917
5355
4932
3662
7084
470
7675
6024
3090
3147
5021
837
4195
3918
9055
1385
3315
2310
1726
2221
2333
8660
7484
366
2429
2396
6291
319
1970
7494
1425
3078
7779
3182
4141
8188
9442
8265
535
7495
6431
3600
7206
458
2320
2474
2718
4848
5288
2397
5890
9291
233
6351
5723
3957
6216
8308
6809
3365
2752
845
9713
8742
4787
7981
9767
641
108
9252
8470
4946
859
4204
1218
3521
3852
788
938
5141
3877
8512
9553
5874
2712
9085
4492
5502
5022
5982
9005
8964
7982
1782
8817
6792
4533
2589
1359
2153
5594
2182
184
9037
2675
1650
7178
8615
4673
3682
2667
2169
6537
241
7476
2863
3833
2915
6425
5371
4573
6401
3101
2179
3715
4468
8831
2989
3832
7748
634
8835
7505
1986
6951
5277
9148
2537
8256
5167
6587
4968
7383
8825
1826
2330
8616
3828
9587
9166
4152
8866
6499
725
9839
9717
715
8063
5844
2395
5751
6103
1322
527
9878
7294
9000
8169
2821
9617
316
3603
183
8747
8639
8109
8017
1164
5328
3054
1122
7567
6148
4531
3431
2982
1170
4878
575
4359
2002
9529
7146
4511
3441
8151
3613
6453
3667
8952
9680
1304
2977
1866
1229
7147
6795
4640
9601
7057
4435
9452
6793
3586
6642
5467
5634
8022
3266
8968
862
9322
4807
6083
1601
49
6501
7064
8982
1895
3764
6975
3864
9415
6299
6226
3707
3760
6680
3388
5016
2800
6111
9174
3528
1333
3256
9156
9003
936
6413
2161
9420
3240
4049
1756
6669
3252
2226
317
5431
6049
4888
7251
9145
1799
6297
7485
7384
7321
1822
7032
5599
5300
3330
153
3025
8465
4604
6278
9844
3108
8351
2026
4936
8575
5993
1340
7618
2850
8746
5090
1725
6509
7998
1505
418
3813
4608
7097
9825
4166
2958
1310
7951
776
8522
8338
2662
2383
9792
4688
3050
8291
6576
7093
1299
3544
8921
8405
5896
2621
7348
3532
4137
8589
3492
7977
7354
9520
6979
6831
9197
5957
1845
7083
4847
55
686
5580
4212
1849
9913
8389
1356
7708
8075
7529
2972
5950
5979
1552
8824
611
8313
94
9279
4967
8614
982
2220
9304
8246
5362
8907
163
869
3908
6062
6594
9115
2358
7772
4378
3882
3172
1599
2648
141
3878
5295
6502
2983
8161
5899
8394
9401
4595
3892
5385
7541
1238
638
1244
1281
3189
8638
6060
6972
181
2253
2149
645
6493
1883
4163
2841
2627
2741
6319
9704
1897
4947
2730
2461
7571
6326
7404
8816
3845
2544
5757
543
4077
3929
4952
7204
4277
2561
4606
2305
6311
8469
2071
3885
2907
4843
8789
1988
9624
947
8457
6398
2937
4969
8631
1292
7783
1938
1123
9417
2185
9455
8930
6551
4707
2643
2354
3793
7441
9423
8920
5257
4340
9066
4383
3623
286
6018
2562
8102
5561
3708
473
9580
6266
7842
7038
5748
6932
6434
2654
2577
9428
2045
651
3874
6519
6820
9541
1283
5584
3881
5113
3539
4229
2696
882
6983
3214
851
8694
3921
8590
3387
4632
2124
7601
4026
1949
6161
899
8900
7709
2597
9804
4791
2785
871
9784
8113
3504
9095
3582
8850
5814
3100
3230
5825
7408
8935
7003
6304
9254
4302
1032
2751
4354
1270
5206
1176
9481
8281
9309
3727
1545
5504
7400
9251
5073
2479
8466
583
9540
4420
6982
8865
4587
239
5347
528
853
2109
2454
2869
254
1993
3984
2285
6615
7793
984
327
6649
750
1347
8001
2590
3418
5797
3288
5489
495
3962
6077
7985
8196
2280
3014
8396
3616
1098
8975
7617
390
4089
1835
1404
7875
4081
7983
8111
6032
5527
7520
8943
1403
4724
5071
9122
70
6909
9899
6027
6957
1536
8442
3058
447
8608
2356
1673
4037
1556
743
8365
4458
682
456
795
6500
368
5518
5313
4217
7440
8933
3689
7619
5926
7830
7743
2868
1658
5065
3351
8368
916
9349
6423
4516
988
2373
1119
4798
1551
9464
1477
8105
8577
2482
2951
6805
7238
8106
7555
6095
6948
3206
557
1351
2819
9754
6033
435
9343
1646
3297
4719
949
695
7398
2714
2659
7085
1178
4135
7196
5454
4563
425
967
9132
7591
7486
4664
62
9063
1052
2792
4364
5573
2862
9392
5902
4489
3
2427
109
8891
5567
6149
1002
6958
9528
8830
378
9862
7187
177
1752
4256
2922
1423
7974
2322
5557
7234
3788
9812
6695
6870
8708
6545
3039
8438
2344
6444
47
7335
9534
8861
6580
1309
7923
2040
4590
3117
3116
5866
188
711
6192
8722
1296
7548
3943
8676
4682
2276
1226
230
5674
5862
831
3720
5006
7625
1357
9958
4080
4663
3516
5713
6742
8224
2767
9646
4143
9073
5611
6834
4513
2948
1517
9198
5824
9437
9738
3139
1249
1033
9183
5918
3216
5855
4536
5215
3402
4497
4286
1091
2822
6937
1678
3030
5475
627
2909
6998
3526
371
1864
6700
155
9602
7053
7809
9106
5832
432
3774
661
356
7740
6694
8167
8007
5761
8986
8574
3596
1903
3227
5378
4317
8249
7173
6217
2874
9406
3398
5080
5598
4369
9209
6146
1768
4324
3283
2273
5039
3550
9160
8567
2649
2113
7667
4385
16
6181
3487
7978
8647
920
1930
7682
9090
7315
9229
3140
9011
5367
6074
5835
38
3164
4291
2059
8089
454
4574
1653
9772
6227
7499
2186
8178
4207
4464
5785
5801
8498
7964
1434
866
8588
5646
1706
6270
137
8020
9295
2891
9221
5406
1671
3847
8934
6463
1509
4828
5826
7174
7119
4853
9104
7911
5199
7452
7600
175
3748
9722
1918
9962
9790
8691
5276
393
9351
3442
5393
7524
7549
2457
1899
6764
4079
6559
5710
2653
6393
2076
7583
3501
9665
6881
3716
6177
3981
9557
5778
7136
7166
3920
3339
4309
5193
8287
3537
1560
2857
2965
4644
7037
9476
9649
9636
2287
8279
6860
6138
2515
6020
3913
2556
7115
9078
1616
9427
3184
7264
8536
2855
4920
2301
6701
6253
1221
6952
2224
2611
1205
6063
7603
9939
4641
3691
4025
5081
4035
8181
2417
1222
1595
3150
5234
4401
1438
9965
7784
1987
9807
5421
4778
6420
4247
7410
308
4580
3130
2844
2601
7635
4817
6538
8777
8494
3483
3376
5550
8859
3932
2436
5009
3890
3466
4913
6516
4447
1884
764
9013
655
3414
2426
577
4347
5425
8085
5473
4578
5568
7332
5616
2249
4616
4680
7086
8234
8198
8727
5154
7165
7444
1912
3073
8994
4868
1361
9926
6593
5948
8332
2866
4045
7858
7430
5350
1118
8436
9216
1915
1152
2903
5501
5771
9714
4825
5152
7445
9898
8611
3459
1022
7656
2194
3822
6131
9758
8231
2896
5377
2591
6531
2297
6980
7343
6916
8410
2671
7299
2592
1239
9698
2720
5542
3454
2920
8806
7087
3579
2090
5768
2893
3654
4759
807
9366
5183
252
3610
9638
3669
1869
5499
964
2384
8609
9317
7713
8977
4488
8535
7894
3713
8868
3839
7702
1277
8526
6048
857
2732
5433
7159
4793
2484
5816
5897
8649
3710
4062
3971
1082
4167
6989
5720
6915
1659
5536
3361
4665
8729
8135
3146
4643
1301
2335
5703
9985
506
7729
3560
7942
6726
5856
7180
9633
9034
9928
2633
6645
2281
9138
6529
4023
2609
8652
5044
7431
9100
293
8204
1346
2065
2283
3411
3986
4985
127
7134
5654
5571
9865
5101
491
7237
1206
3519
8717
9614
7157
206
2189
7641
4716
7769
8448
4671
939
3176
7330
1293
5853
1279
8323
6484
3742
6953
720
7341
2166
4253
2464
7712
3107
6169
3549
5159
1666
5861
6950
727
240
7811
4476
3426
4495
384
1376
6854
1387
2970
19
1971
7516
2066
5969
4637
9803
9671
9266
8422
9046
498
2062
5403
121
2268
7565
4721
9105
589
4869
211
2967
2101
1612
8439
1795
911
9323
694
7627
2345
3089
8674
1898
1014
3721
328
7246
1851
2222
5500
9397
7046
6670
6842
1931
3956
3620
9324
3632
6475
1126
7235
3012
3169
4393
3959
7256
6281
2288
1753
3358
3346
8471
1956
1051
8361
9871
2849
6051
3369
928
5146
2829
6153
5834
8991
658
6179
4900
2772
6923
9038
8120
8705
1745
482
1825
654
5361
1343
8321
6476
8270
5942
8309
3963
4183
644
4153
1973
4400
3690
2145
58
7191
5267
2121
9426
9915
1208
5319
3233
3021
8754
3680
1924
7817
9619
7385
8621
5437
3800
8570
1114
2876
7295
3158
2721
1017
3489
9091
7390
1832
3693
3132
5005
4539
1945
414
1479
8
7065
9097
2488
1200
8960
428
5689
3590
8897
1952
1282
7312
2181
9689
7857
5645
4218
4635
5402
1264
4987
8166
7479
2174
867
9700
6371
6568
9872
8159
8437
1892
7198
3765
7350
1592
6903
8418
1115
9648
2605
9188
2961
2805
9734
6711
9832
8782
8315
7896
8704
5958
6775
1469
1815
6550
2037
6913
5691
3195
9347
7228
9088
9367
7460
7763
8823
5105
808
1450
9572
4938
4449
9668
6435
5784
1001
5962
8901
190
3630
8520
4761
6130
5995
4528
3563
4074
355
5947
9326
2567
4746
8485
9099
9031
7474
6961
9688
812
4767
4975
9917
7229
6640
2006
4310
8958
4366
2979
404
8055
1095
8311
6633
2368
2504
9739
4749
8218
3936
745
2353
4316
9389
2879
4482
5564
4886
1587
643
5804
6433
1039
6622
5854
678
2229
1779
4205
8714
357
5298
7105
1886
1207
945
9212
6038
710
8768
8387
6530
3285
7090
4937
1749
6107
7506
9703
7920
3448
2758
3770
3817
4822
6704
9626
8963
2213
4097
7436
2569
4274
580
923
7176
6205
7094
4626
3465
7747
6974
1742
9492
3567
7686
8071
1090
5380
1794
3592
666
8586
1180
7895
27
4810
5112
4872
1072
9241
7403
7869
7933
6873
1078
5068
6008
7724
7770
9861
9294
2154
9644
8289
6394
8725
3041
1394
2500
4293
5560
3094
4193
6658
6514
2781
5685
6172
5479
3863
6933
5934
1664
2318
8127
8147
842
2756
2140
2218
5138
7201
3552
7680
9258
9019
9742
5618
8052
6492
9493
8171
2638
6811
3287
4285
2027
5913
4966
1106
426
3225
5002
2534
5397
9925
9094
797
1267
4491
511
3988
2375
4426
8510
6491
4905
994
5332
6348
4050
8393
9785
4784
4132
2049
9235
9627
3966
7457
9307
5643
4171
6200
2428
7829
3795
6588
8072
8356
1274
6140
4337
249
9150
6618
2548
2180
5998
8523
8050
9781
4342
5405
9432
4512
940
6735
4055
2945
6005
9694
5162
3278
1031
7239
74
4154
267
346
8632
3869
1846
5505
6036
8735
907
2119
8984
2411
4544
8842
2160
466
2406
7424
2446
1413
5922
8355
562
487
3141
5200
1257
6163
1260
176
8635
965
9906
5544
3027
9332
3578
5915
3490
7659
7461
3617
2099
2739
8373
8783
5946
3572
7099
4731
1328
1112
9564
4361
5067
2340
7275
8981
2378
4189
6012
6766
930
525
1291
7952
1495
5956
4429
4553
4648
4990
4186
5749
1077
3992
8509
1668
6995
9526
1638
4706
6719
8815
2865
5728
5764
6737
9002
4174
7859
5873
2466
9868
1474
531
326
1677
5583
8025
7067
8266
8395
4395
3445
922
4494
7955
6589
4867
4187
198
6759
5672
7309
1502
3576
8173
9320
7243
7305
2164
3262
4172
476
767
8657
3636
9289
3011
7579
1330
3093
5434
7518
6301
660
1516
8123
6092
8998
8414
8721
1102
6207
3397
7701
7670
5252
606
3790
3479
3782
6991
7154
452
1634
310
9929
2321
517
7139
5414
7021
885
5410
7626
5738
2138
9411
8605
2644
4363
5163
2964
6648
2188
6886
3496
614
5168
1016
9424
1738
149
1796
3889
2069
7953
856
7475
6443
6418
4472
7000
6154
7169
5333
1890
3725
2068
8042
8937
2831
544
278
7195
5269
3371
1813
7532
501
9854
1305
6312
2183
1963
9562
1013
8228
2606
6674
6385
4796
284
3103
195
890
1759
1121
7679
4120
600
2660
8939
3059
6655
4781
5088
8827
5156
9882
3744
5349
5230
13
4776
3162
2055
2064
6788
6287
475
6235
5485
2650
9187
5977
2955
8339
6037
5308
9620
1007
2735
4624
3897
6716
15
4289
2691
3016
1348
6956
5582
5054
586
6596
6708
9721
1600
4708
9864
8103
5726
7850
3392
4102
4432
2722
2327
4175
413
6532
8267
9040
8882
2430
4710
320
353
8555
3561
513
5974
5013
4940
2422
895
9179
9496
4514
9866
8148
3075
6455
3174
8031
3267
3179
4296
6480
6869
4084
9799
7419
8812
4901
5702
8532
2259
1919
4270
2768
35
2894
8140
7986
1907
7908
4689
4698
3637
9024
1406
9998
7212
1449
1959
8511
8869
182
9333
9632
4508
5543
9702
362
3015
4240
4517
7730
6057
5198
8343
2440
7396
503
7546
2560
5765
322
2491
6835
4475
9402
4645
7138
7161
6512
2542
6677
1817
103
4452
8227
9494
1054
83
4099
4483
2719
3697
1258
6025
9363
1464
5770
2199
7449
2219
5637
9796
6307
9976
2341
3866
9499
4550
5443
9701
1378
4602
7100
2278
6657
8179
9655
2146
3628
8500
4248
3155
3193
5181
1422
9310
100
134
2517
6528
269
2260
5762
7864
7504
9243
4322
6960
7852
7755
7162
7375
962
6288
1504
2555
2007
3998
9788
2939
3217
7581
8995
1419
4944
232
3188
2038
6778
5953
5466
7220
747
9808
9421
8719
4000
9570
7960
8250
5059
8061
6202
5341
1692
2811
429
5253
8305
3609
2363
8999
3381
9774
401
494
421
9312
4543
7916
691
4974
2656
9143
1383
143
3646
1460
4014
5860
3310
5779
657
4170
192
9042
2962
2886
6248
4914
1614
1380
8104
2999
6703
6628
9531
9033
4069
9938
4227
2827
6165
6368
8542
4991
1631
6623
8481
4674
4685
9361
433
6526
635
2508
3284
410
226
9782
7262
618
7496
6970
1240
2642
8215
5365
4220
1684
6671
9135
5147
8348
9173
2317
9963
4970
7112
5741
550
7155
1498
9242
97
5740
1202
8078
2369
4988
9102
7448
6249
2475
1848
8016
7192
5084
1911
2227
8793
2702
9783
9419
5032
5732
1286
2717
3300
6889
6859
1865
9584
1717
4493
2658
8032
9508
1110
6928
2246
9821
5601
687
9622
9142
5481
529
4421
3364
6322
9912
9625
1618
9586
6828
2004
9829
7268
2432
2651
5577
1712
874
7551
7170
2666
8944
8496
8454
1629
2498
185
6321
1334
3933
905
2083
6120
44
3702
5875
650
7259
7937
1429
3400
1191
3729
9755
7789
4431
6379
4929
934
9869
3390
3912
8295
6132
90
7391
7006
6246
2018
3587
9469
1643
6595
5846
3004
2350
8989
8409
3053
8320
1718
2262
7833
2763
6738
2303
6240
8477
6573
5436
699
6376
6436
8654
6682
6171
5169
4621
9230
5317
4548
268
8013
4773
8197
5933
3996
2443
7465
840
7621
9288
3626
8046
2012
2032
2277
5342
4103
9489
573
6605
2630
6292
3975
1185
4280
5652
6896
2052
1996
3642
843
9984
5943
7897
6823
6173
1928
6846
3772
2155
3508
8912
637
3638
6439
9126
1128
6495
1339
4646
5753
7027
7303
6417
3990
5551
5656
2727
3246
9597
8195
9076
2175
6384
9980
3077
1611
6129
1926
9981
9052
6071
822
1518
7949
6086
8762
9715
4237
7060
3229
5191
2959
242
3421
1374
1885
4402
5983
1807
8064
6191
693
2215
6391
1009
5820
8573
7732
9747
6897
7377
4185
9380
5880
970
8036
5074
3939
3633
6366
7279
4295
4283
1290
5579
5526
739
7568
4460
1801
2225
8225
6564
7566
5729
3007
395
8610
4138
6222
5597
608
2019
3366
5790
7684
3916
1219
2547
3540
1241
5052
5000
2848
2674
261
2163
1163
9203
3555
5114
2232
2682
3036
6660
555
2013
9372
805
7544
9733
9110
2695
8235
9029
9318
5965
9901
7322
6508
819
1893
5389
3113
2619
260
6254
9775
9275
1247
8010
2105
8251
1360
2809
2797
4703
9377
6305
4931
1494
5525
7137
4276
7050
9109
4072
120
4159
2028
5878
2409
492
6100
9218
2251
8563
6754
1317
7851
1548
6959
7932
5104
2343
7313
6342
5891
1922
8423
3308
2486
4467
2415
4040
208
1338
4597
7831
3321
3775
8764
518
2898
7045
7242
299
283
6239
1021
7765
7839
7901
2449
4013
7490
7810
6390
2788
4225
5025
1574
8053
6661
6167
6219
2078
4852
5392
8669
4382
5828
2928
7751
676
5821
1132
3118
9075
2116
569
8081
1655
9006
9811
1623
6743
7051
5903
227
6116
1020
4607
4661
4352
3264
8019
9787
2875
653
8852
4098
6477
2458
6992
4325
1439
713
4903
1253
68
3870
4389
7381
9699
9192
4742
7145
3497
2753
3121
3336
5390
4834
2858
361
8993
3846
5238
8718
6013
5667
604
3281
3786
9953
1584
6832
1365
4015
6295
4107
1461
4455
2566
6590
4114
9247
8566
8713
649
4863
5562
3424
8874
2496
2094
2573
8483
7961
1585
9225
8818
2661
4392
9991
6724
3575
8687
9609
4603
5450
8965
3547
5107
6338
3931
9467
8100
8813
3644
5859
6668
5375
5265
6357
7840
4591
7177
8931
7236
726
2913
3133
9400
8732
3199
3074
7420
9356
9554
5822
3683
9297
6814
8979
2527
593
6518
4156
6064
8571
4908
5923
8201
7182
210
1083
7135
6015
4010
7141
8357
5789
2947
6490
9599
8734
3806
876
6437
5029
5842
9835
3491
4726
3997
3399
6709
5546
5898
4056
3064
2258
9016
9350
8895
4294
9831
3980
793
3505
3948
4106
3370
4677
1580
4236
3112
4636
5219
8822
5495
1755
4474
6524
5031
4303
2646
6636
966
8985
2357
5683
6352
9137
7334
4459
14
8008
3937
6204
7151
5339
9331
7473
6753
2602
8274
8893
5552
1003
1941
2036
1332
1210
872
6954
3535
2171
8327
1985
3221
3525
9491
4323
2613
5097
6209
2525
8871
3168
2401
9227
107
5210
5818
3850
462
6267
8547
8790
9895
113
7368
4849
1099
2042
7074
1936
6561
3964
4404
9903
602
8699
7113
3268
1400
8074
1787
8347
4367
9663
8495
7928
765
2023
5325
7870
6541
1579
6806
8162
9384
2546
6717
209
302
9888
6944
1414
5062
1690
3151
8697
900
8637
4234
4669
5811
238
9945
7649
1047
3978
2882
4862
9828
3099
8358
9870
3809
1065
628
8681
7258
4566
3049
6271
7698
2359
218
7695
1433
7577
264
6994
18
1550
742
9910
3063
6276
3475
3384
3196
642
8406
8800
5451
9418
5259
5763
2191
5256
7559
7011
9303
9300
8359
3472
5409
7889
9606
8886
5758
2901
1937
1905
2388
4408
5134
5457
6081
3571
6150
3591
7589
8464
8158
5264
3581
3910
6614
9246
6469
8628
5140
4753
6489
213
8460
4461
4374
1935
77
7971
6300
7110
786
4428
5849
1057
4151
8702
4407
2615
1139
9935
9458
6747
360
2131
7909
3543
8890
8928
6511
7002
1024
5250
1105
6911
9705
1315
8954
8391
4104
8503
7132
6470
8634
2570
1211
5480
1788
6325
670
648
5724
6256
4838
1929
1177
2334
271
7184
4589
392
7843
4642
1174
5549
7913
5888
1953
8035
7364
1695
8194
8643
5620
1500
2029
3006
5117
3738
4425
2447
5870
4748
7031
9023
9922
8629
9184
6984
6797
8082
5608
147
9579
8155
1703
419
2669
9193
999
173
5796
2820
5223
7521
8296
5468
1145
4118
8275
3248
1243
582
4073
8107
7280
2839
4503
1604
486
6565
3663
3974
1364
4876
9661
214
1775
9992
2617
1344
50
9515
4243
3818
7536
7121
7794
1088
7973
3409
5538
6641
551
2142
9967
1754
1101
1657
3110
5707
5076
9375
4109
7508
2176
6108
975
5911
509
512
5793
7052
5010
6750
7630
6893
9271
2438
9559
3258
4542
7517
549
7395
800
1786
5585
348
8909
1068
1318
8516
3812
468
9687
977
2530
179
7999
1373
3862
3837
3724
1569
5744
4840
5981
84
4371
3879
4754
499
6000
7545
6898
5416
9995
1004
1995
5456
875
4269
7759
8156
5260
9474
2690
1336
5209
4752
7972
5001
5231
2815
1043
7069
2011
4747
383
2319
7721
4254
4169
8214
870
8592
6022
5237
2425
3798
1486
1341
9544
9509
3219
2507
7816
6925
6419
7300
7907
1471
4078
9813
3476
9817
7211
9462
9815
4123
4419
6261
6178
7881
9955
5271
5270
526
7488
380
7700
3934
4549
7022
8682
1236
9262
9582
9139
3699
9232
858
7392
7996
7014
9357
7152
1245
3295
9556
5622
7442
5430
4794
9466
850
6619
2985
9043
9763
9660
8508
6763
88
7796
5136
1715
1250
3595
4216
2115
4821
4989
323
1685
8665
7124
8854
4743
5056
2588
5892
4044
9630
1828
6767
8529
8322
1409
1237
3741
2389
8927
1830
1704
2275
2533
6714
9070
4579
1942
6997
5111
2935
8316
5907
9837
2762
4567
4506
9657
9086
1141
2699
7373
3000
3085
7612
537
6308
817
7703
1747
9387
8021
2314
9608
2095
1528
1651
9800
8208
7376
7786
6040
5110
3305
9362
1398
86
5900
3070
903
297
7072
3457
8757
7661
1823
3900
5847
6973
4022
7553
400
3290
312
5420
3163
1758
4611
1529
5864
5413
8826
12
6867
4816
2312
5574
1530
5623
3323
9756
250
8604
5670
2091
7140
3250
7980
3349
8620
4679
7676
825
9845
2775
9964
3510
2132
6046
8820
8134
6533
6102
6885
9566
2416
7890
4199
7035
6053
6586
7274
1519
9189
4479
377
6796
1773
1661
7849
3209
9014
4235
5524
9513
769
5857
6375
1855
4094
1543
4906
4411
3674
8131
3923
821
7717
4331
7167
7771
4714
7764
7296
162
7153
3842
1030
7768
9590
524
1572
7531
7734
343
5046
3911
3231
5490
2284
1961
5570
1781
5285
6050
3511
5472
5099
896
4281
1792
4048
1889
5906
8873
3643
944
6088
3495
431
4955
3844
9191
3386
9081
4772
1997
2625
1386
1910
7912
1979
2711
1444
4625
7781
7355
1094
6819
8077
3088
8024
9946
2239
8767
2657
6760
7607
8312
2873
6985
5040
8650
8452
2137
3097
3859
110
3031
4349
345
8236
6907
5471
1407
3129
5376
7148
6
2626
1707
4365
8883
6656
2030
474
8983
2787
1944
9155
8091
3340
8971
117
5530
4824
253
2298
9018
8262
6488
1900
4230
7687
6581
632
321
1080
2431
8486
1117
9147
2640
1488
5153
9710
7753
369
25
4789
1730
8352
6838
3374
8095
4934
9176
4113
1232
9972
2747
2291
8625
6030
6115
3467
4948
2783
887
6237
6718
3123
6840
9228
9849
8163
1300
8771
7339
4897
3043
4121
7664
8840
8128
8354
7265
595
2483
9025
5596
2473
1776
8244
4880
1389
4224
1561
1837
505
4572
9223
8288
7622
1355
8229
917
23
7156
2778
8424
1224
8293
6428
9530
9484
2336
672
7327
3056
2025
300
5858
3660
7423
9728
4504
2162
9140
2944
5241
9852
1314
9525
2872
6340
4176
451
277
9215
9993
8455
7089
9131
407
1335
4179
66
5195
6977
8300
2852
9468
4328
9522
9916
1220
9683
668
7657
6468
2912
665
9750
7393
6096
8624
9039
8382
5411
423
5631
2014
1265
5144
5786
8248
4976
7472
3481
8404
6073
2423
3069
8450
6233
457
5072
7374
8751
3556
6099
5066
8541
4779
8400
1699
1662
5617
3899
3635
9512
8176
6910
2582
8569
4832
256
5043
609
8551
5966
8862
6572
9440
6440
7372
7666
4299
4994
172
3608
3010
8723
9727
7863
7183
3706
8821
901
3331
5174
2801
6182
8193
6653
1188
2208
561
9290
9592
6712
5638
5374
6250
4804
1810
6941
4470
10
8307
43
7610
3148
1228
6943
9879
9791
2497
9640
7111
4145
5863
4942
6264
2047
272
8258
1062
7510
3756
3925
4725
8885
6026
7131
3223
8189
5721
7347
1633
2061
3407
6199
9446
1540
4530
9149
9682
4308
9045
7492
8515
5351
193
8415
7648
6801
1401
5396
7733
5794
3917
864
1151
2943
7342
7041
1308
5196
1720
2853
3604
2451
4860
834
4463
7642
2125
6592
9130
2349
8864
5747
8282
6697
830
6664
508
9765
3257
5085
8443
3580
6355
4912
2209
4065
3024
7175
5516
2339
2511
259
6583
6382
7790
8253
9873
307
9079
2826
3160
3705
1483
5699
3656
2342
8303
9833
1230
7707
3893
2139
2337
80
8059
7361
4287
1729
5799
5441
2118
2202
6548
9374
5848
101
3095
6369
3173
6306
5647
1420
1275
4341
8479
5513
2168
3191
57
4184
156
7005
9760
5289
9249
6517
6624
3615
9983
5650
1700
6650
4658
4713
3880
9058
6465
5921
5548
4981
5696
8318
9679
1723
9731
1532
8124
2670
9596
997
7308
1619
1844
3389
865
3750
3914
7362
8141
6629
379
9169
56
7525
4718
1879
937
5155
6637
3128
9431
4445
3811
6448
7088
5625
161
2782
8304
9399
1821
7722
5805
6851
1510
2940
5629
8133
3826
334
1366
7515
2946
8242
613
8741
8711
5581
99
1147
2242
5109
3023
1836
5678
910
461
2000
1676
6114
8376
1803
6644
6672
8080
4715
5508
2467
8974
3396
7025
6117
8094
4462
3666
9168
4651
8797
138
3194
4662
736
112
6626
7550
3259
7886
2315
484
591
6713
7792
2057
24
8445
4304
9987
1395
1501
9217
4358
4978
775
6238
1640
4161
8018
30
4943
7205
9490
4756
7957
7179
2272
7468
6773
2845
688
8030
3754
877
3830
7940
2748
3831
2016
5100
9381
6195
3232
3737
4588
166
6570
972
6042
5660
2798
5449
3367
6298
3383
3524
1388
6684
9048
7512
1127
7757
1780
3886
5503
9077
9631
5129
9186
7378
6858
689
5305
1475
3401
912
8707
5432
1727
9867
8183
5879
2147
1681
7458
1630
7874
9652
9355
9551
8432
7491
4157
3834
