2512
8259
5034
6668
6370
2053
6840
5912
5079
5191
5592
3477
4387
7947
6047
9395
3857
407
4831
1092
2786
2383
2055
6381
8388
2485
1935
9729
5571
7310
6516
8342
7642
9297
4611
5826
9724
7853
343
6797
4108
332
4274
7096
3247
7872
5492
1889
1801
2604
4837
7183
1196
8671
8239
6917
3499
9953
8961
1279
3268
8186
1224
3557
7196
118
8905
8803
9791
8940
7972
3112
7867
3168
6882
5242
1142
879
4661
4254
781
5374
1625
7973
902
7168
2612
2378
2046
2113
3785
3298
8170
880
4379
8750
1032
2017
4816
2372
613
4507
9212
161
4692
8065
5950
8875
3604
1437
8763
1435
7696
4228
3562
5900
5373
5031
8444
1401
472
784
5470
9844
4848
605
1823
2387
7357
497
4647
7192
6460
1976
925
4334
4642
2720
5635
3636
743
4755
7071
6838
540
8631
3640
1339
1313
4555
7499
4455
6423
7959
6807
2771
3207
7055
3001
8853
1912
3548
7081
7888
1707
8195
6790
5008
5015
3652
9525
2685
5221
5150
4720
7093
8314
1913
5658
5531
2039
8547
2267
3047
5025
8306
5005
5354
9682
6378
2842
7518
1966
7256
2424
6539
1338
5625
5801
7267
5588
1599
5552
3219
840
7000
8507
5651
9890
3971
7181
5530
6473
9195
4161
7291
9766
9974
4570
8744
9815
6967
837
9107
4339
9996
9929
2495
5261
714
5059
9586
4032
1108
3103
8408
2118
3545
8792
4169
3507
7042
6646
8522
2327
5202
8121
2808
2561
858
3972
4939
190
5680
2657
7631
3244
6348
6746
4888
3946
6886
6854
6151
8828
3255
7399
3696
9612
9518
9341
4412
7136
2282
9774
7699
9111
3621
9680
9077
8324
1710
7529
2006
5245
5087
8983
254
3853
1327
4665
5100
9136
7604
6432
5309
3905
9624
3750
7765
5065
4489
9079
342
4594
8593
6785
6745
2918
6674
1682
2319
2026
1445
9912
2618
9301
7717
7826
1346
7573
1901
9362
6206
5424
8135
3538
8321
3543
9794
227
2249
2364
5544
2030
1606
9932
7212
4389
2518
5453
482
8075
1095
7068
1114
8819
3711
4585
7133
9531
6961
8114
5223
4542
9887
3900
3848
2979
7656
5653
702
3678
6263
2573
562
3976
3106
1568
6812
4075
7730
9817
3881
782
5195
8011
7224
9251
5498
734
5808
7985
3574
6689
3068
172
55
8127
8563
5175
6477
9652
8782
6091
2623
4055
3859
2191
9446
6160
3262
778
5622
3379
3619
1600
1159
7208
9594
1971
4201
4027
148
9943
4663
9186
6050
6894
2700
3871
6242
3461
7017
4251
1670
2425
6281
2915
312
9125
7469
2557
7685
5983
5292
193
7037
8923
4906
1853
2610
1400
8196
7913
739
7372
6325
5862
4518
6510
3091
7232
3532
7027
1051
711
6985
9350
5840
760
8920
2564
9163
632
1418
3902
9154
7660
6262
8821
5883
4653
6198
2099
2310
1970
8110
4230
4276
5135
3197
5846
877
272
6324
7840
9512
3719
4007
7857
4983
5591
5139
7114
1667
5786
4311
9489
4981
2159
5891
8625
4327
2340
2276
5234
7562
4212
5546
2021
1735
9457
1353
3131
3748
2923
9517
9429
1059
5737
9850
9402
4068
4634
7880
422
8386
6421
2534
7987
1115
4623
8285
8158
306
8418
2678
7979
3583
8344
917
8827
9575
6347
8661
6770
7706
9672
2996
833
8389
2380
7227
5555
5462
9689
3343
1037
8756
9585
7053
7218
7085
7409
8718
7695
3595
537
9029
5952
8822
9356
2543
7406
4622
7223
7238
2121
876
6247
3646
4567
6471
3782
8865
8624
1658
5061
2287
4941
79
4839
4794
7994
6445
4522
7958
9700
4630
5677
6060
6637
5393
6718
8046
2714
2535
9871
6115
176
1232
1285
6712
9095
5093
8501
976
1321
292
8263
2451
7750
4587
180
5750
424
2497
9285
6748
1126
2226
4465
6483
4456
9071
9363
4172
5038
1258
5162
8952
1624
7537
7147
42
4269
7764
7407
1705
6128
737
6386
2968
9450
9
5029
3332
3763
5525
2890
1511
8101
1267
4038
4204
857
5930
4947
4529
4898
6720
2295
397
7286
7337
2379
7644
2198
7495
1155
6424
4822
9704
3242
3179
6606
4796
1611
2993
723
5010
7234
9129
1690
6493
3228
1220
1237
5296
5712
8010
5389
5721
8674
3736
2314
647
4612
4124
3983
7687
3409
8247
959
4510
6254
3243
8180
8162
4674
5426
7712
1477
8540
2550
6972
8143
2537
5630
6683
178
9810
9814
1933
8582
8942
1785
3955
9084
789
1563
5402
908
6675
9930
3720
3556
7400
2690
3849
2248
8163
6538
4454
7790
2210
1256
5480
3531
2886
3998
5363
4021
1385
6469
1419
1293
8406
5386
3069
6267
8054
5782
67
9555
1972
7558
2213
7156
7599
3483
2096
162
151
1040
1622
8205
3698
6593
6194
2692
152
250
3774
1535
9760
7667
6438
3354
2215
9987
1617
533
5024
2403
7691
3978
5639
9626
2523
7542
7878
110
6051
1274
4850
4270
8362
4899
403
5284
4008
3281
6331
9591
7257
668
7261
8055
132
4462
4183
1296
8845
225
9940
4195
4030
6881
7487
6057
1526
6290
8268
9401
6923
1171
3860
6133
3496
893
528
371
9855
4586
7271
9122
8637
19
3088
5559
8641
9893
6393
9947
2388
2901
5137
7078
8564
6002
9116
2603
6487
3252
9288
8895
3042
4344
7332
7943
3778
8284
5656
8519
2220
3892
7226
7281
2416
1869
3743
6294
3797
9886
6154
9431
1505
4681
4907
3078
8026
718
1383
7552
5667
3623
4348
8291
173
1569
5241
856
5872
6901
7149
8842
8134
6611
7003
7980
3094
3896
3644
2460
7942
6305
3320
8980
8137
5132
1538
8711
1678
7727
6489
2190
9243
1326
3707
7178
3560
3392
6946
318
9244
6215
9618
9160
114
4684
7882
4353
3908
7815
2493
674
4982
8322
9472
2241
9097
3999
9994
3385
3885
9436
5110
396
1854
3275
5996
7343
3435
3773
1748
1945
3894
7957
3307
389
2611
7895
4287
2209
8655
1298
3883
2187
8769
1335
9266
1343
4998
4208
4080
6554
3474
8095
3146
3772
3781
4635
2317
7259
8129
3516
6509
5557
6526
1276
7842
8484
9192
5827
9603
2766
6192
9745
6134
9892
2119
10
1752
230
4561
4060
1112
777
8629
930
8662
6789
1324
8848
2820
3035
9204
9169
3737
6866
6013
9279
8548
4323
5645
3050
3675
1423
2047
3886
3872
8093
276
242
8653
2654
2668
6973
3747
4749
3
6145
6513
8442
8191
9194
5526
7611
1184
9462
3566
6329
1376
4520
933
5098
3942
3277
1758
9746
1674
4638
6589
3387
7297
3086
1374
2905
9128
1024
1053
8115
9541
182
2487
3139
5109
5890
1924
6374
907
2385
6590
6913
7746
2542
6164
2529
1131
366
3041
2083
4463
2219
426
3002
7747
9703
2474
2536
4880
4581
5022
6079
3699
3254
1919
1010
4033
5765
8760
741
6284
4921
9790
3680
6713
1926
575
4050
1337
8533
1897
4140
2132
2967
3125
1134
3115
5714
1949
923
8901
9762
5607
7082
1410
9630
5570
4584
3745
1124
9971
8838
6101
4259
4823
2973
6558
3265
733
3826
994
3929
4347
7858
2900
9114
7804
1097
5657
1071
5407
7925
5641
690
4457
618
8334
5585
3039
1691
4815
9910
4355
6089
5117
41
3888
9946
2935
5519
4091
7984
9945
3948
4495
8755
6107
3570
476
4105
9306
1737
4841
7089
7280
5303
8752
5431
4127
3099
2114
4945
275
6710
9925
5812
6691
6150
9143
2759
1663
1813
2214
6112
362
3865
6130
7235
8843
8339
364
7742
5916
6285
1928
5324
243
7095
4170
8863
76
9891
3129
9191
9166
3092
7622
3274
4936
2182
5053
9319
201
9190
4065
5662
6692
1311
4984
459
7963
3882
977
4171
8646
14
6129
8963
7155
7245
7448
9231
1352
8757
7342
1632
6688
6761
444
3475
1581
3926
9860
4803
9873
7035
8445
6635
9722
2247
6319
5987
1433
2384
4726
7890
1377
3668
6964
5841
1163
1651
5290
2252
3357
8864
6282
1996
3890
9497
4358
3303
2662
5508
1916
3356
5416
3189
3878
4637
1029
7051
4894
9839
2136
6515
7020
2097
1730
5790
1263
5055
7773
9959
5289
6774
1493
7401
4549
6345
5138
7822
5199
2722
6743
1570
6304
9982
6163
6506
9579
3688
4855
2271
9813
7844
7172
2073
121
510
5960
4733
8200
8090
9123
1673
1205
2233
3417
6119
4231
7601
7757
8412
9576
8122
2392
3732
6186
5097
1275
9108
8817
5999
440
7031
419
2981
1164
8896
6930
1946
7263
3922
8168
7805
5849
7634
1416
2259
6533
45
9453
7705
7153
9001
185
2153
589
9841
6110
3452
2974
4853
8552
4882
2109
3867
9696
4479
4702
2527
8802
7969
4572
8690
8131
4957
3053
9533
311
6201
1443
9257
9004
1329
5974
9710
5381
5486
4969
21
3414
939
3618
8950
3893
2917
9888
7064
6039
6599
6708
7112
9853
9767
6793
5871
6411
831
2966
9400
5545
1642
9593
800
4340
9403
1175
4106
6731
1956
9949
5229
8638
4989
5213
8439
5478
4488
263
418
3491
9659
1564
7087
8846
6803
7083
5315
9144
1308
3013
3080
7188
2162
7269
7782
4583
1669
8867
1050
7258
8243
7854
2410
5609
3216
1069
1484
8793
9838
6346
5821
7057
125
6557
1150
4222
222
6742
7427
6859
5845
8967
7883
4185
7976
9641
6962
3052
4632
3920
4624
5956
3701
5355
9900
5307
1515
5168
6594
1086
1473
207
2246
6351
8571
588
5484
450
9475
6744
8111
6884
8217
1850
850
9699
662
7718
9914
3370
3301
779
4762
8584
1031
355
7686
4041
2778
6238
4090
6394
7365
7347
1000
9488
7378
5049
4282
9003
9076
8850
2960
2869
4729
4156
7799
8148
7775
6367
3761
667
4153
6490
4085
9539
7914
2459
4314
8004
2806
9804
7457
4846
6559
6980
3766
9661
9168
587
4078
6382
9052
1527
4175
2647
6001
9214
130
5836
2738
8329
3224
6532
9377
9846
4916
8377
9614
8882
3710
9126
3869
4326
8246
7446
1863
9674
9177
3582
4675
2063
2484
947
6076
2625
2920
6468
3502
6724
3968
1399
7047
957
2556
2045
6269
2202
5528
7115
4534
6463
9635
5820
5925
2755
5832
3276
4492
307
9881
149
232
5371
8613
5288
9059
2733
2948
5824
5260
5048
2143
5813
6908
1831
9567
4792
1697
697
9326
3832
6795
3285
6960
8831
9627
1729
1322
2297
7166
9452
2409
7931
3485
9209
9491
4211
2217
9039
5003
7054
8868
359
2418
7955
3098
3308
7663
6108
4950
4504
891
9115
3967
3116
2675
3547
9789
7652
6228
4778
648
9355
3845
7971
9061
819
9481
3032
6830
582
8218
4508
8172
708
7244
9073
8409
6299
2627
5876
9610
8260
1579
7935
8278
8796
7050
2221
6654
9050
92
7734
3665
508
2955
3062
8688
3653
5063
5
2899
602
4473
7437
545
1727
4670
8157
8517
7143
4199
1553
7991
8140
1984
8118
3082
186
5181
2621
1183
866
9369
4660
138
1586
5818
4481
6809
3966
525
6825
4777
2489
491
5378
4732
4648
1999
5394
6190
2930
5713
6476
368
4147
3323
4741
9283
6478
4779
2552
2020
2513
706
806
2499
6839
5140
9775
9142
3319
5310
7288
4789
676
512
9309
1846
3746
7669
4400
7881
4113
7079
7802
2763
8635
4943
8610
5154
7392
8510
2676
722
6831
1373
1808
2701
5255
1826
1886
7428
8483
1728
9506
2414
4357
4000
9264
2070
391
3282
5566
2108
8642
3022
9081
3162
1465
6380
2362
158
956
5248
8693
5758
513
7072
9477
7891
3108
3420
4084
1123
4616
4441
5078
2650
4173
6418
8753
5504
2502
8632
5253
4877
8253
2016
2533
2735
9013
9074
5764
3283
1173
392
1965
5464
943
942
6574
927
606
7151
2715
4225
4913
3780
3236
7847
8609
9037
1503
9386
8018
5032
3727
1528
3800
2824
3366
9999
8210
7560
1160
8150
1830
8714
3995
4174
2757
5756
1396
5119
6578
1680
1254
3453
5423
5046
3194
2799
2352
552
5854
8371
4845
551
8889
834
8774
3602
8179
2072
6391
527
5254
7723
6856
4865
26
4466
8790
1450
8166
2012
2291
6639
9885
8844
1980
6553
5262
9099
7968
6048
6550
2434
4644
1280
3117
1540
7593
7582
2880
3058
869
4257
7524
1806
6645
81
3500
8238
8695
304
7395
5123
7923
1048
6277
9857
7111
1277
1480
6778
198
5434
3744
3079
2443
5493
3523
8467
7482
4533
796
1593
1008
9482
9924
3251
3823
8932
8356
1974
3592
6253
998
7282
5329
5218
2435
7641
1902
7113
8930
5051
83
7990
506
6209
6146
9878
3649
5405
376
9595
2784
1914
4165
6212
5422
2446
1394
9800
6788
2758
9093
4748
6569
2180
987
995
1612
5013
7759
8733
3263
6686
4736
7829
8128
824
716
1718
2982
2302
3202
7123
7803
2481
3628
5640
9178
3070
5739
8014
5839
5368
1959
3951
7025
5623
1797
1649
5936
6651
6177
4296
4526
3957
633
8806
8799
7868
8504
1411
284
5661
4137
3735
1832
6474
8422
8499
2110
8432
860
4244
8316
7752
563
1532
1065
1594
6045
3490
379
8877
6950
6613
7507
2002
5977
7743
6663
73
6609
9516
7540
9324
9234
1501
2335
9005
3597
2681
4971
7816
8144
3687
7043
3492
6334
8506
6123
4977
2158
1895
6054
3925
7684
1407
5384
523
4057
7182
8232
3438
7352
1009
983
4811
3950
4291
2888
696
2125
872
7597
5612
3584
4233
8505
3664
255
8300
6451
2688
5437
66
1849
7174
2
9320
8987
8385
1005
9919
5754
8689
9317
249
8910
1810
4118
2822
6189
6899
1639
997
4098
7657
786
3174
2505
555
8063
8583
2928
4580
6019
5212
4409
5323
7266
7784
7679
1238
688
7479
4851
7207
5239
5028
3536
9277
6518
968
7832
5430
6948
5082
2357
2407
1874
7897
1761
3935
237
4608
4890
3329
6787
9542
219
7494
8696
4092
1502
1340
3403
5460
8701
6885
4538
4600
2892
4071
518
2858
6767
9151
8816
2827
3030
9843
4693
9662
9241
8712
9312
154
9286
6183
7700
2544
8062
106
4883
8384
246
2949
5215
6185
7176
5837
4975
7211
7376
6863
4550
2277
5037
4804
9406
8866
2853
8924
529
1357
2473
621
451
3989
5833
6196
9090
89
9410
2551
3359
673
5341
2991
4131
9779
985
1462
7833
3520
7788
4678
6669
7715
5357
1140
9372
2500
9176
3670
1915
5194
4935
8005
6127
3010
1404
4136
6602
8976
6472
8530
2894
7711
8021
5946
7292
300
679
5409
1087
6420
1605
20
9918
5285
2741
8363
1187
4731
2879
1459
5561
6270
6576
8323
5629
9693
3034
9284
7193
9584
1778
9219
2458
2850
2298
3258
7222
3960
9639
1081
7139
8184
5885
5937
7216
2938
3141
6503
2780
1284
4285
5966
9511
2415
7536
8434
2530
2762
9718
8084
919
430
9303
3616
1476
1470
8869
2103
8979
7911
7350
3863
4824
2345
3726
615
8643
8262
2507
6377
2472
9690
4135
2626
4154
2942
8779
4009
522
6046
740
8258
4427
5842
5020
3962
9187
6715
5520
2844
8352
4264
5611
8429
5350
8304
9822
1858
3511
7680
5390
7388
4472
5388
9035
3498
6776
8317
9425
6575
4028
5454
3825
7
7390
495
5687
7839
6545
5225
7253
4196
8663
2342
4752
7623
6458
2498
9289
2082
3337
5736
4176
8974
2455
175
8154
6995
7268
6938
4273
8698
5695
5047
9897
7254
2197
2703
3400
8917
1741
9629
3314
2494
1616
596
6258
2737
294
8212
9744
2080
5819
5628
4026
6034
3598
3803
9741
873
2903
5190
6773
164
9293
8489
6067
3442
7796
4263
4245
4830
5627
6274
9671
8105
8785
380
9367
5463
4086
7921
6362
9780
986
6390
8592
2910
1818
7941
9634
4918
8338
6641
5187
3105
8687
5089
573
8608
6065
4785
6994
1283
6232
4450
7851
9172
6087
3227
1011
8279
9986
8106
3588
4179
6033
8595
7658
4017
4104
6520
3546
3447
2354
6804
1182
4177
3100
6376
3325
2444
1571
8034
6653
9105
3246
5291
2250
990
7198
5825
88
2764
7546
2845
3708
9158
1881
3689
9645
2355
2304
5882
652
8794
5166
1541
7920
3373
9725
7821
169
7740
3974
4985
5599
4133
8298
7065
8982
3009
1779
6695
3493
9382
9829
4657
849
5120
631
9078
8267
2570
7807
2736
928
1349
3031
5174
7011
2022
8730
2655
9808
1161
3965
8109
5185
4871
1641
1045
453
4887
6536
2734
1510
5778
1643
4530
5112
626
4110
4424
9913
6729
9374
2945
6865
1012
4255
9254
9955
7062
7251
7200
7835
9737
5957
6921
945
4117
9863
818
4986
4908
1127
6272
5636
6456
2032
591
282
5696
1492
3796
447
7760
9743
9654
757
9466
6989
2492
4934
1883
5581
3525
5858
8223
6461
1297
179
8892
3792
4081
8570
6017
5312
6249
2984
8376
6359
9538
8658
194
8410
5838
3172
3412
2848
8528
2922
2192
7659
5785
8667
4875
6494
3830
5975
5033
3408
7013
1652
6358
189
3102
4654
6321
3840
9831
5578
2565
1174
4575
410
675
274
1316
5674
9365
9521
6339
5665
6638
9714
2128
5502
8369
546
2027
9318
5075
9124
1583
541
8224
2832
2144
1294
7758
411
3937
281
9360
7567
7159
7974
7236
4576
7305
6387
7937
1580
6349
421
6307
2232
9861
1703
3166
3151
9848
5027
6655
8345
9258
4870
3066
8478
7118
4599
694
8611
4828
5722
6403
4237
2320
9325
3506
6233
1306
8913
6522
4126
5830
501
3055
1904
6735
1378
9308
4003
5511
8164
209
7859
9564
9260
2717
8739
6481
4474
5741
7129
948
5158
5929
3522
8360
415
4163
4111
2704
9426
9023
2640
655
9562
9734
1439
6287
5749
199
9625
3350
5650
3305
4150
3278
1829
9019
7324
3075
7060
2509
8188
9030
4577
9715
8049
9499
3677
8381
8214
5523
25
3170
9907
1695
9691
5335
749
2925
8679
3012
2043
5517
5118
2420
6015
3374
8419
6753
5905
3184
8761
9554
2782
4218
1713
3907
305
2148
297
5529
937
4122
7008
8830
9428
3764
8463
4667
6541
6696
1075
6032
4139
7674
619
2152
1603
6524
3040
2439
3742
3480
4029
4807
8686
1451
2092
8669
3818
4333
4786
3620
728
4366
4070
3212
5718
6563
6813
8665
3372
3973
3341
5180
6259
7160
2962
2370
752
2591
6373
1138
8503
2994
698
1683
5001
7708
8527
9705
8201
7453
1038
2350
5095
8190
5428
4505
7099
1074
6925
731
6219
9394
2375
6080
3060
1836
3753
9803
2452
7810
6235
601
1101
1591
7338
906
5302
9494
5461
511
7698
5267
3539
4672
1080
3841
1253
2893
8230
4903
8619
5616
4215
2906
5476
3806
6448
7101
1386
2402
5399
5725
9470
2941
4304
8037
3021
4932
6547
7046
7447
1524
1880
3273
1900
6273
2797
2817
8250
7910
5036
1716
614
8955
7557
8331
4521
3300
5692
3617
2454
1483
5817
1507
7330
7995
1903
4859
5411
3831
7074
7048
715
4836
1367
8586
5184
8269
445
771
7600
1516
2897
6026
3928
3717
1382
6181
5177
5280
4754
6919
4770
8684
3851
954
3342
6880
4923
5962
6276
8694
5516
3348
7633
8042
3705
7473
4343
5763
9184
1985
2635
240
9145
2025
7569
1181
3270
2033
4180
4384
4995
5614
1169
6584
8332
6464
5457
4141
123
1058
7975
6621
3423
9673
1018
9236
1061
1522
9527
7989
1347
2924
9926
7463
978
803
865
5322
1375
2864
4589
5071
1975
2196
8951
8403
1452
9941
7383
4446
4182
952
4540
7298
5919
8391
681
4922
7651
8933
5715
8059
1068
373
7581
331
5035
2585
486
4993
5926
2731
7033
2430
2367
2359
7762
9950
9132
2990
3944
3296
5076
913
5203
7585
5580
494
5638
9677
8117
6956
4396
5483
4152
2866
7615
645
9560
7476
1257
345
3427
7341
8367
9256
383
7848
4302
6197
3119
141
9784
5993
6800
1436
6849
5541
4338
6495
2423
2440
7344
6169
5965
1969
3404
839
6555
8328
9439
4367
5415
8683
9080
2234
135
1421
2309
7607
9252
6814
1264
1199
4844
1096
2149
9031
6784
5084
8080
3118
5769
8077
9185
8975
7736
9139
4546
9239
1661
3884
4059
4691
7150
6591
7295
5270
8840
7550
6820
7250
3144
5877
7215
3651
4316
1380
5949
1954
1248
692
1413
6906
9809
5271
7981
6977
921
4431
6475
6892
269
5281
3324
5550
5330
9712
438
3759
404
2448
8357
1809
9226
7090
6877
6298
8626
5106
5482
5921
3555
6620
7598
4249
6672
7998
7936
4393
1499
7355
8512
7233
5759
3537
7142
1365
7993
5923
7320
6878
4036
646
5445
9500
6828
3297
5994
783
9726
2862
4044
1491
4740
5774
6992
9723
9865
1910
8780
4703
2369
2212
9501
5366
2809
5301
6535
1485
1997
369
4832
1228
9620
1448
7240
313
5779
37
6308
5436
1631
5477
8312
3406
1621
8053
5717
4012
5843
9307
8264
28
5382
8873
2698
7262
7986
4256
1787
224
9346
4096
4453
7439
2228
11
2066
5700
4497
8428
6827
52
6581
5023
5793
7950
5770
200
9276
99
4500
6959
5642
9199
7900
2338
2929
7873
1567
2466
8825
2139
825
996
7438
1216
9483
549
7948
5723
3600
1200
9812
7091
9781
7179
1004
2157
8407
3190
6078
9687
9010
8125
629
477
1653
2101
7489
9826
7283
3513
6234
2154
9336
481
9474
104
2290
39
9396
2464
9678
1260
2172
220
9103
4761
5740
8420
3015
3241
8124
695
3289
4014
6756
2885
3293
982
3913
2346
5596
2206
140
5874
1398
6205
3862
3360
3517
4857
1706
1122
1317
1289
9240
1689
5155
3936
8349
7488
6306
1798
6678
7673
1701
5772
8589
1545
8890
7239
3195
8766
8397
5002
8758
2593
7138
3421
2243
9017
835
3661
286
581
6052
578
3504
8185
347
5533
4713
1214
188
3159
1681
4293
8098
9230
8781
4701
4843
8468
6289
6427
8741
195
671
6435
5880
6484
1514
5976
5664
5727
1241
2576
5308
1865
4403
8715
4559
5449
4398
6310
2742
5331
8654
4968
2235
9960
1475
2723
5176
5676
2631
5690
9025
6534
6656
3248
5201
9719
5663
4535
9246
9149
6932
7919
7132
7319
1043
4019
9443
6792
2199
1598
7544
1833
2457
4099
8242
1360
3294
7173
309
8203
3290
4459
7442
3679
2341
474
861
814
3460
3639
827
2597
251
4471
2653
2775
8633
1805
4910
9773
6949
8335
3533
9772
1168
6642
9970
9274
7812
6179
4352
7012
7704
7871
7961
3054
3467
9412
2433
5998
7036
625
4753
7472
3510
1898
4309
4370
5811
7483
6443
2851
9602
5275
3931
8368
6059
5073
4262
441
9456
3912
9650
5143
2639
7117
6648
8513
7532
6398
1332
6904
4517
3081
1022
6935
8159
2031
1601
2120
6020
9632
8704
6943
8488
3449
8303
4578
2683
8308
9769
6016
7609
7009
1287
2963
7441
7451
4933
5007
1426
7927
6372
7349
3568
13
6136
1403
3739
4217
1742
7632
7300
4391
6848
9502
1788
6236
9859
6701
4336
6430
2579
63
3140
897
4485
5045
5458
594
6801
2826
1645
7410
1033
3924
9587
7590
1170
5753
1629
9476
5009
2323
6389
2849
6264
5542
4842
1791
1203
5204
4553
2134
1272
7315
2064
4198
7206
7578
5414
6061
3257
5879
4573
5244
4722
5200
584
5608
7781
2539
9167
5375
2266
8231
7933
2508
9668
8398
2090
6063
5583
5096
4436
9016
1635
9798
1307
1884
1840
3200
8359
5760
847
5105
4745
468
8776
9404
5224
7648
7701
2477
7875
9164
9958
382
202
5564
3306
9235
774
699
5904
657
5491
5338
9966
7126
603
8347
9217
4039
2682
3515
3113
2242
9447
3798
3910
9972
8048
5196
8088
3952
8919
266
3601
3451
1090
544
5554
2164
107
5884
531
5479
1456
7022
8477
216
5802
9433
1911
9480
1867
4885
5286
7511
4268
4056
3684
6920
9245
4649
5113
3855
4164
5906
9978
3691
3122
4791
9967
9736
3706
3530
7988
1940
561
91
1517
9665
5691
3036
3249
9515
1458
9340
228
2085
1543
7368
5945
8255
4610
5703
2600
9418
4799
324
9649
1948
5121
7777
3722
2059
2739
233
8985
5781
4045
7423
5314
471
989
5397
1636
7417
7346
2105
3397
3919
9165
4120
2607
8902
5111
2721
3430
4397
7749
1654
9530
470
4962
4873
102
2222
5728
9526
2133
808
7285
3527
1201
6796
2595
1696
8032
59
4461
8702
1585
5512
2014
4601
6122
8464
5358
4158
3716
4419
8749
6945
339
4210
4764
8553
1442
4242
8085
8729
8835
874
7811
6895
5339
8798
6416
4919
3938
7628
351
5083
214
1518
2743
7903
2545
1162
4881
4188
9984
3607
2875
583
3870
8067
2482
3658
8045
5878
3375
8969
7161
4709
6777
353
8640
2756
374
6986
8492
2034
8590
2795
2432
8028
5990
1747
6936
1117
2035
394
1464
901
9644
3660
1828
7625
2358
3576
6434
7293
1152
638
1578
6636
8525
8970
8851
400
2408
8372
958
5892
6769
2450
9606
8383
6659
2526
4897
6984
885
721
6171
8009
9087
8350
6604
8988
2067
8947
2486
4810
8002
2788
5973
3007
1931
4714
5735
9275
9909
8086
51
5188
6412
3478
7965
112
5432
9589
6657
8001
8549
197
5761
6071
4022
1772
4331
4734
1001
4938
7152
1202
221
5352
9120
2954
9711
758
7354
1229
4435
2004
3008
970
7665
862
8928
3945
3578
2997
1925
1295
6924
4787
3804
5136
8029
5908
128
6038
8708
7952
2224
7619
7612
6690
3256
5670
3501
8319
1194
6286
7146
381
9366
1711
8087
4087
3632
6647
7289
9938
7688
3791
8275
9828
8949
9749
6928
1089
2138
2807
9445
6627
9342
5948
8261
1406
6560
9127
4043
8815
2449
7512
9961
3065
4373
4793
7624
8307
6491
6203
8878
9902
2076
1839
8545
5497
9962
950
1454
4151
4643
4480
1188
3264
3169
1323
5385
2554
2619
5263
6889
8370
5298
1574
3128
7553
463
804
7405
4350
7662
8497
5970
7678
5953
2673
5766
8797
4990
8616
8558
7724
4931
8538
5848
9175
9322
3208
1896
6155
3697
6184
4319
5319
3579
2871
1508
7938
5573
7646
8228
2293
2456
9660
684
7683
6567
1811
5568
799
7440
6360
4493
1422
935
7824
177
1381
7860
4614
2531
724
7725
7214
1486
7661
4460
5828
6088
3702
3559
6252
2861
5101
9348
6705
8554
2393
7539
8728
4223
3330
1366
2141
4279
6341
6162
8348
5412
7772
5273
3793
8916
4775
1047
4629
8621
6667
571
2231
9720
5615
3025
9534
3253
9273
727
3580
4958
1083
1851
5816
971
8487
2504
4565
7116
5500
2389
1551
1803
7587
7514
934
5543
6027
9223
5835
6808
5228
8244
109
4428
991
6332
4375
3365
8620
8132
384
1490
7521
2863
7272
2476
7077
7468
134
8025
6092
2344
50
7102
8801
7279
4766
5495
5058
346
4024
2117
4394
2571
6246
9864
4408
7301
4525
7714
1144
1217
2912
843
8447
9989
3057
8707
3671
8233
7470
168
6875
4207
6661
490
8747
7309
8968
479
710
2956
7304
6662
634
196
6365
9248
8879
3638
7946
1218
915
7006
6444
949
5928
3339
5018
236
6974
5173
2087
5396
2445
3211
2395
3704
3136
6771
4708
3709
795
9805
9119
3571
2774
826
5456
3148
9656
8364
4437
2664
9117
8120
8272
929
7588
4963
6815
4603
4928
2719
8313
7276
2575
9825
4783
9221
3135
3569
7335
9706
3093
2767
576
7702
9467
3014
256
8395
1146
1702
3163
1136
7307
8297
2264
7892
7894
5881
7606
9302
3309
3463
888
3419
9451
31
5205
3524
4568
2674
8518
3810
9438
68
2107
5617
5538
1368
4189
4868
3016
4797
2667
2137
4148
502
7554
8737
6148
3827
9797
157
9845
4511
532
2951
1417
8462
2588
2628
8097
9935
1979
2765
9064
1245
2207
432
3730
9681
1666
3229
642
2860
1613
9877
7905
7898
160
9622
3384
9748
560
9455
360
8051
53
8569
7069
1963
433
4330
8379
1751
2468
5183
6975
8630
5336
6437
5157
4192
810
449
3751
678
8764
2218
815
3074
612
6802
7595
4782
3643
1800
8788
6629
8414
1893
2971
6564
2708
6140
3071
6903
4700
4475
8603
2613
4658
6069
7430
7572
3723
5206
4239
7191
1035
9407
3347
1350
4364
5044
7915
3877
2405
761
7877
670
750
2313
1566
8378
1731
9300
9045
9390
6042
6763
2129
2995
7767
5346
8336
3663
3225
206
8325
4735
9583
6053
2470
5198
5887
5989
1719
1520
3799
1628
9375
768
3051
5401
3820
3381
5211
5767
7855
8612
5984
4004
6455
7097
8103
747
654
3318
1745
3575
9479
4406
801
1397
590
6124
5364
1937
4554
9573
3017
7449
9268
7299
1796
6783
2225
8557
2586
5125
2100
3683
6083
3185
5679
6947
5317
5189
762
640
6896
2927
3358
2130
7058
4178
3133
6449
390
5473
3422
1212
687
7501
7744
2256
6350
6837
4994
9420
4069
9333
7379
6322
6805
2953
4498
2616
5634
2632
344
3606
9044
2147
1432
4773
9928
9027
660
5532
6911
4006
4659
6428
6326
3505
60
6816
9923
3284
9437
5646
9043
4964
5633
5514
5870
7530
6600
3540
2702
1656
9193
4651
6118
9216
7885
9056
8476
144
7967
2229
4666
5164
5383
2689
93
1014
2261
8650
1341
3138
6073
2332
4669
2836
6698
1660
7551
2079
7290
7977
2394
9459
9509
1977
1402
7486
119
558
1395
7774
1504
49
8759
6222
5104
4746
8061
3915
78
8742
6314
5297
1015
8805
4452
2563
9328
2669
6132
6738
2865
2846
4042
4905
4677
8448
3076
3805
8839
6682
543
9486
4866
408
2624
5226
8993
2301
3551
321
5086
375
2823
3916
5971
685
3188
3142
5647
6237
9006
5969
8171
9311
6552
793
238
5799
6336
5167
3927
4155
7477
895
2590
5847
2686
6018
9047
7073
7107
3111
6158
8944
8585
8812
7565
7817
2126
1461
3997
4537
9643
296
8305
4697
9227
5019
6333
6072
8559
4278
4979
9305
5069
8354
2307
7277
7321
3333
4768
47
6890
9106
7949
4686
5683
8699
9545
8060
2857
7348
1030
7653
6139
6823
780
3204
4604
1234
567
6100
712
2185
9686
4991
7785
8986
8535
8008
6671
8813
4157
6616
40
8469
4615
3518
2054
9141
3226
3933
6734
5361
4289
8498
6323
5815
6844
9757
7549
3044
1107
6499
9713
1561
2056
4031
2184
5575
6095
1299
5465
8104
3776
7693
1934
1899
464
5230
5689
4925
6781
6364
973
6044
1887
2163
9218
7735
3599
4146
9055
1064
944
2691
6126
7966
8859
1552
7145
4346
370
7596
96
8520
2986
7104
8023
8073
3123
6549
4715
3335
4727
6007
5540
3437
7978
1453
1139
4862
7306
1210
1487
1128
6074
8532
5345
4265
7197
5000
4531
586
637
352
5240
3733
9048
9101
116
9152
3596
6433
3787
5269
1242
5092
5353
5182
142
5789
3489
4744
4536
5823
1724
7841
700
7954
1431
2255
5771
2790
1440
4591
3104
992
4267
1233
2274
680
5967
2602
1646
2694
8820
7863
8536
2404
5510
6873
2744
7763
9750
672
2606
3674
9574
65
9054
2146
4513
9951
4801
3954
7044
6665
3432
4847
210
1363
2366
4974
9281
2253
821
7970
4879
145
3440
5306
8500
1119
6926
8542
5293
9421
2978
8644
316
6454
3429
2156
5472
7454
889
6227
8634
1110
1025
8091
1699
3038
9490
2181
884
2471
3390
8772
9636
6991
8870
1973
7374
8315
8436
5056
526
9621
3637
4596
6845
8958
3509
3260
7722
9917
4094
1721
9174
2580
7838
317
71
9666
8141
8762
2528
5897
3728
4020
429
725
6244
43
832
5768
1466
5421
2645
6676
9721
7360
2412
8787
9203
3304
2023
2086
1328
8440
8591
6293
5077
7951
7561
8808
8133
3624
7732
5278
9768
2286
1743
2748
1871
4639
5604
8768
8458
1278
6700
3353
1845
8818
9801
3176
9409
3593
5524
9882
1070
2413
3457
1342
6842
5855
5446
1610
1740
9709
5972
4602
2088
8270
4385
5450
1222
5265
4411
3056
3388
9992
3000
881
7797
2111
5914
8216
7574
2104
3812
72
6615
9249
271
6023
8265
8245
3844
3876
7391
9581
1860
6224
4620
7887
2589
2521
9683
3497
720
8431
4758
5898
539
8072
310
5057
3874
2303
2353
9183
3836
1255
3669
6958
1679
9833
5901
6650
1147
8276
5903
5796
8177
2326
398
2356
3767
8226
9976
5943
6730
7575
3295
7753
5620
4597
9354
8565
6295
1301
6106
6687
9964
807
4756
2306
7433
3345
1708
6900
3177
2648
3399
3418
6598
2913
4617
8337
5404
4987
4095
8382
7471
514
643
9210
2638
3879
6868
683
3338
5380
2211
8998
9153
7242
4605
7034
7456
570
3235
4838
7828
159
4582
5698
6229
1325
6608
139
5039
7650
2208
5017
4557
2349
2189
6969
163
2730
2510
9352
48
6426
9182
2238
868
4920
7493
8639
1807
7755
2305
9867
1890
4527
4628
5732
9807
248
2311
3471
2168
1336
1932
5328
9089
7278
6311
6630
5325
4051
2284
461
7924
9631
8390
9580
6726
4300
8470
7412
3389
4872
5893
1320
554
7030
6531
2872
4426
8327
8999
1273
7645
8664
9290
2671
663
7492
1207
5471
1195
1154
1938
5853
8670
4704
6121
9969
1215
7726
8099
864
4826
9948
9730
9000
4598
4061
8935
9215
8814
9179
8677
8973
4290
9788
1657
6241
5030
4482
1764
2605
2672
6439
4646
3943
3752
4191
3740
5014
1259
7230
2368
8248
2728
9098
4035
7021
8740
129
1063
4066
4377
4655
1866
3659
3077
7296
8022
1219
4190
5613
34
187
577
2463
1143
9315
7754
556
9675
8174
3459
817
2417
6218
6568
9371
3482
3217
4266
6178
6172
5979
8726
5217
9150
9876
940
3850
7177
2754
7675
6223
4558
7167
2496
4341
6677
1409
8459
9944
1093
1793
7363
5042
1354
9952
2428
7672
9883
3431
2058
9601
8480
8192
6004
7361
3633
327
3383
8490
7408
5567
8189
6401
8856
9271
5041
9222
9088
1837
9448
4464
5408
4817
5600
113
7956
7907
6514
7834
6174
9563
2936
7929
5192
7231
1848
122
7124
9827
480
4369
8660
9237
137
3152
3317
7063
4325
3964
6413
8475
8909
8627
7366
4288
4134
4478
4545
23
2325
6643
9096
8019
8256
4819
6702
608
9716
3786
4724
984
7889
641
9977
3124
6204
6024
1698
2194
1266
3402
9364
5992
3394
2837
1549
1281
4349
6497
3143
9707
9413
5918
2400
572
302
8960
499
6528
6210
2145
425
5702
9783
2999
2661
7697
5681
7313
5711
4757
3577
1355
1221
4112
8147
7719
2957
6610
597
5792
1312
6988
3187
4272
5618
4214
8326
3495
6266
7716
3656
1251
2123
3089
7682
7638
9357
6208
3165
2983
3145
3203
6012
8956
2725
9416
340
6315
8283
5088
4101
8777
8301
9837
9628
3807
3970
8000
5316
4788
6981
1968
5379
8435
9298
2895
2093
8126
8493
4571
1557
9202
9232
6551
4040
6601
6450
4869
2269
7570
241
8943
6794
262
9458
649
9316
8149
244
4283
4109
8575
3904
871
2089
7387
3407
8580
5762
77
167
6010
8771
658
5337
7026
7119
8183
7038
1282
8471
4034
3280
4742
3610
8727
7255
2050
6255
6887
2173
1393
1875
9670
763
7795
6670
1261
6709
9024
3585
1455
2186
5932
7528
7654
7513
5466
6501
4680
5513
1408
8852
9840
9889
9435
4776
9778
8912
903
9181
115
1759
7019
8209
2334
1868
1359
6457
75
61
5734
8795
8691
805
9493
6415
2989
8249
4197
8358
2524
9148
2952
2475
6570
4083
4909
2656
6634
124
8078
1941
4499
9954
378
3371
9717
2558
5438
4829
8941
4417
1964
6355
2288
6225
7158
3250
8290
7902
2937
3454
8310
3020
7247
8936
1584
1303
4321
3481
4806
8282
8962
5694
8241
2908
8652
2992
7029
6817
1213
524
5859
5252
6523
4613
9295
1943
547
349
4388
1885
3725
756
5214
1802
754
1589
5207
215
7480
9007
4566
3334
4088
5644
6673
9427
9600
5222
3033
2453
2060
9604
9751
7322
1777
1135
4891
6749
3714
5219
6888
9842
2517
7455
830
2062
6537
7353
7373
3779
9566
9068
4451
8927
2263
406
9140
5277
3456
478
94
9034
2318
6867
979
1113
9444
569
5716
6452
7801
7497
1993
9330
6658
3395
8289
9607
3101
2522
5860
854
5902
3232
914
6098
1415
2732
9872
1709
791
3479
4447
9269
4682
5522
6243
308
473
264
2950
2578
4878
8673
6750
7768
9811
548
4306
5558
3126
131
1141
8427
6922
713
9732
1082
9291
6168
3315
3018
7345
8197
4324
6049
4162
5149
1685
9314
7228
1766
6388
2038
1986
7339
9770
5501
8953
9818
5831
1481
4125
1488
8561
5747
2841
6736
1036
974
9806
2170
1638
7186
8541
9785
8783
8208
2961
5873
4277
8044
2048
4301
623
2710
234
1356
6832
3084
593
5334
2987
5685
4221
2802
9229
4821
896
5959
5598
7432
8455
7154
9062
8040
3788
1655
1531
6260
1842
4129
9550
8884
8880
6649
6874
4297
9915
5909
6512
6618
964
3914
4895
5584
2052
9351
4695
2567
5563
4516
9528
1167
823
5521
4280
5553
4717
822
7649
5116
1157
6142
846
9207
6754
231
7983
1309
6384
1509
3650
7325
8107
9866
9040
3549
7122
8579
9708
8486
8898
4295
9058
85
9498
8495
4707
7999
6195
579
5344
5320
6256
6835
6912
1814
6983
636
1223
7538
320
7135
8041
2193
7729
853
4477
350
3083
4852
4728
9852
2324
1647
4970
4241
7876
9075
9957
3182
6706
669
3087
8555
1821
7092
467
1041
7394
6697
9012
166
5448
4486
3868
9422
7105
1734
2830
3132
2677
2988
3561
4759
961
8194
8615
1370
6571
7584
5474
4698
7481
3155
6625
8811
6993
3215
772
1062
9385
358
2018
7434
7134
2896
8057
2151
8709
84
6207
6966
5144
8573
1468
7608
8622
2411
2772
8628
1106
1827
6375
1103
8899
7327
7874
7517
4901
2818
704
1472
2932
7445
7130
2294
3959
5259
2724
4299
3756
2490
9449
8286
6261
7766
664
1271
8997
8725
2803
8576
4184
457
7490
9761
2548
8931
454
8551
7213
3695
1765
5300
607
6934
3956
8320
7707
2330
136
8353
4298
3512
9552
3899
630
223
2167
8724
1921
456
3287
2112
7205
9344
4423
365
6681
8514
9465
7916
3436
1474
6527
517
1989
2876
966
4320
1469
5348
7769
8531
1755
2709
7934
2919
4876
8544
146
3589
3682
6407
8568
8746
4780
4951
9015
7613
4976
8161
7568
3286
9066
8807
458
2815
1804
9102
5805
3292
8832
6113
3029
3939
6021
4010
4683
8990
3734
8069
1344
4260
7237
6548
3107
5738
6193
9349
1055
3344
7474
4631
2051
4738
6846
8854
3205
8676
9963
3681
7843
5489
3586
7329
3321
3994
5601
7098
6327
6566
4808
2272
9138
6337
3019
7243
9112
7163
8546
5391
8450
253
6779
9408
4771
6147
1412
2019
2887
8024
1991
475
3760
2707
9597
4097
9086
6482
9373
393
9571
1348
7314
1226
8167
326
951
8293
7945
1609
1178
5197
3361
2980
1894
8146
6279
9292
9608
999
8207
6173
6933
7371
6502
335
1873
2333
3692
1650
3167
325
3391
6500
3891
5072
1006
666
5547
9701
2630
2777
7627
3690
1917
6138
7443
8578
460
4849
9901
7204
2268
5669
7789
44
5686
3369
3809
4874
8355
8524
6199
746
4739
9063
6191
6861
1736
5875
1521
4917
4167
7899
3393
1019
898
1066
3755
2907
5806
7820
8743
2946
9565
1590
492
736
4261
4421
3455
5441
4942
7312
1500
726
1333
3266
9156
3245
9155
2077
8456
7940
6009
9920
6561
1536
2541
8984
5857
8100
1746
6239
8151
2506
5012
2944
8594
883
875
3613
3921
1618
505
4053
7566
9085
6152
9496
9884
9033
5708
568
617
7381
9353
4767
5729
9131
192
1498
1750
1118
1962
5822
3605
960
3364
4751
2124
8596
4407
1955
3206
6596
5730
1109
4818
4547
126
6511
3590
557
595
2382
7564
1158
2478
3627
7127
2804
564
3777
6211
7616
385
2947
8092
7519
8786
7677
5236
4303
3127
6954
4372
8050
7922
7738
738
3396
5439
9454
7932
5276
829
33
4483
8723
4144
7563
6479
4213
9532
8617
4445
6159
399
993
6871
1952
1148
8076
4342
6997
3906
280
8732
2904
5861
9387
6470
7761
5938
218
9647
5856
4650
6296
2230
6406
9430
8227
3288
156
6283
9916
3476
8402
9669
2391
1944
5114
9588
3237
9676
8006
4376
5258
1786
1794
1576
2760
5362
2279
7814
3573
8280
955
2843
5108
4103
3302
790
1105
4159
9388
9514
303
1268
4774
174
427
3817
3006
3046
7359
9147
905
117
354
4363
5795
213
6826
8299
5868
2483
6292
5130
4825
6361
1604
4438
5659
9568
3769
3795
6741
1847
5757
9874
6149
4448
8039
4335
6245
785
2195
3662
9646
1149
217
8800
6603
2171
2348
1619
1225
5332
6397
1548
1960
9411
7870
6716
9242
4121
2746
8182
7125
9637
3880
3411
289
1239
3468
1769
1523
3672
5834
3130
811
1577
4798
247
7818
5597
2898
6834
5951
5403
5673
4368
184
9519
5745
5410
7939
9763
4220
1529
5911
4590
7475
5066
5602
1715
9026
4512
1318
5548
6971
3037
2041
7249
8934
8738
7141
9657
8113
4711
4281
4383
628
6000
7411
6822
6102
9582
7426
6399
7526
9638
105
4640
9796
2251
6029
4972
6907
4205
3563
5527
4827
1947
6075
3147
8748
5452
5954
8605
9698
5129
6400
2587
3846
7912
97
8560
3072
5961
5748
7640
7201
2943
3837
205
6447
7386
2160
1817
4271
9414
5710
1428
336
1789
7791
8599
3472
8365
2965
1844
2406
3425
8043
6396
9655
7380
3552
1744
9092
6058
2637
1592
9937
6693
5631
5942
5780
6188
4524
3873
1762
6765
1186
5678
1021
2753
2855
4892
7220
2644
1467
3239
8606
6927
12
7800
5343
7364
1856
9640
334
4077
7779
15
4187
2216
775
9157
6728
9255
9908
2316
7165
9617
2127
559
7084
2751
7294
4999
5931
4595
2399
9733
1753
4128
2684
659
2239
2098
5589
3861
5153
4790
8035
8537
6280
9558
1003
6624
836
7121
5935
9849
2515
5889
8881
2665
6517
4380
3814
3439
7751
5257
9759
4310
8911
7666
9220
1537
9906
2001
3615
5246
5807
963
1981
682
7464
6824
2921
8893
1936
3949
2028
7384
798
4633
3903
5869
1864
7879
5050
863
3544
8145
5080
7884
1967
7643
936
8425
7502
6275
1530
8597
8680
8094
6806
5313
503
2203
8789
7264
1939
2696
9121
111
6431
5755
3466
6093
6631
7509
1930
7944
5619
6379
1861
5798
1558
2374
8178
2716
6580
7710
7904
5156
7505
9338
9981
8648
1630
9173
1099
1391
5917
7577
9069
8449
3028
6762
8236
8907
6910
3829
7137
5744
4351
566
443
7175
1314
8566
8155
8071
6291
3835
6556
6965
8996
900
2479
6040
3631
4442
245
4107
9393
9398
7109
2801
413
5701
8292
9331
9002
1482
8751
8020
6343
7866
3839
8405
446
6622
1235
2680
7398
3164
3413
4760
2361
9211
6352
7106
9038
7603
8254
2169
9854
1626
9206
8119
1405
86
9329
2805
3534
3416
6717
7555
4219
5475
2572
9777
4860
357
4506
2049
4422
74
2029
483
2566
6363
7783
150
8374
6485
9503
5006
4132
2245
7794
5731
5115
9540
7559
5865
2829
2503
1922
7199
5193
9742
18
4763
8423
7798
732
9764
3762
3382
30
3996
1533
3833
9942
1870
3591
9651
7452
6757
6086
7056
2969
6425
6968
6843
5216
8668
3550
9343
8855
878
1145
6182
8588
5988
5505
4743
2376
7522
1694
8847
842
3749
8618
9359
98
9508
9754
1027
953
3847
6303
2800
3673
2467
1247
6436
7862
3765
3856
6855
5565
9323
5626
8959
2634
5444
7928
7103
2614
656
1841
7248
466
2811
9771
8888
7326
7040
9083
4418
9389
3023
622
5610
585
6508
542
7547
1905
2037
9688
9823
1815
2870
3398
9795
9383
3700
6114
9304
6759
890
3819
1756
108
4073
488
5481
2461
8221
3484
5867
8460
5777
8720
2525
5955
4082
7100
3930
3918
6955
1688
2308
4997
4750
2377
8948
2078
8972
9755
2670
2740
1026
2750
7450
6791
1562
6623
8716
8252
4312
3645
2643
3953
3011
3386
2562
2278
2789
7626
5016
770
5649
3816
820
8939
709
1244
7059
3917
9261
904
2793
3005
8710
417
1757
1460
6404
4607
7982
2273
1369
744
4371
7485
87
6385
1125
8511
9146
6176
323
9345
6006
2998
6429
6008
3789
6858
6628
9391
7893
9847
259
9544
2015
8288
599
3259
3542
4345
330
3220
3494
1722
3587
6025
6684
1686
1197
1073
7571
1305
183
7621
8343
5797
2560
653
3095
2351
3815
8007
920
9270
8692
7610
5318
395
4563
1351
3209
9869
3134
2745
57
1953
3064
229
859
2260
2916
9405
2057
9014
1749
635
1177
5941
5940
7067
9259
9834
5134
6727
3626
2008
4929
1085
9201
288
287
1872
2959
1687
1291
7189
3415
268
2821
3629
8031
3340
9836
3210
922
1151
8479
2044
3988
6864
1017
1781
7404
8399
7484
5632
9922
5427
9731
1733
7144
7849
3312
794
4013
1607
4705
239
8872
1732
1834
7108
6719
2299
7556
802
4588
9250
1555
265
2933
4023
2419
6786
6167
3923
5709
5376
4067
2165
1384
2265
3073
4552
3985
1906
1714
2532
5060
9739
5907
1951
8266
8066
1034
3326
8515
1054
1262
8193
6354
9821
7367
8577
7996
4896
6220
5455
1091
8954
6764
3428
1023
8834
6392
5266
3961
6821
4914
7864
565
5171
916
9856
4834
9549
6357
3738
439
9695
5788
4470
3572
4784
1319
5494
8651
9642
7527
3729
5693
7545
7066
5509
9692
9998
4992
3180
7318
4439
6459
788
5672
2646
2847
6318
5576
8649
8871
8295
1565
6644
6410
6733
2687
8883
3410
4988
2598
8380
6356
5535
1640
7270
7533
1608
412
1288
4930
279
9180
8745
4048
3647
7336
1820
2695
6117
6918
2706
1825
6952
2840
3802
4664
3564
9113
2373
8030
2609
4496
4952
5579
4047
7962
1519
4322
2985
8027
2781
4656
4305
8015
6685
7128
1987
1046
1042
3718
0
592
4360
5537
9022
9592
4247
7861
4965
8502
7311
3858
6521
5395
3048
7157
1771
2270
3234
6240
9313
8176
1079
4627
9381
1292
4501
4912
6852
7896
46
6976
2651
7076
8887
4166
4046
4840
3310
5172
9556
7333
4089
2810
4606
1190
2140
4072
9419
1677
270
6860
8978
6543
3156
5675
4414
5327
7671
2177
3895
8257
6905
120
4490
9933
3909
8681
7836
5208
3488
9787
8341
5440
1692
4690
1950
329
6758
1995
9997
2729
1595
54
7541
4181
4469
4392
2814
2094
3272
1193
5103
293
5231
6335
6498
9070
9361
9896
6496
6915
7377
767
6893
3199
2013
5751
7246
69
1664
9927
8213
3445
8421
5147
3887
5574
7328
1444
6811
2116
6891
3622
4636
7086
4194
6573
6747
4449
5719
870
9487
5968
5886
3487
9188
8
7629
5809
5124
1185
8387
9816
4893
9065
1882
1057
127
3322
4902
1784
9432
4652
22
9990
5283
3758
941
9170
1102
5593
500
8401
7845
4130
8089
8112
7668
6313
1907
7444
6898
1191
5986
1525
7052
7061
5068
3355
627
1859
5560
1726
1176
7370
5127
9993
5864
7252
2679
6699
9735
3061
4619
2061
1388
9262
9599
7018
639
1392
5637
8074
4671
7620
3784
8415
6265
2761
6467
5420
8417
3565
437
2636
70
3813
4432
4238
5418
8175
2084
3470
1209
773
290
8219
2429
610
661
7385
5783
8915
7909
6231
7180
2343
4429
2331
5372
2237
7739
1634
7351
8521
2175
5400
6442
598
5237
9484
496
9104
2594
520
4541
3378
7148
7676
6818
414
2321
6768
3450
3043
4626
6605
9337
6544
1028
6799
2106
2970
6850
3327
3024
1304
9684
7503
4769
962
5991
1983
3783
3712
9423
7190
8894
7720
2281
867
7806
4861
8438
8251
8784
8237
2852
8614
1250
5099
226
257
3097
2005
8734
2315
4710
9895
1100
6519
8908
4294
6480
9278
7131
4514
1700
7382
5985
8199
6353
35
5102
9368
9327
6371
9968
4235
1588
4856
7001
4458
8824
7953
7525
2833
3775
5054
1725
6585
1497
5287
8079
455
3059
2312
9505
1471
2135
4694
1072
797
4102
9378
4833
2236
1425
8426
538
6035
6
5706
6841
519
4025
1227
3947
2427
6546
5398
1542
6957
4863
6798
972
8240
3901
8587
7460
6165
6131
6996
1822
1230
2883
2834
1270
8529
6626
4149
5605
8598
6446
3655
261
8142
9296
8017
7466
3186
2584
3666
6022
5980
1060
4186
5091
3462
3529
5274
3261
1463
7869
3821
4002
8685
1189
4232
2201
3508
5272
1659
6931
1633
6970
4037
8056
1908
3642
2040
3932
2878
2519
1720
2768
792
9267
5668
1891
6109
4812
4937
5004
4889
9899
8623
2972
6529
6453
9988
4523
1990
2713
7418
4662
7358
8992
9060
9198
1862
3611
5232
3842
9272
4509
6097
2877
203
165
2816
6617
8841
6766
9228
1988
5360
7422
6085
7478
9536
5534
3233
2940
2390
1877
6782
328
7498
1554
6064
7221
6780
3834
7548
7728
8849
3313
8995
9504
5209
9130
9265
9898
8082
5026
6909
3648
899
4719
9776
8964
4854
487
7210
2660
2520
6752
6005
2436
2812
9332
2381
717
1441
428
1780
8938
2036
2868
5595
3685
1978
5151
4954
3852
5145
8971
2902
4685
981
4814
5894
5487
6175
4224
5126
1760
5305
6116
3096
5787
8169
3608
6441
9667
2042
3731
2856
2569
3987
3875
2115
1208
8424
3137
7602
9442
3641
8052
8496
9294
9263
2511
7737
4236
2205
2911
3218
4967
6819
5666
6505
8229
2608
7459
9931
9875
5947
7808
9792
535
8411
4430
3630
9557
3741
9663
8647
2779
7787
6588
5459
2431
5052
2599
2188
2401
298
2339
5648
7302
4618
6405
2633
7070
6221
8437
9133
3154
4562
4015
2620
6250
5256
6897
5442
2011
442
1918
153
7535
7605
6595
8058
1116
9282
6978
5142
5720
6876
8318
4074
6486
4390
4687
9051
1773
6652
5982
1424
1920
6105
4356
1768
4246
9417
6309
809
5311
2347
3713
4858
5370
1637
4592
2371
2697
2828
9161
7005
6525
4946
273
9870
9041
2867
6836
3594
2931
2540
9335
9233
465
3157
3026
9011
759
3444
6180
6104
5910
1843
5794
8366
377
5369
1852
341
409
3441
435
6640
103
4054
1427
1494
6409
6999
6419
498
580
1857
7010
604
27
283
6135
8013
211
4978
8454
7516
8885
2469
8778
6077
848
319
4248
6723
5704
4948
5435
5850
3992
2718
3977
4900
9100
3196
9507
6202
8116
2884
9473
9224
4381
911
90
3149
9570
7960
5447
4532
5387
3822
8550
9135
4415
8451
1387
5179
5913
3808
1206
7436
8465
1550
8981
2422
6732
3843
7435
7217
4904
2397
6300
8156
8461
3214
5603
4544
2289
8600
3703
975
5469
7504
9347
8273
4328
7690
8826
5551
8016
1489
9983
8509
8906
8736
6366
4206
5964
4399
1648
7827
2747
5282
1
7421
1334
9832
3469
6068
1644
2179
6592
5643
2176
8473
6036
401
3866
7184
8309
6037
7500
1364
5582
5413
8957
8271
3828
1717
3754
5094
3160
4716
5429
1013
5899
2283
7413
3854
9434
7362
277
4229
1958
5934
7004
4332
6582
3770
4116
4960
4609
7823
4772
5895
9578
8211
3553
9334
235
5090
8494
9376
1495
5944
1389
5724
4143
9082
882
1620
4434
29
7865
2204
3980
8083
291
3609
3657
3063
1052
9921
267
3240
5624
8675
7534
1961
7419
6317
8556
5227
3898
6288
5011
5775
7465
5810
4123
7917
1345
1792
5351
9905
8991
3958
386
348
8096
8361
550
6161
2091
3346
910
8659
3120
9321
4805
2131
4402
6383
6870
8765
322
32
2102
813
6680
6694
4317
5814
7809
8404
2882
8204
2574
6942
388
1429
2776
5043
1776
6739
2787
4001
1269
894
6488
924
509
4712
171
534
2617
6597
2003
4515
423
3554
4
5705
1438
6829
4307
6320
2150
8400
1693
5896
751
7340
2693
5074
8070
7284
2421
8874
3175
3519
2024
9577
155
3721
4064
6213
367
764
8472
5433
5933
1754
8562
7655
2322
4413
851
6583
4359
9934
7614
9879
448
1547
5803
3603
8416
5791
7591
252
7420
2262
6963
4539
4676
3222
5688
2838
5660
1799
3768
9609
5347
5506
8700
2365
3352
2009
9727
742
5169
387
6230
3380
2813
3448
3811
8287
7414
5939
8607
7506
5064
4924
469
4564
1675
7692
8491
8430
9936
4168
6466
5958
5467
4145
3991
9679
6941
574
3889
8903
5250
4886
609
1572
6586
3801
2280
5220
8657
1876
6462
1596
9623
8754
333
677
6156
7670
5743
7023
8977
8138
7531
1076
5586
4867
8003
5251
4737
2155
892
7287
7209
4519
5915
9189
6278
8900
1129
1390
6043
4365
9225
515
7576
7171
2773
3963
9980
9440
1506
707
3267
6297
8876
8392
4574
7273
2447
5392
8713
3635
9159
4747
1478
4200
5594
6760
1923
5170
8123
3433
9995
2438
6953
2592
1420
7016
5556
3067
9547
8108
7592
2874
4723
4468
4528
4138
4487
6944
2007
4625
5161
6725
3351
17
2835
4579
6187
7356
7636
1379
7681
3311
6853
5496
2975
7402
489
4835
2514
5133
4005
1942
8731
8965
9471
3771
3085
9067
2582
9460
2854
9397
6914
1575
8672
8294
6979
9991
8837
7080
2547
7162
988
5776
6330
285
5671
6316
1166
1892
9018
4253
9009
2553
6810
4016
6302
3183
2615
9786
3316
8333
1816
1331
4484
5340
9118
6714
719
5569
9524
4420
6312
4100
4142
4119
705
9830
5304
9965
38
1121
5235
5342
3027
4543
5425
7219
3153
100
5654
6679
8775
6402
7689
212
2726
9137
5081
7694
6507
9694
9868
9238
2705
8703
9162
7094
9046
8274
530
4063
2958
1372
3426
7520
8516
1665
2796
3279
912
7778
8539
1560
3940
4673
6342
8897
4443
4718
8433
484
5128
8220
1098
4243
9824
7771
3676
4802
4765
6998
2081
9520
3982
7024
4378
4011
7908
3223
6607
4202
765
7850
8858
2398
4315
3231
838
8914
4258
8130
3634
2329
9032
3667
4216
2831
4795
6833
5752
3794
8918
2649
363
2642
2258
299
7630
9975
8719
5963
748
1994
7397
8945
8543
6740
9057
1671
6014
5295
1587
9782
9820
3201
9979
9546
4996
7014
9615
5920
8857
7837
6369
812
1165
6090
2909
6711
2480
1704
6902
8225
3377
5577
7260
6990
2555
295
7819
5488
6982
8862
8198
3291
5536
9280
2183
2065
6879
1763
6883
2200
7523
6772
665
4275
2752
4949
5365
965
507
5682
4679
4927
2976
2629
6120
337
8457
5829
4696
9134
9299
3528
2792
8081
9835
3090
402
9543
4227
338
8281
4079
4404
6612
4699
3192
7918
8567
1236
8222
1156
6055
852
4800
5359
143
6094
6619
3045
2568
5562
730
5863
9590
6916
6929
9053
6857
2785
3465
6166
3838
2546
6565
7308
969
1088
2244
7275
9464
1286
4313
3464
8926
2292
918
7830
8047
1546
2462
16
2926
1627
1007
3171
9441
2859
2538
9553
6504
3514
6704
2300
4386
926
5485
7664
258
8581
4551
1290
4240
7770
5924
9747
845
886
1623
1231
816
4494
9535
2437
493
4440
7120
1838
2652
8453
6226
536
9911
1430
7049
95
8033
8697
1211
4193
1179
1249
3269
5406
9616
8706
3693
4234
1783
1479
5707
9753
3969
8601
7229
4959
5146
8523
4250
1824
3486
405
4621
8791
8508
6251
7331
9956
3004
6062
6028
7510
6141
8139
2659
4641
6862
5299
6408
8735
485
3299
3336
1240
5062
9793
7741
9758
6414
6721
6987
191
5726
1888
8396
1782
8153
1056
9894
6664
1020
1457
9415
7589
8921
7496
9939
4209
4556
8860
372
5233
416
6340
7187
1879
2010
6217
6492
6417
7140
9862
9522
5163
4560
8767
4058
6271
946
7515
3362
6157
8645
9738
7639
1067
9611
3363
4093
1512
1513
7586
3993
1602
6200
4160
9379
4926
8311
181
1775
5165
4115
3191
7906
1132
3221
2363
6030
1358
8572
1597
7241
7170
776
170
8215
5490
6465
3161
9858
9752
3434
1330
3986
9728
3376
7583
7886
8413
9605
3213
1684
2583
1668
1243
7733
8682
2075
1137
4049
101
2596
9468
4961
1812
8446
1111
5178
5107
5349
2549
7316
2939
6632
4980
2142
5995
6056
2396
7792
5443
7731
1929
9424
8152
553
1016
1556
7491
2658
4940
3150
3724
6572
4503
4329
5067
7041
5159
2727
5499
6440
8925
9697
5377
4593
1265
7375
3911
8277
3405
2161
7265
5210
5684
1795
4203
6587
2770
5652
8038
4362
1044
8206
7317
3790
2442
1153
5800
4953
4062
5655
4569
3715
9485
2699
9633
1371
6707
1077
133
3654
6214
1180
1449
2296
6755
6751
2798
516
7415
8829
3458
9851
5606
7110
7403
8966
4781
4337
8904
2601
9613
7425
6872
9253
4410
6170
650
62
8474
5238
436
7846
3331
2337
8187
4706
7776
5844
5922
6031
8722
7389
301
9598
7831
6066
6775
8534
1204
6422
8770
4645
7195
9702
5264
8823
9510
9021
7748
9020
7709
6268
7396
1878
8165
7462
2122
4915
3158
9091
1770
3503
9904
703
2581
8064
4467
4252
5866
5141
7647
2178
1252
1447
7393
701
8636
4548
745
4286
2328
3401
9513
1957
2559
9740
4354
5070
4401
7088
5468
980
3368
6003
9819
1049
6951
2712
7594
5279
7334
8136
887
6096
5417
6103
3990
9042
5419
6703
5888
5085
3686
2360
9756
7028
208
4491
8441
1909
7508
4911
2791
3526
729
689
6722
5699
6940
9495
4052
5515
5621
431
2426
6937
8833
7703
6257
7901
3934
2257
278
1819
9492
5746
8393
1434
7194
6081
9572
6562
462
3567
2069
9171
753
3367
7225
5040
9765
5152
4730
2934
6328
9548
3121
3230
9109
7431
5503
9903
787
7015
7424
4416
3975
3328
8721
4433
3979
2254
5572
3109
3521
8351
7756
2516
7458
6137
1998
5148
7369
5590
2577
9529
5268
7543
8296
5356
56
9653
1310
1130
7045
5294
1615
7461
2977
8485
8861
36
1739
7274
3238
5021
8302
8443
1835
3625
1614
147
9985
2071
504
6614
8656
9197
5367
2783
9559
4725
3535
9028
2891
9110
1120
5326
6338
9658
9619
9523
6540
6395
1362
2488
4292
7039
4308
4395
1084
2285
7164
4955
1104
5160
4476
3443
6737
9399
2465
5773
8346
5186
1855
1992
6301
7032
80
8068
2240
6216
6344
2749
7926
7202
9478
600
6084
6869
4226
6530
3049
3110
7745
7992
4813
5247
8373
6248
8234
5333
2914
1672
9569
4444
644
82
9384
4966
1790
2386
6070
9094
8929
6082
2794
693
1767
7713
1302
6577
7793
2889
8891
8886
6633
8466
356
2074
9596
4502
7303
9370
932
620
1078
3984
7075
1774
1446
7856
2000
5804
3581
260
6666
9213
1039
6143
9973
1982
3824
8202
8602
3173
2068
2223
5981
2501
1361
1676
3558
420
9036
1662
3612
5733
4405
8678
4425
735
7786
5321
2711
4956
3864
2666
2622
7416
616
6125
5978
686
1496
4688
8375
7930
8526
8705
2641
967
9196
9664
4721
1172
5539
1712
8482
3193
8989
7780
204
64
2825
9802
9551
6579
6144
8809
2441
5784
9799
6153
5927
1315
3897
8481
9461
5852
1927
6111
9469
8804
6368
521
9205
7825
8604
3614
8666
938
9463
3424
7007
8102
6851
434
7637
3446
8836
7997
2174
9880
6041
1738
4076
5587
1559
7323
8173
4374
8994
7964
4018
1539
3981
855
9247
9339
4864
9008
8773
841
8235
2275
4318
6660
8946
3178
624
9561
4944
2819
5249
769
1573
2964
361
2227
651
2769
3198
9287
8160
8937
1723
7813
2839
9380
9537
7002
1300
6542
4820
3473
8922
8810
9049
755
9358
4689
2491
5697
7580
5131
2166
828
1582
8012
5122
7203
909
9072
5243
5518
5549
7579
3541
7618
8181
7467
1414
1094
4382
1002
5742
844
6011
7185
3181
1534
4809
4668
6939
3349
8394
8036
1133
7617
766
4973
2881
452
4361
7635
3114
5451
3003
4114
931
58
9685
8452
9310
2336
7429
8717
8330
1192
8574
2663
5507
9208
315
691
1246
24
611
3271
2873
7852
9392
5997
1544
9200
3694
5851
9648
314
7169
1198
4284
3941
4884
7721
6847
8340
2095
3757
6099
