9237
2039
6673
4425
5975
5220
8828
6735
6146
1100
5478
8194
2947
5853
3300
4169
7562
5743
4053
2808
6403
9267
7135
8459
2546
5934
2107
2447
6087
3004
6783
4361
1599
8858
6923
6667
8567
1778
1131
2208
9657
257
7144
778
2422
8435
5143
1810
5849
8801
2805
3826
3444
4710
2494
7633
3498
1043
7913
5248
2383
2321
1459
2112
5646
960
6773
6565
5810
3938
2820
5411
8086
8351
7206
4147
2700
9193
8782
8504
8500
9486
89
8094
2692
7245
1893
2498
3242
5098
1692
5598
459
6292
1049
1593
1984
6414
4212
6446
628
2978
7045
7797
3457
7757
5879
2254
199
2356
4176
973
8339
2357
9625
7935
5171
1717
9484
9923
1003
655
4186
4032
3663
8896
4648
421
56
544
4920
8013
4867
8348
8308
6624
2970
3065
145
1092
1754
4050
6659
618
8718
2483
7267
4853
3029
2847
846
1192
8231
7707
133
3828
3045
7747
1234
299
9471
7526
7932
2029
7882
4802
2478
6321
7818
4444
5287
5948
4749
8304
6925
6301
2317
4591
3994
5965
9749
1854
4766
4945
1374
8107
5134
5164
5511
5151
8447
3016
4237
5959
4107
1247
8066
4078
9163
8833
3370
512
3466
3654
5772
4094
6132
3796
9771
6090
2327
6727
3954
6103
9389
3899
8511
8817
9678
2234
5859
7591
9189
8363
4397
2247
5206
8876
4716
2016
2381
1687
36
9647
9260
9622
4139
7960
9134
9995
4678
1817
4203
6776
3908
8576
1026
7565
1686
2858
2717
9638
6387
8314
6818
7482
9758
6801
1747
1510
2628
240
2852
472
5882
6497
3998
3779
7087
3546
2142
3470
2411
6569
3971
5659
9570
3396
1414
6955
5572
2768
7088
7577
7044
9683
6745
5552
8213
2873
8361
5561
7489
4818
2301
5932
6401
2794
1635
9838
3613
9165
1034
5055
9635
5396
4488
6870
2879
7349
3958
408
5026
665
5585
6744
3895
765
373
703
8551
9259
3903
1139
7827
8793
4232
2190
9125
3551
9035
1275
6034
2982
4264
9583
5253
4588
3747
5786
1555
9921
3441
2248
9102
735
9976
6883
1601
6962
4638
4378
6418
4734
8578
7837
7207
905
4394
5333
5500
8552
3723
6951
6052
7014
8216
7736
2152
2770
9180
1306
4017
8485
9417
8209
4830
2904
7501
1772
3628
6478
6900
1060
5142
1105
9765
2880
1521
8739
7028
9653
3288
8302
295
3780
4012
6971
3680
9019
7136
9840
2362
7733
8807
2053
6054
5256
3708
3861
1022
2853
946
1334
8675
7943
1767
2266
461
838
7179
8785
4027
7402
8813
6207
1439
6056
2253
4786
7053
6551
1042
2405
3880
6452
6517
9757
8024
3694
4700
6071
4165
7544
6278
1428
3624
316
7689
2747
1956
4358
8155
9943
2150
1881
7641
3217
2243
9951
466
2682
8744
5752
1011
371
3724
9591
6568
5379
4587
1604
429
8750
3199
4154
6011
7582
2507
4998
8112
5843
4957
5260
8656
5542
7339
891
1292
8325
9991
9502
532
1864
4583
7464
4051
2446
8370
2230
7718
8768
395
6483
8680
6382
7524
2553
683
7224
4388
1494
8309
3214
1576
8211
8843
4951
8023
3545
1547
9020
7807
9448
6049
2975
776
6685
2141
3399
5922
4013
885
1318
1021
8608
3077
2995
8655
4690
9582
5588
1532
364
7437
7133
1619
2784
4960
8611
8084
7049
8889
4089
8849
3101
985
1327
4297
7694
210
5231
4873
128
426
6884
534
5180
5953
2694
7630
2534
5459
6869
8178
1010
7979
7859
1442
1915
2132
4497
4178
9175
5039
3572
597
276
1562
8534
9491
8221
5250
4404
5711
1546
8254
6477
2987
9003
7927
2307
2651
131
8092
6684
1527
9052
393
5369
3898
2580
7199
7776
1171
2567
7886
3186
8205
467
1214
3535
1091
2387
5793
6994
9404
2581
8312
2037
2503
1056
6383
3141
9074
5951
7671
2012
4810
3804
1853
381
4537
6267
8965
4172
4204
113
6178
8418
4334
1727
9704
8977
4161
8547
5168
3605
8505
2354
3907
8464
7833
8388
4570
1211
584
6487
1954
7298
8532
436
5141
8241
7260
255
5869
2708
9358
1531
5267
967
3189
3252
1175
5777
4680
1986
7931
6808
9387
638
964
9479
9671
4959
9562
2436
7554
7335
2156
4773
3283
3379
5089
290
7761
6393
3436
8756
292
8291
5734
9490
3850
2525
7047
5833
4217
4267
242
9028
1734
1806
7869
1716
1023
8560
1110
9126
9231
3726
2998
5172
3788
9070
9626
4510
8630
1155
3983
6605
3762
7410
8650
3609
3902
4085
1621
5706
7188
3785
8736
186
7617
3475
9680
5836
8780
7679
1014
8938
4610
7636
2050
5884
3712
8599
2790
2318
7240
8031
1084
3003
1641
9247
1340
5568
8916
3438
2091
1506
4183
3979
3651
8542
2994
5650
2566
5154
5306
4238
8758
234
4108
9632
9963
506
1080
6956
3391
43
5753
7273
3236
5388
9620
6298
5520
8355
7777
9218
4166
9004
936
1947
1196
5962
1015
9082
2220
9619
1919
4122
1585
8100
2025
828
694
7079
1477
1138
1410
3593
3808
7558
8735
6653
2669
2065
5803
5513
6704
2079
9969
5406
1009
2989
1252
5224
7920
3777
7559
558
1088
9206
2487
1483
8834
3184
8788
4473
8134
4944
1422
6042
9487
3943
9140
6430
7984
3916
4748
1782
6253
5729
1472
7387
126
9238
1300
4774
1006
9428
3881
3871
2680
1756
9865
5967
5847
288
7277
5269
6449
4542
3586
5204
8340
6287
893
5066
5862
7013
9308
1156
9736
4155
8004
3002
6330
5158
6389
2932
1263
6863
179
7281
4045
8952
8864
901
3560
5177
2871
3108
7567
7532
8026
7476
2766
8836
7892
1525
1768
6996
8282
6358
2635
84
3322
962
6527
1795
2586
2069
2909
8520
2806
7418
6423
1632
6562
206
4885
3226
7968
7325
6471
4063
6138
6164
3582
7583
7460
2882
9536
6113
4463
6226
8841
1390
9079
8016
5307
6246
5338
2189
5900
1168
2549
4031
3561
2026
1338
6498
5313
7601
6936
9702
5565
5198
9938
4816
4981
3461
5258
1779
7427
2024
3986
7029
5725
7354
9402
4401
7248
3977
8825
3802
64
9016
363
3719
1705
1728
4800
624
2481
4779
2713
7447
8122
420
8430
6096
1198
3455
6248
1331
1236
2145
4584
3280
7478
6748
6141
2854
4336
3621
4890
6012
336
8116
5877
3599
1388
2590
692
6554
8320
7232
3366
4859
7131
7486
4343
518
1365
6172
6062
7214
5391
4619
2716
5123
5326
338
443
7024
7706
4313
6712
5490
6618
762
1847
835
1873
2160
3103
8274
1458
8898
3993
5504
2729
9985
439
7465
7709
1842
726
2527
3705
9489
5918
9223
8456
9575
6102
1587
5293
8471
1722
5104
7497
8720
4054
8124
4065
4226
2824
6173
6502
9310
2633
7295
9850
5129
5100
3398
4697
8242
6213
6584
9233
7987
4392
4
2750
7229
5232
8214
5798
3080
1202
6479
3129
3485
7924
5645
2380
5386
4769
508
926
6992
6424
5393
4125
5776
4823
9664
758
5895
3820
3060
8117
7377
2795
167
2538
3825
6953
5174
3245
3855
9807
4040
1762
1152
4843
1639
5207
8493
1958
7823
8766
6524
819
608
9466
4791
5522
3600
2916
35
4984
6447
7405
196
5108
1867
1050
7452
2244
16
1343
5846
732
8573
9271
5119
1637
7388
7695
7981
5022
9155
2098
4417
1622
9103
7225
2056
9156
8897
2715
1726
8628
5576
3335
7181
533
2302
2283
2291
5469
4797
4921
543
5275
8540
2757
475
7089
6689
9670
305
3672
241
8014
24
2303
1314
2269
5824
3803
3610
6308
4424
2409
8636
6979
9042
2139
1090
7593
5624
3243
5534
5276
4746
5211
1906
8820
9348
3404
9593
8771
3460
6609
4790
8776
2817
8357
1803
1877
6285
8115
7189
7542
4817
5044
9330
8666
279
7434
8526
810
6485
480
5353
6064
8806
6181
577
8480
7150
66
8920
1405
7787
3231
2809
1857
9024
5343
7585
7975
418
4635
6352
3882
9934
8311
8647
3927
9194
5010
8482
9232
4559
8860
9192
5412
5194
9965
3423
4007
300
4348
877
7765
5579
9390
7218
8726
3005
1123
9729
4349
1293
9461
784
4211
8609
1082
6104
6208
1441
8479
6556
7628
4565
6212
766
4993
7541
6596
3501
4988
2034
1085
9868
1691
3171
1222
5655
8207
1656
8192
867
2985
6219
9993
9695
5717
7323
2893
3164
9295
4353
1199
6563
2542
7922
2827
3477
3009
2759
3476
9336
1362
7915
4315
7988
7720
8154
8133
5652
1107
3837
183
8224
4592
6269
8069
4501
7171
3548
5071
5787
9098
1396
2443
7715
402
9350
3824
6493
6678
741
551
5910
4955
4562
4852
3324
6399
7384
5979
4110
5816
22
4041
3878
6214
7774
3265
7356
2067
4925
2592
1013
3891
6555
6639
6050
860
9940
3447
8854
3511
3411
9950
4069
7046
7421
9574
6160
2102
9637
4095
6371
8769
9658
5631
6242
8643
5301
7550
9444
8015
902
3835
825
4820
6917
2482
9527
7195
6355
1012
2309
3221
5944
321
4513
9517
3102
7271
2240
7020
3238
9195
2104
3985
281
7458
4903
6033
9888
744
7637
5503
998
5827
5179
6003
486
547
1228
7635
4616
2129
4206
1598
9183
3671
2106
5925
4406
7191
7897
7865
6891
8521
6197
2392
9359
9644
9154
7887
489
5764
8193
7503
3782
228
5140
718
8585
5013
4090
745
289
3948
3049
4787
2299
1286
2223
773
6642
9055
6481
693
2511
7001
1695
5899
2579
6970
2640
9569
6999
268
1718
6081
278
7916
1241
1811
6698
6640
3114
307
5084
9831
7815
5805
9930
4097
1309
7912
1117
7210
9627
5716
4179
1535
1802
7505
9442
4860
4701
5989
345
4266
2798
7711
3571
6723
1784
929
4504
4119
2087
4440
2691
8417
2872
3429
9026
8390
6819
7429
6227
4624
7868
5968
1571
3810
6252
5790
9213
6894
8429
6981
8285
1647
3532
903
7057
3439
7645
5011
1409
1820
5671
1041
9529
924
3513
6930
977
2373
7518
6361
4487
1419
5808
2653
7034
2009
8652
3515
774
2438
1861
1927
1407
382
1530
9307
5341
6641
7824
2425
4889
3742
3360
2760
2228
4999
4062
673
9356
8226
5829
1240
7995
8604
3294
760
737
7270
1805
7860
1332
5945
6655
7342
7428
9089
1368
4205
8102
3765
9058
5415
2472
1108
8971
7786
803
3869
2675
6397
8570
4261
2705
1582
8912
7792
8787
4131
6450
7595
5732
3689
4407
5040
5615
441
8541
1469
1124
5544
7659
3534
2023
3081
8404
2200
95
5008
2966
8973
6790
8690
7731
3512
3064
9929
4288
6671
3764
124
248
8964
6455
6247
4474
5972
3725
6170
1078
2028
9269
6578
3775
9672
8665
9939
6799
9478
2631
4839
3967
7930
3488
4076
2277
9456
9351
3030
7952
9786
3795
897
781
3286
231
5437
386
4102
2272
4780
9829
2885
4863
4145
5419
237
8284
1640
463
9718
6441
2943
7896
5454
9225
5728
8483
3588
899
2866
4184
6099
7165
82
4268
9015
6842
4133
4992
6939
1660
8450
5840
7
9135
1029
3581
4652
5426
7097
9753
8451
6543
3716
1450
1557
2068
8664
6856
747
284
2002
999
631
8453
2789
6829
8182
3611
5886
2945
7096
9133
6754
6072
7490
2287
1027
9166
2834
178
5157
3401
6391
6873
8416
6333
8457
7616
639
3173
9409
9423
1872
5909
9781
7867
4533
261
4109
1119
1356
7846
581
623
2110
5896
6880
5489
223
2615
7446
9759
6363
9018
4727
788
198
4970
5186
7056
2279
1882
9317
1097
5095
3218
2282
7974
8556
8960
1675
3695
3216
8075
9435
3355
7116
6849
4768
7572
4747
7748
337
245
7459
1794
6786
721
4305
2787
3981
3053
2304
7619
6716
9242
629
1032
2010
8740
53
5512
6463
6902
9451
3187
1916
5416
2226
3091
2206
4834
8935
502
3509
2331
3839
5651
7568
5027
7839
2773
4369
7093
7575
170
5468
7466
6721
4906
7143
8519
1219
8163
5855
4047
9913
2245
8189
3750
3202
557
9375
8108
3070
9894
5770
4645
8697
8276
4060
8899
1448
2576
2464
2094
552
2906
9406
3896
7215
8036
8307
2418
1677
98
2378
5937
8113
5587
5800
1162
2323
6101
1890
9936
6411
446
415
3169
8968
8289
2740
7763
451
1922
6518
5440
5809
1498
1819
1833
5106
4490
6661
6376
9615
8003
8887
8076
5873
303
9947
1351
6651
2829
3043
7261
4745
6432
8765
9805
7893
9485
2587
5995
9025
275
9121
8846
6585
1161
1301
7170
9816
4846
8439
4671
6606
5471
9912
6373
8804
2959
2574
8367
8687
8842
8371
7686
9496
6106
2917
3180
8942
5030
8543
3001
8462
1563
2465
5694
3086
5917
4582
2013
100
7509
6714
2831
7512
7209
7178
1492
9439
7681
5427
8906
7208
2804
9584
40
3805
9624
5997
1948
2191
2147
7422
5312
2938
8707
3641
269
5420
6021
4193
9726
308
6296
8030
1874
7725
6288
2043
8926
1703
8089
62
7289
8695
1066
3730
2078
3125
538
9853
1289
6346
2841
6422
9251
3606
2602
9343
9800
669
7129
6303
6732
6603
1732
5161
1683
7112
7989
7962
6892
6918
5261
5351
5413
8144
6218
6806
2000
8121
1096
1959
9029
836
2084
855
5460
6995
561
8674
9679
322
8249
9197
4278
944
3315
5569
5047
8184
8329
8050
2956
9355
7806
4010
4197
6668
8098
2862
460
9106
5060
8135
6265
7095
4207
5303
5271
3885
9849
3953
5876
5735
4939
4882
2535
2249
4106
4412
3130
2284
6864
6421
85
6912
1508
3858
2431
6255
5605
3649
7750
9170
5139
2778
4477
1987
1790
9750
3800
5126
9804
4785
9607
5298
5515
3162
4234
9983
4386
8323
9012
2837
724
7334
9116
8524
4137
3615
1674
7976
2888
4345
8752
3933
3917
7623
5390
37
1149
7169
6234
1248
39
4431
679
5769
5003
4995
5835
2167
1342
1417
4659
9992
6359
116
7649
4262
8783
6794
1132
7329
9146
9215
25
7536
294
7054
7453
4919
2863
3960
4738
4347
7511
70
7664
5758
5950
580
132
5295
1856
5214
896
1714
4252
8592
4449
968
5578
1212
7584
6349
8019
3924
9756
2677
2753
8301
8907
5403
8338
3206
5755
9458
5736
3358
3357
26
6115
8564
2536
3260
3794
4445
4236
3032
9067
3414
5120
8761
8399
8875
710
568
9833
1174
2211
7796
4886
915
2611
4482
4509
1520
3696
3034
7803
2999
933
4550
740
6368
1302
8406
956
816
7344
5992
4976
1000
438
1204
2724
6307
6435
1759
7832
9367
5978
3303
9001
6816
7069
3930
7581
7288
6076
3665
8584
6846
1715
153
2473
3198
8039
3430
5940
6280
2870
1719
2149
3230
6139
4033
7781
1522
2851
3963
8582
5738
8225
4809
2840
8478
9766
3502
9864
3469
3361
9141
2671
1828
7770
1434
8499
5935
8331
3982
6778
5710
675
5432
2061
7168
4553
645
3124
7967
9534
2237
2236
535
1373
3024
9815
2367
5501
7506
4471
8082
4098
5894
3936
1095
7713
4877
9761
1430
5739
362
686
4865
8856
2148
3337
8716
2890
9981
2690
8420
5339
8612
5919
9847
7118
6180
2623
8523
7898
1985
4621
4077
975
1502
7978
2714
5005
5372
1843
1209
7327
5222
6982
5868
7151
1813
3341
5724
6151
9900
3255
6814
6390
2822
6211
5860
8762
298
6897
3955
3634
5538
752
2105
2500
160
6020
9641
7703
3486
8359
4520
9437
7587
5532
8414
8921
4753
8918
8258
4775
919
1534
5683
7997
6191
7847
8729
5442
3807
4679
314
7771
397
7891
5669
6889
2298
7531
3135
1503
2915
3305
1250
1039
7514
843
4601
5200
5350
3352
328
7980
2126
4837
8257
5264
1752
7680
7483
9080
7876
431
7220
8981
3910
7006
122
3264
8097
7050
6534
13
6903
7142
8933
2448
8111
6126
3843
2138
6241
9354
4422
9313
5837
5604
4127
2276
3921
9910
5009
6948
2384
5677
6876
1679
3092
20
8442
7066
1935
3354
7496
2471
2410
8888
9616
4685
6001
1993
7529
7754
2643
9899
1036
1176
3931
947
2508
9808
9468
9881
5447
8484
3417
8632
3569
1341
7370
3459
5634
9418
6858
2122
8746
1394
6145
997
6798
2032
8681
1941
2695
9901
2121
7877
1566
3904
6065
4755
6434
1526
900
4377
8437
3556
5032
3148
7308
7450
1932
1191
7251
9440
7293
4331
5636
5201
849
4615
8490
7759
8733
8232
3644
7205
883
9328
5498
8613
1257
462
9162
5823
1876
4868
4794
1858
225
3233
5130
1363
9046
3789
1237
4847
6630
7820
5099
8583
9174
1796
7484
5321
7283
550
1
3088
3703
3625
2123
5990
4531
8424
3849
9612
2684
6531
8982
9222
5627
2974
3096
8566
1206
5583
1279
9813
845
3746
7185
7382
3099
4545
352
6314
6550
4926
681
1210
8962
1420
7386
2823
8748
4485
8283
3385
5093
9445
4495
4815
3177
3381
3988
7742
8077
4475
5279
3388
3640
4720
2101
73
3875
5352
1801
9357
5872
5771
4666
8465
5488
4150
864
5230
9989
6501
4470
488
9302
1917
4426
9296
847
6188
2991
7779
3079
5079
1670
2826
9977
8334
7194
823
201
3832
952
7851
3407
5610
2434
9142
1766
3798
5509
9467
6377
9335
8641
4539
7914
9090
2020
2925
9959
4462
4000
6107
7667
7570
9081
5235
414
6068
3674
1436
2336
5110
9730
4275
5821
1646
5169
1454
7017
8227
3935
6600
8088
9315
780
1602
4547
7525
8800
3801
1245
7005
6828
8922
3201
4855
7360
7491
2275
301
8870
9716
2204
4004
8809
5551
6326
4677
8772
3036
3519
2349
4049
8624
9780
2681
3183
7048
9674
6327
4549
3755
3484
4729
6649
154
5762
1261
1205
8174
2423
1944
4712
3312
5545
8991
3728
9173
9475
3868
3400
9767
7376
297
31
5533
9374
4499
1489
791
6290
4250
7124
8426
5831
8364
5290
9539
2055
9867
4718
7844
8044
2312
2233
9667
4138
6257
3239
1588
4427
6541
6200
4382
4580
4317
9952
9728
582
7498
6323
8215
8405
9408
2090
888
7613
1863
4777
1412
340
1869
4502
3372
9663
5233
171
5308
9792
137
1104
6009
4350
4715
8525
8518
9723
4617
2836
8895
9522
6331
5212
6431
6470
2763
1623
6085
1397
6210
6396
5429
4153
7094
2135
8747
8743
7941
1277
1445
1166
417
630
4126
4310
1369
9152
9072
5467
995
8275
4722
8738
8953
3172
9480
7826
9056
6162
4597
0
4656
9391
882
7411
7365
4458
1287
4091
5977
6825
1230
9494
6937
6652
9684
1631
4327
9139
3492
4761
3394
5175
8781
4036
8863
6374
9009
6017
7007
2948
3290
7808
3345
3093
6010
6650
1981
4335
7385
1672
3165
9727
1735
7008
8634
5384
5941
5802
1724
7348
184
9814
3050
7494
9167
3041
3437
8179
449
2783
4405
4807
5789
9980
8403
8402
4118
6760
7864
4057
5838
3660
3193
9614
2791
2589
68
7872
6112
8904
579
9893
5890
6231
567
9273
3
8598
5741
3344
5539
9118
1988
688
1073
3853
2877
615
4572
4059
6131
4175
6928
6496
2361
7881
6713
361
7401
7130
7791
9268
3057
1423
1195
4359
8005
1776
3170
1290
2571
5812
2268
6536
3090
4423
7223
9869
4990
2437
7609
2406
8544
2290
9497
7311
4043
8096
4808
6841
9974
7236
4573
2734
7737
8554
1760
3062
7381
8272
5923
5722
3307
925
4446
8890
3760
6240
8777
2231
8139
7098
5197
1216
1990
3319
6637
8999
9419
8143
6084
3157
4793
4492
5558
3544
3879
8271
7530
1370
2968
5474
7743
2115
7753
5195
335
7172
5392
3426
318
8327
7903
6133
2117
6262
6545
6189
1113
7717
2953
99
65
2187
3134
8945
4901
9740
1101
5674
2205
3913
9917
7062
458
7002
1689
2828
2173
930
5015
5092
5897
3395
4055
2983
6572
9798
7282
1736
6633
3957
7290
8587
7986
2737
5482
6795
5061
920
147
9010
86
5394
2054
3637
2895
8944
3168
262
9235
4948
9178
5448
3627
8342
3393
5524
5277
9138
4483
6973
2213
218
7996
2548
1137
9648
9339
2181
5666
138
5747
5087
6063
3577
3514
7303
5891
4391
9454
2786
4468
8741
3834
6941
4287
372
2077
5304
856
2509
3491
5775
8696
4046
2449
4833
8091
5034
7202
9566
2654
1411
4100
4691
5455
9210
9053
108
6577
3675
8857
2073
1045
1238
2599
6893
2761
9770
3787
4247
8947
814
2950
5985
3714
6442
5319
3406
4798
7467
5302
7276
811
8548
5543
7424
4662
455
2385
5076
3427
5428
2408
3709
935
2928
6719
1516
2897
9773
7000
1962
8593
2652
9108
2973
7904
8212
8712
1610
4532
7663
7272
2710
1474
2738
1258
7162
4599
3182
6032
111
8989
365
3579
9021
7391
6626
8085
9966
4435
2972
2788
9426
2340
1523
9855
1544
6530
2120
4220
8734
7284
273
9915
2515
7366
9803
6078
8187
1322
1271
5414
6968
353
7758
59
118
47
7527
7127
940
7357
4265
880
4980
4276
5622
2280
9002
8025
611
4245
813
5450
146
4938
1859
4765
5006
2578
2080
7666
928
3479
2513
4628
8038
6291
9954
4683
3118
9234
2864
247
5218
660
3197
9366
5012
6284
2923
2332
6454
4665
7862
7403
9380
4299
5281
3166
7145
1636
729
9580
4711
9432
2218
9863
3701
9697
8925
7871
8763
2018
9212
642
1970
3639
6155
3691
9543
9248
8724
9714
746
5354
7672
6728
6804
8296
1786
5035
3254
5075
7639
6758
5205
3540
5600
6666
9379
986
7219
4227
8443
7455
3528
7444
6166
120
599
9801
812
3478
1589
1062
4453
7704
8721
9516
4249
9682
2450
3692
805
4254
4219
8262
8699
6345
483
6943
1851
3866
3658
7065
949
7608
1975
7850
4187
7297
3274
708
3463
1625
1226
1328
3767
556
6860
5294
192
9493
5791
5852
6817
2011
3523
3518
1938
2924
5202
6184
4751
9384
3123
5761
5690
7487
5300
9691
7022
1788
2252
6761
5780
2984
2396
6683
2452
6634
1624
4561
2821
3210
648
9186
3886
130
1818
2609
8626
5464
7242
4987
9525
2957
2815
662
1928
3292
6174
9895
1792
4713
1077
7726
8150
312
3563
9937
6711
3923
1269
8528
4290
6216
8191
3655
1384
5436
6237
4647
6149
6621
2767
497
1750
7929
4383
5536
593
4571
6322
7734
2086
6224
1957
7835
4626
1366
8431
4564
9592
3744
5425
5117
9159
226
959
7197
602
80
4282
8905
1133
1046
9609
8902
6725
2344
5292
7971
2911
3266
2980
3281
3258
1512
9396
2329
1533
9008
4586
2793
3635
9107
1653
8029
7768
4170
4433
736
2634
8621
6887
6625
4251
9692
5324
4481
2996
1268
7520
6153
3473
4811
2992
367
8145
516
2316
2720
6426
911
3331
909
6271
1737
3490
854
7622
9040
8572
9812
9834
4372
9150
3433
1297
2278
3786
6890
2308
4066
3603
6499
5422
6098
2844
350
5817
359
2524
6821
8950
2807
1386
945
8441
1543
9407
6916
233
1256
7082
4971
6571
3176
8452
2572
7451
6089
9127
2462
9887
5023
9329
7379
7174
1907
3833
4199
7655
9114
1708
8489
858
3989
5121
8277
4842
5438
2113
2686
3418
6675
9928
9198
7417
9346
1061
2845
8466
3740
4879
589
6961
1597
6205
6460
9434
4934
612
5236
1490
2134
4224
7955
164
96
3951
4639
8502
5457
9333
7182
2964
528
1121
1871
3944
4244
4681
3815
2698
1005
1345
6743
2004
1002
4084
8195
306
6275
1057
963
8398
8816
4319
3541
5723
1628
285
3860
6604
8851
5726
7120
5237
6635
3769
4927
7307
9666
4429
5905
5961
1552
304
7618
5025
4792
2802
2697
1426
1020
3697
4714
5797
8798
7560
6320
9030
7895
5492
2159
1591
6128
7910
6250
6506
3946
2965
965
917
236
3580
9916
319
9785
7373
4142
6885
5630
453
4870
9544
6004
79
9748
4581
2650
4637
1038
3552
4363
4758
1730
5663
7472
8147
2800
9872
9293
5553
6905
107
1112
2315
9782
4726
9919
7393
2095
1898
4946
7122
1438
8932
4735
5118
7454
6628
4731
2626
3874
1282
9085
8660
5323
1846
9844
3384
5665
709
7030
4292
8445
6521
2035
3690
3772
3224
8238
1317
5439
3311
3992
1991
9220
2377
2179
1159
1700
777
6140
2550
6235
8042
1920
3031
3799
7364
3136
2212
678
1281
5423
7788
6344
5178
9129
4393
9903
7612
8204
9623
7392
8693
7274
2429
3038
2445
6002
6438
8270
4893
2868
9123
9858
635
6453
8581
3259
1475
4985
6824
2489
3937
8957
368
5444
376
1668
230
5072
1973
5156
6328
9360
8701
8629
7371
1720
6907
5566
704
355
5788
4256
280
8343
5297
793
5947
9073
8539
5346
1170
2614
3564
4486
8637
8619
7983
6991
4420
3185
9955
8859
2810
2421
6505
2496
8814
9305
8930
4173
9732
3876
9265
8622
3237
7740
4202
2089
1319
3533
3630
2898
6986
9960
894
6443
8694
3720
77
3138
8862
6590
4306
1995
9147
7479
2137
3220
3298
4277
9735
7848
9707
2379
1466
380
1643
1140
757
5981
4851
5374
1548
2899
9100
1821
4465
1943
5749
3585
1379
375
6074
6949
9745
8360
1758
5510
7724
3851
7969
5097
9398
2201
2402
8911
9314
8616
9564
313
4413
1051
4496
7638
6007
9673
616
6123
4930
8260
2604
826
3656
6867
9171
8394
4469
2169
6019
7794
993
651
9972
3759
9920
5463
383
9264
6862
5445
4968
738
9606
1299
1487
972
3047
4135
742
1316
3863
2920
5745
1644
4269
1658
545
1118
4783
9410
1064
8434
3089
7629
2699
6013
9362
3928
6601
667
9530
8167
1612
9459
2143
4941
6416
6161
670
1215
1383
4965
1295
4536
3263
9526
5074
7345
2913
7863
4916
3688
6266
906
2517
3633
1888
5028
2400
5970
664
6495
9513
7795
8601
1739
6059
5228
2758
114
2842
6612
1654
2668
8894
1158
5042
1539
979
3857
6587
3576
4281
6647
5924
1953
181
8900
5181
9482
1031
5136
9818
1664
2093
614
6972
410
8252
9581
6544
168
5535
4827
9263
7873
7805
4448
7292
2569
3435
4037
101
7785
2561
3397
7842
6966
3887
5285
1648
9338
6767
5893
1704
2258
3208
5262
8901
8754
6182
5452
148
3792
251
5892
8531
1837
4813
1583
9774
3410
5361
8383
5166
5698
5638
7951
8976
5692
1688
5199
2242
1053
117
342
9846
9577
9791
6448
254
7233
8642
2305
6717
5167
4756
388
9576
2426
7073
3668
50
2562
8103
3969
7449
7280
4073
4896
3949
494
6190
1696
5314
6908
490
501
6980
1913
2593
1179
6005
5487
3251
8350
2830
9793
4216
9911
4544
9802
4904
165
9041
5675
481
1725
2370
2066
6159
702
4014
7192
6040
7812
5980
7286
3195
6462
4724
7265
562
3592
2219
5395
7213
3919
3270
3044
8555
9506
3120
1945
3464
6051
9441
9820
6722
3310
637
2288
9151
2328
1807
2114
45
3778
5502
5225
9094
7552
7580
6339
2696
9675
6045
2719
9294
4796
6822
4006
5017
3295
4194
1186
7148
7620
5456
6857
2939
235
7798
7372
8513
1781
1564
4459
1831
8810
3145
2350
4888
3657
2846
263
8235
5841
1255
6158
5105
5240
1738
2875
8728
2556
3375
3083
658
4674
3428
7507
5845
7241
2577
7551
7070
9987
4883
6095
3374
1698
4389
6756
1963
576
7548
5334
3179
8910
7646
9221
4838
3327
435
4661
8824
4518
3362
8997
799
330
6978
5150
8872
1579
6464
9109
3306
9157
4309
7767
9318
8119
1239
840
9110
2162
1979
7817
609
5221
6217
8882
890
6340
9665
5332
5887
7051
8273
8796
1321
6731
1620
2334
5584
644
9488
3583
5904
8341
2365
8411
8892
1018
7880
5337
3883
315
1274
9776
8708
5137
6083
7367
5639
3524
8565
7598
8386
2942
4770
3227
2583
5581
3055
6815
4576
2292
5299
8549
1909
1885
4622
5644
4646
3770
2335
7217
9291
3784
9751
7160
1109
2267
4529
7553
7495
4260
127
2735
2963
9783
2194
783
5259
7238
2883
1233
9149
761
4168
5001
1190
8401
6784
5266
3687
4881
4899
1529
5555
1025
7330
2064
5049
6427
8970
9453
3066
1134
9393
2451
140
4190
6183
474
2736
8719
4018
1840
2818
4924
9875
759
2193
5249
327
7316
522
5763
9998
5643
5678
125
1224
3425
7696
3296
445
8633
7212
2547
7221
9590
790
8176
934
5331
8251
2202
2570
1936
2428
334
8553
9861
5366
9280
1478
5216
6547
9088
3884
865
5880
7374
4428
2368
8074
3028
3012
8966
889
3819
9676
2814
7340
4478
699
2803
8378
4869
541
1657
7440
2310
6567
8711
5410
720
6014
9014
8243
1949
2005
6687
3710
9277
8057
1323
411
6583
4989
590
2612
7599
7239
3458
7296
8354
7318
9143
3109
6833
2918
7884
1348
3203
205
798
2813
2636
4019
1285
1911
5451
3046
9772
9988
6993
7200
8063
4088
7909
8940
4156
7347
4862
4577
3629
4443
8372
4614
6221
282
5854
4880
465
6334
2273
1746
3897
3408
9043
4878
2052
3472
7336
9631
7338
1380
7246
2397
8645
6015
8517
7353
8199
5964
626
6848
6853
5688
1016
7309
2661
5344
398
7857
4825
3178
6620
5864
2712
1834
6595
8723
9968
6030
9341
5939
2501
6066
9342
6356
4824
2502
7849
7790
4991
6865
9382
9537
1897
8473
9394
9184
6510
1221
5719
3223
9734
5883
9839
4555
7257
6835
2835
7934
6041
2014
1540
1382
7040
2468
5446
7173
6088
8853
2371
3213
8821
2075
1608
668
4273
2333
4339
7301
7538
2151
824
5866
2608
5485
9883
7642
8422
3112
563
7937
5090
152
4129
3228
7397
8366
5014
7099
569
3462
841
2369
2849
6700
5857
4418
1251
8476
3847
1649
4607
1822
2585
4663
7948
457
1761
4022
83
8751
4221
7262
6223
1398
8698
1673
1946
3152
6987
723
9244
9211
207
4660
8413
5577
9068
3364
9017
5103
8802
180
7972
5851
5660
4399
9856
4695
4606
5356
8955
526
4436
2417
1183
4596
5062
7702
9144
3413
4028
2869
9007
7693
1093
8381
4460
1004
8002
2523
8138
430
8838
6175
1393
1283
8333
9973
5483
9542
6260
2660
9196
6093
4515
9889
8278
8778
1896
61
837
4543
7749
5208
5238
5219
3054
1879
6843
5247
8157
4239
5360
8106
851
4540
8151
8879
4005
2600
1265
9061
1934
1826
7878
1401
829
4933
4978
7305
2038
4848
6366
8978
5348
3495
7355
5387
7147
5591
2198
1666
2941
1829
6792
4829
2063
9905
8281
7016
4958
7352
8058
9845
2622
9645
7499
3256
3972
7658
9158
4455
7076
3205
239
8412
6302
8322
7291
3268
1607
17
4911
7957
1661
8812
7991
1955
9879
9258
5737
4972
7854
9799
4788
5782
7408
1839
5921
7678
571
9662
2796
7586
1650
6520
6410
9882
448
1122
4308
5721
1517
6710
4670
317
574
6759
9169
636
879
7317
9690
1243
8375
3781
9649
3721
8156
2629
8140
4784
3999
6985
5807
8149
115
6788
627
283
1504
4105
3061
9405
1408
7438
4590
4376
5679
9050
4909
6741
6385
1518
5362
5397
6718
2874
8072
6733
4255
3601
3638
6067
3745
5703
5593
4594
5885
2679
6945
3686
7555
6398
716
3679
4072
8316
4686
553
5146
6516
6018
4208
3442
3056
5272
7614
1940
2901
3289
5774
358
2605
5192
9137
653
1129
7928
8440
6318
2958
9332
7571
1883
3027
4321
5182
4876
7811
1253
7126
3539
1007
8353
9495
1513
9219
7760
6791
7321
6720
8344
6696
1353
6607
1994
5537
8951
517
6022
6238
9885
8129
7222
5987
6542
6053
2526
4506
7875
1172
2903
2540
1836
3035
7654
2486
682
2459
6369
3757
3996
5733
3356
7086
4164
7078
4658
5858
8671
9470
3247
8408
931
4931
5083
1024
6121
8494
9369
7651
2751
6436
3402
392
8305
6561
6060
1524
8562
4370
8385
844
473
3405
4517
6406
7611
6472
2192
8509
5516
4589
9372
7011
4822
5988
9430
8083
9091
7994
1694
8266
4983
4717
9769
887
6304
6789
1706
2564
6420
4294
2551
7060
3670
3713
6919
5398
9299
5563
2097
730
6137
8287
9843
7669
7198
2322
3553
3574
4058
4673
3097
6135
6763
7745
927
5518
6419
3025
4519
5983
6476
5470
9216
7337
1360
5466
2857
500
3700
2723
9190
8475
484
8819
3980
7059
2647
4096
961
7858
6444
9507
7947
8376
5078
9554
1357
7176
1577
2339
106
4522
9924
7431
2505
8054
4235
4954
1376
4048
9760
2646
3870
7674
795
7058
1968
9698
5315
4803
3006
6405
4302
9399
4253
7315
7537
3316
918
6408
7132
8048
3652
3536
9262
1731
8677
6950
9897
3771
5472
9538
7462
1070
1685
7435
8064
2539
5330
4612
700
2619
1905
3684
9022
141
8185
1048
5856
1470
2347
733
8891
9909
1142
2454
4942
8692
3619
2859
9926
6437
3905
6079
6896
7341
3347
8635
6480
9531
9327
1326
1103
2986
8035
9465
9048
4304
8990
4892
9961
3342
2510
4754
4725
6465
1751
4213
5767
4548
8830
4557
3318
8105
3287
9550
2343
51
9420
886
8563
3278
6379
7125
4609
356
3314
6549
9967
663
6840
6779
6035
731
3683
8753
1894
1052
8961
422
1676
2774
6402
7741
754
7157
5289
4447
3275
8246
7698
1800
3431
9316
2155
9383
8141
5998
4354
1849
4781
5623
370
8794
5875
253
9403
914
3926
3382
9051
9122
5529
7167
6658
8377
6623
5402
7258
1787
1574
3482
9240
9446
1655
9373
4316
2755
4159
3253
2672
8986
4011
34
1358
3273
6136
1838
4950
3468
4225
1823
2171
6766
2709
9874
8885
4805
9071
8421
5329
9460
7187
2703
8943
3991
8934
2222
3753
1460
9027
4124
1733
3320
1377
573
537
5954
4574
1924
5018
1899
842
9629
6272
1207
643
620
3272
5689
6428
9823
2044
2749
1830
9896
5007
3831
6827
5586
3642
7423
9549
5286
4130
7010
6855
7688
6193
4201
6737
8995
5691
3682
1662
2040
8658
4689
6468
9047
9688
1765
174
3934
3616
1586
8996
4189
6959
7480
690
8600
103
606
832
9810
396
619
3082
6512
5389
2637
7154
1463
7528
8070
970
2765
7911
8137
2557
5430
7802
1099
8250
3809
102
8659
9136
4969
5443
8229
4332
9469
4527
6075
6702
4298
6552
3022
4484
1404
9473
9685
5400
8279
2598
503
4491
8444
1634
1310
9588
529
1500
4409
505
3304
6674
7469
6270
2246
3978
942
7855
5637
6920
5080
1596
1465
5357
6921
5986
8007
5268
9876
677
2801
6491
7730
5407
2178
715
4248
7407
10
3848
4093
4730
7596
5826
3693
820
1213
1966
9572
8822
5310
9422
8512
1999
5381
1868
7944
1933
7196
5949
2172
515
3207
6582
6724
9499
8210
6540
1181
8558
3829
2364
8146
5424
9297
5404
3126
1937
2621
9546
384
564
1444
9124
1413
2962
5461
625
4329
7814
5401
6409
2083
2940
5756
2732
1451
52
6597
5813
2185
404
1114
399
6875
1884
5614
3669
5031
6281
9323
4280
8078
706
8737
3827
8419
7676
6774
6750
748
8936
7644
7841
11
2297
9266
2071
5359
81
3790
5371
6511
5340
6118
5385
9654
8400
8845
6834
5473
1903
4967
5481
3277
976
4641
2707
1040
9096
8208
2296
3163
3204
1446
2533
9083
7810
293
7801
4915
7556
9595
4632
3578
4231
7712
2544
2706
6109
6762
7412
4140
1912
7756
6152
27
2403
3190
6929
7821
5162
7933
8269
9438
1614
3142
9076
7128
5625
6165
7710
7634
9187
6872
3945
5496
3155
8061
4379
1068
1329
5766
9120
6130
1391
2886
49
7793
9643
7109
9105
4560
4772
4982
1528
6645
348
243
9737
2559
9455
1832
9558
4439
3678
3867
200
88
4600
6457
2726
7037
570
5274
6879
3026
2519
1307
9914
8172
5132
6413
3589
5902
6888
5628
3434
2878
2180
1184
8974
2374
2731
3889
5699
4162
3754
142
2355
4953
4039
8654
8537
1260
4451
6029
7766
7314
6120
2130
9787
6201
8392
6755
751
1774
4530
6648
3598
1964
2154
1939
5493
2799
4655
8516
5284
7836
4174
5246
3416
8667
4664
4322
3023
4812
5107
8811
2051
9368
7840
44
4364
6839
5251
4064
9160
5335
3608
4293
7396
7515
807
5112
5064
4026
6861
8487
252
8237
9775
4136
8
1220
287
5654
6681
8574
3816
3587
8328
302
5982
7549
6690
1741
863
4400
4030
2493
1887
173
6316
4696
5048
1270
1848
2685
4258
1515
8324
9092
4694
4450
8387
7701
329
3888
1709
220
5336
1102
8805
772
8937
1227
7822
8915
1693
7077
5946
1785
8267
5086
3543
8514
3367
3841
1389
2616
7653
67
8625
7204
6866
1337
1537
6394
9331
9811
3735
4143
5619
5480
598
4289
7692
7085
3403
7961
1626
9524
7569
5138
5830
6225
5641
8152
9290
8159
8396
705
1063
3676
8183
8998
3864
5609
6810
7959
8941
2182
4337
6388
5405
7244
7683
249
1561
2062
2520
9425
8492
4367
3620
8027
4551
982
7004
2662
1455
9535
5070
7419
3941
587
2330
5114
9701
5462
1403
1432
3859
1493
7918
2607
575
7534
7012
8580
3706
7228
7953
7799
5648
419
4563
3353
6000
6080
7183
8522
6940
8337
991
2345
4214
5322
6898
8432
3538
9279
8653
2530
1197
1019
2474
5929
4672
5795
7119
9036
5000
2769
1710
5145
1030
4675
6055
632
433
7517
9243
1809
6588
7508
734
3359
2683
6665
1354
4352
9282
2775
2855
3901
5152
5844
1288
1569
509
2238
717
182
4703
9519
8041
6548
8803
1381
7036
7255
4649
4158
5839
7668
6036
8627
4099
9636
4682
3817
3497
2772
7146
6886
3846
5649
7243
6486
5417
6946
3715
4233
5318
3783
5804
8818
5165
604
984
7351
9324
7557
607
1150
5785
9483
389
6705
8886
8065
8709
5111
2649
3823
9421
4849
782
6553
4644
1771
8153
8880
8018
7752
9738
913
9032
1069
994
8090
727
684
5960
3673
1136
5870
5441
4598
1151
2976
9578
6061
2499
6742
6538
197
2977
4344
6957
3276
4912
2174
4259
3987
8610
8261
4795
7102
2263
7602
4061
868
2131
549
4917
5037
3496
8884
2
4556
9511
2424
3873
432
8292
3078
9650
1669
5966
3647
2843
3562
4667
7700
9891
6039
5527
8177
7426
6176
4457
6591
97
2884
9063
8638
7606
9115
7939
3748
1178
1089
4552
9686
2865
8808
3731
3575
2819
5328
58
32
7966
7186
1395
8670
9033
9540
4782
6975
7938
7699
5865
7513
9958
8460
5594
1880
859
9708
4935
6375
2466
6909
3568
325
8125
5680
6122
2470
1144
5548
9128
3140
9284
6031
6770
8427
9501
2961
1120
4198
2229
3378
8059
9559
7879
4631
559
6187
7908
156
9870
6699
3751
7885
8840
232
3113
8239
6811
487
6594
5217
8590
5693
2259
1232
1225
3567
5662
5193
1440
4074
5601
3329
5291
8454
923
3505
2997
2582
9935
5668
6636
4698
4128
6740
3373
5801
8477
9241
7027
9573
2658
5077
2007
2119
216
8410
4558
6094
1536
2861
9941
7992
6105
470
9608
6739
7430
7105
6787
6693
6445
1573
6707
155
5618
3291
4454
7083
9217
5229
6222
498
1418
9298
1284
1291
5955
4437
5043
978
1553
2588
9817
7306
6503
6933
3618
6670
1961
1942
377
2537
5647
5881
8946
5435
2047
6111
9130
9038
2458
8791
21
9931
6613
8046
6400
657
5792
3699
989
394
320
8969
3761
2186
3622
3840
6826
1976
2441
9520
5842
6232
585
8166
9286
7015
1273
7235
9795
1575
3122
4024
324
5768
4907
3602
6852
7697
6077
6124
5686
680
1870
3019
1565
6944
4613
2727
9306
291
1058
9172
8575
7137
8987
5621
5243
1886
9832
7682
8928
9034
5707
3104
9999
6746
177
5024
6204
1355
560
6926
5063
3348
7905
6143
7106
5065
3412
1590
119
3939
7031
8993
6347
1713
5765
6964
6823
104
4516
4351
7723
8128
2491
8010
3525
2839
4191
8391
1180
9806
1816
5526
1998
5263
5521
8079
8382
8336
1330
5523
2008
4104
2270
1951
6537
6456
1447
6163
8326
6024
3107
6632
6203
8704
8927
3409
8247
4771
652
3421
7279
2944
9449
6845
8972
9713
8648
7906
3302
2485
6315
987
38
9633
7762
5991
8508
7003
3702
1336
796
7540
3906
6097
7764
3510
768
7312
2188
3321
1344
1427
6313
7019
496
6515
666
5592
2659
2952
1308
5270
8865
1812
7603
265
9205
1611
5974
4144
7237
5907
4507
4141
4330
7684
7063
739
6046
4668
9321
9319
7361
6622
6694
3111
4068
9065
2140
9890
8823
9320
5811
423
8985
1165
4633
8958
2111
4966
3098
1437
2457
8043
4936
2070
830
272
1680
7211
7115
3965
7921
5094
8773
2214
4163
3284
6847
1177
1111
6297
1721
3920
7481
6117
8368
3736
7566
4025
6179
1509
482
3013
7533
7390
5814
1690
621
7510
6976
5903
707
296
8908
444
9689
6780
1148
1855
9741
4042
406
2076
9352
7134
7158
4757
9553
4709
8436
1443
2372
2497
9039
9288
8760
1424
267
8160
7375
176
2264
818
1055
1246
6629
8345
2286
9345
6960
3698
4579
9111
7714
3336
9226
7597
7834
1485
7919
6091
2531
8169
9877
870
939
3068
1333
7177
310
8393
2764
1862
8300
1200
2993
7719
9922
9699
2914
8495
654
9228
8256
2363
4831
6129
1505
5408
9610
8855
1618
779
6186
3154
6942
2701
1511
5239
8114
6616
149
217
8365
1185
980
1866
5380
4937
413
8602
8689
5714
8869
3932
5867
4324
4117
1468
258
8101
1825
6233
9278
3071
5364
3010
9602
9703
4949
3432
3952
2300
3893
9857
2777
7432
9677
9841
3326
4113
9411
6412
7332
9953
4964
5607
2979
9560
6581
6836
3487
6343
19
9292
2453
1143
5102
2342
3194
1980
7940
3343
3133
2391
3614
9528
9045
817
447
1375
1486
6509
8358
6546
3471
405
2742
7739
3493
8268
1845
1827
3131
3232
7416
1059
1908
8380
566
3763
8197
8683
7159
7380
958
4789
8299
4932
2663
2257
9181
8691
6906
2099
9510
6878
8948
5234
5484
7358
8032
2922
4568
6813
1071
7964
4311
4215
4736
822
2881
546
7226
5759
6660
1218
8530
4669
5349
5657
4997
6831
5942
3558
343
8919
6598
7468
6119
1777
1969
3299
866
1682
4654
4355
8081
8126
2560
691
5421
224
1130
8837
9712
9828
2792
763
1399
8123
3557
9742
9557
9789
1789
1613
821
4819
7744
9597
2900
9717
6372
5418
7621
1542
8171
7138
9270
5433
7600
3877
2074
2687
1193
4044
5244
3527
5794
6532
3961
9249
4464
4526
4008
2506
9301
2460
1154
4759
1259
992
7038
3722
7662
5667
728
9069
9733
8033
6686
6329
8374
5559
2456
6868
8472
4015
69
344
323
7389
440
1456
6830
3929
7114
4546
3196
9873
5508
4283
9613
596
7216
7068
7414
5054
4384
5931
3350
6619
3143
1128
8127
7963
2042
3842
9504
6969
3424
5096
507
2743
5549
357
163
6854
9700
3376
5528
1841
7738
5091
3617
5590
4836
5825
9565
6615
9586
9827
3159
9481
7378
9854
7409
1146
5684
7894
8755
5051
3974
4554
7113
8536
6504
5602
5069
9862
3011
8446
8369
3739
9415
2949
3822
2907
309
1350
4858
6850
9859
9257
6508
9639
4479
8488
4776
7949
6332
7625
9837
8161
23
4719
3446
7021
9363
339
5606
1745
4708
8717
8850
4493
2399
1400
9388
8486
7705
1501
4629
9821
1147
9904
1769
9822
2833
3711
4737
2082
2306
5778
5190
9224
5382
7448
578
4246
3334
5720
3132
2210
4365
3279
4272
8062
9512
912
7227
2518
3732
6954
1615
8561
770
3489
2752
8173
6251
9112
8606
4900
2289
8498
4480
5367
5596
9777
9871
1320
187
8826
5796
8164
9185
6617
6729
7420
6044
8198
4642
9182
6593
3000
6264
8297
7563
4279
572
4905
7080
5943
9754
7547
5629
4342
2030
8784
3039
895
3151
9866
3814
3890
8073
1182
5109
1609
8467
6558
6911
672
2606
9303
6295
4357
4707
4994
8162
161
8956
9779
5210
6370
7657
4257
5327
3661
109
2648
4856
9884
4684
8347
6199
48
2756
4963
6580
7809
7363
2889
3200
3612
1684
3741
2955
4432
4286
3149
54
9078
9060
7413
7032
8867
3623
2894
3332
5850
542
5806
1435
1086
1550
7773
9300
1106
1541
5038
2430
9852
5874
71
150
5705
1581
9975
7522
6983
4764
4341
603
3549
8373
2388
6167
2116
5933
2059
7035
6564
5189
1892
8827
9971
1482
8749
8705
238
7247
75
3844
4732
6337
9533
594
9880
1126
5113
2085
9594
6362
2617
2971
4115
5620
3942
3450
8293
5582
7579
456
943
2255
3738
4975
6263
1763
9385
8496
3947
1480
4284
7041
9416
2175
469
4929
3365
5822
595
9532
8620
1471
9347
7161
8515
4630
3483
3229
6116
144
9427
2125
1495
1364
8506
3262
6259
9006
3075
873
9706
7163
3821
8318
8663
4535
3415
8104
792
4210
3997
4524
3565
8110
8994
8844
4651
5727
872
8727
8877
7404
4854
910
809
1347
6734
6317
4908
2250
7249
8362
555
801
6114
2232
7009
921
4114
499
4360
3240
954
7535
7917
2733
2908
983
2504
5626
1491
2563
6229
605
7828
9604
3117
857
8240
3791
8233
6573
1203
3590
7139
7970
9095
2161
5495
3964
7107
271
2967
8313
8397
1594
7152
3653
2644
7670
493
7708
2725
3503
1929
8639
6974
6781
8980
1783
8349
8672
9908
6492
391
7362
6691
1272
7256
5996
6311
8335
1798
9433
1723
2670
9203
712
190
586
7268
1303
3339
3390
6254
151
6514
797
8501
3773
2168
4291
90
7624
4872
3818
3448
6154
3734
5682
9541
9755
6715
6812
8988
5799
6736
9119
2689
3449
2427
6058
9523
1217
592
6312
1461
1559
9250
2693
2022
2320
7072
4804
9719
5153
8071
6602
904
524
4705
8684
5273
1616
5265
2136
326
4604
3282
5183
4052
331
3504
3188
7101
9585
2954
8142
8764
6566
9099
6769
7264
3191
491
4861
3338
9349
8200
7831
6777
6757
229
9747
5383
3542
2224
8569
400
8148
5740
5556
3854
4538
3181
6273
4070
6467
9168
2532
7300
8868
1558
6772
2398
3758
442
9790
9886
5242
7578
8852
266
2197
6832
1793
5375
875
2019
1083
2931
2667
2988
9274
9447
8346
4887
5936
3085
7039
185
6392
6429
8617
1076
134
478
5757
8878
3793
8006
3506
8188
9986
1141
6037
5963
5434
3766
9086
4521
1950
1770
4850
7445
8012
8009
2946
9505
8649
1280
8060
1570
2124
3474
7588
6611
8356
3008
9256
8332
3153
6643
6127
2475
785
1276
6177
769
8596
5760
6726
7631
428
6526
6851
5081
808
5702
3636
5815
5122
7746
1125
9809
5036
1755
7023
4750
511
9739
1488
6169
3392
7153
5019
9942
6070
848
4897
5697
5530
2516
227
7907
3094
8631
9201
4387
1904
938
1223
9477
4230
2657
6924
9669
2461
9561
9145
8298
1651
1187
3014
8223
3067
6353
2832
7521
4441
4056
7156
6657
4704
2146
5911
479
3386
2543
212
2678
9764
6469
3912
8280
6196
8917
9322
5901
1135
613
2912
9209
3454
2741
1188
1605
9272
8984
6927
3768
1079
3261
8550
5449
5550
3522
7149
6268
4806
437
2780
6230
2666
1671
8263
7661
5082
6043
7275
4814
9656
6325
7977
5750
9994
6703
4461
1335
4511
2926
6028
7782
8661
5059
981
8510
2390
2021
1808
2785
2469
1242
7605
7018
2521
941
9344
9283
9788
5116
1235
7470
8407
5021
1678
6844
697
3707
3554
3645
4419
91
1629
3309
1017
2239
7650
7026
9176
6513
7769
5431
4528
7722
2048
9311
4875
6560
1163
4180
5642
277
2366
1600
7285
8000
5672
4002
5656
3250
6047
3537
2702
1814
387
9236
8775
1538
2730
7900
8288
6482
2157
713
7543
2797
2479
5176
9946
1402
3584
260
6947
4676
7574
9599
5834
1201
6256
2100
3922
5819
2285
4001
9768
7519
9563
7100
8047
6796
9164
3440
2969
3106
1372
1977
3729
1033
4845
2555
9287
5888
3918
4476
4643
3838
92
5209
6157
7783
2395
7687
1153
7313
7320
4585
7945
8321
2545
1127
6451
4910
7604
9011
214
5147
6967
3285
1324
9660
4508
3749
8913
5280
1262
129
351
6990
9848
1824
2603
6570
2596
2642
3685
7287
5999
4456
2311
4271
689
9462
9784
8586
8792
4116
7091
3467
2887
7025
3521
7690
3317
41
1453
3508
9724
5133
4081
5184
8983
6931
1901
9567
3659
6023
8236
4340
2463
6692
6461
3776
7474
4034
2665
194
9547
988
3257
9824
4228
6150
9725
4274
1145
8120
2739
9377
4016
374
7539
892
5709
5365
674
6805
8799
8703
7829
7656
7254
8317
3037
937
8714
3872
5708
2902
2108
8481
4762
7816
2624
8181
8468
3156
4821
4408
2937
9457
5603
8080
4338
1835
5681
8315
5993
8992
9687
3940
514
6185
1740
3465
4075
7545
7632
4514
7500
9044
8979
2595
195
354
6473
1972
9652
6914
202
2401
3529
5938
9668
6
907
2673
7852
4112
8265
7442
6663
18
9400
4801
9555
3909
4229
9600
3349
5914
1035
7648
1712
5002
7899
932
8591
7990
5748
2251
9503
9515
722
7310
7368
6638
7626
6984
121
2176
1633
6775
2630
4657
1325
2412
525
5491
3704
6575
8614
1254
3573
93
2618
5540
1484
6309
6407
6350
1923
8662
8866
4020
6910
1578
9628
3160
8248
8497
6142
2745
1305
2688
4285
701
4742
9104
9508
7252
8286
5820
7052
2203
213
1304
4195
4270
3925
8017
6837
5255
1311
2165
714
4148
5309
4035
9464
6228
105
4067
5916
5744
9429
8546
3517
8022
4241
3812
4534
7643
7615
94
6610
8790
8330
4752
3219
42
3244
9711
8190
2017
2951
8770
7677
5633
1663
9892
8557
4023
2256
1971
4303
6258
4009
9255
2031
1595
4864
871
7259
9097
2215
2444
565
6838
3150
8686
8294
6348
5695
219
3915
853
3856
1652
9281
403
7660
7813
8352
7294
6529
1996
1464
2816
2554
1744
4038
1753
4500
9709
3021
1567
2177
2779
2341
9842
5898
4192
6367
5541
3330
9252
246
4977
6768
7071
7074
286
5818
9443
2407
8954
2676
3052
9376
1748
7890
3420
9361
3368
8384
7269
8742
9906
520
955
4375
7439
6935
1572
869
9229
2128
7117
9309
1499
2227
7856
6440
4498
4368
5611
8053
6354
6156
7203
2929
6335
6458
5616
5465
3500
4575
5149
2433
4744
14
5696
9851
2754
5969
8759
650
3914
878
8099
4902
6474
8623
1584
6433
8676
8931
7328
787
1926
5058
5913
1918
3813
5477
1008
9693
9982
7331
3631
6708
1580
1116
5912
2728
9474
504
7346
6048
771
8028
6793
2351
1352
5316
3681
2568
9424
3892
3313
3192
9370
2528
7866
5
5458
4739
9898
6533
4914
5612
2209
1047
5871
5479
3389
8589
7727
6147
4799
687
2241
6614
2281
4760
1960
9617
8909
2744
6365
2386
6934
4398
409
7523
8186
4472
5506
8180
2088
1462
7993
9037
5213
6592
1711
9661
2394
5574
6293
1481
6086
5783
802
749
1087
5617
4087
4947
4922
8682
2271
5245
2488
6026
3900
6299
554
4874
2337
2419
3596
9598
9984
2118
3225
2477
948
7954
6807
6381
2960
2109
3137
4956
2196
2664
4733
3246
5661
6289
7234
3950
9261
136
9087
1551
9794
536
9996
8165
5658
2711
6300
5976
4323
3323
2601
78
5363
162
3144
881
2313
8230
3666
2260
966
3811
2096
203
1339
1952
3369
2216
5067
5878
4160
256
7090
7516
2348
5029
2930
3499
3139
6016
8319
5342
244
9878
9062
6874
9057
5358
9161
756
4171
8503
9436
8538
3015
4566
6535
6576
8415
4410
55
1387
8470
9797
5958
4390
6415
789
7804
4082
8873
2934
4608
8839
9962
2627
6608
5135
7592
6802
347
4986
3007
2382
4132
5144
1429
9084
7845
3570
5926
7324
4996
4602
876
2467
3116
2573
4181
4320
513
6882
3664
4940
6324
5227
2103
2927
2207
2639
1067
9956
6922
3212
5499
9907
2896
3076
7425
4857
5704
5779
2439
9066
1697
4318
7250
3962
7343
6913
6915
4301
1433
996
1931
2360
4188
2514
9253
5283
5115
8037
5930
7369
7732
6494
333
3209
755
1457
4569
6589
7326
4702
5252
6682
6644
9589
3995
4721
7594
1371
7322
7493
6279
3211
5305
5377
3128
1603
3222
8715
527
7164
4385
786
1431
4380
8571
5125
9452
369
2610
5288
8730
3595
659
9731
9621
2415
2860
3550
6194
143
4898
485
6206
7055
3363
6305
1850
8222
4891
4706
8425
2613
2655
5685
4503
2183
7721
6738
1249
6557
6963
8967
5497
8871
72
1667
8881
6490
9245
7383
3520
8245
3371
424
29
1978
1361
1900
6697
8644
9634
3956
7838
3970
2036
6997
1473
8389
3547
1775
8395
7956
76
9148
764
2358
2359
7728
7590
7902
7140
1392
8507
1844
4763
412
9720
1749
401
1452
8527
1312
9476
4728
1169
8535
4312
2812
6202
4185
1982
4653
5004
5257
1296
15
2049
7965
9949
2762
360
6198
2058
4620
9933
8646
8835
6489
4177
4603
4146
4740
7889
862
7573
33
9132
3650
4974
7502
3020
5311
695
166
346
6753
7457
1699
8732
4111
4101
6364
7982
1081
2919
6785
9275
9705
8196
5057
9381
685
4123
4326
6706
9819
8929
7061
4402
6384
2353
6168
9153
8034
2722
1208
2638
8706
9752
4627
3594
8118
7299
9836
7998
4467
510
9023
539
1891
3115
743
7193
2324
191
3175
6654
1804
957
4442
5188
416
1638
7230
9199
7104
7492
7394
5746
5124
1742
850
9177
3033
5320
6899
8545
9722
9378
7473
7958
204
7175
884
1659
4080
3632
1425
2495
3607
4120
9117
3836
649
7081
9208
1415
28
7778
3387
6932
9944
1707
4494
4296
189
5613
7576
3121
5547
6627
7433
5056
5915
5589
1467
5673
8253
6069
9414
4952
8594
6764
646
1665
8109
8605
1560
5715
5562
7673
5155
5203
4029
2325
3146
8206
7092
5278
4438
5848
7883
139
8433
3894
5570
9325
8067
2319
6574
6782
6751
1349
9925
3453
5053
5041
6803
46
617
7084
9521
5863
3308
9113
2552
753
5016
640
8731
3383
2352
2294
7926
1028
9059
8651
9957
5564
3737
7350
8461
1889
9681
7395
7043
4618
9254
7475
9005
8829
4218
9548
1167
2046
2838
5687
9630
8713
8449
3976
5531
8011
5928
9651
7564
6730
1967
8203
4209
9659
6901
6395
1367
9227
5718
6073
8903
385
8455
6528
5595
610
4243
2811
6466
8815
8255
5046
5196
2166
6286
7471
2045
7675
5773
3445
4086
8136
2033
3743
7825
2594
495
2001
7075
9605
407
4434
63
7443
6820
7190
9246
4723
8588
6989
7647
341
2262
6809
3215
1514
1617
6274
9364
4452
3559
5254
548
2442
7843
1054
9239
1545
2314
3865
6357
3516
6244
6209
8861
9337
6236
9386
3351
2081
9031
9312
622
1914
1860
5325
2981
1627
5861
6579
9365
2455
8745
5957
3095
8722
5101
2856
5241
5453
4894
4844
8779
311
2265
3662
9964
9204
9579
8725
750
3422
5033
6958
8618
831
6215
7999
4021
2003
215
908
950
2041
8310
3973
7263
7319
4167
5159
8679
349
9450
4333
2413
6249
6938
5742
6319
8055
1359
2060
7477
8056
767
7861
6475
5525
9970
3248
1997
3380
3733
531
6378
2133
7942
6006
5160
3643
5713
5994
4523
6559
3451
1701
7853
9978
6108
3862
135
540
4414
9000
6881
464
2718
8924
3911
9
5712
4567
6277
4430
378
1568
2144
5580
8290
1554
7399
5608
379
8220
1264
3959
6952
6100
9463
4083
9013
4152
6425
4687
9552
4634
2721
4242
1974
2440
8093
9979
454
5347
5345
4196
3042
4415
4961
2170
1313
2782
2199
4541
1267
8040
74
1044
6599
159
6243
7936
4688
5505
3990
8409
6539
274
3110
9202
3234
5368
4151
4362
1315
390
9207
8577
5173
8474
6977
9492
3235
8795
2597
8757
3167
1852
2558
839
6488
7406
1773
60
8963
8939
3555
8001
8848
2092
9064
6027
5296
6965
2221
1001
8640
4625
8008
3626
698
1989
6282
8568
3105
5514
7166
1764
5088
6646
5664
4895
519
1902
9826
6338
7789
7784
3297
1743
2404
450
5676
6522
2492
434
5052
922
4263
4182
834
7461
9796
9326
8669
9642
3419
8595
6276
6904
8201
852
7441
6380
9721
6701
4973
7561
7398
4416
9518
8668
6895
3806
4222
530
8234
1965
2416
8949
5973
3456
9075
3174
5378
5486
1592
2164
1421
5571
6360
5050
4595
6195
8217
8710
4743
5370
4913
7950
4373
7110
1098
5927
633
9334
7925
5045
2389
427
990
3040
1549
6439
9276
1278
3249
7042
3531
3845
471
6877
1173
7589
7691
1757
6998
3526
6386
6664
7946
794
1519
5475
9640
2184
7463
8244
9945
3161
6171
7184
7121
7302
1346
8218
6656
6148
6988
6310
4962
4741
2921
5557
7111
9556
4374
5971
656
9571
9500
9551
7180
6008
9710
5640
4636
1037
3774
3017
6417
8051
6631
2057
2867
3481
3480
7652
8774
9214
9778
711
6025
5191
270
8448
4505
2645
6519
4828
8379
1992
9395
3797
4578
5282
5170
2781
8832
2217
3968
9077
3058
6134
641
1229
6709
8049
2892
6871
5635
3100
4325
4699
9509
3648
172
4611
5376
8132
5832
1406
3717
8021
9696
9285
8597
1479
5073
6677
209
30
6261
3267
3852
9997
2876
600
3452
9371
3059
9746
898
4979
1115
2127
7456
7108
815
2326
583
1497
9825
2072
9179
8469
6525
6038
521
3018
8767
5131
6747
7985
2195
3646
5085
5068
3048
4121
3301
1476
7155
9200
5700
4395
1681
8797
8789
4778
5519
6765
7874
264
861
2591
1231
1875
5599
6662
974
7415
3051
8786
5187
6586
9763
4640
2420
1921
647
7231
8264
6484
806
87
676
1507
5573
2656
6676
5355
211
9412
5730
425
468
1983
3346
4835
6110
7504
7064
2393
1910
4918
4466
492
2746
4421
5128
8579
951
4103
9715
4512
7067
3984
7333
9743
9646
3325
157
4003
4693
9340
8463
8423
8831
8883
1815
1780
7973
158
591
2163
9401
9830
5494
7819
4071
2674
7266
8202
1630
1799
725
5148
4605
6679
5731
7141
6341
8615
6192
4923
8559
2235
4489
110
3241
5781
1791
4295
3269
250
7304
8438
671
4240
6672
7123
1160
3328
6092
8045
588
7755
4366
2414
916
2346
4884
8959
7901
661
8170
4650
4381
7716
9545
2776
2825
2274
3677
4832
9587
6459
4928
6669
6500
971
3127
4767
1189
3966
5185
5554
8020
696
2584
5889
3377
6680
3530
3507
175
4840
6057
4307
634
9101
9093
6800
6351
3087
476
2484
5597
2338
7607
833
2936
3147
2480
2432
5409
4314
5127
2529
8607
8673
5399
4525
7640
1075
4943
7610
8529
9762
6688
2027
9860
6294
8131
9927
2933
5575
6752
9918
9353
3063
5920
7546
3667
7685
193
4157
5751
5784
4623
5701
1266
5215
9230
4403
1925
804
9596
8175
123
5632
8306
3119
719
6245
2006
7103
9498
2153
7775
8603
7485
7772
6749
9601
9191
2632
6797
9948
4300
4841
2848
827
4826
8975
1878
7359
8303
9304
2748
9611
6082
3074
2990
5567
5507
8228
5317
1385
2771
2704
4871
8295
3271
2891
366
7751
2015
4866
3084
4149
8130
6342
1378
7800
9289
7780
953
4411
6283
3073
1164
3830
9603
6695
259
5670
2261
12
6523
969
1065
4134
5952
9472
7729
2225
1294
8458
1094
8428
3072
9514
5373
3718
332
8678
6404
9431
4356
221
1074
9744
3756
523
6306
1298
5908
5653
1556
5546
7735
2376
3443
112
7870
8923
6507
2295
3494
2575
4593
8914
7888
1729
9049
9694
452
5020
6771
1194
4692
5754
1157
4092
7278
5223
3293
8259
1244
1895
2435
4328
2905
2476
7830
5476
3158
5163
874
5226
7033
8491
1702
5517
9835
8068
8874
2490
8219
3333
208
5560
1865
3591
1606
8158
9397
5984
2293
8168
6125
3752
1797
2620
8685
4200
4079
2910
7488
9990
169
7436
3597
8087
8688
1642
2375
6220
2541
2850
5828
4371
8095
8700
8052
6859
9932
3975
4223
8893
5956
9655
1416
222
9392
1930
7253
775
3604
8657
2641
2565
57
1072
9618
7627
800
8702
7665
6144
1496
9188
9054
188
2512
9413
8847
2935
9131
3566
1449
477
6239
9902
3340
6336
4346
3727
1645
2522
2158
7400
5906
3069
2625
7923
7201
9568
8533
4396
601
