220
3049
1407
5299
329
1281
5498
634
7129
515
2239
2754
1226
1005
2327
840
8290
3802
3048
3381
3478
6416
4779
5074
2916
2926
3713
1330
1691
596
940
6834
991
3848
4394
6768
223
2971
7728
6014
2005
3650
9623
6808
5025
5958
969
1036
2760
2617
1630
7777
5934
6190
7471
6207
5364
5059
3261
869
7468
842
2420
3081
6910
1882
5007
4078
1177
2003
6474
7724
3307
7716
2321
474
5997
6927
4738
7520
2301
2502
8336
6043
263
3042
1400
6865
8820
812
8292
5491
5495
9007
1936
9235
6438
6614
1828
674
1538
5322
5834
7404
6787
476
7636
3427
4464
396
7984
9147
1643
9045
2027
5172
3937
3177
4851
587
7841
4330
5759
4339
7839
1533
1563
7775
9337
6577
6157
2980
2953
5961
7981
1928
4914
3843
2960
952
8850
5883
1082
1384
8229
3387
9585
4266
1650
9755
5699
7040
8317
7111
9445
7479
1445
7917
1966
540
6875
8424
9728
4722
9483
6228
4554
1233
3502
196
7478
9685
2228
828
3296
2756
301
6902
7366
2433
6263
170
2482
9293
2921
4559
6242
6662
5243
2536
5041
9574
764
4613
8789
3915
7249
8707
489
3053
7844
7720
4320
4519
6982
6397
9099
1262
5462
6623
1670
6806
2780
6241
8155
7885
378
4366
3065
7229
6037
9654
5688
5736
9682
1841
7103
930
7093
2853
8801
5706
47
5443
8787
9051
9731
8911
8027
6186
2078
9420
8002
8995
1192
3447
2210
3083
763
6369
6671
7988
727
988
3703
6372
3108
8412
8579
3062
161
5789
6165
9814
4384
2212
8085
8409
9530
2020
9405
478
9754
8496
337
3938
8406
7665
425
1236
9180
9041
3907
5369
4284
5592
2397
9548
7947
131
8393
3912
6767
7701
2371
5881
8721
4204
6998
8456
9311
9038
9464
5271
999
8308
4821
9455
7501
2818
268
3199
6802
4259
1981
6128
3214
3962
4269
470
7235
4302
2146
4441
7864
6445
6757
6498
8262
8698
4742
1851
2577
6496
4772
7054
4166
8156
9392
1685
352
8307
5464
8030
5894
6127
2110
6673
5617
551
1223
7087
6591
4466
5534
6256
556
2626
933
4220
9523
1309
2166
9561
1444
8476
7094
7276
898
5257
1694
2038
722
3594
6469
3730
1884
1907
6449
9146
2430
2487
3045
9481
1098
3825
4012
1781
8418
8908
8371
4693
2073
6143
3198
4535
1740
5945
7188
6351
9270
4974
4331
1876
6589
6667
4153
9760
749
3924
3846
3203
9618
9036
5330
5882
8093
158
9083
267
611
2154
4099
7267
1932
683
6068
9525
6992
3696
6155
4289
7582
7722
486
32
5363
5335
2285
6166
2219
4063
2606
9462
4023
6440
9331
5621
6006
9608
1722
2098
9950
4057
9149
395
4993
206
9000
2421
584
6429
5187
9750
1655
2563
962
5211
3879
287
7994
5907
3542
9665
650
6723
2894
1352
9307
3210
1934
7028
9740
7231
4808
568
1821
9743
2987
1583
7838
8198
354
8638
3538
7554
3235
6883
9552
1831
8818
7896
2454
1156
2010
569
3829
1451
9695
5936
9912
1260
9860
5604
2658
1162
959
1854
9927
836
6214
8316
5310
8106
1711
1006
8689
815
8637
256
103
1369
6852
6421
7810
3692
5871
5314
536
8128
2016
9639
1967
9160
502
7603
4696
2943
6420
1016
3888
3701
236
3453
29
3245
3513
5842
3024
5849
9838
1825
1942
4571
2669
7784
52
1962
8563
2846
2090
7484
1871
3030
4192
3
6375
9867
5668
2283
8076
166
2483
1681
3228
4152
3780
7605
3396
7683
8831
1725
9942
6066
8741
8026
2528
1398
610
1917
8286
1103
595
5418
7462
7951
3913
4416
9653
7544
8824
5815
6176
5345
648
2199
9076
6706
8234
775
7222
9325
2800
8079
7673
4786
4949
8636
7399
3303
2833
1467
9418
6293
9457
2610
1775
5900
13
6187
7480
8432
9763
7440
9305
8952
9093
8784
6562
7352
3759
2111
9889
3637
5595
9810
2935
2300
3139
1463
5020
6412
1337
835
1171
402
7422
4515
1221
6382
4239
9343
4060
2328
7149
5657
6508
4694
5818
9787
2171
449
9449
102
8898
7854
6738
3801
7287
1462
859
3626
2429
1
2276
7175
5631
8955
8964
6898
9448
4492
9957
7508
2404
2522
8594
3880
386
2733
2019
4193
4498
8986
9113
475
7966
4604
9576
4378
2597
5304
3605
3181
7879
6697
2562
4055
2526
4839
6370
5724
8872
7394
2246
8534
2764
7675
6371
5670
2361
1624
1310
7539
1866
1814
8681
6546
4548
2885
853
6298
755
3710
4327
3115
8798
2024
1618
8990
5864
3988
9456
9494
4001
5775
2811
2507
3244
8366
8774
1701
9403
1251
5503
2233
5352
180
3286
827
1558
8078
2174
8280
663
2198
7511
6684
9830
9711
126
5616
4429
520
4008
2612
7108
6461
4614
6301
1801
6018
3087
9063
8265
3339
4306
4297
1892
6283
1778
7375
77
6363
4430
7676
9338
6772
6436
5204
9661
9136
1840
9186
4402
3100
6064
1633
5825
5427
8587
6076
8519
3395
8099
8472
8361
8248
4814
3661
7423
5552
4762
9496
8293
2484
3112
899
2922
9563
6017
3371
938
3301
770
9299
578
238
2261
8669
320
4970
8062
6533
5005
1356
6247
3708
5988
4486
2951
110
5603
3094
4112
778
5154
9943
3178
8775
8918
1556
826
7742
7800
5802
5805
9122
7228
6732
8848
3558
5733
7976
6727
8847
276
9439
3557
392
8785
1326
7252
2499
7257
6940
7326
3254
1436
7677
2631
2644
2970
883
9177
7620
4590
6784
2125
8165
7
1541
7990
5260
3698
9039
3624
4480
7408
5948
6109
8271
9159
876
5510
6437
1922
5522
4422
9458
7661
288
8531
9996
679
9684
3796
8961
2701
7855
6519
5161
2932
413
9362
3591
6049
5103
3402
3464
1635
4089
5635
6590
4674
9518
7442
4392
9895
9194
194
3736
5956
8340
4853
1827
190
5168
2193
6511
8329
1475
2871
1782
5655
1941
2572
2315
111
5081
7300
9094
945
2642
2982
2646
4847
897
2360
7368
4747
9783
6977
9671
4203
1872
8792
2059
1459
1816
4062
7137
1767
3961
7868
4713
2109
1626
4523
4876
5419
8353
5245
2742
6150
6413
4700
9592
1179
7911
8814
2257
8956
3752
7380
7356
2278
9470
3354
5787
2068
8426
2227
5568
622
702
9096
3627
3603
3643
9370
6606
3588
8537
6388
4253
6428
3232
8482
7522
3171
7980
9478
2986
5974
583
484
9881
4054
4768
851
3537
7792
7182
2190
5952
8645
3282
3056
7189
7930
643
8937
85
4476
5302
8950
1105
4241
7110
8978
9117
6884
958
5545
5794
4421
7019
571
1509
4091
5538
160
7142
6343
1458
2165
509
6112
8736
5275
5701
8321
8261
5703
6492
6770
8926
4979
310
2337
7753
6762
4907
2830
3289
7032
3971
5437
1746
1394
9028
4913
8768
9442
7430
8004
6618
7447
2160
2069
2362
7594
6556
5457
1738
157
5598
6602
7089
482
2042
7086
5860
4171
2596
6935
1545
4997
5707
7119
6113
8861
920
6811
317
3733
7163
3150
660
3732
8979
8699
6529
6384
8053
9026
4042
145
3652
1598
1435
4668
5539
8547
4856
532
5623
5572
529
1379
7807
377
6794
5390
264
1099
4344
1800
6779
2747
3737
6296
1757
5145
6747
1343
5471
6181
3691
7986
9394
9980
1275
1582
5215
6652
7809
5236
5711
9509
9972
3831
7359
5014
3116
8980
1577
1145
6527
7982
5344
3700
1995
5796
9696
1081
9091
98
4641
2990
237
6820
4986
917
9052
4343
5673
7459
279
7344
2431
3314
7569
5506
2510
3811
6039
9071
4020
9917
6402
3757
3431
1109
1817
2676
1228
1207
9566
4797
1861
901
5532
8757
6936
7088
1706
965
1818
9904
4857
7022
7704
3385
9369
7327
2286
882
2372
3918
8725
8490
9587
1287
4381
8963
8067
5758
1474
804
4543
9570
9138
2550
4619
5941
1952
2726
5717
182
2478
7791
2288
931
6235
6467
1580
1305
6954
2187
8480
369
9409
6862
6302
579
2275
2979
2203
5039
3607
7310
9558
9780
2736
4981
6465
3121
7199
9298
1234
8646
8549
4822
7457
5336
6471
2782
837
560
973
2543
3943
3772
811
1066
423
1195
9751
604
9066
9819
7934
6814
8063
2854
8635
4689
2374
7801
7708
4271
1867
550
5851
4900
9397
9484
5114
4777
2588
5274
3122
6457
877
8210
1371
1410
6654
2295
9672
7431
7695
3383
4338
5512
46
6584
4874
6307
9992
3642
1313
5845
5591
5185
385
5117
6447
8554
1239
8511
5160
6764
1665
562
9034
2553
8405
681
9832
5968
3697
846
3134
970
3906
8507
1189
5878
4423
1661
626
2394
4921
5527
2643
6871
5575
1702
5087
5555
3246
1363
7128
6670
2151
6540
2323
5362
4666
3528
1926
8866
1642
8864
3117
3709
6245
2999
5371
4660
100
4908
8215
6797
2214
73
3515
3386
1241
3578
3529
1779
5852
1905
9097
3358
4121
7437
4629
4709
4290
2682
8624
9148
7949
5973
7696
1796
5028
5439
7943
1079
1060
1823
1755
2247
5084
7407
5173
3525
2841
333
1527
2013
8829
3167
699
4925
2112
1787
9141
8387
6692
5516
2095
6170
6543
3894
7272
2529
5423
9540
639
9210
8522
2206
3775
937
2647
6239
1899
4923
1372
6534
9932
8050
5388
6741
3106
5292
9450
2634
4407
60
3066
5293
4903
7065
2934
1862
5638
9726
9226
7510
6177
2297
4148
6907
4017
6660
4342
4159
9637
2664
3554
3138
1419
3683
3872
2378
4053
8750
4276
5127
9114
6362
1007
6104
2929
5035
8268
8333
6248
3032
7386
555
7465
7127
8811
7897
2732
6748
8762
8075
7024
8013
6160
3484
8684
6338
7992
370
8228
4377
4731
4980
2900
519
6864
2807
5666
432
8224
8276
6518
2170
8965
5309
5329
7502
5036
1183
2205
479
7550
8879
4146
5480
9425
2410
2785
6986
8903
1621
4886
1284
7985
5965
8449
5709
3335
6158
7779
1737
8158
6102
7165
9768
5612
7506
9249
2000
3349
1339
5663
4258
1479
875
1440
201
6523
3547
4718
7825
2659
3336
9515
2547
632
628
5342
5634
4313
7781
2158
9246
9782
5477
8518
6682
7965
3816
7674
6057
9170
936
1320
5449
3954
4009
2801
805
7241
1688
1495
8999
3751
6578
4201
3302
2819
9564
2848
6394
7463
3186
5422
8188
9419
5451
4776
630
4783
2291
8332
1835
4107
6482
3469
7931
4045
2901
8611
8162
7713
2867
426
2595
718
9095
6028
3473
3953
2184
5429
3038
9948
9641
3400
2041
6192
5739
8
4469
9952
3822
7130
3085
9009
9271
7900
6868
7811
5847
9499
7333
1140
4493
8520
8575
858
7444
720
1292
7339
3809
1945
83
884
5652
150
3438
9399
3512
9835
4262
2717
4637
8658
5202
7160
7902
866
41
2082
6522
3839
4638
9360
2944
6488
3060
3399
4539
7662
3524
7011
2829
6838
1113
1813
9459
172
5147
6608
1581
2640
6812
9918
7940
8512
6880
9203
9583
9078
7263
9646
3029
1985
2875
2402
1019
485
1729
6624
6386
810
5804
1165
1697
341
2753
4652
2281
4795
7277
9050
1367
1935
9061
3509
6139
1423
4286
2558
1576
8692
7330
1820
7998
9923
4995
3623
4067
5357
1187
3188
857
2576
558
5732
3875
2930
8400
3330
104
6553
4149
9617
6042
5829
1243
2452
1277
4531
879
136
4928
4369
7734
6946
9869
5585
155
3251
4272
7206
473
62
495
4409
4819
1487
9118
9857
2403
6845
8488
9906
2369
6625
4816
2826
789
2498
8685
1033
8060
4664
892
2823
3405
6548
6631
7831
9015
8082
4992
4608
3611
4414
7685
4424
8953
2636
4676
9725
8140
9707
2665
332
1094
3389
8016
5590
5325
4182
4226
4657
4371
3617
2243
9785
2076
4427
838
4507
5841
8753
2537
2690
1196
8420
9545
415
9896
8618
1089
3491
3659
9401
8269
3982
5919
4644
2130
6951
7572
9990
1990
3890
2250
9956
1536
7236
4939
8714
8241
447
3026
4901
5622
232
9865
9936
5502
9173
3266
405
565
6819
8121
188
1589
6229
7114
6135
3712
3997
1853
6807
2734
9925
9121
7915
1500
2600
8642
4283
2731
5228
7656
3309
8939
4120
9025
6327
9537
8457
5714
1049
6409
5308
5393
1848
316
6854
6786
4011
5828
5377
1971
6339
1492
3443
2222
3142
1267
75
2995
5398
2548
2879
4858
2305
7699
327
2335
3568
7540
6317
2399
3403
8475
5159
2906
5431
5618
4751
2827
6305
6774
2940
6073
8836
3173
7481
4916
4897
3810
8285
3695
3275
9164
5163
4215
1201
3163
4451
9314
2116
735
6996
8094
1957
2141
8493
15
6021
373
4707
4715
5742
7284
1579
213
187
5475
8782
2253
1611
2651
3964
262
8862
7010
2240
9421
3688
1218
7840
1152
9544
1530
8300
3471
4724
4919
6776
6947
5076
9398
743
6114
4697
7711
2338
6969
4651
7962
9554
8378
9886
1213
582
3673
6385
3262
6443
9062
8114
9137
3974
8485
1797
2958
8012
7424
9347
6136
8095
7574
8754
5157
6232
9229
7972
114
5784
4399
6709
1232
1913
4863
747
3179
2804
7432
9543
7045
7926
2799
2884
5029
7533
6326
9415
5386
9486
493
645
167
2161
2139
6213
259
766
1565
1478
7154
8136
1416
6565
9172
8454
1470
7080
4592
4909
850
719
2954
227
1110
8042
9111
4097
1256
7053
1897
2202
8525
2363
5593
6733
4488
6266
5408
3940
4611
3925
1063
8203
5582
9898
9426
7899
5541
8460
3647
9991
8932
8124
9080
691
3319
1498
1134
464
9006
8887
1780
2865
4618
6906
3375
7534
9648
3908
4021
6280
7266
8589
7830
9669
5300
1070
5916
1930
4211
5515
121
6184
2345
4784
2578
9502
57
6399
4221
8256
8326
5197
389
8035
3804
7350
7870
3308
8888
2022
5752
5072
5143
6123
1040
8840
791
5783
4454
7707
721
1991
5806
146
8091
5338
3859
4823
3132
9209
6159
2633
208
2915
4439
4881
3215
240
4373
2715
5553
4274
9839
4818
6297
1756
7262
698
5001
8273
7360
9465
2367
894
7903
9512
1469
463
5246
5182
7833
8166
8682
3374
1185
1283
6643
6485
5155
534
2046
1850
2256
1734
7975
1794
5234
9516
5181
3773
294
3788
8036
5843
1276
6491
8776
8630
8501
2444
597
6036
9591
5768
2517
5624
5574
6051
3331
1442
1092
4599
9668
1534
4870
1018
5426
8913
6835
8495
6306
5898
7084
6997
996
4200
2302
1278
5280
8446
2795
1335
7736
5677
457
6077
820
1554
2508
2663
8943
9773
7174
2574
5051
5452
9004
989
4787
5746
5901
9720
2602
9649
7526
7016
4617
9468
1402
5139
4050
189
4014
8347
5399
3328
6509
5048
1399
7155
318
2017
9302
2439
3152
6636
8242
7453
5289
5183
4386
5659
3072
9175
581
3277
5061
8104
9612
2463
8189
3243
9056
3967
6913
3965
2070
9451
179
5421
4669
7467
9848
2650
8724
4270
9833
8764
3852
7823
1486
647
5287
31
3144
1634
2994
4518
8363
3615
2888
684
4955
2860
7532
2589
5283
3145
3312
1477
4511
7908
8825
9677
8464
1034
7515
9290
5999
9488
5528
4352
867
7871
6359
6227
3635
4873
8005
5485
97
212
6116
7681
9715
2961
777
379
1852
9260
1521
9797
3663
3685
139
7302
5484
1908
3741
133
7993
9883
5250
8435
1923
2523
1206
2057
891
3496
250
3679
4202
7890
4324
7124
2293
3794
8478
8120
2056
6431
6193
5217
9829
6866
5140
1430
1214
1202
38
7541
8922
4100
218
2385
599
4570
1030
4730
9309
3595
5674
3608
8313
4252
880
5238
6661
1822
6345
8901
5710
9261
954
9843
5034
59
5397
3824
7486
6054
2319
9926
8458
4461
7336
1587
2437
9976
6450
5906
1088
292
6933
1671
7933
5762
3847
9762
1812
356
2695
1412
4781
2029
3682
4278
5351
6742
2988
3577
5288
1768
3382
1765
4675
8886
4428
6799
3970
295
5096
968
1334
2307
4702
4308
3897
3960
4547
3599
1965
1516
3291
696
1562
670
9438
4395
8919
6792
4628
5062
7068
8605
7626
2074
5583
2559
3533
907
5960
5690
2063
547
9827
2746
8377
9188
1522
7904
5339
1728
5179
4056
6690
6223
3660
5222
6739
3170
9790
9602
4549
9090
9493
7564
4752
2531
2752
5656
8471
7376
1456
5507
7647
3640
8742
4181
4852
6597
7439
387
210
9214
4098
6700
4899
4263
2048
5447
5856
1286
1306
8949
1296
9824
911
9217
8178
3169
4682
606
6045
7487
4337
5474
9477
8871
9903
5928
9382
1211
56
7245
2721
424
3891
6678
8984
6451
1632
5831
8323
6677
2762
1870
8221
3981
3241
5554
4101
6300
2653
9536
2186
323
6407
8201
5579
8402
16
9705
442
4448
4803
40
3814
1795
7004
4452
4503
6593
6567
2530
5459
6896
8720
4175
8573
3373
7190
3947
3505
8813
364
1072
527
7881
7389
5066
2196
2835
399
461
9995
1097
9692
3168
5004
8843
963
7237
620
618
1067
3495
3324
7872
9505
2952
2890
6292
5424
949
7317
4163
4595
214
1617
6086
4855
5508
7573
7354
3734
3070
3580
2778
5093
4250
2380
9989
9212
2376
3310
5073
8394
3080
4625
9710
1378
4643
414
5290
918
8375
5445
609
64
2144
9381
2899
5021
1588
1594
3755
7694
7396
6024
4686
3490
7805
8240
383
8641
3406
3320
4393
26
2699
8857
5993
9764
7320
3532
2837
9306
7790
5488
7767
5379
6195
4889
3994
5953
3041
3706
5448
8777
3622
8469
5141
5725
4188
1973
1312
676
3917
130
5626
1607
8260
9126
65
4917
4948
7191
8590
8729
6823
4633
8249
9174
4028
2781
8535
4154
3494
6265
458
6452
2296
6329
8800
9841
6926
4134
8097
1865
9207
7307
4522
2997
1491
381
1586
1548
944
9143
1448
4990
8492
4280
5712
2842
6446
1929
2159
6952
672
193
6901
3165
5111
5664
3729
3126
2145
531
168
3993
4849
8272
5820
1710
9291
9115
6832
6082
6299
3609
4936
5177
2470
9150
4850
3390
1608
6681
72
658
1473
2408
6041
6711
8386
2942
5765
6536
8442
1954
9662
6863
6000
7006
4754
5132
788
4888
6025
712
6441
1153
4658
6537
132
2377
9855
2447
1672
3174
9911
5987
1914
4496
4301
2711
6194
689
1056
5596
4236
8873
9446
4080
8498
9781
9589
443
3770
951
3425
2238
9607
5514
7383
8770
8295
7099
6289
7370
633
3086
6091
3474
665
4996
4826
9876
2542
4837
4684
1640
8235
2870
8713
8251
832
1745
4222
244
3175
6632
2973
2359
2505
8527
9219
8368
9974
7938
1976
9474
1401
2590
8664
4158
43
4576
3992
1080
6731
8613
3556
4945
3334
701
9737
3367
8691
5483
7260
6071
3876
9243
8703
5011
5966
8555
6089
1754
7793
662
2207
3610
5890
3268
4951
2763
4782
1901
4799
1293
2163
35
5391
8927
1317
5461
1390
4514
9722
2933
5972
6282
9770
54
6828
2765
5686
4905
1606
4467
7118
4805
7611
1939
3407
1880
4396
5500
4024
141
3258
7456
5000
4349
8972
5023
9854
7623
7436
7490
9453
9315
8993
2272
2609
4291
6929
309
5767
2448
8921
5022
1776
5003
9953
9142
9597
304
6486
5264
4723
346
3037
5002
4865
351
9356
2025
6196
814
7234
7448
7131
6117
6892
6120
6641
7599
5016
4379
4145
5213
9228
2049
765
5057
7450
3705
1321
2803
6703
3583
4479
6680
9393
9893
9387
4254
3651
2685
2312
1273
8214
4605
7692
841
7070
1625
247
567
9802
686
7715
3488
2349
4737
3989
7012
4412
178
5719
9167
6971
852
260
3550
3017
5647
748
6515
2162
3099
261
2783
1374
1282
1975
6649
5561
6960
771
6818
2509
4090
7732
1035
1050
3410
6358
6800
1979
3104
5265
2486
3631
2648
4902
3942
9633
7782
4883
9386
1325
9836
9155
5128
3475
7875
7071
4843
4844
8696
7882
7948
9823
6974
4502
1881
335
4061
163
2594
5892
7283
4879
7428
4436
21
9900
3526
8756
1393
6047
6335
7147
5642
9339
3187
0
7969
4287
7203
9902
118
63
9473
9507
6278
746
3219
6216
3629
5556
4133
8212
5015
7420
9621
7388
3926
6046
8807
5880
149
6111
7759
174
4389
3510
7552
3006
2977
9559
2727
7007
9842
3826
7282
9441
7244
4541
7365
1032
1784
2975
4007
8996
9681
7817
3009
9815
1677
2866
1683
1084
506
3356
1178
4094
9747
5548
9568
3207
1944
2330
6646
6095
7169
7808
3721
5649
2587
6003
8532
7634
1455
6331
53
6346
8837
7553
1380
2561
3531
6798
6831
283
1065
4038
2032
4877
8086
1389
6423
9201
363
2532
5570
9195
4720
4706
8025
1123
8430
7451
4771
3905
9910
9601
1175
8413
5807
8303
3842
7979
6616
4988
6714
9281
6557
8845
2067
6745
726
66
7150
3977
3665
95
4667
6547
1004
7274
8716
2545
5715
7278
5165
8540
8298
9704
9701
9647
176
6396
1376
8233
3923
6600
5018
9204
5341
1963
1925
9296
5223
4745
8487
7712
7292
7193
9491
8151
2008
2477
8125
418
7978
2348
9697
9485
8263
1020
7120
456
1076
9334
7906
4640
1047
4578
1974
4809
7023
7073
2223
2262
5258
4520
4473
5108
1037
6780
2722
1348
8560
2230
2706
878
741
7460
5933
3672
9901
284
4558
5286
6909
2379
4453
2554
8101
7558
7750
6679
1182
2614
135
6276
5792
5465
5492
6642
1359
435
74
5903
3204
1676
6250
2320
6494
5350
5669
8791
8283
6717
5722
2805
3332
1370
9326
2877
7815
9482
7411
6481
419
4579
6691
6713
3916
3959
9185
6081
2672
2119
6708
8288
2409
6005
1161
7893
6325
2707
3548
2179
6881
3019
7446
8981
4868
6048
266
3064
8737
813
1450
7869
9619
5009
2418
7853
3560
2950
9475
6859
6888
2750
4497
9553
7361
5576
7176
8856
6011
7560
7051
3738
3656
4052
2047
4157
4415
3105
6621
2428
752
5982
144
3166
4991
1520
7523
171
8523
4848
1789
8506
7956
1938
2147
6023
6387
6260
4044
1805
8176
5884
9663
6781
6822
768
4840
8223
4485
5676
909
5089
2962
4952
644
5543
6309
6427
6538
4419
2234
9915
6895
5645
9738
2461
1564
9962
2586
2277
5844
8453
8954
7270
5731
6257
7503
3255
9435
25
7922
6238
3460
4450
5069
713
1523
5874
9888
5137
6857
3057
9412
5998
2868
9970
5862
1434
4176
7813
4681
2687
1336
5227
7042
6630
986
3949
3871
3497
6288
8895
19
2175
6218
7015
1753
8796
8601
6585
9687
285
8117
8359
7751
5691
2201
7041
504
5129
3252
6107
9510
7617
9489
4231
6956
3107
7812
7335
4602
33
8358
9887
7250
3776
4831
910
7847
575
2876
6545
3587
1613
7769
5629
1679
7794
8976
1542
685
8174
8186
3900
2039
9640
4698
4397
5721
8171
8914
3763
915
8536
1553
6290
4279
6473
3638
7037
8558
1184
6285
6945
7258
7946
3833
1059
4483
3613
8503
706
5376
7401
8484
1718
3935
5006
5888
2863
8585
528
78
605
9055
6796
2856
7223
5032
2560
3233
4813
8797
9313
6657
416
8059
2200
9871
2618
4807
8767
6804
1567
8925
3671
1512
9657
6966
3522
8243
8747
4346
3877
1519
2512
5773
1560
3803
4216
8659
8745
5947
5030
4690
3684
4601
7378
4938
2136
7614
8392
6277
265
5043
4585
2903
646
3461
7303
8157
2955
5885
1055
6726
9087
4363
5599
3141
5720
6942
5196
9312
5254
3731
3551
7576
4829
577
2725
4465
88
7535
1674
9594
3444
2873
9432
8073
585
1253
6867
544
4387
9075
5466
3863
7221
4189
7717
7072
4983
7322
7374
759
4825
5535
1703
5323
9363
1875
3408
7538
7606
1653
4328
1911
9225
908
9086
185
7829
7495
3013
3071
8621
7637
4230
4506
2621
2040
9913
9250
2106
2346
3664
3519
8597
1610
7135
1680
6908
4600
4760
7343
3735
5560
6963
4632
9431
6575
732
326
2341
4401
84
9396
2570
6905
7435
2681
459
4257
460
4432
566
477
4172
9033
9154
6019
5751
9105
4184
9072
8003
9806
9495
7157
4155
6503
7960
2538
2948
2838
7323
9461
106
3164
1269
3714
6568
8957
3572
2273
2703
1043
6601
1984
69
8881
7409
4798
1011
8633
3063
4828
6836
4505
9534
6778
3154
4594
7497
6716
5278
3297
2792
7264
7963
6686
3764
9935
5019
5133
3090
5832
1142
5097
6279
4568
1484
1803
9178
1752
9140
6348
4954
2645
9023
2356
2401
5839
7590
9181
4109
7964
4141
6849
8296
7301
4431
1887
3348
6855
3176
1280
2081
5909
8299
1864
7395
245
8974
7766
197
635
8278
2419
7832
2891
1615
6058
1381
3125
3055
9853
3985
3838
1969
1433
5499
9460
7329
548
2904
5964
2298
9129
5672
3113
8897
9452
5971
5546
6
7602
3899
2
6050
9874
8910
6930
1014
3073
3067
5218
5917
8899
3352
8812
2882
7201
2628
9112
3564
5870
6629
5837
7273
7856
5816
5685
6931
8041
4309
7516
9253
1992
4551
2697
8912
8722
7679
7046
8267
8390
9567
3827
8437
7513
1810
5425
4788
3346
137
7531
2539
5282
9165
2083
3143
7081
1791
27
7658
7097
2913
4462
1927
1749
7967
1315
2037
5123
6141
8246
7650
6434
4659
7789
2087
5233
96
8100
4447
3342
6418
9191
1345
3955
2204
9732
3569
5404
2945
9579
3921
9555
4920
6957
9517
5760
2527
371
1647
6719
4418
1595
7945
7392
4013
2460
9035
8874
8364
2392
7646
1237
7372
1824
729
5294
1645
2912
4455
1658
5755
9954
896
8987
3449
9863
8238
1150
9745
1764
8687
9595
9001
1834
1482
7953
2325
404
3439
9205
4150
5315
8479
9047
4517
79
297
9237
7115
6934
7950
4494
3620
8889
8809
1883
2289
6459
8138
1596
5876
7002
9303
9222
9275
5954
4802
4217
1570
9880
5935
5400
8841
750
2004
1662
707
9353
4048
9799
5678
619
2629
864
2432
6507
5115
8683
2847
9318
1252
4195
3818
2280
2156
6887
2474
9872
5980
5367
2813
9021
8826
7635
7421
4544
3088
7527
2308
4642
5639
8192
1327
7107
6842
9348
4410
3922
1730
3566
5931
5705
977
8644
7822
239
230
3563
9428
530
4893
8553
7337
8045
7125
8944
312
3158
231
9327
1106
4791
5671
5380
1186
3555
9629
888
6891
5747
5822
728
5454
3781
8232
1891
3614
2466
7584
2925
1205
2242
3936
772
1086
957
127
9877
5872
8200
8515
1163
9266
847
2306
8088
3220
4725
9882
731
2129
906
8769
9774
2843
800
1849
9586
9703
9276
5660
8092
7895
4647
2014
3059
6653
7999
6212
7657
4929
4087
1481
5857
7090
1255
6953
3380
5420
37
5564
6900
694
2131
1537
3727
4304
336
8376
7585
3544
7052
7209
6580
9999
3209
4093
2836
2660
9667
512
1508
6175
5120
6099
5208
6233
6312
7568
1949
1636
4627
1411
7735
7412
4750
3910
5827
2347
8305
1721
1333
4964
2294
7226
5990
7612
3762
6009
4904
7597
9031
912
9168
6722
1531
7305
1709
2406
5868
7919
4588
2936
9798
5704
8948
3590
5058
668
3973
6125
7639
2622
3288
5184
8123
6313
7610
9733
3273
6712
2415
2691
9818
8325
8758
1427
4678
9979
4842
8407
5627
9982
9864
7477
1023
8208
2274
6569
4046
1663
222
5033
4235
4824
5979
602
2883
546
5875
4735
4766
9407
5683
4978
690
3225
5150
9151
9734
8570
5430
2793
5824
5356
8477
4510
3805
403
1903
2183
9352
524
496
3074
4545
437
2357
117
795
7008
3884
6161
7737
1225
5334
4173
494
9153
5886
5470
7113
9804
2810
1057
291
4434
3419
8676
3265
5188
1144
3492
1770
7353
49
6524
6147
6795
881
2704
2637
4390
714
922
3966
8991
8743
4859
5738
9216
9184
5830
9102
3968
342
270
8302
5224
3482
9220
9265
9263
3819
6765
2062
3855
5863
7166
6015
1119
6626
8135
3539
9161
975
3230
6357
9778
7710
3313
7955
2814
7996
1166
4065
4190
914
7609
412
1375
3636
2709
355
4692
7454
895
4926
6129
4501
1931
9074
3919
4561
4654
1148
9988
8830
4329
6366
5370
1507
6401
9690
8103
5577
1265
1569
2169
2490
4655
7748
1747
8941
5169
9584
1073
5065
8069
2064
8147
4187
8179
8022
1980
3027
7418
5493
8339
5625
4212
7265
7156
4165
553
5261
7298
6070
8900
9029
1807
2552
427
3456
9588
3639
2696
1138
5295
6829
5848
4910
576
4677
7239
4229
4597
4247
2251
3584
3586
4077
2333
2790
7351
5586
4565
629
5716
1902
101
8634
9089
8163
5520
8958
7845
7852
6038
2033
1623
1568
365
9162
6124
3127
7347
2089
3426
1413
8023
2605
5542
6072
3840
8988
1960
9714
1295
1602
2072
1837
2450
7208
4167
2593
4711
6206
1449
8528
8596
3189
8337
3052
8312
5661
2515
803
5962
900
4882
9422
4587
51
5756
7271
375
2911
1101
3279
4085
4861
769
8282
4102
9372
9873
8365
8561
5780
9317
7183
742
5986
5774
6340
1303
328
6512
3760
9851
1859
5923
7824
4406
2107
7187
9157
7342
1489
3854
5607
9498
7393
6270
8328
9656
3677
7363
6763
5695
3987
1188
3437
9868
1437
258
5269
6480
4442
2525
2966
497
3553
7179
9183
4661
6310
2820
1497
8404
1689
2458
4966
9578
8817
6411
5682
8935
8190
165
5741
7192
9354
9624
4572
4108
6595
6949
315
5811
8306
5511
2730
4968
7379
4875
2520
2844
5487
3128
1758
4030
4562
7571
9294
1261
8598
9467
2084
3914
3191
4927
7878
2375
5761
9593
4305
7255
9476
8083
5899
6639
8942
7894
2855
9027
9408
1180
7672
5476
998
2339
2757
8835
535
9241
5610
7259
9651
3619
4321
3930
1323
2673
6435
5221
1404
7269
7859
1349
4717
1970
6211
4504
7977
8884
5658
3878
8309
9644
995
3711
6874
9538
6943
3008
3205
6514
5056
5171
5970
6096
1937
9002
4246
8068
3719
2220
1457
9501
1168
6333
1143
2772
2886
7357
2834
6332
2103
6619
5091
8578
9849
3687
5866
9283
134
9322
3441
6970
2235
3190
4081
380
6544
1391
6007
730
5969
1126
5017
200
6391
4567
3946
4934
2767
4963
2791
4468
8608
758
9127
4036
4047
6830
613
6398
2387
4872
6004
2719
5251
9765
3260
1578
8849
4804
3862
7684
2414
9044
1039
5519
570
6146
2598
794
8226
537
343
2896
3156
9139
7311
9447
6579
4275
598
976
9471
1387
1557
4744
9946
5417
1874
5313
4110
5764
5193
7387
6268
8819
5865
1222
221
6138
9981
7719
8126
1332
7698
2503
1453
5808
5164
1739
5644
1121
5533
533
8422
5031
3896
8247
5110
8010
2028
8040
7009
1197
8793
7774
5908
955
9575
9324
3790
3412
2480
3194
709
9620
8582
9068
3211
9984
4282
3807
1839
8346
2266
8334
9378
3283
1912
3216
802
7414
982
6483
3436
3124
7773
5284
7884
119
3226
9373
1660
1038
817
1167
4472
6980
9251
4281
4425
3004
5203
981
5373
9511
8617
4912
3707
2292
601
344
549
9024
4243
1609
6472
9730
1354
9660
5307
5770
9556
6221
2852
8973
6730
7697
5201
4449
42
5113
4426
659
4508
3493
1639
8992
6791
9410
302
3939
2417
9582
7627
462
1173
8702
8372
7061
6793
8970
7058
1231
3785
4142
6144
5441
1724
7555
7139
4002
2857
7935
3077
6284
3722
4311
3581
3546
7664
9866
5249
6769
7577
6815
8930
8434
498
7821
1826
4026
3718
3184
2121
2611
919
8877
7281
2386
8544
4227
67
675
2698
2798
3849
941
5311
9627
3298
9532
1392
1426
5046
2743
5037
6029
1464
3702
9503
6573
9739
357
7596
6851
3976
4043
1838
5378
8385
3321
9542
4070
4084
2773
6374
1815
5927
8470
1950
4695
6173
5267
2534
7785
6663
4841
1127
7321
8345
4564
8920
5944
8868
7848
3998
1895
3931
7489
8202
5877
6154
539
1526
6950
564
6013
1093
1561
6704
2249
1513
9521
4862
2411
7064
6525
9983
4490
7036
1263
1147
4213
8673
7143
8244
4891
6588
9340
978
7814
4836
3044
6203
9847
6168
4898
4164
7723
5836
5412
3956
5921
430
4340
2358
8381
1344
6320
154
4961
9569
2831
9939
3715
2023
152
2416
4830
2816
9643
4210
3904
6824
1517
5478
9514
4383
5902
7402
8524
372
5144
2671
7836
9120
2700
616
2172
8966
5879
1382
638
1324
2255
6022
5355
6725
3601
1844
2880
5537
6065
3054
5946
9749
641
8033
1085
6275
6689
9264
9224
4940
8541
9937
1133
6635
3238
4238
753
8623
5795
2686
9239
8779
3394
5938
3458
5869
5559
1628
3344
5156
1572
1766
5306
7761
8401
1804
8663
5232
107
2839
1863
4016
1240
9590
3076
8048
4956
8000
3234
8222
9909
2851
6539
4079
9417
3361
8969
7921
9030
7867
1886
4796
7621
8408
6959
1425
3433
1616
9319
9520
5637
3681
2546
2675
6904
6893
1078
9218
979
4516
7294
9844
2775
8440
3435
3028
4683
3337
4977
8445
1994
6856
322
7406
5942
6303
6079
12
3316
1010
4491
8600
5263
7567
5440
6400
129
5122
7491
1112
7937
1879
3861
5790
234
9258
9546
4869
9776
799
4596
5922
5793
6365
345
9073
8945
5976
5320
469
1806
3771
4935
9190
1024
293
2390
361
2983
3621
2384
2055
7913
9816
9100
655
5726
4953
1164
9978
8169
280
4609
48
3795
9463
7595
9716
4316
2656
8491
3397
2549
5469
7835
92
7315
1130
138
4368
3420
7758
2981
9891
3933
1603
281
3575
6634
8516
4367
9341
557
4701
6334
1547
3689
1368
9130
9057
7334
1700
2845
2889
1219
6475
8380
5248
1246
269
1585
6801
5930
5744
2947
5383
8383
6504
2459
1408
3467
4487
3046
5366
209
1593
2692
274
4408
4168
5615
7509
9236
20
5797
9385
7173
1421
9632
6393
246
8425
6605
3535
6231
5105
124
5675
4524
831
5230
2788
5346
2607
6685
2426
5262
9752
6989
1515
8294
8717
6319
8719
8379
6843
2739
1062
4348
2309
8588
3293
9531
9158
6152
1386
9885
7212
3355
1910
1868
2491
9107
2400
6699
8833
3276
2557
7542
9784
8606
9390
4665
2167
5365
5384
6975
5985
4180
3606
861
1727
5609
6032
3798
1108
8486
3338
3573
3448
34
99
4310
3641
5692
588
7288
2708
254
5991
7204
8662
8441
7898
9345
8037
8219
2667
9811
4223
6924
8859
6178
9817
2513
6521
8816
2011
1951
8865
8341
8828
3941
7787
2453
9269
3486
5186
2985
3600
9614
5102
8225
4156
2237
3986
1504
3256
2939
1302
1443
947
8144
1773
904
6205
5611
4376
7631
8915
5146
872
8649
446
9300
9125
4126
4353
4937
5536
4391
9037
7923
5889
8671
8115
518
1748
6877
4509
7925
7198
1842
773
2661
1788
7059
2317
9635
5530
3694
8804
2153
2579
3948
1297
4074
8428
9712
1982
1308
7104
9268
1409
8047
2768
6647
1549
4273
4033
2496
6669
7427
6106
5395
9221
6644
4318
5650
8539
2969
2794
7014
1590
2488
9533
8648
8802
8105
5241
7798
1432
8410
3777
7043
8054
2021
7055
1364
7680
5297
7039
4006
3723
4962
140
1017
6666
6425
7158
6783
8367
5107
9524
8415
1003
9084
2209
6566
4639
4528
2569
4680
9562
9383
9921
1107
8184
6658
2381
2224
7565
8357
9492
3278
9285
4631
4860
5846
8065
9551
7593
657
5526
4556
466
7253
4753
3270
4076
1684
9719
9626
7325
7600
7517
8084
4374
4525
2481
7671
8510
8237
1132
1717
3466
5772
5735
4607
7927
1383
5158
5255
7168
5525
5012
6222
2282
932
1299
4218
6220
5778
5679
1248
3068
2815
4513
3333
8615
257
8640
4123
4603
767
255
217
6433
3477
3963
3119
2777
7802
3047
6012
1735
1480
7005
7918
8150
8821
5401
1174
7889
3290
3766
793
4358
4232
3582
5324
2679
6775
9908
1641
5937
5209
4944
7077
5600
2787
7714
2009
9336
3051
2817
1659
3236
3545
9199
3950
6052
4959
1242
2364
4606
1483
950
7886
2427
1539
8867
4010
1362
444
4265
3559
8255
7331
2097
5024
6532
8011
3768
9741
2583
7788
2749
9092
7643
91
2808
5838
4277
725
6101
6773
7205
7525
1215
6628
1518
5361
2649
1906
7655
8709
9213
4198
9277
4170
1358
9971
331
3984
3836
6921
1424
3565
2541
7364
86
7116
1900
3895
7944
7256
7689
4072
273
7275
5813
5026
1485
2260
8509
5225
6903
2476
2436
3159
1230
9611
7738
6145
6693
9676
2789
6513
5801
3503
4999
408
8940
6941
6131
5468
5800
2342
9414
1279
9166
7464
7910
2581
5633
1858
1544
8749
1342
8542
4334
3841
7581
654
2044
9560
2639
1896
4138
9746
4345
6094
7726
7293
8880
2666
6062
8468
6030
1244
8748
2564
2978
8055
8032
4314
2964
1855
4206
8679
3902
4267
2313
6328
6392
1989
8781
7136
5387
5100
8832
7441
9634
2104
2405
440
2143
3417
3369
9793
9013
1833
8665
7651
3754
7013
1535
625
1792
2299
9930
7756
1090
6318
4096
2168
8667
2613
5587
2002
8107
1054
1637
3808
2148
8315
705
4197
8853
929
5178
3114
9742
7873
4137
5054
3221
8794
9232
1736
4256
5702
7348
964
6915
695
990
8209
3789
7883
7547
5821
9727
1311
8839
4740
4351
8543
8257
5044
10
7970
2625
3329
3422
543
9487
6844
8481
9852
3745
6430
7865
2176
7079
4967
2702
902
2627
974
8892
9342
2738
9973
3742
868
737
1351
6672
3362
6788
6373
4459
9735
8656
4871
8875
924
6364
5109
6499
7733
1250
1493
1488
8620
7385
8129
4071
554
9541
2244
2424
9106
9279
4854
3148
36
2252
7025
68
4716
8205
7482
3593
1678
716
6462
6414
8403
407
6615
3326
7989
7997
9010
3294
2677
7472
9813
7754
2465
4530
8230
4598
7645
9289
7220
7254
6707
4691
1238
9230
9022
4370
7556
1249
5949
4732
2630
6389
9108
4307
983
1664
9131
6417
7470
4240
5434
5303
9944
2086
7580
8252
1761
9240
6439
2759
1604
2858
367
9280
5571
5489
987
6185
3416
4704
3562
8301
4177
6035
5911
9985
5619
7592
5060
8109
4546
5643
9605
1454
8181
3325
9977
5099
225
2907
9598
7876
8947
7096
4896
5995
7362
8726
2007
7958
2599
233
6675
4066
8254
9674
4727
441
1159
5444
5253
1955
756
175
2608
4538
2641
3589
8842
1977
219
2974
2398
3739
2117
7566
6180
4646
3570
4960
6356
7214
9769
9812
6694
9713
308
7324
8108
2761
4437
5913
2678
7122
2113
1128
9828
2751
2092
3264
5375
3675
4911
5086
3720
2254
434
7091
4950
1723
2514
5785
2887
4323
4495
9011
8738
7874
4444
7172
6323
5229
1068
3272
433
8626
6336
1209
2442
4040
5135
3450
4205
2101
2441
2354
8077
7718
3934
667
198
6816
1029
5589
1366
1064
711
3717
2998
4082
7995
514
2684
4542
115
4765
5268
1210
1397
653
8320
1786
8574
1978
7648
3248
2085
202
5125
8450
7001
5929
4355
8118
8577
7860
6002
5779
4537
4650
6734
9688
3521
3944
3850
488
5414
9098
71
1993
4073
8628
1268
6189
4982
2632
4987
7654
7018
1987
6415
4714
2188
5460
843
740
5486
7795
8631
7218
8074
6355
781
561
490
3749
4245
8382
8678
3035
7138
5950
7381
3511
8474
6484
4064
3799
703
1614
7227
7901
2236
4317
6080
8907
2368
7117
4413
8576
2895
5524
5481
656
8906
4075
2120
3995
7185
9964
8730
4356
3364
6108
6596
5358
6134
2100
1885
9466
8632
1510
7579
6380
682
2766
401
3415
5190
2670
1051
636
18
5463
8416
5482
7667
6696
5983
2501
7419
9351
3183
8443
4139
3686
9059
7461
5296
3853
7678
7242
5763
8451
8351
5131
3911
762
9845
9907
7563
1986
2919
2123
3368
8194
6676
1077
9198
3844
3821
1605
7056
1959
8330
6760
3033
8414
552
9248
6758
6805
971
105
637
397
3135
7776
2314
2956
5850
286
733
9625
4458
487
4132
3744
1227
6611
45
8009
5776
2449
2918
7799
384
7196
2832
4380
2093
3784
9079
1940
787
6594
8838
2096
9344
5389
249
4557
9729
9850
5646
7207
2258
6633
3418
2533
5505
491
4922
9951
9834
6912
1258
1597
8651
2713
3393
834
4178
501
6067
4264
6964
7038
3889
1532
4420
792
5247
4892
985
7519
5244
8695
7367
7416
9359
4116
5170
7233
3724
6376
215
6183
1490
3162
7341
5694
1790
5897
4004
592
593
1686
8773
2758
3379
8373
7474
5063
6287
563
6985
6850
4295
9744
7578
6258
9295
2737
4984
4095
9933
3598
4685
9527
2492
4775
3146
2624
3061
1668
5951
4037
8744
6479
7429
7225
8467
2034
6164
2051
3574
271
5239
2655
6962
1771
6084
282
7687
744
1744
4687
2635
3748
9636
1294
5601
3830
4789
3201
7105
9809
226
9128
7780
6872
6500
2809
1181
1798
7877
4887
5153
3786
5494
9622
6665
8287
9124
6031
8180
7020
5027
6137
6311
5231
7912
5198
8883
9437
1122
8514
3740
1591
2140
710
3978
299
5867
6215
4405
2585
87
122
9132
4199
1124
5540
7029
8066
4560
5563
6701
1104
8530
6648
9169
4846
6083
8557
5070
2287
3758
6687
513
6272
9215
1673
5581
2812
70
94
330
5343
9384
3756
347
2909
5276
9761
623
1574
8335
3359
5630
8780
5180
6454
9404
2127
2959
4622
7575
848
6291
8110
2152
818
1528
7238
5312
3212
8459
7003
2440
6695
4749
4890
4333
1953
1396
7952
7757
4125
7932
7499
9606
2469
3928
2623
3654
8349
6497
1622
6174
2264
6493
4481
1924
9650
3140
2216
5915
6470
4039
8164
4624
3345
8130
5126
5472
6955
7747
9423
8143
2191
7180
9807
1395
5981
7514
5104
3155
8289
4219
2015
3451
4248
3999
8113
4769
8778
2898
6249
5757
4728
162
7410
7837
6870
8661
5385
7598
5924
8746
6040
2872
8609
2304
6468
7030
203
9288
8137
9856
4918
8513
3885
6240
2435
7771
3873
3726
2620
2178
6010
7770
7309
5458
2080
8565
7804
9513
8170
9539
4435
6576
615
4969
8806
3036
1118
7725
6613
652
6464
4811
2615
7524
6367
6403
2689
125
5121
7907
2740
4268
5967
9526
8718
734
3874
2413
4630
4761
621
1846
1715
4806
4729
1290
1525
8752
1961
6188
5220
4734
17
6026
5200
6612
3392
3102
9837
5394
2712
8712
9820
1999
860
6495
5175
4319
7973
5149
6093
2755
3267
9424
4800
8572
2045
8711
7828
8279
1983
9227
7518
6252
9549
7369
5134
8708
7060
8627
9655
2535
2723
5597
9049
3958
9238
1629
3247
5566
1799
960
9406
7400
5038
8599
1200
9825
5689
4191
6217
5700
2355
2353
5605
4115
2705
8360
6965
2728
9427
1447
2135
7744
5088
3459
4815
7148
453
9245
9604
8795
7109
9257
776
2079
1157
7345
1417
6750
2920
4285
4924
3223
3153
9043
7219
1877
5861
3434
6876
2393
1501
8250
4027
6337
4162
6749
6360
6530
3716
9931
4446
4015
5055
6995
8015
7200
7047
313
2340
3616
8297
5978
1529
6754
3500
5291
3421
1160
2893
1819
5782
2468
1198
8438
2259
5305
8548
3669
8997
2905
2245
1025
8148
6390
7031
5504
8612
573
3378
8655
5551
8322
3160
8044
9670
8562
3442
7197
8538
2991
7063
5316
3457
796
3218
4971
4810
1559
2318
8195
4790
455
2438
8141
4174
7161
786
6988
3257
1044
3644
7820
3098
6395
4536
5777
4792
5584
3530
4029
624
6978
9388
9652
8668
1809
8566
8291
7082
2232
3092
1013
8643
8625
7819
9192
7619
1125
9571
3476
2850
4361
9058
376
9529
5353
1117
779
9929
3527
5407
7232
7924
2326
9940
9042
8855
6984
5453
7745
9884
809
4827
8629
3249
4411
4003
5405
680
2828
903
9254
1682
2383
5910
3783
2058
5943
303
6853
3193
2267
2157
1468
7834
8517
4835
5681
7338
4662
7062
5573
4688
8389
7102
1083
8846
3645
4532
6944
516
3782
5176
6264
8324
2050
6422
893
7027
7557
1146
9993
8461
3012
5853
1860
8314
538
6060
3468
8270
1471
1894
5496
4169
3704
6142
9187
4942
2149
8860
3011
1095
5799
5544
5613
6607
235
4000
1693
8505
9346
9273
3202
6149
1314
1762
4128
5349
6237
6466
5368
3002
6873
4550
2479
3567
5205
8152
4985
5873
6274
6627
5606
6603
4104
3306
3883
2124
3000
4372
6937
9402
8397
2619
3597
9242
2445
823
1460
1441
993
1298
666
8715
6939
186
9905
2102
677
8142
360
4106
7642
1843
6890
8342
7706
6516
8603
4186
9193
8266
1247
3618
3634
1115
5191
5887
9367
5053
3969
8007
9573
7057
5106
7604
4293
6637
195
8153
6961
8274
1418
845
9064
3813
2774
1319
782
4634
4589
8061
5406
2584
1096
839
1100
7670
1760
2989
8116
4404
4445
6251
9077
1048
5833
2099
6972
4712
2137
4088
3857
6219
2094
3432
3951
8968
6321
724
9965
3253
7433
816
4049
5823
4
7638
7803
1620
4673
8356
2122
6790
7740
123
3263
1111
8253
3746
2729
8672
6899
3870
4941
1690
8448
1012
9082
2495
339
8051
7652
9610
5331
1204
1687
8139
3446
980
7644
3523
7858
5651
6655
7049
5148
4780
8761
2992
3007
9609
6724
4833
7316
6476
8614
8690
2504
2473
3229
6979
1619
5049
9103
9012
305
9144
7746
3929
5095
9389
2464
1692
9081
1301
8723
6162
272
5416
1829
2088
3864
8028
8160
8994
4566
6354
5750
9376
2195
3281
8421
7184
2026
9286
7629
6520
300
6453
2931
3462
9357
5557
4332
7888
6056
2316
5090
7682
228
5435
5152
2352
7521
9054
8604
5050
607
4303
2591
1347
9350
2475
8571
1667
4183
9440
542
6199
7318
3670
2748
9947
7398
3084
7806
1898
8653
7826
9795
9018
8705
5565
1091
9
7426
873
8311
7295
5727
9301
3835
2996
3728
8593
890
9987
3003
3504
5693
8869
6882
2519
6753
6059
4663
8550
8552
798
9642
7162
6572
5079
1777
6587
5769
927
9358
9986
3901
3317
7144
6126
7085
8526
7026
3699
4382
9679
3300
7340
8815
7730
2434
8500
454
3508
1845
7098
4540
4733
2680
3285
9577
889
7987
821
2967
1524
5835
5858
9522
8423
925
5455
3058
4563
5501
600
2741
8639
6478
7796
3561
439
4679
939
4705
5415
830
3633
8710
6826
1015
4645
2806
4207
678
1373
8701
5912
7291
7493
1009
1651
1452
870
9840
4593
2540
290
784
8607
173
7851
7909
1422
3318
7936
9753
6889
7332
785
3658
9961
6817
5814
1705
1141
2031
5240
8206
3602
81
942
8489
9709
5013
8650
6535
93
7536
8362
5040
5940
22
8199
3483
7314
6586
1893
5403
2497
9794
1649
8018
8419
8056
2603
8989
5497
7850
1139
3250
2744
4976
2391
7319
3520
6858
1288
278
4136
9211
3485
6105
289
5550
6664
1357
5360
4555
1203
4242
8616
1212
5450
5337
76
9613
9223
7355
4512
905
511
8049
2351
2668
9133
8533
8331
3327
275
2365
7246
2662
6361
5192
307
6033
4885
8183
5080
7632
797
7286
7625
6419
3957
5082
9060
6244
5442
8245
3851
7772
1149
6377
6743
1291
3414
1041
4315
1808
7690
1331
5045
7140
6761
2138
7616
8211
2451
6981
8006
7640
5189
4746
8089
1446
9206
9332
6923
2485
2946
3161
664
7211
9800
2555
1889
6528
5101
5729
8567
4994
3585
5327
9547
4878
8934
790
1499
2544
5891
6531
8675
4403
9231
8878
8197
751
3409
9916
526
8216
2516
5151
8610
7141
6383
6809
2716
2343
3016
6353
6098
7816
9717
9110
82
5207
4812
6163
2674
7587
2683
2218
642
9862
6638
7861
2332
9048
1266
410
6115
3865
142
2066
6967
8870
8740
6200
6721
9659
631
1652
4196
1774
8172
9894
1074
8854
7548
3043
120
409
3180
9053
8031
9859
8344
5281
9897
8891
9826
2229
9179
8494
128
5216
6085
1328
9922
9756
241
671
2194
2035
700
2091
3657
2456
783
7021
5989
9789
6928
8591
3010
3463
9767
4470
3815
9016
1763
1599
9436
2822
5992
8863
116
5728
916
3774
3632
8039
9321
9599
3271
5547
6234
6555
3197
3097
3224
7928
6552
5071
3806
9791
2389
6273
1869
1612
5490
7306
1505
6869
8132
913
3837
2336
8168
948
3571
9361
6295
5718
3095
6148
9416
4092
6230
5588
1502
3648
8131
1472
522
9708
1540
7126
9371
9292
3020
2334
5348
2914
1341
1644
9197
7017
1997
7764
8731
2518
8733
4867
390
3222
6110
3206
8938
7991
6100
4575
8827
2221
6599
8546
450
4438
8350
9997
6840
8058
4300
9259
2963
7403
2164
9808
5410
6737
8154
9924
1235
865
4973
4864
4972
1193
7106
9870
9788
4699
8281
7862
6715
6487
9395
6837
8499
5608
687
298
108
9693
306
8586
6424
191
3242
393
6848
4866
8112
2231
1429
6286
5812
1708
1194
3147
545
7957
58
7974
1494
3299
523
2331
2714
7586
3347
6210
6405
8909
4111
4582
6119
8217
1878
8967
8569
6735
8369
8444
3022
3120
2638
5075
8931
4649
673
612
3653
3195
4656
5509
8583
248
7358
6993
1208
7215
8159
8427
6103
3517
7494
8928
591
8929
5713
8660
4534
7961
9928
7941
9550
3240
6271
2874
6718
1046
4581
6090
1289
9308
5786
5766
4763
6999
1272
428
5119
8483
4778
1759
2745
9706
4943
6316
2284
1026
483
6259
7591
9689
9368
6132
6262
2052
253
8962
2735
8034
4616
6501
2189
5328
580
4932
649
9349
8904
3972
5636
2902
6728
4529
3069
8529
8304
325
1696
4653
9686
9630
3023
2118
844
5984
4998
7702
7762
4615
7048
4635
2211
3021
7543
5285
574
5558
1888
4743
8893
8688
3778
481
7449
8894
9272
5252
5840
9469
4322
9772
6167
5648
6827
2269
4019
11
1948
7827
4773
2776
3430
4131
801
2467
4151
2968
5855
2770
6968
1322
8808
9675
2908
8924
3499
9914
7164
1503
5237
8052
8038
5446
8398
3363
9233
2892
148
7078
1304
4552
1496
2840
7622
6008
468
6668
2395
6561
9775
3428
3927
5562
7763
143
7703
2575
6074
5798
1190
9615
9678
6564
9645
6994
183
7797
8396
5753
8191
2053
3295
1466
314
2869
9330
8786
4583
8259
3213
3975
8236
9673
1439
8734
9892
953
5272
8436
761
6444
422
2494
429
8395
1053
1271
3536
4719
5653
6225
1543
4989
9400
7213
559
849
2938
366
9875
7217
7741
8134
4288
4794
4119
6330
2142
4610
8239
3025
6122
5318
8584
6592
2350
8657
6118
7248
6243
5008
8319
9252
9700
7630
2043
2075
9616
7299
7545
9508
8760
3341
8014
3353
1584
9413
2180
3592
3668
3137
3893
2443
7455
7035
6740
1061
8977
7971
967
8602
3091
8622
2366
862
7177
3129
5142
5212
3192
3952
3797
8902
2128
411
4031
4612
3322
3866
5083
6455
1365
8207
2268
9879
4335
8284
3259
2718
6756
2965
9938
2551
7727
6698
5047
2862
9329
451
9163
8834
7693
589
6650
7067
1695
2217
8771
8146
6938
6885
8896
8111
6920
2993
8694
7397
7920
4906
5436
5092
6506
9375
6550
6674
5620
3791
1699
521
5124
4767
2006
3828
7743
321
1698
480
7382
6224
3454
6281
4103
9969
4129
1956
2897
5347
9256
9255
8732
5326
1714
6782
4648
4636
1919
9429
1285
3983
9803
1360
5270
2322
4130
5392
7153
7608
5235
3996
7818
2455
5654
5438
4832
436
9721
9691
7666
5963
6744
8462
4261
9966
4214
4179
8167
1216
7507
7159
3093
1176
2878
3384
2910
8204
7251
5433
2601
445
8568
6034
3315
6542
3131
3401
9262
5467
9581
7074
5641
9779
4577
822
4160
5094
1338
9504
4820
8497
886
5531
8102
1657
5632
5895
1388
7778
3612
4884
7561
5226
4051
7285
9454
9500
1915
2407
9267
1785
4527
8851
8133
9792
4005
6255
6841
2373
3357
6803
1120
2126
9748
1307
1514
5957
8355
112
6314
9994
9017
5077
5319
736
3196
5662
956
739
1802
9479
7546
7589
9014
4670
3787
8399
7178
2270
6197
9202
7588
508
5788
3480
723
44
4185
184
3133
6347
5791
7842
6044
9664
7371
5517
499
6267
2226
3305
5210
3674
8277
7425
8654
4143
1042
6179
6987
8852
2786
541
6825
8071
4726
6202
4118
2279
3370
6130
7954
153
992
3172
8064
6659
5010
7887
7559
2797
9596
1229
4957
3429
8619
6720
966
1720
4834
2720
4708
4341
1461
4161
6570
2115
3909
5939
6886
9284
6379
417
8275
5826
3534
2567
5859
572
3800
7146
6846
6914
2215
5068
4739
6426
5219
7968
2824
7498
50
2329
8504
7749
8735
6571
5810
4025
854
9328
3075
4710
3792
2568
7607
6640
3015
5354
472
2937
7151
6861
9565
9101
5359
4946
9070
1733
1769
1154
2849
717
3858
6308
2065
2061
6916
3680
6554
368
4360
420
4234
8905
9759
7475
3856
6477
6269
5667
688
277
2001
3540
9724
1385
3479
8433
8728
4336
3365
3625
1943
80
8559
994
5064
6925
5194
1158
5918
3452
6053
7373
5321
6092
8823
1131
3103
4032
1151
7101
6894
997
7210
7132
4672
8580
507
3487
9718
3208
6777
5456
4326
6133
2422
7721
9196
4224
9152
2370
7866
9247
348
1968
9380
362
1170
177
5730
2114
156
89
8916
4117
715
6204
9123
4034
1958
6958
4292
9998
8766
9878
4365
3424
2310
7530
7739
6917
5256
8310
2949
3404
9777
6442
2271
1946
9958
1873
4533
3812
3779
4135
3498
6598
1415
5162
9069
7152
586
4144
6069
5174
7473
9323
39
503
3518
9005
7688
164
9176
6755
7529
6617
4124
928
5112
5955
1274
3440
3110
6932
7905
9182
8466
9145
3769
3823
3239
4736
192
6505
6911
3018
1920
2506
8384
4375
3655
4350
9430
3990
8882
3445
6551
6490
7686
8391
6810
3366
5734
780
4489
4620
7760
1137
7880
7308
3050
1918
1027
9119
5740
9766
757
7391
6736
8502
2181
4443
5333
7700
6983
5078
8008
2604
2018
8677
9967
8473
4838
5628
4354
3340
2984
8923
7504
147
8810
9960
3130
7328
1646
5920
3014
7100
8017
8465
8933
3868
2693
8885
6991
5259
1377
3678
4228
2580
2388
1075
708
2652
7562
4591
4770
1555
9003
661
4471
6821
9600
5042
8220
181
7633
4364
6766
2616
6463
8231
7613
1675
5317
1904
4249
3817
9316
1890
3227
2241
2566
6510
7458
7691
6879
3118
6785
9444
7417
1028
5684
2927
2489
6254
3039
6581
704
651
4845
471
5749
9955
8098
2471
9434
1600
6315
1114
5523
3506
885
3040
603
6651
1996
6169
2710
9572
8411
1909
6789
7537
5665
9805
3157
1002
9019
2769
9786
1552
8374
7488
5819
4758
8959
2861
3413
6172
6368
4817
2396
5994
358
465
6609
8173
3001
9919
3887
3280
3372
8327
8652
943
3549
7280
9320
2976
2132
2571
9355
9899
8338
4251
8122
4362
23
1169
4930
3596
9171
6061
2208
5521
4894
8070
1772
1155
1058
5206
6541
109
7224
8917
3151
4975
1465
9278
7601
7050
1116
3287
3149
204
6517
2457
4586
353
9065
9666
6771
6432
340
7092
421
3541
7505
6001
3765
8844
7181
614
3351
28
7390
8175
8439
2859
5809
4621
1259
4359
8960
7297
2573
8149
243
1666
5614
874
6324
7261
3376
9200
1921
1704
2446
3391
9067
3078
1857
3979
887
7434
7959
5904
8264
4463
6078
9335
855
9287
3834
3867
7194
7768
5340
7445
505
7247
5518
510
8975
4260
7615
6688
7230
1713
774
8348
3360
8647
7483
5803
8686
1220
3472
4569
5754
7583
8258
760
1988
8193
9736
324
9274
4294
9846
4325
5926
2030
159
6097
4022
4357
9603
6408
8595
4105
7709
1300
8185
5402
1270
14
252
7939
359
6350
1428
8697
5893
1726
7066
5118
5136
5959
627
8755
8890
9008
3079
6156
9020
4756
9638
7346
3217
1783
2182
9757
2060
1592
7492
6990
9391
6702
3323
9920
5098
7033
8822
8057
3501
4478
4209
6604
4499
9377
8020
6075
9116
6759
8072
1008
8680
8674
1712
1476
8218
9506
7929
7914
5680
4703
3991
2511
2924
8790
7076
8706
8227
6620
9379
3031
5977
7121
9858
8739
8001
7849
2077
1836
7312
4147
7512
3676
8029
5697
30
3725
3579
9443
1318
1856
5932
6381
6304
1656
6253
2784
7289
5723
590
3743
1638
7765
3507
806
9959
6656
3980
6460
8354
1811
4208
7549
4759
7069
3869
9945
1972
1340
6918
229
5428
9723
1742
7846
3096
8090
1191
9374
5687
4774
4018
6016
1741
3200
9085
1350
5745
7000
4456
4755
2213
7705
1000
4058
2071
6404
7863
4947
7123
692
2412
9365
1316
923
2248
8182
9694
2150
6349
1071
9088
7034
391
3182
6813
207
4113
205
9480
3881
9366
3284
9949
2521
808
5214
5116
6489
319
9032
3543
6560
8946
1566
7755
5052
2462
7133
9472
4127
7195
4574
961
9208
7892
2565
5905
856
4741
8196
8858
7413
6563
8551
9528
9861
9796
3034
5896
2108
6226
7496
6209
7663
8759
3516
8046
3903
1136
5301
6236
3231
1750
1045
6558
1601
1172
6705
8982
934
4477
8417
2155
2688
8763
9156
8998
5374
3455
3388
2173
3350
1361
6746
9702
8081
24
1431
8343
4757
9963
8187
9658
6087
935
594
3005
5569
400
5771
2265
7083
7752
7384
8772
525
7983
9519
807
8177
7476
5996
6246
1254
6458
311
2796
4553
4801
5854
3109
3465
9628
4298
6751
6448
4785
1199
2802
4895
6378
3269
1031
6948
8447
4965
6063
1847
2134
8431
7783
2311
7466
6582
3136
5167
6622
7570
6140
3101
5242
5396
7528
5975
2185
1406
3882
6839
3886
5743
8463
3845
9333
6919
3274
55
1245
9109
2654
6088
7653
9135
1793
8751
4059
1224
9821
2344
640
8876
5411
5737
6182
1135
9104
5698
7668
2881
5381
738
4398
2197
2177
6406
5
2133
2303
7628
7843
6410
1414
5409
9364
8765
6878
3082
5382
6208
5708
8429
9557
5781
1631
2825
6574
1546
4385
921
500
754
9244
350
7942
2290
2012
492
2105
3185
2263
2500
9968
5567
4440
5085
5513
4122
5130
8545
697
7268
7304
8670
394
7649
3377
7659
8043
1355
4526
745
1648
7186
5199
3898
7075
1069
2324
5602
1716
7349
7167
3690
7171
2524
438
4035
9282
6352
1329
7469
8693
6121
5432
2225
1998
8096
3311
2493
4915
5925
1102
9310
9304
431
211
5817
5277
3662
946
2472
6860
2779
5166
4400
1420
1719
4623
7443
9699
3860
9698
3237
7660
9046
2941
6191
3514
8521
242
8700
5696
6833
6976
3481
1550
5372
4083
833
9890
1751
4958
4417
7485
5529
7296
2864
169
6294
7095
4194
3628
4041
1575
1654
3693
8119
4482
1732
8388
8783
1438
1264
871
7243
296
8455
1933
7240
9040
8080
6153
9934
8951
4484
8024
9433
8370
7216
1669
7786
6559
452
5266
7290
8727
3832
2036
5298
2957
3343
6344
3576
4573
2425
1743
7551
6610
3793
2423
9631
8145
2657
8592
4460
8971
829
3932
4347
7313
5473
6342
6549
7438
151
8936
9975
4748
4296
1506
4140
4793
6201
8799
9822
7857
2771
6261
61
4931
3489
3304
9758
6502
7452
1571
6526
3666
3753
9831
669
6456
693
3767
3750
6322
2694
7044
3646
1257
3892
608
448
3123
3604
5195
4244
1022
374
972
349
1551
824
9771
6922
8127
216
3820
7618
5640
2556
3552
863
4475
9801
7202
6583
1731
4933
7279
1947
4474
3111
6645
9411
2821
467
4500
7916
1129
4457
1964
382
7731
5594
7500
8788
9580
9680
5067
6027
8452
3920
9297
4584
8352
6847
1707
2054
334
9490
3761
406
1405
1353
6020
1832
8556
4580
9234
517
4225
9941
2928
8161
5578
2724
3667
8704
4114
7641
7112
3411
9535
4255
2972
4880
1021
4086
2592
2923
1916
6897
1511
8318
1052
5138
6198
4299
8985
8087
926
9189
90
5748
984
819
1403
2192
4433
7405
5413
4388
8021
7891
1001
3089
1573
1217
4312
6151
7145
7624
251
388
3423
7415
7669
3470
6171
1627
8508
617
3649
5549
1087
6729
825
5279
5332
4521
2382
9134
6055
3747
6683
4764
3398
4671
8805
3945
4626
3292
4721
6341
7134
5580
224
4233
1830
8581
2917
6710
5273
8666
7729
8564
8213
7377
1346
8019
9683
8803
338
4069
6973
4068
8983
4237
199
5479
3630
113
9497
6752
2582
7170
398
5914
