4001
1596
9910
11
9726
258
5891
1757
4356
3254
4115
8616
5685
3210
8745
4243
6420
3375
4002
4698
3890
5175
4220
9482
9447
8648
2017
3080
1176
9152
141
9680
6505
1794
7886
5821
7706
6013
2780
7536
9108
4062
8163
2014
8140
796
6404
4834
6609
9987
1957
2870
4319
438
4181
9198
8503
5282
3283
862
1497
6985
4009
432
6961
738
3241
7585
6632
5254
9728
5901
4361
746
6052
8096
3765
6327
3320
1345
4230
3994
7672
6460
402
9960
830
3718
972
818
4880
7832
387
4375
5203
2786
362
5077
2406
6692
9378
4027
4873
1671
2719
3104
3098
1339
55
9861
2388
1528
541
9841
4507
3838
5929
3000
9540
1947
958
3991
7619
5014
9631
6372
196
7579
8846
6145
7203
1513
3802
2559
4753
6119
8208
3894
1442
624
9251
2741
5510
2528
3504
5535
5000
1945
7799
8795
5349
4417
996
5078
1052
3567
6017
7821
2653
2368
8657
4595
9531
8991
5673
7106
2479
6118
5519
9111
6011
1772
8276
1355
3464
7993
6227
3219
6101
8548
3274
371
2379
5297
7688
921
6689
6981
4264
9771
4095
3493
9768
1282
2834
6844
6212
3767
5537
5618
3969
8398
7744
2114
7990
5299
6232
5881
9570
3289
8758
6113
2959
1900
7141
4283
1829
676
6742
68
2046
7195
7499
8708
7200
3873
191
7330
6602
8961
3564
2456
4120
728
6818
955
3405
1591
8111
4384
6359
4289
2361
6880
75
8631
5522
1232
416
4563
8486
9370
2412
3203
3998
126
1963
5619
7488
3562
4922
5560
4654
5236
613
3887
9358
195
4441
1257
2045
1952
8781
1179
6719
2282
9824
8707
6074
3723
5987
4946
5716
515
7947
7466
8044
5339
2000
8101
9751
2432
4419
6306
3859
6004
8815
886
2556
4757
6695
9889
5287
435
7628
8874
3720
9849
9903
4394
1556
6507
1135
1383
8988
4542
2364
2788
8949
409
1348
6687
9239
3841
5833
6788
2085
6563
7719
324
3760
3913
1412
7528
65
9241
5553
679
6398
3193
9747
7933
2687
1959
950
9864
4480
2008
9224
1515
4391
3263
5968
4312
7551
9574
5173
1645
8932
1736
917
4316
6483
87
4862
1425
7053
1203
809
1034
6314
5591
5795
4631
5293
7735
2478
4437
4984
2211
2058
1114
2025
6658
9662
8540
7526
2791
5051
7398
3112
3356
5882
2766
2637
1472
8485
2021
9863
1618
7144
3647
9170
3609
2627
7548
4421
1636
3216
7844
1743
7306
3990
9403
59
6326
8355
7083
3635
8983
9064
5752
2107
6551
3858
9208
3801
4587
3232
8936
5567
7099
6928
3710
231
7922
8095
9459
5699
4664
1078
927
2311
95
4780
4863
2106
563
7236
8311
8818
9871
514
7788
870
2856
6080
7781
678
6388
2744
7932
9585
7361
6760
5199
5201
2546
5301
3880
5757
8377
2422
4975
4475
1972
841
2977
5994
1376
1480
8373
8416
9857
3249
9317
5984
9118
6619
2276
1826
8405
2666
2241
6271
9346
8444
7346
5857
9572
5269
84
4382
3986
4254
8393
5328
6697
7491
2545
5194
3927
9207
3035
5588
566
6321
9609
554
8695
7567
9817
2185
2785
169
7578
7644
4796
200
3304
9742
287
3349
929
4478
6620
8640
5220
4775
8913
165
748
8890
8237
3354
392
7740
609
4652
6532
8467
4722
6555
691
1658
1780
9510
3246
1695
6544
7643
3215
1396
1571
5719
8872
6166
8191
4343
9244
4986
4963
4112
3882
2867
5767
1006
6871
2353
4921
1706
4029
2217
419
5399
5797
1543
3140
8606
9192
2656
41
77
9988
9173
6604
3813
4788
253
1764
5435
6452
8479
6277
960
3827
1344
9610
2948
9884
6606
3139
2354
2669
7400
9332
5373
354
7564
67
580
8316
1184
4714
3997
843
8324
7440
1116
3689
3698
4204
8778
4006
4845
4348
6729
6937
5597
8598
3056
7121
5967
3190
4505
1597
2009
4409
7880
269
7431
2746
9669
9502
1406
1452
391
1320
6888
5926
5541
7347
8433
78
1388
6083
5129
7452
6777
6899
2469
9183
9340
8312
9953
8553
8244
3425
8858
5552
2041
6815
4303
2699
5090
1951
9107
5580
9279
4797
8685
3755
6474
3545
8911
8396
7986
1001
5656
598
4763
9110
6943
367
4472
4841
6175
473
1894
3046
5492
6877
5679
8706
2641
1404
2626
7637
9294
426
4639
9704
353
3322
8341
458
1303
1544
4659
5595
3917
396
1466
7115
3511
5827
4295
1589
6362
2958
4940
2930
5974
7337
8618
6199
8157
1643
1401
8667
9003
5742
4390
2362
832
5726
5276
3308
5141
6567
3685
5954
673
9635
4257
455
7429
9647
9316
9430
8216
4783
3896
6216
1057
4958
8750
8171
1244
611
4439
9375
687
5385
7471
363
5190
3482
5105
7249
8160
2636
557
698
4843
5627
3656
7036
2942
8070
9694
9126
5447
5341
4936
9217
3102
6478
8945
725
2055
2964
998
8492
9760
7718
1570
6787
9269
5122
1152
2718
9666
4070
1133
9655
4305
762
1208
4573
8217
8590
1801
1342
6409
5500
545
6866
271
5549
2724
60
5001
305
4237
8656
6834
4461
116
6806
9664
6578
1086
7333
7246
553
2498
4248
5296
2436
4892
2764
7315
4330
2995
9825
7671
6097
7991
2279
2421
7519
766
4349
757
5917
2140
8603
3918
3974
3914
9062
8115
5665
6228
5156
9057
5006
7104
2401
4682
9539
1343
7726
9597
8129
4294
3410
8840
865
5005
3207
3167
9873
1991
7677
7260
6111
450
7854
4622
3407
4530
6819
9699
2372
1490
4799
2047
3715
3473
4960
6333
7441
5300
6129
7105
9818
7615
8981
5123
7657
7254
1506
8031
6864
7829
8545
9038
8962
1227
117
4459
536
4782
1172
3560
8240
4346
9016
2841
5232
8880
2902
52
1377
2595
8259
9274
1010
5920
8123
789
1193
9069
430
9473
9442
3610
4708
3872
588
1718
4177
7555
6315
3546
4609
4347
5050
2987
2203
4711
7421
5337
4218
5667
8290
2646
6297
9238
2926
9073
8094
6184
4724
6987
7030
6250
1454
6203
5886
8087
3574
8523
9341
6170
1567
7573
180
8990
1437
9146
2068
1119
1702
8417
3300
7513
9608
3962
228
3222
6653
3818
5647
6696
8505
6773
7456
8857
1760
9913
6569
13
4444
5449
9386
91
1298
246
1260
9708
2664
2979
4376
1212
2066
7272
3762
9479
9498
4166
4538
6298
8481
493
7828
5823
9421
1595
3380
2198
299
6876
8291
7256
9755
6417
3554
2969
5956
9797
674
1243
6047
1063
9399
8816
1999
7864
3087
5067
4765
451
5946
7582
1816
2530
3198
6749
4866
6959
2517
56
1483
4712
1476
1283
3899
6713
7524
6926
7989
8155
9795
5992
143
3607
546
5391
5643
1803
707
5494
4715
4816
297
8532
4524
7862
2758
4448
216
2931
4113
2510
6856
6282
8321
879
7666
8314
7909
2763
8313
4067
6612
6149
1744
2965
43
4702
8790
669
6038
2145
2665
2850
3100
3351
336
485
9579
127
7590
5353
4983
480
1309
7209
6868
9611
5062
6193
3194
781
6242
7937
3613
9282
6547
2515
9153
4139
3031
3015
184
4244
281
3429
1962
5621
1039
768
9024
8546
7267
5934
6718
4737
1522
8978
6358
8375
7861
2053
3540
5529
1608
3078
6095
3284
3391
5202
7062
3348
549
2284
1289
2093
9284
521
5858
1269
6283
6173
6929
671
8099
6192
6828
8509
1525
8980
8827
5761
1593
8226
5728
4695
1762
5125
2643
2367
9162
2208
3238
1782
8130
3810
7103
3173
7711
5214
1122
1910
3472
9457
8353
1305
2544
4628
3726
3389
9385
9286
859
2023
9079
105
7659
4747
7484
5613
466
1715
9633
9688
6816
2844
6847
4802
7944
8623
9643
5854
7680
7752
4468
6241
3353
6576
4728
4404
3697
4479
3693
8084
5911
1577
873
3538
9538
9877
6202
4119
7910
8570
7855
6616
3522
2493
3533
6053
6313
4203
608
5985
1887
2873
337
8746
1307
7464
6262
4022
7293
5813
1380
7754
7504
7297
5036
8082
7233
8732
1530
1155
2598
7517
639
7033
6156
9151
9343
6762
1795
2387
6938
5215
5362
3902
6429
7842
9349
9949
7780
5528
372
6504
2891
3110
137
129
2946
7489
8005
7396
1308
1211
1362
1231
1990
3332
1683
8427
2974
5776
5749
4056
3328
4992
9225
4251
3599
4916
6084
8968
7159
6646
4393
4418
3326
8893
889
4116
2431
1065
3756
9429
2604
2529
4541
5352
5076
8007
4941
6057
6070
3622
9720
2614
7938
7850
6480
3597
7678
9195
4465
9551
6755
1980
1802
1398
7403
8197
1142
3394
8875
2502
3692
4991
6770
3740
8428
9493
4221
9361
8346
1254
229
7819
3059
7763
5099
6153
5705
2084
2007
3600
2551
7734
2674
3584
1421
2501
5681
2920
5971
3470
2568
8526
711
2738
140
1003
8206
3247
8089
8264
7025
1495
9176
6601
706
3959
4651
1710
3691
8419
4885
3830
7554
4867
7625
3003
5422
2815
5979
4430
9591
2790
177
2230
6299
3128
9999
7817
3014
8041
162
3793
8712
9291
978
3419
8982
7257
3362
8519
6540
1443
3432
1797
4803
3909
1888
2535
3815
5467
4713
7691
3502
4107
9933
2423
834
8179
94
4354
8736
7163
2273
4456
1582
5415
1319
1451
6621
2307
7308
9243
7999
2662
6405
5574
3627
2127
8844
9394
3125
8301
1128
696
8920
1818
5939
6138
4268
7805
6461
7377
742
1250
3279
1066
2845
1833
8053
8752
1807
9179
1701
1191
7145
2634
9641
3018
8374
593
3272
7498
345
4811
9444
6010
2380
1566
6032
7275
212
8225
6142
2238
7757
7982
3041
5811
37
7837
1041
2608
5559
1697
3774
5999
3061
1908
8762
524
7617
2521
5565
2519
2957
327
3985
6964
2826
1462
1852
1730
6206
4324
2461
7968
1177
2415
7367
5069
4497
7284
8714
4944
3057
5511
1919
3401
1774
8154
6377
9267
2308
3514
494
5135
4768
8446
9200
4750
5128
1672
7597
1511
8619
2686
6750
376
2485
6342
3893
3823
547
2732
3051
3271
4770
1606
1503
8300
8047
4574
5981
2235
7562
5975
1468
8767
953
3168
9715
8009
6897
8452
329
8497
7056
1090
7580
2698
9582
7531
9966
2314
7411
1575
560
1876
8448
5087
700
6797
17
6516
497
1049
2397
592
7292
1130
2884
3187
8079
7349
7314
5238
5329
5963
5745
2113
5417
6944
9723
7447
2618
2266
4864
552
3871
4971
805
3292
3549
7647
2089
2224
8776
3759
7017
6337
8535
6236
3311
5398
8610
6891
3267
8907
1161
2437
9022
7226
6419
8093
4153
9789
8853
3359
4400
9020
3709
3316
1914
3090
7128
7823
1438
6127
5775
1926
7767
808
7324
9387
2971
5421
3673
8836
6123
9308
9563
8925
4106
1779
5908
1509
6640
2713
7016
3342
5262
9697
8825
5096
2393
7969
7493
5043
5996
1728
5436
6517
7161
5832
9637
4370
1519
4034
4569
5798
5396
100
6585
2332
2694
1385
2297
389
2645
4786
1313
1929
2144
7390
7005
7606
3467
4767
9350
8245
313
9082
4410
6276
1070
6754
4402
182
1062
3891
268
413
4490
6178
6584
6442
3529
5819
7387
7322
315
6821
5094
9122
3197
4950
1521
4528
7412
5779
9566
1455
2227
2035
3719
7012
5289
7750
9392
4388
2797
6482
7250
2384
3005
3591
3582
3285
2761
3881
1538
5041
9717
6701
5615
2246
366
9677
1705
6048
8000
6385
9231
6223
6343
7690
4159
2682
2195
1256
5803
6568
576
9053
3652
6814
6366
3950
7539
2632
3418
600
1872
9973
6808
1666
5550
1670
8251
28
4667
7080
9855
6211
2524
7156
4037
1288
5406
405
3863
8072
2593
2994
1717
6836
7432
7285
5408
3954
2486
8819
5877
9907
8941
5370
5964
7783
2285
6176
1192
2136
6345
6263
4443
4238
899
1553
6792
7117
2043
5587
3667
6884
9506
3729
202
7147
6336
3934
7477
9486
1650
457
5465
9514
709
5284
6837
3027
8902
9573
8847
9640
4751
6136
5814
5690
1496
4827
7875
7415
9832
6707
3670
7845
9711
667
9305
7992
8201
176
7448
1148
8425
3395
108
4514
5082
9418
3836
3675
815
3119
5825
1233
6280
4395
7510
9603
7756
3686
8491
9301
876
9560
1679
1035
7211
2749
4470
2191
5149
5023
2675
8915
7335
9946
6813
6437
9237
6932
406
8935
3923
6159
7094
8567
3892
9163
5634
6305
6593
7000
6951
8558
46
4432
5983
321
5774
2835
8362
3465
1091
4600
7778
3541
2866
6018
5075
3158
3781
6774
7281
4887
5354
1198
7299
4924
7108
5507
3049
5304
1585
167
6765
1925
5120
2072
2495
4592
9155
3462
9095
9025
1088
6234
3205
4026
7376
1068
5860
9044
2001
6413
5836
8791
6933
1673
4447
1445
7061
8899
1304
7496
2950
3257
1064
4977
7623
150
3714
5243
2587
9796
1235
5493
1817
8755
8501
8715
7727
7050
9837
578
5444
106
582
5506
4859
8897
9851
1429
4275
1
1897
8682
5870
5658
9658
3634
5711
7131
5601
9006
3146
3507
6137
4923
2813
8273
9626
3928
1946
3791
7393
7402
6771
4645
4974
7963
8500
6015
1974
5319
4406
9434
5011
9565
9707
3521
2299
6451
3398
4259
3153
8914
7035
654
1219
694
5809
5600
1147
5071
5733
9271
1533
7444
172
9071
5104
7537
2663
6852
7673
1245
7251
1418
2210
2747
2570
5650
3191
8973
1607
7026
1127
7475
2886
4162
1204
8901
6721
839
4366
4329
2901
7559
3099
6849
6410
4320
9678
4648
5710
4938
5466
1739
6863
7633
5933
2212
9909
9639
4881
4438
3437
7263
6487
1866
5808
7342
7527
256
318
1564
1424
5831
637
482
4523
8407
2256
8671
1965
5290
8602
2541
7621
109
8821
8305
1253
8327
9468
7397
618
2060
403
7956
2138
6955
3309
8211
1186
7918
8181
7601
6441
8469
1262
7687
9222
7851
7791
3169
3171
6613
6133
8488
644
9908
9228
9428
9127
5313
7815
6794
8664
994
9759
2370
3403
5440
7708
2795
487
40
4516
8081
8352
3468
2160
9319
7653
9102
9213
8303
7158
1290
5766
5659
3442
1920
1984
8288
3439
5458
9348
3054
2774
9659
6382
9625
3489
8347
7516
3814
9190
4423
2972
5841
2398
9649
690
8003
8477
9439
4671
3938
209
963
6995
8390
2536
9782
2340
270
517
8001
9729
3231
3327
556
4669
533
5855
2081
384
2357
7219
3937
9940
9738
7546
289
7217
9899
8092
358
1005
7453
5191
3223
9613
2205
8595
1237
813
3750
4363
6332
4272
4546
7480
477
1286
7771
5213
9474
5625
8465
8119
8424
8909
7737
3775
4455
8647
2404
3828
2443
5305
3833
3568
1620
3180
2513
7162
8499
1353
1352
4513
6121
8763
7961
9850
9593
8808
8383
1941
799
4914
3252
319
3757
8059
7276
3115
38
4342
3688
1674
4240
2164
6939
8866
3012
1162
4060
939
3680
3491
8221
3979
2611
2202
6723
3174
6521
3704
3705
4672
446
6464
9811
1153
641
3460
4566
7078
1913
1922
48
3539
4081
6953
9383
1824
1977
7148
1790
8247
5332
1836
6502
3744
9740
9216
9263
7533
9710
5330
8004
3242
983
8735
7686
4727
2602
7530
9590
6344
4457
7860
4806
8395
4607
7620
4362
9034
3787
8238
4483
1709
992
8056
208
555
2326
1261
8575
4875
8722
4676
2878
8030
7065
4193
7490
8392
8831
8224
3346
6037
3066
1793
3141
9918
9798
1796
5246
2522
12
956
2910
2847
6623
4854
9131
6383
1124
9975
4449
7215
668
9847
1387
0
2925
4389
1337
620
7826
6898
883
3988
8684
8088
9187
1369
7662
1573
3945
5250
8257
1145
6608
7881
6862
2473
6427
4734
9417
6154
439
903
5577
2702
7916
6652
4810
2794
892
4525
6338
1301
6433
4385
8131
4776
4054
6530
8994
7090
9767
4485
1475
9517
6902
1798
4161
1541
4501
5127
8148
8354
175
8996
6865
5345
2123
8782
4874
6141
9027
9201
7915
6511
8992
8577
1725
3696
507
2557
4808
3475
8476
4130
1265
4004
9679
7091
7331
2692
3736
2571
3496
163
3548
7410
6103
2900
5516
7654
1862
5374
2028
2792
5783
1834
3690
531
4117
3542
6574
3008
1825
4882
8581
9491
3122
8106
9920
7138
9113
6210
8133
111
6134
2573
3117
8487
6711
5525
6554
7235
9769
7500
1806
6887
5121
8734
3523
22
2350
3999
4817
7071
4225
2316
5179
586
9136
8330
9607
2631
6827
264
2778
6167
2334
146
4299
8910
634
9750
1890
1682
7462
9731
8294
2392
8064
6763
4189
7340
1089
7831
1637
4337
7640
1758
417
5029
6135
6079
6449
5223
7356
6310
3939
207
3149
447
4101
3942
6443
3148
5947
8560
1923
3287
9042
8869
8214
1820
185
7060
9917
4798
8319
775
1025
7237
193
1859
561
5007
6295
5265
1209
3526
1721
2474
7380
1516
4489
1473
1322
2642
7867
9701
1246
2985
5664
2333
7905
610
4387
9310
3105
6024
8789
6782
4548
7868
5561
8531
5547
5684
9404
2143
2800
6098
1970
9617
9942
8078
1205
8756
2176
2876
3506
1737
6854
1579
4344
6996
5842
3428
3023
2956
7764
1247
29
5564
7914
4504
5292
913
7465
9977
4878
1633
7288
4966
5703
8563
9586
934
9621
6642
1498
8378
9209
2881
2302
8322
9416
4679
7926
8480
5722
856
6634
6489
6552
5501
5578
7449
7343
2897
1386
8676
1026
2671
9770
7089
7920
5982
7160
6334
6873
7722
9168
6776
3553
4649
7450
5566
7188
7031
9147
3163
3075
6027
8663
4190
8168
5526
8436
3915
7459
7629
9654
7717
9041
2505
807
8514
1761
3483
7616
3273
9535
816
1893
3953
9671
3839
3299
2030
1060
1149
7228
9211
1363
2660
2490
2506
1405
3306
1981
5755
2532
5472
1976
8620
6008
4511
1048
7911
4953
4491
8058
118
7395
6731
6906
2990
3229
751
8199
7494
9167
7521
1213
7339
7902
7497
1750
1512
5162
470
8873
1932
7021
6120
4943
9353
5024
6947
8927
5644
5274
3694
8554
9876
4596
5180
3782
2577
7577
5016
848
5806
8604
9588
3044
3819
9629
3855
2762
1586
6499
7059
335
218
3682
4214
1331
7701
7309
7205
8771
3446
3298
3809
3805
4127
2163
619
8837
7070
8195
9509
589
5695
4229
2667
6251
8306
4345
5012
2812
9512
6077
4435
6407
4623
7949
5760
9342
626
4064
1598
8437
7907
7959
9541
6391
3671
8552
3786
6710
9026
6034
3147
6068
6425
4215
3661
5397
4673
4025
3107
3552
8061
8125
3936
1115
9931
6331
3408
519
1648
1651
7274
5460
3374
6615
1358
80
3804
7086
5155
5216
2932
9681
2245
5484
3235
2628
4151
585
5697
3406
7729
6739
2037
4293
350
9979
6050
6180
4090
8366
2962
6001
3965
4403
33
7731
4869
5476
2463
5651
1324
5034
3256
4152
4610
6506
512
5073
4627
6125
393
9675
2087
4560
9900
1578
1983
4801
9476
8747
5030
8281
9691
4850
6645
481
9951
2640
7501
4583
6785
2885
8066
703
464
9887
5241
9713
4297
8803
9185
893
7830
1238
7765
9323
7846
3154
4141
7113
161
5025
4500
2552
9980
5448
8744
5315
4187
4263
6143
1373
9522
5333
8478
8737
8387
2082
6736
8817
5347
1104
9505
5672
7871
5411
4599
1474
2427
5707
2772
8596
1621
625
9780
628
252
662
4164
895
2629
3281
1487
8230
2549
4477
5527
7473
6044
2735
8687
8573
1427
8883
779
5356
7269
8960
8621
7611
9121
3785
6768
7357
9497
750
9268
1199
7118
1784
6893
3825
7563
9384
2769
3764
683
6784
9303
3063
4091
9584
4570
9530
8879
4169
4110
9576
5239
6655
7282
5944
8220
8453
6059
7290
8646
7806
797
9475
3277
5989
6172
5637
4086
4689
7642
4311
4396
5724
4129
915
9452
7695
9812
3303
4285
786
7835
6402
7352
82
5822
7210
8462
9143
2824
400
8788
7216
2186
6273
8611
1630
6766
1611
6188
8241
8379
686
9564
97
7468
9527
2369
4413
9420
6036
8534
3659
7478
3415
3129
7595
4677
8605
8643
9687
7571
2685
6641
5846
3868
7775
1629
3082
5677
5039
7323
8274
2727
8636
7964
6715
9360
9642
9293
8325
424
7280
6161
4719
2317
8150
7119
1917
9032
4102
2938
3789
145
3495
6356
5502
777
3053
8863
9431
5032
6390
844
647
3372
3039
8222
9803
1327
5765
6208
7486
1662
4148
1546
4333
8592
1493
4884
5002
8025
8090
7946
7661
7866
8255
4104
798
3449
6432
3967
1157
5980
1813
4371
7800
7503
811
3048
7568
5687
2991
7952
4136
5298
3182
2197
9746
6841
8127
2563
1431
352
6962
7534
8268
9668
4614
4942
9166
8438
104
5923
4256
6740
9180
3783
5131
2843
1402
2325
9835
7586
8924
5888
810
7058
4580
4278
3423
2784
2853
3385
8521
4729
5890
8957
385
6510
5366
8848
7125
617
8895
7064
2184
6082
6522
940
4043
86
8282
8335
5375
469
7884
2899
7979
1258
3761
801
761
9330
1542
1809
5499
8989
7204
9000
6233
2678
4699
5900
7286
1105
4554
4436
7931
6403
4186
4889
8337
6942
7375
1073
7515
9937
6440
7047
9391
3784
8881
341
2907
7341
7730
3677
9448
3639
7873
7301
7704
4529
6791
5751
6682
4534
9794
8332
8350
1557
4604
6545
6694
9105
9673
2122
878
9934
4096
1409
1321
5938
2112
8320
8408
6198
2309
3307
9786
4508
1955
5159
7649
9836
740
4847
3186
1382
9277
1700
3030
3434
2625
5258
3940
9872
5138
3822
8328
7427
2239
8697
7069
8770
5153
1678
6179
8843
9650
1604
7758
7344
6716
6350
9205
1958
9052
6840
5538
7374
6279
6592
5157
6075
6572
4726
5068
6783
7112
8456
9700
4562
3430
3754
7054
5097
490
7422
7665
2966
4552
827
1264
1096
8449
8418
2454
901
5057
9733
3513
2905
3069
4618
4932
3029
1491
5212
174
8884
6600
4322
6565
8626
9033
5517
6401
9545
9777
9716
2917
6226
3963
288
2331
9968
8696
6879
2782
9184
722
4945
7897
6291
7176
4532
4663
8529
2779
3585
6610
8642
6257
2569
4492
1038
3898
2816
9273
7962
4629
8108
2805
8976
2527
6128
1548
2827
3296
295
6339
5640
9978
8743
8536
4024
6896
8212
919
3572
1647
2006
3532
7278
7351
8186
1200
9158
7392
1136
8050
9583
2313
3441
1274
5169
5810
6920
2928
4539
3402
310
5896
4140
124
2710
6290
9060
7127
590
7389
985
2633
1278
7760
3577
4700
5762
6411
3278
8871
2672
6171
2078
4077
1085
2111
4216
1079
3152
814
4373
5160
6258
2139
7541
9941
4851
9300
6527
3028
3338
1141
4894
5358
5102
2149
5140
732
542
6528
2071
7978
7794
1874
3749
8112
330
1768
1845
449
236
3888
6182
7363
5371
2585
5263
2590
708
7720
3392
3951
434
275
4279
4643
2097
6934
2365
6753
8569
1093
8517
8765
2550
2024
7679
4774
1741
1655
874
7373
5281
2941
632
9703
4007
9206
5189
7202
4194
8022
5474
2250
4378
8841
2607
7460
943
2465
3849
3924
7166
7414
3206
8597
3420
2717
2558
8801
7063
745
9177
6907
8556
7645
7973
2259
4829
3060
7550
9445
8566
132
2624
9992
704
9304
1871
9906
9804
5085
2986
6109
7892
4642
4989
7889
7042
1139
3778
2004
2481
1943
54
2594
2076
8202
1072
2296
8704
2410
6810
1477
1550
9627
5701
7813
4160
61
6349
9702
3
2603
285
5768
8993
9544
9400
7364
1716
7570
5573
2862
2647
3657
3400
6514
6324
4703
1459
8594
5922
9015
4821
8166
2287
5310
1165
7716
8292
1259
4968
6752
5059
7258
9982
3422
5654
2105
4930
6072
8461
3176
1623
8963
6941
7803
5689
6462
2409
9129
2216
5548
4055
1886
2579
6467
340
529
5648
5168
6678
6639
3941
2888
1549
6688
7547
5185
1185
1239
8565
2321
9790
9415
8113
5154
9367
9133
645
8588
8412
9883
4261
8151
9443
8922
4964
6235
1054
2709
241
2150
3155
3655
4163
7434
5459
4624
1448
4405
1745
390
3165
4820
7802
5815
2929
6523
2170
9821
4920
3116
454
5176
9822
5192
7724
5950
2306
8200
8806
2924
8668
850
5270
1601
5945
1407
2207
5163
6114
6081
4308
1047
9834
9455
4265
249
8006
6205
7983
3525
1916
5401
9556
840
4815
3807
7150
719
4906
1518
6117
1875
4550
7941
3310
8289
7365
2375
4103
2857
7865
689
3614
4577
1446
8793
2220
3603
1988
6394
4721
1808
2868
5904
114
9139
5646
1189
8851
3017
7820
537
7646
9781
9140
1653
5977
5575
4680
3547
139
2070
3463
9772
7436
7287
8865
326
4080
1435
5958
1367
4128
9696
5086
5572
3763
9214
8612
1082
8804
76
4743
488
5326
2201
5949
7769
635
1667
945
3732
1765
833
6476
1447
5483
7023
8934
3642
4184
1168
3466
1044
9065
8258
2419
5518
8931
7193
2209
1738
615
1215
4467
8286
6758
7667
8849
1187
3695
8659
6458
7154
2442
3143
1657
443
3589
9351
2658
3509
2540
8670
7241
3594
2555
69
7648
8495
6058
1689
3358
3834
3067
962
8223
2945
2305
478
5937
5049
3373
5387
9287
6855
9369
1656
8987
5875
5712
8886
6294
5126
3907
3109
2470
1539
9721
6966
2507
8723
3334
9181
309
4717
32
3672
1169
6706
4951
3566
5820
1841
6686
8049
5865
3678
1074
8359
961
7458
5091
5998
4173
18
23
3650
6622
3581
5793
7856
6177
314
1143
2922
5903
7685
8158
3325
6539
3433
5671
7135
6249
1181
1754
4988
7776
8482
8275
6194
7185
8176
4365
9096
8720
5033
4886
2448
9008
7055
4844
2720
5259
2301
993
3302
7442
415
9320
2124
7891
9865
4269
2052
8918
9012
791
6496
8116
8650
9778
1419
656
1195
1992
5754
7707
1870
4540
6597
7960
2402
1111
134
66
5856
9467
9915
658
2411
4496
7543
5829
4551
5217
3865
113
4744
6181
817
10
9409
7312
7066
7692
5859
3478
8068
5873
8411
3592
764
4688
9518
4015
9194
2067
7334
5384
2874
5498
9924
7630
8019
1037
8826
8543
8933
4048
500
4178
6626
3943
7181
9368
1170
4063
8525
3367
505
1154
5935
6829
102
3390
2833
1099
5195
4401
9440
2267
5331
9221
7368
6259
9109
8677
2808
2936
6399
2324
9410
8542
9974
6586
3837
186
7712
7746
6456
7359
2809
6741
4143
5796
1864
4149
2274
5058
4284
3343
1460
9007
8651
5617
248
2554
9427
2003
9091
5229
650
1676
4321
5692
1969
1058
222
7682
6006
7651
7834
7540
2294
9070
631
6472
5925
1615
9928
3665
2291
6903
5912
5312
6020
2222
4145
2253
6340
1881
1000
2807
2405
5960
5010
5267
9845
4909
170
6919
7252
1547
525
8593
3856
823
9947
3944
6605
7130
9159
3978
8242
1935
6714
1684
475
286
1276
265
4020
2708
8860
4871
3843
7674
8564
7732
4972
577
6838
9676
4481
9719
5943
9682
9029
6274
5080
4134
5624
5405
986
2484
5663
4842
3575
3312
1752
685
1214
3534
2789
2444
8180
9957
4997
5520
5610
6436
8551
7887
3935
5453
328
6322
2453
8845
7124
4038
825
806
6473
5729
8169
8293
3258
6379
5342
5735
365
280
1839
9994
1555
1868
7777
1022
2335
1500
121
924
3050
3638
6977
4069
937
6494
1810
7970
1863
6064
3630
8192
1080
9709
5302
5020
4174
64
7610
2745
2012
4952
3713
9745
6031
5715
3857
7266
2771
1042
8361
4208
9435
2152
5026
6735
7157
8713
6470
3835
9366
1040
2726
7709
5853
293
7681
9362
496
3233
250
3469
4518
3477
9534
2433
1121
3412
2654
4732
591
3731
7545
7114
4474
7454
5480
8338
3251
8489
6106
8020
1733
1698
8227
4252
9182
8537
3976
3806
5794
4603
2914
6352
3947
9212
7509
1644
2358
4762
4637
4142
607
9460
6139
2382
503
1222
4512
7558
6124
6237
5676
9519
110
8054
4839
6347
9552
9381
1332
1740
8261
294
7584
1241
795
7581
882
5990
1450
7936
3164
5816
5706
6253
3363
7874
50
9086
9134
9490
7476
2882
2996
568
9372
8830
3179
2181
4602
272
8739
9259
1563
8635
4473
1713
2416
2574
8271
3172
290
364
284
2661
2226
3952
9548
9174
539
8189
5730
9395
5260
6304
6804
9529
4891
7242
3013
4582
2148
984
9011
3752
381
2615
633
5457
9748
6889
6830
1171
1370
8073
3085
8010
1568
7840
2725
1371
6738
1485
1014
349
3384
570
6845
8591
6886
9961
2460
3270
9466
5657
9557
6988
9191
5450
4288
2534
2612
1277
5244
9333
3290
2609
3826
2605
3516
6900
849
6185
6832
6596
1023
468
6789
8391
4118
1359
5539
8511
9376
5355
6187
8683
2721
3494
4428
83
699
6459
1580
5271
6745
2345
19
5110
4636
9112
4176
6414
135
7072
6954
7381
2013
4771
1720
2336
2970
3248
8385
9087
6021
2116
792
4976
991
3393
5928
8143
3874
1132
1140
1045
584
4656
2254
8165
5951
5862
9223
6503
9856
9819
1268
1861
9735
1501
5151
1776
5620
6380
910
4533
5074
26
4617
7502
9253
9645
4328
4807
5377
9013
4918
8100
9724
526
9076
342
6100
824
2117
5186
7305
2130
4805
8513
1526
5633
5429
9193
3123
6300
7383
6415
9935
8063
6529
1950
7006
3829
1609
8834
9706
6956
4415
7143
581
304
2943
6536
4812
5966
4634
3889
657
9401
2373
6629
5509
7966
6063
9226
5599
7261
4927
2019
6174
2447
548
9595
9714
6525
8904
9890
1517
7885
6357
8965
2757
3226
1777
6575
4957
1617
5065
2020
2832
6229
5962
8441
5233
9656
8014
2849
1849
1634
5165
7694
7152
1948
7658
2768
8512
5
2621
5589
2538
847
941
9971
5318
2580
8679
1815
2403
5335
4912
1628
6786
3769
1201
3510
5211
6541
1349
370
3518
8653
8397
2065
9411
4993
3905
7234
7572
5805
6513
6285
4068
2740
5424
1704
4555
8774
8954
5583
144
5485
9097
3339
8878
6348
2644
9599
2451
7904
1938
5696
9116
2257
1537
70
3076
8522
3853
3255
1266
3196
8759
4644
4397
7201
2516
2793
5914
543
3118
7928
2118
8167
778
1292
1711
4593
3773
8011
5744
3641
8533
6800
5383
8839
5166
1251
4567
6952
6722
7538
3337
2831
7087
7743
4748
2063
2960
989
2483
4317
3794
7638
5454
3058
6548
9489
5630
1391
5350
1624
9533
7010
361
1569
6495
7882
4200
3770
7549
3318
2840
2036
7230
8183
3094
7197
3036
5219
3970
1314
7807
1574
9950
7378
3706
9290
5655
1994
6463
6733
3658
4368
8295
1734
9990
3632
279
8144
9886
5478
2583
4660
368
7670
243
4008
9483
2487
6204
7596
7812
8175
4318
6051
5013
5598
5234
2134
1240
2101
9373
92
9318
3796
6720
9542
5249
6221
1831
9888
6627
6811
7535
5737
247
3121
630
3370
7663
7994
6914
1463
3983
8876
5668
5784
5861
2639
655
4598
1175
8673
3803
6949
5883
206
4341
3217
4183
5817
7187
6853
459
7975
2499
2225
5514
9630
251
8854
880
6492
3101
7967
5133
6094
3573
6408
2638
5228
7196
4018
259
8307
5334
4493
2586
7609
2137
1015
1587
4926
3092
8071
8287
1207
1982
9916
6207
2683
5437
3845
9321
3679
3459
6703
7354
5871
6054
2804
7399
6618
6659
1791
3323
7924
8777
6875
7614
7165
7149
3440
2015
4931
6582
4495
3445
4131
8297
6330
9344
467
5255
6477
5638
5181
6698
1087
951
2775
787
3717
8454
1394
4266
36
224
9230
4970
6927
1664
89
2255
7792
1663
4809
9991
4270
3379
9604
492
8969
2561
3033
6261
3500
7265
4868
199
8885
6231
2108
81
3192
1851
418
1949
3330
1773
2119
2748
4487
6061
869
6428
8210
6560
4202
1880
6969
9178
968
4327
4273
6997
8260
7929
5702
1967
8769
4420
3409
2103
5230
7843
7481
3064
7332
1690
9558
4199
4638
2918
3876
9423
7092
9175
7544
6318
4706
6418
103
230
4690
8445
6215
489
2062
5438
4023
1347
7824
3544
5311
3623
8434
1529
3811
9927
8159
240
5004
9805
7446
9787
2304
4948
5693
1603
1565
6076
2657
5878
4999
7742
96
7561
7167
7360
9219
6561
2360
5521
6341
1395
7883
3860
2565
3877
8382
2913
348
8811
1714
6965
9093
2576
7328
3580
7057
4494
4697
3602
2523
718
3341
6485
4277
6150
501
130
6466
9695
355
1413
3492
1986
4929
5605
3211
597
5187
5431
5028
5101
6922
2414
1869
6533
6993
9722
5612
3486
875
9690
1993
6820
5115
866
5320
7847
8950
6218
331
8868
8877
9331
1021
9458
4902
7951
5108
8999
7307
4246
1854
6395
499
9932
1792
2413
6500
2684
1927
2385
2417
9892
312
5683
6802
4146
8458
4955
3886
3487
347
1097
9965
9299
5063
2042
569
7785
3910
3399
9188
7407
5019
7942
1978
1855
6909
1966
9749
9581
7076
2578
6043
8607
3007
1625
1759
6397
3980
6577
3237
4250
6978
3629
4137
8431
4133
2386
6374
7833
5116
665
3903
2048
6673
4451
9078
5830
2597
677
6538
5895
1403
693
8971
2153
5266
7822
7222
5003
4338
2258
3531
323
6444
2500
5837
465
7575
9189
4781
357
9104
3748
2770
5137
5530
1190
6693
3869
2525
8733
9955
8473
5557
1814
7425
8145
6557
441
4707
5887
7291
4482
6991
8617
954
9451
8170
6096
9045
4109
3377
9258
8400
1835
888
3077
1107
3170
8740
2954
837
872
3590
2026
7759
2200
1527
3124
2821
123
8368
4012
5363
6447
9605
4367
629
8562
2566
2935
739
4655
4296
9952
3275
1649
7714
9414
3497
6812
8363
1106
8766
2509
857
2033
4826
755
1669
900
2904
9503
30
9046
3448
6672
2944
112
9594
9894
6311
9598
2142
1769
2337
6728
6165
2355
1987
9288
5100
5851
88
504
2298
5953
1329
4933
904
9853
916
4696
5455
1225
5364
9881
7801
7313
4893
9114
6637
1471
1194
938
1788
7401
8423
6435
239
6664
1392
1731
3611
377
8784
7492
5562
2871
51
1552
8057
717
7318
6974
1778
2346
8017
8077
5869
3480
2236
9037
9058
829
9592
6940
3438
6484
8727
9985
6936
9718
9132
1077
9047
7474
7974
9686
5380
6625
5325
9895
3236
4830
1686
4742
2281
5278
1631
8571
8711
9814
1616
8583
9477
3352
7650
8946
5413
6904
6743
9120
2038
7940
4155
5064
3645
6446
7939
928
8149
4132
4876
3964
3702
4197
1602
2503
8731
9454
8859
5427
965
1226
3245
7455
2263
3817
4212
1767
3742
4057
5603
3846
7786
1523
115
1400
2261
3444
5885
1610
9408
3386
2989
1061
5718
6665
3798
2096
2848
7958
1763
3816
8510
3260
2339
1310
1031
9758
2680
5497
1964
8043
897
5378
3485
8254
1838
3897
3071
1635
3002
7483
9784
1693
3987
2822
4858
8666
8820
6355
4499
2344
7675
6016
9371
1434
3966
1846
4369
3083
716
2728
1287
8299
2450
907
8751
8580
1182
5792
8926
6971
2289
5940
9380
9568
6469
9833
2896
3619
3335
4740
4182
1581
5686
4016
456
6684
9450
9023
5344
9546
4778
2040
7011
920
7635
6049
1685
142
896
7191
6724
2166
7702
7084
1055
7804
946
3114
4990
3707
3040
7779
4544
2475
2912
9157
6669
9732
1594
278
2659
4452
8672
4735
4785
9005
2180
282
7557
8357
8086
5283
8218
3625
4292
2391
7971
3413
461
1699
2875
9359
4861
7020
1534
4755
518
1479
3703
5061
2859
636
8917
6892
8298
7074
4126
6633
5543
9061
5481
4154
8527
8142
3009
3885
5787
3073
7624
3324
4521
292
1789
906
2272
3973
9800
9446
1173
4098
7075
7652
4784
1858
2168
4979
5910
7766
395
990
7137
9356
4011
3142
3225
7927
5379
9997
3626
9081
4543
3831
9203
5423
822
7604
6883
4621
8028
8450
8705
9220
8814
7024
5482
2596
2998
1163
4030
2399
9085
3208
2736
9469
4787
1083
8882
3912
2446
3684
2159
9196
6365
5309
724
9874
2408
5723
4377
4233
3166
8178
8582
2219
4446
1144
6479
9313
7749
5111
5524
7029
2883
498
5586
198
491
6611
5231
6086
2879
5395
9993
4041
5487
8459
8753
8278
3884
7300
957
5505
523
2939
2890
360
7437
6882
9926
257
6270
2811
2681
2278
5694
4606
6983
4720
4681
2172
1336
1146
4092
8266
4042
3734
4994
8669
8404
7523
7022
2606
7079
2002
4179
1930
8658
8432
445
9808
8833
9499
2497
1884
4253
6660
4453
3086
7123
5295
7169
4372
6060
5410
6465
7451
1453
666
1766
8239
7428
7136
1317
4961
9172
8468
8193
6793
1156
7863
3213
4709
9879
7996
6989
6781
8406
7405
5130
1263
2445
8146
4434
2383
9712
9339
1255
2092
5060
2689
5479
2110
7984
6245
8852
261
5368
7814
5725
4901
8248
1936
6416
9954
1729
8700
5607
4306
1545
1719
4527
107
6089
4350
9622
4374
1426
6197
3034
4061
1961
7007
58
1856
5446
3052
2323
6549
9432
9807
912
3397
2955
460
3264
5225
6839
2329
6570
5872
9422
4260
6925
407
6012
8386
3576
7370
3072
6230
7482
5114
6798
7753
9028
9848
5533
9799
3908
8051
6670
828
7294
715
4180
4824
4287
7896
9875
9893
9010
4099
1340
397
7773
7208
5995
1840
1646
7178
5743
3221
1092
5584
6422
2755
8998
7046
6431
74
225
2049
9867
6200
5072
2018
277
9218
3451
2192
5182
8761
1389
6148
7358
9397
710
3821
4969
2182
9547
971
3388
9164
8572
4219
5235
759
7013
2341
7420
3711
2154
8204
7772
9328
4291
1350
1131
7888
1151
1524
4568
9885
4694
5008
8654
3195
1411
3875
7980
5747
2967
2218
9958
4175
6663
3643
5464
9236
7592
8270
5027
1361
1748
4458
5430
4896
5452
7240
2129
380
2435
8694
179
851
8587
5428
9567
5845
6140
2511
5800
6905
6028
7404
8699
6960
1613
343
9255
1036
4334
1230
4701
9528
8796
9123
8889
8351
2283
3930
7520
2303
6970
1860
7044
2232
1722
2982
9793
5781
9465
9325
9130
9245
2090
9830
5884
3728
9945
4848
1800
8813
2349
173
3662
399
1499
5251
9088
6302
7153
8717
6486
6224
6412
7231
6556
2993
4276
7039
1027
821
2842
7693
6045
2132
8939
4565
2756
8104
894
9234
3319
604
2290
7273
5322
8105
5569
9314
9689
1785
4537
9989
967
3453
2999
564
8376
6288
5152
6558
5327
6677
9306
1110
8628
3617
5714
5443
3972
1827
933
1654
442
3593
4572
160
6881
1892
7189
220
9962
9513
5997
6353
1535
4956
2909
221
1275
8401
2750
1333
8304
4355
8198
6104
3084
151
4675
4262
8367
2059
2455
5581
3414
7321
3095
8912
3854
4578
5434
2
254
9693
981
3383
5750
712
6014
7895
101
3228
6130
3020
6524
2275
3561
495
7808
9765
8109
4925
6162
9379
800
2584
2734
6790
1118
2330
7212
8389
2496
1284
1691
3295
9644
2739
3136
1366
7655
8024
8952
3727
1873
3832
9555
8234
8185
8267
4949
4773
1931
5867
1599
2592
5426
6243
9365
298
4336
2032
7583
6144
973
2781
3365
1799
4005
1428
8842
6369
5171
7277
1723
8410
4865
854
1692
9441
527
6984
7741
4910
6671
1786
3776
3218
2262
7279
238
5055
6990
1280
4576
4286
2458
4674
8799
7110
8639
8232
7603
5471
4066
6537
8174
948
2819
14
2722
6301
5240
5048
4557
5183
7943
4271
5093
8649
6895
2673
4632
427
2830
7762
3045
1341
7587
7976
2061
621
4584
2508
6069
7426
7382
6099
431
5868
8561
4325
6019
3068
6191
6589
5913
7015
8265
4088
5369
1877
9229
5906
6980
9092
9406
2162
9868
6520
835
1296
697
6861
6948
9488
2622
8231
785
5306
2424
1029
8923
4535
3795
534
4424
4210
7901
4429
1903
3006
4536
2394
4939
1787
53
7913
5585
3481
5184
5291
8494
6746
9692
4736
8135
7552
4833
5894
7917
3336
6201
338
6190
2459
2872
3212
532
606
7553
8701
4050
6915
5534
8190
8138
8972
1414
1180
8937
2338
7838
2389
5279
8637
9494
6764
1909
8906
7439
7514
5660
9756
5608
2464
528
1053
2271
197
7710
559
6667
3411
8075
2533
1804
6293
9377
3620
5661
8455
9035
3177
9407
4014
8780
3790
8614
1844
7705
440
7879
5037
6354
9562
1828
5134
9739
4556
3157
9507
1998
5456
9297
4267
4304
8203
5221
5400
4793
5531
2620
6131
6370
9986
2777
219
5303
6809
8724
20
9250
1109
5253
9272
4795
3010
3091
8638
3738
2619
6501
9248
6901
5570
9823
9307
8091
8045
5593
1316
2575
4828
1167
8508
664
7684
7599
4520
736
6730
9039
5931
3074
8134
4298
8498
7133
1311
3878
9532
5948
7598
3096
3537
2690
7172
9602
8283
6894
3111
472
4195
4036
9106
535
5907
653
2952
1659
5207
3038
3708
1753
9382
4895
1117
4157
1901
9252
5432
8039
6581
2146
8855
3376
1727
858
1399
7505
8269
4241
1639
8632
7122
9964
5040
1444
7038
5268
484
3160
4059
214
8828
201
6998
8896
7872
8356
6757
5674
7602
3130
4759
6617
8236
1326
3501
1323
3134
9036
6571
7146
7852
5628
125
5256
881
5204
6155
5641
6158
4463
1318
6000
1626
5941
5106
3797
1687
8213
9948
9311
8609
2543
4207
788
3848
6151
949
6509
3350
5592
845
6967
356
8812
980
574
979
5864
8440
8062
7798
1356
2377
5264
7921
1554
5022
3520
5409
7857
6835
1732
7192
7522
4021
7700
4838
4758
479
4890
5763
1221
8280
9996
9813
3371
6239
339
5645
9090
4310
5070
2934
9524
9620
2691
1417
4224
9463
8967
2630
6115
982
6055
2729
959
1660
2927
9852
7248
25
8608
7435
782
6307
6108
4668
1680
2865
8309
8420
8021
9525
2428
423
8493
2651
5616
1008
8550
8015
3864
3745
9632
2327
9014
1159
2158
8318
1712
4209
3968
4079
7900
7935
8528
614
2733
5508
7739
308
2846
8187
8184
9685
5957
2477
5666
6674
4332
7507
5119
5893
4281
388
4870
8080
2396
7096
7214
7040
5445
7129
4358
970
7703
9672
4935
8394
6498
7111
2011
1937
5642
8074
7107
7736
7032
7388
5623
7182
9302
5144
3866
8188
9374
6364
9322
2342
6475
5698
3766
8725
6438
9232
1397
5308
5147
909
6222
3202
6870
8929
5392
262
7899
9944
5771
263
7467
1267
720
2700
3870
8002
1007
344
4515
8302
908
8547
1174
9904
8615
6801
9773
2737
3291
1853
2697
2877
923
322
3025
9171
3737
5167
9128
3435
2984
5451
152
1975
3498
1381
9638
7095
3550
2300
2480
7790
1379
1562
2489
9031
6361
2476
6320
8661
4840
8409
2679
8627
6328
3725
5489
1150
2518
5285
7542
5988
7034
9018
4234
1084
6643
9050
8475
9801
9963
2264
5848
3654
5731
2231
1677
4065
8246
7311
2171
1508
4247
5389
5691
4705
5748
5277
5198
5790
1561
4445
2312
558
4484
5721
5536
6975
2161
509
8507
9393
4678
7953
5346
7981
9072
3519
5261
772
3505
9051
9262
8121
6992
6152
6065
6772
5828
7262
2949
8034
7338
4353
2921
6878
383
3019
3065
7728
2169
6916
4089
7371
9929
7088
516
2765
5416
3361
3598
4071
4586
4919
6550
7391
1600
6699
932
8703
5477
7221
8622
2599
2234
6675
7972
8349
4766
1218
4426
1456
5205
2319
6913
2581
194
9089
7362
9464
6986
5088
1415
6147
8634
9826
2457
769
6972
6958
4789
8262
3922
9896
7304
1905
5412
9925
8541
6265
3612
85
4301
6335
1328
8798
3844
1032
2359
1898
9275
3653
9260
5136
9922
2102
5918
2079
9296
4035
2430
8219
9774
2707
4249
763
7052
8490
8336
9144
8891
4831
2242
4650
2760
3138
1160
4094
513
9880
3447
7748
7738
6628
8629
3253
4462
4427
8308
2322
9326
4239
1101
9004
7081
7689
868
2591
9831
3615
2723
1004
291
1911
166
5442
2539
7506
5052
4710
6256
902
2731
7041
1325
770
2400
7898
8344
2892
8284
3743
4615
7660
62
8333
2352
351
1422
3199
4357
2005
9752
2452
3016
1013
5965
9843
1514
9785
2616
3150
3517
7594
747
2767
3181
8721
6360
8114
4579
7676
5490
6737
7912
9606
3618
2783
7264
2903
8702
8686
1056
5288
2706
3515
5863
8757
6455
6656
4013
7725
2204
4503
2356
4045
6935
684
4314
7289
7485
24
7384
378
6595
6872
2228
8215
1640
320
9160
2407
2167
5554
7244
863
4100
9283
8048
9959
7721
8067
4779
7869
988
5462
7170
8943
7239
2961
3512
4471
4665
5727
7761
7098
5604
9264
1576
7179
8966
8822
5351
7245
7733
1360
9135
8118
7532
6912
8515
300
8139
4531
5083
9802
2449
1742
5367
6690
233
98
1505
2187
9815
1365
5286
7319
1030
550
217
9186
3812
5839
1703
6005
640
9763
5905
1879
9657
8870
9100
6999
2378
652
3120
8173
7774
5031
4039
820
2280
7908
9456
5880
4108
7151
8742
9059
6807
1921
6468
436
7950
7413
4315
9905
5359
5248
6725
6590
735
6247
4872
2418
6246
2351
4856
8832
9504
974
4691
3508
9197
8951
2838
1770
5769
8315
9327
2100
9075
1393
5970
646
7955
7588
864
5688
1217
752
6747
8984
804
9827
4167
7954
9402
8065
2157
4608
7296
2099
9516
8340
3730
9049
3981
422
6303
7348
3984
9470
9235
8152
9938
4517
8037
7508
8447
4433
8194
3646
6112
3355
6126
6195
7613
2975
9119
1492
8027
317
1979
7295
7019
4611
7416
3344
4
4454
571
7350
1830
72
2213
8692
1223
9074
3047
2776
3131
5786
8132
3183
3227
7461
1178
1129
969
7634
4877
1103
2889
2095
4280
7002
2223
1755
6214
9247
8026
6157
2968
8029
1756
5143
7394
1775
2908
2895
6309
6795
9054
90
5635
71
7525
602
3605
6426
3879
9840
1020
4934
1299
922
9660
8802
3288
267
9280
8161
8633
9858
6767
9357
5788
2712
7463
9970
8141
9741
5902
7443
6189
7890
7608
9261
5257
9860
235
1997
5340
1335
260
2600
7457
3382
4075
9148
7102
8471
2940
4965
4746
7713
8729
2269
4047
8568
2963
9124
8749
1416
4476
7877
7184
9820
1572
5780
4756
2802
6588
4998
3113
4685
6448
8979
642
2151
3565
596
4076
3457
4196
7366
4431
5614
7355
4010
6453
5316
7859
5381
7849
4741
9618
1433
9204
2165
1891
3753
1735
3106
6378
5678
7008
6712
9242
8585
7923
6386
8023
3660
8578
7345
780
8959
1440
5669
3588
4575
5734
2371
936
3712
4777
1196
3103
448
3062
2320
3628
3214
429
1224
925
9779
4545
7218
2582
6805
306
2075
2504
226
6851
7101
7495
4790
6648
5161
6759
9737
7948
9315
7424
767
5609
692
3666
8083
1638
790
6209
1510
1837
2121
1822
2173
63
16
5042
1436
8463
7810
3867
1364
1112
9265
4917
5461
855
8824
1933
2141
8018
131
1821
7998
5551
5209
8520
1811
4704
8810
6373
9336
3946
1588
8665
9449
3724
245
5177
8942
7576
511
3280
1067
6062
3022
5210
5824
702
2016
3421
6685
6329
4124
4509
8555
6296
4381
5208
9698
9596
4823
1467
5582
4832
5193
2753
3261
1012
4003
3735
6219
1330
4123
794
7445
462
7194
2347
3321
5759
7268
595
2069
9083
4646
3188
877
93
1368
9939
5388
4725
1482
9734
4364
9363
5532
9761
425
4335
7177
9295
7795
9337
7511
773
6041
7045
4236
1665
3919
8117
8644
603
7155
5273
3315
4188
2467
9345
4488
4987
9829
2395
6323
4074
369
6603
9762
4073
3250
3404
771
9969
8792
3151
7987
8426
774
8772
8153
2277
4359
6085
1558
1486
8339
2787
9063
7353
1850
6826
8977
5955
9757
6387
5555
5741
3631
7430
122
9487
3471
1293
9981
3137
1996
474
9202
7699
860
530
776
1592
7565
8785
4620
682
1234
3558
223
8371
2796
4657
2512
675
6717
8674
8196
7664
2366
9240
2649
853
3777
3364
3234
2817
1297
9257
9043
1559
1989
7227
5652
154
4227
5054
3240
7419
9495
8249
891
842
9413
6078
7120
6817
9634
9289
4937
9233
688
9943
3993
9575
2120
9972
8829
4313
8317
8888
6705
3982
5433
5174
3931
8530
6607
3458
5576
6982
6132
9424
6363
9844
1050
1661
2177
583
5113
6393
2260
6022
1584
5892
1113
6662
3579
8060
2514
3476
5545
4242
8036
6756
3587
3921
4908
1081
6911
2050
681
2992
9846
5849
4597
6700
34
2491
5764
4083
9338
627
8741
7985
6346
1612
8549
9142
3977
8296
1968
7303
3378
5866
4716
3920
2109
2829
898
3443
812
6287
5046
79
1051
3956
6319
6454
8110
6033
1357
5206
6681
4633
9754
5425
9141
1094
7068
283
3268
4959
6676
6976
9398
7
6930
4549
8253
4231
6630
4450
7893
9866
887
8076
2029
8786
6368
3957
6587
6890
2520
9103
3916
9521
2190
727
7656
4558
1494
3224
4687
8098
7433
266
5089
1751
6381
4601
5602
6491
1024
4302
5662
8384
508
3431
2701
765
210
1166
3948
9199
2564
4309
9624
2973
5372
1134
2635
9930
756
7174
3824
6093
3201
4589
5294
4087
8958
1125
6471
6775
9276
5631
935
3772
8474
3722
4764
301
1857
638
8470
8544
997
6848
7213
4564
3282
8690
8323
6917
7600
6481
8748
5394
4559
9648
911
3633
2976
3901
4522
9068
3360
9478
3220
2044
1183
9862
476
2188
9437
9902
6110
6002
1960
2051
1158
7469
9137
7077
9055
4147
4156
359
5976
1481
1043
4903
2073
8443
9791
6240
6196
382
6430
4686
3189
5188
9461
9433
4837
7408
9554
463
1540
4641
181
1781
311
5991
7173
2240
6312
660
9651
7906
6636
8955
7876
8887
3097
743
3293
2147
7409
7556
976
3011
47
7747
119
8055
6734
3739
6649
3484
8805
5594
8122
3329
3369
9278
2836
2801
4351
1294
7894
5818
5124
5680
5469
1783
3949
1906
5338
9352
6493
8775
7243
3265
4547
2650
5720
2828
663
5218
2492
6244
6266
1675
7627
8719
1940
5252
9806
8504
4819
1642
5164
4425
2178
6023
1210
9984
616
6704
1033
6488
4235
3276
8012
9298
6238
4800
9914
2531
3900
157
2526
5636
2547
7326
5390
205
6160
7014
5973
2292
8974
8205
8380
3456
8919
1551
7271
1338
9115
4226
4274
8156
8069
5324
5150
5103
5675
2730
6269
8524
9553
6007
7004
5393
2131
6923
4625
6580
4954
7224
3452
3479
9480
7518
8559
5804
9354
1899
483
4888
6885
1076
6526
4769
1423
2179
6654
2880
7631
1100
9329
9324
6308
5056
9743
4407
3768
7190
7220
8430
753
7566
5272
1924
6213
4228
2567
3674
2981
6624
8233
9526
7612
4017
2869
4135
3559
2711
784
6406
6272
2251
5463
5148
9683
9976
6515
5606
8754
734
204
255
9270
9412
1934
1372
6281
5889
9983
7618
164
5930
6508
2983
4323
5921
2676
3621
4486
4804
7995
8402
2031
5470
1374
3596
9150
2175
3161
7723
8046
9021
2837
2560
623
1954
3135
5807
5916
2825
7067
8970
9854
8399
6168
3426
2693
944
2174
8209
5540
2820
9628
2189
133
4899
7142
237
9523
408
7945
1197
4897
9792
8835
1507
9094
4206
2214
7037
8451
3701
120
6423
8102
6534
1108
3637
4590
8921
2923
9438
4052
2426
5897
4379
8439
9500
7903
4594
2196
9484
3162
9084
8502
6146
7097
6946
5348
4053
8326
7417
9587
7003
8975
9764
601
4526
6445
1002
9615
6583
964
5629
3733
2156
3200
914
6102
5632
3663
2947
2125
5139
6325
411
3269
9390
3042
6519
1011
3681
9138
138
661
3649
7126
4049
7298
4422
705
3528
5047
9580
6371
3037
8867
35
4519
4466
8995
386
8466
7668
551
6073
3259
9471
6860
1896
861
5758
4626
6535
6217
3243
7320
49
1346
8464
9067
2128
6255
5488
6594
3427
3543
930
9145
9652
6088
5407
2798
871
9783
926
6396
9426
6289
7751
4398
4408
5852
8250
5961
6284
3133
5439
9891
1018
8279
2252
9056
8779
3503
3995
404
42
8905
2915
502
4084
5226
7512
7206
375
4591
5095
7698
9246
3961
316
8013
1449
2803
4883
760
244
4855
4900
9674
2742
2221
8182
7027
8953
1384
5986
8584
4605
5799
1315
5899
9684
8864
4028
452
2705
5785
6351
8726
155
8429
8124
2752
1270
2677
5117
7259
8040
8586
1432
5158
9559
5084
1622
2916
2919
4731
153
9878
1915
4849
8413
7386
7109
5112
5746
3640
3368
9619
9364
8768
6030
3209
8928
6769
6968
3230
2077
8940
4907
2893
4138
622
4046
9577
4380
1726
838
7870
6824
5773
2126
3081
3557
6367
5418
7183
6026
8460
2237
4191
6751
1272
6822
8625
8908
9839
5224
5740
8263
4172
5942
8655
4150
5789
9485
437
2199
8630
159
1583
8128
1469
2864
6614
2652
4640
1867
2548
8414
6957
3699
9481
1832
4078
8342
5700
594
3583
9508
1819
9923
190
4340
9537
5222
819
211
3331
4588
1904
9561
9066
2861
1889
2716
6833
7591
4282
1281
2374
8716
9956
1907
4105
5639
7317
9520
4967
2054
8938
3850
5513
3536
5826
346
7768
2425
213
4185
1895
7605
599
379
3716
5145
885
45
7696
8856
8235
2288
1848
5402
7841
9154
1812
3132
5879
3556
3847
7134
232
8599
3808
1220
3524
1075
1164
9744
6825
8718
5365
9600
1520
8660
8894
9405
3088
8435
4794
3185
3929
8506
8944
7853
9810
4144
7116
2022
4464
4684
803
8042
9578
7329
721
6994
931
540
5812
4553
8365
7818
9125
7018
1502
6631
5172
9256
3851
2863
6375
8370
1590
5245
2441
9995
8483
6799
4581
6931
4019
1652
192
4217
2773
3455
852
8
7636
8518
6963
4749
4647
9101
3424
1641
7479
5420
9536
1069
6599
5038
3474
4440
3317
7073
5876
6579
5321
9215
6421
3396
3911
1865
2193
8773
5376
9281
1312
2376
3175
3788
73
7048
2494
4860
5544
2855
8107
2799
2696
3244
2472
5178
2027
5802
7789
3971
8760
7770
4616
2088
8052
1823
1805
4846
2572
884
8698
9667
433
1285
8680
7171
3601
7715
4125
8358
2318
4383
1882
5523
5838
2648
6780
6286
7199
729
6680
7784
9911
4898
6267
5360
1059
9462
7132
2906
7418
7270
1351
6248
4411
8256
2268
5343
1843
3184
680
1749
7302
4619
1944
8557
9842
1708
2343
5915
4121
6220
3340
2601
8947
5336
8800
2194
2537
942
1632
4326
4980
1095
8310
8579
5512
8764
5932
5504
1461
9099
7093
3958
538
9921
6908
5118
7487
6278
4985
9019
3862
2858
7051
9897
6708
5756
4097
1532
3651
7028
5556
5357
2057
8624
1878
7560
4510
2806
7997
1605
2668
4754
5200
3357
7085
5196
2751
4879
8688
4739
2894
8103
5382
7470
2295
905
5611
3746
9870
6090
9227
3636
2310
3563
6163
5361
587
3416
1390
4825
6439
4300
7641
9030
9048
2420
6918
1985
6029
6921
3387
1028
5898
4852
8892
6661
273
5850
793
128
1956
1120
9543
4962
9388
3676
701
4718
7836
4996
7369
2080
7669
9161
8285
8738
31
6264
1560
5066
6950
3616
2183
522
5936
9080
1138
8678
8032
7811
2286
8038
1009
605
730
8600
3145
9169
6
8662
1273
276
8861
4339
2243
1942
189
6071
4761
3700
9436
5709
4822
9472
4733
2010
6254
8329
2293
7198
6225
2810
5558
6531
3499
1137
8334
5843
3004
4290
3144
5924
8229
3895
5496
9266
7797
2315
2953
2438
6450
7283
9165
5017
8008
9788
5107
6668
9661
2233
6376
3043
3933
3108
846
6392
6679
4082
168
9550
4031
2348
171
7934
3604
9612
8956
8097
2390
8797
4730
5770
9623
7310
2670
6779
412
1408
5834
2034
183
3852
5542
2091
6292
3741
4122
1536
7139
5009
5044
4165
188
1619
4658
3779
3001
1249
398
5314
6846
9335
3648
4752
3932
8787
4412
3569
643
6910
3021
7639
6543
1188
1953
4033
4928
1279
1747
1696
1302
27
9705
8903
8985
2064
9869
4255
3842
2588
5579
9898
4245
3204
3178
44
4170
6823
3089
5546
6858
8422
3664
8207
1016
8783
5503
1464
3530
4973
3126
5919
203
4044
7589
7878
4201
4738
303
999
6702
6116
890
1071
1334
2462
8576
731
5563
5473
2270
4352
9117
520
4232
2655
2542
3975
1354
670
5738
5717
5227
8516
4791
6553
8539
8085
2839
9901
8964
6842
2852
3960
3079
2265
1614
7632
8035
4331
2074
6040
5035
3535
8589
4258
4114
2155
8601
510
3904
4223
274
4442
307
9616
9571
7622
3555
3996
8147
2988
3883
6105
1939
5404
4469
9736
9419
7988
2247
8538
4982
9663
1271
565
3989
7180
6268
5021
5840
6434
7225
3551
2056
2589
2715
1478
6186
8442
1847
867
6424
3683
8033
6317
4772
8126
2439
5170
7825
5307
573
6726
3345
2104
5969
2135
6122
1291
5098
672
6056
9254
5109
2610
4416
7529
178
187
723
1216
9496
8252
8681
567
2818
4414
733
2933
5670
1420
7930
3436
7858
57
544
9589
9636
9312
4613
575
1102
1430
2951
7472
3799
8369
659
6046
4835
8372
9670
8331
1019
918
783
156
2094
4571
6635
3070
4502
5053
4222
7755
9912
2248
6691
3606
7569
8652
7186
2086
7697
2133
2623
9009
1439
8641
4561
9753
8243
7100
4666
5847
8730
744
1300
5495
3417
4818
332
8809
4040
3992
6803
4723
9601
4213
5959
7977
9453
7793
8794
3926
7957
6400
1378
8164
4460
4386
6850
1746
8710
7796
3586
3669
1771
8136
7965
9355
5079
826
2759
977
3751
325
3366
4032
5927
444
1236
5242
831
1248
2115
758
5801
3156
6732
15
6598
1885
6564
6275
4853
486
1681
2488
4693
2617
5732
1123
4111
4760
741
149
3687
8709
8016
2997
4692
7787
7827
2823
8986
4911
2466
5515
8807
4670
4093
1441
9098
410
3595
420
3301
1126
6867
649
6042
9882
9730
2434
8850
4915
9838
2562
4814
9569
1707
2363
5772
1458
6457
6857
4058
5403
506
5414
8689
9396
9775
401
2244
8693
754
7247
6796
4662
5844
9828
726
3644
3159
3570
3747
5146
5142
148
1202
9727
7253
6945
9766
3578
695
1488
4612
5993
9967
1457
8823
651
2328
966
5275
2980
1306
8364
8381
7372
39
3925
3461
8388
8838
1046
4211
4905
3294
6650
5491
952
1688
562
3055
3024
5596
373
421
5237
3347
9646
2754
4000
6647
4192
334
3780
1504
5704
8574
6087
8997
4635
7175
7848
6859
6831
1531
4981
2381
6651
2249
9389
6039
7423
9040
6843
3313
9002
7683
1842
2083
1902
5753
1470
8613
1883
4360
2851
836
1724
9309
8415
2468
6727
5682
6748
3668
1465
2613
3314
6562
8343
8277
6164
5874
5972
4198
7839
6490
4307
8898
9936
2704
6744
5015
9816
6979
4995
8472
2703
4683
374
2860
8675
2937
4051
6761
158
9725
3721
6869
3955
3758
2039
4158
3771
5486
3297
453
5622
6389
1484
2978
5571
8691
4399
3792
9665
5708
6924
2887
1928
7809
7385
6009
5132
8345
9511
2206
6025
3239
4947
6252
4836
5468
6316
4392
3906
3286
21
6542
1228
234
4978
5909
5419
3840
9249
4085
2553
2695
7379
9017
5590
6566
9334
242
8916
3093
1973
6638
8930
2714
7207
3454
6035
5092
8484
6666
296
428
6003
6573
9156
9001
8403
5247
1410
9859
6067
7229
7745
6683
1971
3571
8120
714
6169
9919
4171
7232
9210
5736
6066
3381
5323
9292
4661
6092
7325
1668
7406
2814
5018
6591
5280
6644
7574
3305
2743
9776
7593
2098
987
471
9614
713
5653
9425
2429
3527
8162
9149
4498
7140
3127
1098
7001
9653
414
7043
9809
579
6874
7438
612
8457
1912
9077
3262
9285
3026
3861
6512
7327
7607
7925
947
5777
7816
5952
1995
9492
3450
6384
1229
995
6709
3490
4904
749
215
5081
3032
302
4813
975
8177
1017
2854
5791
5978
6183
3608
5045
9549
1918
7009
1206
6973
5782
8172
6559
3820
6107
5835
4506
3624
8272
4857
9347
394
4792
6657
1694
2898
6497
6546
2215
6778
5475
7919
7049
9515
9
5713
5197
1295
8137
5441
7223
2440
3266
6518
802
8948
4205
2229
7316
8348
648
8228
7168
3333
1242
4653
737
1375
8496
4072
8360
4585
1489
333
6260
9998
4913
5739
8421
7336
5778
5649
2911
7782
5317
7164
6091
2688
5626
1252
9501
7255
147
2482
4745
3800
7238
4630
7626
8728
5386
4168
99
136
3488
572
8900
8645
2471
227
5568
1627
8862
7082
