9267
4457
2068
2112
6653
792
8137
1099
1682
9887
4114
7747
6802
3182
937
1191
2823
360
3393
1236
7389
177
7470
3909
2622
6396
703
484
5541
8655
6290
1456
1771
4642
5243
6452
851
5337
3236
1234
6839
1508
9324
8872
7401
355
9712
3723
8322
201
7977
6233
485
8480
7083
294
391
7151
6978
6436
5031
2782
7811
474
1650
1882
1453
3770
3685
5362
1866
2707
5057
3249
7598
9472
2221
1933
1991
3529
4222
8844
9035
7498
2339
5472
109
3299
7652
4764
1087
3050
1561
5839
7581
2545
9421
2919
7052
7478
9489
2525
8733
358
7765
6195
7054
2349
3568
463
9830
8216
8800
2482
6794
2889
8648
8352
2998
2032
6855
4311
890
341
5760
9974
6379
6203
9502
1397
9487
5589
421
6643
4351
3334
5488
5867
9851
3241
1584
3059
9298
5349
9548
7742
2769
6992
9433
2633
8878
2282
8454
7350
7204
5849
4542
1480
4974
5883
980
5457
6490
9198
2530
2626
2080
4776
6256
892
2863
5751
1999
3420
1915
8197
854
8901
7802
3237
9591
205
3852
3879
7255
3221
4468
1113
6691
7602
2407
7994
2535
3654
2665
6600
1059
9230
3797
5198
5594
5506
9897
4983
611
8042
3983
9634
5820
7299
1282
1018
4412
6601
6117
2400
8967
8802
8593
2843
6291
6021
6102
2049
4101
1208
3169
7053
2086
1250
8002
5730
4702
4011
5620
2042
3978
6896
9538
501
3165
353
1163
134
1321
2969
8304
28
4115
2300
2496
225
5996
6571
7473
5540
6810
7219
8552
8429
1053
8101
2045
9038
2636
972
8131
8788
4356
9004
5490
2368
140
7682
4477
63
7671
9757
7792
4349
6075
9552
7809
8372
4473
9083
8857
9283
2895
190
570
3370
6594
6026
5222
2945
3419
4214
1743
6041
2959
2176
7530
4505
8532
272
5234
6981
2632
6324
6504
563
8423
8061
7259
1017
5950
1364
6949
3179
9627
8300
5106
9335
3550
7442
415
4898
5458
6754
6020
308
8811
2514
3926
3699
9813
4807
3363
1762
885
4853
4048
4716
9588
7070
3245
312
4704
3098
4154
697
2817
248
1123
6604
9036
5194
7295
4530
277
9763
1877
1528
9091
283
3935
6345
7857
8280
4787
2216
1036
9663
4096
1371
7868
8746
955
6267
1023
791
7028
901
8435
3172
2936
3307
8477
927
7216
1907
3650
7123
3389
6944
5038
5710
8575
1024
8185
8215
1598
9451
9151
4730
939
7017
4149
5835
3828
3830
7805
5435
316
8307
1710
6273
6049
4161
5794
9933
7057
9874
9568
2754
9370
5868
7354
6071
7623
3095
1980
2125
538
3531
8617
2831
6190
278
9050
3962
8687
3901
9514
9348
4511
3631
958
9539
7491
9113
5813
8579
3360
7696
5625
4266
9664
149
5180
8239
1801
9176
3991
7061
9317
8639
7485
9976
2321
3102
4319
6708
6313
4143
8855
502
7882
9554
9944
6235
9621
4363
9253
8925
5449
5692
9785
1458
9152
2245
1757
7591
5495
9520
83
6575
3526
4997
9417
5074
5663
4007
5324
5624
6665
7135
9475
9875
264
5997
8528
3913
2842
6936
4372
8228
7734
5286
4586
2078
9740
168
5584
1241
6360
2557
4282
7003
5531
4865
2269
1924
9212
4646
877
8119
3790
6216
9534
3762
3845
3599
4327
4596
4303
5865
9388
1723
9089
4137
624
1526
1656
3336
3557
1376
3359
6013
4612
8166
9376
4689
1014
5282
747
7119
5807
3108
8779
1706
216
5012
4734
4207
4876
9899
8472
2951
5464
4056
2979
7486
96
8778
3110
9777
8971
4507
9837
3106
4231
1603
1089
2925
6632
1760
3072
8369
75
6762
4053
5536
3509
5613
8812
5576
7812
7934
9920
7505
9973
3329
9841
9792
6872
9400
5154
4799
7926
1106
7346
6097
6052
6499
6932
7448
4354
8035
6281
1620
6647
2309
5491
1703
5236
4241
1547
8442
5361
7205
2030
9079
2504
5932
1105
2676
956
1567
2908
8471
9257
8890
701
7164
271
5795
4158
2374
4037
707
4956
9041
6392
6081
583
332
6030
3756
3390
7056
5050
9985
180
8070
6573
3780
7834
2563
2755
910
9855
8960
9583
6079
1225
4795
4265
458
3505
1342
5158
3703
3524
8825
2601
2856
5152
7167
327
490
6067
5552
1722
6381
7798
1332
2887
3516
8209
6879
9956
6405
6931
9193
4223
4957
2508
5396
3392
2623
4925
4205
8231
7126
5375
2280
7145
4793
8504
9574
5492
8764
3472
3500
41
7997
5590
1194
5176
6495
4306
146
7231
8551
9991
7313
315
3919
2598
3493
2849
8098
4554
9419
2834
599
3883
6552
6996
6970
5052
5843
7198
8578
1081
9139
2325
4943
3538
8535
1296
2220
9575
4915
7149
9178
8020
9015
7385
3210
5869
2238
3479
237
2791
6133
6617
8614
6455
7574
1768
3943
4111
6673
856
9550
2981
4773
4577
3634
4648
9848
4885
5253
2729
8911
5251
8930
3816
8148
8179
6790
9287
127
5675
7694
7575
9109
8769
9748
3293
5721
3514
2497
8719
8660
6626
9065
2494
6175
5413
606
8248
6460
8859
1863
1025
2516
825
303
8014
7872
4144
9114
7725
5802
5547
383
9810
1905
2234
3381
3761
5017
1792
1754
1104
727
1013
2172
1945
9424
9145
2704
1553
593
6986
6819
7589
614
2443
2149
311
2642
1406
3192
2890
7899
9975
5271
374
5635
1694
5688
8569
989
6196
1409
2798
8272
8871
2390
1672
9797
5334
4662
6364
575
310
2382
9509
993
8943
6160
9184
5446
2816
4903
5269
2486
2426
711
4562
7869
7252
400
6035
3753
984
3799
5391
9798
9919
7519
9086
9978
8952
7835
1684
5959
3915
5484
5276
9503
7085
2065
3325
8677
4918
7844
5206
3856
7422
4556
5186
2968
5929
4676
2909
4707
7629
2134
7955
2510
9580
8792
9833
9169
2702
3250
4630
6731
111
8200
5598
7952
871
1441
2419
6037
2682
1921
4310
5429
2141
8007
561
3437
5580
9747
9268
1758
3294
3877
7929
9228
5304
2746
5986
7013
5203
5482
1990
4866
4953
1405
541
8695
5854
1923
812
9708
7911
7241
3416
6903
7109
8039
9093
1288
4102
3900
5592
1486
7408
5769
1750
5774
1410
1900
7774
5096
1463
7793
3291
276
5021
9430
6967
3031
4620
8190
6623
7031
5934
8716
6312
7323
6207
6164
7095
3180
8338
8157
9860
6003
2812
3959
4597
2296
3565
56
7042
9562
4040
5941
9586
9446
8843
940
2810
9678
9460
7332
174
5406
2865
5648
9962
2638
1625
9014
6554
2096
1954
7702
1440
1049
7908
2156
9522
961
2142
3327
9247
3984
2568
6813
9444
8726
2655
9377
5757
2646
4334
6068
5649
4140
8149
517
8977
9495
9215
6633
2041
1901
6966
9385
4627
552
3491
8093
2448
5165
1989
7025
9420
797
8325
4373
7995
3870
9452
9329
7152
1932
4402
9011
1948
1436
2043
6551
3213
4931
3010
3648
4509
2604
7567
1029
2085
8806
9814
2138
8285
951
3874
6176
7173
8067
8970
8633
2974
6791
648
7830
8635
1073
1142
8244
5709
5407
6721
9794
390
4192
3323
9997
4566
3758
1400
5452
5516
8292
2416
4831
2432
9829
7875
6524
9039
411
1390
1311
3791
2679
2344
1540
8793
6640
9071
1676
3905
9800
2455
4919
4044
2619
4886
6326
5485
9752
6764
4324
9842
9759
5507
8873
6774
2053
8991
921
6349
3977
6737
5352
6870
3996
8048
899
7794
8459
3932
5617
5250
4748
8116
3309
4460
4452
9876
9557
7288
3625
1466
7264
6618
3339
7437
6370
8841
9280
2878
416
467
5791
1078
2366
8881
7480
1501
2475
7656
5858
8959
9498
7001
5717
7605
3558
2794
7215
6707
5527
7432
3854
3574
2612
3563
2718
6346
4813
9772
9046
4234
1712
4221
1509
1729
4861
5039
3458
2505
7539
3720
7716
7176
1318
286
9535
2191
1172
3658
3391
1837
938
6283
7625
3369
5043
8583
9584
5915
2304
3007
7301
307
1935
2039
1506
3498
5897
5600
3611
7726
9196
3519
2019
6780
5558
8891
4015
5532
3484
2721
5511
6123
4881
3448
3131
874
6363
5035
562
4108
3892
2434
1875
3976
4643
4019
9853
960
4540
7015
1689
2788
3812
3642
4458
4534
9030
4345
8519
7464
6923
9302
4860
2067
3219
4889
945
26
6492
43
7112
7776
1748
9471
6885
5374
7541
3160
3301
8544
133
2132
3171
6359
1183
3548
5207
479
9628
6502
4117
8132
3280
348
3222
4448
5758
3208
2594
4590
3760
7220
2022
7265
5875
7855
5363
6899
9462
7535
2266
5593
4474
9007
1284
4152
6793
6462
7321
7302
2401
7763
8900
386
8866
7974
3603
2529
4713
9183
1184
4225
935
4710
7825
300
7973
7090
2531
9815
9819
9436
5151
2543
8749
2590
5263
7827
5627
9617
584
7641
5026
1414
3580
850
8167
2930
4243
7224
2190
7043
7309
2492
4705
8549
6210
7009
658
2289
9909
6897
3507
6167
1427
5415
6179
4951
8829
3796
60
3093
8870
5221
4430
6852
4202
6540
1037
5463
7027
1922
1701
6435
1824
1474
8103
1920
1782
6975
8445
6387
5255
5689
2404
3399
4598
5917
3544
8654
4472
2820
853
8797
756
367
8177
6827
1997
8916
2437
4969
2336
8452
2536
5614
3365
5144
9847
5562
3351
3229
9223
8059
4569
8963
3931
8914
7992
5563
7133
363
4393
4332
3103
4924
2578
8722
5845
3614
9049
6457
2262
731
2225
5930
520
2236
8747
7200
4727
4366
1144
6192
4800
9249
173
9686
1385
7037
693
5309
6415
1120
1537
6004
5764
530
3994
3259
388
8815
7324
6652
8976
2705
507
1843
2855
9077
5737
322
8822
2111
1330
6766
8697
8400
8066
2461
1128
5211
7132
154
8333
2226
9450
8979
2298
6507
3593
7460
5224
6479
5202
6217
1599
3487
4308
3267
6045
8917
4293
4759
1778
2063
649
2690
8600
2554
486
1327
8860
1860
3551
3396
3357
7071
8082
2313
6403
5556
6997
2914
8168
9458
597
120
5909
7092
1326
4055
7719
6334
2923
6719
3361
3170
6574
1967
8096
677
3690
4838
5161
2686
7920
6777
6950
2219
5882
2059
2357
3582
9543
8234
9622
692
8049
8467
4637
4693
1752
4492
1527
3463
2052
6957
3150
8018
7624
7286
6723
7010
218
8315
3414
3349
8847
3304
4847
4820
6325
1647
3934
2851
3271
5098
2213
3692
6389
8046
5542
4867
1564
5412
3610
5108
6871
5726
4264
9607
6305
2738
5765
5421
7457
1322
4868
8832
3326
1064
3896
9294
8107
9636
6272
7068
9118
7508
6025
6916
8458
594
4439
8946
761
2950
7283
9333
8117
609
3843
2017
957
3071
6404
5989
8525
2036
9155
5958
847
9006
9719
5195
689
7379
6590
1308
8109
3950
2589
382
9310
7400
804
7387
2653
4706
6076
777
7150
4550
8744
5887
7712
5960
6468
4585
4442
8127
7467
6085
5776
1488
8899
20
4444
7474
4986
9207
4374
6091
6913
1772
239
5089
1384
2608
9209
8897
192
1207
9571
1121
9738
2242
6258
1992
1435
8405
3341
6773
7318
9995
6072
1300
3680
7944
280
1507
7714
4328
2328
3409
8257
3657
7396
3028
2639
5205
7739
8252
9728
762
3375
368
2591
1719
6599
2487
7699
5213
2081
5731
8183
1780
409
2723
3930
6319
2048
8367
5183
2093
8293
7782
5971
5572
6456
704
4656
8232
7922
1485
7326
9359
5322
8311
2997
1820
8638
3764
5567
7002
4852
2586
2203
1265
3786
2585
8225
9743
4128
6257
1287
3757
4843
9181
1817
7155
5566
2983
3477
5545
6621
7988
8279
9010
4758
3203
6881
844
637
2148
301
7497
4757
6236
8053
2211
3052
3792
2677
3255
7924
3142
589
2330
7249
709
2489
7950
4043
6593
6781
4611
5420
3939
207
725
9068
7733
2204
7439
4340
3508
8672
1083
7568
3626
6018
3646
3380
4979
8775
2503
524
5297
1899
335
7552
1096
665
7277
4151
1847
189
8487
489
5667
9625
9402
4835
1777
3444
6342
5741
2277
6183
2466
3101
9992
3920
7576
2285
1348
7471
5090
2106
9406
3126
969
1850
3887
4883
7966
2421
3525
7697
8348
7202
9214
2879
1770
162
6059
3247
4046
6198
9062
263
2377
9057
6058
328
3242
6339
9629
1263
6939
7414
7118
5943
5818
1467
7376
8676
7162
510
6859
2292
511
5217
7462
1132
3026
9327
887
53
4921
8807
1518
8955
2873
786
9506
8757
4954
3422
7590
10
3729
8650
3841
7427
2128
3973
1595
7358
765
6562
2020
5832
5962
6459
472
1372
3431
9828
6088
2904
5994
6566
5235
5612
2027
6520
4520
9170
1600
2267
8189
9066
3246
3314
8980
4481
6355
8104
8584
5740
6814
8150
5670
7685
1027
3056
8058
682
2079
2957
3015
2253
5756
9672
4407
6752
8821
6202
249
9852
7791
2388
6154
2562
5187
2244
6027
4153
4361
5372
8344
9907
4339
9351
5338
5445
4842
6823
4666
2058
8120
1134
9002
5111
7364
378
5355
5811
6422
3583
2177
1306
3137
8138
1939
2153
6584
6149
1868
3742
1816
7175
9635
223
4671
8880
3727
8004
7016
5561
5124
5687
6850
325
6391
3471
2024
1955
2561
103
115
568
4148
3295
572
8972
8629
7727
3629
1490
5497
3415
6292
7404
7540
5422
4963
1173
5559
1557
8868
33
5082
6854
319
8683
7337
1317
6188
1732
8217
3397
7536
6556
7796
4086
2752
5708
9943
523
5419
5377
4286
2584
8526
13
3312
9438
4558
723
5871
7595
2371
4203
2807
3368
8626
1591
7960
9154
8195
2471
4314
6714
4614
9698
4573
6420
9994
744
3273
6375
4067
9311
3345
1580
309
5171
9904
9163
7107
6625
8191
7040
6890
7655
3202
6430
1102
2107
5162
2073
1159
8448
3281
8359
1170
9980
5218
8486
1092
1177
5661
1831
5494
1143
9697
3833
8542
5214
2613
5539
3933
9226
9793
9592
2499
664
4049
838
6209
1341
6054
1366
2533
5503
2418
3842
5298
1908
9144
4904
6344
1285
161
5991
8305
1224
3955
5328
450
8918
5908
9958
3275
1423
4939
3143
8029
6516
7736
1283
4751
5254
7058
3673
9657
9128
2912
1884
7773
3681
6560
7884
1058
3728
3085
5672
107
3136
2513
2359
6884
6863
6637
3706
6450
9375
4555
8376
2790
5287
3990
8586
4376
5410
7677
4677
9954
6847
3802
3442
7547
1245
7746
4595
3462
4945
9156
5053
4684
9259
6447
6240
3666
5075
8632
5940
6713
8412
183
3902
9541
7836
1661
1093
6335
181
2920
6702
6831
3112
7646
9730
3521
2181
912
4673
7335
1038
4070
3621
1898
8929
675
3987
5720
8
1615
5440
4798
5928
6145
6977
9061
4525
8013
5280
8246
822
6530
9013
4097
9116
8161
5631
7046
2435
9755
7186
525
8498
8641
5907
1291
2776
5065
3039
6627
2988
9612
4364
8499
8736
5534
6023
9545
136
1874
6477
7329
785
94
8139
3145
7303
5378
3097
3735
9915
2689
5069
607
6987
71
8522
2651
7807
2603
5716
175
9456
964
1582
4488
6668
1728
2602
5806
7509
1856
4235
4336
5212
4240
5642
2678
6853
8886
966
8294
4147
588
2050
6990
412
5079
5704
6689
9275
3667
8838
6910
1645
5636
480
357
2874
8636
9232
3652
3377
7686
1644
2239
3
8358
7441
753
3561
8679
9180
5633
2094
6166
3123
1855
408
2942
6982
5380
1434
6545
5937
1818
2310
9726
9137
558
1223
6849
3944
5265
3460
8640
660
5951
9261
8203
8767
148
9352
1481
6704
2600
9485
2605
1268
5905
7278
1298
1171
5314
1407
2123
590
6092
3998
3725
7984
4175
9665
9645
4545
7060
8361
7845
8159
3975
6146
6645
1374
3907
554
2806
3215
7749
1587
9922
795
5087
9019
5554
730
8083
1443
9667
6318
1747
8935
6644
2341
9251
5924
7489
817
3217
9641
9953
2785
6274
5877
1577
2521
5132
4301
7023
2370
6860
1185
1383
3541
1536
8599
3847
3579
8357
2198
1930
1503
4272
4683
1192
1589
4397
9742
4658
9407
2963
6302
7692
4766
6911
1613
9021
5936
3003
9373
6189
4967
2252
4621
7970
8011
7932
76
9243
8251
1929
2954
4322
2538
6287
3254
7368
8760
6311
3073
354
141
1419
3679
318
767
2825
3456
86
1063
3768
8340
598
9768
2018
326
6572
9360
4538
2207
2835
1316
7858
9963
4181
1011
4834
6046
7664
5086
3476
9276
8570
6368
9162
8301
6197
1061
9611
6437
1575
3019
202
6976
9397
9349
7199
3051
6585
256
555
7916
6565
5880
6744
4441
3107
4564
8401
6951
657
3686
2944
7247
5469
5630
7880
8144
4973
2976
5369
1851
5830
5550
8772
2184
6488
9288
4445
8876
5923
2308
9615
2935
9692
515
3878
6388
2358
6662
4170
4162
4743
1275
7020
4802
393
5585
3080
1569
3871
1019
8761
7260
8038
3769
7907
9716
7289
5659
8814
7861
2187
7657
7190
5639
5525
6526
3676
3597
3119
4042
1858
8220
2973
6786
1623
7251
4494
3290
7378
4615
6928
1021
2392
1814
5719
8667
7982
671
2670
6482
221
5416
6070
1193
8568
2565
2159
1840
5126
7601
6414
8610
4522
330
5723
3979
7304
2423
9807
5156
3653
4269
4418
4141
7128
6275
6297
5864
3781
1533
3820
5120
5317
2399
2047
2271
5862
4647
1473
5750
2913
4696
7034
6036
7026
6578
139
6954
1313
9378
7169
7759
5605
631
1034
4305
7089
2364
2452
5163
1421
6017
1708
7720
2671
5645
1619
6168
4069
4574
546
7253
4739
7291
5208
1438
6358
2971
152
8240
4014
6743
4733
7755
9544
8630
1259
6935
9332
5002
5278
381
435
7634
1479
7059
591
3927
6563
5441
7947
6739
7098
4541
8289
2092
196
776
1902
4213
4050
129
344
5094
2946
5191
1800
2145
5389
6611
6131
5517
5863
2014
5118
4417
4031
1881
9749
1401
110
5637
6367
2966
1944
1677
8505
808
3622
9765
6442
7561
3114
8087
3058
9465
3450
3138
947
2257
5647
9313
2258
3346
7483
23
3709
3055
1927
7296
1
8466
4255
2464
3512
659
72
613
923
1026
2076
7544
3759
678
7424
8323
6985
4709
995
1382
1077
1972
1007
7073
7397
6024
4157
9245
8933
6481
4032
9560
6738
5077
7196
4626
6074
7446
247
1449
9605
9340
7345
1088
1617
5393
7564
2528
6005
9756
3576
6214
9789
5188
6817
9108
6250
5471
5857
1621
3891
2552
9578
244
7837
5295
3865
165
7999
8332
8566
2564
5622
5629
1649
2249
2294
4165
1802
7369
1700
8395
8085
4090
9206
6125
4872
5076
3064
7923
2405
2777
2698
8734
9856
802
3495
7203
1727
1791
4641
3767
5914
4166
2195
1360
5182
6943
5535
6380
5258
566
3586
6365
1774
9354
3822
2082
395
2318
5216
9185
6888
5037
4008
4560
9811
5796
5475
6118
6228
5810
4174
6038
285
6880
4985
7718
4518
4212
745
2739
8375
8106
1909
8273
6924
8446
7141
6589
8810
9216
265
85
2097
6629
97
5504
1181
8484
5733
8211
3624
473
6406
8141
1129
3436
1165
125
240
8587
9977
4815
559
2877
31
5032
9272
5230
42
1668
1261
5903
5761
8091
1622
1478
19
1257
6960
6542
6595
8787
2792
6670
2774
2796
2832
9701
2953
6747
9938
2394
437
5129
1888
2109
8449
8404
5555
4023
4469
2117
8604
5616
4826
6108
7413
4178
9898
8069
4201
2544
8781
3533
8229
9493
6969
3153
8794
809
461
8023
8523
9102
2122
2660
902
4331
9758
4131
138
1446
6746
8378
3176
7490
1969
157
518
7909
5685
8615
3929
669
4270
8479
536
8864
5942
7912
6564
8243
8403
6341
7946
5041
8773
5826
7610
3001
8102
1614
3751
8643
4568
5785
1189
3199
4076
6484
5604
6883
5097
6399
4752
7317
7894
2717
9055
6984
6112
9732
2693
8717
2214
4381
5257
3303
1065
9237
3656
7978
2009
9880
5763
4179
9834
860
7654
8488
6835
3426
9431
1251
2579
5465
100
547
9676
7274
9895
9017
5357
1211
6682
1016
8808
6225
2334
5274
7778
5878
3425
5179
2982
7395
2888
498
5577
7980
3958
3043
9132
4993
6155
1340
4247
4433
4196
1872
396
3461
2301
4377
1633
1524
6758
170
102
3577
4278
3668
7582
313
628
387
6672
4613
3313
4749
2961
9666
2038
4529
1530
9913
9486
8055
6953
9023
4348
2099
1717
113
5332
2201
7797
919
9598
3298
2762
4836
4080
7864
2866
9590
4295
4041
4318
5409
1417
8759
3077
6902
8624
6471
6107
3017
2808
4249
6815
9896
1359
6142
4242
7838
4352
8502
2558
4894
9767
7680
4855
4999
4485
9440
5968
6945
4078
6418
4156
9527
3694
1574
8037
8511
5333
220
4887
6783
4189
9326
4950
7284
5103
1056
9338
3677
7560
6904
1187
5083
1356
6099
9532
7607
8199
4428
281
2158
5300
4923
8337
8062
3718
694
7799
7086
5788
2470
1844
7698
6438
1118
7889
7883
9932
3257
9790
5983
6439
3362
674
7910
8563
2858
7349
3924
6487
1293
8920
4532
7014
913
6824
8090
879
7829
1761
5954
298
8064
3570
18
1913
3410
7753
7783
2750
6093
2749
6683
7738
6964
3040
3968
1219
5302
4708
188
5229
6137
6973
8118
8543
4839
542
7137
4717
4681
9447
5353
8169
5344
6433
1786
227
3266
8009
3885
6103
8270
4653
9559
8685
5055
1544
929
2841
7106
7873
3091
6894
2031
7613
5160
9309
7195
5149
9107
4065
1158
7380
1522
6667
8965
1669
25
9033
3873
634
9533
3515
2251
5712
8831
9328
1662
1495
1126
1111
891
6410
7271
8592
6830
4599
3117
6330
8607
1976
8387
3276
4862
8620
7752
9796
5650
2290
1823
5036
9523
4670
8975
6361
3575
7366
8334
7192
5107
3269
6806
906
9529
184
6694
7431
3308
9428
1238
1749
1551
179
7466
6622
9900
7668
9172
8637
2273
1675
3356
492
859
1968
1698
719
7272
505
8015
6234
978
9659
5072
2095
9271
3162
4824
8931
5853
4419
6231
7710
9530
6582
2276
4410
4219
6796
2917
2320
2727
222
1412
2970
1885
3265
8465
7611
7463
1022
3724
4719
3029
3481
3490
1562
8869
2680
6124
7011
1897
3413
7821
8124
8079
9990
1201
8623
8774
7528
3536
9504
7615
4790
2212
758
7790
6974
8313
2641
4103
2773
9886
1214
6547
3016
9869
5093
9754
5493
9175
7653
3394
3675
1871
6577
6028
7853
7398
3813
7795
8830
2297
8987
4045
7500
6114
8110
4163
5101
9791
425
4837
8739
1005
6947
5318
4801
5912
7708
7636
9135
9314
1626
6451
7415
3618
4935
7527
8842
4816
908
9371
7645
9345
2972
299
2661
749
5321
8973
3732
2984
3616
8135
5724
1044
7367
3672
4024
5848
7334
6454
9505
8254
8245
6940
6785
867
2838
8649
3755
9770
5738
922
3918
5727
3997
3520
8689
4129
9921
4220
7972
6728
3608
6245
6043
6709
3661
3649
986
2406
3664
4959
9022
6889
2657
4533
8063
7937
8347
1928
5170
3332
6729
2450
6760
4523
8108
5693
7867
8612
2001
2643
2483
7412
5952
8497
7443
5963
5792
4674
638
5856
8377
1683
9115
6868
2597
6988
7262
775
5319
61
1071
4731
1592
4841
2955
8019
9838
1953
5797
5725
9934
8281
3412
3627
6805
3149
5520
6836
7723
9090
4248
7856
2708
212
5448
5508
4002
2948
4765
3218
2759
252
2332
5755
2616
5682
4335
7103
3070
5312
2454
6741
8210
2259
6012
9427
9496
5204
6078
3701
5632
345
1857
5641
9928
759
4729
9078
6999
6501
837
1244
2444
6393
12
1766
9774
6199
1812
6174
2978
8768
5367
2361
8436
6642
3473
3846
2915
7129
3037
9832
6561
6686
7820
6140
8455
3191
5336
6213
6740
8561
6895
3999
9870
3800
4358
2398
5521
5261
580
3881
8892
5329
9812
866
740
5775
9284
6782
8081
1425
8514
429
1597
6328
1962
9651
9518
8154
6423
1941
5004
5840
4465
9263
5456
5343
1995
9649
4682
1331
4960
626
3632
7525
2380
981
5388
3587
337
4392
5386
6634
4493
7768
992
5136
8374
9364
8094
3782
3641
1556
3021
9369
5453
292
1497
3411
9005
4134
7051
466
5166
7062
8762
50
2283
3888
7494
3916
5530
1290
3783
7217
1950
6779
3084
6901
7373
1593
4655
3482
6511
2012
2664
2013
1563
9998
6413
8187
497
4832
7769
9988
842
17
2054
687
9111
3665
6172
1178
2479
2274
642
8440
1484
126
7384
6965
2845
6522
647
8594
6098
4279
3207
4792
9461
5876
2162
7987
5462
6874
946
3367
5735
8867
6948
4125
1231
6376
7143
5939
7928
5481
4118
3240
3503
1737
696
7099
7270
4029
1012
9072
9281
8728
7365
1639
7114
1062
2381
617
2369
403
3354
2436
5846
4908
5249
3364
3270
2592
1845
3184
1959
7476
9764
6929
8922
5533
3517
3087
7312
4341
8207
1552
305
4386
2037
1910
8928
4769
5010
1399
1402
1775
4057
229
3872
1632
4438
9821
406
1828
9200
2771
2484
1136
716
4893
6006
2393
9278
9254
3571
7570
2751
5817
6825
7513
2317
2929
1216
6083
6294
4996
3864
4500
4316
11
4250
5626
9262
9802
506
872
186
8165
2430
4383
7874
7178
5073
6784
1665
6260
8194
571
9707
2512
6242
8862
8824
1232
6518
9241
2412
2743
317
3446
9959
5711
7080
1514
5926
4672
4271
6705
4747
8180
990
3069
7531
8988
1428
1028
954
2035
8820
402
3289
656
9893
9540
3863
1422
8068
9599
5798
2910
8099
1949
8223
8756
1310
2731
9295
8170
4211
2316
1740
3046
8295
6666
7667
1516
8737
4874
3468
4607
119
4498
4093
2502
6528
1457
8915
639
8598
1906
5290
3251
4307
9316
690
8539
5316
6717
698
6722
3317
8386
7193
7381
8939
7347
3078
6576
2795
2224
464
9160
5619
9827
7681
9576
7257
2844
4958
6321
5141
5993
3418
7426
8339
7239
5656
6751
3988
1751
3941
1154
9862
2016
2278
5442
4437
1237
8421
1020
3607
9780
3385
6261
6539
1654
4571
7637
1670
7406
4897
816
78
4869
1009
3127
1878
7507
3750
1873
6979
5172
7287
4858
2131
3859
6803
9999
2028
1006
9127
1233
2147
6804
8112
8051
526
9983
5143
6280
108
1002
6527
537
8151
3011
8426
3141
6444
380
4489
1460
6567
708
2868
350
8010
2921
3018
7751
320
3961
4370
8908
7833
5621
211
8798
6726
1637
5825
2964
4848
1521
3104
1127
1396
5044
2087
1838
6295
9606
1433
8451
1269
4413
7036
9766
6126
4071
9266
8572
8661
5005
8158
6130
6942
6768
67
4454
6082
4667
7622
1865
494
6613
8613
9070
2326
8706
3637
7954
8388
1355
6158
4146
896
3320
783
3821
7635
4068
2897
2804
830
6581
9140
9801
8856
7091
3779
8271
5281
2440
7958
4025
7105
5546
7445
89
5227
24
4634
7886
724
8699
5779
5399
4135
5299
3819
413
7730
3858
3469
3712
3880
2511
2836
82
8156
9343
8308
4276
4514
3711
208
868
6657
1545
7876
1691
6797
3474
3096
5851
1879
897
9699
1788
8782
2217
9341
4398
3129
6579
4652
1638
1149
9273
8447
1940
5342
4922
7650
2947
6886
4113
845
898
7093
1702
889
7458
7102
9680
2422
7709
9700
3025
1254
8541
7971
7125
4720
5874
9910
3417
2208
4543
8198
4107
1198
914
9745
3743
182
512
4329
6767
232
6208
6605
5610
2152
8241
6080
1986
2342
2635
323
9507
3949
5139
4004
4309
8214
4678
5653
636
3766
351
5896
2124
1272
7537
8495
3335
7285
728
8218
7780
9084
1415
7801
3044
5980
1693
5686
8362
3982
1511
6909
9088
4480
147
6480
5922
3337
1161
4435
9382
6163
9146
7962
2606
1862
7594
9331
1346
7419
4539
7762
2706
8874
3054
8335
7787
3274
5714
4879
1057
2209
755
7308
4436
7942
8999
4712
2857
8310
1982
3522
977
548
6354
7399
9760
1051
5402
2476
3862
3371
1963
2478
5394
5823
1148
8242
3175
231
2745
9300
1315
7745
519
6761
4289
1663
1635
7965
8056
784
8331
8840
6040
9679
3226
9344
9551
2960
1361
8269
2839
4781
114
4664
5578
2312
1573
9558
9148
2744
5301
5020
7294
6693
5722
9914
4099
3908
623
8596
7258
5064
5602
596
2748
4624
8580
2595
8557
6465
2666
1150
9936
734
2135
3630
5078
3696
7724
1426
401
2517
6828
5847
5553
6159
2154
5977
6322
5119
1217
2459
6865
1377
4989
807
7436
8597
9482
3739
6303
8670
894
9961
8776
4330
2828
1343
6432
1451
3564
3937
5058
3322
4741
439
5899
4767
2164
6753
8906
3256
7421
4476
3562
9868
2456
4387
4501
1805
9218
610
7706
6656
2800
7817
3120
6320
430
1379
8858
8576
4651
7280
7372
5662
5768
9363
5803
8031
121
5678
3501
5814
5308
3486
4098
6597
6587
7147
7130
6141
8430
3698
6941
2799
6
553
6222
3187
6724
9235
6232
9823
7550
2967
7065
29
9783
7587
8558
8205
2447
5548
9117
1549
7018
4369
6877
5703
4124
4185
7518
5267
6111
6525
3424
6486
4657
3135
9901
6615
2185
4075
8336
9238
6679
9224
2420
422
1807
8896
9731
7614
6066
7225
2279
1054
88
282
7024
270
6244
9426
1470
9194
1045
5879
6110
7728
7804
2650
9836
4797
8005
7534
3188
5001
6720
2549
4680
8713
5185
7777
2573
7538
9867
1776
6300
9960
5175
3972
8346
1398
1030
5400
9234
8075
8573
4994
7021
5000
7885
7305
6048
1195
2871
539
1235
5167
6816
3980
230
6680
9048
178
1475
122
6259
7096
4796
6557
8047
1983
5918
2931
7120
4228
2057
9195
9197
6663
7558
6187
9822
6837
4173
7113
7298
5528
1202
2104
8662
9685
9882
5787
1274
4422
62
3230
4388
7693
3395
6055
3405
6119
4191
9739
9413
2822
8316
9661
2625
8942
2938
4884
7644
7630
8343
9879
7184
5252
5891
1894
7705
7583
4944
9902
3721
8958
4462
6253
6056
911
670
424
3319
4000
2996
1529
3318
893
4001
503
2725
7076
7140
3315
3338
8306
6630
5092
8711
9993
1431
1442
9318
187
8414
5655
5855
5233
1472
691
4756
7631
2550
5700
3744
3527
6900
831
4167
366
169
2989
2875
3447
8219
3748
1659
482
4206
6101
4497
3038
1370
7565
8799
3638
9260
2758
7687
8230
2375
2006
6177
4467
4066
819
513
9395
130
6182
1252
7902
8390
2196
4360
3140
8907
234
4087
5680
3074
7711
5114
5130
9808
3876
4406
7343
5146
7695
7314
9918
717
1169
5159
8724
3234
4746
9945
2385
9270
4531
2472
7210
8224
8819
9603
8524
5560
6697
1854
2463
6033
514
5025
4940
6331
1756
9555
7548
6226
582
6220
6378
840
3716
5824
1418
6094
1606
9858
3660
1515
4914
3232
1571
6500
7423
8905
6301
7417
1797
6147
7134
4177
6200
4451
6426
3353
8912
2654
7320
7662
6205
5643
1277
1197
4200
9658
3798
4961
8406
2232
9312
7940
5115
3068
35
1267
5601
2853
4396
4962
1715
6609
5571
2766
1546
1572
4216
4284
5423
8438
7502
3867
715
4187
3598
7986
544
7181
1278
9626
5623
8040
5859
4584
7526
6555
2007
6474
6716
7596
2634
6307
6512
7077
733
6930
5644
6858
7533
2560
3547
8671
3024
1100
6592
3002
6775
191
8678
8582
255
5487
7806
803
2884
3030
9979
1080
7819
4794
5359
8924
5424
2684
93
3235
5397
118
9706
3695
2949
6664
1832
8355
3041
1455
904
1499
6610
8496
3181
8823
5948
3432
3231
6424
5767
7078
2952
1130
2509
1289
2700
5671
457
1852
9449
8763
2518
6493
2546
9346
6467
8284
7469
8016
9941
7084
858
5238
1255
2116
7094
5784
7351
8714
2761
1386
4685
3279
8986
8758
6464
3683
9435
4724
2801
1880
7357
3534
903
1978
6763
7968
2859
1674
3324
2732
4591
1596
8054
1358
8134
1904
4699
4549
4516
3374
1354
8128
7559
3682
5347
4210
3403
438
2687
145
9362
1707
4669
9689
9691
543
1565
8741
2767
7553
6845
7900
8751
4631
3708
4233
5029
7732
3355
1465
4504
3376
6591
4779
197
8385
8932
7707
1916
4106
3178
7758
7847
9643
5024
4825
3836
1262
7651
9236
3795
269
9688
3005
6906
4415
4263
8473
6712
619
3788
1833
1787
3423
7029
688
2025
601
1951
9714
6350
9986
7293
1140
1513
5728
5981
3956
9255
1082
934
6385
3868
2424
1956
6938
6514
2609
7012
405
6616
7761
3689
3092
9859
6284
4375
1834
3216
8657
1781
4783
916
8321
1387
1971
5925
7848
8727
4326
4073
5505
3196
2183
6353
5181
7542
8828
5543
4762
3378
8910
8618
5042
7737
2384
1167
4808
5330
1977
3518
7854
2323
4443
6489
4695
8142
4810
9387
4803
4391
6922
6887
5027
3027
4062
7392
2072
5574
4047
2303
5223
7579
7465
4259
5346
3121
9996
5513
260
8492
8571
7956
4353
6000
5085
4384
7521
7828
3125
2352
9778
3662
5557
8324
574
1641
5684
2373
6869
1070
3435
4063
4362
1464
4582
8882
603
1607
4619
8025
8474
5793
8130
8236
6443
238
7991
9063
3239
6669
5368
9804
8754
3869
5771
1247
4482
9494
6558
6372
4701
8690
7122
6044
6535
16
2876
4725
6113
4900
1952
2881
5777
2272
3060
4822
3895
1616
8353
5990
2757
5906
8024
1367
3591
3697
7236
876
7402
1335
4405
495
3784
4378
9723
6009
4176
4909
297
970
2469
2869
5395
2433
8981
796
6254
4723
4009
4978
5147
91
6658
9696
8050
3008
1203
5068
9488
1696
9221
9972
5866
994
7292
2527
477
5016
3923
8753
3342
750
5381
8835
2376
4686
6700
7904
7163
6799
6475
5916
5454
3917
3899
9569
2826
7235
6776
6425
3151
9299
621
6757
9217
2547
6993
1704
4447
9736
793
9891
7690
7779
4421
1853
8188
5713
7563
203
6427
2254
9850
729
9231
1892
9408
5581
1640
4325
7243
2133
2170
1337
1826
6470
8419
6306
5099
5885
246
209
7000
5654
1903
8410
8936
9660
4194
4870
1043
5953
8247
2034
5744
7246
8668
1581
4262
9067
557
9857
5789
3824
1394
8707
487
3602
4998
6543
1919
9411
3817
1141
4780
4510
2712
1988
6736
6485
2362
7915
2110
771
6002
663
2064
1979
9511
9098
9042
9405
5011
5384
8883
9966
522
8926
7108
1687
7905
5498
3421
3485
2391
279
790
1925
6920
9045
3006
2814
9761
5478
3882
4982
3214
1555
6412
5140
3957
8164
5591
440
4256
9484
2248
3775
3350
3310
4285
2893
9917
4937
4817
468
2941
9027
9203
8409
6636
6770
1266
2833
6352
1204
1987
9940
827
9751
6223
1299
9937
9442
5315
483
7377
9549
1210
6876
5370
455
7840
8723
6926
4737
7951
2522
8476
943
3921
3328
3081
6961
3492
2178
7230
5225
9468
5833
7148
1339
686
5489
2165
8651
3161
4184
667
3466
470
5327
679
4060
5998
2389
9704
6011
4811
9320
3286
4675
9982
453
9479
3387
5354
4440
8743
9092
7766
3543
4423
4346
1646
1896
2090
7403
5444
3061
1759
6862
7826
8100
2818
7871
4470
261
1039
9690
8704
1841
9393
5285
8288
4735
8780
5291
1294
5215
7580
2015
5944
54
4880
834
9432
6034
4088
8212
4665
7642
7967
9031
8609
2118
963
7268
4977
1998
1846
6651
6008
5
7438
8250
8490
1934
5220
4209
5860
5618
1611
9123
2351
339
4809
5987
8290
4906
1094
2734
3717
2741
5743
622
3778
1334
4074
1032
6834
3794
3848
1519
5008
3911
4663
213
8517
4013
2716
3898
5259
3875
9597
5189
9032
4208
996
2115
4300
7735
4791
4517
1711
2815
3951
2699
8327
7307
8264
9717
4583
7311
6373
5815
5975
9477
8262
1095
257
8673
742
6090
3606
788
5123
2526
1827
8771
6120
9623
3287
3567
6537
1566
8745
3726
384
7019
881
5778
6448
2491
1730
7599
8740
8547
6608
7088
5427
560
4818
7409
4917
9818
7206
6263
5660
6386
4789
615
444
9582
882
2692
9227
5895
2640
8276
7386
5460
1110
7333
3233
9840
3866
4606
7846
419
2411
6156
5657
4948
5245
6513
7569
3382
7487
4355
706
7639
8742
9250
5947
3894
9566
2340
4338
1720
3223
1568
8895
8041
849
5184
4570
5196
6161
6685
6933
2354
2501
6733
2194
9414
1594
772
3292
4638
8399
167
6914
5401
4819
1667
3459
4238
2071
2756
2425
8995
6875
9831
4784
695
8520
2940
1609
7100
843
3228
2000
5586
6329
8233
454
1532
9134
5695
5698
2255
4150
9519
2617
7921
137
985
7044
1487
1471
1351
5544
3643
2113
8420
6580
8298
7416
9824
6826
8956
1699
4553
9104
9784
2415
6100
4312
3034
1437
3981
4082
6972
8320
2722
3861
6891
3352
5467
4913
5582
90
7177
4277
3736
2126
7673
6279
7242
9984
5732
6087
8371
870
9516
5538
6104
6491
6639
9191
3714
7451
4875
2854
3749
9722
2186
5509
9741
4778
4449
2197
9334
2003
1829
7139
4083
4091
8201
9467
7713
8133
1779
5978
3700
3163
262
4085
1493
5247
5734
7263
2218
5080
4775
997
5433
1258
2319
2299
5827
4927
5134
2540
1810
7863
215
2029
8559
340
3372
6882
4478
2055
5736
500
9614
7906
5801
3272
3738
4912
6357
6323
8174
2449
9888
7546
9865
6588
8267
9210
5260
4782
3818
9775
7047
9926
4357
5691
1010
9190
7005
9120
5837
5979
293
7232
5398
7841
1180
1964
8611
5570
9138
8460
4323
4461
7832
365
1498
7963
9220
4690
3540
998
8721
6271
7800
710
7087
5628
8417
9233
2615
1086
9296
633
9374
841
7185
3922
4850
6206
6598
9103
1585
6912
8693
4508
9687
2906
3803
5473
4812
9721
3297
8796
3152
6095
5754
8700
4408
3633
210
4317
9727
9012
2150
4026
226
9565
4561
9711
254
2442
9638
5428
7878
8826
4770
9967
3048
7453
926
7823
47
4299
7516
4640
1835
9101
6151
8309
1388
2171
5707
5190
433
8738
8752
9319
5529
763
9639
1724
9391
9158
242
8186
38
832
7584
4168
8950
8783
9182
1074
8146
6919
746
6394
2607
920
4487
4907
7983
7512
6417
9589
343
6327
4650
6022
9693
5054
6506
9894
7484
8184
7157
5969
159
9744
373
9710
1738
7729
361
8656
2730
194
1798
1505
2864
2379
2263
5232
7842
1345
1179
3829
2733
4138
3260
9315
6016
5067
8521
3173
2737
8595
974
6692
7881
2070
195
9256
4588
768
8095
4290
4280
9595
3166
2894
4215
2168
3825
2084
8396
8652
5519
8984
2885
5323
6798
3963
6431
1538
3619
736
7022
5110
9906
8818
8703
5603
7524
4745
2696
1153
7223
5790
8397
9258
2551
287
3948
9308
5894
7008
1500
4559
2140
324
3765
959
5071
673
2939
6772
4512
4845
7209
9683
9782
1160
6553
8659
9805
7892
2846
6116
527
9579
8665
4814
6498
9587
2395
8646
5646
3945
1974
3063
612
5117
4094
6383
712
2663
166
8694
1395
4721
7608
4261
5356
2709
7063
336
8370
6958
3831
6851
7750
7648
9499
8122
1047
7953
2711
8456
5014
3985
8645
5408
5033
3316
2256
4126
5809
3688
7131
5888
5241
6675
7250
9844
3995
4036
4930
4484
4992
4064
8804
7824
9355
9957
3609
6541
8658
2668
4018
782
6362
8940
7989
4302
5746
6654
1476
4806
7770
6676
5430
8688
5537
7214
3566
7495
6057
4618
3183
3113
4580
8097
1133
6671
6745
4941
6510
4112
362
1253
6051
6921
5992
2624
34
1052
2347
426
8001
1550
1439
3398
8545
6434
4896
7245
7870
918
7781
1830
2896
8581
5838
6807
8777
7189
66
8969
8003
931
1819
4382
8000
6478
9380
7032
9825
3305
9955
7661
496
7689
84
7808
398
9601
7067
6264
7757
7233
8983
2163
5900
1673
5479
1362
8708
4644
3671
5673
2611
6918
7048
5438
4155
5477
2333
7785
9096
2179
9222
389
4246
6473
1763
7433
3573
933
9648
6336
3925
1218
4742
4519
200
6332
2438
5366
1690
3194
5296
9000
4688
1209
4515
869
2778
9872
150
585
9709
2576
5200
6956
4740
99
5022
6848
5365
2900
7556
7208
2569
9469
7506
9624
5515
9269
1248
6193
5045
3109
2975
7197
952
9081
2683
1789
9715
4033
9124
1520
5873
9441
4385
2346
7072
2797
8848
9561
4503
5884
672
9122
8527
6789
1970
3849
7488
5320
5121
3383
3494
6959
7913
8817
7557
7097
9304
214
4660
8125
6878
7957
1447
5518
6583
2151
2241
8178
9142
823
4851
2139
6185
2631
7943
7428
3707
349
757
478
7153
800
6153
4416
1107
7760
652
1936
1469
1344
713
741
2880
9173
8176
8555
565
2747
1338
883
1452
2
7975
9076
2302
2260
3815
3539
5831
1152
2127
2008
1966
8260
2539
6893
6238
1734
9434
8588
5800
2784
3710
2736
44
258
3663
818
2023
4654
2673
1109
4010
7266
3302
2061
5270
1328
7449
1381
9839
2986
1125
275
8017
1938
347
2327
3022
8077
6718
4777
5088
6620
2726
8152
3589
8941
8407
6400
4639
3853
8865
8258
4464
8978
6821
2284
5325
8368
1692
1279
9729
6169
1477
3645
3572
251
333
3623
1483
9508
4169
4251
9788
5019
2130
6925
1411
9244
375
4697
801
462
1559
7675
3499
1602
2270
9356
2268
5104
92
8206
250
4605
7822
9242
8801
4692
2644
535
475
644
6348
1541
4732
2468
9537
3655
2724
865
5699
6505
2987
6532
6243
5842
1199
5658
5009
4095
2188
7620
8422
4714
1196
1137
739
7111
3174
8567
5228
6677
4987
5466
9087
7226
569
5881
4547
1084
6857
352
1008
3989
540
3595
6039
7949
2403
4380
2763
7818
7771
3555
7492
4984
8287
4911
6347
3440
9816
5496
4218
6445
9644
8274
4267
8162
1893
117
3296
7353
7545
5715
8789
9718
3088
1157
3613
6788
4892
3705
3348
3013
7784
5145
1525
6262
5956
3386
5514
3177
8255
1116
9330
5706
9106
9942
7322
1240
2779
1147
9490
6655
7688
2235
8299
8923
8534
6337
8691
7981
2413
7865
7069
4463
1848
3773
7670
7481
8846
7888
5272
7452
8888
5524
7529
8237
6268
4291
1821
8927
1583
4895
4846
7039
2990
3581
9594
4110
8845
950
8433
9157
3075
7405
8816
5382
1041
9951
760
8642
7187
895
2386
5450
5003
6343
9662
2928
4347
787
9167
124
702
3745
3960
1796
8990
8560
6086
737
8326
4089
6015
9713
9293
8590
7756
9264
781
8173
5283
4006
2850
164
1292
5047
2144
2883
1624
2230
8462
7896
9097
6180
5150
1090
8853
5015
3227
2672
3740
578
846
2108
3806
5266
4182
2520
5974
4587
9547
5390
5696
2899
7499
6419
6548
1716
4230
3826
4142
8329
4947
1349
4
7890
3612
9987
9497
8319
7418
3089
824
4528
9051
1222
6382
3159
1243
3428
2542
5702
1228
8702
8968
5599
3264
9536
8408
5248
7897
8443
7592
2240
6638
9282
9835
8725
6521
9366
7124
9652
3615
836
2902
4899
2343
6173
5379
8994
3475
7075
4645
9429
1375
3033
4100
9404
8601
2408
4691
4109
4486
9095
4217
5376
2129
5967
6538
3261
8286
4761
9581
2674
4628
1604
2911
3659
7146
8602
6808
2735
2587
2582
4116
2353
7240
9656
6109
828
5499
2903
7941
5677
6695
4526
6756
6846
2088
8394
6711
6792
3772
549
9161
8092
6840
6218
9028
3560
5808
8485
5946
9948
6428
5061
971
6138
962
942
8036
944
2916
9384
2458
5341
5748
8434
2667
3340
3502
8057
7116
6157
4694
8785
5957
1678
4771
2581
884
5910
666
8851
8647
5921
3636
3594
1276
1494
4379
1309
2993
9239
6596
2460
6150
6917
864
5040
815
8508
2051
5816
370
6252
1404
7851
6469
1636
3065
2830
999
4891
5242
8732
4635
5852
2768
2233
7887
4804
2372
3678
3719
9564
8556
8839
3115
5436
1975
8589
2100
3244
2180
9604
2786
268
2355
7522
2485
9126
3704
991
8674
302
7985
4344
1176
6730
604
9305
4288
1336
331
1122
7256
5405
151
7411
1993
5836
3443
1612
886
7860
7638
7237
8204
48
9412
7156
5729
9423
5268
5431
1301
9705
2275
1004
3449
774
2867
1230
8947
6251
8052
4333
973
2477
7813
9171
2473
1286
6690
4805
9725
7862
7227
123
1357
3408
3639
7035
810
4971
4260
5674
6115
2742
9908
4003
7166
9325
9476
81
6270
7275
5961
3752
1695
8621
5575
5480
8427
6759
735
968
3857
432
2396
9631
1042
1739
6801
8413
4367
8784
1432
8351
8852
1392
8439
5965
6315
1068
8974
5468
2360
7248
1448
4054
8718
5904
2772
1570
1333
9619
9677
9528
1767
722
6509
7121
295
8903
880
5455
9890
2719
369
5018
8701
5483
1542
7273
8537
3451
5638
7701
9861
9646
105
4902
9398
5461
2056
7055
3253
2574
5683
3914
5549
1842
9265
1811
40
9642
8509
3804
1808
8481
8314
3148
4579
4491
9525
69
661
6421
3588
1985
2189
7297
4304
4342
8034
826
3388
1736
936
3146
2760
1108
4703
2021
1492
7604
4521
5432
1755
1996
5364
3014
8884
7917
6937
8342
2555
9336
3942
5210
6458
1182
7754
839
3248
3528
8464
630
6317
217
625
2662
3258
9119
9306
4700
9125
3809
8786
4608
5100
5387
1424
2905
5739
1156
4830
789
3099
6064
7316
3644
8143
7649
2062
1430
5335
1229
6247
3823
1325
5192
4548
2872
3288
5168
821
1055
3747
4296
27
3827
224
9924
3197
4027
3488
7501
2410
7931
65
9060
1887
7517
9165
8631
3453
3195
4058
1155
1942
7064
2556
4827
2182
451
7310
7859
1631
9737
8360
4081
7933
9459
5404
4133
9542
4864
3952
2740
2044
721
7182
5173
773
9353
6063
4059
3801
8291
4863
5501
2937
2907
2656
4343
128
2348
399
6134
2173
1510
1960
3366
3333
3835
7290
116
2852
573
2713
4544
9064
0
1353
2892
3083
5889
58
2237
7030
1200
9873
9130
7007
3965
813
356
7669
6298
3206
8833
2488
442
4636
9455
7741
1769
296
1709
976
3559
9746
2228
7041
8836
1660
5861
9500
7081
3004
427
2571
4297
4738
3722
9480
2837
9289
4496
1482
4926
4159
9357
3441
8731
1205
3344
9787
4622
8879
2465
2069
915
452
304
9474
4359
6031
4604
6734
6659
3839
2431
1735
3731
5669
8227
6129
80
8921
4575
423
243
7229
6340
3452
1227
6466
6523
9949
3238
3263
8182
5850
1914
769
1809
8770
8538
4320
8441
5373
6132
9971
1324
1652
2103
52
1496
3777
7300
9981
2701
732
811
1578
888
1790
4479
6631
7342
1188
3285
3116
4268
163
9129
2645
1139
5059
7532
4844
9929
3404
7679
2567
4840
9211
4829
4763
1186
3556
7341
2098
8565
7170
4910
930
6106
143
6619
2246
7996
4429
6748
5007
3306
8266
8126
1891
1926
1685
2962
4337
3810
3596
3969
4232
1697
2927
7715
862
8627
8680
6171
875
9188
2102
9573
5307
8147
5131
4030
8256
534
7549
9425
545
9410
9826
6278
4028
8515
8998
2965
4188
4315
2222
9322
5970
9684
1741
1368
8698
4456
2210
2593
8330
5640
9390
8585
6001
1895
2215
4072
5345
1804
9153
3427
3057
8501
7647
8425
7665
6144
6029
6255
7066
1445
9702
6249
3893
2620
8221
6963
6010
835
9389
5034
4632
4629
1813
2314
8748
5773
7269
4942
2553
7566
2819
8606
4563
4679
4411
4190
1352
8072
2648
8043
5665
4537
1015
1861
2695
2446
5919
9703
45
2753
9750
8028
8071
5127
5609
764
6699
49
9418
8834
2630
7161
7254
2813
9094
4506
5197
1221
4226
245
9733
2205
2775
7006
3884
6032
5955
6309
6795
1859
4966
8275
2002
3407
5804
7617
5870
3268
2861
2599
1048
9939
6019
447
4198
551
9149
9935
8875
3076
1312
5747
829
4567
4970
1363
2356
2315
965
8712
7493
4949
676
9463
5834
1489
2089
8494
8710
8553
8850
1608
8954
4466
6536
3130
1784
4292
1918
5902
3347
6060
533
8317
9286
1072
4409
4502
8432
1112
2803
1912
5995
9202
4104
8964
3155
9650
5898
3886
8213
3164
9136
2802
6472
9386
3715
2160
8444
2649
9457
3020
2495
2498
2428
3000
104
3045
9365
8530
7188
1050
7633
289
3047
8105
1534
516
8686
9786
6333
1389
1323
504
863
6765
7852
9618
5966
7082
5434
5231
9871
4726
488
3855
4736
7979
2781
2710
5988
9008
397
2999
3542
7339
6681
2809
8518
4975
6446
3746
392
6624
8312
2681
4012
1220
4968
1911
8628
8470
685
4728
3974
699
629
9515
6517
4199
3373
1151
9177
1657
9099
5193
7683
9846
6892
9133
3674
2637
1579
499
9110
9989
9572
855
6971
5920
6369
1459
9001
1329
5013
3212
766
6696
5522
7660
4321
6706
7172
8073
2011
799
443
9437
9633
640
5439
4753
2136
3200
3457
2200
4750
6549
3464
7158
4020
9037
7772
9164
8021
751
2943
8803
446
5240
1961
3774
4254
9396
3592
1803
8546
8318
1957
9443
193
8574
2146
4857
4258
9563
7585
8982
4593
1548
2570
4589
8790
1806
4453
9883
7079
7138
8261
7127
5169
4617
1304
9668
4136
8750
6061
4395
9166
59
8008
4123
4788
4389
1135
1146
112
4980
7632
9383
4371
2101
9724
857
376
7117
3966
4744
738
394
2040
8193
6648
4236
3429
5226
1164
5403
9912
5109
9445
4527
8837
5048
9695
4821
4609
7450
334
6289
5812
1001
1679
3284
1454
1867
8962
7362
4313
9199
3635
9570
9613
4052
441
1627
5293
7520
532
592
2824
4038
6569
7628
2821
8074
314
6390
2882
6152
4916
5351
73
3523
3504
8531
6463
3156
8044
491
6550
681
1958
5112
7514
5927
7930
1138
9510
6162
155
3189
6934
3139
595
4475
5749
7110
4139
941
6135
8863
7606
5155
77
748
5313
9531
3062
1937
2174
700
9075
1350
6684
4193
7936
30
4946
653
4394
6121
6148
476
8222
1648
6544
5095
3158
2480
1688
465
8065
602
2934
46
3489
8381
9911
9478
2264
1733
7211
9669
646
3733
1303
9131
434
6239
8909
4981
7338
1468
7744
2350
2429
1531
431
8533
794
5606
7551
6296
6531
4283
6304
9779
2811
236
1444
2083
7435
5551
3807
4450
5164
1242
650
2331
6641
8989
618
8418
288
4180
6409
4005
8634
9168
4668
3042
460
4976
7925
608
2577
5701
4768
1031
5279
3906
6136
3157
5310
7691
8622
6453
6612
668
1091
1000
142
6212
7914
7348
5311
2378
3687
8060
8113
2669
5142
982
1420
8957
2995
5199
8297
7212
414
8350
4873
3483
2523
2524
8026
7850
7672
1815
581
8893
5340
9059
4195
8363
814
6401
436
2202
2789
8402
428
7375
2956
6844
6237
7722
5676
3134
6838
3133
8996
928
8468
3601
5841
6181
2367
9596
1174
2490
1705
4171
8715
4424
632
8898
9219
873
987
9213
2870
8076
2223
5273
6749
2652
8809
7959
2199
8516
471
4499
8282
1033
5752
3190
9020
5476
1114
9553
7510
9082
2074
988
1512
2532
3454
5209
6725
158
3401
2157
5705
1973
4603
3545
2901
1270
2287
2780
6687
9946
4995
6698
8938
7180
6062
8506
4901
1793
6395
9577
6204
7788
521
5564
5091
9358
6265
820
7049
7101
2559
5451
805
9674
9602
7964
5275
8663
6989
156
9501
7659
3850
3604
9513
9849
7388
8513
3204
8226
8277
8765
6841
576
171
6769
4077
4754
9448
4755
2306
6755
372
9205
4120
5051
1307
8619
2566
1060
8175
21
2691
9248
8562
2840
8540
6229
7786
9026
983
9361
8469
8827
4687
2291
8512
6800
5502
924
778
459
9018
9403
4633
2387
9040
6047
7543
9483
7261
9454
3321
5821
9416
7764
5510
6995
4871
3480
6905
3605
8616
1744
1618
7663
8078
3023
8877
2288
4878
5652
7104
3094
8483
8849
9809
4034
3434
1523
2715
2580
2621
7136
7627
7603
4105
1491
9141
3067
3438
1076
7849
204
5244
4414
1742
8937
2075
1726
2229
4661
7877
3971
5933
5597
7142
3282
2720
6288
4092
7554
6411
8114
1175
635
1825
7891
1066
4625
1629
4890
6377
1124
4229
8625
531
4854
6497
2991
6219
7743
5135
6503
1869
7511
7004
8181
5284
9881
5799
9776
410
798
9735
7336
9762
2918
3496
1115
878
8529
9054
1651
6201
4774
5447
6351
5668
7993
7393
7496
4197
5414
718
87
6286
9854
2728
2793
1373
5753
3513
2137
4623
9381
160
7475
5425
1206
1984
9654
726
7447
5844
9817
3947
7234
9292
7939
4079
9301
2077
7391
7969
3860
2506
8086
3506
7577
2261
6856
1554
7144
8171
4581
7165
2114
2305
4298
9085
655
5326
7352
6864
359
3445
5049
8089
9379
4592
6898
3467
7331
9401
3243
3584
1085
1576
2143
6374
1162
3510
8160
3754
3628
6496
6915
4399
9923
7461
95
3693
9970
2847
7171
9892
8791
6980
4578
8608
3903
5964
7325
4401
8080
1601
1643
7327
2618
7183
6269
8934
2441
9524
144
7573
5153
5358
6703
3970
7775
949
4513
6866
6873
1295
4446
4121
9593
7586
6559
57
7616
5219
1746
7621
4965
1655
9034
7374
6735
7919
2397
8411
7700
5292
948
284
4127
3205
6429
8894
5148
2507
1718
5418
9670
9399
1864
7370
7430
9347
1035
1946
1836
2610
8391
7276
8115
2010
9392
7588
1461
9630
3470
5157
4016
7363
9252
2324
2827
1166
4616
1393
9799
9491
7814
2295
9781
4039
5822
9047
4017
8268
2583
266
3730
2161
2337
6586
4432
2783
7038
3912
2703
3789
3105
6994
7593
6178
5177
9274
3406
481
5718
2417
3402
564
1280
4877
8450
8684
1725
274
1642
6065
2155
3904
4400
8365
3167
7425
2860
6050
8393
5443
3814
1119
6483
2329
9069
8493
4022
3890
1215
2311
101
8945
8208
9694
4772
7918
9905
5742
7355
2192
74
5289
5084
1839
6946
5470
6908
9965
1870
4715
3433
3455
6494
4602
6316
3186
9492
3702
4244
1302
1079
2588
7600
7504
1305
4434
8033
9470
3940
5056
6927
1731
7961
2924
5137
3049
6241
779
9143
9925
3600
4365
2898
7281
6308
8383
2537
1003
4252
7456
5486
8424
1794
8755
6371
754
9655
2548
1785
1380
7767
2992
3787
8457
5886
1075
7990
379
7455
3277
1588
5890
6750
7045
577
8861
6809
6968
7678
5945
7454
528
1462
8489
9884
6533
6606
2515
8887
7267
6508
1190
2994
5046
3035
4495
5174
7159
3532
4224
5782
9174
153
9585
8766
7748
3834
7704
9159
9
2977
2685
2926
404
9016
1890
9394
8953
3036
3713
8705
8591
185
3844
9863
3741
6398
6310
3832
8735
720
3669
4164
2166
6732
6812
833
2519
9620
5264
1103
2175
4239
3439
3201
4490
1416
7074
7515
449
2958
8692
2462
5829
9647
8111
8123
5766
1681
259
3358
9052
8196
6282
9056
3330
8235
7390
5911
3734
7168
7394
2121
493
6170
7179
5651
3478
4576
7459
2628
9080
1246
6366
385
2980
219
3640
1590
9074
6661
2335
2066
8904
4294
3851
1040
6186
1745
3465
9439
6139
9964
9043
2534
3546
3569
3384
8366
6822
6105
6440
953
9947
1634
1239
1517
6519
1889
1664
8730
8437
967
8303
6338
5360
7201
8491
7901
6397
8854
1658
4905
5901
7213
8503
7571
9323
7222
5417
6843
5392
2765
3122
1260
4594
7328
9845
8919
4785
4471
5972
9843
5596
8328
9608
9885
900
6570
7479
39
8795
3670
3954
4227
2427
508
7879
2307
5102
4287
3262
7503
7948
6678
4021
2985
1502
8500
9795
7938
8032
5331
3198
4186
1249
5060
806
9927
3144
9682
5262
1069
529
9100
4557
6811
8006
4649
2363
1947
3928
4932
4420
8682
7154
3224
5113
1783
9720
2338
1347
5634
8805
346
8577
8140
3964
6221
106
5949
4964
2675
3910
9931
7935
9769
4051
7684
7789
7440
1067
4274
2293
9291
8088
7523
3537
9025
9290
3147
7361
9105
9246
5474
2714
9820
7221
9201
605
8121
4172
7407
36
4281
5931
2414
5893
228
1281
8349
5128
5781
7383
267
6534
6293
176
6069
9225
8653
5611
1226
8398
206
5385
3552
3946
68
1369
1610
9640
6603
2004
6227
7618
5339
2572
7866
8382
2457
3430
925
2500
4145
4130
4350
9186
680
6246
852
5973
9916
8564
9864
3090
3793
2046
683
627
5006
5770
198
1535
7893
7927
9024
1721
8428
4119
8379
6715
2829
2659
4183
6546
8985
4160
9803
9753
9632
8949
7244
1098
5383
3154
9556
5999
3009
6515
132
418
6832
6829
9609
2119
7360
1586
2596
6402
4273
5976
5666
7115
1876
6778
8951
8153
8384
1822
5178
1981
8259
3992
6983
8084
8155
6787
4552
7191
3185
907
8478
8461
3300
55
2627
1097
6955
1314
9653
9368
4718
7839
4938
3343
705
5828
9337
445
2453
4849
7703
3647
407
5573
469
5081
2891
651
6602
5690
1994
9229
2467
9546
2493
6042
7619
780
4934
8664
586
8027
5679
4551
4888
1403
9526
9517
3771
4823
2250
3684
4856
1765
1273
1628
2862
3511
6211
8022
7444
4237
567
6248
7731
4933
684
9009
932
6568
8813
8341
7831
5608
8889
4955
22
9277
917
9415
9950
9567
4204
2933
2105
3400
5063
7810
6998
4426
6635
600
8373
4610
3124
7895
5122
1131
2886
7410
2451
8913
7562
1713
6299
5587
2286
4920
6073
8510
7279
2688
3311
6650
770
364
448
643
199
7976
7803
1799
5305
3967
98
5935
5872
5288
5892
2167
64
3889
6007
7330
3808
5023
509
3111
417
7468
9681
3331
4483
5985
7816
8012
4600
8030
1539
4404
4833
2614
9179
641
3053
8389
8475
7371
6266
1605
7472
8263
4991
9003
8392
3012
3193
5759
8992
556
7572
6476
338
5697
5615
3936
5523
8885
4828
290
5664
1297
7903
4722
79
5256
7434
1504
6688
7721
1413
2694
9058
5239
645
4572
3938
6089
291
848
9481
743
7050
6408
5583
8993
620
3776
579
5105
9187
1365
6646
5982
4929
3953
3837
7282
8463
6820
7555
7740
5350
4253
6416
5783
5694
14
8354
4659
6833
4990
3620
7207
3100
7194
4403
235
7998
5411
9889
5459
6441
5070
6952
7666
7174
8265
5805
9673
5116
2805
3651
5371
6701
975
9147
2629
2227
550
9204
3737
7160
9029
905
5607
4390
2033
8554
7
6660
5938
3168
4245
8045
5303
2193
1943
5526
2383
8238
1795
9637
4786
2120
1666
9350
4084
4275
8709
2247
9512
8666
8948
9409
4859
1101
4536
8431
2026
1653
6449
5138
5984
7676
4546
172
9734
4122
5030
2005
5028
5579
9616
9279
7356
6215
8997
1429
714
9321
6224
4882
7482
3554
5568
2697
1630
9671
6407
5745
1917
7340
8507
4459
1680
5588
5500
3986
1671
861
7658
6818
5681
9044
3530
7359
3079
8145
1145
2243
2322
5913
6014
241
8605
7228
6991
4431
9285
5294
7843
1264
5512
4132
306
1117
6084
70
2932
1319
7626
8249
662
8729
4698
3838
7477
7429
8356
2439
1558
233
1256
4455
6356
37
1773
32
6674
8603
2345
6842
3128
2231
3032
1391
1764
6962
8302
8944
4565
7319
6727
9342
6614
6096
5437
3535
2265
135
5772
5595
3066
1212
7609
7218
3132
2770
51
5762
6127
7612
329
1271
6285
5133
1965
8172
1714
3617
371
342
2365
3225
5246
5569
5426
8129
6276
3805
9521
6628
6384
9367
273
6649
4535
9866
1320
1213
5201
9189
5066
5348
616
6710
9192
3763
3118
8415
2281
654
3840
8345
1686
5819
1886
3379
1931
9877
6771
4711
3993
4061
6607
8550
4936
8961
4524
1408
6191
8163
8202
15
4928
3209
1883
6867
4035
9878
909
7315
2091
4257
9372
9464
7640
7815
9466
2409
2474
9422
8253
2481
5237
2658
2575
3252
9240
4368
9969
6128
3220
253
6122
9112
9675
6077
6861
2922
3585
3590
5306
6230
7597
9307
4952
1753
1560
3811
8278
1849
3497
6742
4601
9297
8296
7306
7643
8453
8902
7578
2060
2206
456
6165
6143
7033
7420
4425
1168
8681
8548
131
8192
9053
5277
3086
2764
5780
6184
9930
7898
979
9610
3785
6907
4427
4972
377
8966
9121
5565
9150
3211
6277
9952
7238
5062
9453
2169
2445
3691
587
2787
1378
2402
9303
8136
3082
3897
6053
9473
752
9771
9968
3283
420
9600
8675
7382
8283
8380
4988
7674
7717
1543
7344
2647
8720
3278
8364
8669
6314
3553
6194
8696
6461
9339
9806
6529
8482
8536
4760
321
2848
1450
9208
1046
7945
5125
2541
8416
9773
8644
5786
9903
9073
3549
3578
