6491
2807
6084
7154
3814
1265
9382
3496
2371
3271
2384
4066
1360
9430
6041
4468
2376
7803
2996
8994
8799
107
2155
318
7000
7277
1483
3870
6561
1543
1138
9140
9726
6225
9291
7832
4711
7825
492
4170
9583
1861
2276
3675
842
2438
5683
7336
7249
1104
7382
361
1316
8330
9400
2919
2649
6903
3065
7957
78
7917
4143
781
7028
7049
730
2432
2398
4184
3276
6844
1199
4531
9523
9821
8360
8580
5664
2391
3764
820
7816
5667
7165
7331
5469
1830
1930
2277
7357
7685
8162
9706
609
5923
10
4311
198
1513
1064
1160
1327
4401
3536
7944
4833
9962
5332
7069
8850
8505
3604
1887
3680
1840
237
856
6237
8480
8530
6627
4750
9600
1664
1050
2293
8014
7921
144
560
7713
2634
3801
3195
5373
1568
1264
8747
7616
7575
3795
2891
5019
3810
2184
7270
1610
4167
3371
3196
3495
4953
4377
3708
114
1072
8713
9849
7773
8241
7451
252
6634
5365
5633
9961
1737
7717
7632
3946
1683
2752
1722
7424
640
5441
9722
7012
548
2357
6806
1195
9691
7089
2720
2739
617
8668
1042
7214
9770
4293
1222
8011
103
8181
3316
608
922
7780
6291
7738
3621
1037
44
5203
6624
4412
1600
5788
6554
6050
265
1015
3985
7488
4400
9248
6164
9124
8806
990
9997
1009
1890
6538
581
1442
2306
7297
6138
8963
5877
5400
5369
3696
2623
2410
2693
8947
5120
3774
292
3827
9516
3743
8076
3503
6762
2769
1017
4624
7757
9931
2097
9564
675
476
1374
7746
4129
7497
726
284
3948
6776
3666
4317
7184
4567
8444
1377
6168
3312
624
9570
8729
7985
5018
2683
2644
5831
2753
6472
4507
3966
5032
3298
9480
853
7520
906
4308
2616
214
5818
555
6603
6664
1931
8904
5163
4592
1650
397
1606
7521
752
9702
4399
9079
288
7563
9109
9978
1875
7608
7779
2132
7043
1869
5267
6233
8367
5245
8463
9428
2618
3243
6265
8882
4797
6129
615
2962
8069
6602
2788
5071
3229
1335
2886
9727
3670
7134
7953
4459
9779
7142
9778
6170
6792
9325
7937
9551
7259
4047
6458
8985
191
3097
3232
2741
2099
2701
2409
8041
2954
9795
3903
6244
5461
3707
9294
6420
1755
1281
4335
3030
3313
3396
2585
3485
446
3778
331
5240
9520
5171
8752
7593
1985
4762
1133
1350
691
2202
9099
7636
9858
8225
9976
2482
8085
784
4452
3583
4994
9361
8898
746
9904
9209
8575
4402
3812
2196
6923
1187
2747
7063
1546
5473
3787
9413
2583
2562
9781
5888
9367
2464
7972
980
1948
6385
7500
2684
4687
9104
7283
3203
2244
8165
5368
2555
4501
5379
204
9689
2004
6134
3922
3258
530
6083
7934
2374
1093
573
9835
6580
9019
6345
3624
5996
3701
2135
1964
8686
8370
2170
9852
1439
2506
2952
3039
7505
9518
506
7644
7140
142
7840
6939
9512
4854
839
5208
6856
2933
1926
4852
9023
4181
629
7187
419
7671
4169
2719
76
9615
385
3148
6248
9915
3744
2413
7257
7784
3380
6628
9659
3977
7861
4363
2727
3986
9210
4150
7356
3269
8583
1242
8340
3289
8638
8535
2703
9788
1560
2896
8120
7427
1804
7046
8831
8093
4896
2373
6300
1011
5663
6630
6175
5419
1087
8293
9947
9941
7710
7920
9323
5816
753
3755
3991
3046
1517
3322
3715
6116
1933
7153
2038
1695
5204
8518
8712
686
9723
8818
616
213
4267
3657
694
4211
1016
8173
3119
8614
9687
9259
4419
880
9968
354
4787
5662
362
6057
1156
8718
4880
2822
7762
3262
3428
6746
3270
7791
2356
3475
4733
4678
1556
7170
6943
6128
4069
5312
3121
4168
8224
9728
5952
5334
2108
7901
3851
6598
9391
6465
2760
8084
2316
2568
3332
1346
2092
277
6936
2481
3781
6509
4821
846
2545
8400
5340
408
7669
6610
209
6417
3116
7919
8813
5037
505
1829
1046
4686
9150
3852
3515
5333
6757
3597
6113
510
4495
5755
7107
8234
5130
224
8220
2168
3350
8413
797
8809
3909
4159
9513
5555
9376
6750
7486
6582
3983
8631
7583
5428
6878
8983
4756
4879
8133
8746
7665
3622
4518
3520
5517
9119
7511
9566
7612
1172
7157
8332
3646
472
2003
4099
9750
2018
9466
3525
6948
1344
5045
1505
352
8621
5142
9906
4012
8016
9990
7701
6223
7351
7722
9755
4207
4705
1592
4680
8298
8671
5486
1913
5350
7419
4590
3083
8697
4093
4151
2441
6631
427
1237
963
1194
1943
2538
4098
5297
8257
9490
5221
9235
424
4793
6897
8801
2914
9288
9180
4279
2270
8974
8762
3910
7657
2049
5679
5443
4988
8203
5430
3978
6495
7433
2475
1073
450
6450
8402
4115
1894
5270
3626
2059
5823
3437
1572
2177
8685
2272
1391
2535
7795
956
3619
605
5152
186
4370
6141
7122
1831
4342
8184
4095
3233
5079
4355
652
2958
8537
7998
4477
782
3284
1825
2553
5645
5982
8111
4108
2435
1577
3533
1455
317
4853
2825
9686
9753
5175
3449
4987
4425
3032
9194
7951
2627
4394
9053
5757
7507
5201
6214
7930
6489
2128
2281
4427
3816
3943
2138
2740
9494
7273
1574
90
4044
1796
353
2667
9588
7403
6744
1936
1008
1004
7240
3916
7966
8302
8637
7764
8982
7883
4104
886
4058
4385
9467
1024
5800
6669
24
9356
3706
7725
1136
1540
5905
7718
3552
5107
8150
4384
8411
8958
5090
6795
4097
8797
3436
9667
2219
1511
8437
260
1868
7601
8992
9684
1166
5594
5168
3050
5644
9249
6713
7421
810
2588
6874
4023
4811
8803
4165
9340
5873
8089
7268
8020
5036
720
2285
62
4968
2302
1605
4080
3241
7307
1300
2364
8517
7900
4479
4650
2062
6815
6396
7750
4763
1119
156
3749
3866
2460
6577
3682
5642
8758
1945
3824
8395
2331
6192
4701
434
3754
4283
6331
6401
5910
369
4469
3175
3919
9200
1446
4449
9381
7552
4603
9014
4964
6369
258
5844
1031
2433
4642
8855
2849
3807
1770
4057
4155
7101
5363
3290
558
9271
9280
3668
2343
9357
6521
7696
4576
2252
1301
129
8222
8636
9080
7642
5164
8490
3802
7274
6819
8296
9334
824
2779
5764
5819
7849
7316
3460
4980
9146
9328
9425
3147
6430
5646
5096
7801
2084
2964
3760
5747
2192
7495
2755
2884
2625
2088
5063
73
9636
7173
7622
4116
4504
1257
972
6772
9324
9130
168
2707
9492
5117
2696
6500
9883
4113
5056
9671
7666
8305
695
1955
4851
4623
7759
9029
6767
6884
2632
7743
1863
9314
8952
5294
9041
7361
7923
6898
8788
4940
6455
5225
9039
2656
1533
9992
5630
7522
9499
5907
36
6021
4121
488
5237
8539
1718
4277
407
8833
7416
2024
9567
5810
6303
518
1258
9700
7013
5584
590
8897
544
8965
5768
2600
8325
9332
7015
9299
8586
1240
4272
6586
7355
1640
4435
2584
3849
4876
5933
4637
3927
6359
4539
4269
3593
4174
4823
9920
6322
1729
3223
1740
9203
7224
3381
7366
4721
2995
5025
4866
8523
34
9274
4655
3214
426
9914
2029
2144
7189
9327
9454
6392
3395
6182
7111
4956
9986
3504
6617
458
3972
2636
9894
3234
709
1102
9316
1814
2013
389
5692
4256
2426
9509
5401
1794
4907
9884
2286
131
1589
2355
4957
7359
5471
9463
1705
6487
1088
1278
4138
5266
2842
9178
3252
4084
169
1295
3091
4679
5254
18
9876
7814
9267
3951
8656
3144
6241
6268
5066
9857
1557
1345
5917
3165
7716
9067
2026
6153
5110
2746
6913
5837
1586
9994
6333
1816
2054
1760
3018
2835
9199
1554
4582
5806
7817
1641
9740
4306
9653
7778
7346
8550
9149
4790
741
9905
5354
8457
4460
4033
2977
6682
7682
9774
6452
9078
9780
4475
9766
5893
2133
8017
5735
58
4366
6351
5570
4638
5742
4918
6933
3138
412
3865
3699
6471
3571
499
816
7358
6648
2207
6768
5754
1677
401
5488
9944
1719
1198
4916
2019
9035
9661
5073
3040
9685
1445
9958
571
7232
3327
4178
5613
1379
1735
3029
9153
8770
5258
6629
2222
3524
5010
8738
4626
5083
5678
8037
703
8600
5012
3343
8182
2906
6130
4812
2403
2002
3452
3717
8916
1776
813
8420
4228
5537
1186
9844
5455
3398
2466
3535
2065
5542
585
1090
5721
15
8862
5242
2648
3183
3077
8684
9206
413
5358
1870
5901
5495
1781
5478
6103
2814
2301
576
7318
4667
1144
5746
8819
6481
836
4457
8129
7989
4222
6611
2731
687
7018
7144
9303
4898
5409
8373
9896
5140
1039
278
6032
8279
9890
4393
614
9093
8108
3124
2709
6344
5891
6063
2046
7379
841
1789
580
9234
5118
6689
6107
3740
3352
6523
8785
2699
218
4345
9524
1134
462
6161
5600
2143
3168
2565
8553
5395
5092
348
4379
8278
9217
3608
119
4221
4526
4734
5250
646
6730
1626
2145
6542
8271
4676
2887
5249
8171
9993
7465
3522
8903
2828
9415
4106
727
1412
5955
8989
4386
2338
1048
3330
3970
6725
5214
2772
3363
3949
3779
4735
9979
3387
2812
1715
808
2370
8205
1759
5916
9444
8039
1680
9729
8315
1032
1338
3028
396
9447
6035
2041
799
5093
6429
3931
4189
6124
85
8700
7130
9957
1117
6908
9595
5808
3061
6478
602
6607
2082
7864
5983
9132
5807
7560
8006
448
3254
5487
2157
3879
5472
9487
8066
6581
3155
70
9128
5698
4532
8527
8476
1387
543
7342
2253
3020
7896
3610
4446
6267
8964
6691
9064
6805
6843
2298
2450
7620
6160
1367
7615
467
9445
2053
1665
1202
9257
3917
3239
8997
4547
4610
2341
6662
87
5023
724
1168
6894
1215
7596
7100
6836
7452
1716
2637
5998
3681
8942
7099
8807
7503
3582
4694
3502
6900
4073
991
2408
7837
5388
6180
4632
9807
7765
5298
2255
2843
481
8875
2675
921
5557
9552
2111
1271
1769
3883
7681
9065
3451
7397
9183
1742
2258
9088
2614
9799
399
7468
7950
6504
5015
6774
2544
6085
7730
6424
7824
2245
3034
1019
894
9527
327
3267
5974
3551
5306
4631
2401
632
7400
4921
8449
1220
6696
4961
6799
7364
684
1670
6002
1297
5109
1651
8382
8319
6246
4075
7987
9660
9081
5407
5481
6506
3400
3532
5000
5385
5814
7805
5897
5232
7064
8590
5833
767
6796
6009
8032
5359
9834
2575
6427
7097
201
3830
2796
4935
368
2666
4580
8226
9693
9047
4485
4323
4313
8628
463
55
7624
6217
1241
6033
5174
5965
9060
5582
1937
3960
9331
8166
1541
5434
6833
8431
4008
307
911
5398
6929
8522
3007
6069
5841
6846
2831
9292
8273
5278
6044
2095
8915
3462
4519
765
758
8924
9018
8853
7904
6716
7719
7579
174
7760
250
7381
5741
8675
3038
6673
4984
2902
5281
6567
6800
6454
5767
6088
4278
7330
1007
4657
891
2738
3063
3716
3151
2947
973
4405
4109
9118
7392
7347
8015
8670
848
5911
2016
3198
1954
5770
2468
4706
6111
1443
6407
6724
1447
975
5394
3837
2597
7197
4445
2658
6484
9055
5740
1645
3777
3896
3631
6861
737
9374
9056
3107
8200
1636
7408
3724
5973
8384
9541
3577
1573
2051
5491
5649
6259
2436
4870
5253
4387
3491
3971
4515
9502
1331
2330
7250
1228
5241
6881
341
9051
6541
6552
6879
7294
3517
1061
300
2267
8434
7328
769
4334
7664
8075
5492
6335
6034
7079
2160
8252
7321
5276
5694
1354
4942
1174
9869
8899
6295
110
5686
5720
2397
4264
7890
9171
7025
541
7911
2768
7545
4845
9533
9842
6011
3084
7781
1745
8563
7525
3317
2676
2083
6862
5711
3464
1618
9470
1857
6251
3323
5887
3377
7969
6201
270
4550
9960
4328
2463
9623
2698
5845
2310
5743
6469
878
2039
7790
167
8902
2290
8782
9410
2195
8721
6975
7387
8334
529
2044
5930
5612
4410
8830
2784
5196
289
3360
1107
2892
1428
7426
2491
800
4769
3921
4985
5496
7461
690
6690
2697
6982
1959
6650
5316
5205
9792
5468
673
3206
8143
5189
4050
5809
6143
6298
7279
257
6496
9417
8861
1001
5279
1828
4892
9620
8169
1474
4998
8772
5828
4289
8829
9873
740
9090
9694
742
4053
7076
2309
9507
7443
157
9263
4557
6480
3186
5160
6619
9743
9484
7678
4091
4895
3115
7761
5794
7133
31
5562
5287
9639
9465
7094
4458
6257
9733
8148
3925
2223
8048
5541
6782
8268
2517
3042
9038
7499
1912
3410
8246
2948
7732
2114
1389
9279
7019
4792
7698
7755
788
1923
7677
1881
8297
336
682
2778
8317
1782
8407
8705
3853
1990
295
3595
7508
5124
5362
7734
8258
4948
4890
6060
8144
5345
6892
2025
127
2241
627
1246
7540
3737
5824
9154
9100
4060
4319
2497
4728
5040
1438
748
6096
9421
3373
8107
1604
1832
4718
1317
3531
5479
6361
7292
8825
5501
9935
5895
3955
6535
2716
8704
8276
4297
2975
3487
9214
528
6227
8778
8966
1939
1867
7447
7033
3553
4491
2687
1988
5390
6389
9394
6507
8629
7968
8953
8366
4835
7195
4772
9117
2456
4498
2830
4955
4185
1667
7060
4730
2569
8960
4615
9419
3547
2695
3702
3385
4472
7457
3382
2677
2363
7455
9359
9867
1453
7700
1768
7384
5086
3329
7479
1709
5111
4671
2365
8998
7493
1029
4166
1421
8174
7042
811
1548
7723
4448
6655
1484
5799
1224
4024
7348
7071
6188
514
9116
3516
6809
3767
4455
6880
5030
495
4969
6522
2139
3188
8212
9719
2560
9713
3578
8023
6645
4360
4668
6514
8427
1151
1352
1506
7813
1188
4549
7509
9769
187
8804
1993
2630
6718
9429
938
3393
3545
9298
8439
4565
8355
7754
658
4255
241
6418
6431
4315
1209
7339
962
7178
159
7145
3337
8004
9839
8163
4341
2372
9075
8568
8769
7482
6852
7234
4199
7599
9812
4864
982
8937
4830
9548
3221
1177
7413
8072
3064
2710
2072
7663
1111
1590
5789
2848
6155
6728
6601
637
7332
4986
7417
6926
2349
3660
2521
4641
4213
9964
1866
5628
9159
1655
63
981
9398
2261
898
9897
9437
6804
6092
4621
1584
5361
6618
8498
5793
2712
9891
6702
9024
9637
6185
7390
5427
7836
4157
2137
1036
5685
6367
5583
1996
2810
6621
7231
5926
52
9948
8946
9458
2621
9451
7396
6317
6639
7428
3932
3878
3895
4450
567
220
1217
4974
2023
9013
5213
8626
1777
2880
4333
1066
7037
17
3414
6952
3617
1865
2529
9076
1132
6905
3920
6798
2205
7159
1823
6195
3216
491
9193
9582
3855
5853
3723
9289
2296
2116
6193
3282
6177
2838
7367
1204
8324
9173
8596
4006
5006
958
5890
9544
1437
5396
6101
9389
9529
2494
2162
1489
259
1284
6966
5075
502
8911
756
7217
8337
5338
8116
5080
872
6714
7557
8854
9959
6315
4438
8068
7640
4978
8986
5832
3205
954
431
8909
6433
1386
9704
3139
1162
1145
6835
8250
6512
6743
8839
739
6110
1911
5617
79
124
4055
8090
5410
5177
4309
4403
5552
7480
8609
9859
1070
2221
7446
3476
11
1406
607
8419
5301
8289
1786
8415
161
2664
5299
3230
7881
3263
8757
5119
6963
8993
2478
1303
8783
5912
3694
2706
8323
5673
8290
1893
2979
5268
7967
8219
6012
356
8455
9907
5641
671
1917
6695
7131
8452
6323
7176
5805
633
2340
8852
9092
7389
3667
372
9954
4544
1864
6001
9899
5855
3003
5035
3145
3000
6132
357
8796
2
7124
1283
6708
6296
7039
8545
7513
9483
6990
7418
8526
460
4337
3688
5655
4398
4644
6871
5786
9908
7171
4123
1647
7555
4480
8749
2191
3641
9910
8303
3511
1903
7304
6614
4545
5199
4348
2243
1632
4802
2798
3044
6121
4999
897
3090
903
1783
9197
7956
8351
751
8840
9500
2757
1793
3500
7659
5209
5188
1385
1924
913
96
3349
2966
6042
4016
3822
1689
7561
3687
4042
5549
1549
3212
7772
3704
3806
661
5573
6065
596
923
9748
7354
7271
171
9137
8114
1454
1291
3514
4816
7676
5272
7254
8742
180
3011
870
8248
9054
1703
522
7302
9577
996
1929
7519
141
3494
4067
7588
763
1730
6314
2030
4604
1231
1877
854
7619
9829
3489
4546
7365
3421
8000
2777
3628
5190
7793
6299
4886
199
5981
4
4429
7961
989
7802
9791
8622
1537
7126
1041
677
3208
4252
5656
7261
7878
6756
9010
6839
4602
1047
775
6080
881
9943
8142
4190
8918
8842
8956
5076
7314
4992
7164
2579
3585
7873
5640
1733
9095
1294
6585
1116
1
3979
5775
674
4195
1624
4034
6950
7411
5101
8516
2067
1787
1744
2761
6327
7893
6421
1788
3127
8475
8183
5651
1763
7394
5713
6557
1803
619
1292
3066
3072
7102
6825
7574
1991
3643
4643
9015
2916
6620
4653
6068
7763
3219
6445
2789
7372
5650
2329
6094
4541
7568
2931
394
5463
4630
1717
4727
5522
8689
6220
8227
1992
4302
4083
8988
5074
1725
9603
4981
21
7809
48
2531
9970
6348
6347
181
6301
7506
2680
6859
251
1833
1919
5308
1432
8285
1282
3734
3103
8678
2793
222
5116
5730
2596
7201
3698
138
8740
9590
9071
7553
7844
512
4125
5932
4849
5922
4035
7218
7653
2339
1657
6137
2484
7857
9705
8153
2141
16
5446
601
2134
2951
4407
3540
349
2678
8134
7185
6543
6848
8515
666
4414
1780
2124
8672
7474
4395
4499
733
457
7586
3048
3005
2094
3272
2815
7448
4314
1058
7422
8030
5046
1837
1493
1878
311
3422
7643
2396
537
9550
6336
217
9626
3841
7798
2225
1112
5341
2218
6930
2923
3211
1182
1461
4542
2870
7238
4456
28
359
447
1098
7313
3324
3308
5687
9172
4915
9832
4740
4795
9999
5946
3782
7748
3024
4873
6162
7082
9308
4989
5050
2098
6371
5875
9404
1525
821
7453
2859
2681
1289
8083
8651
8151
710
7925
1140
6091
6761
6517
8422
2894
9243
2599
3793
9211
2227
6784
4843
2857
6056
6402
4944
4234
5523
9378
5920
7288
8648
4661
2917
9344
9715
3238
1756
6485
5851
8242
314
2194
3372
8147
5712
610
7767
3605
8341
4510
2754
6635
3659
9377
2187
3304
7613
8859
9546
8722
838
1451
8957
8908
9442
2635
6751
4708
1103
6087
6308
2486
8811
4973
5503
729
3058
2895
7652
8730
2792
1558
5296
9461
6460
4894
360
6382
9025
8779
5197
3674
6555
3935
3291
6705
7110
5459
1238
4726
5654
5520
212
3796
9841
4426
3752
68
6158
1398
5726
2037
648
7115
1163
8653
3854
3569
1362
2119
7724
7137
9004
56
1536
3703
4368
7409
5436
5383
45
731
7981
6887
5827
9241
6998
5462
4837
1685
6309
6449
2035
6055
5624
7223
1957
1813
6954
7183
8335
208
6285
7460
8287
5605
4051
6077
216
679
9581
3813
75
8817
4670
5924
1122
7401
9346
7910
2592
2905
2201
3463
5494
2212
5356
7887
3556
940
7533
2721
8849
7440
4725
1844
3860
5484
5186
9575
4324
2942
6978
2507
5187
9186
8808
6860
1125
2337
8425
8634
206
7380
3446
3453
4520
8280
7868
7075
3848
9870
148
5724
4827
8534
943
8458
805
3570
5456
9091
5022
8894
3762
4528
3277
884
2031
6494
4749
1526
6115
8844
8218
1673
2499
7050
2573
466
7246
5027
9420
2865
5643
3021
8060
8167
2269
5138
3794
2528
4122
3803
8019
1402
2351
3756
5631
2512
1076
9277
4561
6145
7147
1342
4666
1071
1984
321
5813
7999
3655
8033
2142
7788
1422
6882
6962
9850
7536
7470
4287
2871
2274
4200
3320
5657
3220
4274
8501
4439
2477
8536
146
40
4087
9227
8207
5145
6405
5285
5157
1192
7251
7931
2582
192
551
6313
6604
4780
4606
1922
5715
4513
286
858
6671
519
6006
6956
4702
5521
6341
8067
6019
7162
2471
9401
8053
7494
4594
4294
2342
1074
5011
5445
8204
1621
4343
6026
2850
6000
5777
1811
4601
8824
1697
2005
9860
1306
4013
3244
825
5389
9720
7023
1382
3461
1114
5892
2533
437
6632
2312
7166
1692
6788
4295
5399
4380
7371
8372
2299
3111
4648
2937
3672
8930
9806
2332
5797
6003
2858
8221
4173
1430
5659
6915
5737
3564
8329
3958
8999
3416
7510
9175
4101
6172
2571
968
707
5437
1065
994
3989
84
7792
6706
8884
46
5247
8158
9980
5227
6826
5629
7282
5202
3889
59
8286
5466
6224
230
2159
1341
3700
1944
301
542
6771
5014
6488
6477
1693
7431
3074
9139
1078
8619
456
5990
9005
7044
4488
9276
8702
3693
6031
3690
5454
2071
6731
2869
6551
1260
4246
6281
4088
501
3720
5490
8500
6346
9768
5291
4563
8981
4258
6563
7241
8195
4409
5790
9185
219
3669
7651
9522
2118
7638
9170
5563
600
7005
3857
7017
1395
5674
9539
4924
7838
5568
8665
5748
6877
5137
3823
718
347
8398
8484
7578
1319
2756
1576
3905
5095
9337
535
445
6269
9475
4375
1659
9827
6932
5005
3321
1507
9370
8805
9380
4753
1052
1597
7851
1978
7386
3225
9786
1674
8566
8542
7143
6863
4025
6984
3745
896
8102
6332
1466
2987
5599
7758
7436
662
8753
7720
5980
5880
597
5072
8101
9656
5899
272
3789
8122
316
832
8189
9988
1622
6503
8131
3120
4783
2161
6131
1096
4868
6802
9633
5539
3248
9851
6409
9721
7281
9237
9464
1457
3099
8179
2228
5705
6976
8417
5055
5634
5780
6663
5155
7554
139
8928
2626
7668
2121
9426
6199
5590
6945
5695
7573
4492
7209
7338
2462
9155
7903
6293
708
6171
4887
9818
4798
3129
9855
8309
1135
7062
1044
6114
5335
6609
6329
6983
5761
3201
523
7660
4503
4566
1746
1208
3992
2604
3319
2421
7287
6384
7889
2549
5885
5026
9062
6266
6596
4078
8552
128
9614
7977
176
2845
6486
7309
5300
5413
9831
5207
8034
1492
2960
1410
1396
1259
8943
3898
4746
9640
4788
877
879
9399
4454
5509
5320
8913
8708
5639
9608
5783
8720
3994
9479
4176
1504
2234
1478
6072
8429
5881
711
8881
757
3253
7727
4484
5581
945
5159
1020
1091
8660
8469
4906
2581
712
4863
4941
480
3285
796
1429
9343
2652
6339
5857
3361
525
8071
9952
6074
391
7932
1801
1394
650
9515
3218
3458
3430
1521
4834
9635
874
8735
9283
3993
2988
8593
441
9561
8695
1527
4052
1701
6119
145
8121
9594
3869
3123
8106
1808
9609
9395
8040
4572
6013
7938
6558
8088
6520
719
6637
7204
520
5151
9826
8223
3686
1856
6157
7912
9587
1034
4021
9162
9438
9164
1040
9218
7625
5554
9396
3431
3863
7065
1972
1714
8031
547
6306
4832
8474
929
8091
9360
7492
1480
5530
3094
515
6271
9996
8939
1193
6977
9804
5248
473
5671
2020
1268
2090
5619
7532
9892
4048
9247
4124
4536
7524
3286
7139
487
7496
9144
649
5061
1051
3506
89
2875
5535
3045
3093
9405
8967
50
7056
5782
7341
8764
8607
4268
6781
6763
8445
3006
6236
8208
2427
7242
5310
6097
3
7654
2382
4628
3251
5882
760
6864
6733
3780
9977
8761
1157
8438
2368
6428
2653
6841
6010
6991
4800
8186
6528
7236
9559
9368
7848
5406
9665
2550
2163
9157
8228
4219
9330
778
2295
6824
7136
97
4844
9372
1221
4281
3001
9591
5235
188
2081
5870
4774
6972
8381
7530
6623
9223
8390
2180
9865
8615
443
3375
9557
7414
5264
9597
634
3141
3804
5904
3637
9593
1150
7370
1969
2787
3101
1486
702
4535
4111
8669
1897
2107
4656
6358
6832
118
8551
9232
4850
5751
1739
9519
1800
5403
8364
7618
8870
3695
6316
5412
6999
827
2715
1218
6556
3191
1092
1223
4840
2203
5900
5710
2903
2182
2093
1981
8359
1299
4613
2783
1951
8692
5586
4171
8044
6497
8929
417
4130
7673
6698
4919
4872
5854
6530
2938
9995
5693
2514
7879
435
8923
4779
253
8632
3135
8533
7850
1654
1321
2474
6426
9202
8995
8021
3850
2151
8391
4558
4914
5113
6816
3678
8618
3055
1067
3527
8513
6448
8096
6250
2673
8092
5714
7300
6039
7939
6547
8737
8259
4553
3658
2981
5979
1927
9286
9751
2925
7106
7635
2622
6847
403
7702
5829
5533
9683
1802
5106
806
2434
8399
1691
7609
5052
2543
2418
2660
1416
5191
9224
6812
7546
4383
2946
8282
5773
2800
8202
2015
6393
416
2472
5105
8823
2823
9107
9406
7168
6727
4188
9269
2997
5243
8264
2242
8521
6318
6658
3847
164
9647
8562
7634
613
8094
1263
4201
8097
1884
5112
9655
6234
9317
6474
6565
2479
4431
3725
5977
8640
6659
5239
1393
8679
4659
2423
8954
7276
3170
5224
9696
1415
8356
5295
6146
4639
557
3314
611
5936
706
5615
343
3815
5420
5223
1713
6288
1648
4119
3067
1364
2193
4560
875
4105
1907
8549
57
9672
4059
8412
4070
102
8159
2813
478
8643
1230
7192
8710
364
2321
3952
7811
1999
9579
4945
2672
3644
2751
2744
3945
1675
8798
4598
538
2256
9407
2458
4263
3134
9114
9305
8058
4249
6253
8487
7742
5452
4703
6830
604
3864
1679
7688
2780
4028
6599
8193
7093
5195
3645
2448
7902
865
5592
2881
2070
8283
1056
346
2734
422
3082
2461
7167
5504
3538
8178
6305
9341
7885
3685
2601
6135
8135
4245
4690
9887
1564
246
4160
6312
863
3944
5115
7706
8328
9617
9131
1891
803
5121
4265
3095
1741
1244
4015
342
1726
6108
5161
7585
8389
4237
7004
1918
9983
8277
3413
2920
8506
6075
3423
1063
3968
182
7646
6643
6459
2167
41
9624
4000
3639
3226
3310
8777
1515
22
4128
4062
949
3136
9408
1514
6640
5938
594
5543
4284
887
8430
8379
177
3334
9752
6222
7891
8724
6290
5065
2758
4416
7535
7489
9940
1785
5579
9613
4739
8486
8739
3383
6366
6849
1880
5772
4618
8336
2021
6030
801
564
8327
8022
5689
7378
6461
3160
3019
8491
688
8837
8440
7598
4847
6330
9422
9253
6479
6183
8925
587
1882
8921
5548
2718
8635
5817
5384
9657
6885
9435
1886
74
8235
5016
2661
8934
7177
7317
8585
3355
9432
3880
1357
3369
5999
2057
2381
9416
3975
855
109
3354
6540
9074
9272
5303
8604
5538
776
5156
2690
9082
8320
6027
6891
6270
4086
2505
5477
1159
6152
5325
135
5878
7991
5569
6699
5126
2048
6883
6140
1616
9604
6136
8841
5876
233
9688
3844
3078
8192
7462
9680
479
293
8766
4307
1339
1473
1277
4841
1095
9488
5608
8877
2185
1765
3751
4723
8688
8217
3965
7404
815
8727
795
3625
5756
5765
8047
9098
6742
4304
7483
7472
8478
3368
704
8655
1619
4936
6475
5498
93
6287
7245
4897
3315
4950
4620
8494
5919
4937
7155
4752
1699
960
4761
5536
3727
9794
3915
5734
306
3176
3068
6644
8525
9233
8294
6969
8448
2414
4913
8414
9817
2273
5347
2251
8977
3558
3579
313
1690
5545
2561
1392
1121
3440
8774
6524
4096
4068
3378
8820
2827
2200
4154
2172
4900
1226
1183
1158
2402
4908
9605
6927
7103
1206
2289
4893
2921
7432
7151
8405
7822
6720
6693
6789
3906
4537
6685
1707
6242
3982
6560
4107
1184
3105
4538
3839
6594
8345
8397
9536
4465
504
2922
9736
451
8164
3872
4675
1682
9742
7501
2700
3374
1977
7444
3365
3874
7199
1234
8432
9789
5372
2420
1547
5506
2863
303
6783
7158
9875
6965
952
7022
930
2508
5049
4926
1827
7467
9934
985
7962
3443
5571
6089
8247
761
6398
9793
9918
5988
8115
1404
8260
3834
228
2940
5519
2732
1384
5322
7296
8460
755
6865
6539
2476
1520
4147
772
6435
8442
7662
1275
1687
8759
8409
8890
1531
3861
7821
3786
1862
3999
7559
4490
6979
7203
3457
4912
3546
4162
924
5009
6095
6661
3885
9735
1085
1732
6820
155
8036
2446
5699
5963
4483
6895
2226
1773
7587
8676
2605
4826
8520
8240
8081
39
932
6510
1207
2790
3805
7420
9945
3159
9732
9321
1853
1688
4979
5847
1126
3264
9902
7512
6850
7205
6872
1298
3450
387
4760
1652
4669
9765
2308
4161
3240
7870
7576
868
3559
8602
916
1585
8663
8489
5315
4413
2900
8896
2967
5371
3705
3926
9310
2425
7225
9549
1979
4301
4743
2190
6920
5591
4682
1998
4781
3014
2378
8591
7125
4874
7804
9184
3902
4202
7859
9917
4600
3584
8046
8701
8707
3162
38
5134
9006
3081
3899
1916
2515
1497
6411
2075
1286
5997
5941
67
9452
7429
7744
1485
3877
6120
1700
3366
4094
99
8564
3157
4180
3435
6810
2129
8343
7776
8690
6967
3339
7363
4336
3973
5771
4198
3890
2785
6656
4965
2749
7898
165
2265
3295
5507
638
6378
8073
8380
3087
384
2383
170
7735
7935
3235
5475
9754
7237
2204
5856
5352
5324
8951
7085
2969
2399
2042
8555
2932
1678
6997
8987
1262
2386
3911
1973
6117
7469
442
6988
9174
6964
5791
1100
8483
9703
4587
7504
7326
9576
1835
4209
2759
6684
4179
4017
4389
133
6545
6710
1369
3493
305
9301
7529
3656
1164
2375
967
6483
6808
4331
8045
1724
9888
3483
5424
3420
5859
7335
1403
9160
7960
6046
8617
6888
7212
2358
656
6571
6723
2211
7327
9189
9572
1252
670
2965
3662
8887
4349
2214
1173
3174
382
3185
7839
1460
6373
4266
1290
4838
9245
9836
4356
5060
9517
7020
4442
5150
5913
6372
8295
2776
374
3015
5319
657
2554
2232
3590
5292
3073
9963
9309
455
3479
1106
175
3521
7631
2395
4803
8080
9275
7828
6467
8581
6447
8938
5945
5803
7947
598
7649
5966
951
2064
2416
1752
6562
2437
6974
5059
500
1563
8732
8652
1656
4031
3445
8662
5257
5949
6086
7463
1941
2956
1123
9757
4447
9371
2926
2220
7350
9326
9664
8
3331
1210
6748
3275
9708
2439
8353
5632
2442
326
6642
2651
5869
2066
4046
3940
6139
4388
4954
8941
3722
4927
1790
1818
2045
3858
1318
7770
9950
8125
4411
4819
1254
8680
2530
4524
8029
1910
8872
588
2657
3190
7221
3454
6311
8160
3474
4693
965
2908
8456
4858
9497
5733
8790
8321
8313
5448
683
497
8100
2595
2953
2392
6958
7393
7116
5183
4141
5516
9158
4677
3563
7687
2412
211
9991
9296
4909
4133
7705
3086
4691
7708
6363
1459
7982
8346
7340
319
377
6415
9622
126
931
2866
5444
379
5029
6383
6697
5921
1854
9641
5766
4074
9825
26
4722
7886
484
7581
3614
475
3009
9181
4842
826
8462
9108
701
7108
4286
5758
1035
728
2743
2774
9028
3761
6549
3739
7970
3826
2837
3259
6647
714
2974
1524
6797
81
5559
8156
6508
33
3260
6534
804
8886
3567
71
6159
2915
9230
4848
8857
421
7829
3588
1336
3562
9001
8885
1448
2089
6395
3523
8544
5260
8597
4332
6059
3026
3956
789
4720
4158
2526
1614
8828
3480
9068
8864
1551
9096
5736
6649
4923
5136
4227
4575
6404
9440
9643
4627
7597
3283
2851
2791
3096
6595
3967
8950
4359
1859
6444
3788
4102
1888
1181
3759
7709
3554
7286
2327
3405
562
9866
1105
2786
7311
3609
6529
9973
9508
3797
6355
6981
2885
14
3484
660
1450
6749
5476
1467
7196
6515
4506
5286
5595
6343
4340
768
747
7871
378
8970
469
9176
2489
7918
9909
2910
7922
934
3154
4719
9847
7647
7442
2615
2034
9265
9758
1383
6893
9246
794
1214
3980
3728
9698
5986
3939
5309
7637
4327
2523
4381
4131
2766
7913
3632
793
966
358
2907
9526
9414
3268
8547
3726
7219
7211
9163
8311
1578
5971
7374
4511
6102
4564
4011
7244
9699
9311
6579
9049
2978
6837
9008
4658
1424
9823
7541
1155
4901
7782
7258
8256
9560
5218
6584
1333
226
8658
2686
7081
4951
8028
3242
190
4966
5960
8717
3394
5529
1189
5706
4239
4353
150
4699
281
7092
3772
4041
9300
1774
939
620
6235
5404
7202
1681
9809
2659
3541
5578
5872
8587
770
6297
635
5729
9270
6747
9182
4584
7181
9530
2495
9569
4500
9531
9369
2012
3427
8687
2209
7290
5357
507
6995
9923
2249
3224
9177
2496
3180
9658
7053
4508
8955
5934
6273
3118
5302
9362
3673
6017
6855
1896
3768
4177
6901
8561
9491
4732
215
9711
3384
705
3833
1841
9514
3031
2333
2033
7565
6320
3543
6700
3580
8377
5621
7121
8433
7978
98
8754
9975
7319
8624
8383
9240
6838
8349
8531
1025
7406
6712
1914
9304
4071
5451
4204
5098
2178
5815
9646
2882
4037
8249
3473
8548
1839
6840
6289
9677
2901
7256
7007
9889
5364
8556
8771
7567
8791
7070
971
6670
2449
5778
8714
5013
3651
3013
335
4354
5906
9895
1148
9045
8468
1211
9510
9169
3409
3171
6473
885
6546
9911
2465
1846
5697
643
2147
9864
7175
7021
9558
5329
9262
809
2173
405
4391
173
3408
2336
7498
3598
8176
6167
162
5068
95
6971
9373
6064
4443
7026
1456
6071
993
5229
8984
5836
2311
8592
3303
6127
2509
9785
4218
9264
5370
2867
3357
6803
516
3599
2501
5467
1127
4607
1491
779
8731
8130
4369
1696
9250
8933
4018
2264
8229
4652
43
8569
6416
8659
2101
7826
6758
2215
7595
9063
5564
586
6468
9882
7098
8180
4390
1243
1797
8251
3907
1444
6553
2500
9739
1711
4695
4928
1661
6741
4365
154
9165
2631
976
3581
4061
665
7215
1059
4072
7243
6734
3477
4461
4952
5153
556
9012
1348
7265
6051
8528
6701
7011
337
6986
6437
4972
5141
1153
5700
6937
7458
4933
4822
8975
3634
4904
6470
4947
5544
9898
3056
4883
9717
9450
526
552
4552
8299
735
4026
7434
2674
373
2367
2230
3390
5682
8734
4229
4786
6118
9872
5125
2504
8567
920
8210
2086
9145
3689
5601
4665
5339
5449
6959
8378
8694
955
7965
4351
2262
130
329
2406
6073
672
2036
7308
1747
5975
644
2335
7877
1642
453
568
2213
7229
9571
8043
3773
5866
9204
3342
4963
6221
4789
7399
9477
9113
5718
6079
5638
7352
5511
4709
9501
2624
3442
4248
7834
9070
4362
6875
6043
2834
3710
3415
7712
6909
5820
2389
2510
5217
5811
9878
2959
3957
4861
7833
8074
6574
2689
8936
641
1487
6533
328
4476
749
5616
1376
3249
3425
2493
592
7551
2729
4220
7558
9244
8900
2451
1161
6711
7210
4433
1366
7860
7118
309
7675
9650
3345
4481
8912
3574
9982
2346
3825
3459
6324
513
4352
6889
7650
2617
8595
8473
4939
7200
3128
986
3184
5902
297
2936
8699
9481
7058
9134
869
8810
2105
6831
4148
3936
1270
2188
8138
3731
5024
5623
8667
1902
9611
3433
3401
9648
9151
2912
882
589
8018
7830
9984
5397
935
7412
4373
248
6240
1672
1603
2643
1822
7006
5972
3962
8145
1842
6090
2250
9161
6066
3301
6466
7980
490
8866
4193
37
5776
1426
1851
4818
8347
9388
7001
2319
3149
1934
7320
1727
54
5194
2109
245
5898
3386
6058
1950
3636
1905
964
3043
4949
5976
4418
8266
5169
5889
5840
9534
1180
8496
6572
3133
4683
2127
5825
9322
2502
9925
3402
1552
3984
6568
3344
3439
5954
5939
900
6707
9385
4959
8906
867
5637
1253
6931
3041
6765
4276
7946
9195
7096
6907
3307
137
340
5031
6752
1989
9824
4533
1203
3246
3069
7293
8793
8892
4318
1477
4036
2007
3987
4436
6387
9707
376
7003
1347
5429
235
5991
6150
7014
6109
3766
9411
8064
6370
2587
8375
8197
1129
2537
3611
3250
630
7182
2671
5246
2022
6133
8927
8800
9031
6968
9913
3550
669
1820
1607
3928
9535
1490
6770
8812
5123
5525
961
8357
5343
1296
1060
2591
1235
4975
7626
3664
2546
4203
6279
948
7255
5565
4731
7343
2240
8055
8194
4243
5884
8879
8301
1798
8868
7818
1594
5185
908
7031
7264
3887
1947
5609
9966
6432
5127
6098
2527
6209
9471
1995
1256
2773
6263
5865
3998
8794
7630
3732
5216
3297
6912
2862
7193
9052
8447
4020
4316
4773
663
9879
9756
5620
7674
5233
3296
5944
66
9734
4135
9606
6550
2217
1710
9871
6205
13
1045
9599
5985
1676
296
3152
6668
2726
3163
2820
7055
2566
1405
172
2259
4344
8510
9814
3808
9026
8216
5353
3146
9682
4856
6672
2589
5739
6807
1634
244
2692
5128
5935
9297
1658
7979
5513
3913
6207
9946
9618
1363
561
1468
1397
4660
5042
2317
5007
2688
7958
1873
2411
651
5658
5103
6179
4744
6425
697
1553
7715
8578
5593
3281
3510
6278
5937
9885
8113
9803
9644
2113
4976
274
1287
5166
0
946
3406
5465
2300
4651
194
6526
9016
8454
4040
8396
9036
1965
3819
3356
6400
5483
2610
4225
298
1082
1588
5131
9034
5676
888
1334
6947
5577
7955
6499
1427
1326
6414
3370
941
1353
1633
928
2655
7592
5034
6935
7537
3691
6665
4559
9679
9589
5534
5732
7208
6544
8441
3426
1018
276
5614
2806
9776
101
8416
7449
5589
6202
4299
8919
4172
3062
5903
7117
3501
9315
2136
6591
9652
7819
1508
7845
9981
227
5785
6492
9125
1197
9801
3245
8435
1248
3648
9040
2120
9585
9133
7888
6866
2944
1702
8765
9354
2522
4056
1351
2359
444
5439
7119
9808
9201
2353
380
2795
4716
5147
1958
3490
3049
243
8889
8215
2762
4543
8816
5752
6873
8905
3875
2287
4710
6441
6280
9057
8698
4578
6525
8949
3746
5744
4001
3399
8681
8589
1662
6949
4521
8470
4244
9379
7047
2010
2320
3882
6078
1089
9666
2824
2073
5222
4899
5336
3004
9674
9192
3904
7230
4270
3820
6206
4881
5696
6386
7975
7880
4300
8333
3222
7275
7152
3542
4215
7091
7303
3741
8763
4496
5033
1821
3085
3358
4813
4251
1200
9390
7752
5460
9760
6176
8230
4208
7415
6018
5635
140
7949
1980
5784
3924
2453
3333
8126
1994
143
3403
7132
3379
777
7769
6379
8374
2976
1983
3799
116
239
5994
5176
7594
6694
8847
8123
5588
2580
8594
2724
9919
7315
4865
7584
2186
6249
2379
2771
2246
7233
6925
9601
4534
9147
4971
8605
1329
4579
262
2668
3990
4729
264
1266
8538
1579
7207
2291
4233
9278
9273
5135
3166
5173
381
1561
7410
3100
4423
5908
6899
2819
3959
4516
5047
1305
2078
196
1359
9392
1108
8608
2539
2043
223
5154
4022
8481
2060
5360
5556
7876
7680
7105
5728
766
5738
371
4292
1968
7875
4271
4502
4891
5432
8895
4197
621
7997
8003
2325
6434
1365
3603
2152
27
388
261
6791
2326
3640
8002
9043
2058
2556
950
4216
3712
7827
4196
136
1879
3576
9573
6740
4214
8238
717
3237
2609
6204
8269
7141
7695
3059
1885
7008
7589
4064
9089
418
1274
1440
4260
5962
1227
5792
5864
659
2122
574
9446
1855
4406
6413
3555
4884
2638
1779
5453
1516
7800
5636
6973
5265
4467
1496
1898
498
8110
3783
4149
9319
4765
4153
8132
8344
1749
7477
5330
716
7971
2369
1110
5821
8472
3054
2056
1743
5550
3388
3017
8401
280
5560
2085
1734
7547
2027
817
9252
762
4612
9833
1569
6016
8571
4905
9085
8935
2930
7518
2805
9126
6676
1431
9333
4748
2257
7984
5680
3047
1819
4338
4321
5262
6775
2694
2175
2511
5108
1219
7034
1874
2558
2154
5928
3092
6099
6957
9816
5378
9802
997
9307
6575
531
5346
3821
8559
4649
1407
4809
9496
324
785
9027
6354
1895
2313
2518
32
5082
4605
6822
1518
3106
4029
9123
7641
6443
9745
2050
5097
4991
4869
910
7564
979
7995
1775
7789
6067
94
2593
9261
6678
2586
2150
4684
6350
9725
5415
8822
8625
3518
8979
4736
3587
5089
1465
8978
8054
390
685
1669
2534
3513
8070
9156
7334
7629
6657
7604
4054
185
2440
5598
8620
2165
7114
4635
8508
279
1201
4737
999
4120
1069
3859
7544
1598
7517
4152
7041
6511
1723
8519
1022
9236
6106
9166
9669
5457
2519
1694
9916
2943
7605
6045
9050
8155
7349
2304
1966
4163
3348
1778
9449
1313
6178
4530
1824
9543
9335
1766
8706
9402
7531
3126
1908
6532
3995
6638
759
834
5069
1371
9455
242
4745
4717
9285
4764
7113
8237
4424
1545
3679
2352
151
1611
4820
7543
6173
1817
4210
6256
1799
2280
3649
5512
1753
1481
4444
2080
5172
3278
754
149
4614
8450
4562
2913
508
2100
2737
8211
2164
8059
2014
5001
8726
5787
2603
125
5681
7073
1904
29
5861
4230
8098
1043
3441
1413
9397
2314
7815
7648
6142
345
7990
3266
7963
6518
2993
6254
764
7907
3338
5236
2091
915
7074
4175
3923
2620
6008
6453
3709
8322
1900
9375
5652
1269
3172
6439
330
1322
6493
8348
9845
3964
6922
6123
4995
1276
1310
4689
2197
5
9903
294
2473
6049
7766
4231
5958
9638
117
8177
9537
1399
398
9048
4156
9553
5085
5867
5442
454
9229
6715
9787
3306
5850
6319
9937
5719
5259
5993
203
6722
8843
3811
582
334
2115
5826
3108
5526
7362
8243
3033
4741
791
8832
420
6163
8543
2802
3600
1436
1928
3088
179
6038
404
5989
7590
6902
8932
3367
7787
8236
8649
1463
5433
7843
5843
6858
3832
8499
9387
6353
3711
4867
7066
1285
1079
8387
6919
3719
9486
1495
860
4634
4633
7697
3714
2315
5344
1080
8845
2990
5894
6365
1130
653
6156
1638
2001
9087
9746
7383
1190
3652
5367
5355
2713
8677
92
3575
1986
6070
8201
7369
9225
1639
1736
744
8025
4257
9142
4082
9
5489
4382
8573
4312
7747
2708
8920
8565
8869
8141
3407
7835
2872
5464
6423
5499
7897
2130
9127
6200
2832
4437
7388
9929
583
8610
9932
7974
8007
4090
9939
2206
7149
9938
4325
9106
1565
4829
9612
7054
3842
899
1147
3131
8780
8386
8136
984
1876
6531
8358
3325
3469
6190
4217
2735
4609
410
2763
4522
6037
4554
6262
9101
482
5084
6666
5275
2405
9434
1141
1057
8394
9033
9383
6675
2536
3818
7692
5515
7002
8603
6283
5348
2809
2028
1952
7323
8630
486
636
4232
546
6692
6151
4259
8901
1261
6261
4466
4139
8880
8467
4262
6048
5858
86
1165
5846
4645
8944
9998
4478
2980
3207
1529
6653
9951
7425
631
2102
6736
1302
6020
6005
7670
3753
8891
5497
3938
8291
6218
6960
9632
2986
4824
8057
247
2650
4825
2955
7614
1542
680
1764
1325
7569
9105
5953
4415
9000
6186
5342
263
8582
7714
9205
5717
2801
9009
7796
8471
8065
9022
2548
3867
1623
8848
6955
7577
6928
1400
3561
6210
6709
4625
2181
2750
1340
2927
2238
9848
5830
5008
1784
4996
2557
9820
9469
9741
3075
2563
4784
386
9287
3616
4254
9336
8962
2469
7310
6726
6994
5760
2612
6463
4663
7059
9293
432
3228
4581
8310
2685
7915
3156
9971
8579
738
9556
7045
9418
1620
4371
7010
9565
1706
6778
3596
2485
6456
9764
400
6942
3037
840
3418
2288
3845
4145
8010
1149
9191
2619
6187
2876
4647
2303
8755
1686
8514
6203
8878
5067
112
6613
914
5558
9441
7206
5703
7523
1668
1629
7994
4885
5421
8493
844
1848
106
2158
1250
1170
5749
3117
1810
8893
1858
6126
3215
1312
2443
3335
565
9073
2429
3969
6785
2009
2893
1570
7051
1599
7820
2854
8693
7373
1077
6189
2516
6573
1628
2297
2736
2047
5709
843
8035
3933
4428
428
992
7161
1475
849
5731
5193
8099
722
534
3261
8945
3411
7057
2949
1499
1401
5184
9676
51
5470
1425
8682
5226
6904
517
9928
6231
5170
2878
828
8557
9714
25
790
7733
912
6149
4920
231
5064
4747
6786
7298
5660
2547
2006
6230
1544
6381
2879
4463
895
4616
5750
5215
3200
9528
3412
3618
1601
6302
6987
3328
464
6917
6717
8654
1038
3192
736
5288
4523
8001
3835
8741
7623
1361
4142
1154
1023
158
9350
540
7690
4489
8466
780
4247
4092
3594
8633
5585
2998
1982
229
8214
4505
4943
7711
2855
9625
8082
5440
6436
2447
4724
5314
7009
2928
4977
1974
866
6104
5684
7580
9111
205
6014
4182
4464
642
8612
6440
7691
5611
4392
5505
7260
8736
1901
8104
6082
6753
1212
2498
4704
3829
3456
6886
9912
1355
4782
8426
3035
2646
3346
7466
8261
830
8760
2110
4494
4888
818
134
5485
5405
415
2775
8971
7398
3809
4063
7109
3209
9196
668
918
3661
4288
8846
1847
4910
5078
7831
5665
351
9059
121
3122
5774
4742
6811
5553
8773
3499
3389
3294
5625
8751
4529
5376
9021
4296
5307
3300
8541
2826
7707
9348
3665
4664
5566
550
4305
5969
7247
1826
4273
5422
100
9877
5158
959
9231
2125
7072
3438
7929
5283
8584
9777
970
3929
1330
115
6989
554
7983
2679
2470
1142
7515
3142
5688
7964
8768
676
1267
6274
7248
4326
9138
9547
4132
3391
6946
7549
7180
64
3954
2764
5575
7729
8744
2839
9110
9554
6100
7439
5984
9473
4238
3318
8482
6590
5835
5795
7441
7959
9198
1757
1809
1128
6232
3287
7914
6914
184
7689
8858
1314
4776
6184
2282
4574
6181
23
9790
5039
6397
6911
5053
3466
69
9255
9281
53
9782
3444
7928
4755
275
2532
5606
6197
3478
5391
7087
8781
5603
5896
2971
9086
236
6842
3351
3347
6817
3429
4555
2711
8170
1026
8576
6622
9810
7943
7285
5051
1566
3568
8267
7941
7858
3465
4814
1280
8606
4192
2393
3976
689
4372
8795
7852
1510
3012
7672
6321
5572
7550
9737
3404
7220
6606
4043
2174
3274
3197
3305
4303
2578
4777
2853
449
3868
9020
2799
7490
9066
2874
8948
9921
7872
2985
3677
3167
6213
1232
6007
8641
8696
2390
4330
942
1602
8867
524
1567
8304
7548
7029
7721
1791
7768
7337
4030
2077
2714
7038
4512
7353
461
9670
6719
6828
3961
6275
9619
4421
8423
814
8601
5317
3798
533
5387
7658
9627
1423
3340
6380
1288
8326
563
9861
7120
9431
9886
5255
5610
6229
3529
2126
8646
4801
9258
3455
3053
5349
1593
153
268
9724
7684
5263
7138
8644
7502
5435
7156
3800
1970
3482
3647
8095
183
3676
2989
8748
5914
2513
9037
2457
8265
6228
2444
1115
1613
160
6328
8185
8546
5524
2236
4804
927
2745
9815
5144
299
5883
837
6024
2963
197
4451
7435
7272
8109
902
6356
1812
3996
9763
7661
8152
1028
332
8284
3886
7841
2492
1771
468
7905
4775
2000
8502
1175
5940
1899
8253
1049
1591
6226
4767
2983
2017
7866
88
3602
9805
6364
1373
4577
623
1320
2551
3846
3607
521
7656
5956
1304
4766
3738
7884
4807
3893
3109
7867
2208
9046
8124
3008
745
7777
7267
7603
8836
8388
6307
7810
8190
6779
8213
1099
7926
8711
905
1519
8623
8674
6944
3193
5596
2929
1960
953
9136
7731
5133
5848
8980
4757
4859
5284
4796
527
9506
7655
105
3336
2156
8863
132
532
1807
1014
802
2868
1637
1671
721
7344
4967
8524
266
2576
6941
3736
4770
4471
6482
6970
2377
8488
2452
5280
9112
9478
8231
12
8821
2348
285
9436
7148
4280
909
1920
6615
9642
393
6239
3448
2847
7476
8691
4118
3988
4932
1055
3279
2742
4089
9767
3683
9313
7854
9924
6446
8650
8996
9439
4187
9690
3748
6047
7783
8503
2559
5502
5165
9456
6169
8209
2577
1860
5426
8408
5326
591
5230
6636
6996
9881
2797
9141
7253
8683
2991
1942
2104
2074
2140
6600
4931
8815
5211
6739
6505
9424
2235
1925
440
1649
5871
6
612
2388
2642
8969
7235
5289
3507
3486
5003
5942
4568
8959
7295
3052
3873
3210
5167
8598
9709
5148
3862
9472
698
6352
2889
6980
7812
3359
5149
9586
7699
255
6403
7198
3293
8352
8244
5408
4585
4596
9784
5947
9002
2480
1708
9349
6247
8418
1938
8838
9342
4778
864
4751
9167
3630
4672
1963
1961
4049
4346
5915
6258
8814
6165
7992
5834
1417
1118
3729
2283
7785
8577
1245
798
430
7484
861
2419
9762
8233
8245
539
4397
6394
9863
7186
7377
2334
5146
8128
536
7456
7936
8232
4164
152
355
1171
6953
4019
3153
1501
5048
8288
7036
2278
771
2524
1033
6910
4240
5879
232
9239
8175
1843
6593
1721
8664
1748
3213
1251
3125
459
9532
3140
647
6829
3010
2069
8917
3876
6896
7032
7080
4009
4253
5604
9503
3137
3309
1751
2176
3871
3057
7450
8613
925
1975
1311
3364
7739
3534
178
147
595
9668
4685
3098
1094
3114
6408
436
2897
4938
7262
6985
4882
678
7306
1949
9942
5377
3417
5839
4432
9032
5099
8127
9927
3769
1470
9044
7927
3942
696
9900
269
4707
5058
452
7084
6391
4347
7799
2973
8191
1233
2490
4453
3718
9521
2821
5474
2598
2883
8792
7908
7600
5510
639
6652
5004
221
2360
4715
2552
7129
664
829
4586
3508
61
4540
1005
9813
7628
6766
5392
2836
4183
6537
4430
9077
6821
4617
6360
9302
2730
4934
1000
7481
4420
983
1883
6334
9208
4599
7127
2992
1368
2294
2229
7395
2123
3231
5753
6570
8554
8052
1249
4556
291
8723
2233
893
3947
7090
833
1370
1255
6612
9955
1381
6704
699
9840
4591
1084
9260
1795
579
1476
713
7514
4806
5518
238
9578
5909
8495
5180
4032
6198
5311
9238
8403
7726
2564
6857
1595
8369
5041
1539
3548
8206
4589
7391
3950
4925
2733
9555
6633
2224
5178
5707
4112
8354
5540
6916
3182
7728
7061
8149
1935
9493
7572
8118
7853
1889
465
3586
1872
3671
7775
2781
5576
831
338
7737
1216
7538
8024
2670
2103
5104
392
7602
3202
4754
6036
4551
5382
2148
9681
7289
3341
2829
8509
6754
6597
5182
1449
5943
4081
9485
2361
5802
7621
7751
3840
6660
4525
6147
5070
5931
1612
862
6793
2467
5321
7194
9069
1414
9837
545
3512
2483
4595
7172
606
7052
6462
4487
2846
5580
2422
4186
3615
1293
438
9135
7322
3447
5929
9880
8459
2570
4236
1834
2860
3070
9953
8255
6769
5482
4290
743
8673
6196
8834
8733
1555
6284
7487
1146
9985
9710
5020
8728
4697
308
9212
7213
80
9226
91
2639
8451
5179
104
9738
6683
859
6801
2935
5567
9580
5852
1502
4712
7694
2873
7478
7894
2199
2628
7869
8703
6890
8972
7516
8657
8588
4654
2131
4569
9339
1390
433
8306
7679
4045
3735
3150
3620
3173
9930
8146
9284
5950
8038
2323
9120
8647
6818
5244
8477
9607
3036
4970
7035
725
9592
9222
2602
477
7086
3589
7266
978
8775
7263
8572
3721
774
6052
807
7030
7473
7423
4376
8350
7024
494
6025
1806
9148
6918
8940
2106
9663
6211
9747
7385
9363
5416
310
5532
1976
1582
4593
4235
3539
9423
5228
2322
3757
8743
2888
5863
5057
7407
3299
667
1845
3613
1630
8421
7104
4194
8719
5763
2723
8639
367
5122
3292
947
8056
6081
2385
8027
3930
323
6513
2417
5602
9819
5251
4946
1892
1940
3892
1464
553
1583
7280
1479
1247
1915
5458
9448
1532
7976
8835
35
3273
4103
6906
9403
4010
5968
5666
5081
2428
957
1660
5970
1522
5561
3079
5961
9800
4223
5618
7534
6646
1761
2380
5318
4434
5672
5256
1971
8973
1615
8087
350
8661
6578
7988
7683
163
5331
1609
3526
6212
9811
4839
5017
2725
2216
8826
7027
2864
8410
8716
2171
6362
3572
6924
3492
8492
2861
9631
2765
7566
1836
5500
409
7556
3997
271
2350
6154
9453
7222
9228
8042
7756
1738
2957
1273
3653
9596
1967
7874
474
6735
1494
6501
5328
4768
3132
6277
6851
9364
6422
7693
8709
287
5551
3362
2254
845
5508
7360
4261
6457
5206
7299
3697
626
2268
3467
5987
2455
3633
4473
1909
1013
4960
7823
1534
3747
2691
7325
122
7112
1356
1272
1750
8968
3544
9152
6764
4805
7188
8393
7986
6219
5647
1953
3791
4911
4065
6790
6388
2068
7459
9409
7454
7571
2567
734
7771
2061
9654
8079
654
4608
5282
1772
5668
4922
8443
5002
1596
1113
6144
202
8281
5597
5438
322
8051
8914
7892
8139
3912
4738
7430
2590
9084
7591
3143
5653
9320
8574
2816
320
496
2840
2717
9393
8860
5860
2961
5622
3934
7083
189
5323
402
366
111
5380
1498
1435
5181
7942
9716
2076
4673
9097
7996
3236
3158
3112
4242
2994
256
6681
625
4674
4441
3884
6687
8112
9828
4517
1580
6029
1307
9933
8339
4573
2415
4482
7437
732
8270
3573
9221
977
2454
9251
3102
2431
6654
1109
2247
835
851
6641
9042
1375
2345
5918
5874
1987
3881
5690
7491
2924
2540
5798
4877
6755
7226
1309
1643
2279
4275
8331
1646
3181
9345
4527
4206
8865
786
5701
290
572
2633
1754
9893
1482
4714
9771
9366
577
7627
47
6255
8199
5779
9649
1452
5091
6191
9457
4619
3280
3560
1838
4137
6536
9616
1409
1101
2011
7940
2366
9017
6272
4310
8532
2669
2662
5114
493
8361
166
2179
4357
8137
8479
5271
2008
1139
6548
9868
2970
5375
9678
6605
5838
8161
8540
2856
5849
6564
5212
3353
2284
1239
9121
6961
3591
9598
5716
7475
2844
812
7808
3635
5691
8196
4079
8428
5948
2572
8888
2594
599
2877
1956
4077
2445
4688
1010
4003
8172
4794
6589
5868
1167
2899
7191
7686
5139
1420
4692
3775
569
944
5219
193
7842
3901
3963
876
1635
3392
3888
365
1530
4917
9386
5431
7562
511
234
8725
9459
6215
4117
9602
8061
5531
7786
5414
2811
5527
2260
5675
1627
483
5587
9256
7135
1528
3247
3434
1469
603
2237
1712
9365
1535
8558
9775
5077
5305
2183
3051
5546
5234
1408
1124
5992
7016
2153
6342
6777
4810
1538
8105
2665
9220
1852
3638
3763
9538
5978
9798
9030
6583
8611
871
7445
3981
6208
9697
8009
302
4878
9358
2770
5769
2430
3843
6076
907
395
9482
1523
3831
2263
2487
4378
9545
2239
8314
1328
3642
9610
9007
2640
4836
5677
8453
7645
1500
1815
6264
5723
3023
2305
5411
9843
9476
108
1279
3257
8086
1349
9563
3528
6442
3836
9974
4126
7933
1002
6738
9761
7088
8140
6122
30
5054
6023
4039
1850
4127
3376
7527
1509
65
5028
6294
4646
3488
5351
9574
2055
6566
1323
6105
6732
1575
1666
4855
6148
72
7882
5100
1176
3199
7146
8272
578
9972
7190
9926
8026
9969
6519
3265
429
9468
8802
1617
8168
5231
1236
6451
2705
9306
7150
9003
423
2275
6813
9568
8275
4285
1559
6340
3194
9783
9822
8599
7606
3566
1462
1179
2117
2318
5607
8461
2574
9562
904
2852
4440
4785
2833
1213
6677
3784
2611
933
5759
5044
4404
83
4509
9744
6876
9498
5374
2941
3730
9254
8645
1767
9749
7438
1471
8715
509
9712
5967
5261
9168
4110
9718
8063
8049
6125
9853
7528
4085
5957
6243
9102
6938
1663
9796
8365
4997
8642
5366
9505
4903
2728
3941
2950
6276
8308
6823
9103
1062
7376
2704
6814
5862
9856
3765
9692
2542
8338
120
5528
3891
8961
873
2645
6245
6337
3894
926
9540
4298
819
1731
974
6375
5648
4339
883
1488
5277
5547
4681
6651
1792
4396
4114
414
6737
8465
9525
304
1030
4350
7924
60
8873
5762
2968
4497
8119
4571
2520
2841
6794
9213
4640
4004
5704
570
593
3519
3770
9011
82
3470
6412
3505
5959
2817
3817
5927
5725
3071
8784
7291
5269
8300
7301
8976
8312
2032
1068
7345
19
1631
5274
852
503
9190
2400
7174
3227
847
4100
1472
6608
225
1308
4791
2939
2324
8871
4902
7948
4146
8485
8931
5727
1571
5062
2722
5386
1358
3937
7899
3856
9936
8392
9462
8103
8376
1946
9312
2052
4698
471
1458
2702
7741
5702
995
2079
9219
6853
3908
6015
3758
5143
4014
4696
5627
5381
3481
6773
7485
857
1512
700
3027
9772
1178
1411
1503
3838
1758
3792
3179
4474
2748
3288
9290
5102
9675
3606
383
7954
210
8292
3623
267
5669
969
7895
3177
42
3472
7078
4329
7753
344
8263
919
2166
7375
1075
8786
5304
2347
3790
9922
3974
3397
901
485
3217
3650
5781
3742
7749
5087
2112
6326
339
3684
4005
6868
2794
723
4282
7945
6282
4860
1191
5129
9179
917
3713
2606
3953
1012
123
693
2934
4422
2808
3601
7269
2488
1131
8385
8404
4771
4462
5626
6992
4224
2641
8187
3104
9353
425
7607
9645
470
9949
4857
1962
9216
6527
5088
3022
3750
1419
1225
7865
7464
4597
8883
1081
6399
1137
4982
6870
6667
9282
6040
787
2424
6062
283
8991
2629
8307
9731
2541
7542
9504
254
4038
8511
7906
6252
4815
6286
8446
4358
363
6376
2803
2149
9115
8827
9058
9759
9542
5273
681
3776
8756
6490
3468
9474
4983
1120
3080
5293
6827
5327
7774
6464
3326
6310
7806
773
9443
6054
7278
4759
7740
7305
988
6674
1625
4417
6357
6759
7163
2904
8157
5670
1871
9412
9489
7368
5842
4027
7582
7610
5480
1332
750
4320
4322
2607
889
4470
8316
3419
3498
1997
3169
2271
6292
489
6174
8363
6951
2818
7856
7228
8874
998
6745
5514
6780
8254
8789
2682
8117
3692
2999
783
1337
6921
6934
7703
987
3771
2898
5425
9838
5801
1608
9773
6576
3592
7797
6703
7807
1728
6721
7067
7239
2362
1343
6194
2189
5094
9701
3060
4929
9072
8362
8767
6729
5417
9318
7847
5493
5393
6216
9338
9460
9989
8318
3612
8856
7794
7123
8851
7040
4808
7633
5423
9352
6498
5337
6053
3654
2354
8371
3161
2146
3204
8497
1205
9628
2663
1086
3897
1378
9695
5290
5418
1550
8504
1849
2982
6022
1185
2404
2647
2198
4611
3432
4241
6559
4871
5238
6569
4700
4007
8910
7855
4990
439
8627
575
1587
312
2972
584
3627
5162
4408
6854
8050
4570
3189
1805
3733
9956
1562
4758
9094
5661
5210
9433
9083
5450
9634
8926
3471
2231
282
6260
7077
8154
195
3530
7539
1441
3509
5252
5964
6410
5313
2169
6390
7862
3565
4493
5402
9846
3016
3164
9242
1921
9295
618
8406
1021
5804
6869
375
2407
5043
6438
1053
3785
8529
4076
4930
8464
4514
4191
1932
2918
2525
1433
333
628
792
9061
1906
622
9129
3918
4205
1653
822
8907
715
8008
7993
4374
6688
6679
8198
9854
6374
9987
4548
3113
1644
4993
1704
1229
9143
7611
4862
20
549
7405
9630
2654
7846
9967
2040
1434
8990
4486
3914
6502
240
8005
273
6588
3629
8922
6338
315
1380
2767
8512
2782
4291
8776
4636
2503
8876
3002
8274
7227
3663
7570
6625
8787
4144
7160
8368
4662
1054
406
7402
9215
1196
5447
7284
4622
1372
3302
249
5925
5951
207
2804
7471
2613
7667
4364
4629
823
1083
3311
1684
3537
8436
5812
9122
6406
1698
1762
4361
936
1003
9797
9329
3549
49
4846
6112
4136
9584
7526
655
8570
5192
3497
5220
3255
8262
7704
6004
1324
6419
1315
6061
6368
2984
692
4367
113
9830
9730
6093
9901
566
7736
6476
6325
2387
4817
3089
9874
8616
8342
6349
6377
7329
3256
7639
6867
5021
8013
8062
4828
4713
9511
850
5574
4889
6616
6587
6304
9187
7095
890
1097
4588
8077
2909
9347
6166
7916
2911
9266
2328
7745
6845
4140
7252
1720
6516
5200
3557
7
5038
5708
6760
7048
3187
4875
4002
1006
6028
9384
6626
5722
4134
1418
4962
1388
1169
2890
6592
411
8507
1143
9495
4831
9629
7128
6680
7952
6940
6993
4212
5822
9188
559
7617
7973
7863
5886
2087
200
7068
77
2292
2608
892
2307
937
6686
4583
8188
9355
6834
9673
5796
7333
3110
9351
645
9207
2394
8745
9651
2266
2063
3424
1152
2459
9965
2344
9621
8239
9427
325
7179
5132
4250
6238
3025
3178
4799
8012
8750
3130
7216
7324
8560
2248
4958
3828
7312
1027
2945
1581
9268
9662
5995
4226
3900
8078
370
5745
8666
7909
2096
8424
2210
7169
3076
5198
9862
6787
