9688
9769
1957
1619
934
970
240
719
1454
1487
6004
4574
3802
2866
5184
3382
4385
7432
1925
9832
7580
7416
3923
3918
6876
5212
3949
7671
9505
9404
5010
5910
4007
7076
7202
4984
7863
2870
5732
2384
5130
7593
2481
6779
9285
1017
4780
9029
6968
4195
8436
8203
8215
538
4417
1081
4929
2514
4685
3498
4013
3318
2312
9092
7666
2557
9194
7449
1813
152
8890
87
8443
2060
2323
9655
7240
2962
2574
208
9917
4968
1254
5864
7205
9139
3207
3276
8094
904
4053
6628
5706
412
1343
6237
2304
8713
4001
5496
5088
6110
7757
9362
2072
7475
8954
6291
7796
8575
2583
1139
1763
2382
9846
3922
8144
1005
5077
4648
9677
2445
9357
8642
2663
1209
5092
7937
2809
9637
1973
8429
2463
1497
6026
5253
4303
2585
3296
9931
3491
3145
2815
3142
550
7096
7596
6368
5701
4611
4655
6746
1374
4887
9588
6472
6735
4123
652
8010
6518
1185
8850
2177
9075
8200
9734
6044
1155
8669
5549
5219
5016
6759
2003
5572
4277
2577
6573
5359
7878
1179
983
673
1125
7743
5126
39
8118
9380
6604
5961
245
7651
5420
5794
3412
294
6156
4256
974
6700
2960
1621
7925
4526
5936
4094
9894
5586
6971
3099
2170
4135
5439
5071
2978
451
9328
3233
8364
8103
3536
8568
5433
6743
1478
867
3636
3258
3560
1012
3621
6615
5319
3650
3574
6451
6305
1579
7401
3482
9459
5083
9824
3557
2650
9159
1352
906
3418
7992
5382
3133
6859
4374
6924
9296
5522
264
819
1920
1053
1517
3059
8549
32
1319
7221
7285
6302
6328
5944
9115
6737
5810
4807
7113
7850
2813
3528
7507
2493
7002
9555
7457
9363
6056
2278
897
1689
8862
3611
4791
5822
6153
0
9130
5078
1533
1897
9509
3696
7858
2429
830
6708
1232
3845
4059
8737
2810
8552
9666
791
9913
774
8767
919
8431
6270
8635
841
4956
6247
759
5094
9408
6574
1941
8356
6425
4774
560
9278
7727
4697
1358
1099
7143
7565
9487
3798
8731
886
1778
6543
6624
558
7035
3193
8462
3333
161
3226
7438
2864
3388
6461
2664
640
8463
1994
9709
6513
3353
5826
4249
964
7659
4354
3673
1300
5097
217
2538
4020
647
9729
6464
1137
8492
4207
4495
9429
6843
9571
7675
2861
3877
1945
8375
8475
3066
2831
8402
2694
364
1683
1919
8654
5040
9634
3017
5414
8013
2780
5031
5651
7491
8743
4047
9563
4084
226
184
7798
4949
7335
1750
7955
4463
4844
3248
3689
2416
6298
8595
8553
1849
5911
9977
2952
1596
2243
6977
2143
7364
6691
5606
5422
8165
1701
7943
3668
5950
7860
6841
1796
6869
1587
3432
8430
2393
5960
2073
2197
440
6497
6512
7920
5719
1557
9001
4005
2004
6495
1119
225
6414
6068
1751
8091
2918
7732
9157
3853
7549
5367
3403
7133
769
4055
4476
2456
9451
7207
2270
1900
2165
1430
6013
718
9133
1562
6965
2816
7746
7823
4313
1449
1061
3112
7617
2801
4814
2507
4319
681
5507
6666
6167
3317
99
8105
4184
8945
1737
3872
9343
6608
3349
4193
2542
9016
2055
8524
4107
5245
6655
6825
3701
6882
9268
6645
9337
27
864
5669
9209
2012
5568
7484
3039
1124
3525
6107
8440
2122
8623
7506
6533
4251
41
3739
4037
71
3826
9954
7686
6320
6787
6242
363
9309
1577
4224
5675
9012
6377
7185
1869
2609
3530
3835
6942
4594
3416
7014
556
265
8482
5560
6071
9150
3040
4132
6359
805
3871
1127
3897
778
6760
8461
3430
6755
9376
4468
1844
7474
462
8357
825
4986
1309
3659
6069
883
3352
6769
9176
3413
8701
5540
8099
8029
9302
815
9701
1373
617
1318
6129
932
8896
5378
4388
3106
4861
4438
4507
5728
3219
2879
8205
9864
6020
3549
9167
818
2497
7499
8550
1605
7188
4635
2448
6772
6550
1096
8281
1141
2223
9623
5351
5160
8425
3955
5538
157
7336
985
7949
1862
5730
9197
8090
6863
5470
6207
8321
3083
2002
8689
6228
6753
4177
6395
9039
8262
2252
9560
2688
189
2785
4174
8011
6421
1040
9669
8421
9821
269
4811
6845
1938
6579
7537
1098
8459
1160
6387
7447
1494
1223
5807
1711
6165
4170
8353
6742
1255
5246
4405
145
2521
6054
8127
7539
7407
5084
6397
5965
4225
23
9635
7978
3329
6023
6120
8428
5999
2690
8502
1815
5056
9198
7295
9350
2260
7974
7989
705
8789
1432
7710
7980
9433
8218
3563
4694
6423
1270
6267
8776
8025
5397
898
3762
1972
5027
3501
1695
8174
6632
3614
5697
4431
4556
5748
9109
2332
8000
4852
292
9795
7464
8772
3031
5474
8416
4499
6279
6941
6729
12
2123
7830
3510
6651
2786
1584
9047
6254
5373
8069
4601
5562
5324
6393
1856
831
6126
9600
9219
9184
8681
6118
9787
8638
7440
7041
4640
9674
9341
671
4352
2359
8961
4692
7102
1424
7855
1817
3663
2496
7807
758
7915
8528
65
3888
3335
6324
2695
9684
4501
5360
8044
9992
8630
621
3220
7933
6996
4273
2236
5639
5043
125
2632
9949
4299
9914
9657
1120
8182
7215
4293
2070
4855
8134
4941
9046
7956
14
1570
5710
7094
2191
7463
2633
8901
4687
6339
2518
310
8611
1188
7582
4076
3515
8590
5122
6238
3506
1645
7718
5931
5863
9471
352
4990
3731
9205
3368
6551
2292
7592
4652
3959
4716
6588
7660
7865
7346
3154
8525
2037
2770
645
4080
2730
5873
4903
2148
9598
2457
8726
5841
8240
1603
2000
2869
188
2025
7883
4750
1082
4389
8920
9120
5597
3003
7682
5654
6982
9279
4472
9233
2008
3436
1670
6835
3063
7856
9017
8145
2404
4560
4760
9544
7392
733
5425
1650
4173
3410
4833
5636
9649
3492
5782
4243
8181
3702
793
7615
9617
8790
261
4957
4120
4821
7134
2981
8820
7693
6136
8233
4571
3865
3440
6592
1904
3838
4242
9539
1599
2015
5050
8183
7784
9065
3926
4309
209
5342
8880
3389
1077
1830
2431
724
1658
3986
5370
8722
3522
6808
262
7714
6883
4165
4412
2673
4240
1202
6379
7996
5622
6783
5388
8665
7302
5508
787
7351
9311
2052
3402
3192
8230
7272
8570
6217
9840
7156
6284
8253
5922
5143
9025
6070
8923
9557
521
4381
785
4320
5235
859
5127
856
7068
5557
7734
8786
1536
1885
2644
7370
8670
2396
9506
391
5997
3103
6102
1107
8379
7586
5977
3649
5399
9479
7647
4761
3245
3951
9060
965
4717
8687
1859
9789
9522
2771
7055
6777
6264
4152
668
9587
591
9317
137
5204
1316
4757
7413
8340
446
5570
4624
5859
1304
18
3708
5797
3309
5571
7831
6498
4456
162
4976
7026
369
5153
6749
6341
3140
574
2469
5170
6646
354
5705
8231
8566
6124
5798
167
8877
5848
1056
9305
8219
2916
4792
7725
2071
9873
3261
8358
9022
8316
9124
4373
3384
5064
4554
3968
3710
7361
3278
5893
6412
6659
7300
2354
8847
7141
6335
4259
338
5024
1998
5520
6920
2868
5677
3893
5684
5349
6075
5672
3231
1671
7093
3740
4384
6029
9236
6333
9926
4215
8643
1518
9719
3842
5479
1418
8801
2895
3230
4904
9809
1419
7741
7620
8339
5541
6756
9097
313
9859
1740
8985
2921
5196
8542
4461
6816
8458
9110
8563
2295
4006
9662
3855
5227
3890
6548
3190
124
7837
180
7120
7470
4191
2317
3013
682
2116
540
1377
3094
2423
2049
5855
57
4835
1483
5645
8392
8448
7476
8309
5054
2871
4480
6821
5063
1402
7086
8216
194
7439
4109
802
7137
7944
1851
6939
4740
7037
2935
721
3179
2513
9613
2812
8539
4503
8397
6190
6490
6563
1766
200
4689
6417
2185
6446
7508
8252
9061
9207
5309
5352
1917
21
1855
9293
6861
9596
2715
9554
4358
3541
2848
9125
8282
9220
8355
1713
3989
4999
7414
9312
9211
2453
5514
2535
6081
879
6554
8682
4063
6332
1793
2506
6504
9718
9325
5457
4281
5510
5668
1229
1574
418
1539
4805
5215
2630
9817
5249
8910
5022
3280
9612
9382
850
1175
2287
343
5766
1735
1103
623
5567
3445
7778
8196
416
2242
5234
1263
4436
2616
9345
3612
199
8272
1296
4400
3170
6917
9593
6790
3559
2288
7234
8434
7517
3605
923
2229
976
9997
3860
5292
4327
3439
5924
7177
6230
1789
4722
9141
7397
9422
3014
1397
6798
2687
2210
6776
8500
6079
789
286
2265
2617
2854
7553
3078
3315
2337
4963
2160
2940
3644
4252
2765
2422
4178
4315
7821
7604
8190
1009
2768
1581
7004
89
8098
5187
9928
5141
2505
2022
319
9854
1716
576
7097
2863
6084
920
5942
4772
4870
5788
9791
2699
2250
9358
5880
3687
9780
3061
4153
986
6984
5430
7751
1826
1493
9739
6112
4654
3958
7548
8136
8197
1066
3604
1014
2605
9851
4632
4139
6385
6002
6272
6780
4138
1613
6997
5665
4035
9237
2639
3592
4395
4897
6679
4822
3279
4803
54
8667
8101
419
3957
7627
4133
5418
9524
1389
9359
4515
8562
233
712
3601
7172
9650
8634
7966
1999
2570
9
3733
9298
3197
6435
2772
1388
5181
4212
5283
507
6154
1591
6570
8640
382
1868
5210
8911
9463
3084
2355
2440
9258
4304
7802
7162
2276
5498
6975
8684
9073
1833
5793
5436
6724
4179
6262
4953
406
2760
2886
1798
7154
1293
4082
5211
3137
602
4916
2753
4210
5649
4644
288
6047
9641
3006
5640
9423
3269
8574
4935
6505
8748
5417
4049
3055
3100
1648
2426
9580
2705
2669
3222
5752
8597
2104
3770
7280
7496
6544
3452
5523
4230
1345
6923
1071
5037
6785
2731
2430
3005
3213
5790
9620
8824
4298
367
5646
5602
4938
4619
9068
1490
6465
5970
6166
438
6007
7119
6240
2214
6795
8480
1678
4931
6683
163
3648
5302
6301
7728
3283
5432
298
7267
7160
1519
1234
3305
7906
2395
4832
7064
9058
6400
6797
3925
6474
3311
7020
9856
4664
2788
4440
6196
2038
6140
495
7527
2041
7140
5175
8334
8798
8317
7315
1392
6778
4742
9356
1378
7950
8112
7174
9608
5237
9909
1464
1476
6229
2377
5765
2775
6854
8158
2138
7819
1091
9955
9628
9941
7250
4596
316
9344
3488
9918
8695
6090
7668
1959
680
7403
3471
2428
4749
4114
7703
3765
2358
2350
7987
7552
9260
961
5410
6209
3168
3862
9353
9784
1045
8186
3407
3991
8338
1115
6627
9273
9981
8302
2717
3236
6434
8423
9740
4993
7107
7279
3953
2161
7810
9536
8370
8718
4368
4741
6935
3825
4926
2922
648
174
1847
3423
4726
2263
4452
1984
3176
528
1342
5980
4584
2531
3667
6593
1636
3751
868
3064
7298
5912
9833
6536
1578
4455
4787
2473
9009
2182
3674
8115
966
3720
5812
915
1707
498
3478
736
894
7269
5763
9102
3166
4075
5082
186
4537
9253
8187
2655
6340
4311
4806
8895
2910
5554
2965
957
8972
5524
1526
9263
9744
8108
5872
1934
2737
1580
3889
1438
2504
7105
195
4062
19
7222
3377
135
8466
1656
7871
9991
3623
5447
2963
5998
3188
4497
3087
5610
5853
3075
7467
1470
4328
9855
1429
6288
6860
6014
9196
7644
9943
8313
8979
8506
7753
4773
2855
2016
2640
2455
5657
5268
9385
7857
1725
4647
4597
6865
6060
227
9679
4473
4176
7253
7994
8483
3973
1220
5119
72
826
808
7532
7568
777
8326
7969
8602
5300
1895
6693
8250
3476
5875
1198
386
5754
9964
9289
1971
1504
1054
4889
939
3360
5318
5277
1672
4867
1588
3876
3490
196
901
7111
6620
6978
5820
6046
7726
9946
1829
8785
7084
5154
8615
90
4323
2154
1727
4778
1765
6531
5963
853
4638
5584
2968
8290
408
6349
2530
8962
9096
6596
3726
120
7411
3396
638
9394
8036
7852
4103
6250
8045
8390
8970
2825
9607
6252
1694
7090
723
8800
8724
2561
6690
9349
3128
9331
8009
2589
5296
8730
940
1602
218
8398
3594
9599
7341
8270
2225
6358
6928
4948
7634
2893
1292
9523
9247
5785
4900
8372
7770
5673
2303
5327
9643
1301
3567
1703
7598
4234
9087
5486
2203
5934
4201
732
7007
4093
1357
6106
422
7623
3037
1412
309
96
2603
9045
8983
5416
1366
2057
1266
8588
5683
8733
5671
8940
3795
7961
8439
6031
3684
4072
9450
1669
3672
1459
2386
5009
2551
3945
3631
4491
2333
9678
9583
372
3218
2934
1205
7179
1876
2335
4443
1537
4543
1213
8139
2631
38
8424
692
1704
443
6353
2039
5480
5947
1105
7013
1410
4714
204
2907
1616
6540
3870
273
2340
1078
5994
9495
3182
4042
7698
5492
571
9932
7197
6837
3124
7719
4365
3295
5445
2017
170
9172
821
306
7319
4848
7665
4089
9453
1977
4672
4662
667
4699
2914
1814
4057
4779
8844
2484
3479
878
8526
7567
1775
8362
5829
9698
9901
8746
2372
1149
3586
206
9156
6894
9771
9930
8166
2050
9879
4825
8750
197
1852
2313
46
6092
2129
9982
2638
3787
8561
5909
2045
6656
1008
1090
8950
276
9136
702
1193
445
6534
2405
6980
9299
772
4764
60
6889
7684
765
9591
9989
8719
3138
7739
7135
7261
2084
2109
237
3930
5369
4040
7709
1769
325
6685
327
2711
3021
6926
9642
641
7631
9392
2839
8163
1102
9813
4291
4547
3749
7685
5046
9868
1617
4615
7574
3934
1162
3843
9735
5317
6852
6954
2013
7023
9272
3210
2576
8130
3892
3719
7717
1726
1932
8777
7521
5443
914
6603
8546
51
6067
7905
3022
7616
2553
6830
2927
6392
2162
2044
2093
8161
597
1875
4009
5395
94
7375
6722
9699
3881
4324
9377
6943
249
4581
1062
8518
3355
8100
4510
8058
5662
7468
3286
7263
5500
1762
9255
8368
8369
8806
3497
2508
1505
7393
739
2597
9636
5741
9094
9700
6556
3524
5198
3990
9121
8959
9024
828
4826
8887
903
998
6053
1976
8818
7874
2173
2410
9842
2636
9142
3697
5630
2400
7934
5767
4071
9633
7822
6788
7893
1108
1731
7947
8584
3550
8933
1903
6453
5207
9973
3114
4289
234
9160
6226
4219
4996
3742
4710
4142
5128
6372
3936
160
8083
2132
6662
2662
4183
9751
500
8863
8977
5458
7641
4337
7853
1741
567
3999
147
2548
4918
572
6072
5310
6973
3215
3793
1565
9041
7513
8024
5400
5450
6213
7825
1362
3161
8391
8648
1380
4555
8607
1676
8585
5566
490
5020
1674
5371
9638
6857
5986
7840
5200
3817
1544
5456
3819
5176
7653
7333
7676
7418
6633
1899
192
83
1285
851
5914
4964
7909
3026
2464
7872
220
407
5821
9457
2369
4229
3752
5205
2750
6232
3735
6921
4148
6741
1324
531
8453
5974
9064
8194
29
3757
7307
7408
3690
5968
4756
1634
9499
1937
2102
494
7114
5236
2793
3579
6479
7011
8487
3016
3816
7687
3156
3275
4150
491
2006
6038
4874
7737
7800
2889
2607
4340
1768
3242
7979
9778
5047
3778
2296
2696
6864
6362
2543
7812
7275
5014
6380
3415
9283
9132
1474
7200
1800
9922
7087
8842
1909
2218
6388
4189
9169
118
3120
2364
7381
9934
3256
3282
7968
149
2645
6108
3974
8873
632
4010
5501
1031
7881
1178
4709
9794
9747
3340
1709
7213
1308
3433
1194
4462
9715
8473
223
2926
6766
8376
9775
9434
1592
9543
4883
5271
336
9318
2954
9665
2147
4739
2280
8655
3172
1064
9537
3136
2708
355
6024
1265
6000
629
1632
49
1302
9706
3602
3717
767
4247
2523
7936
3159
2468
3208
6963
6503
5250
7153
8414
5903
5177
3195
8478
126
5713
9389
8264
8248
4413
4048
4029
4527
5526
3815
2403
9783
7550
7767
282
8921
6105
8504
3002
9566
3979
2485
8810
2975
8573
1877
2537
8137
4307
6773
1032
1221
5783
2564
5778
5734
7510
4490
9798
4410
4532
1809
2341
5361
8
4197
1157
7624
8422
803
6487
3047
2293
4720
1515
8702
7730
2900
7175
635
5714
8034
8325
8060
5090
6702
5656
7781
6404
6764
3255
7988
7006
3243
7930
4509
9417
5627
6181
6158
7912
7816
6568
1288
3265
6546
4330
870
720
7607
2446
3224
503
1604
7461
9145
2432
1317
9908
842
2103
5254
9792
299
5328
8645
3508
2532
3077
6511
8001
8306
2101
1646
5686
3348
3713
2660
6569
4024
5259
8095
520
4100
3371
9774
4600
6794
6203
5871
6331
2499
8452
8061
6381
7248
7095
8047
2736
7293
7022
1910
4682
7699
9750
2476
3070
1708
9561
2823
9372
61
2348
9822
2266
8660
3724
7373
5316
2244
4127
4030
9277
2367
6219
7049
6152
6197
5287
7890
4830
8599
6399
6293
6265
8752
5585
1967
9446
7308
8365
3599
1865
9820
6470
79
2653
4467
8808
390
2362
546
2587
1867
6561
5613
8783
9839
2621
6171
3970
9033
5104
322
2001
1133
8314
3967
7502
1092
615
1649
2465
5631
9030
5921
6781
3409
1074
7386
6618
7420
5616
7534
5599
2373
6577
3597
8993
6042
9586
9031
9915
7788
3921
972
570
5888
7412
4703
3472
981
5898
8773
9275
384
9447
661
7402
3277
8305
5506
8177
9870
551
4484
3895
4070
1955
6243
5203
8064
9054
5529
1790
595
1631
6307
4442
3447
4098
1627
3247
2433
290
5937
999
8559
2366
7117
8373
1011
8960
5733
1702
1131
4097
1575
128
4058
817
2858
2620
3681
6637
7021
9217
3481
3420
1818
4762
8432
6562
7268
8657
5635
1771
3960
6754
6949
823
9195
4907
9759
7486
4262
7600
1283
7832
890
7257
5764
7716
5786
2307
5471
9646
8814
1642
1969
5386
1647
5462
2701
4858
1496
5615
2565
8389
4642
4562
1363
4952
8739
1906
8967
3435
9680
37
5804
4222
7259
4074
6670
6304
8258
2152
1172
8238
2099
1184
4021
7951
8028
8143
6225
7362
5322
1982
7625
3734
3036
2286
1612
2789
2184
8474
5157
3105
2806
6174
7128
3932
7428
9126
8646
9887
6128
6180
4155
9923
766
1783
9527
9226
2546
7504
296
977
4886
8070
7748
4734
4723
1996
6321
6280
4342
2289
9710
5813
242
2347
482
8457
9595
3564
6594
8547
5036
5136
4449
9664
154
1623
95
7619
554
5242
3325
8929
2937
6235
362
6011
2032
687
4378
7561
6137
5736
6445
4690
2522
2427
5100
7769
6712
2682
8861
239
8541
2906
7072
4375
1322
7198
5278
8744
1561
2957
5074
6747
7815
6050
1488
8184
3404
1902
5881
1154
7494
5375
1448
271
70
5325
5048
8255
5525
2509
2827
6695
1284
2748
2095
5913
1080
6239
8558
8411
6127
8413
3071
4339
8803
8699
2955
8747
6300
2874
5332
3330
6877
6164
8363
4558
9541
1839
2360
4712
7387
7384
2646
4520
7861
672
5391
1600
6033
1509
8053
127
8149
8287
5472
6160
9605
2667
2716
5032
2671
7922
9014
7531
3400
6947
734
236
3356
2444
3008
8324
34
6600
6988
4587
4677
4198
8284
3259
1241
4666
4612
6946
5390
6951
8019
479
4248
5558
3390
8904
4264
4970
2408
7525
1450
1530
8327
1962
6483
1210
1780
8604
2316
4553
8768
8159
4398
333
3496
3906
7892
5687
9755
8980
7700
4427
8123
2779
8797
1145
5612
350
9835
3441
6220
8273
2027
6330
4618
6296
2383
7230
5446
8164
2486
2164
8345
3531
2322
1203
4171
9084
7595
4060
3237
5012
8663
7310
7050
7887
5964
6163
6496
590
9201
7879
1164
3121
1468
8068
1563
6410
1095
4187
5350
247
9861
1770
4012
6793
9476
6161
9693
1156
9702
8644
5617
5326
7034
1256
7042
5308
5801
17
1779
5854
9567
3362
169
5466
9066
7876
92
7817
2993
4578
5121
5455
2723
2226
4991
3347
3628
4116
9393
9508
6214
2601
5674
6638
6910
4978
2224
7917
2136
43
1088
4908
7214
2375
4895
7571
9945
2567
7003
122
2482
8974
143
6468
5943
8210
1341
979
8437
2487
7667
287
4300
1841
9965
2159
251
3615
3456
678
6510
8632
3102
6065
1286
6786
9819
1170
3374
6170
2301
6521
1633
3144
4715
1440
2137
4549
9976
8725
1460
1057
4983
4390
8226
6953
7652
9920
6612
1926
1129
2777
7886
3704
6739
535
9088
6350
2010
91
3475
6629
6868
5150
4095
2089
150
3151
5626
7266
8169
2217
5742
4236
5624
6116
9850
900
3267
3434
9319
185
8283
417
7867
7566
1606
6356
6617
8171
1657
8650
3943
7210
5803
9584
2239
8403
3964
4411
3588
9170
308
7918
424
2856
7031
3359
379
8441
2795
4474
3187
6710
8761
8027
3011
9322
4113
2329
2156
7877
875
7847
7284
6413
3345
614
1914
1953
1915
566
6336
1824
1843
3316
4441
7048
7347
7079
6694
4829
1700
944
9951
1908
709
3240
8593
6761
6932
7775
3857
6218
8787
9484
8706
2368
9911
3290
385
8296
6045
6560
3254
7227
6458
1277
2857
2064
3467
5267
9461
8854
2299
9425
2967
136
3493
9080
891
7965
7813
6337
7456
4465
3783
8407
8384
8269
2712
2207
9531
9786
8955
129
1549
2118
4561
4498
9753
7218
3116
7998
7203
6944
8266
2282
9558
4141
5830
8516
6185
255
211
2598
3709
7226
2878
8771
4841
2902
8680
4280
9728
8116
3829
235
1199
9760
4296
7352
9409
1889
9711
4
1993
3521
3711
9661
1655
7779
7339
5753
888
2494
8104
4744
740
8531
553
1244
9015
6097
3773
1858
6438
5685
3369
935
484
9335
8507
9003
1717
4404
9018
4051
4096
2744
3626
4793
5716
8741
2174
3682
2474
2281
6653
8351
7708
5449
2390
1245
5415
7260
1543
6182
866
9370
6704
4444
7016
6216
8902
8176
1528
3637
2261
9510
2381
9518
9216
862
541
2586
259
4665
3797
6422
97
5394
9695
8683
5178
4206
9407
9815
2888
8344
8651
6257
5273
6361
8335
7199
6211
7152
3251
8548
928
4577
3227
6718
2319
6200
1759
7638
6801
4679
1810
1819
4849
1330
4203
8485
4181
956
1743
4039
892
2315
6916
4115
9548
4023
6649
9199
3776
7691
4696
2887
9307
8418
7610
2726
4817
6133
3028
9287
9521
8117
5241
2865
1746
1036
3364
8221
1556
670
113
6990
4535
8874
3004
8505
9682
7
5546
1420
6713
9501
2356
2208
9667
6290
511
3554
20
6475
708
6993
4217
9174
3294
3376
7940
4745
3771
3859
415
5034
1023
2114
5110
3370
3660
4798
5817
8931
3209
5852
8343
5536
2749
3223
7540
4161
9428
8762
1923
7701
537
7122
6406
5816
7749
9143
1564
6591
387
2090
4159
4681
9606
2449
6122
289
8096
847
3587
910
1385
9444
8003
8930
5916
2036
1173
2284
3092
1331
9770
8519
2787
1516
7601
2498
1022
4705
244
3603
9347
5288
7129
2234
7575
4415
945
8038
3034
800
4634
5564
1391
5535
7495
729
2738
5791
3081
2407
1893
2948
2442
1786
9440
7814
1144
5286
6077
2083
7932
4493
7410
1089
908
2492
6375
6249
6833
637
5920
7520
3998
7543
3820
1620
4261
9968
616
6009
5265
505
8697
7062
8067
7201
3186
492
3499
4254
85
4126
9295
3810
5101
2007
4052
8477
4607
8223
6902
7243
3526
1142
4391
4318
9294
1626
975
5260
471
7104
1346
1901
1407
5407
7626
3337
798
7063
1007
5372
4275
6114
9570
4359
2755
5982
9177
3457
281
6063
8157
2608
2985
4518
9738
811
1498
6255
3438
5344
2841
3741
3098
8580
3135
8073
951
1063
2941
7052
2117
4564
8235
5091
2606
1551
711
2683
5689
959
4516
4834
2988
9697
4544
3518
2106
2035
6555
2097
2434
88
6294
454
7670
6771
6440
4790
747
1964
4602
7327
7316
9412
5106
376
30
9472
6957
838
1653
475
6256
7720
3784
9550
4680
909
5849
5495
5796
4800
6485
4065
1698
98
3572
7808
3308
9621
7349
9987
353
2188
5491
1239
1663
9048
2330
8934
7603
583
3392
963
1643
3487
2314
7963
9078
8062
4668
3646
2478
2534
7481
8958
5377
7088
3127
7735
6711
9057
1135
2752
653
5132
5045
205
1044
1974
3756
7744
3509
4815
4477
8764
5874
468
5594
971
8297
6032
383
3593
1547
837
8293
5140
9354
4158
320
7353
6664
1310
5825
366
633
5291
3289
1422
1393
1968
5700
5299
6817
2425
5434
3414
9644
4827
4763
7426
884
3662
3884
7795
8042
604
1754
4962
8596
885
7558
480
9146
9569
8973
321
1340
8222
4043
3148
9803
5033
9448
7070
5334
4306
2005
526
7051
3249
1651
4704
6234
4122
6650
2166
7441
7715
26
267
5971
3262
9562
5680
9280
5493
6584
8331
5771
5102
3401
8957
1724
2568
3882
6906
8352
6822
3908
2541
7296
6717
1952
1481
2818
3847
9243
5468
2374
9034
1015
2158
559
7372
7704
84
5553
1025
9609
8521
3753
9100
6177
2843
3365
7216
580
5151
9797
2913
3298
6995
5890
7898
1582
4580
1822
2724
410
7123
1016
8399
5987
936
1368
6538
3299
3241
9035
8141
6491
2438
1644
4620
3217
1004
6950
4514
1050
1417
4232
3995
8774
8192
5632
6918
9929
6477
9733
4110
9418
726
6500
6289
6003
5836
5226
3583
557
2021
4860
664
6972
9515
6244
1853
4353
77
2100
8008
7612
7080
4775
1491
7301
3975
7005
8417
5842
2803
359
8442
3073
3622
601
3715
2727
5906
4955
6893
3085
1665
8312
9037
8107
5035
9027
1295
9332
3794
2882
3827
2056
8858
2817
2652
6606
2758
4873
8468
4124
5173
2678
4239
8592
9218
6493
7900
1248
2029
3789
6459
4683
5161
8903
8621
2917
404
291
4813
9235
4630
6642
6093
1836
3334
854
5575
4383
7803
4475
460
5348
9500
3291
5311
3469
3608
8742
7323
6315
4659
9782
5940
8569
8829
7544
7501
3537
7846
4608
650
6363
6058
9498
9399
8017
5019
3641
6334
6151
212
7065
5451
2094
1696
1679
9656
3600
4108
1136
6535
1354
7442
4975
3284
3806
4546
5698
9129
2590
4784
9364
8514
9493
7622
4603
8598
1403
7167
3378
3181
7854
4102
496
7991
9690
5444
1367
5095
8142
5159
7512
7793
1628
7724
7919
1560
4505
8889
2018
2146
3591
9670
2972
8110
9496
7163
5688
5113
5696
8807
4038
9079
2897
7317
2471
2661
5256
5347
2107
7077
4857
2987
9449
7927
1552
3624
7995
1275
4755
6143
7139
2087
9480
4129
9381
3924
6316
7176
7130
5591
6873
9704
3411
4433
8756
7242
3803
4928
9351
4117
339
2181
2237
8765
6189
7731
3693
2264
1406
1990
4868
7363
4517
5051
8350
9869
3090
5833
4921
7609
5693
1883
1545
3429
5006
2092
5892
6552
4727
2764
2953
3419
1699
1126
3792
8628
4185
6089
938
2130
5865
2905
1732
5481
3780
9880
501
6469
4399
2418
3915
69
106
7189
9438
4496
9781
6671
263
9055
7112
8464
2512
2930
5384
6529
3351
4213
1755
6514
7030
1681
9597
3647
6246
400
2901
4050
4367
701
1744
9776
8949
663
7633
348
7584
2729
9742
3184
3570
2365
9256
2251
8813
7577
7431
303
4458
358
148
4866
4863
7425
9726
9397
2297
2470
8491
5162
3194
4951
3380
4816
1180
9473
4980
9076
5266
7191
3721
4660
1837
6599
8015
1336
7312
8809
4550
7488
7827
6365
431
4743
5072
3216
6478
5251
4746
9530
5939
2291
9185
8377
4106
9179
3718
9131
2924
5364
9436
6983
4166
3363
3527
3252
8211
5276
3632
8189
509
2702
2193
8394
7012
4954
6019
6502
9442
5976
8991
1697
6684
7101
216
2622
5380
2591
8332
3849
6652
4420
7220
4859
4208
8536
3327
1673
2707
9454
8156
9020
8140
3598
3009
9721
6049
8745
745
4486
1943
2515
8361
9708
9072
9886
4536
8033
9161
8041
9414
63
36
7929
2675
8257
3030
4782
5757
7657
3263
1242
9300
1834
1261
2019
1730
100
1987
1682
493
6696
1881
2728
3909
1827
1122
330
6043
3620
1169
7774
1123
775
4366
4282
5509
717
2271
8892
5065
9155
7009
2206
1328
4429
1305
9313
7493
9026
9437
9432
3281
3200
2670
3398
4000
3495
797
563
7835
4906
8454
8236
6132
7454
9402
1093
7756
6323
630
8864
2999
7434
6872
1874
2892
7958
5637
2704
3386
3397
9768
279
4853
2719
2272
1104
4481
8438
2642
9000
7225
8088
1339
9730
7528
3665
2656
2677
6601
3688
7019
2500
6976
5919
1747
2819
7723
9093
6357
8533
2668
7251
5335
1227
3395
1808
3268
9788
8998
5248
4950
607
8926
1502
6888
2483
9712
8782
1980
6396
1654
6938
1688
8554
3879
8636
994
8652
3454
6206
1084
9513
1485
2285
8496
6647
2175
801
7359
5811
6922
4128
3468
6752
4478
8678
4445
2259
8760
9010
2526
9828
8624
1101
6271
5476
5116
4302
5202
2741
6994
6041
9043
779
7025
1250
7931
6657
6253
1409
1294
2447
542
9494
6515
6292
3736
3750
1913
458
7417
6716
2782
5389
587
2920
222
1684
5518
1171
2763
771
2233
2176
1469
2956
1207
5533
7066
6871
6017
784
4616
5148
5179
7804
9321
5003
8529
5393
6027
2936
1191
918
4316
2714
3643
4653
8089
7935
5802
4466
4245
4335
1299
1997
5057
2503
7400
3956
2389
6059
1201
9004
3590
9083
5172
5068
15
7809
3875
4437
8606
3677
7377
749
4228
1303
6415
5979
155
4312
2739
8919
3489
8710
6831
5623
6427
6823
9748
7332
5365
1152
7801
6103
6727
9533
2157
9352
3065
876
5548
536
9259
3639
7388
8908
9445
4409
8982
5059
5197
9098
8705
7924
2544
8151
3048
3683
582
7394
4450
9180
8851
7281
4539
8833
9696
7184
8907
219
9676
625
3257
5275
9980
488
2713
4965
3459
1524
8700
2198
5770
4810
5194
6194
8040
2881
5042
3076
5652
1441
7396
9464
4068
4271
4156
7645
8515
1405
7759
684
9122
1477
5660
8113
2311
3755
5993
7902
4542
5257
9222
9486
373
5029
3616
547
8836
7297
5844
3935
9262
1546
3354
3657
3630
6448
4909
1625
6391
6952
7344
5932
1347
2398
929
9962
1774
1523
2172
2155
6150
9151
6740
485
8557
7164
9933
270
893
2686
5185
6364
9019
578
5174
5843
927
5208
6439
3848
8450
6850
7274
8953
3244
449
925
4598
9577
757
4015
8622
9511
8292
677
9890
5837
5851
6639
9419
9683
2984
593
1878
6530
4882
7083
8900
3891
8763
9658
8978
6890
5738
307
9765
3044
4305
586
3385
6846
8128
1314
8016
5413
952
7010
2919
5724
612
6420
8932
2409
1951
1961
7498
4947
2380
9529
9011
9455
5485
4295
7882
2149
3903
4346
5953
2346
4700
1611
7091
6121
2062
3035
115
7640
2439
6674
5426
2110
9269
4888
9234
5900
8489
9128
8427
1271
7977
7371
515
2689
3801
2945
5315
6553
4585
4169
1935
7547
1767
3627
7713
6278
9538
9862
1381
3043
5969
6714
5303
4524
5079
852
9138
7232
2550
845
2009
6431
9905
8729
3477
7559
9865
2080
6162
2932
6675
4430
8071
2030
6648
942
9085
8976
5704
9395
5223
7967
782
5643
6842
4820
9315
5437
3927
4831
6838
8882
7057
7637
9274
7462
4733
7560
2767
1693
1291
6313
2761
6885
1289
5080
4250
3638
4605
4799
1989
3196
4168
3229
5285
3669
696
9547
4274
6581
8160
1158
6643
3617
6528
1807
596
3800
301
4508
4934
4633
5124
8227
6098
7913
9713
6558
2230
2697
931
6582
5441
899
2115
3171
5727
6981
4865
8131
916
9462
4506
3730
5038
8087
9225
4266
5190
1760
9737
995
2931
846
4730
1445
2219
9731
4416
3238
1522
9590
5028
7485
6354
9763
5966
7109
6039
2604
4087
1401
7859
4019
949
7212
8476
2558
3861
6317
1472
5096
6542
6259
3177
9248
6389
1233
9535
2971
5030
5605
5314
4869
9903
4513
1749
7398
3484
6352
2461
5574
2679
2195
3306
293
7669
3383
2618
7628
9266
9468
7663
3104
9231
8342
4492
4348
8307
5593
1384
7771
6933
8676
3274
4591
7376
7125
8153
9478
101
2627
401
523
1219
2040
3444
8843
9091
7018
7256
8674
7885
2269
345
9553
2773
686
3745
4209
5915
1398
7518
5587
1042
7209
3143
9999
4797
421
1083
3095
6433
7237
2555
713
1589
1439
9988
3361
1183
5981
7722
3666
1279
4795
9910
7824
8260
5745
5699
268
9556
7430
3651
1106
6430
1337
4314
2872
8154
3010
1230
3833
5861
2997
7614
9038
6351
9056
7780
8608
2399
7368
8014
849
6901
8639
7258
5368
7126
2098
1369
8564
4631
3961
7182
3589
3984
1548
5761
8410
8947
1217
5424
8661
7875
1873
9532
9059
5967
2637
2599
2167
7223
6130
2624
5682
3292
3513
4085
2308
187
2784
6371
3079
2277
4454
7350
4724
9796
6342
1444
1226
134
9028
8138
1618
8405
6157
1983
4199
11
6992
8617
5039
1187
5163
5531
8320
5831
7483
5504
3658
1733
5565
9101
1660
1970
2111
697
1130
7108
3910
7015
2951
5289
4899
4538
2417
829
2852
8054
4403
5312
8712
4387
544
9966
5152
1452
4645
7635
5284
5735
1756
5220
9288
3552
2794
2216
253
8839
5000
9112
5581
3529
9687
3584
356
1372
6416
662
2837
7536
8512
323
8868
2959
8878
483
7747
4748
5692
110
3446
4609
365
1453
1739
9804
7472
5975
7395
1922
1929
9158
3538
8080
1992
4674
7183
1067
513
9592
1238
2262
1918
5592
2059
9413
6623
9630
693
4540
5860
9960
1075
2058
5555
8075
3950
411
5676
7760
2989
9626
3966
9743
7231
6523
4016
7694
1399
8704
4621
9631
5396
2460
1086
3963
6499
8467
3542
5926
6545
9334
5772
1168
7583
1097
1243
7828
9902
9245
4341
9095
2722
3685
722
198
8097
4559
7294
569
1745
1035
5233
5385
7535
605
9379
9203
7862
516
156
4586
618
8819
869
5633
7661
4290
6565
2079
1500
1163
3421
5112
7649
872
895
8271
6308
489
763
2572
3086
7689
7490
3576
1661
8074
2964
4164
2437
8126
9891
9036
3426
8275
4269
836
8620
741
6677
2547
3287
1326
565
3916
6626
9063
5313
8106
5985
6762
4881
5618
1344
3775
8323
4599
4684
643
1705
5239
2996
7292
5827
8825
5530
4061
297
3905
74
1174
5561
7469
8715
6789
816
6658
568
2258
1307
6720
6494
4573
1465
3805
8775
3323
6878
3782
6374
2091
6109
335
9808
108
5883
2241
754
6576
6462
8084
7509
8276
7040
9229
28
7131
4066
7073
2811
514
4992
5017
1386
52
8937
9785
6840
8894
988
3139
4998
675
437
3178
260
9986
1043
506
4034
2213
2735
882
7962
1884
7314
8766
9052
7639
984
6224
8030
3379
3807
4188
5556
4719
7776
9301
2877
5463
8129
9940
1046
403
5058
742
5295
7224
2549
9388
6585
4091
7144
1942
7406
2562
7382
5907
1802
5579
9430
1466
9044
7597
9681
9250
1832
6173
159
2349
9338
5405
6812
3038
5381
1218
9806
9049
5298
3185
4753
7897
7290
8723
7169
6195
7061
2133
8679
7299
3933
812
6061
9790
8841
5925
7755
6520
5856
8132
1559
7421
6881
4402
6805
6931
1521
8497
8883
3837
1113
4457
4656
8304
657
1197
6148
1166
8941
790
948
5408
138
4489
7389
6607
7039
6796
6277
5609
8734
658
3417
3863
6621
248
7121
2666
8120
5341
2033
4160
8658
3976
2202
5305
2829
8968
361
6564
7264
1639
1691
5117
5809
3575
8052
9802
1553
8366
6904
3938
5952
452
8380
532
6800
9485
6486
3339
1306
9639
2196
8051
2424
6034
8172
3607
5218
6912
9114
2134
7369
548
1734
2501
8696
9906
4786
423
4154
151
3069
7672
7029
6178
3427
1039
1132
7067
989
4214
4434
4896
5438
4519
5041
6602
9971
4294
8329
467
2151
7941
2034
3873
6522
8082
4118
7542
318
4708
9823
8815
9005
3264
8583
3205
4246
1590
432
8509
9306
5774
5580
3928
5060
5670
6844
405
5869
2309
8460
1216
4752
1020
1033
3772
5228
1805
6346
5137
3001
5731
4946
4917
6733
2342
5516
552
5781
9002
7326
7764
4422
4781
7870
8336
3546
6527
2838
8633
2519
8147
7127
1076
1527
5726
8913
5655
381
7148
2046
8582
4329
2268
4878
5918
5709
9919
3474
689
6661
4985
9889
3942
943
2053
9189
4435
7953
2578
3130
3781
5138
5534
5799
1753
748
9752
9858
6303
7028
9528
9193
3886
4610
4446
844
2490
804
3569
3285
4119
1928
3058
3534
5590
4470
1720
9772
5957
8769
3211
1186
2612
6325
5795
4336
1480
8295
968
3562
9378
9725
5069
6411
6473
807
8875
8838
7750
1446
1864
4369
4871
1192
4939
7078
1117
9227
6488
2255
1177
9942
5464
3613
1540
8501
4663
8294
6580
8912
6062
2834
2290
3904
6030
5542
8805
1167
9153
8063
80
102
8691
1662
5983
3761
3408
3465
8860
4686
9329
5815
3519
256
5512
4488
5521
6641
6241
1269
7343
4595
5183
7742
4345
4235
6457
9244
5171
1721
7443
5528
5008
8385
6908
8249
881
7427
8330
1595
7180
603
3393
7460
3664
8162
4364
4572
8228
1794
1355
5261
2327
3744
5452
9883
7358
1165
9089
5598
44
1831
2718
4901
5379
7983
6880
9685
4649
9202
6557
8114
9086
8520
2700
1411
8349
4121
4840
6725
518
1252
9507
9008
2942
7511
4567
4943
7356
4905
9406
781
997
4067
1772
8420
2253
8867
1594
9899
3748
2733
7981
2835
2338
7826
5800
1736
2983
6319
5007
4192
1723
1094
7204
8225
9006
6726
3619
2209
4737
1264
9230
2766
6010
2200
9403
435
3201
2302
4386
9336
8488
4216
8885
2938
1147
2298
7405
1413
7692
4380
7938
9668
7254
1323
9410
2488
9838
6660
4241
1792
5482
1431
1228
9104
7970
1985
8315
5011
1390
3141
564
4033
3425
4272
3548
5607
2043
2995
5867
7954
8484
6215
1622
5695
3152
1134
1387
275
4144
2545
252
688
9013
8085
8078
654
6245
7338
6619
5362
6765
7098
3313
3520
8738
5762
5269
7245
4226
4237
6456
4361
911
5678
8581
1182
396
1313
9276
2324
112
344
2602
930
699
4011
6040
9845
4641
2592
4982
6489
9904
8268
2720
4428
258
3814
1068
9625
7711
7433
6125
3167
6205
1041
2489
9601
5819
504
3314
3045
8002
2257
9585
3157
4325
5089
4531
1687
4172
2343
6172
3169
7545
799
4287
2275
1434
278
8265
2245
8567
3754
6532
555
3301
1948
1601
7147
1812
9672
9090
9564
3191
2326
3746
9387
7074
4977
5274
4414
3228
4646
7178
1638
9927
3126
8969
1034
7786
7761
9559
1161
5255
1425
4265
4856
7289
6282
9123
8322
9369
9831
229
5917
131
6231
7311
1637
8479
5085
1259
3129
117
2943
81
4502
6672
487
7404
8246
7435
9333
1072
3821
2973
1891
7907
8662
9398
7249
8393
7479
7409
8784
3174
2462
5896
8310
6875
5114
8692
5929
3320
1151
8486
707
9916
2139
173
5120
6025
5398
874
2629
8328
592
4530
4729
2077
2665
8031
4044
1870
5001
7971
3367
7921
6970
6820
9147
6630
3850
9761
3899
8510
2684
1298
93
6348
9502
786
8708
4802
691
9284
9692
4969
1236
5620
8300
599
6208
9339
1280
2105
2994
3738
9874
2821
9574
2228
4077
762
7168
1854
427
5224
6634
8905
7027
1484
4650
4267
2065
7562
4211
6665
2066
2904
8242
1176
5908
3342
7839
5135
3852
1715
4401
2774
2527
5729
1421
7736
1246
3547
2552
8286
9925
7069
8396
8831
8984
1510
3270
317
2556
4676
8796
6447
4347
7973
7500
7911
2371
9843
8610
5679
3312
9936
8881
5891
6021
8279
5052
8857
6748
7923
656
683
8799
3118
3900
1416
4794
3041
7383
2450
9396
8924
9852
4343
4768
9514
512
609
6903
3883
3350
5666
2014
7702
6810
529
7229
2467
473
5229
2898
9773
2153
6640
8005
716
907
4823
4771
3799
6811
9622
2024
9762
8109
394
608
8072
360
7345
4263
655
5806
6367
4912
9183
7482
7145
1939
1394
5018
5067
3480
4972
8788
6611
3343
5543
7059
7740
3273
1189
3473
8988
1364
9975
9720
2822
6595
1857
1153
9853
4338
584
4355
9491
4854
4397
2378
4088
8050
2828
328
6707
3699
8383
4054
7960
4136
1146
5751
1921
1400
2950
7972
9190
9303
8360
8653
1408
783
9703
2042
4149
5758
7866
6036
7089
3123
9503
4073
9575
8727
3366
1956
1610
6501
3804
9483
7354
2575
1659
6437
9723
5992
8212
6614
9624
8804
5244
7194
8470
4194
9653
5423
5505
9844
3832
7683
3556
5537
7895
5306
53
5884
9576
3972
3319
4205
5995
1963
5454
2020
4500
1208
9632
8999
848
9714
806
6784
1512
7851
6827
6327
3221
1404
7889
2238
4721
2909
1752
5461
3394
257
5133
2475
9324
6016
7033
6989
6758
727
2168
4285
2516
1907
8538
2875
5715
2283
6757
4376
3494
5336
414
7455
3466
4880
8917
6929
2411
2517
6083
1334
7648
2710
3887
7071
7159
6066
4923
1781
3053
8556
7320
9969
8616
8244
24
1667
8866
7478
5653
5776
6919
2802
6028
5374
9979
429
8471
2144
9640
3341
8753
5882
9232
9837
1960
1128
3007
5459
6836
3582
5550
1978
8291
3072
7608
7325
1414
1888
7158
3517
9939
3786
4731
1569
6094
1871
2028
5702
7366
6338
955
3110
3678
6701
3581
3448
231
2651
4326
8736
5711
6927
2647
1282
792
8601
210
7664
4079
3180
982
9947
456
2511
3450
228
2832
8020
8834
448
6115
8641
947
5889
8055
649
7797
7193
8544
6934
6310
1281
9604
8348
8277
9310
8481
4423
3675
5070
9348
8004
9754
5411
9082
9627
3839
213
7721
1975
6559
2573
7150
9175
7115
3818
4137
2594
8759
3470
527
9469
7458
2254
9326
4288
7901
1000
1514
8220
5956
4732
6676
8578
4471
8534
337
1321
7673
7450
1940
8668
3093
4893
8871
4268
4707
6295
7864
2648
7896
2560
7677
6306
6276
8849
2807
5750
8981
8018
5146
7632
1879
1001
543
9504
7118
8992
5539
8012
4583
8155
5483
631
4892
4639
6064
1686
1675
8944
1503
389
1508
2376
9053
714
7997
5850
644
7533
3901
8449
5951
5962
4843
887
3993
3310
4669
3874
2746
7173
4333
973
7569
6937
8693
2525
2992
962
3661
8686
1428
481
2454
9401
6519
8792
5927
3706
9935
3917
2693
9793
2443
5941
8508
8185
1571
6866
6782
7792
6884
6344
2536
5737
1370
9192
1267
5182
7707
4995
1492
9953
4864
9099
8490
9242
760
6299
434
6117
1728
6212
9181
9342
3406
1486
1501
2846
6281
1195
9466
5661
9431
877
1338
1892
5155
9032
1947
1506
3902
8714
2998
5845
1981
3836
3846
201
3705
1542
2406
3978
8059
6144
796
4932
4523
588
5722
5144
5923
6329
5777
8720
7056
9188
4846
6689
2969
7984
6366
5768
141
987
2783
2113
6201
7385
119
746
1806
7590
6099
82
1573
9340
9896
7424
6275
7844
5588
4521
9847
8609
8445
1360
7679
706
8816
7551
3271
1607
7602
2615
6227
3727
3336
3565
8170
7477
4718
9270
4785
4706
4036
8986
9799
3948
8589
3463
8779
4008
4989
442
9866
4593
1211
3743
669
6815
4448
1274
5933
622
7555
8148
295
4622
5290
2495
4651
7291
2947
1148
5281
7244
9811
2958
9456
6605
7541
420
4626
1159
7843
4592
5996
6767
8217
6855
146
4711
3854
7196
7044
2220
5263
457
1513
9652
7695
581
3834
3234
8026
8886
132
9371
6862
1461
9758
7208
6909
6566
2859
3132
8914
6930
7576
13
761
2894
6037
2169
2681
4504
7763
4221
8122
4915
8560
6517
3812
8928
5247
8629
9961
822
6635
4994
1467
395
5650
8007
2119
7579
4688
2742
9474
2595
2344
9077
8865
5343
1777
2388
2212
3115
8191
8927
738
7738
2933
111
5076
6006
7613
1718
5901
2635
6687
3732
5824
3937
8995
7136
6443
1471
3505
1349
2459
8198
8245
3391
4464
7329
917
9654
6455
6945
9254
1880
2353
9443
8066
6858
9876
8997
4691
2966
5304
6086
8347
813
6589
3767
715
6111
3503
3573
7103
4031
2183
937
3558
3500
8400
764
2703
8845
751
8852
9249
6131
3051
3635
7629
700
9924
598
9540
980
1351
4301
1845
3785
8656
5879
4485
9435
3163
9127
3896
2325
833
104
6892
9827
5642
6851
5773
8311
5403
5087
8698
6141
1070
2986
4582
1443
3997
9366
45
6887
7390
3344
5044
8826
5055
4940
2830
737
1204
1249
6286
1950
3373
5694
380
524
1415
2977
839
2743
8791
3018
9074
6792
5862
8891
8728
2321
8076
5376
3728
4545
5330
6597
9746
5743
25
3512
4231
9492
7836
7959
7762
2533
4819
6940
8770
3866
6763
4808
193
690
9135
6791
9937
139
4851
9426
5644
7171
8649
6095
7217
3461
9582
7611
3671
9764
832
3023
6680
3511
7538
9251
9779
6958
5392
3777
8830
3540
2845
1290
6682
539
4394
4629
5712
4927
7252
8121
3000
6192
2582
4308
4377
3
7712
2520
9246
6609
9568
9907
5354
8990
1027
3514
86
6223
5502
1312
2345
8709
5573
2991
7337
7505
7785
4360
8415
2078
1572
40
4190
5195
4885
2559
7480
1511
8056
9292
9481
1776
9675
4292
3944
639
660
1111
8456
4551
2472
1138
9825
2885
4766
8943
5484
1047
8884
7043
6897
4003
3109
585
6832
8152
4407
4482
2452
9542
1049
241
6654
5272
1930
1262
6998
4459
8077
1738
1100
425
5878
2912
5877
35
8188
8625
4788
533
4875
9187
5217
9814
4754
6135
8735
1427
1006
2232
7195
626
7146
329
7697
2840
502
6709
7926
6460
1055
2928
5118
5419
2641
2246
8879
5230
9512
4297
8613
5321
7053
620
1499
8964
8963
7241
7621
1029
2949
5559
8811
8006
9565
2805
1838
8503
7453
10
6176
2048
4845
1567
3088
5193
8685
3796
178
8996
2413
5073
731
182
9308
4081
5013
5866
4973
3764
3858
7239
2026
6142
4026
8259
1026
5991
8354
474
5489
6398
6848
9736
7773
3203
8856
2458
6085
6113
5818
1640
1692
6169
347
4894
9163
8627
6204
6248
4713
6382
8135
441
4579
9602
1882
8664
2401
2581
3823
7355
996
8848
3947
6936
7075
6688
743
1525
1846
1535
6426
1028
3089
6418
6048
4693
9320
508
5834
5431
2528
5569
7570
1320
9383
7618
357
2067
238
6898
1714
8971
1455
9572
3539
7473
4196
6183
6896
5320
9694
7367
4747
1803
1782
4776
6719
750
8214
6297
3585
455
3676
4789
1272
4636
5902
7599
274
224
2402
4667
6184
6985
889
7186
5448
9950
1003
6913
1609
3293
2054
7380
202
463
450
5515
6221
4130
9314
7636
304
6891
9983
6405
8433
5167
4671
6667
6283
153
6804
2061
3381
5576
9812
753
9304
6900
4227
2240
6583
4961
8939
447
9178
8513
388
1710
9581
2685
9757
9549
2491
3981
9957
7054
6734
2674
865
1361
4022
8086
9717
64
4837
2120
922
5641
6508
1986
7572
3725
1116
4479
1442
5252
8267
2328
1946
6598
1359
8193
55
144
7330
9647
8530
5647
7036
6853
7519
871
4406
8337
1911
9610
7124
5707
858
2672
3625
5638
7342
2189
2706
4981
5739
5258
2824
1247
3326
6636
2215
7288
8987
5075
545
8378
840
2249
4147
3578
109
6571
6370
4902
5897
4163
4552
510
6806
6159
4379
1598
3645
4041
3405
7976
1965
2626
3357
6966
1706
7321
1371
5358
1842
5703
305
8577
5519
991
6134
9290
5107
6
589
2187
9240
5589
1583
6856
3868
6828
5164
6814
9520
9390
9830
4565
7116
3080
4284
3894
2797
6123
349
6673
8229
9897
8989
1680
6962
8795
768
7465
9415
3150
4244
9534
7985
8224
2754
469
9972
9224
1615
3729
6408
1593
8447
3375
2798
3954
8175
9616
2397
4032
3716
8180
4876
1988
8079
5108
6309
6467
7754
3779
7032
1143
9067
5015
1114
5005
579
1816
7794
5619
5490
6567
8511
9716
2747
6055
2847
1916
9900
459
2192
3831
5601
4064
7142
5886
2279
3020
2171
5081
896
573
2709
5755
6895
7024
3464
2625
215
9210
5023
1329
6138
5691
7642
7489
5708
2820
5115
4270
5582
6839
704
4847
140
1024
300
926
6274
8966
1475
7842
4099
7138
9517
3686
6454
31
8388
3912
5149
1748
1890
575
6775
2873
9884
7833
50
5487
4257
8256
3809
8021
5577
4670
6721
6441
4988
2088
8591
203
66
3422
7106
8092
9264
1273
1297
5611
8523
2415
165
6355
9166
2273
2204
285
8119
5517
2614
5600
171
8859
857
5293
176
5769
1435
6383
9645
464
8827
3994
1382
6999
5805
4014
7957
4936
9373
1375
5168
2076
2976
5213
3062
3485
1936
9368
486
4421
8618
4334
9614
8146
9893
7588
8318
4522
5323
8386
695
123
3056
3824
9467
1550
9241
9261
8837
8239
3580
7820
7415
8469
7322
9267
2096
9416
8395
4220
6730
6347
5984
9117
3867
190
341
1886
7132
7444
7805
3202
4202
7437
9488
2352
8897
3483
5895
5025
4828
3060
5279
7655
3442
6703
9367
1635
8204
2657
2142
3952
5663
1823
8571
3107
2363
1905
9948
6516
9996
7939
9323
3332
5467
659
3015
6168
9841
1614
2659
1825
2944
5503
6390
7190
8202
2256
1538
7643
992
9116
470
3545
6269
2990
1276
8631
7085
4131
246
9594
8672
9154
302
7880
3869
7236
1979
8387
4419
2125
9724
9882
76
2357
7873
3830
9849
3940
9767
3568
1949
3328
3596
4140
3885
1457
332
530
8951
2756
9238
6100
4439
7149
6728
2540
1479
8840
499
5021
4661
776
7696
6802
7305
3712
2539
8451
7318
7982
5129
9081
5103
1251
5603
2792
4528
6686
6384
7306
6732
7658
5301
9671
8703
9686
4279
7758
4979
5453
752
166
67
967
5469
2435
9673
3977
7448
624
6774
1150
6705
4028
2131
8916
5544
5002
7313
5958
1729
4613
346
2781
7868
4112
7914
4944
9807
1966
3919
5840
3131
2725
6807
3523
9355
4233
5243
7908
3153
183
1395
4623
5192
8263
3737
9164
4534
7516
3691
6402
6482
6886
7630
8406
8285
941
2011
5876
8274
5105
8802
392
7990
9346
6360
8173
5264
2876
9182
4451
334
9223
9477
3516
375
7419
2698
1118
7277
8234
107
2051
5329
2305
2310
6955
1894
5847
476
5147
1520
3768
398
843
9990
3992
8522
1051
5823
7206
1235
3844
4255
3032
7841
1
6986
1489
1761
9589
3046
9062
517
4002
2068
2510
1463
2611
6091
331
6429
4765
3235
8906
5402
314
1019
9105
8659
393
1835
6386
8846
1555
8936
1764
6258
9993
4143
4460
5166
1821
7690
2790
730
6610
7654
9525
168
105
4483
7591
5870
2420
8081
4675
5868
4824
2808
8948
5988
1677
946
9152
5779
4796
6847
8626
5721
280
8935
5894
3507
613
3272
8565
5098
3091
5527
4890
2826
426
7884
9660
9111
7899
4533
7283
2860
3189
3679
1641
1954
8178
5511
2211
5744
2441
5131
525
5885
8401
9573
9834
7211
9441
4924
5596
1333
8543
9516
9021
2891
6080
8278
8241
9801
9148
9978
7238
2833
4942
8888
1018
9228
2150
5214
4125
3965
6480
2566
9439
4588
2649
1190
3027
4637
8195
7487
9878
5629
4736
4836
2339
7219
7265
5946
6193
5134
6526
4922
6524
5093
4987
9857
6409
7446
1773
3097
770
6471
1327
2769
1350
2745
9872
4702
2853
9361
3300
58
6008
2086
2479
7181
5346
679
4945
7799
232
2121
6541
9257
9994
3303
2751
3019
1799
2336
413
1206
6394
6834
8673
4628
3111
8065
3907
2128
7515
3898
8280
8555
3864
2569
7187
8721
4511
3856
2331
4186
7017
4276
5857
4018
9998
8493
5145
7605
1257
5717
8946
2658
7646
3532
3324
3096
8675
8690
9618
3321
3068
8057
5513
5353
1785
4027
6104
5747
3813
5749
4738
6312
3302
181
179
5614
2980
9168
8039
7282
4180
1456
725
272
6699
2613
3431
7046
3609
47
33
7303
9956
6261
8037
103
2199
2929
8671
4393
6969
3822
8975
5846
8049
3387
5595
3074
3119
6537
5718
1797
6668
7768
7834
6484
3939
8381
9885
855
8367
5899
8150
642
7964
1912
9007
9745
5156
9552
4175
1791
969
3164
6263
3108
4111
9860
1801
5180
9727
8677
8232
6867
5142
2141
1958
4045
9108
6191
4382
6373
466
7530
5270
8237
7331
8754
142
8942
8893
1788
1784
1804
3931
8965
3232
3033
810
133
9519
7357
4512
8408
8994
6803
1224
9424
755
7151
6005
370
3049
9173
75
6018
2480
1664
6644
9452
6525
3486
4783
522
6376
6078
7038
9526
130
2320
1260
9113
6476
1860
5061
1828
22
68
1181
6964
7514
6925
860
6082
2836
3358
1383
8732
9327
7678
6681
2180
3082
9810
9212
1568
1058
6369
6401
6959
1861
2235
3652
7047
6572
207
8243
7546
3577
4575
3985
3253
6222
8298
3057
6101
9460
6911
5387
3443
5945
6449
8299
5935
9732
2588
1931
1795
824
2361
2414
627
175
1110
3504
439
651
4356
3555
4563
6311
577
6444
1379
5756
3149
2849
8711
1059
5784
7471
1447
3654
7060
5337
1585
283
326
56
7270
9051
3101
3774
8494
430
2982
913
9756
2477
9836
8124
924
954
5664
4092
4838
5978
8876
6770
7276
4083
1109
5421
6738
1848
7497
7986
4590
1652
3024
9974
5238
399
8576
5206
1396
1356
2814
6509
7578
8048
8694
9297
3629
9281
5723
6175
8346
6967
7589
5494
5628
9938
8594
6236
8289
3878
8605
993
5658
5294
5488
3698
2890
4145
2306
2643
4751
8572
5621
6233
3451
8749
6419
9118
3840
6744
990
2571
2502
4371
5189
3453
8301
7262
7894
9470
3054
5578
2596
3561
9186
3050
4056
8707
6731
7945
1365
1258
3618
8374
1215
8579
1933
4770
5356
8419
1030
7783
8207
8465
4025
7904
6507
444
4317
1866
9689
902
2063
2734
3246
2126
2370
4344
277
5545
397
324
5858
371
780
5904
7334
2762
665
3012
5366
9659
4960
6139
59
5338
7247
5667
2896
5948
2334
2778
9877
3790
4487
3962
478
6251
9252
4804
8832
7554
2524
1532
6697
674
4069
6378
221
4625
8603
6188
861
2915
2124
9867
2069
2634
453
2911
5973
5625
9070
4432
6466
9475
5
3553
7848
9545
6322
6818
7522
402
3653
3399
2593
4286
9282
9421
820
7045
6452
8435
6506
814
9749
4046
6907
2676
835
8870
1666
7503
7233
628
4566
5049
2580
2466
6074
8022
3988
6879
2759
6287
7286
5959
1685
8835
8093
8251
1811
4447
5225
3146
5990
3634
698
6960
953
2939
9967
9921
5165
116
8032
8404
9204
3707
1495
7008
5787
3025
5435
5648
3134
7246
2227
1287
4078
7688
3714
3322
4842
3455
7459
619
9970
9818
121
8412
8781
5412
3694
950
4204
7081
472
6539
9386
9741
7228
9995
809
4090
1200
7170
311
2776
9489
6663
1060
7092
3147
3566
8035
9107
561
250
6723
1995
8359
6849
9898
1376
8308
2584
4884
6870
8254
7729
5563
2190
7000
4396
4959
4218
9119
3760
5608
7581
9330
78
9615
2451
8023
1010
7829
8780
676
6314
5838
6260
9800
1073
4974
1629
6979
4930
5835
4725
5340
2799
9490
9191
4370
6096
6403
6549
7556
6974
5720
2074
1002
6198
8918
3214
873
3346
9214
4260
8821
1531
9208
7777
5789
9805
3841
4777
5331
2274
8498
2610
9420
6750
4925
9705
6052
3987
6799
634
8828
4529
2757
7806
7110
5280
9959
549
5839
1112
5191
3307
7273
3113
8688
2844
5355
4877
7916
4278
5475
8446
9829
4759
4862
7001
1237
9766
9871
519
1787
4086
9875
3204
9578
2732
8614
3212
9137
5109
4728
7429
378
4910
6202
5497
4321
4812
1451
7733
2201
497
4151
7910
9691
4606
7975
6051
3288
4557
5222
4614
6622
7563
3595
8043
7952
4426
2392
1927
5099
6407
7278
2247
6343
6432
594
1332
1048
8444
600
7782
4146
2085
2791
1712
5169
7791
9265
1668
2842
3914
214
7681
340
5659
1214
1887
7811
8213
7466
9958
6145
6613
3206
3125
8303
312
9427
2163
4643
5725
5232
9892
2394
9777
9165
5188
3175
8341
6149
4350
3758
4758
164
3811
5547
3640
9391
636
9149
3655
1630
7161
6956
172
1944
4673
4104
158
9458
4911
6578
5345
6616
9963
4494
1482
6268
7838
744
9912
6809
5111
1052
4735
5954
4392
7445
6914
3198
6736
8199
4958
8956
8540
428
7766
9106
5307
7999
6692
978
315
6119
4839
7436
5186
5746
7452
6035
7391
9023
5199
436
3428
377
5404
6899
4569
5086
9040
2862
3766
5832
2883
7674
9482
4134
1315
8666
3851
2884
7650
7324
9069
7155
8133
3535
3338
4322
6590
6450
1558
8869
1222
756
6186
773
9171
4424
7492
3828
2804
351
254
4627
4157
3029
3162
6669
5887
5760
4898
9215
3670
9497
4568
4997
3983
562
2127
8201
5478
4801
8319
8532
62
8823
3571
7192
9895
610
2112
7849
6147
694
8855
5499
3158
6187
7946
1087
5339
3723
3941
3544
9374
1423
6991
7451
912
3982
9384
8409
6715
7166
7524
6179
1597
9881
9651
8853
6547
8179
5125
1608
6087
8817
8740
4101
7705
4469
7845
7564
5062
3969
5053
5551
2563
2721
2145
6678
5139
4769
1348
8757
9360
2979
9863
3769
6706
3199
5532
1719
6146
2205
4872
8812
73
6442
4349
2680
5775
2351
2623
7787
2082
3642
5066
933
1353
7309
1458
1529
4017
1872
2974
6428
5004
3117
2619
5690
8758
6436
5928
9826
8495
2946
2796
3533
8333
2031
243
1534
2691
6625
5440
9888
1924
6751
8288
5460
6266
5473
3633
9286
7765
4967
2178
5938
6813
1473
7585
4767
1742
8527
3122
9271
5406
8545
8125
5780
1436
7523
8822
1311
7587
3052
5026
5209
8600
6088
7680
2222
6273
1554
9405
794
9848
7255
4695
1231
5231
1196
465
9603
1140
2412
3183
5949
2140
5429
3692
9103
8755
3551
1896
9200
3606
7348
4253
8537
1013
710
1085
9140
9162
534
9316
4258
1278
7271
3297
409
461
7340
7745
2867
8206
6345
1069
8208
48
7100
4914
4818
114
7328
7235
1335
1037
1758
2023
1225
6057
7948
8952
3911
8909
6698
6326
7058
6874
1212
8938
905
666
5123
2179
230
703
8102
3449
3920
2923
433
9816
1863
6285
8716
4617
5363
6155
5383
2654
1991
834
5552
4604
4850
4937
368
1507
8925
2579
4223
6481
5409
6463
4541
2300
827
9365
5333
9375
6076
7888
4919
606
6318
8647
2961
8619
4971
1690
9546
7993
4363
7706
1437
8915
4167
7157
7374
3437
7423
2800
3759
8922
6210
2186
1021
2970
1253
4576
9944
9134
2318
1065
728
4408
6492
9707
5427
191
2194
9663
4548
788
2903
6001
5792
42
9071
1722
7942
9213
6819
5972
8517
8778
3722
8426
5401
5905
4570
3372
5158
7378
4525
921
5989
6905
6199
4678
2391
7772
5759
6424
1433
6824
3996
1268
2221
2554
3266
9042
7422
2600
5240
7818
4425
3747
3946
4913
5604
2248
9984
3460
5465
9648
8794
9144
8371
7928
3929
958
5282
6826
9206
3700
4453
795
3808
3502
1850
7360
8382
6987
3173
1566
7099
7287
7379
7752
7891
7526
8612
5955
1325
4372
9952
5634
2379
6768
5814
7903
863
4920
9611
2692
4418
4332
4698
1079
3160
9239
2529
3239
3225
6745
4891
8872
1462
3250
1240
374
2925
1121
9722
6022
7304
7573
6631
8168
2267
4879
9400
9221
8637
3424
5740
2135
4283
1757
342
4966
5357
4933
4182
4589
3067
9551
2231
9050
6015
8499
9985
6575
6073
1840
1541
5297
177
7165
8551
8261
960
4238
4809
3980
2294
6948
3656
8247
5221
646
2899
3331
2628
2851
5930
4162
9465
1576
2047
8586
6829
3913
3304
284
8717
3462
4200
7869
5216
8111
7082
3788
7365
1426
8793
6587
3610
2740
8209
685
3703
4701
4004
3763
8046
4310
6012
2419
9411
4657
1586
8899
5477
4658
7399
8751
5583
735
5681
3165
1624
3680
7557
9619
2108
16
8898
9629
477
8587
7662
7789
6961
3260
8167
3880
7594
880
2385
3042
5428
4362
2387
3791
2075
5442
5262
8535
9291
7529
7790
8455
2850
7656
4331
3695
2081
1038
2
5201
3458
5808
2421
3543
2908
3155
6586
8472
4105
6915
2880
1820
7606
1898
266
611
5828
2436
4357
3971
4351
9579
