929
7977
2267
2039
9563
679
5421
8195
6660
5519
966
1460
1558
7654
4033
1164
219
2398
8764
3182
7991
8176
1041
2984
1363
8638
1528
4453
9874
2804
404
863
6941
620
6330
8321
465
9267
4999
8540
4729
1971
4980
8636
8392
2730
2387
3227
7624
2569
8702
5893
7001
3038
9647
7131
6564
2751
1663
2071
2204
6892
7449
8136
4467
8222
1061
3357
659
2953
5362
8070
8876
4269
2404
7519
3772
8372
5379
5864
277
1492
8425
7588
4781
6619
1530
5096
7335
6429
3432
2342
6601
8395
6720
5386
1745
8096
5517
2410
3457
4544
1469
1274
8798
4596
2649
1038
5886
3403
4591
8341
4340
6247
6858
9526
2364
9986
5928
1809
7105
2344
1117
621
4832
4268
9749
7873
4619
7543
422
3107
6420
2672
2980
4078
6149
1626
5067
7414
3438
8869
8843
3197
5133
2954
9397
1209
6009
784
1839
3490
5398
5810
7986
106
1430
6465
6181
6261
2496
4004
7885
5946
3238
9030
6727
5349
8671
3252
5852
1609
6590
3978
1507
7879
9402
3087
3731
8368
9527
9465
7636
9775
9504
5949
7313
4262
7116
2357
1333
6182
6627
829
7217
2799
3202
5101
1368
5657
5632
1944
2390
6000
1207
7136
7097
3877
415
7146
638
3437
2061
3221
1358
9440
3885
3578
2170
35
8057
3247
6595
8239
9898
5445
1842
2249
3217
9794
1762
3041
1221
4348
1511
195
4067
7976
7827
4290
6943
2449
1486
6912
3942
1238
649
3063
9458
4430
7574
8780
1245
6867
7689
8318
7510
7054
1753
2752
7448
8478
9114
6391
9576
101
4600
9914
4353
9984
9309
7058
3037
2384
2483
395
2738
2537
7884
399
172
2795
4131
2246
283
894
5817
9425
6699
4658
843
8371
4553
1704
4571
3254
5227
1536
5729
5936
6100
4576
7418
1551
9459
8359
2125
1730
6833
9045
4364
8210
7463
7299
2277
6792
5941
2527
5668
6128
2903
2806
59
8759
7582
8650
618
2551
6797
8859
7658
6150
6859
9876
5670
1083
2651
4703
942
2719
3667
1566
8816
3663
9426
8560
3722
2891
6215
4093
7397
4970
2780
6115
4360
2168
8422
5881
211
639
116
3286
9174
3571
477
3755
3931
9063
3881
5212
6713
6024
9053
2872
4708
157
3548
1264
4160
5971
788
49
1440
717
463
9475
4047
42
6836
8614
4769
4174
5787
5077
1529
8943
5303
5018
2346
7572
8699
3389
2922
6853
9343
4184
2943
8
1793
6030
4074
225
2423
7917
9681
7495
8135
6704
4567
8751
9348
6416
1593
1615
6110
6542
3358
4763
1792
7842
5555
2613
4540
2382
2529
8585
349
3849
7603
9548
8220
5675
4922
6460
1262
6803
5666
1096
2850
1483
5083
9448
3896
4644
5962
3610
4947
3785
5986
5065
7955
3986
8084
4267
8241
1872
1319
6701
447
596
6666
7144
4910
9373
1075
1605
1377
6738
1019
7580
5592
8686
2901
5854
9562
8509
3371
5457
5717
8757
8617
6679
5213
7665
1668
7008
5994
2149
8086
4227
4388
8541
6848
254
6964
8177
4552
998
8436
8663
79
9224
6241
4927
2898
2096
2728
7273
5330
1182
9036
6351
347
6146
7017
1099
5762
1007
3872
8234
1922
9109
1512
5847
873
6530
8571
9018
5589
6632
9163
9071
9325
3648
9797
7564
7714
9305
3864
4749
5548
1904
4115
2452
460
4038
6647
6735
4325
8343
7485
6127
3333
8145
3557
7402
7240
7542
8589
7422
7274
3691
5397
3300
3297
3661
4668
4199
1066
8461
6986
3637
3597
5714
5337
6791
1799
5755
1705
4843
3841
1263
7790
9051
4982
4580
1268
3762
5274
8827
9183
8953
5340
9277
2669
4920
1351
8090
421
52
6944
1905
1384
5082
8866
1761
5243
4382
502
5176
260
5228
8279
1402
7763
830
1517
257
5883
7242
6410
4259
7331
5709
9642
6618
968
4117
5953
9338
1963
6734
4263
6409
702
8939
4099
204
4079
4867
6663
5387
1494
1636
795
5855
2866
8206
8580
1683
8938
5059
683
796
9886
2368
5255
6235
2851
6789
8329
1201
9978
4216
1241
7838
6616
4782
2499
5696
4940
3502
2932
6850
8271
378
4771
2779
1891
4624
1787
5411
2641
8114
6421
5887
2955
7118
7443
6084
1737
2661
3802
6398
8124
3191
4198
3729
4018
6011
8418
1771
5700
5664
4860
3510
7990
2297
5959
2072
9372
5871
4857
972
379
9034
2439
5171
5136
8969
4284
8024
8672
9957
5620
9215
3680
4293
135
959
3869
8082
27
4437
1184
1477
785
5863
614
8584
2023
7391
7889
1005
9104
5506
1828
688
3204
8737
7445
2200
5694
3932
8037
9597
4243
6928
8725
8455
4424
509
2075
8651
5109
5844
5923
4655
3988
2713
8451
6690
8940
6674
2591
4479
4457
9782
7339
8198
2690
482
6547
9969
2337
3733
5466
8012
2775
6980
9401
8911
5046
1288
386
2335
6224
7103
8511
4724
464
6622
7853
6455
6551
7078
8115
2925
669
9054
779
3399
5539
2729
3180
1321
9231
1088
9371
9264
5707
3933
3994
5899
8097
8988
309
1901
86
9275
4524
1281
624
3694
8788
3201
6656
1098
2628
7608
9472
3212
3216
4226
5183
7504
5892
3744
5772
9047
4387
5058
4821
5629
9569
3609
6779
771
4672
6093
9009
55
2514
7950
6189
3641
4733
5720
417
187
1323
1653
7497
9670
3580
716
6365
9250
658
4898
6820
9488
3836
2052
1597
5716
1914
3057
7163
474
4822
937
6158
6285
4376
2781
4512
6677
6785
4225
8449
1279
6956
4399
1655
8701
1464
5509
1257
9857
9499
2010
9313
3186
7442
5490
2622
3235
1942
5726
5516
6906
9314
7702
3827
5833
4919
6506
9508
3594
9948
6904
4934
9414
9035
3606
4856
8192
7592
8583
2167
161
5992
7935
8237
1509
8138
6447
5730
1948
2137
1932
6340
901
897
5728
5825
9042
9249
2805
7337
4476
5020
7852
5993
7124
5642
2593
7430
7881
6073
1452
9135
2070
2035
526
5374
5495
1585
6014
1006
2666
8389
5111
8147
4869
2832
6166
297
6687
3375
4332
7316
3948
189
2520
896
3225
8233
2162
3711
723
8273
6308
6709
9156
7251
118
3084
6517
9630
5544
5552
4375
8108
5778
9411
552
8017
4161
662
6535
3310
1547
3229
6905
7638
6021
6837
3840
680
9636
4257
8849
2759
3574
4287
2380
3712
9405
5679
6523
9913
2727
807
1167
3479
6470
2158
7611
4939
1614
2702
2599
6040
8861
265
4985
1020
1986
1107
7358
9028
3396
9535
8512
2734
5182
6479
4223
7729
7398
1372
8363
521
9254
508
7663
6319
1396
6159
7259
7937
1580
7180
1957
6665
7680
5104
6689
2488
4179
4048
8155
7071
3164
2833
9962
5832
2916
4217
4494
9718
9756
1407
6272
4103
4642
18
7190
9858
324
815
1324
9334
398
6715
3190
5447
1729
5590
140
4039
6381
9324
7987
8543
8263
8491
2019
8391
7840
2222
545
1678
3453
2598
213
6206
7806
90
1557
1846
2618
7486
6138
3233
852
7891
3995
1950
4096
1474
5252
8354
4138
6125
9812
4203
9549
9312
7704
932
4006
7724
8972
1815
6700
8399
9391
7812
2568
9445
5624
263
1090
3747
9292
4211
4055
4373
8904
6456
345
3902
5770
1445
6985
9043
611
4505
1982
5156
5809
3782
2278
5602
3801
1106
179
976
1444
7911
5072
6724
663
2645
2336
6671
2778
441
5441
1153
4052
2292
3048
7767
7653
2610
1459
3133
8912
8528
7746
98
4979
8401
3282
5969
8128
3662
256
1637
1163
5853
3326
1111
1866
4173
3117
1837
5779
532
7566
4076
259
3119
7865
136
5470
5390
8805
7931
9033
5891
6882
4273
5090
1600
5712
9335
7072
5038
1242
337
7113
4963
9285
8519
9301
5549
1244
777
7877
7985
3997
1356
3521
2192
9501
6191
752
6898
9020
1958
9483
6077
1000
2710
1880
0
8427
1589
9721
7294
7782
7617
9057
3550
4007
3989
1564
8958
2704
9767
6615
5976
6080
5164
1659
7090
598
7100
2708
6043
4051
4358
1122
6840
1878
1584
2560
2101
4683
8447
8901
5653
4218
6584
6592
7059
2174
2626
8316
8153
2024
7447
7983
6142
1640
2107
2152
2882
8178
4431
8300
7520
7038
3796
8574
5562
7577
1432
1610
8001
5410
1451
2867
5061
3677
3806
6054
1017
1361
8305
8934
9058
6193
8500
5641
1969
933
1493
1057
610
9382
3675
5851
3618
6151
8015
4492
199
8640
3240
5423
5211
4897
313
7347
127
92
1042
8728
7731
4191
8075
3185
4474
3449
1082
6033
9291
1491
9578
3561
8337
2004
8806
4780
8202
9311
1457
1370
330
8016
3636
4449
9438
1404
1181
2191
4060
857
5238
7117
1783
3419
4396
8923
2565
5635
9019
58
3134
4538
4950
6880
1946
8893
4195
7975
5610
4876
5393
6263
5611
2689
5008
9410
5248
3549
1485
5329
7619
3044
5287
248
8579
3168
3830
2018
9715
6767
4308
3173
6737
6911
3111
6417
8875
5819
1416
3020
7129
5138
1332
9742
8249
6136
9141
2680
1194
872
4107
402
6017
561
3556
2262
9738
3805
2634
7900
6278
1775
6439
9342
8997
5527
8767
8450
8779
6034
3547
4687
8473
2261
914
954
5162
8076
6707
8755
8516
7739
2756
6607
4213
1959
2725
9945
2436
7829
1843
7452
2771
3050
864
6432
4404
1063
1830
2458
3336
6037
305
9581
3538
1821
4851
3205
5765
7717
5757
1607
2109
5085
4169
2532
6830
7799
6857
9228
8914
1690
1735
8054
9811
8900
2285
9696
5789
2983
3524
117
3625
2810
4758
120
8818
5989
5420
7276
1157
6055
3575
3269
6765
3541
5839
2119
5068
7226
2856
1951
5298
8269
6773
7435
3665
2715
4063
4864
8214
9226
2706
5468
3082
8306
2306
8605
6162
1915
3014
2154
8480
8238
1418
9682
7999
9062
3493
9793
4329
1807
4606
9281
5055
7521
1142
6026
2392
1553
2697
694
2873
1769
1093
9979
6396
3034
2090
9649
7275
7518
2816
7685
1871
7641
23
6862
3809
9829
7464
8873
7261
3540
2078
6694
3244
11
3132
303
5107
6972
1804
882
2437
426
3911
8926
8245
5882
5295
5359
3778
9977
8941
1224
9531
7342
3726
9817
4711
5908
7616
9587
6582
4789
8678
7728
6714
3533
533
4260
391
6448
7210
4523
8568
7951
9387
1926
7426
4958
8189
8616
200
3476
5062
13
7523
2533
8499
7002
3236
3834
1337
6716
3829
773
5015
3904
9838
4192
5822
7476
8400
4732
7960
8717
8561
3572
2695
1702
4846
7795
3137
4531
9828
6457
9987
1852
321
8720
3630
1128
9088
1882
9768
9166
3309
7774
325
5910
7475
3301
3338
1197
1695
2947
9824
3179
3443
7861
2400
2239
6920
6060
7181
3509
2772
1103
8995
475
8346
3976
6786
9115
6091
3373
3508
1728
6096
6007
603
7412
6929
6385
5155
9118
9761
1673
9930
8891
2682
2668
4186
8288
9560
3078
8493
6364
4884
703
5262
2885
7730
2914
7905
8201
9758
4647
2013
1094
8756
158
4114
3514
7429
6179
3017
1437
6599
6563
3421
9130
4250
9310
2492
597
2766
1836
1595
1651
217
9235
1632
5105
1726
4774
2097
1113
6667
6510
8852
5198
6325
5890
6754
6306
1713
9960
3770
1139
4053
2842
4231
2299
8142
4521
4421
7480
5741
9222
754
1185
3276
4459
9021
7462
9594
5296
5216
8415
2556
8344
5775
9098
9233
2495
5930
2079
34
5004
6823
4438
6313
6651
8270
9713
3256
6903
2406
8407
8535
4837
3018
6405
9700
368
8932
9355
8572
8484
7357
4324
1748
1369
8632
7683
1865
210
1213
7661
4786
9359
2130
8446
9080
2747
971
3624
4639
1847
1015
6411
65
3972
5545
8919
6516
2753
5710
5134
2313
7021
5927
4134
5146
2875
8002
9150
5981
1216
1225
9648
8635
7035
7260
2841
6345
8715
3879
5268
6486
3743
8027
8802
8278
3954
9152
3242
2849
3355
861
8046
5306
4944
4681
8211
4623
699
7255
1856
6910
801
7085
9983
3926
3981
9923
7373
4814
1230
1412
7160
3698
9820
3757
8655
7805
4469
6548
1341
6435
6168
5634
3520
3059
1537
6483
2480
1120
6362
7366
8987
2366
9381
193
2505
8379
7755
9536
8862
5300
7198
9522
8797
8595
7765
8521
4180
6232
7199
1467
3003
4215
5042
2676
1672
8544
2216
6603
2084
4564
6476
6562
5628
6881
2048
4000
3775
1175
2570
1442
8944
6825
3306
6231
636
486
9384
5977
9703
5327
2281
9123
3387
6287
8459
5373
8839
274
7655
3890
236
7966
977
3481
594
4541
2681
4825
2355
8420
22
2858
3051
4582
9901
7000
1192
755
7771
1173
6371
9259
8217
8847
8307
5226
1433
7757
6718
5320
8897
4045
6402
9237
969
6809
1657
5140
9865
2880
4532
5452
1877
7860
4454
6071
5187
4756
5239
9806
1081
8731
7232
3008
7857
2675
4309
5745
3283
6691
934
2215
8552
7651
7797
5919
4991
5791
2764
837
2940
3688
2774
5773
9567
5286
5033
9101
83
4450
8494
9487
9176
7158
4251
2314
8382
5598
5118
5076
821
2447
6370
1544
6925
3345
2673
4725
7598
5658
4833
6730
6344
3527
7828
9853
5173
9657
4068
8532
9809
311
6047
6669
6210
6062
1945
4436
4537
131
1312
6614
4740
2242
4525
5475
2735
3223
907
4599
9060
9290
9097
353
8842
7437
7593
3058
6186
6468
78
7973
2032
7569
2235
6380
3941
7477
4930
9375
6225
4609
4717
6555
4805
9113
511
6408
8465
8048
3507
9107
137
7325
2197
7159
2031
8903
1044
5722
8503
7410
8814
983
3639
4937
4847
8228
7472
9393
9437
2823
5045
8644
2974
3193
5054
4652
107
9539
53
7847
3681
5321
1857
9804
8350
6303
9164
2906
1513
9925
14
3377
8604
7048
1410
5005
8781
5582
6967
9825
3800
1611
8497
6806
8458
5385
2714
7869
9547
8782
8071
575
8393
481
2515
1373
8947
4220
197
6475
6538
772
9863
2030
7344
5660
3079
314
3727
3100
1115
5263
6796
7949
4852
2092
6788
4648
3776
3328
1277
8200
6939
4901
2605
1616
571
6280
5567
2347
1936
1691
2899
634
874
8186
6841
4721
9133
6993
4572
9871
8355
9785
1670
2210
2928
4175
2587
9538
9451
5253
4750
3717
3408
9349
332
9200
25
8845
7415
5425
6333
4948
2276
4025
7032
5888
1051
6347
3980
519
7186
8225
6339
841
7457
5623
4824
6787
1750
3696
1527
4304
340
7626
5170
9633
2486
5662
6970
9367
9480
5985
1353
2043
6284
8950
1674
2274
2876
2334
5044
1121
3485
7006
8335
4411
8812
5785
7894
3905
4926
6337
6593
5081
3073
7207
7954
6890
701
9848
2403
764
2699
7351
1925
3784
9286
1560
5636
8917
640
6176
7698
8181
8179
9546
6390
6161
7808
3095
5872
651
3143
5905
3795
9972
5363
2757
4442
3843
4965
9026
1715
2427
9456
2066
4148
3097
6683
5414
2459
8669
8833
3413
8879
2345
7529
9741
1604
5106
8498
7238
878
5647
4998
7488
7022
5603
3135
3955
8010
9194
9457
740
1072
1879
9430
744
8160
7800
4916
9081
9637
6983
4302
7964
1707
139
1502
1340
2648
4088
3237
3319
8977
2195
9942
1954
7939
2
8437
698
7675
6489
4471
9129
8026
4831
2812
272
9566
2214
8014
1841
7512
495
6995
514
2253
1195
5332
6975
8809
5367
8908
2353
5338
7375
9230
9204
9079
1151
2644
2164
2003
4232
9246
3671
7726
6299
4520
192
7712
9654
2643
7971
4990
1495
5289
218
293
9699
9870
5175
979
7836
165
8266
2655
6013
1808
5753
9108
4077
7326
539
41
2948
8682
2888
9435
6083
9529
1188
1664
5820
8011
8775
2141
6094
8060
1028
2376
2827
9701
9680
2739
1401
6108
3093
3873
6989
2559
7688
3385
2818
4951
8874
2310
4902
8980
366
8619
9170
5703
8374
657
4305
9803
3919
4761
6372
6369
617
1522
1308
1824
7920
7760
2383
8035
4331
768
4684
2220
75
1131
3086
6323
7329
9154
3668
848
3392
4719
4509
2489
9604
8967
6553
6109
9764
7305
9202
1829
7696
9074
1741
2788
1708
4653
1240
9333
8694
3826
7741
5304
554
8081
2012
9399
2956
208
1648
7576
4840
9094
4551
7844
731
3264
5574
6613
9177
5570
2961
4545
4854
742
1733
3506
2093
3360
8877
2546
7693
6438
9505
8334
7098
7191
1307
6729
4228
8364
7481
2915
363
2367
7469
1594
8538
6389
5430
1956
7300
4210
5829
2205
6458
5734
2986
2993
8924
9795
6719
5802
3266
794
612
4003
9450
6817
676
6686
2543
7898
5901
6692
2317
783
4425
6273
8533
856
8620
3183
9710
1545
5650
9868
8469
2935
7546
4845
849
876
9822
449
6984
4547
8610
9041
4473
2981
9890
9498
7256
5092
4861
4757
2247
9257
4728
9861
2521
466
5523
3374
5686
9427
6068
3469
9575
4563
6425
5619
2585
7049
3426
2553
7436
8301
9739
524
389
9971
6262
6918
4029
2732
2007
5895
5129
9127
2500
8302
7465
5201
1009
1039
2318
8367
5463
5392
2487
2573
920
2374
5564
6222
2507
572
7440
6499
1906
341
9708
1788
6271
6533
2870
5260
5292
2325
5902
9906
6419
4929
6900
4871
8882
2923
4322
5302
2538
555
7609
1446
6244
6653
9896
2567
4689
1347
3069
4526
6784
4674
9509
588
7498
3287
1129
9707
602
2094
2138
8074
9253
6190
2002
7140
2027
4248
9744
6140
1481
2512
2212
3102
836
3435
5794
2860
3996
8042
2320
5088
9151
3092
7307
8215
20
6236
9916
3158
384
5996
4736
8448
1380
4408
4800
5382
1016
2815
6174
3393
6165
9818
7138
6023
9146
2445
3052
3340
5920
4686
2349
5973
4209
5591
6315
9588
8289
4568
3825
4194
7897
8117
7745
1392
6078
1078
7460
6358
3983
1168
8021
1317
1388
1219
1074
5515
6173
6909
615
3274
9044
4166
8863
3555
711
6945
7501
7925
3285
104
184
8846
2226
212
641
9265
3368
4190
5124
8547
9482
7066
3654
6375
7293
8116
2232
1328
7474
8182
403
5491
2913
9554
8898
7868
9856
7824
559
7989
1592
5599
3106
2803
7506
6560
7968
9217
8971
6255
7979
6053
9029
8170
9997
4707
1261
6827
2518
7613
5377
8310
8006
1269
9085
7107
9238
1478
5343
2758
2809
2962
7147
4745
3523
4696
7692
7468
5867
1993
7880
1848
2989
1892
3804
8356
5199
114
9919
5869
5204
3103
3730
6283
7532
4680
9910
8362
4554
4981
5459
4019
7268
2110
4522
8038
6769
4597
7764
171
1939
2950
230
8851
6602
8526
433
6433
8821
811
3546
1362
5958
7817
8164
3072
1037
2476
316
271
8109
551
1161
3464
7888
4207
3440
1243
5481
3265
8772
5743
8312
216
1309
7413
3165
5232
2607
3780
9266
115
8242
8424
3734
9087
2639
7652
8790
5376
9466
566
3075
2633
3461
2354
6090
7106
8326
4739
1108
8868
7201
2824
1036
4327
1813
9727
3176
5091
6382
1893
8618
3226
3108
2742
7376
890
6451
8714
2036
9757
5526
4918
935
9449
4300
122
3732
3660
9789
8299
8340
149
1759
6628
9521
9462
6354
5480
6430
854
1732
1520
7318
7575
8739
5761
8695
3512
9369
5771
8918
6046
6305
7775
5283
1940
7343
4613
8397
1105
7643
4022
7748
9646
4463
5047
3813
9182
1838
1073
3224
1149
5203
3162
3142
205
5900
2562
2273
7946
3492
3128
2684
72
1870
6119
9153
9973
1602
947
7236
6111
9327
6541
1208
4181
3786
8442
2206
1394
9927
9011
2304
9574
1152
9866
2062
7634
3824
6248
3970
5402
4793
7738
2123
4418
6020
2196
411
4650
4256
6130
284
5566
644
5752
7231
5622
4966
3234
8746
7368
1065
1803
6567
9596
46
6888
9843
5122
6399
9675
2539
7895
5301
3862
9778
613
244
7978
7018
8045
645
2340
889
3222
4176
2405
4682
6346
9201
3341
5009
9944
320
2632
9336
5281
2124
9142
1754
8974
4816
3566
3187
8487
6552
4791
7534
7558
8388
7285
604
80
8517
7172
3839
950
6406
5607
5050
7439
6414
8687
4583
5049
4706
3875
6973
4031
5702
3154
7779
4462
922
4968
8094
5783
9106
3916
756
9564
1226
2493
3155
5645
9532
1455
6500
3026
3558
2260
4710
9424
2258
541
3177
769
4451
4677
1304
2509
4016
5087
4097
8892
1887
2016
806
6478
3535
7642
8025
1524
2296
4081
1343
4826
7540
64
5453
3761
6736
1438
9270
5095
8587
5862
8365
1521
9337
3262
8287
9197
1141
6982
1654
9055
6212
5673
3859
3544
2468
6493
6226
1292
8955
747
4001
3292
9735
2058
6793
9911
671
2316
100
5149
226
2049
6361
9693
3891
3005
8429
5409
8212
1364
4221
3679
367
4370
1400
8596
2685
7666
2830
5019
8502
2428
1080
4518
7639
5520
6207
8433
4620
4050
1413
3475
6487
3152
8778
348
2660
3445
8078
3159
608
9833
5719
4933
9611
5725
6242
4346
1912
9361
3545
7773
9048
2733
3587
2143
6298
3
4061
8320
9461
7719
3961
8629
3317
2971
787
2418
8894
4972
8173
8384
9144
7502
1923
8853
5334
5674
6353
8190
2103
3767
1514
7913
6696
4848
6250
9665
921
4700
3608
8819
4663
1989
6443
5630
855
9068
2042
6281
9618
4286
8180
6682
8752
2692
2933
435
6177
4508
8236
2243
6377
4915
178
6178
8982
1126
2475
9356
2522
3042
4880
5563
4008
2857
4917
7257
1638
513
7281
3939
4827
6328
3495
4779
1148
1822
7195
323
910
5749
1154
6558
2679
5297
7862
2112
8191
5500
6016
2693
7177
6571
9720
235
1018
8104
4645
8327
5806
5186
4082
9090
4214
3428
6668
4374
8358
1559
438
9279
7272
2333
2463
2595
9136
5830
4510
5998
7953
5317
5597
5484
3031
9190
255
6877
7394
4182
1579
3979
5631
5528
6992
6121
3348
6434
2554
6441
8567
2999
7936
2604
141
148
8545
2329
1379
4932
2552
8622
2322
9352
2927
8366
9199
8603
1568
5032
3528
3062
1435
9627
5518
9519
2127
5606
8631
4158
1934
9103
1447
5672
9689
6187
8729
9556
2762
8007
8747
3370
420
1077
3773
8906
9203
7927
9918
9003
5454
9232
3405
4808
1322
5521
223
3797
5974
2746
1868
8726
3719
2977
5667
2169
2904
6335
5715
6790
9748
4584
3678
6063
9065
3299
6462
2555
5831
8224
1282
3969
2957
7215
3653
5735
1031
5489
7241
5115
6002
7482
1570
3794
4415
9672
7967
3697
9323
522
2133
5966
5870
2433
1397
2817
6152
3090
9385
4879
9366
1423
6708
8658
2625
7176
7083
8850
6099
4389
5505
8111
7876
8697
4844
6122
6745
9609
4073
3818
1159
5237
5724
1869
5615
5746
3372
544
2773
9684
6368
1900
4661
631
3601
1125
5968
9954
4905
8510
5826
6276
4120
499
9996
1013
3284
295
2139
9507
5669
9517
5125
5906
2606
2041
7957
3024
6279
6045
1246
8646
473
9322
3118
5695
4601
7246
601
4234
9550
805
7270
1676
8549
4196
6879
4090
7701
2884
8582
6086
2268
7864
8639
9524
7606
9165
220
4318
9004
5360
6252
2712
5823
268
8254
3763
5571
1145
7456
9160
9484
9408
7841
5160
8550
9469
491
3444
6512
941
380
952
1546
5885
1479
8103
8477
9662
5407
6731
2100
4187
8246
825
2760
4104
8985
6743
9572
6528
5014
2755
8199
1137
5148
7302
5681
6907
3470
6048
9512
9624
8073
3364
2970
1484
4432
600
2091
1826
2257
6831
1666
6131
4768
8673
2171
5073
7346
2662
6733
975
4747
6223
7011
5780
2709
7196
3519
8525
4041
3739
2438
2530
5427
3395
3927
9677
3199
8936
5021
2302
9814
6167
3947
9220
1256
4975
8888
6394
3585
9284
7188
6056
2069
1510
9514
1825
2819
4483
4964
2478
4503
434
1734
9582
1054
1565
8723
9149
2658
4486
967
7710
6721
9982
2813
507
9434
5135
9073
9126
4988
7250
1947
4579
7818
7070
8087
5168
1727
3499
2653
9873
8457
21
393
2854
1563
1024
2146
5063
9302
4886
985
7152
4788
6753
5868
2199
312
2820
3673
1212
5701
2407
2083
7320
832
560
7601
6341
7965
8106
4159
7561
8274
958
5001
7336
3116
516
6233
9454
5934
3253
7074
3707
1736
6936
6180
5431
2021
7742
5982
9376
5878
1924
8661
5638
7451
3473
5112
8283
8063
9796
1819
1313
3361
5559
4091
6471
6114
7101
9880
1582
9920
2089
4659
2328
5218
8524
6400
1223
2399
5774
334
405
4889
6894
4136
8994
3844
7994
7036
4559
690
4057
9453
7814
3754
6156
6938
2743
1354
6143
9014
3067
146
748
6805
1849
1999
7644
3953
1166
4299
2968
7243
138
7535
720
2601
4433
2290
4320
7400
7075
8486
5763
9889
3146
4109
7906
6854
5586
5348
9258
4607
9671
443
3418
5217
504
307
2186
3369
8423
6129
7128
567
9673
5202
4317
9188
7541
3198
6725
396
8023
6750
8791
9641
2826
1895
6393
4835
5037
7573
8968
2150
3077
4032
5935
3219
5659
3131
7709
4142
5128
721
3085
3560
4688
7370
7915
1029
3629
3081
5917
5824
1569
3136
5704
824
1742
7924
9162
4245
8520
2844
7269
6545
7722
2115
8000
2944
7239
8564
9887
8265
5683
6428
8240
301
2763
6484
4987
6123
1280
6531
5271
2444
1453
2319
2996
6415
4392
4973
9252
8722
1665
9992
9193
5846
3740
3402
5918
7165
89
8261
8963
5687
8507
4056
2501
1931
5180
6688
6845
451
1398
8573
5504
6144
722
546
8089
4235
2372
4992
3501
7872
3603
8050
7496
7206
5264
5766
4239
6863
520
4062
6044
7667
6780
4785
1700
656
3251
4356
6812
5713
1790
1608
7253
8761
1796
9525
8292
6006
4359
1303
7034
4673
8754
5961
7856
5022
7245
8410
7348
7433
8296
4730
9403
643
6321
5547
8770
8736
3579
8175
9442
1237
3925
535
7599
6522
5932
2233
6342
1703
7659
5972
4102
745
6268
8508
2979
1146
6723
8244
6472
5460
6101
5479
5569
9272
9586
3716
9743
3517
9422
4760
3036
5030
9027
5200
2868
6473
9412
8548
3293
7493
7594
6246
352
6697
4487
4657
3141
9374
5007
9652
682
2287
3929
4723
5815
4413
7221
3194
3626
6896
6496
6589
8093
1327
8463
4265
3871
3721
4111
2786
5858
646
2034
6183
7907
4400
2808
9187
9603
3750
957
1757
5988
6871
4298
8542
1725
587
3436
1422
346
4347
3990
8069
1360
9351
6412
1001
6265
5132
4895
1386
7756
8555
6924
9991
3816
215
7918
7142
9847
3278
3532
667
8599
1811
4961
267
1693
1677
3270
9439
1943
6057
4887
1012
1890
2131
5499
8551
1786
9178
2801
2189
8119
1935
4279
7690
9790
6581
2265
3710
6652
453
2988
8308
9668
2929
6578
9287
7292
2064
1278
7249
8854
4949
8664
5041
1068
4946
4460
885
4914
2341
6799
7119
7156
3998
574
7970
8566
7622
8777
4842
167
7656
3383
8692
6951
3764
1296
9714
7279
3683
5705
4799
4698
8205
8727
827
2065
2324
5093
5608
5912
487
9340
455
9626
6646
4626
1299
4994
8804
6316
2798
9591
1518
3993
8030
4482
241
735
9022
4702
1523
2068
1797
9012
3409
4349
2617
183
1975
3553
5336
6897
5836
2700
1955
3160
3623
2952
7319
9940
1487
3728
1596
3918
1058
725
5637
250
3837
8282
2181
2647
1155
991
8656
2028
8022
4718
4338
4236
4722
8951
3789
2178
381
6117
4020
9138
5587
4028
9213
961
8957
5167
9653
3822
548
2777
9255
5818
3883
9315
7784
3099
3045
9128
1301
1003
1034
7109
1645
1858
4009
9210
6079
5978
7684
9296
6672
3460
9100
1198
4010
8986
3901
1123
926
7073
6594
6520
6259
6942
3441
2315
3465
266
1124
9229
5956
2782
3536
4355
8823
2185
1855
7202
1988
2701
6155
8255
2592
8262
8708
2936
7766
9037
9830
6828
924
810
6010
2044
4640
9409
437
5926
3260
4086
8167
3724
1577
6937
9607
7778
9206
628
8594
390
2370
6505
9298
2391
5649
7428
556
2838
1516
6075
2497
5727
5585
3331
3129
944
6366
5665
9872
997
5345
6597
121
7288
9072
1684
6195
3451
105
15
738
9600
7425
6397
5945
3053
2749
3577
8832
3231
9601
9570
6633
5661
9882
3876
6310
860
4423
2416
7388
9261
3352
7526
4907
4407
5861
1095
1165
9363
3858
373
5174
4455
5010
4578
7166
9470
8132
2603
3298
5842
8659
1270
4877
2217
1694
2351
3343
6579
5404
3878
6895
709
9961
3815
4971
8252
1722
4386
5043
2255
9467
2363
4960
4054
7711
5492
9496
9704
9542
6755
4163
8031
9599
9344
3296
6205
6201
4330
704
780
6649
5742
9884
3039
2636
6997
6065
9534
7137
7809
2646
6591
3174
5879
1084
9573
3096
7553
3447
6256
9840
9433
9995
6386
8174
884
6610
6949
6968
6657
7571
7052
7489
4792
9645
7123
6740
5234
9952
1315
2711
625
1886
124
2540
7713
585
5693
214
123
9419
406
7629
7631
2696
3089
8698
4440
7695
9610
906
1381
194
2724
8431
8984
2581
8452
8122
6107
5354
8703
7258
6884
5368
9390
1774
9092
7910
3130
4149
1731
5497
6015
3382
7952
4735
4242
6267
9513
7254
5394
5361
9091
7053
8576
3807
8331
6404
918
963
7094
982
7380
6662
3140
5188
1426
7943
5756
8598
1253
700
3406
9784
8960
8670
4931
410
1150
7668
760
661
751
480
3068
3384
6926
7404
9497
4189
1867
7762
1534
1938
1170
540
8724
3412
7309
5103
5310
3700
7514
6741
3463
903
3083
3950
4108
7761
1667
6764
5542
5485
8311
5157
9038
3380
207
6403
2627
1910
4694
7065
5165
5194
6234
8794
9732
1548
562
5272
3900
6203
563
4636
7618
6367
4678
6638
8530
4422
912
280
6501
8948
7674
9659
506
4598
5513
1180
432
1202
7112
2252
4381
2057
672
8676
5767
2365
6427
8196
2295
6300
7595
2203
1375
4350
6450
3046
8496
980
7286
7354
2744
691
1187
7792
8166
4098
2308
9909
4953
6851
9737
8998
1158
6952
286
7929
4679
484
3930
9658
8380
3634
763
376
9431
7041
3316
8864
1297
6082
817
6605
7921
450
339
1685
2642
125
147
9685
7096
9805
7353
5813
7154
3122
8743
5476
6914
9388
2677
5483
317
6227
4153
3852
6359
1179
9937
9180
3593
1785
2228
1873
9589
629
2409
8387
9975
8295
1284
8718
4130
839
9046
5035
5189
8602
6453
4570
6141
1228
3686
1767
1723
9891
9131
7554
9218
3685
2081
2466
7810
527
7143
7015
626
6154
5948
8983
4513
8593
8653
3390
9568
1978
4957
7791
8795
7061
9169
1011
2270
1461
819
2831
237
6277
9629
7645
4128
5508
842
221
4105
3605
1342
258
523
4499
1425
5502
6703
5356
186
9770
5285
4627
1555
1576
1575
1903
3019
3303
4967
733
1719
30
1718
233
1874
8227
3718
4803
9192
3397
8766
8896
6169
6388
7393
6336
7126
7427
870
2207
7395
4352
687
994
3915
6612
1953
6965
8581
1331
3104
5750
5964
328
5279
3188
6230
5003
3526
1916
8490
9667
2040
6003
1844
4810
1334
4328
9446
1189
4649
7549
6209
1573
5877
1920
8902
3289
3195
5319
8578
7382
4542
8062
5276
7069
7039
9354
4197
4859
5100
9477
1770
7627
2840
1618
2307
4427
1138
4605
549
6508
7363
3491
8627
2750
2740
9280
3206
6886
7819
1287
1820
5954
2359
5530
6816
4301
4445
9350
2698
7362
5209
2726
1623
6061
2629
3703
2047
12
5873
6221
407
3742
3325
838
442
1008
2231
3468
1473
5023
4829
3832
5422
3783
2108
8121
9476
5689
3189
9494
2985
3215
4614
1791
8675
8935
7010
6824
164
4685
7225
69
5324
2776
6066
8141
155
9900
9674
7734
5451
652
9244
7697
5039
5576
7849
9912
6188
175
3070
1133
6644
8952
2279
8435
6536
4378
845
1641
8588
203
2055
6673
3000
8978
5609
2972
3868
8008
4501
6485
6814
4865
7602
6170
1338
6927
6549
3676
1624
3838
6685
4942
6977
568
9926
133
9095
1169
4282
2046
9304
2121
5987
7121
4641
7
1289
2910
6085
3109
1706
2240
8956
7208
3860
427
2378
6401
29
8981
6875
4281
3897
8973
281
3184
2201
5
9879
3394
8049
8909
9245
99
8733
3411
3701
4923
2549
3935
296
3851
7896
306
3259
529
919
4527
8398
3171
7770
3835
4419
3414
6379
2650
7681
6334
9379
9726
2116
6728
3329
4435
198
6587
3263
4464
3622
5983
5418
1889
7088
2892
9300
9688
9157
8830
3407
8357
2251
6800
9666
9813
5069
4664
2059
1501
7750
9506
4341
8776
7875
4498
4241
5369
5811
9676
9276
5013
2259
4017
4165
1311
5439
8144
6838
9432
5071
4727
350
8590
1784
7374
2579
4206
6502
7327
9963
4132
9953
5208
39
8883
9620
7938
2800
2088
9988
5584
6208
9752
7796
1071
9949
9195
7886
7352
8277
6194
3977
9580
8036
8154
3725
9293
8711
7060
206
5449
7030
8268
4390
3771
3474
3028
85
8976
7170
1967
1779
3113
6847
7649
9895
1254
6659
1352
8750
2237
8860
9765
9010
3056
8975
4112
1489
3945
4075
4720
4875
7409
3845
9844
8483
6893
279
9734
9208
746
4646
9263
7416
1679
2464
2256
9928
739
4129
3621
4312
564
7517
8317
4126
2051
9908
8129
6289
3943
1937
1177
9116
1172
2918
9364
7102
126
8339
8569
5580
2375
6899
1027
8931
3752
6568
4670
8531
812
9262
8495
7431
2014
4015
7150
6626
493
4466
6302
6866
7834
1291
8193
9903
7247
7411
2748
7647
6631
7505
8162
8040
3646
5440
4429
4543
173
2395
2163
591
4261
2461
7453
9360
9370
6042
9240
8403
1298
1543
3894
51
9881
8235
6217
459
8085
6874
4444
8187
5442
8740
7716
7776
1092
1480
3884
95
4616
5572
9557
767
6124
8949
4873
3758
6650
9786
142
9705
246
8815
1909
1211
9751
2227
1687
6961
8231
900
9006
9551
6216
4741
8680
3503
5242
5026
9386
9418
7303
6376
5558
2263
6112
5064
1562
960
4162
2209
7046
3689
9827
4264
1962
5254
1621
9358
6348
8434
6184
5094
2441
6286
2572
8369
868
5154
3243
6219
8667
285
3746
9008
5151
3456
9864
8885
6307
2951
6095
6218
2825
7648
3656
300
5865
1995
927
3525
1439
2099
2995
9964
6642
1801
8047
2814
5472
9664
4734
4237
2473
6832
3149
668
5536
3598
5084
1176
1424
6264
3602
4632
503
3774
576
2889
5137
5121
2352
6081
7187
356
1689
3957
9730
130
4012
6868
4310
2963
5147
512
3258
2949
2837
5579
9099
2847
1232
1171
1021
6777
3620
8405
4271
8886
7161
7387
3074
9605
2683
7600
8133
1448
7625
8333
8467
3847
269
995
5834
5678
8260
2087
2161
3938
87
578
2455
9179
1004
3098
4691
1468
1622
9783
8829
4783
9842
7567
9145
917
9326
7248
3121
8417
2535
5494
9745
8615
9717
1086
3320
5929
6228
3091
7168
2129
9185
4468
1227
7135
7040
1724
5097
525
4565
9067
8456
799
5984
1698
8336
1688
7417
4593
8285
593
1033
1336
6795
8563
3627
6873
6509
2852
2855
1045
7705
8611
7919
2578
444
7524
9810
7003
7227
8197
9395
8654
4962
7064
7220
6104
3856
7312
7223
536
1766
4321
2960
6392
5859
5595
6039
2997
9946
2350
4157
2343
3792
1588
4042
2720
9268
2723
8557
6301
1234
1996
5880
9932
5740
7928
1519
5698
182
835
1798
1506
1981
1710
3207
2063
7867
7781
7707
1964
7735
1627
1669
4030
7604
5781
1765
693
8066
4122
1960
8348
7807
62
8789
7483
3065
2371
3127
4811
8793
7899
9075
1717
5875
8134
6436
2073
6726
3288
176
6171
3848
6132
8029
1062
4337
2975
8304
2905
5685
9159
2067
1834
2145
648
7672
965
9444
4037
1864
9171
6883
2289
8126
7301
9755
2148
5366
2517
7887
5951
8945
7870
8878
243
5389
9096
2000
4629
9365
5922
8481
3756
9709
4452
485
5627
3769
1190
7930
9859
4167
1210
3290
9692
1276
222
3705
8092
4154
2401
5241
9269
2490
3854
4146
9242
7086
5011
1500
7533
3855
1217
9528
2504
8763
833
1409
715
4766
3591
7212
2435
8474
5529
8855
2663
9634
9894
1286
9571
1406
4398
2541
9955
8742
7749
5139
2282
3178
4790
2482
3145
9759
2331
6092
4638
8556
2134
1376
2563
4229
6966
4936
5759
2687
4172
3455
925
6783
9938
2769
3417
2491
7424
705
7025
8438
7491
8221
7355
28
4504
3061
6747
9016
6934
5921
928
7583
7328
9205
9013
7947
8488
8570
3803
6202
6503
1371
5280
6257
1053
2165
401
6088
3987
170
6991
1862
4748
45
4344
8107
2584
1378
3271
7882
4475
457
6318
448
8826
4594
4200
4336
3614
3537
1454
4303
4306
1046
1233
5405
7033
9837
6758
7084
8769
7736
3429
1250
2182
9490
5821
8373
3147
6570
1572
4705
2516
4858
6
7438
1802
4500
273
4754
2172
5060
8297
3454
8226
2184
4892
7405
6243
4635
2211
3148
1326
9834
8506
3213
8013
3531
732
973
6395
4294
6794
9998
369
1658
8349
5850
5288
7385
5646
531
3181
6049
4622
9084
4903
5308
1023
6103
650
1204
4385
3708
8185
7640
8095
6766
2614
4283
6105
9970
3321
4634
7298
2323
8928
8479
4043
3907
880
488
365
6314
423
4806
8592
5086
4615
7855
5231
1863
4314
1014
798
5731
9850
3346
9481
6012
5995
5251
5849
743
4201
4794
1330
180
6028
2828
1979
3105
9661
3583
8430
8562
804
4383
8286
9167
3888
9503
5325
5625
2976
1991
3991
6022
7459
1998
4519
8774
1629
7664
7570
9140
7793
8828
57
2789
7446
9211
9540
5131
1160
789
3486
492
4342
6459
5980
7365
4575
3489
6373
32
8375
50
8601
4611
2414
8101
1367
714
7079
9321
5561
5931
5290
7026
7042
5473
327
5413
3956
9066
3811
7837
4280
3962
2450
4675
1032
6756
6760
3693
3307
6175
3482
6908
7372
5381
2631
7379
3808
4796
2082
1206
8760
2471
8841
3819
8753
1898
9417
4588
4402
9271
5551
4394
4753
8468
4715
202
2377
7831
4489
5284
6469
697
9792
3494
4993
5017
528
1174
6774
4365
5671
5947
6611
1816
4343
622
1550
3172
6498
7550
9511
5856
9994
2716
1399
2020
5751
913
2175
8880
5916
948
3704
3828
3433
2330
9559
168
31
8964
3487
5942
2917
6360
6569
2545
6137
9288
5269
2225
47
2460
2077
91
227
3749
5933
4461
8419
6813
4447
196
1661
1578
4530
3714
7115
9558
5419
2542
2665
3484
374
6326
2508
6746
1525
949
8039
6702
1860
8406
962
8641
734
4804
3539
1933
6059
5796
2657
9070
2244
5235
359
8685
2874
6461
6041
2794
7982
1850
2503
5952
4026
2829
4755
1408
7560
2602
290
5024
7133
7024
4759
94
8168
7703
344
8871
4830
5383
6826
1421
8213
1984
9993
4177
586
9093
8665
1662
2797
4395
4633
9687
3273
4171
1022
4515
684
7846
1692
3823
6849
6675
6821
3112
56
6901
831
9747
2303
5233
989
5677
7173
3699
2597
666
8267
1030
2017
4941
3030
9959
6913
7843
3723
7902
8817
6629
3952
5193
6856
6474
7956
4472
2339
1749
8501
7406
5857
2443
4802
1643
6580
6292
802
2640
9124
1162
5965
4986
6624
5070
1247
7296
1056
678
2654
2095
4894
8966
4776
253
1682
9802
3250
9122
6106
5960
8586
2498
7204
3211
7125
7630
8163
1441
630
1805
3570
8738
706
3398
439
9485
3275
4240
6885
497
4595
8762
4072
7295
8831
3420
898
1781
859
3304
3684
7801
2907
9319
2080
1420
4549
5894
8881
9158
5130
6623
8131
9698
8785
3846
1929
9577
6238
7178
7984
2494
4027
2434
4113
2264
7992
9632
7563
8065
627
689
1720
3323
2754
5455
1549
2394
3791
3156
6192
6798
1490
685
3777
60
9398
9214
964
9798
276
3949
4070
4481
8143
5347
8041
707
5408
8992
9394
8188
1260
4566
9256
1896
3910
1533
6270
570
2248
371
1755
6291
9774
3975
8386
228
5739
9294
6518
8970
9147
1025
3076
5195
4258
5510
6229
4252
4127
5244
4561
5335
7538
9585
4577
8140
8857
8345
6331
1812
3628
3339
8889
9221
9697
4456
7859
8577
534
1266
4974
264
9719
4573
7455
7378
7615
3115
8378
7823
6818
2283
1405
5904
1810
2859
418
1089
660
4005
7197
6350
4506
4490
7014
797
7321
1617
2931
1002
7174
2086
1236
2118
9516
1395
7531
1840
4478
5816
7396
6526
3208
1385
6559
6978
5184
5848
3280
2113
2358
8005
5911
467
945
4289
619
5025
1675
7508
3810
4656
9161
1431
4361
3167
974
7141
6954
2930
9832
9031
770
4204
5594
5401
1985
1697
6540
8444
5205
9619
7263
1776
4295
1300
7785
7441
2544
2853
9780
7120
7850
2861
7228
4292
5533
6822
5328
3645
2451
4428
8243
3974
4841
97
9002
8009
5436
7723
5950
3992
3353
3674
1531
7214
6930
3853
7282
7780
8820
3831
3959
152
3391
8848
2286
7234
4589
8643
5573
1429
637
5999
2534
5206
7547
5353
1854
4426
4178
1085
7289
8032
4410
3695
7537
9621
3496
1344
5651
3120
8280
9933
9779
1348
7200
6025
6407
1567
7237
5313
8256
1652
7676
4608
1972
1928
9941
4692
1756
1571
4943
336
9819
2275
2006
5192
224
7182
2635
8250
938
3522
7189
5153
1374
2564
2430
6245
3033
3790
6148
9725
9650
5223
1681
102
3759
9111
7389
4156
7229
2796
4495
1118
9303
8110
5388
7044
3049
4049
1649
7942
5535
5446
8216
7590
3960
5143
3497
2166
7993
2887
1109
3745
8028
5612
6554
9639
1613
1897
5581
4928
8319
1773
3658
8412
7845
899
7565
6038
7813
5543
7536
4921
3094
5210
5219
6996
1620
6957
553
822
392
424
8546
8771
5691
8744
1052
8681
1026
3906
5352
4377
3874
4631
7043
9760
4533
8080
8990
881
7682
4379
5342
8979
4084
8281
4110
7557
501
8408
8679
8835
7311
262
6979
8083
4351
590
2965
7708
7587
4574
4143
7963
3944
5514
7265
7650
4909
9924
2009
3923
1625
5358
9723
5944
6097
9974
7804
355
2266
7051
1200
8606
2147
5800
7923
6953
5116
1656
287
8803
7244
891
472
3477
3114
2160
4412
5099
6032
93
3025
7444
9400
9947
7213
9273
7544
7050
7267
3035
8946
3866
2456
9392
7777
4208
1504
5554
4420
2506
446
3021
4087
3612
8553
6052
3462
1827
6008
6557
6617
6870
6844
7803
3850
1831
4836
2609
9523
5640
6035
1434
3985
3613
354
7933
4612
1709
9839
9544
8748
7932
2845
5318
5546
2474
583
1357
6196
9473
673
5733
8315
7364
4246
3351
4244
6477
76
696
7863
5256
6573
8409
4743
9380
3249
387
5827
3232
2397
500
4064
4809
6705
1650
2550
6778
9616
5578
5028
9119
8922
5560
6546
4414
4168
930
9007
753
9821
951
9377
7434
8758
675
5406
9711
1305
181
1272
5294
793
4095
8470
2523
7559
9878
6752
2589
3007
1079
911
8352
1701
1721
5655
4367
7747
3248
9615
9763
5706
7916
8649
494
8218
3559
6363
2269
2959
1259
1471
7091
6322
7628
4904
6609
7230
2600
6543
565
5884
8472
4617
5652
4555
3543
9015
4071
8999
6544
2586
7962
1911
412
6074
3381
1218
3153
8765
8125
6561
2326
8865
5840
3330
8591
4443
159
6001
986
5799
2911
7403
4976
9112
2419
8043
397
1772
3715
6994
782
3912
2356
7833
7706
4024
1902
4868
8130
871
7454
8625
2309
8476
6693
4969
5089
6654
7854
1941
4140
2230
1382
1458
2001
7646
7423
4405
1040
3362
8376
3151
7473
5467
6860
1320
7904
4188
9990
5937
9855
5738
1908
2157
5737
9583
8052
4152
5036
5267
4150
9086
5790
8700
1782
8275
4094
9791
3966
5002
84
2114
9468
4945
3659
2883
5040
866
2176
4371
1470
765
5768
4238
4139
3713
7287
7224
8018
5275
4366
5079
9702
6932
8219
8209
1265
3327
4996
1231
7700
5185
9289
8707
6935
342
5259
8609
9999
6352
4893
5769
2973
4085
9077
1147
5350
8660
4536
5471
5577
3439
7725
231
2291
8612
5246
800
8460
9105
6864
7727
8796
1660
2462
6768
9613
7584
9936
7607
537
6950
4183
8098
2120
8657
3898
6698
9841
4762
108
5220
5119
7390
2221
9005
6572
3737
292
372
2454
8600
599
5699
4219
66
1739
9416
1921
7691
9491
382
7673
7686
3999
1450
1646
8539
2664
1104
8161
8626
6775
7815
5426
3798
8064
9826
6574
2577
8933
1740
7492
2026
3311
6492
2132
2707
3272
445
7851
4106
6872
2821
7789
9420
8342
1997
351
7858
229
4065
4011
1927
8330
813
2783
1059
7832
7586
2053
5943
6710
7013
9799
6532
4401
377
3984
946
1239
6625
3126
726
7669
9471
1271
7605
7525
4603
6565
915
4984
2705
6198
1768
8091
2415
7114
6317
1884
7082
4671
4307
5110
2897
6332
8443
8370
1973
2272
4255
4470
605
6643
4693
5000
3342
6440
7381
2982
4581
2481
9040
792
9606
9656
6974
1196
4491
7568
9
6172
2674
4891
8559
7981
6488
2946
847
7219
9628
4339
4254
5805
9679
3139
6511
3446
2912
4145
3365
6423
9669
9189
9660
2223
9460
3638
4714
4899
7487
8677
8523
1853
7509
385
6116
3504
3672
7759
4516
7192
7308
1091
5384
8464
9198
6876
8194
550
3245
8184
4912
4738
8529
9216
2105
8536
6102
5843
8171
6357
5123
9622
4124
5400
2136
3169
5190
174
153
623
5309
156
8223
1612
294
6706
8623
5291
1350
8688
3434
4604
2085
2871
4878
1541
3617
9553
7972
7361
999
1258
3592
9950
2792
3157
1671
8870
6640
1744
6213
8927
8020
3124
6887
7940
9612
1499
5396
5990
8768
7338
8440
3388
7148
9845
9493
4380
2528
7944
44
5967
3267
6781
3344
1794
7479
7009
3616
7280
8169
2765
3423
4517
6902
984
7310
9724
3016
1248
7988
3220
1482
7323
3350
7830
7633
469
6424
7209
308
419
1966
8127
7733
4496
4034
7585
8628
2637
8792
9000
5955
1587
2594
6269
7095
2580
757
6294
724
7507
4354
1746
3150
5747
2566
2284
4135
1974
7671
4643
2770
6744
3576
3466
3110
8648
5938
71
7513
2811
9039
7155
1619
1647
4870
7322
9750
7890
8079
3410
4546
1751
7612
1251
24
1427
2038
3480
978
5113
670
1049
2029
6480
5550
6878
5333
4862
4855
5034
6576
2122
6275
4539
2791
5493
5326
1917
8962
3467
2536
7995
6987
5537
1496
4441
8294
6304
4853
5191
302
9341
3870
9404
851
8895
3899
1359
5744
2894
6524
858
9299
904
7068
8996
6923
4141
7754
6583
9598
9339
1747
1961
2037
2288
9282
5835
9143
3799
1186
3356
5357
73
6327
2942
4092
7087
3425
3562
4002
5797
6946
7371
981
5614
7264
642
1419
9173
7179
5161
3951
6446
4323
8735
6027
8800
2396
2926
5395
2717
8053
8247
4409
6525
2612
9443
9353
476
7408
5837
9976
5793
2991
3529
3664
9515
3322
758
3940
1980
7670
2190
6596
4744
1325
7369
6819
5378
9049
6586
7317
790
3702
1047
319
7998
5568
1508
4484
6297
2881
987
5261
5166
7218
2992
3889
708
335
4773
6815
902
9500
6919
5311
4465
458
5758
5486
9694
3312
6036
2424
3924
4316
749
7687
8003
1355
1466
2213
916
5265
4690
3909
3196
6988
8732
4866
6843
7470
1859
3379
8666
1818
6160
7635
9651
7081
7934
5456
9716
6958
828
1680
364
5748
4326
4669
7945
5488
609
2525
3922
394
3246
6606
409
3123
6497
7893
9722
2177
7892
7740
6648
1540
1699
7171
5224
9869
6717
8607
2305
8264
9155
1990
270
6770
3404
5075
4497
6426
2411
8836
9502
5169
1252
2908
7551
2835
3013
7203
7235
8453
6089
808
8838
9518
9137
6807
6069
7169
3009
8734
4363
9800
8527
5541
7252
7737
9565
8149
479
1306
7407
7874
6802
2583
40
9024
2671
3450
9510
2588
1060
4477
5177
9595
9056
5639
1780
4058
7157
331
6959
1087
6312
456
3200
6608
3642
518
3882
5365
1556
6998
9746
3573
6865
9762
2280
9378
2863
4369
468
1050
3973
7961
9413
9852
238
2571
160
4315
5613
8513
9854
4297
8608
8858
4592
7145
8558
1716
3589
9495
2054
9893
6676
8674
5432
9307
7233
1136
8504
471
4446
6711
9389
3032
8954
3138
2574
4667
9686
3692
9357
8916
943
4997
5565
5828
8597
2389
4872
7620
1800
1899
5322
6782
234
2241
4651
4368
8925
5277
7167
3590
879
4874
1417
6804
8930
7349
8445
7871
6575
558
9537
3516
3294
2485
54
2104
1275
4662
7047
3607
4713
4838
145
3334
3359
818
9234
2388
9017
1606
3500
5487
6600
5197
9223
5371
4458
8159
9328
4787
3054
2937
9590
4493
5141
150
2369
7500
990
5600
1449
7922
2429
8719
2126
4813
109
4701
5051
6260
3023
3863
5031
8514
5732
7023
9117
6757
315
3652
7297
4767
2300
1140
2721
3055
496
8207
5511
2432
2807
96
6355
6004
2865
1983
737
6556
8257
4569
9968
7062
8044
1411
2218
5120
8993
7360
9050
8067
5525
5266
8633
3488
5078
4123
428
2156
3337
4066
8518
2846
1686
5644
7969
1249
7110
1387
9683
188
8637
3203
1178
2886
3937
9815
6846
589
2479
6296
1222
2836
5924
776
5240
1465
3821
7562
4699
8150
5305
6655
8229
7545
7461
9396
6145
6891
1055
2920
7277
741
1428
3515
6329
5391
9212
4164
8704
81
2524
9078
5754
9965
129
4014
4403
9052
3415
7315
9956
8505
169
4900
2074
1349
4704
5341
1628
6442
2966
7678
1591
8784
2219
9931
4863
730
6452
9935
275
8807
9406
5016
8689
2694
4100
242
5027
7092
8489
582
816
3448
4133
9474
2412
9545
5215
1415
3669
3228
8068
7467
664
6999
3735
4778
5656
6917
7104
7662
9939
7392
6810
61
1215
6861
7383
8887
1894
8105
4080
2426
2938
510
3047
4815
8051
6445
7283
4746
1156
6852
1191
5236
6449
5159
8705
326
1590
7205
7055
7839
6135
7555
844
67
1696
8204
774
3765
201
1598
9295
8291
5736
1290
4660
5786
5845
7304
9429
761
4270
166
8377
3424
7471
9754
2457
74
750
1907
7679
7266
4296
6413
7183
3218
5804
436
2173
5057
151
766
5207
4069
5801
9921
4212
5461
185
7080
5807
9168
2045
2787
9593
2767
4278
9897
3161
3753
4954
3144
6157
3335
2128
8019
7185
8913
6811
63
5056
7959
1127
2402
6529
3738
2793
6550
9877
4751
2900
4881
5604
886
3064
3452
6164
7597
6481
6962
2373
3632
288
4925
1135
5512
5450
3166
4170
3892
7556
8172
5403
3001
3268
877
759
1132
9902
2510
3004
9773
3088
8276
4587
7530
7027
5179
9175
2362
4253
7997
826
2557
2060
1642
5682
3650
2990
177
6290
2155
4528
8642
3666
5012
7108
3170
4
4896
3363
988
2896
1390
9219
9241
6466
5126
8183
6620
4737
875
3564
43
869
5860
9892
8303
3277
6126
9059
2802
786
8492
1229
681
8534
6051
7458
1835
6577
7175
3513
9771
633
9584
7162
8899
6636
7386
1574
692
8554
3643
5690
6635
9781
1833
483
4777
2621
5339
5029
9239
5462
6732
592
3314
2011
8801
4311
247
2652
6521
9478
4797
5925
809
8137
1552
677
414
5798
4562
6295
8808
6349
1366
4434
3011
7948
6759
1383
7419
7031
6134
5788
2413
7333
4224
5258
5053
7718
3378
425
9985
2790
6639
4817
3706
1764
581
4272
5534
6585
9617
953
6641
3964
4911
6889
9533
2691
1532
5469
333
6712
1992
6855
569
7291
4770
4752
370
2135
4712
1603
1526
6253
5257
5222
1112
2998
9807
2686
4630
7132
7284
2144
7122
3842
6050
3958
8099
3596
5355
6076
2688
7484
2596
8314
9148
4697
8156
310
6598
8837
710
454
4511
9248
8385
8258
6387
3967
1443
470
3367
543
2224
7377
2056
5282
318
6960
1130
6070
9243
9943
5412
8645
4795
5465
557
867
4888
7548
2327
8152
9428
3914
1561
4393
9421
9808
7099
4818
6214
2969
595
239
4384
17
33
1335
8146
893
8151
5424
8100
6422
1070
4610
128
4666
5688
2582
2575
2321
3012
5364
4534
358
3401
4185
7657
4775
2467
5498
490
955
7324
1505
6645
3893
1183
7056
5907
1220
8621
1345
7826
2236
9951
3670
9731
209
5643
8404
1476
9875
5896
5866
8232
1318
1952
2208
5522
8148
1832
5777
2877
3015
538
1970
3422
9733
2111
4550
9592
8844
3640
2667
5556
8120
144
9125
4819
2994
5540
713
1436
1817
4391
1644
9486
430
4820
4637
9083
5718
1488
3498
775
8668
8123
3633
515
6237
718
9885
289
6634
8428
9492
4230
8259
3814
7314
9728
2202
3582
4834
6431
6588
2153
3779
5913
8942
8088
7732
1806
299
2638
383
9489
2008
5940
5654
4883
6029
4372
1498
7786
4956
3431
9132
9907
3861
8290
2311
3867
1102
7632
7345
4959
2848
9816
9989
3542
7825
654
1515
2785
1542
1554
3427
3595
5372
3313
245
9260
5596
9464
4828
8284
762
4277
4885
3631
7216
3569
3880
4035
5108
4913
712
5711
2470
2547
3458
6763
37
584
498
3787
3029
647
8361
5214
3857
7359
5979
5680
1119
7878
3781
7589
5074
2142
3530
5145
2254
5435
3817
8696
5792
8840
1463
2958
2630
865
3066
5444
5458
3736
9447
3459
6019
7076
9236
9110
2620
1881
4333
8710
6098
1294
3022
4742
5897
19
4850
3060
5249
6922
2895
2033
8647
7941
2576
4285
9520
2924
9184
6067
4556
653
8113
1069
7028
9788
9691
6383
8251
8713
632
2909
1143
9479
9423
7596
996
2417
1630
2862
2098
7579
9320
7798
6976
3210
134
1851
375
5048
5142
7401
5621
8787
8323
3006
7614
1758
6515
1885
5803
2703
695
5975
1346
8905
1539
6467
9905
7753
7037
8421
8253
1110
9541
7974
3565
9640
1714
2448
4618
1631
8921
9082
2736
2421
5315
5795
7019
7621
5588
282
1043
887
853
2440
261
6921
4233
7752
5782
4665
3584
5575
7527
4249
4266
5437
2379
9274
2183
7029
5503
719
9455
7694
1134
8112
7848
8920
9181
162
68
7077
728
1285
5605
674
580
616
2939
360
6621
7772
9981
6249
6139
8716
3324
77
9851
6338
4013
542
8061
7350
489
8139
5477
119
3586
5898
9191
4765
408
3651
1273
6514
7420
9835
1472
5812
6771
5114
6031
5245
9777
3534
4147
781
9121
5915
6274
8741
1067
778
4995
6566
2678
814
1633
2822
6842
5876
9383
5760
8522
82
3820
5247
5150
5676
2238
4089
232
6463
9695
939
5997
9316
2967
1814
3261
2425
3920
6604
936
2301
9251
2611
291
2902
4137
5443
820
5532
3895
2656
9623
3903
2484
8072
8630
803
4906
6005
3308
7089
6494
6163
8721
3386
7758
4801
4362
9441
9602
5230
4784
8033
6834
4101
298
4585
9283
6751
5346
5434
1403
8565
8745
9638
6981
7421
1712
9631
8482
7926
4849
400
3563
2393
992
70
8055
7721
9247
840
190
3655
1535
5323
7222
1599
4625
5697
8118
4978
2194
461
6829
1823
7539
5633
6684
2193
1391
7816
2159
993
1977
2919
9644
2616
9883
2076
3483
8322
5784
530
357
5903
6204
4535
8414
8272
9368
1994
1283
4480
4621
3291
4507
7332
2526
1203
3657
9801
8347
6251
416
517
9706
5482
2381
1310
7794
5172
7384
7866
1101
7306
4205
5429
4488
6695
8706
4247
7715
5814
1393
3709
8929
8907
1475
3682
2179
2519
8613
1845
9904
8690
5593
2964
8709
4121
7958
4345
4397
923
6749
1097
9317
9934
2670
3080
8783
1913
7149
6220
462
9407
7820
1116
4313
8867
1199
9543
9186
1778
8662
3040
8416
5417
4812
6969
249
1987
3887
6670
7581
579
6681
5538
4977
8381
4417
88
4357
9917
7914
2234
3209
4119
3279
9849
5874
4274
2619
1752
9306
343
956
7290
2934
7093
7151
9225
8165
9089
6808
8825
6869
5626
7835
6490
3552
8822
1586
9867
7057
2921
3505
3865
5723
7193
7164
9331
6018
3833
6437
7610
4935
4288
4560
6482
5433
4716
7211
655
8059
154
9929
5370
2198
6444
7367
4155
2188
7821
278
6464
8856
2312
1777
5448
8915
2102
1193
6282
4202
1635
8989
8058
6762
4023
5181
3163
2741
6064
9966
7045
2502
8537
6185
7340
4557
7330
4529
2338
2941
5066
862
8353
7450
4772
3965
8298
2298
2843
5524
1738
3071
7743
2050
7591
9347
5178
970
3649
1314
3230
6947
9922
3347
5663
665
3647
9308
6835
7660
5229
338
7399
2187
9772
3192
1919
1930
8683
8413
3376
5117
2469
143
7503
6839
2106
6661
8991
3604
4276
6955
6454
5601
5331
3430
3472
8712
3934
9415
2590
909
9663
3416
6378
6200
4654
635
7139
6240
9635
8383
6293
9227
6963
103
1497
9860
9579
6933
2180
7341
1205
905
6527
8454
9888
6120
1711
1114
8426
240
2472
8324
6320
8332
5991
5196
9787
2834
1329
4416
7278
606
9061
3760
9207
4083
5270
8034
3886
6258
9823
2531
4558
3554
2420
2987
4334
3332
3568
2608
2005
3305
7511
5889
8004
6199
5764
1389
850
48
1293
9452
3101
6113
132
2768
3644
1965
3615
2869
2864
7528
3239
8230
8077
8693
1462
6658
1503
5808
4151
2893
5841
9064
2978
3257
1743
5531
3295
2360
1255
7466
1035
9102
5501
3968
4823
8390
9330
9318
7130
8056
2348
251
8203
5158
9643
8157
9614
6288
908
1100
8959
9120
8773
2731
112
9196
3600
163
8824
413
3471
846
5006
1414
8749
6539
6748
26
3687
5963
3241
5957
431
6072
2722
3518
3741
9025
1538
5312
6374
8313
5970
3281
5052
8575
7271
7751
6211
9608
361
8890
9766
429
4924
452
883
9023
8158
7912
6664
5838
7499
4709
6519
1601
607
5617
4955
6197
6630
1976
9769
9278
8351
7490
5380
3793
5692
6776
2615
1339
1456
4319
8937
5438
2513
3315
7769
110
547
729
3921
7067
8411
9134
5776
5351
5375
1789
4116
8466
9958
2422
388
8799
892
5553
4890
1010
2945
8396
8786
6990
1144
6324
6680
7127
7578
1076
1048
3354
3611
9530
1875
7811
7783
6153
1267
7494
8965
4046
2386
2890
727
8730
5152
9655
1365
9032
7522
9436
2151
5616
791
7478
5618
3478
3043
6537
2784
252
8624
7007
7768
8515
931
5496
577
686
2271
6254
3255
1918
4590
9332
7134
5557
4952
5250
1883
3400
8872
1968
2659
7720
9836
9729
8360
3635
5102
7515
1634
8684
6311
8309
6772
440
7883
6058
3511
6418
2140
9846
8834
1949
1763
6940
6504
5316
6761
5909
9209
6534
7516
8248
9329
5416
6916
4695
5914
6491
329
8884
5307
2558
4485
5144
5344
6309
4586
9915
9980
1295
9736
5648
2548
3366
1876
7111
2117
3125
8394
9076
9899
823
4275
7637
7677
4502
7334
9561
6507
3946
3214
4882
304
940
4044
5225
3971
8432
7012
4291
2431
4514
3567
4989
2361
9712
7262
9172
3928
5221
3690
1214
2022
2745
2293
2624
1
3788
9740
5684
4983
6118
5583
5273
7744
8471
7020
3599
3442
1235
7194
888
4059
9678
9862
4118
6133
478
2718
7005
6266
1888
9625
7016
5399
4938
4406
2737
7909
7908
2229
2245
3318
5278
9690
3551
191
3010
3812
6915
8811
9555
8328
2761
9776
7903
6801
4144
4548
6356
10
2446
8634
5098
9362
2385
1583
6739
3302
7004
7153
5080
8652
2879
2442
2015
8441
6239
3908
6147
8910
16
2623
1861
1795
5478
5474
7980
8961
6384
6948
5721
3766
3002
6722
3768
9139
5415
8485
3027
1316
2332
3748
9297
3581
2511
4676
9967
4193
3913
4021
8338
9831
505
3349
5293
573
9463
895
2878
1639
2561
7063
7901
7699
3963
6742
2025
36
2465
8462
6931
6513
6343
2453
5127
4726
7788
9069
7432
8810
4908
4335
7552
1302
6495
7802
3917
5708
3588
7356
1581
4839
8402
6971
8813
7996
2250
9552
38
4222
2408
8325
2477
3175
6678
4628
7184
5464
8208
4448
3936
5939
8102
6087
4764
4798
834
2294
8439
736
6637
5314
4807
7623
5299
4040
3982
322
5428
111
3720
4036
8475
1760
9345
1064
3619
2839
5507
4602
9753
4731
9346
8691
4439
4125
8293
9001
5163
113
7822
3751
7787
362
