9134
9090
9110
4741
4121
9034
9345
2001
4640
862
7640
829
762
7269
3953
2244
5257
1750
162
172
60
3538
657
3806
121
911
7405
2526
6216
1294
2507
4208
6983
943
1529
3482
3931
6013
6243
3709
651
842
4377
2481
2945
2813
6799
3535
5478
6721
7541
1267
1093
105
4150
3079
6312
522
76
9524
6012
7116
7526
4995
1005
6660
9488
5987
8187
9690
2878
8816
3870
2902
2041
961
7698
8758
7853
6607
1461
5213
921
1923
6175
4243
5199
1914
5055
9819
4385
1518
3638
9050
2810
4468
8525
4043
5974
9276
393
2368
1886
2157
3838
8305
428
5848
5777
595
1185
9923
7363
3394
6344
2979
5369
7078
5855
7484
6808
2203
810
8267
9921
9825
9969
6747
7521
1222
5422
8604
1464
7044
2811
2165
8753
7089
9361
4891
7382
8806
1169
4189
2762
2975
1780
8057
2596
7945
8518
2863
6307
3508
6017
806
9418
4556
5793
6718
3148
2895
9178
1401
2628
4590
1861
6962
3999
4711
1359
9662
14
8653
7413
3702
1528
3779
5250
8875
4923
4677
3185
6796
145
3021
1870
5211
2621
9735
9531
9916
6780
2612
588
7615
4653
24
287
9884
9247
1148
8499
709
4581
433
6843
3384
4082
716
2433
2714
147
8664
7014
9281
3341
5428
1591
5267
2886
7110
982
5659
7567
855
9514
8088
9848
2012
4210
1004
4022
9802
3688
1694
7407
6571
4997
3621
451
5615
5196
3798
1822
8639
9076
5442
9895
3908
4144
5690
4837
8438
7826
257
9670
8199
3624
8016
8574
3731
3557
7166
8861
1930
7646
7302
1575
5617
7884
1654
3237
8227
4447
5231
12
4721
3063
4692
5895
5156
3358
3370
3081
892
8341
1485
93
7086
2536
7005
7753
6112
5307
9130
9114
3533
6508
2974
8925
3056
5223
5723
4439
3295
6085
2323
5972
5722
1721
8693
7964
4557
7522
2233
3736
6113
9221
638
4367
9289
8321
5501
2963
551
9402
1306
6433
2
2359
7464
8713
420
8583
7162
2243
7880
1486
1720
5040
9606
4457
1429
2354
6729
334
2586
5288
5279
7209
1785
8720
7403
4143
3531
4505
7728
9146
1287
8443
2381
8094
2072
8343
4181
6761
3772
2497
2360
6699
2112
8772
6535
9596
2720
2861
281
7180
2802
2427
7750
6267
7460
3070
8995
2304
9198
2551
3082
1704
2699
5035
5284
5752
8779
4954
5597
6196
5484
3522
2806
3000
9582
8413
3263
953
8678
1596
844
1642
226
5787
218
8600
6505
5657
2660
7260
6268
2265
4376
3411
917
3823
4314
4728
1304
8635
818
5076
5266
3455
8393
9164
8100
9563
3762
3454
415
9260
3498
5586
7726
9574
599
4095
5667
3689
9250
6450
5668
1293
458
7729
2763
9627
1182
1490
7559
3119
5516
9264
7431
9806
4523
5246
3752
7780
6051
3917
8745
6371
6036
4102
1098
313
4348
2372
6764
9901
4318
7132
66
2585
691
6930
6180
5009
7565
2166
2752
1342
3826
3565
2198
1945
3393
2455
4052
1944
4544
7422
6601
3507
7842
4722
9155
8513
364
4105
1240
7466
4270
4032
5189
1777
7002
6165
5805
7348
4660
7995
6422
9965
421
8175
9039
4525
7546
3655
235
6185
1481
6649
3069
7554
2484
3145
4075
1795
3974
4312
7170
5717
4074
1432
6567
7894
8817
9152
7226
3701
5007
4551
6200
9241
7036
9270
9300
3231
6451
2622
6902
9602
1024
6138
7877
2182
6583
7875
203
5583
2938
6604
2908
6459
9790
9718
5038
4659
7731
8047
9529
1689
9701
1760
7607
9236
5276
491
8150
9031
4495
219
9438
2305
161
4945
8364
7028
532
9592
1353
9591
7322
1500
4985
437
635
3430
8017
3480
2632
767
3181
7627
8360
6042
6546
7954
6236
4947
2145
1028
2880
4749
7578
9697
5735
5743
8005
7286
5825
9111
9199
9842
3127
9432
4636
1117
9360
5930
5151
1585
3125
2492
4673
4932
1784
3932
1843
3583
4789
28
5927
9508
6452
4639
6484
2250
2570
8075
5282
4331
642
1685
5920
6605
6382
7004
7697
3866
2935
1516
4889
6901
9987
571
6109
9645
4569
3026
735
5582
3419
9251
2201
6473
6661
1753
4471
8545
2960
9174
4688
645
2031
5804
9793
1286
904
5475
4306
2920
5087
2143
8101
9555
8859
9999
1547
3765
8989
9725
5625
26
1463
3725
8905
6218
168
4542
1550
2408
7352
5468
790
4834
366
3797
2860
7824
214
1858
3874
6818
3529
2670
8396
9767
8365
5862
4838
1379
3344
8185
6135
7638
4417
9554
2412
9502
7124
4286
6472
5759
2297
9501
2097
543
1984
4734
1829
9242
3644
2207
5541
1412
4598
5639
6705
252
5309
3436
2709
2432
3578
8134
7990
8958
1815
2311
1801
3353
3684
9375
7650
8908
3944
4513
3693
1395
8114
3271
7542
5716
3879
8882
9197
2741
7149
9066
518
7613
6646
2342
8257
1757
4370
7360
9278
3597
9636
8898
4123
9139
6507
9006
1194
584
9698
5093
9661
565
7802
4234
3871
213
4191
6811
4389
6975
722
2483
5042
2337
1836
6284
7040
2239
3392
4861
7326
7969
4204
8563
8508
9372
9521
6591
3215
1950
7153
4669
9642
3962
2725
8220
2870
873
5347
1847
4282
3280
7755
7336
4126
1892
5015
5520
236
8377
7234
3459
2845
6281
3873
7250
9473
5474
7809
8967
9754
9008
6245
4414
481
4710
4218
7972
1277
58
4672
8498
4694
1308
6744
9976
2765
2500
8173
2407
5142
4517
5839
9109
3707
1364
9223
2440
8053
9380
6701
8546
1655
6114
6006
5294
2956
9914
6561
8539
2222
6736
6378
1601
6658
3712
4285
2834
5608
5719
5614
9822
7606
7836
9584
3017
4087
8863
8703
6613
4070
258
8736
991
3290
6190
8008
4165
1210
683
2579
6129
2916
6176
2029
8740
4859
410
7952
9792
4911
8408
8067
2783
4586
361
5622
8799
5429
9915
9507
2798
7822
3864
8848
1525
3431
311
1584
7528
6352
4007
662
4965
4919
9565
9103
6163
6588
3781
5827
4912
5879
329
5179
292
9953
1079
5418
5444
983
3796
2126
8273
5021
6668
2466
4145
4201
6769
3444
6360
2595
8937
5648
9758
2270
717
6445
2513
3049
3909
9605
3554
9191
4541
9117
6285
8266
2969
1731
9589
3114
5355
8469
23
3675
4502
706
2011
2085
2135
1468
9308
6283
7793
6745
7469
6938
8999
2559
160
7131
1931
90
7039
6157
7167
3588
9773
2269
7436
7271
5153
72
8211
3966
1869
6438
7029
5728
9903
7497
5794
1111
1936
2303
9207
1343
1417
509
6454
1668
383
3057
1013
9096
9180
8024
6370
7323
2248
2253
6091
5802
2134
1903
6205
4202
2708
5373
1377
1946
398
1162
8997
9288
3822
1460
2792
6977
3622
3548
4467
7265
8586
5871
3286
1773
1259
1290
955
8272
1499
8747
2254
3831
1679
9205
9713
7745
8935
7227
7771
259
7358
4967
9644
4926
3378
1092
1263
2847
9587
7704
7409
5632
1334
3584
1993
4016
6097
981
1732
1357
4564
4246
5889
1
701
8226
9862
7873
3305
3214
5240
2062
6690
1708
1556
7253
2235
5278
8961
6881
5856
8158
2901
9091
2731
293
1102
1483
4600
4023
2738
6255
4005
116
1860
1614
3198
1459
4394
9120
6717
3409
3445
1852
7050
5876
6187
5760
6815
5070
2767
7502
4522
4400
4374
7215
8271
8216
2003
1592
1477
1085
1216
2088
2179
9248
8299
4663
346
7886
1403
7887
568
6738
7476
139
6514
858
2583
1989
333
1100
1455
4092
8805
8056
6497
4186
8845
7642
6058
7008
9194
8429
6441
4857
9208
6946
6767
8503
912
7739
9818
3015
9165
4119
693
6494
9678
692
8205
7682
9561
3910
611
8676
4252
3596
1165
2556
6924
4570
8224
5051
9796
7434
9352
3115
1332
5495
8264
9951
4226
5863
2285
390
449
5999
3735
2479
653
3432
6833
4846
1943
3487
4751
9864
7909
4763
9339
1729
6242
9821
6755
2299
4862
5510
5768
5173
8820
5792
6602
9748
8830
3410
3023
9891
1388
4683
7727
6854
3077
8782
5419
2542
3834
2163
843
3551
7051
7026
4804
608
7160
16
3550
8599
2319
573
9077
6131
1793
6392
5183
5580
9770
743
5703
2698
7570
8918
8970
8161
9519
9988
9325
5629
3973
9467
3610
1864
2578
8888
2689
1942
8621
8627
5254
5324
8808
7311
6827
69
9743
9358
9183
5081
4815
371
4971
5643
7800
5737
3223
6078
9067
4952
5754
6223
4696
5960
6038
7974
5590
4109
8819
2403
2584
802
4456
1541
8040
3905
3677
5950
1088
9040
5175
4844
2205
8116
6716
3400
4203
7185
7138
8019
1211
5762
440
5959
63
2972
808
6226
1976
6669
4770
6959
589
5164
7766
7090
5656
1792
9196
402
567
5148
4271
2066
3757
3267
9456
3277
6676
578
8787
8457
4451
9135
57
1598
9338
9203
9087
2704
5725
7758
8454
5543
9991
3279
249
2420
1825
3598
760
2138
3469
5225
5897
9943
8458
643
4129
9978
2518
1520
7125
1664
307
3210
9828
3924
5351
1360
2123
1653
7635
9973
9377
4959
1905
244
824
3174
3030
5378
6763
5619
1198
1990
3335
951
5494
5140
6466
9868
1957
1840
9295
4440
6852
1039
9986
5562
280
3310
1506
2947
5104
9412
9025
2374
4737
7294
7412
6587
4800
7292
7724
2854
5171
6860
2242
8188
356
8311
8141
2318
8700
7107
9665
860
9370
1378
5382
8422
3711
2289
1715
187
2232
6549
7535
2787
6253
5481
4333
3192
3219
7201
5874
8857
1475
7893
4024
2279
1339
5056
367
6096
2199
3658
9610
3313
247
19
3028
5662
9404
8441
4519
8406
354
6922
7304
7566
2676
7393
4835
6928
3163
2273
1657
9224
1834
2245
795
6784
548
5812
8872
8296
5840
6019
8992
2644
144
9107
5578
9299
7300
7150
3751
4575
3105
7213
9296
4401
3376
541
4029
7255
8996
6299
4037
7693
876
4946
2369
2694
1457
3816
5635
6625
2876
3354
9239
3662
6184
4329
6029
8390
5624
3018
9409
2151
489
7621
7530
157
245
2599
163
5129
4184
30
2387
4633
4786
9765
8035
369
448
6158
3564
7257
1054
7231
8573
9659
1873
9823
4830
6847
8853
1239
43
1884
4345
2056
8286
6765
751
8953
1155
9058
4364
8197
6346
7233
3134
6686
9963
2849
8692
3265
1113
1557
6723
9088
5944
4840
4245
9036
6212
7398
9600
957
2472
3714
6181
5736
2729
4863
6943
5125
9797
108
6021
3563
663
9621
5746
770
3143
1924
6110
1491
8846
8717
3989
8009
1739
4543
4825
786
425
7737
6786
365
4069
2478
9827
8481
8704
1224
3427
4532
6015
9079
524
9422
1948
9044
5218
7852
8844
4980
3948
4316
445
4305
5832
5912
8884
5427
4004
3626
9710
1384
7582
9397
7725
6294
8725
547
4970
5392
8398
262
926
2106
4618
7388
6589
7285
4852
4336
4748
6537
2082
136
4406
501
3965
1955
6436
8673
3767
3784
8842
6162
8860
7639
2914
8659
8245
7671
9235
6994
3170
7309
7344
4063
672
220
6773
2458
199
3029
3503
7851
5705
1835
9900
2009
9170
6577
1763
9023
6310
5834
7275
8652
3155
2039
5062
9869
8318
4791
7666
9547
1823
7261
8625
6183
5601
1318
9603
5698
2514
9880
7706
3775
8301
2262
7508
9151
7052
4419
3011
5239
9466
5774
9967
2442
295
4941
3647
1540
5986
3800
1845
7866
3844
7527
4426
2631
2367
4808
8018
5446
2156
772
5779
1625
5421
5654
6262
7867
6874
8681
3121
7049
5515
783
2340
8461
8218
3116
5379
7537
7562
2541
3892
8910
6557
1705
703
195
96
1413
7057
4942
174
5721
6812
91
1902
7479
5207
8090
2010
2159
3067
2626
4592
7987
4655
7959
5650
9181
8063
9787
6400
4966
4571
3240
5308
1134
3478
1821
7861
3726
9795
5672
6993
97
8595
79
4391
4948
9724
946
2227
667
3089
4446
4631
6737
3717
8580
1640
2226
1253
3328
2185
4115
9407
9447
3543
2004
3969
8813
9256
5063
944
6862
3120
62
6742
9401
9616
9874
1033
3572
4848
4703
5219
9906
711
3501
9738
6150
5381
8741
2766
7320
9385
1112
9070
6416
9617
5715
3438
3405
7230
1838
7408
4018
261
7827
9416
8254
4015
6952
7688
9306
9504
5955
2932
7438
910
9945
5693
7604
212
6689
4892
2874
1586
5594
3217
1006
7811
4127
5980
1498
1939
792
4520
8921
5903
2923
6807
2024
5112
8102
8117
3297
4124
6151
5031
4054
7649
7033
7717
4140
9271
8823
39
3862
6423
2117
7978
5918
399
5847
2272
9750
7295
1643
3940
3904
263
4717
3208
7399
279
7782
9147
8894
6677
5658
2682
3627
879
8066
624
7648
905
9266
9379
996
7924
1137
8934
1650
7517
7791
6756
5047
4076
3654
1755
3053
4842
6134
5778
7023
5166
2750
5750
3747
9350
389
841
5005
2124
9273
7145
3567
6581
2921
5559
7222
8890
1776
6108
4956
1416
102
9675
5113
460
6907
607
8608
572
5123
1568
7751
7585
7095
1849
4695
7262
1848
5059
945
3690
6531
3020
6512
8338
3264
13
7134
8543
2485
9771
1399
7779
4459
9030
77
1066
1313
7168
7732
6244
9520
1014
9073
7752
4511
700
8095
6988
1126
6805
6960
2022
4735
6326
9960
6053
6778
665
8770
9326
647
6004
998
6936
5817
6286
9886
4651
3389
7475
5402
5539
5618
1559
5344
405
5556
3923
6471
3985
3612
5765
3433
8166
7519
9483
2417
3960
2686
317
429
6462
6940
2169
947
6671
1065
4064
8249
2759
5414
4793
5001
7401
3859
6751
2142
5106
7020
3113
1074
6092
9959
4445
965
7122
5917
8874
9315
4346
1181
3898
8330
3975
9766
8433
477
4307
3517
4794
3222
6228
5415
177
1833
2909
1465
9254
9513
9153
349
4784
5507
7447
6839
8351
6143
4178
7105
4829
7906
1853
8984
8611
9523
232
6629
2448
9272
8677
8945
1049
3761
9014
3827
5452
1478
315
3422
3083
320
3402
3946
5809
7929
1373
3273
4206
5181
9459
8105
2984
3606
6637
2333
804
25
1756
3278
2868
5438
2816
6810
5319
3485
8987
3992
895
8589
7991
5252
9420
6655
1208
6009
2857
8699
5718
1769
4878
6037
4147
2490
4981
3733
3635
5547
8868
9392
637
901
2113
9290
805
7453
1758
5551
6001
2215
5872
5161
6939
193
4671
3881
5604
847
8737
9763
2764
7675
3847
3453
9462
2744
2149
1537
6733
5377
38
2089
128
4905
3790
5360
1017
3486
9845
8448
5767
962
7828
3499
6291
9570
8877
3782
468
8954
6623
3552
4091
2940
5831
8802
2976
7657
5169
9630
5233
6906
7093
881
2358
7290
7925
9622
1402
7660
9465
8791
866
3585
8077
4112
5513
8196
1302
796
8666
179
9347
7236
6603
5651
5045
86
8629
6235
1087
2859
536
3374
156
6525
1257
8295
2154
601
7896
5488
5691
4435
7467
324
4233
5548
3124
6781
9898
5339
9681
2036
3044
8689
3209
1282
9126
4382
4089
4393
4605
1855
2471
1037
1634
8153
5740
6869
3983
816
8679
8471
31
8577
7555
8120
1136
7158
5947
4455
4372
4943
8131
5936
648
70
1746
9747
4788
2564
8578
1362
6171
8308
6130
6425
6972
9629
7428
5124
3835
6890
450
1645
7759
8333
5030
8223
7801
1560
2260
6358
4132
2839
3907
1626
5532
9108
6115
7119
7229
9330
3175
5653
7833
4479
4833
3327
2206
2180
4288
3046
5293
5550
404
5345
9849
8879
2669
1935
8559
4168
6692
6941
3995
5459
3351
2918
9128
3308
9755
8275
5647
5290
215
4744
6468
1981
5435
5621
605
4704
7798
462
3474
5029
1606
2237
2896
2838
4666
4675
7123
3157
7495
6519
1366
3457
2566
9879
8293
7930
3504
7795
2059
2316
3746
3681
6152
2107
3669
1979
1217
6510
9192
1187
5003
539
7841
9783
8426
8421
527
6643
9024
5973
6168
1365
7835
1891
7716
775
3421
9123
5105
2027
5998
6174
533
6911
27
1947
8951
3589
6585
5579
2672
6969
2817
3679
3566
8367
4247
5074
7396
9434
3191
2240
9041
919
3022
3062
7611
65
628
4706
1778
4944
4096
9298
9728
6099
7397
4865
5500
1072
2389
8553
4094
3843
9293
9924
689
3547
7913
9038
1125
6884
1587
1397
7754
2326
3014
9803
1999
5587
825
7099
8002
1660
1649
4297
1274
7956
8718
6824
2552
2971
1928
3704
3942
7317
7379
2529
8032
8985
2136
6788
2183
6415
466
8041
1396
3094
4928
2268
4496
8971
9700
5836
6127
3933
7892
1959
359
7910
2942
2014
3729
2522
9977
1543
5934
6486
2642
9414
1002
4131
4044
7641
5313
2146
4241
4293
9319
4034
5343
7126
9003
1770
1787
2664
2346
4874
4893
7624
9327
671
1564
3189
8899
5072
1960
2962
9213
2430
3509
8419
3162
8015
217
6867
400
2425
5135
1552
7211
5046
1367
5023
7647
1424
9334
6297
6614
2931
765
340
9410
9878
5083
1404
8979
6949
6984
1163
286
75
6188
1070
8263
1901
5159
6927
4599
6619
8434
1228
7903
9709
1326
5237
6404
1576
8727
3260
880
8044
5065
6542
4351
7096
1470
6164
2172
8587
6945
8640
7368
1828
2926
7767
9888
6410
8219
832
3556
7797
793
679
1622
2605
3071
8526
3339
2025
2797
6141
1292
5803
7198
2435
5149
3306
1539
4757
6965
9437
8564
1663
11
4730
4395
2196
5843
5496
6916
5375
352
2517
3957
9357
7676
9494
7163
7316
3211
6401
8959
3893
7628
9184
5569
5884
4553
8028
4851
4621
4904
2995
4222
9996
3434
1779
1504
5751
1619
165
6388
7533
1096
2467
4009
9144
7070
506
7248
4668
5915
1810
9757
283
923
8006
5808
1203
6667
7684
9463
1569
1091
9567
7080
5330
3315
4632
7297
221
9637
2712
4242
4914
8427
5367
6380
4498
1771
9676
9454
6084
5253
2348
7953
9343
9631
9355
2020
8313
3221
5845
4390
5191
1674
5073
3895
5443
6435
4864
934
4223
4810
3007
4988
1430
196
5504
6060
8164
2843
7989
542
823
7592
1975
8986
3051
1082
4565
9866
3122
1974
5400
5503
9448
1908
2897
3092
3406
9651
1536
422
7747
9615
403
9492
5892
1258
1059
964
7437
9476
1648
7775
660
3179
8841
6894
8614
9200
9277
2624
7485
2081
9940
9212
5796
8244
2891
914
426
3720
6925
9026
2681
1355
6528
7656
3728
4907
1252
3086
6730
5753
1670
6043
5310
180
9553
9132
2789
6746
7188
6684
3692
2091
1221
5165
2735
1297
5771
6712
5397
4315
9470
461
3516
1966
6695
2666
3466
6453
8440
3382
5981
3038
6209
4888
5167
778
5262
1658
5198
3093
4801
7829
3090
8237
2019
9979
472
4596
3490
5396
3617
8765
4330
9515
84
2148
2080
2833
1167
9157
9255
5877
5437
1735
5700
5497
8960
989
8965
7899
1620
6814
2184
8776
6606
7982
3632
2046
9577
5337
1425
8929
4108
7477
656
9489
6681
3425
7423
9182
2959
1909
2771
4820
9707
9684
3813
330
6628
7133
3003
7254
6008
4008
2261
6095
9053
4398
3950
8789
6551
7115
2775
9188
777
5833
5014
455
4486
233
2118
7491
1796
7364
3275
3853
7054
7022
1505
2193
8470
4512
4906
3912
9367
6961
616
9204
8395
3594
4832
8801
8113
9429
8716
742
2569
3718
8755
3777
8735
9072
5788
8962
7380
5471
3367
9517
8566
9704
5939
798
8473
848
6609
8792
2469
794
321
4251
5002
8500
7151
9411
7632
5234
7172
7444
3856
2296
7406
8688
4996
1513
8685
4901
950
3825
3282
6319
9527
9202
4084
9503
8202
7515
7242
2776
7863
7563
6023
8071
6214
809
5922
4324
2786
6074
3052
3006
1122
7733
2930
6075
4321
42
5280
678
9080
6509
9844
204
9516
2753
2461
4217
9068
1418
3906
2398
3058
9931
1940
500
170
113
9542
104
5665
9760
4855
8215
8456
4785
1255
1737
2602
3497
7586
8565
6280
9160
8478
6049
3890
1544
3128
5326
7908
6264
8744
2690
3301
2385
9116
2788
6077
2459
1109
5519
9284
8031
2251
6325
7010
9226
7876
1443
6367
4578
9824
6048
2697
4775
1086
4213
3495
5122
9925
5268
6543
3935
2083
2139
3200
8003
5242
6627
8883
7443
8210
8892
3997
7199
1495
6105
1854
6923
7307
8362
1574
8670
5538
6950
9669
4547
9433
6719
4159
6787
9166
8702
3066
5368
4647
1812
8222
3333
9233
9789
7580
6224
3269
511
7552
5512
3949
7461
9552
7499
546
9918
8828
4783
8723
2050
7394
7206
3673
4073
7690
9586
7449
1336
6530
9043
5572
7421
4311
2470
7702
4771
1588
2533
2795
7763
272
2410
9964
2680
733
8354
6599
5557
7808
7146
9944
6772
7194
8253
7001
9475
8345
6838
2351
2782
3165
2280
5626
6711
2953
6487
5929
9870
3518
5655
3133
9366
5424
5588
2101
2328
6149
979
7490
8302
3902
5534
5359
9687
3180
5978
3033
4424
9086
6957
3730
1610
2531
3383
2537
3861
725
9138
8907
906
2008
6758
1069
7789
7878
1206
7328
9009
7225
817
6919
6289
8428
2906
1171
6333
9643
4500
2258
1132
5462
3544
7102
2418
4402
1414
5826
9746
5232
4290
4040
3613
1608
976
211
3168
9019
1799
8775
1275
6918
3025
7196
9938
6265
9394
9860
4265
3686
141
3954
7718
3801
1508
707
1480
9435
2457
6566
2879
1439
6800
34
4999
3414
3159
5634
5727
5732
7154
4224
2600
4950
6028
1488
9840
137
7081
1476
3943
4561
6739
8570
5118
1762
7031
4566
6458
7774
1806
5707
4869
4516
6258
5017
9320
289
2550
1322
1321
4480
5919
4066
2452
146
5116
412
8385
2944
3703
7765
2939
8657
4373
8014
6411
705
4019
1558
3625
5374
9461
1629
959
4214
4489
3312
6700
3824
465
942
987
9149
1651
8198
3945
3896
9246
3808
8829
9121
1734
1268
9498
2587
1969
2534
7830
4501
1637
9655
5958
5909
5039
8715
294
4287
8389
2000
3036
9051
5455
924
8690
9544
8900
4320
291
6842
2887
9318
7340
7741
5208
8895
2929
9984
4212
610
2397
5589
4263
5101
1555
5857
7981
7034
1031
6144
7814
1043
7547
4526
4153
5155
475
6166
5852
5152
3696
8001
7796
1179
4353
719
5637
3812
727
2625
4056
6521
2516
8774
4420
4432
3665
930
6985
159
4773
3903
183
339
44
699
5128
3072
9189
8352
2018
4886
3828
3158
37
4160
4386
8104
5269
8138
3934
7009
3956
3292
210
2155
4884
1347
4453
3184
6656
2141
9799
670
3118
8353
1062
6055
2760
7301
4485
4568
9780
1231
4700
6804
1077
9518
5576
8920
5245
3559
999
2221
8763
8061
6998
5545
4533
807
5067
9011
4736
7463
1010
5304
6106
9262
8843
8649
826
5814
5676
1820
4354
1790
5352
9885
8298
7429
7629
7256
8159
5069
2730
1897
3270
5227
1996
2045
1110
8307
8668
738
9468
1783
6070
7634
4484
4687
7532
267
3019
3788
494
8928
8719
2103
8025
8983
2822
6771
7130
1048
5706
3860
6683
7385
1183
8083
4033
7948
8731
6437
9396
5114
7529
9365
474
8482
2924
3821
5295
2711
4899
2784
5483
8225
497
5180
4691
9064
8724
6491
9368
2364
1428
5317
1510
7214
7992
6666
6806
3190
3570
7721
1561
1433
5799
557
9832
8123
3440
5098
3396
5241
3012
6305
7498
0
7
9926
5212
9590
602
7966
625
3919
5801
8368
3900
5403
4041
2831
2229
239
9430
4472
3674
190
8540
6432
7590
6672
1676
7539
2733
8991
4974
8567
6460
5535
7442
8662
4278
1871
870
5613
6482
3226
1968
4813
8804
4549
9005
4707
9753
3804
2255
7341
3868
6898
9934
3109
7957
740
681
8660
8976
8856
9093
3080
3340
963
6062
9737
7694
9954
8342
9952
2380
7691
5383
5772
3254
8304
9349
46
1015
8424
6532
3004
581
8371
358
6572
7069
3281
3027
5008
5224
5921
5270
1118
7378
2903
8007
7362
1894
2480
3530
9847
3377
4294
1647
6122
1319
7062
9037
7770
2393
1133
8369
3213
8255
1730
3913
6612
1346
2077
5395
6337
4536
6917
325
2298
7616
7769
897
9942
6611
1686
1376
9081
2722
2629
6355
4903
4078
874
9118
831
2574
7860
3302
5671
7843
9632
8831
7390
202
3928
535
7084
4176
2096
5844
5883
1045
5436
7097
779
1954
4574
8634
5109
1453
1612
1880
2419
9125
9572
4601
5043
2030
1000
5631
5036
4831
8897
5984
6980
2216
7375
9297
5850
6186
5526
6300
3663
1273
7588
9078
7999
8346
9732
5084
8207
615
94
2736
9045
4714
9195
4895
8646
1965
8384
7920
6979
1445
630
5979
9280
7712
225
3643
3047
3615
9500
7455
7587
5391
4927
5846
6054
4275
4177
2505
857
3401
3149
4216
4828
7788
9095
67
9035
1348
2853
1448
478
388
5190
7203
1816
9594
4924
8109
1283
2527
2650
7597
7313
4546
4930
4347
6855
8306
3156
8026
7174
5340
243
9859
2329
4686
5080
9061
8324
5178
99
2330
9699
9744
8414
6448
490
6887
9017
3042
9219
4276
344
8988
7888
6523
9647
2054
3840
969
1041
2695
8452
4697
4256
8466
2977
3296
7898
270
5976
7612
6624
7267
4644
4747
8510
1693
3475
4538
4227
4939
604
3235
9882
7091
3126
7187
4220
9968
1492
3802
746
5261
4920
3723
3778
9381
4193
8184
2512
2739
8156
5606
7075
3976
6356
8641
8328
3653
9390
1386
3173
9231
1188
5898
6301
327
3342
6026
3107
3388
9835
3492
8862
6552
6829
5542
2594
4493
6160
1400
1641
2656
1826
6477
2576
8786
7177
6834
8768
8103
9324
6741
5957
3247
2223
8606
2509
6254
4887
1349
837
6524
7332
2973
3724
8038
3460
1316
4434
5612
2899
6953
1727
4357
7872
5380
9667
4850
6210
9388
8241
87
1673
9742
6259
3471
4412
5064
5954
4411
6517
3002
8598
6899
7576
8597
2449
4014
151
5739
3787
3810
7979
8555
6086
5531
696
4824
7976
7742
2150
3561
6022
2581
9029
9814
3602
7018
7524
1738
5334
4079
8151
5203
7914
1363
5346
3166
8317
9440
2538
2322
4244
586
5217
5200
7761
1681
6475
1280
6791
1474
1174
4732
1667
8099
2194
9781
2987
5906
6354
5993
3446
7785
8893
8420
5255
687
2553
3722
1782
2511
2869
723
4777
4514
9548
4725
2827
8798
6562
8416
9994
7540
686
3521
56
4643
3385
9353
6693
8148
7472
376
4248
2402
9887
2661
2726
6076
5058
9838
4253
4339
776
7487
275
833
9852
7572
6323
9980
4418
3318
9389
639
6111
7548
5603
7011
7346
8864
6956
4705
1076
2683
8733
8289
9059
7108
384
6426
3814
555
8568
6120
8963
6052
9911
6900
3523
7249
4885
7738
5841
5162
7223
6476
5469
377
4680
2102
7871
1910
8459
6822
5205
4477
4715
1920
4167
887
273
8010
488
2281
3744
2496
1830
6876
8767
5838
9893
5491
1029
2881
6461
1703
1172
2160
721
8048
9721
1061
2200
7551
8777
6455
4192
8560
7337
1949
5433
664
4232
1716
9004
9431
3300
8571
3196
5265
3298
1865
6376
114
8711
1289
3786
5880
2282
5931
3978
5460
3967
2252
350
4790
9634
8182
4327
9131
774
6233
3144
5924
7489
2399
5964
3652
29
6405
3549
8520
3331
3867
2238
9585
4745
5314
1775
5997
2051
8886
7164
3477
1646
9881
1594
690
9841
5160
5222
3671
9558
7513
2554
4958
4821
6770
8796
9928
414
1026
3888
7536
112
6140
6696
4190
552
6857
1532
9119
9346
9970
882
2772
4678
4973
7264
5018
2728
2949
9649
8230
9444
550
5860
7600
4654
1138
6620
4607
1695
815
2809
8810
2613
5975
9292
2803
1387
9540
9641
6866
7813
173
3106
514
6389
1032
5509
3628
3303
8235
528
9211
4866
4209
3537
1101
4727
614
2893
3060
3442
1242
191
799
3732
9962
9485
8359
5447
1789
6213
8162
2548
8800
6101
1352
2071
8209
2658
119
64
1631
9764
5158
4361
401
8686
7141
2465
7757
5861
1441
2087
216
5407
7331
4814
2331
821
5977
3769
3743
9730
2588
3494
8870
9294
1684
7369
5311
6179
9214
5117
6351
379
7321
598
7596
7351
3619
2966
1898
3792
1426
4841
3087
9083
8170
8494
652
8423
877
1027
89
7922
9001
5172
5258
17
370
5088
864
3875
3710
3623
8326
9098
5785
1997
4383
9303
4867
1511
6904
3461
4726
2986
9506
3178
8790
4637
2376
6073
3040
9010
4689
5401
1872
2375
107
2655
764
4081
4760
5674
7857
7193
4392
2855
4478
974
9055
4001
5370
3140
3603
940
3590
1747
4583
6414
1003
5026
7072
8051
7359
4137
4475
1524
3141
9837
2241
1207
9340
7507
8834
8127
2441
3745
8297
8380
2310
143
2641
5168
447
5006
7400
6314
9287
3212
1911
185
2475
3634
439
6321
6089
8347
6442
6154
5961
9337
2884
6991
6276
1887
4641
5281
9363
8146
1025
5988
5769
153
6330
1420
21
2177
7503
5731
9243
8949
3998
5766
9322
2152
7620
1197
6041
8464
7579
2111
2659
1245
2377
1879
2905
2793
8956
8177
8523
6251
994
5132
3979
1983
7173
956
109
8147
9471
2673
3872
3916
5037
169
2985
9469
6955
5965
1900
4870
3137
4882
8821
5577
6698
3925
785
8332
1001
531
5821
1192
4987
6910
192
9749
9369
4503
1341
2877
730
8622
8643
545
7968
9220
5071
3793
7905
2919
1444
3645
7720
769
2867
1340
6554
132
4060
2829
5493
7349
8885
9065
3324
6506
229
6966
9240
1805
9734
1415
7654
6785
4509
9482
9833
9085
8176
8933
3054
1889
5186
3641
381
1080
1323
7013
2630
9104
6103
984
1036
8783
5174
6848
6600
1244
7756
5100
8993
7777
8855
6518
3032
7278
4088
2017
4002
7599
7850
5273
4006
6802
8557
5666
2070
88
3429
4107
5325
4604
1617
463
6752
6685
2423
787
9112
3228
7577
5878
103
939
9033
1160
4720
859
8911
8
2637
5221
8904
8171
7456
1797
5454
4712
3050
9374
4614
6246
9550
8561
4806
6428
7280
9417
4750
6148
5361
6081
4778
9244
5188
7844
3880
6694
4460
2653
530
6920
5907
4442
9317
4461
3359
8645
4146
6132
5952
7965
1767
3600
7949
5192
9607
2464
4915
3542
1235
6892
9279
9395
1078
7350
5372
668
631
4423
8881
811
2438
7155
4319
8926
7299
2892
7219
4826
7637
3829
7365
7452
4429
5811
2951
927
9027
7035
1140
3323
7411
593
3345
4524
6883
4067
1456
3193
1226
4284
6128
8710
6743
1521
9624
9062
2334
6098
3845
4452
2197
4993
2278
658
9311
1233
453
1977
2084
6155
5230
4359
7152
2679
3357
148
1482
1624
8948
2532
3560
3041
8511
282
8128
2748
4646
8575
5411
5090
3352
5336
4340
7885
7404
576
8282
9512
7289
621
1549
6541
3373
319
6790
3886
915
6147
5828
1358
3759
234
3799
2341
5097
9769
9344
8310
4283
3346
8490
4508
8854
7448
4185
8190
9162
7557
1097
3355
3758
5710
5518
745
1605
7282
5888
9511
7284
3491
7496
7492
3356
5544
3239
6792
3423
968
8706
8039
431
766
2192
3727
3737
8684
7772
9268
1270
8455
6797
443
6126
5316
8400
8940
4492
6349
9950
8942
9712
6813
7258
5256
2818
1671
2989
5783
9450
7937
8931
1800
5349
149
9060
3307
3666
2820
3055
5364
9691
5948
6232
7736
7931
7618
8418
2274
9733
4134
9937
9908
6753
4968
3894
5951
7333
5353
4443
7673
8851
3268
5115
9015
6252
3233
1665
1553
6715
9532
8234
8917
2980
5243
6846
9894
5022
4255
995
8936
839
6069
2129
2109
3291
6395
9332
9445
6871
3448
1952
5824
6447
2663
9672
712
8118
5490
2444
288
8521
9193
7663
4187
9958
5747
7374
5327
1422
5413
6639
4355
6873
3524
8110
5044
2898
1751
4938
1682
1178
3381
2692
2355
3236
4802
1147
3506
2362
2846
3108
7483
952
1251
7550
8833
446
2539
5185
4554
8484
504
9536
4811
386
2357
4716
4328
7773
1814
5711
8174
1868
2259
444
562
9012
9696
9702
8378
7190
7985
617
6779
7319
8807
3631
4360
3755
7246
6270
9206
1071
2301
9855
7106
8201
7263
7626
1038
2388
7012
4798
7997
33
4682
6578
2678
3783
4949
8766
3010
763
7574
4623
5530
7762
9947
6118
3407
2756
8238
3592
5620
2002
4650
8450
5607
2174
5887
7082
4254
7100
8756
2732
7178
5079
7705
8411
3230
4699
9122
8552
2451
348
9564
4679
4849
3319
8340
4048
5238
8663
7357
8849
6775
9807
2426
1201
301
4652
1971
9545
4300
142
3771
7787
724
4799
3803
5323
7176
1885
5209
406
6315
9933
9258
3130
2823
1156
2339
2132
4010
4097
4151
6622
4902
332
4742
781
714
8139
7614
1706
4428
3891
4764
6385
7218
9291
8491
9762
3511
4545
3450
1023
5297
6750
9336
4642
6680
8206
2821
3715
6636
1714
2623
7935
3637
5078
4992
7538
8133
3739
6278
871
3132
6704
4580
5299
7643
1115
7063
3620
1918
8858
1602
5894
1214
8558
4702
4612
8656
8386
2665
9902
1094
3112
2217
1876
2696
1542
7865
7622
2211
8240
9229
5476
782
2651
4723
4148
1199
1234
4606
9143
83
8865
8824
1324
9455
1331
6626
1434
7377
851
650
3609
373
3255
5756
290
3408
5425
5389
1123
2815
3748
759
4422
2773
9896
6499
1022
6664
3947
9441
761
6016
2702
3805
5470
9826
493
7591
3811
335
4845
928
1241
4236
1842
5696
1600
3024
5082
2936
5163
8204
8613
2796
499
594
3417
8372
7417
5244
85
1919
5048
3139
209
9907
9559
6754
5182
2946
6931
582
9309
1442
9477
2508
9549
2961
2100
8451
8648
4963
4301
4858
8871
5423
2473
6083
5136
6087
4183
4431
3479
2044
2560
1656
353
7610
5137
1846
597
1075
5567
6597
8696
4011
4761
1153
6342
4038
5404
1698
6288
4809
7046
5263
8944
5193
4873
750
7324
1912
3837
5034
6963
922
641
1863
7043
2718
8080
3938
15
4894
2558
3329
4304
5453
3188
9329
4976
5926
5333
5329
7776
8403
5970
4169
5305
4267
1702
3630
8726
9966
7493
8542
988
6420
2231
1733
2344
4674
1851
2026
6292
1512
9618
749
6748
5416
4195
1437
1970
5342
9269
4120
9722
3659
8694
1446
6424
5016
5482
8405
8778
5963
3555
4877
1042
8591
6856
9403
4803
5086
8610
7832
362
7625
2098
9785
6697
2371
3337
4289
3863
8607
8759
4535
2021
9904
1303
8283
6169
482
2224
5260
9736
8145
6430
5385
5854
7109
8250
492
5322
7516
3330
4295
5057
1987
7778
6399
6863
7915
8259
6434
5819
3171
8208
4156
118
7683
1238
2168
9612
2601
4540
5713
4199
5386
1597
2013
7310
8751
1451
3199
553
4466
6740
7988
8055
54
2234
5371
7523
9063
4028
2804
8528
9815
4490
9930
9539
2356
6853
6350
8034
2131
7681
7181
3869
3611
819
411
6825
3682
6220
2597
4225
986
9599
4380
3505
4724
8822
852
6387
3776
564
3987
2700
120
2742
7603
1232
5773
4576
618
22
1452
6674
9680
8154
3878
2130
6725
2105
8252
8274
8771
8596
5431
1152
8582
316
7450
1291
5398
2807
3416
1083
8087
587
7553
4984
2028
1813
4856
2635
8534
2037
1143
6431
2856
6580
4962
5524
338
2249
1748
6529
6345
7373
1392
4602
5566
755
4975
6308
9479
4012
8840
5694
8701
2883
6063
5286
7834
2769
3562
537
7983
4897
8941
1907
264
5052
2890
7672
6031
4172
510
7506
6933
4847
5000
6841
2649
6393
3169
4594
2504
5592
8277
1572
7594
2981
6377
570
2064
4138
4157
3452
8815
5890
8096
9382
2965
9328
4240
2598
8000
1020
835
9075
4179
392
9230
6470
2125
5146
237
918
6550
6320
7142
675
8497
1380
1158
3651
7897
3183
6760
5673
6215
2219
2040
3920
3322
5733
3614
6368
4701
2498
8637
2491
5661
6107
3705
7303
4779
9850
8487
9995
8483
5962
9302
9364
3100
8548
7947
7883
6413
7781
3541
7617
1878
4291
1951
182
8795
898
8981
6257
8137
4957
5600
9562
6247
473
3008
9597
4303
9215
363
4369
9312
7143
6343
502
7918
7840
3636
1285
4753
5033
1754
4918
3129
8714
2777
7334
407
3176
6864
9854
731
4693
2447
6061
2990
6563
5366
9316
5943
3753
5748
2042
6947
966
9656
4645
9768
2627
1246
9348
5120
6197
4934
3865
7928
7478
6298
4298
3968
5041
5236
4539
9442
8292
6675
2547
3899
6195
5147
9777
3876
8869
6018
6990
6469
8835
5645
1375
7973
3035
1497
1530
6116
2575
8068
2188
4483
6594
9635
2055
3832
2213
9646
7058
1515
4664
4491
9623
9129
3151
3258
7281
5798
2794
6875
5085
8085
8730
4454
4713
2565
40
2568
9588
7343
9427
6040
3404
3685
8108
9425
2284
1589
7111
3691
4317
8838
8593
5
6795
2991
5991
7000
5206
6465
181
6574
5099
6027
7339
7024
5335
8247
8312
4268
4399
3203
4613
9741
483
4197
1051
8746
4499
6203
9731
4552
2493
8955
4868
4173
5692
2865
2308
6909
1351
8654
6293
5450
6000
4438
4898
5584
8043
8572
559
8329
4648
9831
6159
2955
4358
7849
5552
4497
6047
1752
9175
1127
4900
7549
3061
8325
2264
1055
4403
5054
8119
6789
9209
1994
9578
6227
5882
3059
8183
9481
5565
7812
3576
3068
7027
7677
6670
6361
1803
9495
7862
8248
609
8401
4531
6409
3076
3649
7715
6274
4548
9084
3216
4166
164
682
2247
464
176
277
8431
2290
3001
6142
5782
7015
5869
1749
8112
1937
3225
5466
4766
4062
5499
8509
3104
8631
6402
3496
5505
6498
55
3426
3575
374
8811
3437
6905
932
941
6895
1675
2758
347
2941
2373
8620
2122
6241
4595
1632
603
7558
5800
2127
8891
3443
8152
6640
9451
5285
4113
7244
8943
958
7457
8903
2352
5701
899
106
3854
7353
6483
3488
2293
6217
900
3817
784
1531
4616
4046
3483
3111
7713
2453
1108
7904
9715
5387
2228
4388
507
9601
8633
6407
8319
2780
476
9836
6724
8515
3922
6849
2544
1052
4098
8584
5028
8037
840
6996
3850
9875
52
2647
7237
4055
1225
227
7744
8049
4072
6553
3441
596
2482
134
4379
2108
4045
1986
9705
9883
1173
7139
9889
7748
5289
2043
1462
2095
4077
8781
6192
9168
9778
4776
3338
7482
2998
1728
495
620
6504
5685
4782
8576
3096
4550
1717
496
1099
5885
8399
666
7068
9100
4908
59
274
9172
4258
8379
3304
3451
1723
8331
2549
978
7120
1680
1609
771
3091
5730
4881
7042
673
1636
2928
2324
7819
5561
4537
7623
36
3851
6225
4797
4819
577
2835
2424
9682
9460
4986
498
3205
310
6973
4670
3288
5170
1044
2038
9124
7509
861
3721
4280
6065
1458
3795
7228
5818
7962
6464
4211
5810
1266
7114
2948
7247
198
4274
512
9971
2841
8818
7941
3371
6260
7458
7235
8098
1030
8748
9227
9927
8163
238
5820
2236
9922
9557
8616
5913
1223
6125
5996
3135
8260
5593
8092
623
4437
5574
45
2713
5356
3982
255
2110
2996
1466
9784
6324
9620
2394
9703
4106
7427
7147
6229
2379
1119
6503
6653
1081
6803
8592
3513
2049
8073
6394
6560
6540
5829
2431
6868
8588
7389
2864
3836
2917
6332
4657
9948
8135
175
5881
7963
3993
3683
5467
4836
5910
5463
7511
124
9443
1768
6238
6835
1623
3289
3379
2378
3285
4142
5228
3713
5865
5061
438
9049
5925
242
1186
3830
4269
9173
5786
1354
2674
9106
2007
8977
222
5439
7589
1921
6821
4449
4817
2614
5969
2671
7426
7252
5456
891
5712
6766
4071
3988
9581
3849
4822
4839
3439
4591
122
9727
6992
7073
5806
3172
5605
2202
5807
5900
9920
9376
812
5875
9405
8059
4843
626
972
1383
8837
9685
3939
5432
5420
5306
8632
7064
7662
337
7165
4410
6915
117
5229
435
8011
6365
2383
513
7439
2654
5119
6534
5602
3366
1742
3857
3569
5412
6809
1874
7846
7932
9169
2675
8203
7318
4323
9056
3858
4617
713
6261
8084
5956
2315
138
2384
6783
9094
6005
5763
1697
2454
6193
1202
1743
380
68
3195
4931
6495
6570
9032
4397
4020
6885
2075
8281
8638
1104
3546
5291
4768
2116
3463
5708
154
3660
2128
9677
7500
9604
6987
9974
4676
7709
8412
2685
2404
6357
8382
2338
8506
9176
3245
2158
3664
8212
8698
8658
2572
4309
4510
1272
2140
1269
1191
9530
7803
6982
2525
8022
1759
8076
1710
1325
9892
9383
6094
442
3347
9007
3708
1700
8132
5941
6948
3525
556
8734
7494
3013
7926
8036
3580
4769
980
3299
734
1517
8357
9071
5595
3257
4805
9798
5704
9265
7525
4608
6338
3616
5937
6893
1449
6390
4350
7912
9018
8042
8115
378
1473
6828
4708
9949
997
7240
7238
3656
123
8323
8712
2401
2907
9810
423
5487
7917
8496
9805
7764
6720
4823
3719
1603
248
580
993
2872
2292
1237
4458
41
1538
2882
2779
5623
5458
7900
9487
5942
6328
5328
1786
1988
3519
3262
4916
1615
606
6935
4139
1356
4582
1765
3064
2462
7386
4444
6303
6944
2657
6208
4818
2195
9047
8465
7003
3326
9163
3553
3833
8809
1317
7192
2785
4738
7071
5528
6222
8878
3768
6369
5851
485
5684
9082
702
9663
2443
8160
5089
8350
6398
3272
2147
4042
3202
9595
4133
2925
7402
6937
4879
2175
3941
1146
677
5573
4921
503
1368
6250
4555
669
5430
2866
2885
7645
35
7923
7245
1764
5216
3648
6067
1467
4100
4465
4111
7274
5126
549
3540
6318
8186
6322
5789
4407
1438
5585
1593
4562
3363
3293
992
7200
8504
3972
3981
585
140
3117
6817
920
8708
1595
8913
9975
2093
9484
8594
5522
1060
7085
6317
863
780
9428
1611
8228
1867
8585
3897
3164
7938
7816
8143
1613
7208
8213
7189
9573
7465
5303
2286
8495
9013
4463
5791
207
9654
7575
4933
8680
4559
2283
6997
6474
7696
1958
6635
6057
2691
5077
1471
6575
3633
8178
6191
3657
2851
1161
3514
8370
1333
1724
4027
7414
3325
7060
6239
538
8060
9598
4343
7659
1374
4136
7283
5277
3249
7854
1431
6080
2812
9579
1305
1580
2967
2952
4729
4332
9910
5823
8285
4362
3045
8251
3095
3317
9829
908
7376
5695
4035
6374
9723
1687
8867
2300
6968
9541
4755
9608
2842
9313
797
1824
3952
5642
5053
2950
7674
5968
5744
2306
8072
8697
9997
7454
600
3885
5536
4229
2073
2439
2332
1841
6417
2832
3672
4250
4155
8124
8946
7680
4960
2411
8832
241
5949
2562
2540
95
1130
5742
5506
1590
5107
2687
6304
7823
5139
6877
9406
7204
3604
1638
5320
4876
7459
5176
98
9867
5967
9830
130
126
8030
3629
9234
7703
5103
1057
470
5492
5195
7266
2230
1818
3991
7678
890
9683
8172
9275
8474
9772
8850
9674
7714
8516
3502
2409
8046
8980
5870
8549
6565
583
2295
5457
6172
9314
1278
8097
4180
8322
4384
8336
8193
2499
2353
2610
9774
3970
208
5502
8243
8439
6631
8742
1050
8462
268
1212
5348
6446
418
6582
2057
4239
8538
5830
4629
4375
8126
8760
2416
3481
4733
4978
3958
971
2069
9185
5932
7940
4752
7520
4913
9099
5914
4194
7735
6279
1696
4661
6156
4955
5815
9491
8334
3043
8111
8348
3435
9528
8180
5187
1961
8617
5394
2190
6145
1991
7847
2187
7338
1154
3204
5020
9497
7961
250
1509
9137
7815
5893
9222
3887
9843
3599
2173
8938
2591
8453
331
4396
9133
4977
8344
1962
1419
299
8013
633
5646
7939
8914
1627
6673
6954
3642
409
1454
4413
1980
6608
7276
7975
3349
8194
284
2922
110
487
8394
2616
4338
2501
6167
3350
7859
266
3386
3098
1707
2724
854
8268
4530
9813
2620
9756
5983
7395
205
9745
3085
8761
4487
9493
397
7501
7048
3187
2645
4584
5741
6774
8107
6443
8531
2757
736
1011
427
5399
4853
1567
878
560
6271
4205
5068
7838
8410
7425
1469
387
4299
3676
9478
432
9717
9105
314
7432
129
5633
5315
7692
2032
4625
1831
2218
9510
629
8550
8682
846
6648
7719
6539
1718
459
9534
6880
7017
4335
3154
6826
9074
7911
8033
977
1709
8922
9252
3678
9186
5891
9533
2737
6419
9716
708
4572
5477
8836
8460
7601
6391
4743
8221
7699
8169
416
9569
2208
1389
902
7839
7856
8529
3926
5945
2800
2144
7094
2521
419
8683
6645
2633
9863
1788
9808
8757
7891
1175
6137
8489
3074
4235
5994
6327
5916
3512
2805
8327
5011
6501
8388
9225
9817
1121
5214
7273
7392
4366
4994
1599
9566
4969
1925
7205
5102
7921
5092
9097
2701
1139
3470
1053
1107
8919
6726
6908
2774
296
7571
8915
7354
9386
680
1522
8994
4746
4731
8181
3428
9811
4656
8136
467
8825
5201
2749
5933
1941
8957
8415
4983
8707
7030
9751
9253
8165
8669
1350
9861
1926
6878
9905
6249
1577
6544
1141
7112
884
8309
9232
9141
194
9851
53
5272
8062
5511
8909
3031
2862
7837
1370
8106
7934
1047
6731
1124
1644
4039
2994
8650
408
3227
3037
1882
8605
8998
3889
3500
520
2937
3034
9638
1726
744
8407
985
5558
7135
674
8144
1533
3253
1519
9613
5472
5749
5886
6379
7184
8468
3380
3694
3848
8674
7792
7545
9689
8554
8982
893
2137
3334
382
5210
1177
4610
9046
2486
644
4563
2133
2721
4334
2677
5652
4573
1494
3161
3573
9839
869
155
7056
9167
5678
7298
8265
2745
9779
6302
7210
6059
312
4681
752
3687
2888
3242
6219
3473
907
8155
3311
3398
3741
2604
1535
4237
3153
1562
6456
9639
7059
3700
6897
1372
6309
2047
6335
5275
5928
6282
6146
5923
5157
685
3316
753
5235
3699
2530
2557
2978
6702
8337
845
7387
7998
1106
6359
8793
5134
9341
4325
3399
7140
3964
3794
8373
2799
5683
5835
7667
9929
9486
3698
909
7799
7927
2347
8990
1791
246
521
2446
82
1630
4767
6263
4690
3368
544
5145
4342
9729
9505
5130
6912
152
5110
718
3084
8294
9890
5591
2445
7470
4448
8880
8769
9776
3276
5141
7239
326
6547
7902
2927
8952
2382
436
8547
2582
3680
3395
6079
7314
1604
1917
3760
2076
1922
1385
3462
4381
828
2176
3716
3608
2090
5816
1311
9028
8479
3314
9782
2405
2609
2964
9899
1982
2710
8437
2819
6467
7356
7560
4474
8964
5644
7220
7564
4421
9210
3412
9490
8179
6429
5966
6728
6586
8236
8089
5302
197
1176
9148
6820
9331
9267
5537
1144
4587
4951
2246
2502
6579
6511
4171
3413
6651
7810
7481
575
9812
867
7077
5194
3365
322
2824
4230
5899
4936
9666
4628
8020
8866
8425
8532
2615
3742
8493
1691
413
2277
8665
1616
9800
2035
9052
8229
6545
4065
6034
2414
5448
4534
2474
5249
4083
7117
8788
7568
3261
7708
1256
6207
9871
6617
6974
8661
3959
2593
486
526
9333
7066
9653
1295
7723
9983
271
935
6479
7327
8975
4759
4589
1554
1802
1007
8530
7241
6777
7970
6981
3039
8732
6334
4036
3458
8814
1607
4462
6749
2900
9439
8074
5434
6139
4277
1095
2005
1581
1164
6663
5451
6896
480
3791
6014
7573
5489
201
4609
9759
6932
9957
1472
1683
2717
1058
6353
6340
720
9788
2606
7067
1227
7805
6273
9378
868
343
8901
1856
5757
6757
5300
4756
3097
6662
2162
2023
5066
7088
2519
6488
8417
1271
800
6858
8280
8358
9263
1888
2716
6117
4880
6735
3936
2291
7505
5508
9537
1514
18
1774
791
1229
111
2837
2067
4141
3218
133
2153
9695
6481
251
1699
9218
8826
3568
3238
3595
7053
6010
9351
5410
7821
368
1844
5687
6439
8655
9688
2858
4630
285
4515
801
4405
5953
9981
4627
8258
303
1135
309
8906
2830
5301
4529
6851
8027
8722
341
925
5121
3994
7971
8794
2913
7345
5628
9625
2365
6679
4125
4257
9000
6024
5902
3515
5388
6642
7531
9335
8239
2528
748
8626
6490
9177
3391
9714
2740
3243
4662
1953
9413
591
6362
3785
9310
6633
3369
3846
1711
2646
5271
4272
3697
2761
2904
1772
4215
4780
6221
4122
5521
6734
634
525
8168
7047
5790
2592
715
6500
2992
8463
2590
3073
3364
1652
4262
3921
7605
3593
523
50
8125
8705
2396
1423
2186
2743
9499
5571
3244
7561
9237
7608
8729
3065
5292
4624
355
889
1862
5019
1932
3207
6341
7342
1766
1837
6427
3532
7848
3807
7986
2719
5150
6492
4506
612
3571
3980
9424
3587
3103
3574
729
1309
7462
5525
3142
4585
7159
756
3362
3750
4279
2790
8050
6768
7251
2325
8642
6383
1893
1064
4161
9457
9304
903
3284
1809
9187
48
5527
7584
6072
9804
9387
8262
5485
7602
8320
834
8739
2120
2276
1877
9301
1761
7609
9673
240
7746
8064
5363
2460
6177
9307
8122
4925
2510
7259
6688
224
6202
8912
7783
4117
4341
4762
6173
7212
6056
1338
6313
6396
7433
1571
4118
2515
970
540
1857
8974
6650
8142
2957
6329
9633
9740
3526
7175
4883
2968
5441
308
6119
5697
7277
3586
2053
1296
1934
6444
813
2546
302
1501
6124
158
9354
2607
732
6967
7695
9101
8636
8276
1633
8738
1330
1890
7518
7435
6030
8624
8270
6513
430
7121
3123
9658
1405
9057
1046
4494
7806
1381
9321
1736
5143
1298
5264
4929
7195
4476
4053
5409
2495
1672
6710
8121
5660
4158
8363
9286
9171
4170
7711
4238
4875
646
7308
9583
4827
7128
6269
8012
6204
3420
5724
71
323
3101
9897
6050
8916
5406
1995
3971
3883
1168
1573
9801
6527
8873
6995
391
3990
5940
1881
9941
8261
4781
4219
698
4504
6515
1406
7055
8602
6256
2488
9652
7065
4635
5298
6240
469
8569
5995
8058
7361
4408
8512
3397
385
9140
9054
6182
300
3332
519
1084
9201
4371
6421
9115
4090
9752
7471
1337
3770
768
278
6064
7760
3780
1628
3229
2302
2456
2065
3815
6384
6003
8785
8551
3996
4795
6687
4326
2099
7874
1489
2210
3527
1523
4740
5405
5745
4482
2662
4313
3348
6891
456
3809
3640
7221
8029
517
7305
200
7079
1016
2189
5664
9626
2561
9391
4560
9393
1985
1906
9939
2428
1669
2688
2400
9285
2487
7583
5318
1236
8246
8349
2638
1284
6211
1839
2543
6516
4228
2104
3152
758
5091
1035
2746
7291
8972
9686
5283
2668
6194
2894
7581
8446
2770
1200
1827
5013
8923
5813
676
8876
2436
1345
1312
6306
6776
7127
3088
9993
9526
8687
6449
5226
2715
372
6590
4611
8887
655
6593
5669
8939
7037
7668
8750
7370
5540
3182
8535
739
728
8316
2754
318
7270
1184
6823
6556
4273
6331
4658
5795
5570
649
3131
7367
8290
5108
2257
7021
684
7440
2016
1804
754
7916
3951
3582
9593
5776
7148
2983
4174
574
5027
3147
1895
7817
8492
8978
2267
4200
4765
5971
9356
5332
8488
260
6872
1566
3536
1427
4259
8447
8366
9739
838
9551
7144
5781
3591
1938
5049
5154
2366
8339
6592
2349
896
9282
73
5553
9228
7156
6830
7845
3841
2988
6366
6348
9362
6296
3403
1196
7907
8021
3911
5864
9535
1204
6538
6020
178
7006
5663
7651
5734
7996
4356
9022
2161
7943
7446
5549
2225
3855
6189
4196
7901
8045
8284
3150
5946
81
7655
7687
5465
9876
5598
6403
1398
4990
9089
554
4792
8477
4796
2335
7960
1067
2648
1570
1254
1009
7161
3667
8242
4615
6248
7129
2494
4352
457
5012
6502
3915
2287
8601
1193
6007
7510
1719
5822
1040
5985
1276
5138
2852
1929
5627
4450
8191
8609
7087
1725
2778
3320
6201
6046
8590
254
5868
8231
4058
3882
4665
2875
2997
1579
6568
5911
8232
6287
6762
2178
6706
4110
4619
5523
694
92
8812
1666
6665
7958
6971
6093
4558
5259
9726
8803
5517
5989
2617
1583
1120
590
7631
9664
8932
9249
4013
9423
888
6682
3194
9042
9002
7869
4890
2477
4162
2943
2705
7179
4114
1913
5729
4344
6068
3415
5686
5560
9480
7335
7504
4049
7083
7061
8784
788
1744
8709
6100
5641
1103
5184
7268
4152
7381
4739
1248
7794
7486
5568
345
5896
9857
4754
3220
4922
2934
3818
6794
2751
1496
1899
6199
7595
7330
9359
7722
3510
9538
6644
7197
3102
3259
1195
4430
454
1688
8533
4464
9452
5680
4104
773
2970
4634
7288
9873
5312
1320
2567
1967
4684
4017
115
4130
5764
5177
9853
1279
5197
2063
1479
627
4292
8383
4116
954
2791
8081
3579
2844
4758
6039
7944
3955
9856
4579
9474
6921
7919
3177
4103
1450
4363
8651
6406
7045
1578
1565
3852
1701
9159
6634
1507
7870
5514
9560
9961
8486
7329
1166
7371
1875
7942
8387
7636
6275
3754
1662
2052
4231
1314
1142
8376
7202
8502
7855
9458
306
1741
8192
7279
5215
1819
6002
9611
6999
4998
726
5905
3294
3476
659
5274
5479
6832
360
5461
2684
3387
6316
1018
8519
3489
9660
1008
2386
8404
434
7889
342
9877
9619
7474
1807
6926
5321
2391
394
4816
875
8256
4404
622
3465
1335
6555
8966
2840
4979
6732
1315
4264
189
8773
529
9158
5842
5296
1964
7664
6071
9216
6958
2320
396
1344
4638
5131
7480
1808
4528
2993
3545
7689
8603
1151
6652
7025
8721
8391
8827
1250
4469
5596
7032
830
8004
4772
7092
5679
3764
6816
8623
2555
2463
10
2468
7171
7790
5904
7243
6850
569
9257
230
4433
184
9872
2068
7207
424
6364
7098
9913
5938
613
8449
5797
6457
913
5486
2535
1978
2652
2825
741
452
3706
2343
8435
1832
8691
3360
4961
8896
7818
9496
304
7103
4698
9693
4030
3287
2061
6231
5677
3283
1281
471
3361
7512
3607
4649
9400
2406
5331
5720
8300
9919
1034
1963
7113
6520
2327
2801
7169
9305
4812
5738
4488
8356
5702
1927
1307
1301
7955
7831
579
4261
3605
8430
8628
4807
5982
9946
8544
4378
2294
5408
6272
6638
1973
2589
8189
9113
5426
9834
1150
8780
2873
5682
1170
3274
6691
4182
7679
5784
5636
7355
4872
9912
100
8065
7994
5611
3201
8522
2747
8355
7418
441
1131
737
4154
975
1056
2808
1068
6801
6526
3877
6703
4365
5341
2727
1866
9283
47
948
2434
7749
7707
5599
7710
1916
9628
8070
5908
1661
3075
8852
3186
6986
1635
6480
886
7430
697
9449
7768
6045
1563
4415
4000
1407
1713
5859
4910
7868
2171
5581
1956
5858
1487
2086
3534
2636
4709
3251
8675
6615
8288
1992
7410
2814
5770
5689
7424
8924
6311
8129
9711
5616
6234
8093
32
6616
1526
5010
7041
2288
3819
6066
256
8927
1265
6381
1534
8314
127
1817
4003
2619
8667
8233
2933
8743
9408
3937
4937
1393
8279
2954
4026
3160
9020
3309
8630
6713
3789
9568
5096
6576
3234
7451
2092
2058
1089
7306
8140
7074
6714
5025
6493
4567
1189
7669
2006
5384
3248
8612
3456
171
865
8749
7933
8472
2212
1260
5440
929
1678
9668
3650
4441
6178
5699
3321
7950
7076
4149
5688
4593
9650
1548
1621
8167
9127
7534
6170
7347
6798
7019
7786
6903
2608
7118
9719
5837
6889
704
1410
9692
3484
2395
2060
8847
9016
619
3986
5376
6478
3749
6584
4473
8392
4296
1798
661
5867
8375
4302
1073
6569
9657
4061
5393
2309
9543
8501
1390
8444
5094
4135
757
1180
4787
1261
2706
1382
872
1128
4577
3206
8615
6290
7384
4188
479
5050
4198
9525
1149
5529
9217
9398
3252
8149
6978
4860
1394
5681
5992
7730
2167
8619
9546
1114
4
7416
417
561
4416
5849
6412
4597
8527
8214
6708
49
3734
2755
1019
298
5726
1896
2209
2640
4953
7468
6888
6347
9575
3930
3963
640
1391
1502
747
2850
2271
6914
7665
4991
9384
4337
3375
2321
6035
7104
6610
2256
9421
5133
5675
6865
2314
5248
6836
1740
9992
9786
2603
1850
7383
3695
9614
5640
973
4989
8536
4047
8130
8514
8579
135
3472
5202
4685
9145
4021
822
7864
8402
4917
4308
4909
6536
936
5853
1545
8269
7936
51
3016
9102
3467
78
9259
5445
7598
5024
7658
5004
2723
2121
6548
1310
6237
4128
5358
2768
7315
9761
1215
6782
9522
558
7101
4521
5546
2871
1794
6032
2350
6831
5866
820
8374
3250
4207
990
5563
6266
8475
4425
5755
1639
3528
5095
1012
2220
2429
8672
5935
3763
2164
7372
5670
1218
7366
7473
2191
2523
6913
2580
2115
6363
8728
2214
8902
4718
2848
3839
4719
9021
1527
228
3961
6336
3167
2450
7633
6964
5357
7007
7700
6861
166
9985
7593
2912
3424
3639
265
6153
7977
3756
632
4470
2573
3927
4935
2506
1618
9671
6121
1262
2503
4667
8078
8195
7445
357
6886
5758
9069
2181
6277
61
6989
1190
4507
9136
4620
2667
9679
9464
4774
125
967
2413
8968
6373
8889
375
6102
9956
6942
563
9865
1021
5365
3447
206
2363
2079
6596
1411
9238
4221
1447
9820
3
8671
6707
7652
1712
2312
2048
101
8157
3740
7569
4249
4527
2390
7993
1361
7415
1659
1300
7544
6397
4972
7820
7420
2571
1116
2836
2915
7670
1327
7183
8278
6418
6044
2828
1408
592
2437
3266
836
9858
4175
5555
789
1546
6659
5464
5287
9990
9706
5060
2033
2982
7296
6090
167
9932
6970
1677
5901
3581
7686
5873
9556
223
4164
6496
8091
3048
6722
8839
3146
1063
850
1811
654
4031
9190
6033
4093
9809
5780
7556
8947
1582
4896
3078
9720
7734
1105
6844
1369
5630
2563
6375
2015
5338
1299
8082
2266
505
2094
2734
6558
9179
1692
9989
9150
6657
8079
8409
1249
9816
9982
297
8315
9048
6630
6198
8086
6
1435
131
9955
3110
4622
1129
2639
7186
7137
5032
9472
2119
484
8397
7224
5610
9935
8303
8069
9775
6295
2392
2345
2307
5480
1243
938
6882
4281
2703
6386
9909
6859
6339
937
6879
6573
7441
8562
9509
5111
7038
1409
6793
7784
8054
1157
2611
2263
3661
4387
3984
949
4050
6654
9571
6837
4068
7182
1440
9648
3418
2520
8476
9580
8480
4080
8930
515
8445
853
6136
7312
4349
7890
9426
9274
5714
9399
6522
4322
9453
6133
7644
1551
1329
1690
6559
8695
2317
2170
5417
4051
1213
803
3390
7895
3774
3842
4481
3224
9161
7016
7984
8517
2826
6489
7157
20
6104
8432
5220
6088
3336
4588
8467
7825
3918
1230
7804
6727
2577
3256
1503
695
6709
6641
8485
4518
8335
4427
6647
827
1328
5247
4871
1090
6929
188
150
305
8524
8644
3493
8950
8361
1722
3138
856
9936
9609
2370
9261
5575
3901
3197
7946
5354
2114
8505
1998
351
6840
4101
2361
7967
7488
4085
9142
6372
885
8052
8200
849
3646
7191
7325
2693
8381
9245
5609
8973
1145
9154
3372
7661
3232
2781
6564
186
3670
9794
7882
1904
5473
8287
3136
5204
1421
6230
4368
2643
336
5638
7807
883
3009
5390
6632
6819
6408
4854
4057
6440
5362
4940
7653
4260
9640
9998
7740
7619
7879
2422
9323
4436
3449
1371
7701
7287
5709
2634
8797
2476
2313
9092
6485
3520
6025
2489
3668
3468
8217
6598
5761
3773
2618
7217
9791
395
1264
5554
3241
5533
3539
9156
2275
8436
8442
3343
9371
9576
1484
7858
9415
80
4626
1883
6678
9917
269
5144
2204
8762
5127
2911
3005
5449
253
8752
6123
3618
8291
7881
2078
3738
7951
7232
3577
2707
4603
534
8618
4266
2415
5564
9846
231
1209
916
8969
4982
6618
516
7630
3820
6934
1288
3766
710
1220
1781
7391
2545
931
6463
3246
1159
1247
3099
9446
1219
9
3977
6951
2034
8507
7216
5075
3558
2074
8754
1493
5350
4310
328
6845
2421
5775
4409
7136
74
2889
6533
8537
2999
8541
4086
3601
9342
4099
6976
9972
3914
1933
7514
5498
2336
6206
8647
1436
7543
814
6161
933
1745
7293
6595
276
6011
566
2910
4163
960
1972
8764
7419
9694
2524
3929
6621
4964
9373
9419
6759
7743
8556
1859
9708
5990
7980
508
8023
5649
5251
8581
2958
1915
3464
4025
894
7272
688
636
6082
6870
1205
3884
7685
9436
4059
