3989
3207
742
9307
1058
2760
2979
535
3105
7505
8989
3259
4564
513
619
6040
7528
5301
6189
9382
4110
5429
1575
2767
2716
7135
9365
1926
5623
2305
463
6744
5969
8998
3917
5818
7804
4442
9749
9541
2617
7124
4429
1823
4573
9036
2046
9811
3057
1083
9396
7906
2500
9046
6549
890
9213
9853
9565
6920
5875
1050
6962
4322
7741
5855
5057
7509
6785
4221
2690
3405
1428
2448
5664
6652
2100
5373
8485
6353
6370
8290
868
7444
6173
7406
6754
9019
6121
5216
2266
4462
8268
4361
3723
7824
2094
5129
2016
4469
1030
4620
8703
5710
4097
5961
9249
6263
1759
3926
6367
1578
5940
3294
6396
1768
354
5668
8813
4849
2575
3667
6764
4629
3611
8651
7361
6798
9603
4381
8142
1012
3762
6978
3391
9070
1255
5729
3970
1646
1527
9439
5912
5993
707
8994
7092
9425
2507
5300
393
2446
5576
6748
7254
7472
1959
4863
7418
4806
610
6451
1865
4526
2194
9909
6876
8727
3559
187
543
5713
1487
5132
1027
8307
7598
8483
225
2290
262
9859
5106
5812
3658
7822
1105
4749
8252
9637
7891
3040
7652
5180
3519
8138
9030
5711
6543
919
9837
8679
7062
1683
4912
2167
6864
6303
1341
8753
7555
4367
9341
6209
5183
693
2097
3583
2922
3827
7507
3158
4387
4791
624
5774
6445
7580
4559
7460
409
9635
4748
1808
2112
6868
7106
1257
224
2852
8313
8329
6823
397
3650
6202
2946
1770
3429
2075
7953
9640
3273
6766
4827
8234
3935
8122
2187
3005
7461
8130
7337
1613
4295
1529
2648
3843
3491
8439
3371
5690
8238
1544
2120
824
6957
5931
7253
3453
9283
2692
3676
5042
7030
3245
8499
819
1638
2034
9959
727
8819
8141
348
2181
4785
1879
3077
7111
1337
675
8862
4389
1339
915
5651
6021
1435
2230
2460
3735
4707
9767
1936
8270
5530
1594
1182
8851
3593
8691
7609
8570
8892
6825
9775
814
365
8827
5671
999
7823
8075
9979
7771
4627
4068
6768
3978
4531
2129
4771
5128
7392
5805
6672
7333
7708
305
2293
517
9845
9119
5939
8367
4455
9059
9311
2227
3449
8103
3784
9661
3440
4267
5632
1909
9929
3805
1269
8408
8573
9132
9074
3998
7515
9996
1388
3767
3302
6487
8068
6341
8161
2512
198
7726
1543
4120
4199
8612
7424
7096
6039
4862
6130
7934
8929
3724
1376
7166
3770
5934
2569
5083
4182
6585
1304
7698
3742
9419
4582
7189
6734
2131
9290
6390
3189
3783
9820
4262
1472
8521
6728
9569
3147
3810
9829
980
8342
4423
865
1752
961
8937
1288
3279
736
4554
6597
5142
3904
337
1459
813
4907
6988
8887
4203
9901
5753
710
196
7425
7724
6438
9161
2601
6029
7693
2669
1925
6068
122
8954
3487
4342
4495
1895
964
8706
5877
1031
3763
3485
1661
241
5009
791
8722
8576
2667
3126
1426
9212
6722
5838
5467
2303
4478
5622
1053
2834
9206
1944
4149
5904
9401
5261
2123
3425
4409
3518
7551
3570
3975
6909
5
2523
3494
2848
4338
7508
2052
8913
8259
4941
3736
495
9325
7109
3423
94
5781
5400
2041
2353
5339
3098
7612
6874
7988
2146
696
3543
1438
803
6817
9301
539
6112
4835
435
41
6492
7877
1363
8173
8821
5891
4889
6777
8410
1079
7624
8503
2723
3799
702
1372
9567
229
2914
6530
629
9809
8135
8617
6347
7574
3133
5463
998
7951
8455
3128
3152
948
9639
7550
4117
7056
7763
1794
382
7329
5086
2980
6695
9600
1267
7
9712
662
8506
5402
2201
5279
6890
1151
2672
7792
5732
3668
9868
8450
467
1096
6429
639
1728
918
1134
3079
3186
6671
2487
1595
8669
2616
1757
3437
9966
9573
4605
8562
2402
5239
2563
7533
7685
2069
5435
125
3196
924
5947
39
75
4608
3748
7935
9983
9159
9034
2271
4012
4781
307
5794
9609
2957
559
6904
4444
1046
1965
1233
164
5560
3074
1816
9915
7155
5087
2455
2124
5442
2133
6506
9366
1677
2684
9427
493
538
8875
6539
1251
2420
5367
5780
9013
2901
1735
3191
5757
5167
2151
1128
7451
4549
3934
3177
9998
54
5869
2679
8309
6220
3915
9696
5136
4574
6195
4631
8512
9957
4610
766
9493
9525
7486
5701
9158
7173
8541
1249
8150
4298
9246
8272
5840
4698
8289
848
8605
8413
4300
2929
6077
4917
4497
800
2972
2277
7064
8046
6562
589
4686
5281
8923
2177
4430
5096
6911
8267
2546
4480
970
5493
7077
8088
772
8714
840
6830
2240
3208
859
6164
1202
7797
8614
8999
197
9130
934
8943
132
8409
9015
4170
8583
3851
7811
5295
810
5309
3346
9238
9205
6425
5879
3380
8364
5432
6058
1320
3445
9560
6621
8800
4417
3980
7875
4798
4551
9026
5820
6110
6095
6503
1725
80
8844
669
1795
8672
6976
5304
6377
6482
5085
7960
3613
7199
9746
3233
8559
328
3766
3385
3626
1060
7201
1168
5881
4859
8917
2265
4257
7830
1866
6626
8448
4981
9659
3303
5059
1903
3192
5315
4377
6430
761
2480
5427
1491
7995
6150
236
5848
1719
8527
9786
388
2210
1036
8678
2369
5388
9898
5831
8571
6151
9262
4269
4488
7309
6101
3548
6166
7614
3680
6019
8910
5933
4001
7914
6603
549
1088
3123
3023
9295
2770
7976
6183
7190
4114
3883
7930
4977
1064
1871
263
4303
6664
3755
1047
1329
4157
764
6206
5019
6434
4137
8089
8667
7621
4830
3271
1407
9487
7788
1437
788
4916
6067
6297
2673
4630
1226
4276
8820
1392
3254
3516
7197
5247
1599
3760
6169
4510
1135
8328
6998
6651
430
6324
1624
6007
1089
6171
6196
2737
7650
7402
7012
4168
1140
9831
3392
2593
7496
8812
4954
5263
9758
5064
4586
4885
7042
9334
9784
4307
7112
4179
5503
2193
2777
4446
8336
842
668
5206
6336
6032
3025
89
9685
5739
2574
8647
1923
1229
5834
1203
9906
7442
4595
7674
7661
7537
4723
2205
2179
2773
1769
7400
3555
6093
9324
6091
8486
7991
9985
9330
8648
2006
423
7563
3814
5285
8175
7990
1720
777
5608
7265
771
6637
7419
3017
312
5312
6939
1374
2178
5930
1904
1141
7630
3274
3662
4432
6265
3787
3412
4321
2840
6100
820
8574
9704
6932
4090
4200
9724
4813
9336
6869
5681
4524
5635
1121
9824
7037
6180
5864
616
2781
4625
4696
4514
4167
9972
4543
4062
2912
9351
3071
9699
37
376
3990
4810
8831
1104
717
2872
8406
7261
154
7222
1841
7765
8226
9235
2754
9793
2019
735
5842
9008
3056
6335
7226
3219
6596
8187
529
4128
2032
5010
3063
8392
8022
7038
6378
7258
6083
4861
7217
847
288
8070
8254
9050
8578
3906
6599
6450
9707
230
5113
6247
3704
2836
341
1553
5971
8639
2335
1932
2452
8931
446
9126
1214
3997
7689
8564
5468
2096
3771
2183
3282
7939
3961
1676
6444
7879
9265
5474
3661
4724
880
1644
4245
567
5229
5345
3988
4331
501
9327
6901
3015
9200
4909
3620
1792
1400
1377
4639
7956
9181
994
340
6281
1084
4255
1937
9353
527
7686
7129
9568
4546
4906
8925
1731
38
391
3352
167
3407
8944
9188
5462
7162
4571
2740
5537
5105
958
6730
7546
5174
374
6933
3575
4712
4894
3267
6031
7061
7599
1057
2605
3148
2891
7388
2713
6663
7433
5770
1516
6160
5275
1684
9813
1395
5392
6737
3390
1569
7423
3690
4419
2518
9123
7986
5254
6470
8419
1219
6457
4274
983
623
1669
2907
7027
6138
9267
4152
9093
8924
2642
2020
2639
2517
3432
5244
6658
853
8548
3209
6667
171
3705
9001
7272
960
3497
3855
69
1161
5433
6268
1678
2774
3463
8721
6310
1065
2379
2881
6182
4760
4116
9584
4926
6676
6789
2855
7408
1704
9185
4694
283
1608
3183
4685
3753
2109
6799
3248
606
1623
8276
2837
8993
2200
4675
3632
104
8908
7989
5649
5758
3220
6727
5199
7317
9497
8016
5074
969
787
2495
9340
1877
515
7833
7857
9625
9550
8830
6906
5135
9911
1970
3523
191
403
3509
1843
2342
7893
52
9574
5120
7196
9591
7973
5118
4145
9062
3359
5811
223
8928
192
5970
995
7228
4965
607
7348
8796
8591
665
5682
410
451
7530
8824
4230
8838
5219
8225
6027
5725
1209
9379
2400
4920
9197
9822
1842
6266
3117
9963
9917
7697
2105
6431
3619
8383
1421
378
8224
4406
1606
8893
5446
368
8277
7499
9111
6795
6467
7480
1117
9949
4133
3099
1177
1868
5856
8985
1081
2792
763
3409
8222
3290
5267
8694
5268
914
9240
703
9303
4562
4292
7896
29
7128
4952
8087
4951
5528
9143
4594
7191
9416
5569
7884
1647
2287
9763
3308
9395
4136
1673
4439
7801
5994
3110
1453
4710
7615
3694
4353
6743
8973
4126
5982
8091
2115
1492
6260
4022
7335
6325
8825
7928
2902
6201
4634
2048
412
8640
7291
8118
2057
6883
1637
1263
5726
3614
9388
4824
2663
7878
4642
524
6089
6389
3484
1738
137
9178
2595
4884
745
9490
583
1592
3960
637
7963
5854
8300
6567
4857
1850
3478
8902
3127
6968
2564
1654
3902
1597
7194
9479
8713
938
9718
1807
7006
1305
5384
8747
877
876
9646
5829
8705
6053
8210
784
3511
9141
5964
8855
1785
4147
4833
8298
3885
121
6320
6437
8113
3848
5293
4843
5209
3774
8712
4618
8230
212
8709
1306
530
1176
4072
73
1467
7229
5893
2058
8274
4812
7717
8131
1452
3875
1494
4726
255
7054
9516
1901
7455
8375
1564
4471
1238
1042
9847
5203
6713
6319
5208
1200
5292
7949
7678
7022
5023
4410
4176
8042
4589
9925
427
6649
174
6497
7768
9193
8556
7118
1918
7331
723
615
6476
560
2621
9364
1379
1667
6103
216
9655
6508
2657
7868
9323
4611
4949
3377
418
6447
8264
4310
6385
9992
7777
4921
4922
8393
7534
8867
9120
1015
7750
2012
8932
676
8778
9498
6052
44
3076
2995
7475
3744
3033
6084
7121
7743
9077
3493
5889
5518
6583
290
1507
8632
5486
3582
3576
7379
5165
7660
274
3244
1016
3933
1279
6407
432
3688
8174
1523
9945
5665
7975
3846
2443
897
145
8296
8716
905
46
7126
992
5173
8872
6409
7701
9928
8663
5641
2304
2687
4700
879
1355
1378
3032
3534
6481
9563
9656
7705
5035
5885
8920
7297
6102
4793
3648
5640
6155
9113
2876
8314
7980
7592
2701
1780
9903
8474
2204
3587
1070
184
754
3037
2600
331
8062
3327
2143
9481
2879
9400
9165
5352
3160
6801
9798
286
8763
5290
1461
9347
4449
9433
4683
6963
9109
1449
9598
3165
8239
428
9258
6022
5799
9095
9638
8059
8065
9227
4592
4443
6382
7225
338
7246
450
3642
138
845
3806
2759
9919
2225
4076
5048
5102
9381
5099
8702
3673
8052
534
9716
7582
3095
2323
460
6606
42
5870
5547
7911
4599
6858
1301
9715
1110
9652
9478
6774
996
3418
9669
9595
5223
5436
7160
8700
8918
389
8323
8916
7091
5311
4755
78
9431
3286
8430
5738
3861
5157
6267
8815
9006
7940
3639
7239
1567
8149
8337
2858
5512
6763
7394
1783
6923
2299
3999
1332
6218
1420
6584
2251
9580
2955
4828
172
6628
6521
796
5611
2306
9356
7898
8652
1679
6574
8981
9830
1832
3283
2256
5033
5178
1550
3069
1744
9730
558
4614
1746
4233
10
6770
9422
8697
4617
9545
1532
2017
7082
5065
5169
6900
713
7501
2952
3145
7363
5471
4679
6837
552
884
4664
4358
1126
9170
8431
6516
5196
7987
3216
7943
8093
3631
7821
3956
704
4552
9153
977
5483
1429
3039
9442
4074
4457
1067
7137
6149
3198
4335
5724
3325
5294
5182
1897
5396
4662
4479
4738
617
5500
1862
5585
8978
3528
2911
3332
5817
7623
1781
4212
4294
2589
8066
8560
5700
4045
6587
835
7806
4982
2763
315
5868
1601
7039
5862
7413
7547
1825
1924
1026
3718
7764
3870
4207
3524
7617
2126
8504
7876
8061
5012
4036
8020
8984
1382
1260
6688
34
8826
1884
9232
4105
8791
9280
7426
6001
3009
8346
8620
4049
3043
7104
1562
6879
82
3374
8921
7247
5663
1778
8906
2072
4697
3481
7001
387
1393
8137
4141
2298
9506
4392
6309
4095
8525
5060
671
7858
4398
2257
5872
1138
7251
4530
3314
9166
5630
5926
9546
6561
5550
1225
7123
4035
2785
3625
9370
1441
944
6023
1180
6750
7595
8883
2974
4341
4273
1864
9577
2392
697
4
672
3253
9412
8804
7931
3895
7733
3455
6246
2024
9620
8077
7356
1434
9803
1760
4264
2590
6243
5141
1018
3888
571
7355
3937
8473
5954
1248
4895
3187
4099
3833
8739
2528
3585
4689
2846
6648
1097
2762
8835
1323
6461
4472
6238
5143
6696
9832
4127
9680
9684
7779
2235
802
9866
7578
7168
2372
5644
7150
266
3928
8129
1717
3089
8670
4164
2349
5470
7482
4237
9296
6723
65
7917
7548
4107
8623
7865
2036
9209
1116
1962
7646
8026
8552
937
7367
7936
9751
8372
5144
8789
4087
6619
310
5498
141
6844
4224
5574
569
6291
8443
454
9806
6526
4476
217
2125
3853
4805
2078
3344
4569
3474
6097
2407
6397
9849
1354
6490
4684
2962
6657
5062
7369
4881
8191
4282
2571
7762
8750
6228
1713
8704
3502
2390
8140
169
2706
8275
7825
5915
9023
8580
4042
5485
5236
9313
3129
2401
1188
3082
1502
5490
9219
4023
3287
5202
8558
7969
4463
7114
8302
6842
4067
4363
9797
8241
3106
4334
6517
4974
8572
7785
6803
7532
9222
5718
5325
3456
1588
4995
5338
8839
6114
8933
1314
5413
6691
4803
3438
557
588
7639
5398
9503
667
9332
8158
1885
9184
4366
9386
8741
1108
5114
8188
1524
2558
8377
8715
3513
258
3372
8390
1539
9133
6656
5579
2095
5355
7946
3107
3734
8693
404
520
8324
4553
1514
541
4156
2217
4927
5090
8688
7538
5508
9410
705
1406
8891
8350
5619
740
1696
1351
8467
7549
7389
9980
6756
1902
111
7307
2101
6698
2364
2250
8805
2080
1957
1549
8629
4134
6896
8979
9253
3566
4286
5393
4988
4169
4421
1708
5907
5583
47
8198
4412
7250
5660
9268
4121
8671
4040
4999
1159
5602
3788
3544
4565
3932
3947
5414
9776
2994
6710
8427
6199
7908
8787
8212
7920
6225
252
986
4277
5976
2467
1385
9468
8106
3461
1632
952
7629
7102
5217
1207
4312
7904
634
3301
3823
5661
1582
5005
4053
425
8904
3866
2136
8421
5899
4745
5016
243
5815
9461
1317
6283
2212
747
9440
2330
7748
112
8598
4519
1515
3021
8683
7276
7556
4268
658
308
8358
2430
9155
3974
9833
3794
9445
3185
4996
9893
8464
3529
6063
5894
6317
4227
1090
4056
1147
644
1478
584
9174
5465
7372
8446
3149
4970
2588
3503
5819
9149
7795
2599
3452
51
6582
1756
9463
155
279
6346
4597
3421
1894
4942
5932
9531
1265
793
1627
8682
7642
2213
1044
5514
3166
3757
6349
408
1928
2755
6231
7381
8397
8382
9250
9854
9469
5492
5653
6357
8249
2624
2815
1139
4653
3395
6292
1917
8930
6025
9043
4477
6682
7845
7847
8004
4532
8911
3065
586
590
3156
2799
5257
6977
9722
912
2462
864
773
1863
4003
1368
5082
5861
6099
6055
139
5735
1526
2610
3471
2347
7861
4071
260
9096
5423
129
4024
3410
3603
9512
6424
9177
8007
4309
1186
6174
973
1887
6046
133
5814
2598
3598
547
2988
3560
6043
8774
3454
8104
1282
1773
5473
3616
3490
9732
2083
9947
2261
3276
737
2414
7172
2671
4556
2718
4215
8637
2894
9839
6778
4572
1590
2067
127
5153
578
975
1469
2531
6996
3700
5549
1120
7971
9202
1750
9627
9950
9315
3042
7818
7895
3573
254
269
7447
3199
4004
3180
1521
9805
5280
5412
6717
2668
1173
2362
84
1554
8479
8794
9570
5380
3417
1898
9186
2749
2742
2222
3726
2530
3656
2121
2626
650
2051
9432
4523
2441
6352
9024
1024
3020
9953
152
2888
146
1342
416
490
5488
5422
7026
3706
392
1017
5586
648
5151
5836
6979
1082
6568
3498
8501
7999
1681
3351
8627
5341
1616
5134
6216
673
4825
1300
1431
2132
9157
259
8543
725
8082
6047
6106
3862
5797
1454
7158
4725
1432
8428
3212
7310
7445
2005
8514
7152
352
3318
9760
3965
437
7067
6985
732
8265
3306
3258
5040
1743
7659
7873
8012
9420
6213
2640
9454
8155
2137
2766
6824
686
8868
7942
3300
906
2377
4178
6873
2795
1943
6808
4816
6464
6015
1776
2029
6838
9547
2238
2253
1264
2107
5980
8476
949
6940
5421
647
7699
851
3404
6316
7471
6273
6677
9714
8245
6787
6117
7961
8472
3250
8422
7218
6372
1645
5832
1338
963
5948
2697
2674
9662
1541
7370
926
6443
1845
9140
1333
3730
7286
1009
28
4232
2317
9678
3144
2429
9974
143
6951
3476
32
3737
3985
329
6232
6051
4652
2818
5666
3913
9840
3403
7364
9785
2538
6426
2501
6908
1948
2302
5335
7816
4416
2066
7009
8776
4451
9042
7017
4527
5103
3556
4596
1692
542
1127
3281
5977
3652
1253
2845
7924
2161
5274
7664
6627
4375
652
1534
4814
267
8636
4504
3002
226
3083
3963
9162
5962
3462
2874
5771
1335
2786
8864
5698
3687
4214
3482
7438
327
4943
4011
414
631
2596
5353
3979
3769
2615
4720
1767
522
2693
790
5786
4496
1281
9654
1556
3773
6607
982
2315
6851
6192
7728
5191
7294
8163
323
4548
7314
743
2102
7834
4383
7983
452
5444
3296
2591
7828
8475
4197
6878
6790
3708
6399
6322
2608
9
2180
968
6066
6293
8294
5070
753
2676
3749
2320
5975
9156
3170
5234
7058
9891
2326
7880
981
9414
3333
701
4434
1244
3602
6460
3094
1571
6926
7481
9869
4682
8511
895
8687
8975
4031
233
8942
440
5329
7809
3796
5286
1348
8139
9350
457
576
7584
3847
2252
6473
3538
8171
1910
5401
5170
4693
4651
1129
3153
2817
8744
8899
1
8253
6223
3008
9856
5451
6109
9003
2910
6331
3942
5570
4502
7003
6000
5163
9075
874
9810
5487
316
6732
2926
801
9455
3101
2270
6531
1533
5798
2474
9554
282
9681
4728
6753
5041
8273
7535
8602
8354
5478
836
8544
6595
3809
2765
8876
7273
1239
8595
8037
9761
3428
5568
4752
4415
762
2188
3229
5521
7500
5150
443
5327
9004
1688
1346
8692
1969
2232
2352
8569
2949
7007
9606
3477
9164
6375
5543
6009
815
4091
4397
8956
2470
8056
4158
3644
830
1155
5865
2242
5351
2830
4958
7311
9428
5320
6736
5506
4251
45
4561
5650
6135
8871
1145
9064
2141
1242
5139
7588
5084
9476
7559
3727
1908
5916
2310
8440
7212
6700
9537
1444
8343
5901
1028
5874
3264
9688
6161
8880
9844
3601
5880
1366
695
7688
5957
5638
9589
5410
9995
7543
1618
9910
2388
8208
3539
204
4880
8968
8434
2843
7325
5298
273
199
5684
3893
3420
8760
6104
2139
4019
248
1724
1586
9226
8195
182
9759
3522
5205
9104
3558
5591
6903
344
4098
3731
3058
2696
8808
3181
608
8852
6683
1387
9597
8432
9107
3542
2375
516
9339
1994
8145
4162
9499
8946
1440
3897
6947
8160
5276
9632
7072
7552
7966
4219
657
15
176
1619
91
4680
2380
1462
6918
4930
1933
1998
4272
6118
9780
1488
8853
8132
63
5766
5054
4388
1277
5050
8266
4052
3579
2998
6646
7744
6805
3590
1390
4691
9976
2783
5457
4886
6575
8708
1183
9608
2947
4008
8172
5769
3257
6421
5803
30
8607
595
8656
441
1504
9344
8505
9011
6420
1476
2802
499
5853
8710
7095
9007
6142
5627
7645
362
7454
6809
87
7138
8029
4900
8380
4143
3835
5497
9888
1870
6452
1695
9058
913
3368
2758
6624
1858
2343
6800
4061
9029
2661
3184
1189
3439
9748
5520
2567
4077
3111
6446
9099
4038
4070
5386
6666
3291
8255
1548
1119
8496
9723
3347
8628
7385
7882
1370
3976
9434
4393
3867
301
2018
3060
1217
7957
358
8200
4834
6955
4238
6140
9402
3533
6449
6011
6513
6033
1804
7526
3081
9179
6494
3553
8729
1975
4422
7107
5670
809
4475
1153
1397
778
1235
6922
8256
2820
4802
5584
4688
2454
9923
2920
6172
5563
8221
7502
9256
8262
7431
6185
2093
2880
7051
2505
5721
5903
3416
9083
4508
8279
755
4663
8146
6362
4753
9121
7422
4730
3442
5531
6945
781
6146
4080
360
8966
8742
5419
5867
7782
7390
7032
2142
173
275
5524
4354
1782
278
2849
3920
5777
7504
3517
7842
6491
8242
7759
3973
2775
4747
7305
3415
271
2202
2233
3049
8003
4773
9025
4360
3649
6687
2779
700
8401
6729
4741
7404
2405
3206
5369
6125
1729
7071
5709
9021
9261
5905
4878
1990
8655
9505
5686
8481
1032
3912
1995
8063
5536
5031
9399
6544
3010
9879
9472
4473
729
7679
2527
7620
9530
2544
1934
6131
1557
9492
9117
6017
6891
4365
1075
5127
2614
2851
5958
1291
1892
384
9987
3901
7200
4467
2459
9299
9426
9362
9112
9612
7453
3882
6632
6471
2543
1298
4744
645
4459
8331
7241
7900
3898
5266
3190
8291
2708
885
8961
3059
257
8451
7570
330
8680
621
5259
6394
9926
6004
7601
1152
5204
9578
9272
2371
562
7562
1252
8498
3141
4961
7177
512
2351
7544
265
2079
9237
1626
325
9282
7449
3633
6786
1464
4385
5648
5908
5539
4706
9144
6617
3018
2468
5052
6569
9967
3255
8079
6609
3031
5331
4628
7836
5966
2165
6718
6849
6686
8034
5566
6252
6289
5839
5283
6720
9211
7186
5852
55
2545
1071
2935
153
3720
7304
2970
533
818
2207
9533
2885
9544
9069
744
7116
1653
2904
9316
5364
5804
4285
7945
86
3402
3905
2691
7171
7517
8860
5779
5024
9477
8546
8986
4028
4281
1062
4578
9816
2612
2417
7810
532
8553
6308
6224
8067
911
8771
7994
7870
6644
7044
2748
9851
6122
345
8516
7358
8047
8900
5997
2986
8297
2086
5095
7132
5746
5629
2714
757
1086
8922
9777
1485
6290
3671
6363
3386
4515
680
8596
9087
9329
1764
1659
2993
6442
561
147
3732
2263
4484
2393
7483
9692
7353
7313
8484
8086
4014
3052
1315
1572
843
8466
8396
4458
7178
8866
2699
5000
1604
531
5672
6704
8295
3819
5445
2513
67
8631
4957
189
1718
6519
1538
3396
4997
4765
4034
4666
4776
7850
5240
7434
7002
2260
287
185
2984
8001
9524
8176
9088
1867
5051
1175
9739
9772
8638
4166
6459
6813
1874
5612
1480
9114
3134
289
2646
3210
2604
1181
2267
7613
577
563
4674
3844
4032
4770
8585
4025
8251
4879
694
9744
1905
2819
1357
4033
2070
3446
6307
9411
8832
5458
1246
3154
3260
8023
1073
6285
9800
8593
1198
5021
7321
545
5476
6898
6804
2472
5233
6806
502
1709
9470
7387
5356
1349
8369
8021
500
5722
7993
9312
2553
2603
7737
40
5100
8890
2496
2578
6639
6477
3792
833
8542
4483
7837
2814
6964
320
4899
6237
653
7084
2358
3691
7029
8233
6815
8531
9049
4743
7687
8030
3500
2248
8719
6254
7339
9228
1506
85
9701
1293
1642
966
9804
7718
1049
6493
2685
4225
8518
8121
9180
92
6784
4516
8533
5806
5822
4125
8207
8154
9742
2916
7004
5415
7182
3504
3398
5014
3561
5621
4787
5633
1410
7377
5081
4703
8545
7886
3568
6510
5291
4021
8976
7437
150
4055
3366
1486
9667
2150
5989
827
7243
5667
9571
8731
6272
3447
5615
2583
8069
1443
103
4937
5683
4581
1422
5911
3146
7327
3278
9198
8357
7271
504
7293
3337
8418
9293
3320
4852
5918
3157
4865
2761
4084
9737
1714
9975
8615
88
8304
604
6002
4384
1318
3120
9601
7345
5809
5221
5318
7784
1531
6065
2476
1509
6780
9063
5844
521
3952
1187
9986
2750
4153
8859
9658
5647
3890
6816
5071
6739
2847
8843
6640
128
7476
8601
6946
7852
4929
852
9496
2426
4938
5264
363
7611
7458
1974
5761
9697
7159
630
2807
1997
2772
5607
6048
3112
4112
4539
2440
6262
3637
6229
1416
373
7248
2516
7654
1775
9930
347
7000
8287
9146
9134
6368
1555
3054
4542
1551
4296
6861
4928
8856
7421
6630
4234
7193
8244
3554
2119
5733
611
7010
5504
4119
2056
689
8818
6741
3939
3728
8684
2841
9755
9647
6847
9084
1196
9933
4867
4487
7720
8621
8248
3087
2436
5951
5801
2297
208
3944
8786
7342
5075
5046
2572
4399
9958
886
2645
6227
2930
6852
7683
8698
9413
5495
889
1878
1115
6157
7436
8758
5590
9459
4853
9993
1739
118
5027
7220
2900
6299
6070
3012
5606
6767
5359
3804
9796
4944
8881
5515
5215
1734
74
381
4641
9475
3472
1191
5125
8109
1051
2275
5371
6305
83
4533
3689
2113
5305
3971
4557
1941
3136
4799
4613
8795
4695
9436
2936
3743
156
8114
7926
4541
1211
9251
4181
7234
2789
3719
1447
2140
1227
9322
5902
8816
2552
8286
101
5297
5567
946
3541
9664
3630
8005
8790
8487
3084
5008
751
7375
9548
6334
1784
1228
7866
2602
6343
8619
398
3712
1922
6622
7832
8344
4396
4836
2198
8657
6484
8535
5595
3232
6600
1873
1132
9415
7195
2427
8788
506
5642
9354
9626
6038
5104
7236
6994
2061
3826
8213
9507
2021
1979
8982
7772
6365
4768
5030
1754
8204
9897
9405
6673
8415
2643
4347
2659
277
3367
857
5565
8912
5577
7245
3571
6124
3729
6758
7020
769
6222
6226
2821
7952
7040
6528
8988
1327
3238
160
9850
6338
3213
7301
5450
1111
546
555
1133
6402
1465
1451
8676
6410
8355
4499
8745
4822
5101
2968
6943
8143
5455
2883
1077
2747
8886
6215
8169
8071
9648
8493
4687
4085
7616
6416
1798
7289
1099
2594
2255
4094
3142
3073
3832
7780
9044
6552
5992
2953
967
7266
5652
5381
349
7045
6499
6167
894
2381
7812
2118
4850
9895
9090
1560
5117
5004
4763
4789
2950
1054
7638
7466
5808
8386
9326
3211
4603
5676
4213
7154
9687
5472
3268
7244
5418
4079
9511
5762
1939
7415
2532
7098
2457
8159
9460
1080
8550
5107
9665
5573
936
3699
2466
3786
5754
8963
5200
9679
2991
3752
8754
844
3269
8078
2924
7566
7628
9243
2334
3995
6668
1043
6287
3627
3228
3772
4201
7709
2291
5925
6807
7575
923
6217
9877
9694
9576
1425
6850
2784
4390
2721
4248
6570
6200
8622
2264
5833
8414
1761
7099
9752
3612
5328
3261
8905
9842
8400
4111
359
2316
9154
5346
98
6205
2162
4746
1125
3711
5494
5949
9071
9962
8624
4846
8699
8724
7086
2114
6286
136
5194
3310
400
3496
3858
2655
9695
2337
1950
7350
222
3168
2285
3397
272
8167
2499
2234
8388
5564
2168
4039
6958
1585
4243
7308
9946
5055
6050
9118
8959
5111
7521
8849
4435
4612
1947
2918
1988
871
9147
7380
3617
3464
9067
8398
2738
292
9009
6871
6041
7362
1184
3672
990
1930
3046
1023
3263
2419
2367
396
7715
3586
7133
2398
8319
2360
399
9057
3340
5756
8282
8888
3837
8399
679
9403
5250
6586
8081
8363
4374
8983
3825
4356
9940
1763
2110
2442
6726
9039
5561
2983
3951
8936
332
2047
2423
6483
2705
5056
2913
7887
6280
3252
1690
238
2312
4838
1615
9423
5156
482
3161
7929
3782
4809
3923
1237
1893
57
7962
9916
3140
7237
8873
4737
573
6078
468
6581
1299
5109
299
6735
5943
3387
7036
7581
8718
6602
6136
4271
8549
8967
6364
9934
1861
2945
5624
3138
4839
1687
9441
933
2489
891
6277
5866
9168
3100
4369
5575
7869
2895
4837
5460
7760
8218
2383
5544
2215
5449
9259
7279
9390
7941
1980
4633
439
7023
3918
9874
6330
4009
2497
5354
2884
7827
1072
7513
6759
4047
2882
7604
4677
8192
3983
9528
2508
5038
4579
5322
5015
3525
6321
899
712
4490
5628
5857
9449
5897
2308
7736
6882
5374
6865
2274
8971
1636
2533
5003
2288
2456
6986
1074
8834
551
3460
7912
4402
7948
7070
6618
940
9446
1672
6498
987
353
8829
1640
8530
6782
494
5541
4782
4757
3527
3435
1700
8403
6408
929
9108
1218
4403
8972
6714
6414
2203
5323
6152
5593
8720
6678
4606
1896
3495
9066
3588
7727
4081
6144
4328
2958
6158
2652
7187
2717
8043
3606
6937
2135
7076
8452
8402
4854
8606
4534
2707
3200
2108
475
1508
9636
3475
5308
1883
1197
774
1844
2009
9131
1722
9318
6925
7287
4780
4692
8374
3356
9297
4196
8962
100
3665
6010
9027
1361
5689
8349
8119
7669
6400
355
5080
3845
5119
8263
8996
3000
806
625
6036
4638
9515
4501
6694
2989
5058
1587
8522
9320
6541
4378
4568
1278
1403
6738
306
4711
2734
9012
449
5149
3996
8653
4506
6423
2732
9508
765
9650
9921
7519
6674
9052
1158
8555
1699
4701
2641
6092
1192
5878
4159
5768
4704
317
3793
2085
6391
7093
9871
8250
5876
6613
5935
5230
2504
8359
7410
7490
1213
4580
8423
6116
2063
9551
5999
5001
1547
6967
4588
4823
8588
4193
8995
2698
102
9018
3721
8185
4020
4632
180
1828
9558
6062
231
6342
8770
24
4265
4648
3230
9203
4138
4817
3785
5956
68
7277
3607
9333
194
9907
9990
7643
237
9991
4316
1633
8039
4772
6184
893
1600
3064
3382
642
9955
6311
342
6560
5510
228
2808
7131
8153
9676
8737
2839
3967
4826
8209
6894
6448
7113
9081
7894
4185
4767
6162
1906
7897
5673
9900
6912
6546
9091
7725
7011
8801
677
3364
9836
1446
2954
1283
211
6264
220
2768
1881
6465
5973
3173
4832
2804
2678
681
5235
6615
2584
7684
5938
6749
5922
7665
3716
4671
8321
5987
1603
739
6406
2680
4985
6333
7059
4118
2573
471
2289
2239
9457
7597
1418
4256
8857
7094
8360
81
3305
3781
1663
5073
4151
5256
7927
7958
4209
4173
9518
4037
2002
5245
7565
401
90
4637
7373
2272
6284
7465
245
4044
1537
6128
1559
636
3592
7719
1322
8371
9308
5406
8807
4676
7267
7573
2806
1195
6323
3808
2637
1829
8723
5131
5491
1929
1833
5006
8762
7005
7409
246
9731
1656
371
709
3581
4287
7667
1010
6641
9878
7198
3869
2055
8974
1859
5597
4413
1598
4337
5863
130
3223
2483
9068
2076
7203
2463
8870
3016
2389
828
2810
9438
1815
5152
5603
5404
5526
1499
7285
2790
2519
3564
4258
6418
8798
2
7146
9080
5408
4635
1029
232
1106
4521
1664
6556
2931
6821
2703
920
8168
9037
7122
5523
5535
2481
941
601
2649
4218
5599
5929
497
756
433
4293
8641
1982
8950
7799
162
7786
2752
140
5007
9939
3584
9792
7052
9734
9994
9137
3235
3045
2647
7048
5368
3900
660
5407
3085
613
6181
8539
7145
1737
6684
9404
445
9789
2103
8730
6384
7789
2413
8373
3467
6278
7117
295
9266
3215
2223
1424
4493
556
2878
8779
643
5923
1169
2170
7787
3994
4414
402
9369
9002
8711
1352
2960
9523
4622
682
8182
4194
3172
3854
5557
4425
1698
1747
5509
1814
6534
4602
8965
7299
6178
2756
1296
343
1254
9338
945
1668
6576
8611
6512
4236
6690
9590
7262
2966
9834
2796
3572
6204
1085
5391
4989
9683
6633
6950
9082
666
9263
4649
1275
1359
4968
3540
1094
7202
9944
1849
2325
8347
5704
4729
1230
6028
3622
1779
8990
9378
4796
3958
313
9543
1721
7767
4624
6108
6765
6381
6857
5827
9698
6274
2445
5155
9456
8376
6843
7690
7831
9668
6433
8536
1819
9216
5527
4325
2039
8426
9616
4609
9561
2226
190
1002
6699
6351
509
4939
7352
553
8529
2757
5376
4555
7607
459
1631
3488
4498
1826
1383
2969
7343
483
8216
2008
3075
4860
6788
6436
8793
9458
628
3508
9711
119
4075
6190
5077
2357
9105
5613
1916
599
9103
3362
9053
6113
786
1931
8368
4998
6057
8219
9675
3600
8361
6693
9602
4924
6056
6413
7839
910
2485
767
7414
780
7074
9195
4299
6588
904
1579
9287
9818
659
106
901
3664
1308
568
7649
5112
8538
9236
7849
9363
7416
7028
8438
7919
8306
2249
251
9989
3316
4275
3964
8010
1091
8147
6489
3448
4302
2903
6239
4607
3436
2999
183
3205
5788
5859
7233
2611
3929
6495
1972
2831
1350
3093
1475
1272
9644
5277
1818
4206
1790
9819
8581
5242
4454
7021
6638
6846
887
177
6614
9269
4364
575
8441
1415
5669
1093
2461
8610
4246
4382
9875
1839
5765
7430
8625
5555
4778
1558
7591
7746
6992
5025
9594
2116
7618
9142
6045
4925
822
9729
4963
5383
7398
1037
3028
6115
240
2432
2447
5313
4314
1122
4978
6350
97
2031
9621
4820
2636
5723
5317
9922
2044
2549
4811
8420
2873
1014
4848
3317
6970
8895
203
7539
6577
4373
5036
2536
7668
5477
3169
488
670
9372
3594
8590
2539
9448
2155
718
9171
1286
4359
699
8520
8734
6360
2557
9552
9710
7776
8223
5851
7396
4100
1581
5092
4779
4308
8120
4002
5148
1986
71
6794
1749
4591
9660
1433
7793
1793
957
8370
1796
2618
2348
2399
597
8803
8919
1727
3121
6024
2526
9389
7015
6212
6137
4869
3894
4259
907
1402
1817
5824
8507
9843
9559
997
5306
9465
110
5596
5162
1496
1822
4901
8203
7448
4220
2246
4946
3164
5782
8032
7761
377
2387
99
1222
2282
6642
688
5147
5662
3469
4460
2339
4000
6579
2397
9348
7487
7769
8112
2764
9835
9807
6186
6072
492
7766
2800
2015
8261
678
6928
2681
3226
3655
4705
16
526
1730
8668
7224
8332
6230
7605
5708
1745
5942
9453
7569
6472
646
5499
7740
1124
3512
7081
7913
179
417
6953
9257
5705
2345
1605
4673
2688
4101
6675
9397
7393
6661
4908
4007
2987
8416
7540
107
7978
9815
8170
6159
2515
2868
2037
9424
405
9085
3948
7568
2631
1891
2863
9624
53
1711
6547
9234
1292
7464
1098
202
4456
5736
8909
5618
1732
5168
4956
8115
7510
9437
2568
6650
9617
823
8495
603
8008
1847
9770
925
4183
4088
9725
4987
8365
6129
465
2328
5466
8385
2788
927
1705
5826
9373
7888
8339
5556
9769
1223
3831
6527
8437
3914
1178
6863
9285
9300
9098
7775
5201
4171
9471
9902
3218
518
3817
3124
7571
5750
9345
7711
2258
3850
9604
8040
1662
9214
7382
5138
9838
8320
9371
6479
326
8616
9581
7529
4289
7108
6301
1505
1602
7089
8194
4174
36
4959
5974
5382
4893
5778
1846
7672
5511
5137
4991
3640
3884
860
6087
6366
7216
8178
8740
9319
3745
6647
6163
3754
8513
5919
2670
7503
5330
126
5601
5802
4905
8009
5210
1102
5188
6960
7119
6589
5823
3679
2025
8642
7357
7751
5924
4716
4979
9485
626
163
3537
19
1952
3068
6954
6724
3703
2727
8462
7783
7457
4205
2331
9686
9817
8579
1927
2731
8841
5411
2644
5340
6271
4323
5513
2835
213
6463
3621
7384
3733
8126
3801
785
6141
7903
2346
1617
908
4601
4291
31
6751
5643
959
9619
4027
6913
3047
570
2374
4319
2662
805
7872
4537
9880
8031
9756
1285
6398
4279
2300
3458
4898
5697
3596
1837
1448
1022
7653
1380
6387
8116
2138
7115
5248
7967
2975
7130
7774
4054
3338
9208
5614
3304
1889
1185
6073
5937
7807
3595
5551
3889
6061
7420
3557
3036
2473
1087
3139
760
6997
3162
6535
6328
4660
8577
6234
2898
7522
5712
9135
7625
1373
1210
3940
8526
491
9562
6145
8011
6388
6746
8659
4759
5222
8955
2741
3443
2933
159
9094
464
3272
7450
7185
5953
2722
2664
2890
6760
4266
4935
2982
9233
7577
8934
7970
9421
6916
5441
8773
4060
3295
581
6783
3426
7925
6550
4370
3709
7083
7853
60
6573
8926
2027
9429
7412
3713
4190
4485
5480
5516
9387
6558
7704
8782
1946
4874
2682
3984
3815
9221
2942
4888
4975
4583
1983
4645
8797
1004
426
2511
826
1040
5363
4801
6685
9005
2813
8117
7747
5744
6148
8947
2336
8701
3758
2581
3019
6697
1860
1149
1639
6610
2104
9937
1166
2736
2620
3451
2700
324
5302
6
5637
5636
6134
3828
4621
6064
2469
4405
8389
4658
2071
3605
9352
3957
161
5011
9708
8433
8633
3759
7303
5841
2166
9072
7981
4876
6282
7230
3645
7859
632
5097
2580
2340
5197
1232
6762
3499
7296
3545
3006
7596
7047
8394
1827
7974
165
2014
5720
1716
2301
4647
7901
2068
7163
1240
4856
6395
4740
8696
0
9896
9572
7815
609
7732
8802
8458
8896
5192
2087
5898
9860
6572
1471
4252
7164
9519
5385
4727
3349
4714
3505
9486
7319
7749
6369
8312
8058
4254
3768
438
2422
1391
6802
3174
8823
333
7641
1809
131
8736
1726
3501
5434
6536
1573
5224
7315
2376
7477
5307
4058
3624
1284
9764
9908
5950
8326
6885
1328
734
6797
821
2065
7916
7470
3943
6929
5963
3531
598
4330
7520
5475
2805
9464
1703
9848
9125
3399
5347
832
8885
6771
3034
2509
7165
3651
8845
4253
6013
6811
5821
3938
804
4702
831
5745
2022
8151
1220
2996
9865
900
4566
1806
6877
715
7148
1313
6590
3489
536
1063
33
2719
7910
3563
4717
9520
1811
883
7365
1455
3751
7998
2877
5978
395
9048
3201
2184
7634
953
8054
7710
6344
1321
8449
1076
9628
9129
6757
6660
2035
4005
7525
7846
2521
2956
3003
5900
9217
7435
878
5991
2940
8848
6924
9031
1535
9787
3702
5529
882
3480
4650
249
9484
7359
3871
6276
9823
4623
4872
9361
4351
2865
6983
4372
4503
4615
566
2597
9100
9239
4261
2218
2268
3167
4408
6715
5336
635
9218
4966
839
4440
9750
7800
9138
5553
7632
2985
5714
1482
3954
663
3591
2026
5546
6841
2961
4466
9588
1566
988
5193
6042
1316
1241
4897
7856
6298
5039
5187
2787
8351
9924
6037
2382
2196
3159
2939
580
1563
4051
4972
234
738
2751
1528
1330
1813
9887
6796
1945
8681
7268
9115
9145
8534
7937
4350
7275
7306
5047
8215
7583
9682
8444
5017
9510
4902
7330
9538
1052
3873
5581
3194
9408
5679
3820
5214
7025
783
6643
6708
1256
5767
4343
9951
9291
7211
9494
6872
4742
5397
605
6111
3841
9229
2866
8246
9867
2324
6312
9183
1430
6662
9254
1409
2712
6936
3240
4333
4108
386
8551
7902
7024
6419
5213
2529
7527
8144
1419
5342
582
2090
7867
5176
1697
2404
2157
4184
902
2925
837
5501
5171
9194
9549
8000
5243
1971
1611
2683
7587
4346
3924
3599
8477
9914
3
6075
903
8785
9173
2241
4433
9302
5262
3546
7298
8335
4229
3193
596
8051
1353
789
2524
5255
4544
7156
7316
775
1417
2313
2853
2514
1942
4708
3322
7473
9846
971
6240
6973
4775
3816
7798
8310
6975
66
3116
7541
5691
9861
448
8110
8461
2319
4278
4250
7881
5211
458
6515
114
9060
4756
7033
5464
2857
268
1066
4670
3981
5252
2606
6412
3836
8877
6359
3798
5830
3666
2243
8941
9357
419
8293
7619
1960
8338
5321
627
9645
8997
863
2658
1774
5258
9633
7055
7395
14
9768
7360
8599
3284
5456
7075
294
9275
9406
3234
9076
9273
4563
2286
6835
6361
7979
4494
5542
5702
7955
6592
6855
9491
3860
4492
1824
1855
6991
989
3414
6250
4368
7053
1630
9892
6980
979
8748
219
6241
5677
5717
2296
8334
7174
9384
9385
7883
8281
8468
3641
984
7320
6315
5133
5362
6655
9207
1907
4761
4600
3375
2739
892
4783
4073
939
5706
6972
5443
9532
4903
6974
3916
6888
3530
4247
379
9000
415
4284
7405
9435
26
9912
965
6711
7680
817
5231
9065
2582
2934
1650
6071
9367
4453
6915
9564
2043
1854
3615
7120
2280
7703
3532
7235
7923
3178
3955
2633
1142
9241
4046
4940
9713
5965
1325
4129
1078
4585
5333
6591
2577
9754
2871
592
9175
7603
6313
6373
6504
3324
9056
9473
9150
2477
1742
2694
7770
6907
9305
1003
8604
8125
1375
4918
4400
4102
3217
7918
5828
3411
1498
3247
9968
6193
759
2887
2702
2228
3239
8076
9383
43
8675
5377
9220
4189
1309
8356
5617
2570
8180
600
5522
5884
9973
5296
3394
869
4345
6701
3341
9791
3921
7391
27
928
8184
9586
1061
917
2506
9210
6680
954
8566
8863
4069
1655
2117
422
2587
3113
1913
1234
3055
2011
2654
8643
9540
6793
3849
2321
1427
1345
2951
1686
8650
5800
1851
811
2892
1146
2522
8600
7478
1621
3030
3473
9355
484
4362
3822
7346
1762
6897
8387
3026
6275
8951
5587
7368
5825
1466
1955
2794
3674
9997
6248
9841
5146
9182
7579
799
7439
974
3339
8381
8772
7723
1810
2941
1949
2860
8757
9672
6834
2176
6456
6500
2861
4807
4481
7968
687
3959
2656
2073
8515
1740
7340
2391
3243
1369
8193
2585
2478
4842
9278
9801
7300
2153
496
9623
3345
3623
4329
8935
9191
554
5482
4790
3050
9881
7332
5896
3790
6934
8927
250
6733
6791
5580
8002
7841
2854
6981
6255
602
651
2899
9245
6608
9359
4043
5179
9726
3857
8220
1938
7871
3693
6725
591
3604
5787
8836
5680
3004
8584
641
4883
3024
5481
8592
6371
519
1536
9918
3780
950
5122
797
1297
6207
898
8945
875
4465
7401
2386
3422
3993
6154
8445
1381
6636
8025
4923
1165
8157
9771
2231
1011
5431
2236
1039
8769
4887
7354
8878
548
6069
719
7443
6143
7610
6514
2394
4195
7796
8284
2433
6538
4344
8470
6003
1386
2281
2190
9289
9480
6044
838
2262
5849
881
2001
1001
5272
485
9536
8165
8404
4083
724
3321
2415
2576
858
5540
3275
6107
7790
5913
1712
8064
8500
4131
3335
8865
2798
2886
4241
1326
8509
5687
4626
1911
7754
4829
3677
1869
1136
411
7110
5091
9738
795
3824
4204
7874
8811
7633
2550
1812
9501
7288
8861
1999
1961
8897
2948
5502
8695
9201
8799
1490
6692
8752
4327
8781
2106
4520
6919
8442
6623
7635
7125
7558
856
2424
6949
1801
9542
4015
2711
7468
9358
5773
2803
3696
2540
7997
2793
7640
370
5220
5984
1530
1935
9284
3388
2921
6792
9671
4013
5871
2408
218
5655
3176
6566
749
1852
7008
2098
7730
4317
6345
3061
3430
2607
4964
1399
2216
6721
8028
2409
3950
5076
3829
3507
1206
7840
4222
3777
7456
2733
8732
6529
1736
2510
2245
4754
3363
1167
1876
9513
7714
2199
2208
1707
3506
193
5988
1340
4866
1628
3908
5534
5237
5678
3122
9360
6251
7695
8411
5752
7523
5807
8822
6198
9189
825
6914
2862
5730
4739
3695
17
2318
1914
7140
205
2173
8597
8024
2074
3231
2206
8348
3547
7227
7213
4092
7489
5043
5426
4306
7907
3569
9622
6219
4441
3842
1501
2875
1144
7542
9022
2715
5394
6295
5093
7446
5763
6279
7844
209
4604
3681
6902
6005
9931
421
9783
9020
5334
8177
6884
6887
5572
7232
6147
8738
9852
4983
9762
3628
8618
507
6337
7670
1114
9779
5795
25
8991
7169
7284
1477
3427
346
9743
1389
7046
6942
4690
8465
9298
6540
3879
6969
5960
620
4910
3859
2396
8764
3678
1215
7149
7905
1199
7637
2990
3945
6961
7338
6358
7826
1033
8561
5160
6862
6669
8228
3197
7209
4096
1693
2963
5887
1262
3115
3647
5186
406
812
503
5749
1413
4160
1802
8278
3779
1967
2548
6468
4172
1635
7386
9136
7511
6012
2503
2541
6203
6188
7019
8828
1412
7524
4931
5130
1170
9876
2889
4260
3839
5837
7428
2832
2560
5469
4122
361
2729
3552
1007
1612
2809
1500
221
3277
888
6965
8384
6348
3195
2634
8424
4123
6210
1493
2675
9821
4800
3227
6507
4855
8179
5260
3067
3135
9795
9041
7407
8436
2932
6731
2322
7441
9215
6236
9596
7259
8563
2542
1414
8417
8457
6208
1258
6034
5928
420
1358
7157
4263
6428
2010
6120
9148
9466
4063
372
779
8164
2128
2562
6502
4904
2276
2915
4448
3086
4655
4969
4124
6035
1479
3887
469
4431
7066
311
5582
5589
4216
8938
2525
2686
5028
5437
3406
8674
873
6866
4305
8407
5998
6956
8019
2224
2081
2556
7014
6984
3872
8717
1836
1568
6832
1976
633
1398
9757
6386
247
9342
6781
7440
9534
117
9657
3864
1362
453
3629
1436
3319
2816
3383
2307
8817
3922
6616
3638
4877
3358
1095
9999
1680
8725
9196
1799
8018
351
2728
932
5316
6593
7179
7207
5034
7491
2338
1336
5888
6191
335
7344
3567
5693
9593
9028
3360
2327
3899
3102
1034
7662
5967
6511
3686
9920
741
3292
2547
284
6559
6383
5764
1978
8847
5053
9935
9885
4500
5078
2479
1992
5061
4858
5349
2000
8318
4529
5847
2520
9812
6895
2416
7889
3328
5366
9585
3225
922
7498
9611
3878
1574
8083
2211
3986
8869
9773
3348
3747
6054
962
574
9599
2156
6074
6245
6088
6833
5737
8181
5420
8842
1295
3840
782
2385
8283
698
1772
8960
3868
7221
5657
3761
7773
3365
3722
2004
7729
8044
7829
9614
8243
8049
8148
4948
9393
8033
2627
1360
108
7016
1733
178
1231
3373
2127
142
6601
5740
1658
7985
514
4349
4313
2856
6354
3654
807
8664
9778
4424
1092
5115
5241
5598
1786
6168
1069
195
9969
2185
7626
5288
5810
9328
3682
3775
6557
9255
6329
2283
6520
2411
8478
5232
7745
4150
7892
5990
1216
3053
7429
6989
375
4244
2869
1834
1006
8429
7141
4146
8810
2493
8100
6256
6175
3715
79
5324
3334
4427
896
2174
9582
8156
4976
1005
8080
7716
5776
1481
3930
113
5227
6304
9110
4142
2040
7459
2219
21
3029
7752
181
7835
431
3778
5731
2464
1702
2782
5390
6571
7696
4228
7188
1020
2130
4104
7078
5941
5350
2152
3470
9230
4379
9376
8751
4953
4804
9961
7576
6604
8658
2007
7899
498
5886
6705
4840
9978
170
6379
6488
6659
6257
8898
9500
6829
6455
4643
6403
7231
1660
2635
7280
6016
9447
3237
2122
8362
5068
4734
7151
8017
3657
3096
9152
472
2630
3400
4891
4892
166
4513
1915
6775
1589
7326
4210
7950
9343
8227
1622
1423
2720
7183
407
7374
921
9882
2164
9172
1753
4709
8038
8523
3877
9224
6296
8903
9587
6211
6300
9960
9642
6090
6993
5063
3289
8970
8111
5189
3811
4191
8013
9689
3738
9225
2033
5985
5592
8258
706
2776
8743
2613
9128
8630
7214
564
9673
1245
20
9702
4932
9766
8889
2088
537
8
2660
794
302
1287
6820
4545
6480
5358
366
1805
2145
7691
3066
1274
1996
2725
1964
6707
8673
6478
8645
5212
1473
9736
4016
7982
544
2824
1289
7322
6018
916
3137
7545
9010
2964
8108
261
8211
1457
7655
9244
7255
5890
8412
4678
3578
3931
3342
4348
9864
4376
3911
2195
8353
9641
4482
9954
383
4722
5159
8308
9872
8435
5360
3684
9670
5751
829
909
5983
1474
6948
9017
1224
7722
6294
7756
2273
7323
8613
1261
7838
3401
7589
1840
9965
4474
6485
8366
7432
5892
2566
5177
7079
390
5558
6393
2997
116
7181
4186
4139
750
1665
6080
1643
1344
8460
3311
9913
2561
3756
6302
7586
1172
5760
9488
1856
5747
9380
7302
4933
7215
49
1519
4106
2551
1495
470
5813
8649
2197
8609
7065
7013
4297
9964
720
1620
7073
1118
2365
685
2099
2704
7922
5659
5792
2147
270
2726
9717
7134
7041
1888
157
4242
9904
3130
455
6854
1682
8317
6870
8589
5936
8269
1981
5002
5533
5124
1886
6374
8456
6474
7170
7204
5626
7208
4984
3577
6860
5719
1954
2937
9575
6466
7666
6952
7136
4590
711
8097
7753
8780
5289
5094
8060
2823
752
6966
6853
622
2959
4065
3886
1710
6565
134
6253
5044
8964
7758
1985
5430
4407
2992
8726
585
4140
3355
9462
3143
4962
991
8582
4864
9102
1324
1194
3910
3163
7742
4202
846
5909
8540
1008
1208
1048
1966
6930
158
2666
6522
8205
5424
1193
6551
3027
2622
9106
7485
2278
5906
6432
1445
4057
1294
9615
188
1162
3962
5545
7944
7855
5986
4315
8041
5461
2384
6819
7890
4713
2171
2450
572
6822
726
1059
6221
5387
8980
9825
5883
3698
1755
6085
3987
4945
4911
9073
3413
9190
4538
5634
3384
5314
956
8654
3789
2710
4528
1715
2534
124
1484
5365
640
9981
8271
5181
9733
8084
5968
9310
4766
4148
4188
3459
4522
6133
6831
6689
3865
7143
9294
3925
2745
8014
6944
256
5439
22
7278
1517
9814
7608
7803
1483
2981
1993
6745
8969
5251
8240
149
8528
9703
3550
8471
3968
4536
3830
4890
4777
2042
5742
8050
6893
5161
7479
6881
5588
9566
7090
1156
9870
2628
5692
4751
477
3051
8662
7101
1771
4636
8316
2221
4990
6524
9984
1984
7734
356
3323
2269
8626
1113
276
6631
3465
528
9526
9634
7557
9709
5379
9527
8217
1150
318
3863
4668
5979
9740
6340
309
1468
4681
2965
8901
8690
1723
8232
8874
2189
1268
3241
8491
1831
1634
4915
9279
2333
8497
3764
4093
7328
5727
5088
2864
1068
7977
7805
9889
4764
816
5519
3876
3707
8587
5440
105
9802
5707
4340
5685
6867
8846
322
8072
6249
2148
4311
7397
9504
7462
1334
8746
8707
5835
7808
6288
8074
357
5166
7127
5389
6486
7105
867
1497
1100
8977
8987
4026
9199
2689
6703
8814
4437
9016
7781
1835
5226
6716
7312
9169
7240
5175
947
7606
8453
7378
5793
2191
3048
3270
3946
6197
7349
4301
3109
2458
9610
3307
1880
6564
2350
9483
9337
9728
1919
8015
3580
4640
8915
1596
5703
6899
7721
5716
6454
3982
8090
1303
6006
6153
9521
2491
8379
2341
8661
4041
9781
3521
6653
9127
8136
7860
1701
9047
5604
5658
4576
2619
1038
9613
3214
1101
8586
8257
9377
6518
6327
9163
5845
7813
5796
5910
7739
3891
5270
3171
2938
9653
2220
8048
6127
3293
8792
76
855
4270
4577
3992
3313
2535
476
4180
9948
3669
4089
8235
4960
6971
5278
3444
8914
1912
2209
1130
9306
2827
3834
1157
1302
505
1365
7600
7863
9988
7514
7663
4875
8127
4797
7249
2475
3092
4450
1243
4144
1163
3336
798
1356
8524
3991
6827
978
7493
6605
4560
6177
716
4731
2555
7516
6060
1250
7088
6415
9721
8378
2092
9799
5927
931
2169
1489
7885
1470
2735
1266
1758
3309
1174
8537
9514
9890
2229
7909
4584
4845
3549
9374
7097
8035
5479
5972
3659
3326
9281
5952
6079
5299
1270
9631
708
6176
280
5454
2828
1450
9139
3361
3014
6469
4736
3299
6458
3486
5496
4371
691
5882
4986
7068
5303
9061
4380
2906
9592
9409
8391
8958
2822
593
8840
59
2453
8395
6126
3329
2395
4661
2978
6380
1205
9873
2418
612
6306
1751
2559
5674
200
5453
1364
4656
1411
7518
9101
3175
6752
7034
1311
6505
7281
6170
9286
8761
4868
6761
1875
7139
321
728
8006
6165
7915
7167
1648
1107
1614
1607
4078
8231
2838
1561
2060
4326
7682
9553
4355
9932
2412
1212
3288
1766
4428
9677
3312
1977
5405
1273
8053
5873
4844
9055
9938
3969
1649
9418
50
285
13
3800
1103
9674
6194
2111
5695
7063
8123
7206
7636
6856
7996
8085
3315
9782
9649
1675
8098
3896
8677
227
1882
5955
9790
1271
6123
5600
4010
7049
3350
1958
8686
8635
7383
4211
6810
293
6339
7802
48
3151
1201
4558
8280
4452
7371
4721
7103
5026
4758
6580
9032
6532
1442
4870
4699
4654
8665
2192
1963
1838
6563
2976
2284
3692
2826
3717
3072
6941
8094
1584
6859
369
9535
8488
1748
6020
2428
9826
8311
6411
3041
4352
8575
4217
9192
972
5126
6509
8214
8603
3088
3972
4394
2744
7494
6548
618
6008
7263
4973
5375
6475
1259
5609
7050
6453
5917
525
4336
8749
3683
6355
2923
9276
2870
1657
2373
4113
2896
5548
2592
303
2537
5348
5699
1160
9629
95
3812
3097
4950
3636
9936
6233
3001
456
3330
8345
684
8229
1055
3468
9160
8492
6376
6679
487
7564
2344
8775
8567
5448
4914
1800
9035
1565
9522
35
655
3188
6422
7694
264
8728
872
3643
4401
3222
1112
1830
7060
5741
7648
1319
841
3941
6706
2867
2609
4447
6719
7794
6999
5361
3044
9970
4320
4304
3104
8152
2259
8948
214
9517
9741
4461
8305
1580
6332
8101
3091
5945
8755
7921
5858
7192
7264
6880
8107
3155
9264
6554
4788
2488
7819
9884
1652
6755
6082
6812
6105
9274
1513
5816
5552
3431
3118
5489
4993
8765
1706
8634
6665
380
4489
9392
6533
8768
8783
1131
4030
2091
4395
12
6612
1989
8759
656
9663
9252
7712
4017
9555
7147
3090
1610
334
2780
1367
3646
8767
7219
6318
1439
5675
5416
2359
5049
1629
2311
8957
7283
2494
8189
8096
6059
2967
9982
3977
429
5228
2908
6742
5895
870
3408
2944
3697
3795
8405
8095
8646
4598
714
7681
480
2586
5172
4719
7080
7495
6848
4794
8784
5694
413
5920
447
808
4187
9346
4871
2013
1310
8480
4154
1405
4980
638
4486
2778
2332
4819
5164
5269
7085
1765
2665
4512
3357
9045
2294
2309
5045
8325
7658
6840
3927
3441
9583
367
4391
5185
7651
7184
144
2492
7411
4177
6917
9828
2038
5089
4468
1987
5734
281
5743
4575
9765
9579
4132
3132
5284
1777
4644
7706
3242
9607
9430
3249
239
9705
215
5079
3119
1019
5783
7755
6839
9321
2356
5108
3393
2797
508
664
6769
1148
4665
9231
8260
5417
5715
7735
6845
9941
8166
861
3378
9204
4064
1609
1041
4464
1460
242
6772
6269
1401
5271
3802
4587
854
7144
8463
7731
1109
424
3535
9089
3909
2927
9747
3492
1857
4445
3725
4934
4240
210
8057
5532
253
4249
3483
955
1921
3949
2406
6417
2850
4438
7210
93
4048
7593
7932
9116
8299
6935
1674
4774
5018
9808
8237
3246
8494
7238
6709
1525
7820
1247
8352
8894
5184
5343
7862
61
993
9474
62
7463
9495
3224
5790
3514
7676
4239
2844
4324
5981
1956
9706
3007
2724
6625
6990
5639
3776
6026
6270
2565
6826
2791
1803
1691
8102
2045
7260
3565
758
9349
2023
2049
9247
3285
5190
304
8685
77
5850
4919
3379
674
9788
3746
8510
3354
8502
2158
1685
1164
9943
2893
2030
6910
6905
364
1576
3080
7403
5484
8733
7336
6889
2089
9054
1503
6326
7488
9368
135
5846
1741
690
4223
7292
7554
6545
2490
2905
4659
2653
3433
474
9391
297
5020
649
479
7176
9956
4831
8201
5123
148
7257
6261
9905
1394
540
3114
1940
5098
7376
2833
654
9242
1522
8128
2182
7324
4161
9509
748
746
6629
6098
6462
2909
2295
6356
6814
5158
9502
9040
7492
5785
5946
4718
8099
6132
731
9894
2650
2971
7757
4339
3714
3653
2370
2435
6314
7474
6959
4511
385
7965
5578
4283
4971
9304
5399
1204
792
7585
207
6740
942
1546
1540
5253
3852
7851
3685
3419
473
7399
4815
9033
2064
8322
3634
3821
6187
5246
3818
7269
3609
7700
314
9097
2421
5554
6525
4955
1396
1190
7205
9745
3881
2329
2244
2149
4715
4235
8565
7417
8660
8206
7100
4135
2771
4851
9151
2638
9971
776
168
6439
8508
9314
235
8850
442
2134
5273
2471
4518
2917
2730
5069
8055
4646
2651
5029
2801
4290
1518
6818
9651
5067
3070
3202
4762
9883
3515
683
4082
8992
7631
7242
594
3903
1890
3424
4750
5022
436
7180
56
6096
5110
8236
1458
5571
9539
587
9417
3262
3710
4672
4896
4109
5459
5326
2279
9720
8940
2486
2403
9398
3663
486
5154
8939
3221
6404
7274
64
6553
2050
4404
9827
6594
7713
9618
291
5438
3381
8952
9927
7814
4470
4357
4426
2695
3536
5238
5121
3874
7692
3510
7153
7627
5370
8340
9735
4525
5625
2753
5656
481
7341
5995
3280
1853
2028
4318
5755
1347
9529
5140
9444
5759
5748
8469
6258
1408
462
461
4018
7657
8833
9248
9942
7843
6235
6094
5447
2437
8666
9014
5357
9277
5310
8949
1384
6537
7567
6654
3203
1951
1791
3610
6931
8447
3791
6086
7707
4847
7675
9292
7290
6401
9977
4818
3236
7848
3266
6670
8190
3892
6921
5344
2059
2677
9489
9693
6995
4006
5525
3741
2623
3389
7702
8594
4517
8036
1625
1179
2214
2159
5116
3256
6611
8490
1456
9857
9700
8186
7161
8756
11
4547
1154
9899
3466
4208
2084
7318
9078
4491
5594
7954
1542
8766
7506
1511
8333
3562
3457
5452
3750
1236
5775
6635
6392
8854
1280
394
9407
8568
7347
1641
2928
866
3125
4507
9223
6427
5425
5696
2769
9167
4066
8105
2053
1670
6892
7984
6598
943
109
8482
8806
7972
1056
2449
175
3574
4841
6542
9450
2825
4994
5559
7673
2632
2354
6049
6081
3011
8073
4192
1545
2579
8425
1512
5688
9794
3103
3204
5860
5921
5843
3936
1404
1035
4733
6259
4967
7282
1137
8809
4436
4175
4732
3520
4130
1591
2077
8554
7142
2977
7334
7671
4059
5517
4418
2254
1000
8292
434
9886
2625
206
6982
2439
298
6634
6014
1221
523
1920
7644
2160
510
3838
2082
2444
1510
9727
2186
3953
5646
1583
4616
2859
8183
115
8882
692
6927
5789
7778
8247
8285
9855
336
4086
7817
7677
6875
8301
3765
1899
2431
722
1821
9394
5772
5319
6779
1872
6712
3450
2919
6156
951
9605
614
3551
7031
976
1789
4332
5996
5505
7531
8315
2943
7427
3331
4280
5198
511
6244
350
7512
7175
3297
3608
6681
6441
8953
478
1343
4567
5631
1021
834
930
9176
8608
7351
2062
1787
2237
4163
5145
7791
3618
5616
6836
8162
3251
1820
730
1013
3526
6030
3739
4992
1371
3803
6501
4550
7057
5403
1689
3150
123
9863
6747
7938
768
2484
7553
4226
1290
3013
3589
3131
6620
4540
8341
1651
4231
4050
1671
849
4505
8735
6435
3353
5791
7964
4198
565
9124
7252
7018
3701
489
579
2434
9451
8858
9271
3035
2172
9079
2842
4509
1953
8907
58
8092
7295
4657
1788
4155
1968
6773
18
3479
8045
8517
5225
862
4784
5409
1900
1552
9630
6828
8547
2482
4288
8519
7656
244
733
3078
3062
4535
5265
9187
9288
8303
1331
1276
9122
5620
1848
8777
3919
9443
3182
3376
3369
9482
8288
1570
5562
8454
5784
3797
8197
7256
1307
1045
6179
2425
7043
6578
6214
7572
1171
8134
6440
70
7738
4669
3740
23
9086
5605
721
7854
2554
5538
550
2363
7947
9556
4667
2746
4808
9375
5249
8327
4570
5337
5072
4821
1593
4115
3265
201
7602
2368
8124
2973
661
7035
2629
72
3597
3880
4386
2502
4165
2811
6242
3856
6776
9309
8459
1520
7536
7497
2451
8199
9331
7467
5507
7223
5645
3966
2247
8133
9719
1577
4593
5037
2410
7484
3038
5610
4420
3807
4786
6938
9643
7087
6496
2378
9862
5013
6555
5378
7992
3907
8557
5287
4882
9753
96
935
6886
9690
2743
9317
7594
9952
5032
1025
7959
7864
8689
7452
9666
6139
2355
7270
7590
1666
5207
120
2154
1312
7069
9774
5428
4947
7933
3675
850
3813
985
2709
4873
8489
2829
7366
4795
8644
5282
3022
319
5728
4619
3108
5218
2438
4936
4792
4913
2361
2366
5372
9335
8532
6076
186
1694
6645
1973
6405
5944
5654
2163
7561
1143
5332
6523
9467
7622
9092
1123
2314
9260
300
8837
4029
2292
6119
3179
5066
2003
9270
8027
3298
3434
9691
339
8202
5395
9557
2812
1991
296
7647
4735
2144
4769
1463
2465
2054
9858
3370
8196
444
2175
1797
3660
5914
5195
4103
2498
5959
3343
3635
6987
9038
9452
770
6702
7469
466
4411
151
8330
8884
3670
8879
9051
2897
7560
