9871
4512
3158
7134
60
6765
124
9032
3708
5288
5815
951
5614
1392
9943
3364
2396
8891
4429
986
6766
5878
776
6508
5372
4599
2650
1427
6641
8517
4645
9978
5567
9739
7806
247
7492
5865
3270
4492
7621
3515
5437
353
5137
9299
1886
3730
8671
7916
8188
9621
2098
6030
4418
5769
7567
1104
5406
8400
7816
767
2194
1736
9780
8997
484
1243
9372
5292
7722
3907
771
1605
3394
7659
8094
366
4543
7485
1535
3150
1616
2635
3480
1540
3250
293
7287
3139
5069
3909
6722
1541
4836
1750
4118
1816
4742
5886
6696
1537
5402
883
406
9632
3416
5840
6735
9994
9743
6199
2570
7451
1819
289
2730
8109
3485
7434
8785
5818
6029
7600
4683
2024
8063
1166
3549
5482
3392
1999
8149
7897
9056
1519
9300
6803
2918
7288
5463
2717
469
6370
7279
9446
603
2220
9755
1010
5875
3248
2933
407
3289
5696
5184
1194
7694
508
3736
7118
3562
7193
563
157
873
4603
6889
6883
2658
5219
403
7784
1649
4146
7673
8770
75
8588
7144
7703
1564
6325
5521
30
893
6426
8282
8006
6442
3003
7326
4809
2978
3072
1847
1782
373
8774
7759
1252
7448
9836
9665
4690
5046
735
5373
2806
8922
347
4125
458
7269
1322
725
5659
1216
7804
6704
5543
9088
9407
949
9409
9805
9141
9148
4825
1875
20
2631
8983
3878
165
8886
8909
2922
98
1108
6057
6333
7165
6365
8527
7749
9072
7477
152
6409
3699
8210
5018
2872
1129
6577
4080
3206
4139
1600
2992
8161
724
5401
5254
1362
5926
5093
8158
1239
7641
2626
782
6100
2415
2783
2711
9977
7796
2155
9174
6412
6591
5031
4735
2909
1466
5330
8767
3390
9257
4679
7162
3486
3402
5144
459
4185
7861
7979
8678
4282
4167
3927
1621
1668
7343
1580
9617
1416
460
7378
6852
7205
6159
5404
9626
282
4806
4034
88
9454
5738
3249
8946
8705
4375
4908
2116
3889
7616
916
8686
7869
9784
2331
8908
6437
573
8695
7379
9412
9653
5617
6750
4988
6028
9331
9894
3203
4410
1620
3813
4977
867
9238
9840
1501
5572
4842
5104
6520
7088
4362
2076
1762
7832
9180
5003
8062
7254
6675
4178
7216
3509
1379
3670
7445
7939
3824
6572
9962
1855
4033
6930
325
3968
2374
6163
906
5956
6794
7781
6022
8197
8033
4815
3711
2816
9608
348
3280
2799
4760
7576
4797
7638
3336
4635
6302
4248
1976
4344
6303
1520
9765
5967
6273
5124
3947
8603
8108
2555
8445
6633
6628
9121
8617
2903
6297
8174
5425
5218
8100
5892
189
7250
7913
3931
2781
8888
1376
7299
2142
5050
9864
1109
3991
8624
365
4214
63
4687
5694
7988
3373
9357
7276
4654
6154
5139
6284
7961
3505
8121
2957
4188
5565
5479
8240
3363
2303
7983
2593
4013
1179
5145
1687
8442
3151
2874
996
9902
8842
594
2400
7183
3646
8388
2528
6918
7693
2311
9781
2036
7237
874
4321
2520
8221
3940
1308
3811
4503
1078
8947
2601
3951
8938
2017
6717
3520
7018
3324
6459
8262
1987
763
6731
9435
9957
8781
2660
9478
3767
7337
6665
5289
4000
9365
1882
693
5786
79
2005
9797
1258
2755
5743
5637
1786
6174
8291
7327
8574
1041
7310
9146
3552
2756
8390
7912
6714
7267
6411
3666
174
2876
4571
8028
1524
588
574
7930
8741
7196
4379
3106
729
1195
2517
6142
6450
1439
5487
1158
754
8458
6296
1175
4390
4269
641
364
9163
3732
26
3331
1318
8614
3910
2482
733
9470
2398
1171
8569
6505
286
5582
4191
9960
2962
9604
1973
3450
9887
6448
7876
2991
849
6460
7651
2359
5333
2039
3254
1955
4358
7270
4615
4303
1896
639
6395
4723
9958
5256
8996
7923
8976
5998
2636
7268
4164
369
9905
4441
198
2232
596
5175
9247
3466
3892
8717
2794
9920
4326
3413
9807
5763
9355
6575
2869
9427
6705
4501
7253
7794
7449
3984
7573
5787
6923
1413
5910
669
5687
5670
284
1342
4653
3233
9419
9116
9834
3167
466
1019
1149
1327
2058
3652
7346
4175
8881
5499
1390
773
9288
3435
1763
2176
2680
1393
3725
8640
5065
2491
3444
8606
7761
8497
2418
6534
1154
3083
6507
9265
1305
5287
8552
5889
9557
839
3559
4385
2258
9548
167
564
3273
1982
5557
7367
9785
9336
163
2558
3500
6221
2367
7381
6518
7644
8371
9697
9200
8199
4997
6488
7099
7064
5001
9598
6561
4530
4032
1574
1796
9145
4879
6483
3733
8383
7643
955
6042
675
2035
5749
6535
1539
6439
948
8638
3845
4609
3775
3021
2696
9753
5252
3851
9952
6855
3598
9160
9899
2924
3077
2748
2780
7683
6342
2614
981
2330
8154
2422
5121
6405
3611
8755
7344
5607
2787
3890
7506
3714
7581
5370
5513
7791
37
5032
87
3303
568
9580
9045
398
2575
1850
4854
6247
2015
5405
2388
743
8411
8285
3237
4765
7019
897
1461
5322
8329
3871
2518
6352
6272
7825
8195
623
7388
2416
533
6699
6148
1460
8384
6307
9167
1455
4384
8436
5017
6418
7689
114
2432
8417
6316
5262
9135
6223
9351
3350
9910
9987
8923
8792
2580
9207
6789
2935
1534
1188
3488
3173
3904
47
7034
8797
5990
5793
4666
6375
5367
4135
4783
7699
1370
3640
3686
5172
5671
36
3403
1654
7766
1464
3047
2102
1226
126
4986
3835
5150
5110
2559
607
5533
6347
9387
7767
1906
2714
415
7509
3855
7069
7746
6132
5055
4342
7763
1577
2547
8806
4981
8123
7813
9501
7855
9777
6583
2347
4873
2202
6655
1302
5560
8593
5183
8271
6512
2964
7587
7022
7141
6393
7072
6786
778
4644
1267
2278
7871
756
3946
9283
3041
6128
6679
7181
8264
4327
5362
499
618
6096
2579
9508
3188
1891
9624
9611
5905
1209
1218
6548
6424
5094
2372
535
4904
3874
9394
7315
9909
9131
7590
7947
4822
3284
8818
3127
786
8660
6456
4166
2679
9185
9640
5713
2602
7828
6078
7760
2266
1143
3013
9048
7318
6137
6392
5061
5083
9237
5992
7035
8615
8639
1135
8616
6322
5556
7570
4686
3821
7520
153
6338
7003
5356
2793
3746
4460
4757
8169
582
468
4200
3926
2185
5822
6522
4111
580
7471
5049
6905
3429
3346
1998
6421
5465
9368
510
2947
6014
6612
4504
960
3841
1923
7681
8857
1983
4559
2921
6249
1198
2177
2544
1715
1588
6680
1217
1348
4291
9057
8992
2470
9205
2269
1221
6557
8850
3867
1230
6812
4320
1724
4219
115
671
8105
1622
215
4204
5315
8834
6438
8250
5197
1368
3190
7841
8915
6816
182
1008
2190
8470
8112
832
5211
5058
7919
2048
2002
2237
1329
3484
8847
7556
3479
3362
2399
8597
1744
6966
3998
285
8892
2902
4272
7407
2188
5299
636
6623
654
5379
8286
7438
1311
4522
6684
8187
6818
1357
3650
2493
6640
9669
4039
1630
1934
8302
4057
5985
3368
4827
9587
3295
9655
337
9428
7375
6928
6473
5293
8622
9438
7055
4610
4488
7613
434
8244
8320
6899
2692
8363
7357
2982
6186
7881
4976
4263
1793
8374
8322
4638
6958
420
8927
4627
6497
2049
1284
628
7653
7478
1804
4577
7177
676
8501
4003
8027
3576
3891
6746
7294
3056
4685
2759
9636
1169
16
8776
2145
4354
4007
1444
2070
1476
1712
3423
7030
5497
341
6733
9890
865
9472
2259
6113
1454
2956
427
6193
1187
3655
2037
7223
3030
3339
5989
1107
961
3256
5825
6446
4001
3971
8748
9536
3657
4523
3518
9396
38
7957
8620
3857
5632
8289
9068
6427
9215
6708
6764
6222
1586
4776
1270
4872
5844
9341
1783
3577
2313
9554
3512
1283
3777
4231
3062
8872
9599
4548
3399
6103
3379
710
3345
4239
1090
2375
6913
7688
270
5935
3742
7997
1801
443
3541
7266
2843
5715
5819
1313
7100
3141
4031
4295
4406
9370
8233
9937
8607
5037
211
5230
6738
6496
221
9093
2439
8831
5951
3337
3019
455
1480
3976
3543
901
8249
4420
1193
7907
1332
1397
6719
8918
3689
7483
3864
4787
3406
5130
2092
8193
1870
8526
5236
1674
6842
6748
3638
41
8464
4253
8078
4349
954
378
1557
3695
1096
3499
2880
5943
6084
8901
4975
1876
6654
8040
5188
4682
5842
9802
8990
1386
8979
5203
500
5357
6991
9996
9018
4372
2590
9546
8207
6865
7501
1265
5086
1572
4300
6729
539
645
9071
4709
9157
2305
1495
9159
3990
219
4147
3553
4731
7792
85
1446
8835
545
9063
4601
762
6037
1638
6646
5799
9953
7505
2438
5773
1517
7793
4425
3447
6432
5177
4798
3202
6237
6656
5467
7985
9450
9484
2457
2234
2981
8726
1294
1699
789
1492
2826
1112
9667
4262
631
9939
7776
4452
2227
1121
6825
2808
5360
3427
9297
39
7704
2840
42
1192
1721
6800
4049
6964
3628
970
5890
2828
5673
187
7842
4025
3343
8405
3193
6956
4999
3876
237
6833
5196
1457
2668
8939
4810
1757
3231
7514
7185
2719
428
5376
7754
9046
5206
9517
7447
3852
7028
4856
9074
4708
7782
3137
2393
3738
5088
4228
2796
9422
4588
3983
1857
4637
9529
4086
503
8912
740
6725
9556
1959
7524
1063
8220
2762
9901
2497
5977
5446
8907
2815
6744
9404
7498
2385
7312
4207
358
6840
5386
4650
6663
936
1971
4463
7558
1343
5235
1127
4967
5957
3826
3513
4863
6097
4811
8723
2916
7903
5912
1222
8773
7790
7940
6667
1842
1563
4964
149
5273
7709
1584
9861
5899
3716
5098
6886
2736
3457
2096
4399
2424
9486
9638
1778
7161
529
6785
6253
6245
4688
5810
9878
5931
8998
7952
790
7555
1451
570
8421
5417
9053
80
6105
934
4197
8457
8661
3569
7466
3915
1869
9267
5693
7114
7170
1172
7814
3622
393
2553
9390
6658
3665
2040
595
2901
9912
2984
9282
7311
5122
3307
2805
5981
9211
8072
8376
7051
7450
3113
7540
444
1592
376
1309
8281
8246
1064
9323
2423
2030
2337
7200
2820
5806
7432
5846
6482
453
3178
3160
2531
4608
2179
646
4294
2673
1234
4994
5514
4500
1798
7676
4016
1330
4024
592
6757
6636
9676
2959
935
2958
903
3691
4922
5283
9035
2685
6049
4131
755
8469
7187
7908
6454
5589
6423
3328
8535
1911
5933
8965
4082
6295
6895
7829
966
6362
8563
9277
2765
6317
7664
8852
4305
4316
6950
9930
6500
1853
2314
4084
3230
9734
2560
8288
8902
7650
5593
8590
3224
4670
3554
5991
8101
2709
6978
3887
1484
7402
5156
2093
1378
8321
9201
6523
7158
7394
9823
7572
1650
8967
9776
6491
1528
8999
9873
8580
5383
3508
566
3573
5461
1219
4850
3605
8245
1398
3132
5868
1972
8443
5409
9442
7745
8793
3048
9126
9737
1590
4753
2790
7667
1473
4012
854
7164
9314
1506
2087
5483
6145
1173
4648
4428
5534
5202
9566
8917
9437
8636
5939
5936
3292
9623
5961
9791
3187
5201
171
9421
9526
2206
4137
5339
3428
9858
3095
4695
2682
1133
2886
6807
432
3092
8026
4334
3616
3277
8630
2770
8982
1144
8451
2000
4187
2047
1081
5028
4958
3115
8428
2929
9248
3739
290
1714
2940
1224
53
9509
2371
1355
9050
1334
3582
4121
1153
3600
6813
8591
9723
2979
5505
235
7416
6469
5041
6823
9593
7264
7508
9507
6829
9645
2131
3053
4174
8278
2706
9513
9208
4145
6157
9269
6015
8986
8975
524
3534
6972
485
3537
6207
446
2950
8146
9970
9911
4091
7780
4357
2582
6265
2662
2946
6974
6353
1525
4658
8005
5777
9510
4716
5950
8083
1835
2240
3776
4112
7421
1246
389
4781
3038
5676
2548
1825
3702
569
2653
8424
3272
9096
9575
7889
898
148
426
6394
6077
7666
3181
5353
4190
6513
5723
7783
5070
5011
8651
7906
868
7526
9884
4691
7608
9309
3531
3069
4788
3814
1680
7063
3535
7322
6694
5153
5189
1395
5494
585
8789
5469
2052
6452
6634
6216
307
988
3437
3586
66
6859
5364
8523
5908
6330
2050
635
6550
7879
5217
6172
4070
3357
6339
1478
9212
6313
1877
836
2534
4857
1266
8141
2160
9822
4250
6367
8315
5994
9516
9319
4743
7574
4773
9561
7225
6734
64
6126
6604
7437
5692
6406
6072
2939
575
3527
5675
5151
4755
4264
6998
2523
5471
4337
1980
7571
2817
1602
9015
6060
7412
8702
998
7853
6620
4422
5476
3219
8354
1437
9903
4762
8455
6248
9515
5928
9179
2724
2010
7261
7092
3340
2845
8096
4955
4569
1196
731
5291
379
1874
7043
3400
4299
1644
1697
2503
355
4140
2055
6613
8172
3369
4728
5250
4915
6906
7773
1790
9798
4600
402
5528
9254
7823
5191
8211
4532
9995
1271
1713
3358
7433
4412
3352
6337
2995
3681
7258
4043
9108
5979
2728
5601
707
4722
6688
7698
7932
6240
489
7665
6270
6035
8861
9900
783
4705
8910
3148
3825
6669
168
7036
6543
6615
229
9543
542
5054
8139
5874
7097
7946
2712
9966
4169
9671
7727
7149
1872
1061
6133
6546
1527
8356
3703
8235
2067
6143
5539
2255
3812
9127
2054
7705
77
8718
7843
9202
6879
3619
4996
4046
9700
6321
8844
2504
5234
6091
2199
4133
3507
5326
1401
8201
2581
9408
577
8323
1470
3589
3654
3924
6440
9634
1594
9577
8059
4045
1910
980
4053
4062
6776
2772
7060
6692
2011
9857
1275
870
3381
6071
141
828
632
4050
5454
2213
5167
780
2402
5112
3108
7038
6710
8481
8524
3170
401
131
3833
5468
876
4455
9024
4814
6984
4619
1363
4926
5433
1341
8017
9891
5808
5660
9625
8273
9550
8030
4721
3171
6771
8751
5986
5610
7417
9144
3538
1400
3786
2545
502
193
5436
591
5129
2476
2192
2189
2178
9724
3204
4549
4749
9301
3734
9222
24
4535
2306
3454
4077
8365
5407
7857
4605
6260
2829
6155
9022
6811
5881
4697
7439
7397
6850
8454
7452
516
7179
1758
684
6058
5363
642
4969
4017
9289
2814
4544
3087
9855
8932
8775
4132
4163
5914
1754
5229
6280
4331
6715
2338
3063
6666
135
8757
7160
2836
2885
1841
9129
9320
6008
3105
788
3989
9393
1419
5893
929
2228
9459
5772
5615
6801
1726
6287
8002
3099
8783
319
8698
7513
3853
7639
911
49
4620
4138
5036
5741
8759
118
9183
667
1745
2532
2936
2462
5021
1618
2333
5644
758
5342
6182
4886
7145
7339
1148
9935
5185
7364
2265
463
1373
6017
7324
2027
4433
7927
6466
5233
2600
6185
4677
5090
6835
1543
721
3089
2440
9581
3128
9398
2965
8166
1684
1739
3040
7525
7349
3883
4628
6902
4296
2926
1599
5138
1596
3749
7272
1086
2148
8808
346
5730
5546
7087
3029
1593
507
938
9347
8397
495
3223
9482
4211
7686
6815
3966
8479
2431
4275
1448
2514
8280
5095
2996
8993
6977
2152
4123
7724
2235
7066
7910
9657
1099
1530
9139
6449
6197
4284
8447
5587
8725
7672
1414
1682
5319
6682
6020
2112
3768
4771
7208
7309
8926
702
2832
5268
2319
4712
4101
3267
3519
5074
2767
4702
8153
997
4212
8178
1453
9142
9564
4464
3065
8599
1312
1665
9670
4259
2289
7191
2143
2867
2664
8803
5306
9682
2632
2879
9835
8642
7728
481
7400
8516
4580
2168
3175
7418
22
1800
5969
5604
9149
306
4329
543
2871
8463
120
5877
9429
4283
6292
5907
794
6541
4018
6441
5509
6555
8466
6268
4538
1570
2264
673
627
166
6027
1978
4592
2122
1110
3759
1364
2004
6917
8284
9206
7137
2937
5186
6975
5374
7950
3124
3067
1734
8346
4490
590
9308
8238
5526
8954
8721
5932
6622
6625
3585
3144
1789
6892
1575
6858
3011
1132
6123
2071
7901
6327
4466
9896
4527
3659
8587
6458
9029
2351
8014
8561
2018
5823
7538
392
21
9190
5385
7050
1301
1733
1777
8896
1636
6140
445
5765
809
6743
9521
4246
4624
9847
1652
3319
3677
5478
2361
5142
2893
7157
61
5355
1883
8851
6283
2731
4458
8928
6504
8825
6206
2262
7336
8700
8554
9192
5378
1426
2243
1235
6056
3583
6332
2666
1044
8192
5963
3342
3865
6963
1281
8894
6563
9850
3623
111
4189
5241
8242
2618
4150
8367
9648
8399
1300
6516
8489
7300
7457
5442
7762
2401
8810
7606
4232
1643
6936
8736
4537
4817
4394
2222
5919
4870
3213
6983
5955
5344
7805
8236
2968
7411
6579
9879
3544
7404
429
3558
7463
7511
6510
4415
1722
7222
6893
4924
3198
8031
5103
8313
3391
9838
4268
147
6061
1554
4129
4157
9165
6227
7436
963
9811
2069
6184
1732
2026
2624
9443
5665
1088
5193
7797
9540
8131
5
214
3735
7609
9189
8740
813
6940
8771
829
2339
3808
4617
8942
4158
1894
9523
677
888
1698
4745
1595
4898
488
8722
5885
587
3822
6565
2648
78
4297
8041
5946
3491
4520
7079
1502
2419
2391
9377
3239
2162
4427
6752
5123
5481
1552
958
128
8704
1491
3838
9216
9876
5745
9493
3335
7837
2729
9504
3606
2665
6305
2062
55
2480
2123
2707
1685
2741
8515
4613
7938
1995
6139
5296
1087
8505
1578
4036
1947
8800
7647
4224
2250
8542
3955
4459
9722
2150
4346
614
2103
3906
5562
279
5448
2912
4192
2128
1625
5337
7486
6198
2599
4950
6856
5646
3006
4426
2948
5030
4636
7986
155
4244
1806
448
1913
9296
259
8182
8053
7795
3551
8427
7764
2782
772
9184
1696
3033
6644
7597
7389
6531
3080
2253
2644
5166
1512
1634
7752
4591
7968
173
5727
1938
1328
8330
8716
8355
2895
4243
579
1832
12
1873
7625
6992
8270
1227
9371
4586
3762
7104
2881
7155
1946
6527
7470
7684
3194
5331
1615
4038
244
2980
6211
2051
9055
2754
1183
5954
9666
9292
4672
5418
3016
4706
1022
7453
4196
3386
801
8088
8185
5375
9305
6429
3448
4242
1932
6586
8540
2081
5643
3579
7080
6745
1686
9123
5246
8798
3609
9236
8272
8991
5022
8364
5518
4875
5838
6703
913
9928
4944
9702
6005
5320
6291
6478
107
6797
8547
6498
1442
312
917
4058
5764
2110
9799
3050
7355
1264
8328
3298
257
2332
8295
3238
3028
3421
6728
8882
7273
4865
3913
9073
6607
1431
3850
899
4177
7042
6881
5636
2369
6999
8444
7385
8176
5754
1046
4314
425
9656
6584
4572
7662
4557
3672
5541
2998
8807
1963
5238
7915
123
6267
9325
8344
7024
975
7706
450
9806
8762
838
357
8645
7321
1410
1259
92
7870
4096
2862
9187
4639
1661
9893
2889
276
9716
3490
2241
2738
2370
9214
6326
2882
239
9021
8595
5561
2307
4737
7714
692
7002
2218
2248
5195
985
759
7535
2064
2471
1045
4775
4823
2643
13
411
9193
6952
5456
597
2208
9242
3207
9456
7033
8602
8416
8070
1147
3587
9974
7661
6075
2166
5972
1155
5959
9311
1091
4274
9971
6756
2252
9685
3615
4785
4148
7110
5414
5685
940
7098
3093
2414
343
9138
9128
3888
5398
2546
9742
8275
9012
5048
3925
2215
2275
9302
6638
2284
7211
5240
6908
7899
5570
3823
9751
6702
5382
5920
4035
904
4593
4665
2146
9924
3526
6120
7093
9124
1924
7515
5540
1244
2656
7347
8950
9480
1952
3898
1919
3912
9026
8342
6344
3475
367
7800
7446
6407
7021
6264
3205
5598
2973
2170
3015
9010
6244
4539
6768
615
9568
5652
31
4442
7599
3806
5858
7410
2133
9488
6314
4369
1623
4625
1262
8208
1820
1728
617
7076
1788
1055
4621
2704
4325
1996
3895
1670
7566
3282
387
3721
3958
5380
4507
8084
9570
5187
5983
5491
3314
3674
8499
3680
3597
4339
2693
7588
7914
3186
7096
7219
6778
7203
3460
5063
2195
6758
8957
6083
8786
382
521
2768
6011
9310
5507
7561
9219
9867
7956
2681
3933
6866
1323
1858
672
9767
5403
5458
4497
3967
5866
2456
9553
8868
7199
9113
3731
4819
5571
4307
6759
3918
5666
2822
4589
6847
8300
5620
909
5023
4280
7503
5733
6110
1838
8955
5495
2910
8794
2694
1718
9788
6576
4386
8298
2268
5284
2530
1333
8426
2993
7305
6050
9042
7372
1202
9016
9231
8557
4278
8752
2412
4861
7583
4651
2578
5345
5948
7860
1043
9175
2763
4439
9137
6894
4391
5625
2111
2564
8483
7013
9907
7854
8347
979
745
737
4972
2104
4149
2207
7532
4962
7655
7175
9502
7007
2066
4849
4449
7987
6843
5492
520
9227
3172
1848
7198
7005
7720
9460
5415
1139
9209
5577
5062
1829
44
852
1764
8051
3723
2875
6357
5952
5400
7320
8134
7874
2389
6246
6118
2365
5118
1802
294
3764
761
4518
6627
3744
4711
3197
4022
5336
2060
6480
5136
3846
5176
8713
4960
4323
7009
6404
2340
9695
5281
2856
2823
8147
1105
1880
884
7856
1004
7460
82
5243
5131
3539
2318
1893
5173
2611
9917
5117
2722
8766
891
5343
5498
8802
3425
7980
971
7618
1213
9954
3844
6798
6250
9915
8276
1126
5224
9095
1854
7304
4276
5192
9918
4156
7864
5352
661
1902
2406
7458
7047
3397
1084
4267
1899
3706
753
3353
3017
7779
5591
584
2864
3709
4042
9440
1472
668
4662
4991
5391
3396
6897
9275
1968
5684
8500
217
9531
4301
3145
3483
5399
2667
129
4395
4966
8294
1082
4871
5106
807
4126
6560
2065
8093
8449
4987
268
1430
7626
8812
9143
4660
8206
9506
9942
4405
9054
5393
3774
9321
7552
3278
984
7004
4021
5261
2584
2295
2109
188
6285
2310
5843
7569
8341
2994
4193
3643
4759
9975
9168
1977
2281
1314
3815
8791
4368
3088
8430
3498
7081
3330
1374
1185
7768
2244
5510
8720
3673
558
6944
7885
3103
8502
531
1408
5923
5132
5779
5968
9562
7531
4120
2254
4515
578
4529
7127
4117
6864
5578
5891
5895
1810
1887
4380
1826
8239
6525
5736
9313
6997
2509
3592
5259
8486
3719
4828
3561
7941
2404
7319
2797
1851
4124
8025
4414
7993
2219
4421
6256
8839
4671
7716
94
3664
8742
2229
5559
4746
4279
9565
2120
6780
354
2056
9366
9337
4072
7190
6629
728
9003
5662
6396
8694
2429
2159
2336
5680
5056
8943
9256
7252
7298
8018
3936
33
8117
9250
4887
7341
6582
637
2945
2322
5785
9401
7670
9658
5134
3790
1942
9986
3740
3043
1358
7474
4028
8314
5898
3118
8214
1201
3917
1941
6306
8873
5485
5807
1142
7291
6340
7039
9376
8020
6463
4108
9992
3778
3671
4754
9601
8968
7058
5774
227
6254
3881
6475
110
4891
3473
9020
8167
6261
553
422
5102
6844
6763
7025
1689
4594
7975
254
9151
8714
1326
8230
5794
2620
3493
5260
1297
224
7758
1683
4884
4912
2091
2080
1015
4076
695
833
8537
9757
8985
2328
6779
4402
7136
8641
8338
7084
9101
2610
1304
9464
4804
2466
2955
7473
9162
1814
6556
8224
4241
2236
3985
7480
4431
8448
5811
184
4159
8582
7678
9538
5522
9307
3678
7331
701
2818
3698
10
9111
4701
8592
2750
8884
1610
4659
377
8765
14
6980
6419
9367
1106
6115
8553
7368
3556
9993
712
1515
2633
9171
2212
6063
5413
655
7286
5700
8433
8744
1953
7544
9098
8871
6570
5080
1344
4456
2445
9332
7737
1051
2784
4364
2974
3481
7726
932
9815
8855
228
185
4943
742
1238
7953
6300
6041
7924
5821
808
5247
1748
1152
1981
1277
8378
5520
8215
9410
3932
7669
6194
5258
296
2455
1060
4631
2583
7527
5164
2428
837
8043
9087
8949
2465
8521
4195
5449
2923
5447
2008
4209
3842
1409
3820
6891
810
7528
9485
8420
5678
2296
9031
5392
4730
9576
3325
5438
4104
3570
2700
4201
8889
8202
1558
5930
1863
5239
9745
964
2773
8
5883
71
9433
6298
2598
4205
5269
9715
3771
5761
1912
3001
4105
3010
5503
2251
2204
399
5064
9809
2672
4378
3647
8539
6954
8334
5332
4103
1511
2016
5688
3495
6726
7231
1123
5226
4634
4713
7546
3692
7682
2006
5228
5444
688
4906
8984
9679
1403
6012
3536
3039
2554
318
4392
8978
567
1191
1205
3805
4437
119
5770
1695
4085
6921
7750
1545
1085
7551
6981
9036
526
5430
5627
8170
6486
5714
2697
4933
8879
3459
6540
1935
7376
206
4170
9388
1203
2134
4568
2639
5470
5475
234
4563
3285
1415
7534
583
5634
5005
6976
6920
1988
696
7845
101
2813
5265
9085
6910
2023
7565
5057
8685
236
86
4226
6190
3434
1566
9860
3921
2210
3661
1317
2775
8598
7041
1549
9696
7553
2917
3271
5459
4838
7334
5759
8324
2013
4506
4381
8267
395
7713
3995
6593
54
6882
7256
7329
1781
1708
802
8115
8368
8482
5081
3962
5390
9385
2373
6238
4202
5876
7131
5784
1581
1900
9818
8649
169
6916
1128
3258
706
6201
2442
7115
2928
4485
5608
2824
2848
8462
6617
4961
3603
3769
7612
8265
4322
9614
877
1089
7062
7464
5695
2433
1474
7140
4540
7977
9534
7053
3901
9077
1755
4726
6016
8155
8348
6376
7610
544
4851
8406
9660
5318
9849
6236
8143
5960
4475
7735
8520
5327
9686
9465
7037
4382
8260
1827
6767
9839
6727
4351
821
6501
6312
5443
6329
3684
8669
6839
8269
7459
7840
2101
4411
619
713
4938
1494
6796
5927
7917
1388
6648
9196
7978
5040
6650
4584
5925
8305
3478
1345
222
8833
1889
9683
7998
6434
1338
1632
3633
3310
2154
5271
4567
3645
5831
4885
7031
4993
957
5544
1619
4555
3374
3602
8179
8251
6178
5068
1220
1884
650
9339
8897
8663
7657
4273
3134
89
8568
6712
3168
408
6949
7209
8369
3247
6566
9726
5538
9721
993
9654
5027
3349
4005
5422
6218
3430
8061
125
5179
3378
5566
2897
8403
4848
3351
4198
1767
4315
9688
5717
7775
230
644
2819
4491
2468
621
3751
3555
694
8337
2203
4867
4481
1254
4692
2300
6875
7787
3140
338
3014
7680
7230
3593
3259
3548
4403
2323
4444
7539
2325
8227
1765
4582
4143
170
6023
127
70
9610
9881
953
890
6114
505
1247
412
8655
2688
6007
9549
8970
5024
1115
7972
6274
6162
3420
9880
8150
7757
6645
514
7868
3232
8948
6135
5105
4333
2447
9999
5127
732
3710
438
7420
5426
5909
1656
1116
7251
982
467
7872
658
7125
5996
7285
8880
1797
5205
9690
7598
4542
9155
8097
2896
1023
3445
3993
9118
5311
2033
2279
2151
1779
339
3424
8394
1214
8652
1141
4974
3662
6359
7293
3800
622
9099
6471
5734
7054
2029
2899
6098
6214
1771
2099
8391
2721
6868
3199
3788
2019
6087
4066
8331
3624
6006
7119
4482
1986
196
8140
9246
6067
3341
9883
6026
4934
722
6602
8257
5109
6880
9233
878
3506
8688
1614
8559
660
8066
99
5216
3772
2198
7660
5504
2286
4098
741
5880
4526
1257
3060
1361
7082
5626
2642
8104
456
2605
8830
5490
4843
1538
291
7821
7981
2542
3052
1481
7307
1658
1967
2604
2942
2699
3675
7579
8534
4443
1030
7228
3000
4935
1276
5758
3315
6047
5832
7898
9154
9078
7902
5304
1017
7491
7345
2877
9672
6116
5672
9373
9646
4227
6183
3741
8758
4113
2690
7944
3502
4179
5581
515
7808
8864
9217
6632
8930
2473
7798
9405
1662
6653
5125
7731
6391
6955
7195
7167
3169
4154
3849
8079
3463
3263
8360
1815
8429
8512
3750
2865
9810
9342
4618
9826
2097
4363
8118
3793
492
9094
2312
9945
8577
8708
5502
5944
8567
6231
5618
8194
4366
670
5389
9852
5970
9120
8995
4352
7568
2246
9866
9340
410
6539
363
9273
3116
494
1603
4657
3333
3026
6051
4468
7454
3155
5934
8493
3046
550
8732
5227
9066
2500
5887
7306
7129
7920
3997
2907
5462
2450
9226
8437
5309
2387
9287
1286
1629
7408
9358
3268
8021
9588
8119
3952
8054
9350
9862
6841
452
4499
3443
5445
8243
7803
5420
3872
4869
7488
5750
4401
299
2930
7772
6698
8408
5276
4027
8727
5073
598
5753
8361
6336
697
6269
6177
5845
4664
1204
8037
1956
715
8327
562
1990
6308
8787
8241
3753
7359
9166
4604
5973
6552
8358
5833
513
6102
1642
6521
1098
1248
2257
6697
5377
7734
2291
3831
4525
7201
40
4642
302
3641
4801
9985
3956
9959
7151
5575
5525
6149
2609
1920
3246
7596
5953
921
977
4896
3262
2119
3523
1655
8746
848
3595
900
7112
6903
928
9295
1843
6810
2200
8077
2572
2860
666
1675
4583
589
6695
4345
362
4465
5154
7936
4900
2448
5674
9452
3494
501
6464
6660
144
4763
739
698
5416
1514
6995
8960
9034
6596
6993
4225
1626
2855
8856
9571
4778
4416
1047
8392
1648
4696
9417
5987
3791
5365
1673
5913
1387
894
9741
9620
5916
1161
3648
4710
9664
6461
4780
4868
260
8480
1021
1856
6122
752
2125
146
994
4094
4128
895
8579
4199
6360
8684
2124
5512
9829
7213
3905
3347
2395
9766
2890
5725
1459
7374
7866
7629
9865
6609
7120
5780
4595
249
5223
2022
1350
1720
8841
4897
9691
5111
7204
8637
6569
4430
8386
8711
6109
5012
3522
4435
5746
9091
6224
394
5500
6929
3147
1445
6662
5813
1690
2677
1915
7756
4168
6603
7753
1399
8658
9466
6474
5101
8475
5820
7456
2634
850
6724
5731
7507
5869
4151
7297
475
8237
4093
223
3728
2487
3130
381
9825
5346
972
5152
3669
301
9560
1000
5294
9278
4389
2224
2739
2674
6890
1498
1186
7739
4597
4794
5573
7771
6826
3911
8484
4911
7582
4796
2774
7564
9885
9897
8253
7241
6686
3064
6597
9041
1624
9413
9049
9505
798
647
9490
7743
4254
4521
423
3097
4581
3727
7214
8668
1970
3547
4341
8498
3135
5547
7827
9420
5523
1211
1892
1482
7622
7595
2320
8666
2990
9547
1741
6832
8110
4895
7892
3119
139
7260
9746
1406
3722
416
7894
4565
9710
5645
5501
67
7635
1174
1094
7817
3566
6467
3635
6195
7333
9639
5719
7352
3300
1250
3054
969
3264
8543
825
331
1182
5366
6385
9228
1038
4494
1170
5257
719
4734
201
2747
7113
3348
8581
4353
3005
9782
6373
8259
6168
811
6517
6121
3784
5902
7996
5266
5789
90
8205
2126
7994
4834
9075
6410
9491
4519
3903
7970
437
3311
9198
8612
2597
9070
7904
5937
1667
3938
4739
4717
1805
8887
3474
3830
8981
4824
1561
9082
3355
840
7671
8920
6851
95
9271
9888
45
4528
8809
1035
3524
2723
2478
3745
6805
5208
3002
9458
7550
4917
9940
4835
4963
6402
4831
4020
4656
2802
7243
9934
3220
1704
5460
9848
6319
8452
7173
1025
250
4134
7942
8859
7835
8937
8899
3631
200
9375
1321
1050
9268
2163
4079
2846
3804
9675
1860
5841
9386
7406
9681
6293
4493
4203
9234
847
3253
4075
6189
8625
8137
7521
2971
278
8854
1012
5623
9569
8749
3321
6592
6915
704
1752
5724
6701
8095
557
1435
7933
6621
8419
3542
8974
2434
5616
8401
7132
2686
9496
3792
5592
3642
9352
5274
4088
999
683
7502
6671
6605
7026
511
5650
7702
8223
1716
4002
3594
8596
2777
1077
860
136
2477
133
5884
1504
9011
5867
487
4404
640
555
8064
7215
2687
1240
1292
5702
3934
1380
3704
8890
6108
4258
68
6551
9814
9326
1452
6263
7685
3783
3251
4396
3975
9475
5552
2324
210
8204
2100
6945
7263
6774
8737
5209
6938
8008
4877
9831
6939
1559
7536
4
9270
84
823
5597
4044
9951
179
7147
5169
1352
486
8801
231
1013
7605
6476
750
8510
5545
8712
1462
5140
1768
137
2524
5871
9114
7046
9969
6355
3854
8747
8665
1944
4516
7584
7070
3260
9002
2376
2276
2669
8252
9051
2488
8874
9251
4892
5917
7510
3996
105
9635
4983
5701
2713
2139
1048
4531
3599
7316
9306
3166
8924
9106
5863
6643
9100
4483
8972
1950
5424
6831
1567
3023
9441
879
8969
1420
1382
5496
6364
7991
6241
9728
6089
2458
3693
1168
472
8853
7295
3529
5814
6736
2021
9280
5120
4952
6094
5551
7559
2315
2090
3112
5563
9949
889
3236
8709
9738
8964
4309
9633
8203
1475
9853
3183
2355
509
8564
1353
9468
4578
4165
1485
4419
7156
5198
7955
726
652
3469
851
4560
2622
4317
9110
8745
6413
7960
9298
8277
7589
1601
9965
9327
7016
4564
6573
4448
4837
3530
6032
1093
3970
3858
9199
5275
1759
2708
5826
9651
3614
2453
1555
1417
1866
8057
8648
6677
1436
1069
629
5077
6036
9425
9673
9989
3177
6372
2475
349
1885
4285
5698
4830
3781
8343
9019
4524
3091
321
4371
121
9076
2256
5802
2472
9290
7594
1056
5286
3897
6153
6706
308
2263
7071
6233
3943
2001
8113
9869
8826
8060
4641
7858
7366
6085
5978
8626
6134
1057
8047
9356
4478
9147
2079
3461
2057
1727
4786
9279
1609
8689
6286
2718
714
2835
6374
2034
8715
3076
2511
9156
5451
9448
4953
5087
5301
9932
8823
2061
9013
5861
1369
3988
1428
4674
922
1548
7048
2216
4234
8071
4216
3939
5554
6970
1710
8958
1824
374
7143
1613
7192
2233
5180
4826
2760
9191
2173
3754
9650
2153
4252
1822
4729
8885
7442
3604
5384
1678
2552
8911
8646
1916
5922
3634
7461
6021
4019
2294
8963
5453
4467
3832
2346
5181
5940
3923
8729
5300
1738
5569
956
180
3408
540
5213
7603
5576
8562
8690
4533
552
6477
3836
1591
5232
8316
6156
523
385
2629
6793
5220
9363
1181
2670
5316
2589
2230
2417
2217
5586
5839
2565
1032
4770
9769
6205
3900
990
9854
1432
2850
4864
8670
1488
6631
7476
8132
17
905
1780
6787
4602
5781
3757
5174
8777
937
2288
6849
5640
2519
1113
5653
9961
1006
3840
8933
1076
5752
3244
3265
1879
5958
6951
1299
663
4287
2831
4160
6760
2181
5971
2932
2710
9017
1582
3969
6414
5852
4939
7949
5850
6808
6040
7188
9572
4554
4561
4453
56
1320
7020
7995
3621
7040
3164
2587
2436
765
350
9731
4293
1948
3401
3163
9929
1964
6176
3780
1794
3154
1278
699
1957
3899
6220
7271
4752
6649
1256
1014
6948
100
6524
1197
818
6775
7123
9232
3074
9874
816
3161
6876
7469
3395
2745
8796
7262
2136
6435
7497
989
1532
2533
3501
8048
2368
8332
9194
8016
6019
9152
1930
1034
4623
5395
3487
7240
9819
5929
3580
7365
5800
4173
7259
4508
9804
6672
3192
1908
3376
7429
9040
3766
3497
8106
6499
7435
5099
8613
288
6251
2726
4365
9843
4006
5580
1585
7886
4423
7348
1180
7755
3422
846
8145
8495
274
8339
8049
1878
5835
991
1272
4513
9997
4768
7012
1544
368
1150
7541
8511
5853
9285
4116
3992
1705
151
5809
1939
6820
8477
6230
3660
2041
6937
7778
1985
2304
9801
2298
4764
3109
2715
2238
2496
1120
6127
9239
1385
4440
9328
7708
2175
8778
6753
9263
6874
8667
2191
7890
6678
6408
9612
1255
678
3963
3796
3715
9631
9225
5115
5214
9119
1497
2082
1207
2490
5297
6010
800
8929
6911
9354
2413
5042
4784
2771
820
7049
4255
7328
3847
8565
4432
8532
3987
3036
1249
4180
7992
4152
7045
3275
4928
7292
2830
6846
3153
8256
5657
7614
5668
2960
2343
8772
102
853
1639
4484
9081
5976
6538
143
9286
7068
525
418
2392
220
7884
9483
9511
8769
8780
8089
1587
7139
3101
3327
7353
881
9172
5317
5212
7529
2566
9203
7611
2043
6716
8816
9503
3329
4632
106
5020
8404
3974
3334
1669
7592
9967
7711
2353
9037
4509
5455
9628
6683
5995
1775
7138
11
7443
1157
2349
1571
1743
5658
7530
3720
6033
1631
686
7101
6443
2362
9445
8508
1688
3296
1066
1898
9955
5015
978
8438
7233
4015
2537
4261
5532
6837
6595
9828
8605
9492
9107
9563
8843
3071
3848
4505
50
8815
1215
3174
8340
3902
6718
7174
1260
6400
8739
6942
1381
4957
3008
340
8994
2261
8471
5628
3313
9774
2884
6369
638
3266
5358
2502
2987
5168
1456
8450
723
8576
834
2130
225
9379
6034
9173
2089
4409
7462
2193
9981
113
3937
8196
3724
3229
804
4213
8548
6117
4881
8560
634
6125
7604
8212
1020
855
6196
8085
8832
9039
4585
3863
6933
8533
6959
2683
6386
7197
6838
7248
238
209
7027
7873
4858
6275
4502
8692
3797
9968
3035
9527
7937
5980
7700
6494
1562
9499
5748
4220
74
6048
3916
5924
261
7247
717
2072
4292
8395
3819
9786
8544
1672
5974
9642
7094
1890
8173
51
3380
3375
3794
6288
9976
1429
5647
3700
8023
9043
1568
3090
3516
952
2020
4980
3799
746
3758
1692
3608
7710
863
4047
4800
7632
1137
7679
2506
2701
2221
1975
6900
2883
4676
6428
3596
8925
6896
5797
902
6553
4675
968
4574
1729
4534
5434
3142
8858
6647
7593
3195
6262
7517
6377
824
6147
4286
8473
4714
9573
5313
5542
2451
3322
1160
5611
1402
1845
1053
2878
1679
551
8362
3617
7023
9030
7851
9380
4102
7350
7789
2847
7862
4090
58
1518
2720
1936
6802
2655
2360
5760
2997
5564
9754
8822
1641
93
2378
8013
4162
4477
6119
2075
3182
1052
8860
7896
8940
1469
109
7494
1867
1325
5351
3894
7487
6532
9065
653
3885
5039
3360
858
9783
3930
2810
8531
6415
3945
5798
6217
62
7918
3763
738
649
5361
2117
5082
2866
875
815
7391
9794
1449
5624
8156
3761
805
5097
1319
5295
659
433
9479
6514
2366
1354
7824
791
8707
1391
405
130
812
5888
9705
5113
8914
5133
9006
2809
9704
3743
6173
6018
6309
134
4087
933
4235
2716
7628
784
142
8657
2086
2272
5938
6799
3042
7166
7393
2074
8232
7562
9132
5720
4489
3290
1412
5606
8906
7948
3610
5851
1049
1818
6827
5683
1943
7523
283
8529
1533
7351
1477
7146
5263
4210
6626
3388
6150
7124
4930
8837
4942
6585
2798
3242
8456
6069
4536
857
9535
586
1531
23
3111
5949
546
8623
1279
1261
3044
6059
2791
626
2394
3667
4130
3914
7965
2969
7649
1907
4978
6574
8308
5941
3795
2842
7863
3651
2521
4236
2743
7883
8545
6328
6433
9477
3489
4853
5159
4350
2854
9140
7414
1273
2591
5622
9719
4222
4899
4777
1102
5596
6741
907
4142
3860
8217
2551
559
1389
1366
5107
8038
1784
9844
1803
6111
5486
7777
7274
2285
7116
1075
3649
2898
3557
2625
8092
4545
1627
1092
1026
1324
8135
6081
2380
9699
4037
3893
7423
9944
2586
8200
8335
5999
3210
7396
6323
2961
9001
8111
2410
1083
665
5010
3590
537
9360
2499
2127
5524
3807
709
5016
4182
5329
720
7733
1242
822
2904
965
8662
7238
9567
1505
8913
7747
9760
7107
1637
5804
4840
6212
3961
6814
1310
328
856
2732
6389
5359
2267
5009
1411
8177
5530
243
332
930
3866
4812
1813
6166
8009
496
1359
5911
3607
2966
3432
8575
104
28
262
8836
7545
8492
3773
6754
7730
5517
3382
5084
1628
2977
950
9359
5706
7969
4700
2211
6086
8956
9487
1340
8549
8875
9908
3879
1040
866
4063
6095
8216
1945
6465
9619
8487
1159
1145
5466
8691
4803
6152
3110
8317
1960
5328
1707
6824
6953
781
7441
1808
4144
1663
6773
7931
7591
3410
2753
2282
9622
9736
2779
5440
4041
5775
2557
2287
6907
4937
4110
9559
2308
651
1840
6397
2283
7516
2377
9916
267
3143
1367
7159
8075
4932
9740
7989
9204
5993
3255
648
6444
9600
1717
5716
9770
3079
7317
3121
5100
8073
6422
9089
7984
8415
4335
8895
5171
2495
4990
5756
6870
716
8621
912
310
9294
6493
8004
5089
462
3472
9759
8654
5267
6968
112
9583
6399
6106
4889
6335
1962
3877
7465
5796
9033
5997
3653
9276
8509
5679
3668
6093
6755
9947
9816
9708
271
9261
1177
1569
1471
7399
6914
2623
5488
4725
5633
9115
3528
4367
8024
7812
421
6417
5464
1162
6079
8764
3875
2657
8234
3131
9773
747
4971
8396
7537
1811
7636
372
7925
3789
6664
7740
493
7395
1425
3514
2607
176
7663
4799
6318
796
246
7751
6547
8307
1521
2510
817
9706
199
9709
6674
8258
1937
9395
4982
9542
3697
6380
605
3294
2280
4347
9701
4792
5511
4667
5588
7926
8353
5076
3532
8971
2645
7836
9392
6351
3257
4807
770
4308
9334
3215
613
3415
9383
9555
5221
532
1407
8632
9411
1914
9983
4008
7846
6713
6082
5354
8635
6076
52
5160
2157
4011
9921
8029
388
8551
6112
8219
9403
2201
9047
2084
7056
6266
1335
8184
6614
216
6600
6315
1037
519
3752
656
5771
4668
5210
3687
1499
4616
7361
29
9552
4570
3859
2556
5879
2105
2357
547
2158
4302
4929
3426
1206
3726
4289
5827
1583
8876
7133
5848
4761
2651
9652
6165
7654
6124
8402
7044
9052
7472
2569
7090
3129
9863
1080
1931
4361
2407
7189
4454
3125
8701
7888
1785
1974
5396
9303
2621
8790
2734
4229
8081
9792
5178
3252
2129
1315
2834
9038
2270
1852
5655
910
226
2769
8730
8829
3816
5047
1225
549
6243
7504
9182
404
6234
4230
9674
7362
7109
1702
1536
2812
1606
255
4832
6358
7578
9284
1640
8393
2171
205
2449
8699
6784
9659
6425
4318
974
6871
9842
8653
4457
4669
1418
1100
46
2226
7010
9717
7634
6965
97
4699
4546
6925
2742
1067
5308
5726
3316
4081
3496
9870
3584
7479
927
9512
4029
8373
1280
9469
1659
973
6578
3209
2121
2870
315
5119
3625
9752
8218
6961
8583
9931
8814
9988
9318
2663
1268
4689
5303
4816
5026
6080
3618
7220
5709
3165
1467
5651
5900
9467
1812
6054
7880
5044
9414
3007
5699
9317
9009
943
4680
983
2180
6673
6479
8768
2538
6282
3683
2868
2247
4083
5272
5595
9241
490
2186
3818
8058
7807
625
8432
409
6723
4883
5325
1229
8453
7413
4496
8370
8228
9266
6700
1553
435
548
1954
7280
1463
4550
9630
4071
454
1607
624
6691
6453
1529
316
1079
2464
6935
9579
2363
4907
6345
1307
5854
4626
7547
2301
1440
7607
581
5045
5408
161
5901
2740
4576
3126
5795
3949
8525
1486
4374
9220
2857
5312
5718
4473
8710
8945
2183
2156
3409
8136
6301
7911
7168
5860
6255
5321
2032
7186
6711
7830
9758
27
5148
2539
1383
8676
7738
9259
1992
6973
5335
5341
5677
9558
5182
3574
3287
0
9998
7878
774
8209
2492
6299
4979
7577
9790
8127
4795
4741
6969
5143
273
1772
2053
2460
6289
3632
5421
5141
6737
4681
9698
795
7548
1097
3438
4661
1791
351
662
8782
681
7169
5116
8683
6324
9245
3274
2853
7729
6549
9462
6401
2640
192
8382
5305
7152
1742
5072
2327
2851
8496
3441
4360
4598
7945
2046
8183
4480
8633
1993
3717
9399
5170
1347
8862
6104
1795
449
6957
1664
5801
5066
792
8311
8966
2516
8556
6668
2452
4852
3098
1691
3020
3944
3451
5348
7847
9605
3843
2106
2197
3755
6455
5829
8973
9812
3856
5381
4916
3176
8263
4030
1285
3973
8261
4923
2059
3365
2967
1735
8840
8086
2944
5411
9153
4359
8068
8352
6191
1131
4172
6187
2411
3149
8380
604
4989
1657
8042
9028
3467
6537
9824
1676
1922
1597
7275
9627
4758
6872
2107
9104
4820
4611
8010
7580
8290
9439
6616
470
7356
1565
19
9892
6536
424
5480
6436
5245
1349
7809
6053
140
1422
4715
992
9827
6502
3817
6869
2647
8410
6740
9845
3218
8550
212
6348
5419
2068
2594
2405
6533
1394
2938
9497
4462
7484
7126
298
2403
6368
4068
4260
4257
1770
6783
2540
6160
5817
7284
6885
3701
9005
2595
5739
2906
6990
7444
4791
7011
1375
2231
9103
4298
3122
1140
9353
3612
3243
4095
7111
8687
9416
3928
803
6863
3302
5075
6068
9712
275
3828
8799
7245
4479
6830
6854
269
132
5757
2031
9008
1730
5856
6608
5776
4747
8536
4407
1969
7819
2776
390
419
7387
2118
2873
8279
5744
8299
7954
314
2592
2757
1490
9730
4921
7425
1479
5975
3387
5630
4026
7405
5864
7575
2858
3477
3417
336
5847
5387
2761
748
1513
4646
4470
8490
1979
3405
7218
6828
9316
6619
2792
9044
9732
7224
3276
3972
4829
8015
4720
6610
5369
7
8893
6341
3114
2292
8357
1751
6
2381
7427
6090
440
8102
6988
4511
8138
5782
5431
2702
1443
8631
8082
8181
3957
477
6685
4905
5146
451
7838
5767
7850
5493
263
8761
4968
751
534
947
1573
775
2196
4356
5621
8441
9449
6670
749
5349
8600
2914
6581
5870
9950
3288
8506
9178
8601
1660
1178
538
9692
7732
91
6074
5531
5824
1007
2894
8779
7360
2364
4612
248
6146
2463
864
5013
2529
8304
1365
8116
2725
5619
9763
7255
7982
9067
2852
207
4874
345
1903
7495
2184
6770
7308
4155
7467
2801
679
6594
3462
7601
8953
5947
9607
3312
4902
7409
7073
5635
240
8248
7668
4782
3760
1377
896
5071
5008
3235
4655
7519
264
4703
1372
3986
8375
1337
1331
7226
9097
8069
9946
1298
2803
3301
8056
1706
7422
6887
7967
5642
2386
9059
9748
2009
7560
5600
708
3201
8519
1289
8680
1989
3464
4377
689
7801
2274
4240
8087
1809
6179
7176
3994
9663
6985
2859
9589
2839
7744
9262
5472
356
2461
7642
8345
8459
8724
9609
5204
7430
8869
8585
1068
2505
536
6598
1711
859
2585
799
5669
8555
1065
7675
4698
8503
5237
3152
4839
287
941
1694
819
1926
9882
4740
6487
9495
479
976
9335
8467
5452
6472
1550
3009
7493
7677
1199
5255
3157
8763
3102
6624
9714
3306
7257
527
5128
4398
4161
7875
8318
1701
3055
7153
5282
1839
5412
9109
2825
43
4054
303
609
4290
5712
8838
4622
2943
76
2654
245
6492
7178
8681
1232
8165
6158
4732
9744
1859
7482
2420
6055
3861
5126
9315
6971
73
1709
2348
9112
3004
8962
5004
5735
4417
8377
5613
7415
892
9500
5903
6989
5641
9381
3630
2827
352
2920
295
1421
7296
3049
7206
5915
7281
3471
3637
3136
8046
7620
5508
8817
1058
9859
5264
2356
2174
2317
1423
4092
1579
1897
3051
464
1633
541
3117
1849
6707
1356
8673
8944
1450
5602
6175
1769
7839
8941
7633
4336
6515
3533
5324
4498
7369
6544
9689
2149
2526
8292
6690
718
3545
2671
323
9333
1164
9616
9369
7921
7691
1837
2675
9455
3886
5427
1645
6732
5334
8032
9195
3179
5368
4553
3468
1072
3578
7371
3094
400
9312
2550
8326
197
9210
8351
9061
9750
4733
9821
4343
3565
5194
3765
9984
2525
1551
2735
7182
7386
4218
806
4450
5516
6709
1016
6278
2549
1424
4793
3241
1146
322
2588
9361
2454
826
2536
4859
181
8572
7500
7239
7428
6310
9079
8325
571
9406
4951
7302
6383
768
8283
9729
680
3320
1834
7358
9906
8012
8124
3787
3960
9514
6861
8019
2649
2483
7001
183
6568
5285
3012
4769
6922
9346
4249
2617
7380
919
5231
3100
6346
1965
8044
8696
4704
8036
2567
2751
2616
8674
3031
7815
1830
4277
8422
9747
232
8133
4461
8867
6909
845
7006
2132
6038
4789
3412
5338
2138
7602
8301
7172
5244
3212
6304
1522
3707
1114
5347
5519
5397
3123
7788
1118
7323
1703
4684
6772
7973
6611
272
2577
5862
2408
1033
7887
4471
8385
8989
6982
2494
4844
218
2758
2114
311
1465
4171
6045
8091
7095
4607
5689
8164
8541
2788
5114
2568
5783
305
2637
7234
4064
2474
6485
7017
7522
7278
6904
4558
6599
9678
1371
8293
4855
5310
5590
3104
4614
6564
4678
4903
6652
8266
3571
8098
5649
7282
4194
576
6943
5165
1028
6202
6804
6169
8522
9733
6259
8811
4060
266
9591
5253
6567
4724
1223
9223
9956
2888
2934
3868
5278
4744
9451
7543
9389
6642
4846
4328
3977
9641
8074
1002
6689
9177
8900
4973
7785
827
3627
1136
6571
3482
6821
3510
7802
5474
4474
9584
1503
6462
9813
7103
3679
7624
9537
7692
5872
8845
3713
3226
4153
8795
4055
6161
599
4097
5092
6657
2095
3827
6588
1339
436
6066
8518
9473
5737
6898
3564
3452
3729
7130
9240
9
9374
3782
2737
2489
3770
7905
4265
700
7719
4446
4914
7354
9324
7338
9494
2727
5034
7715
3066
8478
160
6229
9117
9000
3869
3414
4237
4736
7658
9432
2513
8175
9125
6528
2383
2
5549
2807
1189
8254
1039
8022
3880
4078
8728
9756
4413
5964
7820
7585
2985
3133
887
7646
6947
908
3503
1288
844
8297
8827
601
3449
277
7431
371
2382
4186
1997
208
3279
8507
1864
397
6361
8570
6200
9938
2543
8142
5506
6836
9418
4065
5429
9525
9707
6530
9990
9518
8151
9764
2766
7335
616
1921
6356
186
1274
6687
8610
8152
9661
2927
4304
8682
1823
1951
8287
1904
3560
4756
8824
6088
5710
59
2486
9936
1516
9585
4271
4014
1653
8268
7029
333
5966
7117
4251
5778
6164
9027
5553
4890
3383
7221
8750
2137
2983
6884
2970
6046
3613
3370
2576
1646
2290
2619
3317
7721
1176
2541
3227
8672
483
2507
9330
8988
4808
4805
442
9086
1949
7774
3839
3980
8514
6862
6809
7833
3228
6468
760
4847
2841
3803
554
5882
5439
4245
9522
7401
4882
6024
8050
7455
5157
2441
1836
2954
2630
1917
2963
8168
9775
1723
7990
8491
9349
593
7928
7235
5091
6144
4056
3896
4348
4833
2437
9014
9817
7882
3196
4281
6025
2326
2744
2245
7236
3059
9532
7627
885
4931
5537
8067
8753
5703
4556
8530
4052
1134
4590
9080
5002
413
9197
3747
5704
5007
9476
7148
359
2678
9889
4445
2481
6203
478
7834
5550
6739
7074
7330
7542
522
918
8076
6379
9761
3476
2085
1101
3882
7154
2659
4995
8485
6489
6860
5340
3439
6994
5918
5721
5053
4270
3068
6381
8883
2345
8120
506
3802
2242
9718
6073
2342
8255
4332
1928
727
4910
2596
5836
7265
150
4984
252
5025
8935
5536
2223
8296
3084
6781
4181
3096
1404
9423
2012
3344
5816
9919
6931
1871
5535
8877
3359
2484
7424
7490
7057
8959
5965
3234
9436
9069
6962
4324
2908
9830
9687
3293
4901
7363
946
1787
7630
5599
6693
4408
32
657
2905
4340
1483
7640
2260
9833
6676
7229
8114
7184
1761
7481
2277
9489
3959
5896
138
3308
3431
3492
9345
3568
491
5639
4069
4376
3546
9524
4469
5803
4310
8435
1316
3216
7102
9694
2209
5085
4009
1165
4330
6226
9382
9582
9991
9474
1396
7142
5410
431
2409
3057
8190
6445
2512
777
608
8303
280
8476
3922
1773
8870
5225
4089
1556
9592
2165
4476
162
9886
7696
5350
7426
5663
4813
8611
304
5762
2044
3456
7962
9364
8573
7934
8865
3120
9498
9235
34
8423
1296
8634
5280
2088
7690
9602
925
164
1526
1458
9084
9102
3385
4880
2459
7958
6986
3581
9720
3964
414
6213
6806
4434
6769
9923
7554
779
7135
3690
6559
8099
5277
3075
9713
7951
8398
2384
6320
7008
3184
5060
4223
4673
1749
8488
4643
1074
6659
2733
9963
2426
2341
2989
3809
8310
4109
4486
3214
871
7373
2444
2628
6747
6003
461
3705
7877
9252
9779
7563
7852
9837
3436
6751
5096
7122
1125
5200
3398
2953
915
9778
6639
9964
2887
5307
9322
6587
1119
2430
6484
9083
6070
8664
3685
8863
6043
2014
1828
8125
3626
6580
2354
6730
6382
5982
7383
8675
6996
1070
1384
9551
9229
8584
7301
4779
2225
8333
7631
330
1731
4652
7909
5147
2821
9762
8693
6171
7742
6554
556
1901
2205
9913
8418
2915
7695
7489
9895
6834
482
5747
3442
5711
1212
1231
8431
4183
2302
8706
3656
447
517
7180
2844
1434
6192
4122
2028
9979
8571
6209
4547
2293
4587
512
787
4913
4772
9877
3572
1291
1508
9481
5682
9649
4954
5249
4438
6001
9898
9820
7712
1360
611
6138
4956
213
5837
4894
6225
1612
2321
6252
1719
9272
1263
335
3384
2949
3756
2785
7826
1966
4319
872
7741
530
5019
203
8045
1346
4936
5033
4306
6215
8951
3189
7075
1493
35
5043
8647
2214
6791
3470
9533
3261
687
8629
9904
6430
9925
2837
8904
81
2063
3639
2800
2661
6420
8162
65
3299
7723
3718
5574
7810
1447
5988
6013
190
1027
3682
8878
7232
1846
1868
9461
6107
2861
6431
154
5215
3393
2684
9402
3636
9007
3779
9426
9181
2689
7086
6371
620
4311
3146
843
8919
5708
391
3620
9213
1821
2358
7325
3696
25
3504
1807
8719
8306
5014
8546
4141
1560
8627
4541
4217
2913
4866
1001
384
5661
480
4878
1666
253
1184
2891
7085
7822
3323
3694
2397
2249
3361
1282
5038
3446
6782
7015
4992
8643
5579
1542
3037
5457
8756
8586
4633
8821
396
5078
1111
3801
8157
6044
7377
9594
7303
4918
5732
7748
1933
8007
6519
6290
9725
703
297
6390
2379
830
7121
108
3440
5035
1651
6349
2329
9590
4909
8034
4941
8130
1991
9530
8604
5962
862
1756
7769
5394
4238
158
6052
8163
7765
7959
2479
5079
2421
1693
4738
6378
1029
2627
5371
4925
3601
1792
4221
2795
2164
7811
8425
9711
4629
3588
8846
9463
7277
3086
3371
9856
3455
8226
6590
360
5629
7893
3798
2078
9447
2025
6354
7249
1523
5834
6294
2172
6529
4447
6932
175
7032
9544
5270
7656
1156
8905
5707
4388
7065
8003
8159
6219
9973
6000
386
3929
4727
9914
3941
5242
2811
2108
3367
3240
9597
8461
3884
8738
9134
4487
5638
7867
7586
6101
7000
6742
2838
6941
3935
1163
4208
4693
841
8644
9430
7645
3919
8186
6857
9796
258
9629
869
5222
7242
7392
2749
9230
4100
9188
5529
57
7212
8931
3356
8656
8171
920
7499
5740
6790
3908
1909
5805
9841
2522
5558
317
6495
8735
9933
8903
880
9603
7935
3411
4355
2562
4067
9647
9025
5477
4893
1059
6457
8898
6848
4387
5314
1245
2140
342
1295
8160
4750
9578
3081
6927
3027
7077
9787
4575
3281
7966
6503
2931
2988
9927
4707
7403
560
9735
6416
8733
9793
4061
1036
2975
5290
202
2094
3211
2169
835
3567
5135
3022
6749
9130
2925
931
2691
5302
7736
1888
5857
3372
498
610
6334
3419
9391
764
4472
2003
256
9258
430
6271
3269
5788
744
5654
8538
8389
7163
1253
3058
2077
1647
156
3366
6130
6788
1438
5722
3159
734
5755
7419
8379
417
3550
9875
6924
191
8513
5612
6795
4998
914
1509
6031
6331
6403
9972
9618
1547
924
5149
9224
9684
2335
565
5067
6092
4862
3024
2676
8697
4579
8784
2571
8065
643
3521
7290
6481
5768
4920
1228
2615
4206
8080
2849
9606
5729
6558
3073
1095
1287
6635
9980
9941
690
814
3082
6511
8107
8934
7202
962
3354
4397
8439
995
5664
7089
6526
8703
1024
7929
3873
5830
4718
4766
5059
8566
7900
1747
6065
9064
5527
1961
6867
2167
1073
5006
5251
9293
1122
5161
1604
8148
9922
5489
8788
6180
1269
630
7067
9872
4947
439
4370
4099
3920
2641
9926
6151
2316
8677
457
9444
1487
5667
6761
8628
2705
3156
2515
2352
5942
730
3785
5000
3834
886
2574
4649
1005
4266
842
281
7283
3950
3658
5742
6002
6817
8413
2299
3191
4888
4946
4748
326
2535
4119
178
3862
9133
145
1500
8090
1351
8039
600
7496
8336
6239
7059
48
380
4451
1611
8319
1831
4010
6277
1042
5163
6004
3418
7108
882
7557
9253
4184
5897
7717
797
7859
7533
5792
8312
5051
9136
4510
8128
4694
5423
861
7687
7725
7891
3433
6451
7468
7083
7974
9846
4630
8247
4176
3575
1441
2527
1507
6589
1737
9520
1208
5855
4215
8191
5435
3162
2182
4514
1124
8618
72
6276
7340
5894
9596
2695
2606
4373
7512
2498
5791
96
923
4767
7922
6363
5945
1138
5828
9344
117
7549
4959
7194
1054
7623
945
5584
504
959
9338
633
4841
1881
9662
5279
2612
7014
6606
1833
2508
7652
1589
1576
1766
4647
9255
3748
6822
8578
7227
3999
6311
8000
9122
4400
9105
2038
441
8231
8650
6235
3591
4970
476
4115
8980
6490
2425
1009
2638
7314
1905
9424
1190
8409
8309
465
2613
8225
6258
8465
2446
674
9471
1489
5984
473
5594
8921
6228
5484
2778
1468
4774
5648
320
2703
7061
2603
474
7342
9304
4312
2972
8679
1151
122
6637
2941
344
664
8474
2485
329
2271
5751
4393
7770
572
3737
7818
7106
5248
6204
1861
6721
9378
6792
6131
8558
9453
9164
3034
4940
6099
8412
705
2273
3291
4640
370
5555
6136
2892
3332
691
1117
242
9541
7052
1984
9161
4802
606
3948
2297
9362
1496
3326
3032
5428
3025
2350
7701
1677
8189
5323
9693
3465
8936
6651
8387
5656
9595
4074
6232
309
926
6618
1958
7844
3540
3318
1241
9613
5904
9244
6926
7895
8754
4114
4288
334
711
9434
4051
4551
1681
2501
4256
1237
5388
1865
4495
4927
4048
8055
4948
785
7091
3837
5568
69
300
2083
4338
1236
9677
3217
6064
241
3942
9092
6878
8820
987
3297
528
9586
2804
2900
3511
6188
4821
1774
5631
6661
2469
8229
4552
2786
831
6506
2646
6681
9062
1303
7289
9415
9249
9060
5921
5585
6762
8035
793
3309
2427
8504
8804
1210
4818
2999
7849
6343
3389
4919
6853
177
1433
1994
251
5029
3688
8472
8446
8659
5605
2239
8126
5728
561
7207
2334
6170
5691
9457
5473
3377
7210
2045
8372
944
7799
1760
7078
1799
7865
8866
3407
9637
6542
2435
9158
9260
1940
6845
5450
18
3221
116
3563
2115
2147
8222
6777
5859
8407
2752
4751
2007
5158
8961
5441
9400
1746
5108
4517
6039
4790
2698
6062
682
612
4860
6470
9727
6979
7964
9023
5849
7943
2141
8952
15
5190
5790
1200
7382
8144
3629
3185
5207
3676
3965
9803
3018
4004
6398
5199
6281
7971
159
2976
9851
8916
1617
8494
769
5681
103
3978
9749
8589
3663
265
5609
7697
233
2764
7384
6987
3078
9519
5873
3953
9264
7246
6208
1753
7217
3305
9868
5812
313
1895
9772
6912
6934
6384
8052
6562
9431
2443
3981
9329
4663
3870
7518
7999
4383
4562
1598
2187
9680
1031
2144
194
9795
2951
9186
6873
6967
2561
8350
4845
7313
4436
5298
2919
7150
5162
3979
292
6387
4606
7786
1290
375
6167
7475
1071
8609
8460
9291
7648
7976
8734
83
4106
2309
8129
4136
7128
1776
8122
8819
8594
8001
5603
1929
1844
9948
4573
1740
1405
383
6388
7848
3829
6946
3458
2073
7707
1
9768
6181
172
7637
8608
3954
4719
2863
3283
4945
6350
1608
1167
6720
8468
4233
8434
4424
8828
4247
9643
967
8528
1635
8011
2608
6919
8180
2746
9348
2986
9528
204
1003
7674
3712
3045
1725
6545
5583
2042
6242
2833
3070
4876
3138
3810
7440
1011
1336
4073
9397
9789
3644
8813
942
7619
5432
8366
6366
1293
3085
6129
327
6901
1251
3982
4040
3061
9384
5548
6279
602
9150
4127
5697
195
9170
9058
3517
757
8805
7390
1306
2789
9832
3286
1510
3
1130
6257
9004
9090
3208
9343
9615
1671
7370
2467
939
8977
9539
9668
4596
3245
6009
4059
1233
685
3200
3338
3525
2573
6877
5052
5686
5155
3225
2113
9243
736
9703
4313
8440
7171
4566
2652
5906
7332
9982
8103
1862
6630
6447
9644
7105
6141
3180
8414
6601
1018
7963
7244
3107
9771
6210
4985
9800
7615
1103
1817
4949
8274
1927
6960
2911
1062
497
3304
518
2390
7398
4107
8760
5705
9218
2135
7617
9545
8198
8381
2563
8731
6888
8349
5766
766
4965
8987
1700
1918
9574
8848
9176
3404
7718
6819
3222
9169
324
1546
471
361
3453
9221
5515
8849
4023
6509
8619
8359
9808
2161
9274
8213
9281
1925
8743
7831
2952
2344
5690
