6064
7060
7122
2750
7426
1030
7390
6743
5145
8482
6746
8290
7644
7017
6308
9306
3173
9958
7911
7229
2799
5190
9301
6980
6032
6871
5016
4576
7472
9125
3623
5853
6097
1489
8078
4671
5352
9945
1640
7717
1318
2871
7175
5056
2213
8858
800
7971
9655
2508
9311
13
9486
1671
2761
8524
1965
1339
554
8232
2944
6565
2499
2234
6236
7104
251
9680
8082
8197
1018
7166
9652
6343
1834
7423
8116
5025
2894
3049
2221
4256
4754
7090
5633
9288
8433
1884
2149
2732
8951
1680
5699
2865
4571
6855
7076
7668
7844
6589
4325
4969
4602
1094
9191
2596
5382
9886
275
6226
897
249
378
4482
7233
4811
3685
7780
3879
5705
5821
9366
96
8847
3489
9778
6043
6999
8334
7276
4435
7180
2128
5334
4424
3875
9307
4843
3175
1486
8594
4348
3669
636
8224
7774
8020
8244
4427
4752
3025
395
8094
837
1971
7159
763
7896
6747
9628
3271
8768
929
7677
5139
2522
9011
6334
6910
8286
1435
107
2814
5786
1484
324
7645
1548
951
3418
3618
6954
5373
2337
9122
8850
8868
8214
9509
2466
2084
684
1269
2187
4244
2975
2666
2320
2560
5967
3189
2594
6824
7986
5346
5826
3735
154
3218
4841
8797
5789
4747
3619
363
1248
944
9142
4565
3457
3854
5813
893
5754
1857
245
568
7339
7169
2428
9452
4321
2965
1741
3153
8460
494
5242
775
3856
841
1558
3182
9210
6796
3267
4642
6162
4294
9584
4681
3331
8470
5195
6761
4334
4430
6191
9856
7571
4090
1081
9677
6050
974
5950
1549
385
639
7510
7394
8361
403
5107
9899
6496
1352
1873
1175
4503
6340
7371
957
7812
4825
271
6087
3152
4882
9426
3752
5946
5168
6336
5129
9551
5986
701
8515
8886
1345
2502
3134
2662
394
1770
5756
7105
4370
8153
3184
3470
5501
3972
7851
7690
625
9447
4453
3499
4834
9999
8404
118
6515
3766
7856
5495
9212
9050
1465
146
7736
9168
7885
3534
5134
996
4309
1611
2459
2936
524
8455
7131
4383
1894
3042
9985
4271
4323
8166
9059
9331
1837
6347
151
2840
6998
781
5318
360
1121
6027
1313
4910
7781
9715
5491
7574
2233
4158
3232
503
8977
3425
2393
9845
4862
5510
9408
1580
8912
2647
6041
7152
7316
5787
2946
799
5462
752
9746
2252
6878
9531
6222
3783
9568
0
2253
8748
1659
2250
5133
266
3047
3020
6719
6794
3490
8803
2849
81
8736
1151
2765
4775
6759
8438
581
1758
1905
6358
3384
1321
6045
1086
2239
9246
1808
5371
1497
1494
6892
6092
9394
4486
217
8314
5455
3792
8665
6585
3831
9378
9074
7511
1340
120
8903
8248
5716
4463
2386
9769
7266
6802
663
4854
7036
9121
7696
9877
5837
7560
9791
9535
9750
8245
2547
3620
3079
7562
1187
9475
4813
6791
1976
5327
3201
1713
6000
7495
8762
3782
7429
6005
8228
8392
4273
8269
531
1302
4450
143
6196
3359
5472
4734
486
3814
5665
4713
6526
3594
8307
8098
982
5162
2389
2204
423
3753
128
1760
7932
542
6175
2964
2501
1499
8547
1177
6997
9558
8798
4161
3833
6649
6494
3124
6637
9088
490
8747
6312
3717
4484
9118
327
8195
6617
8341
4129
5898
9359
1439
376
7478
3808
1304
6638
2960
9748
5041
6127
7939
3757
8840
8108
614
1652
7572
3908
1840
8445
5019
8283
5266
8694
3886
4351
7430
1774
5412
5460
2977
4643
218
5260
8706
588
3931
2699
5925
7909
2667
6700
2529
7958
3436
3932
9752
247
3370
3346
2206
5814
894
9706
5856
6924
332
7913
4867
4872
2503
627
3598
4452
8059
9983
8348
6631
1529
1200
7087
8267
3846
8552
6702
2449
6023
2772
4337
4691
1088
657
7221
925
2816
40
5829
2877
8963
3013
9095
7362
5822
6416
4028
2710
6270
3871
5980
5935
3126
7051
5268
3478
9432
2829
912
7546
3008
6301
5752
976
1166
2930
73
6432
5194
8045
4796
7047
9219
32
9488
7810
162
5509
2038
1231
7610
7867
6510
4940
9067
6664
3407
2385
6539
8705
2099
4036
9802
4885
5941
6001
7306
308
8926
8684
9792
1274
7642
2753
5616
9238
7093
4116
7264
1204
5519
8071
8426
8353
5142
3611
9347
2400
8255
9610
5800
3723
7477
1889
7207
7136
4935
599
8396
3668
6100
7655
6006
1968
3981
9587
147
4820
9699
5279
8171
4896
9763
8097
3593
9571
7097
601
7796
5196
9065
126
2210
5175
9200
9858
9936
1553
8525
8262
1530
6952
4693
9651
3343
2716
167
390
4819
670
1119
7287
8603
2917
7289
5740
6964
9705
4546
165
6467
3500
3899
9041
8851
3613
5067
3897
7765
3526
3865
6273
9835
4465
6858
7437
3234
1223
8344
3120
2476
939
7974
8211
5390
5277
8193
1803
5012
2729
1308
4035
9725
6253
3364
9110
6018
5975
3866
9693
1441
1211
7493
341
2273
4406
7284
975
2886
317
5487
8188
8523
5955
5340
6461
6396
1198
5073
7873
6322
1880
7722
1122
1048
3542
9602
964
6046
8335
8883
3341
3964
3210
1805
7037
2179
7786
4130
8444
2465
6630
7003
5531
2276
8534
2945
7165
6069
3636
2427
7538
3423
6061
919
4011
7117
965
6474
675
4079
9037
6514
4162
693
4002
4584
2847
485
2919
4704
6661
6156
6140
9491
7777
4121
9330
9980
766
2576
99
8711
6473
6452
9322
2484
280
4592
5652
7951
6640
1485
2332
9481
6866
2277
9360
3473
5377
1473
450
4001
8057
8673
6457
6826
3535
2388
7657
4136
5349
8601
6205
8189
907
3822
6305
9120
1378
6911
8409
1874
3748
3916
6798
3657
1696
3344
5108
6984
4210
9544
4141
2805
6279
6280
1295
4727
8375
2020
1828
9220
7286
1286
8569
2624
8421
1751
3168
6188
4894
2953
2906
438
1591
8675
700
3294
8989
8987
6762
3686
9053
1847
8842
9956
4967
135
3211
1964
7649
5241
2423
2563
8027
2330
4295
8576
1648
2457
393
83
6685
8849
5372
5933
7768
3383
2025
3264
4420
7512
562
9153
7334
9440
2743
4733
2637
3269
1066
9960
682
5330
9946
9370
2304
8231
5004
9642
2346
4784
5660
3334
1939
5857
9810
8702
3447
3092
1458
3372
9434
6364
2014
5404
1946
2165
2758
5603
1930
4322
4537
2538
2692
2230
7837
1139
953
3466
2924
6063
729
3705
435
5253
5040
7021
5779
253
7135
4251
7892
5440
8920
9056
4410
175
7128
6790
945
7882
9150
2061
5869
7955
3387
4297
9132
339
4873
1384
9445
7579
5895
6564
8218
3114
432
2391
6586
1813
9317
8756
6216
1279
1748
5225
990
7762
1117
6942
7750
8312
9291
2168
7749
4676
2062
9276
6359
8135
6122
8118
323
6503
7666
992
4211
7708
415
5628
3644
1147
2473
7984
8163
5022
6192
7658
9682
9182
5658
9519
7916
2142
2802
228
6983
2406
1728
9543
2912
3829
5924
1418
5524
9867
3727
1788
9884
5411
3339
725
2143
7561
4710
1861
2159
1693
4221
418
5223
2464
400
1886
5006
8820
8559
3650
4446
558
134
1644
707
6670
9747
6974
1739
6330
6292
9975
6258
6207
9391
471
3068
7704
6371
7187
6264
85
4534
9459
7549
1669
5057
6900
448
6456
764
7224
4933
1184
7402
3725
8018
8620
6786
9253
484
8575
5644
7752
2724
4431
7969
4242
6072
2012
9183
2927
9255
4614
5358
3338
6614
721
819
3302
6350
6989
1599
7412
421
6378
2607
2671
5338
8371
4421
3721
1749
3419
8102
7966
1111
6856
6056
5595
5611
5802
8685
8480
7545
4824
6168
6103
577
8529
5909
6427
1962
3070
299
6809
1588
2019
1605
1898
9805
9594
2111
1334
2208
5141
3281
3036
4455
4044
8401
4320
2826
2255
3295
1212
1628
2922
2319
1260
4483
4227
5580
5092
196
7443
2797
9524
6026
307
9258
6904
9804
8773
8257
8246
4
3109
7416
668
5399
5457
4168
5620
2556
5002
7935
3690
6160
2007
3837
1386
1106
2722
2463
5871
3724
3462
4305
6194
4052
6184
1445
6918
5169
76
3303
3904
6042
5694
3038
5320
6451
697
4224
7150
5862
9978
8718
3171
5557
8270
5469
4268
8911
8755
4890
3934
3355
3642
7910
1821
7119
4719
7698
6070
9953
6571
1102
3681
237
2783
7077
1777
3795
7576
9266
4849
2760
8043
6963
2725
2741
4946
5350
3993
9718
9414
6788
9308
5323
628
4173
1511
8533
8881
2742
1524
930
3367
2127
9328
4413
9108
2776
3288
4889
2418
2086
8595
2037
282
3552
6669
5010
3300
1838
2310
1149
4023
6756
1773
5564
3909
3357
6594
92
8824
931
8000
2480
7503
2696
4835
9846
7092
4493
3942
6052
417
2585
7396
6739
334
6390
116
3151
5724
3943
1712
1324
7659
4152
7634
3745
8651
5948
94
9560
9691
6847
1579
607
3080
3446
4804
5094
7181
3555
6406
5943
5848
633
8564
3028
7461
3812
4073
4312
2036
4874
8809
8293
6332
23
6832
5809
5285
3464
9896
5207
2431
6093
2831
1346
8174
8223
9265
3386
5718
4341
4391
6392
5450
3519
4740
8749
9799
5817
457
3023
4197
1363
751
3643
14
9498
5281
2857
5387
2972
9410
2115
9589
2903
7442
7271
2566
1021
602
9194
4063
2558
8946
6399
3170
1632
3832
1791
5790
5138
5710
5537
8802
2163
9353
7643
9413
1799
2441
7995
8646
9629
7441
8835
9302
6890
3834
6578
3375
6532
9892
269
4665
717
5488
2281
1970
4808
3455
750
4403
58
8699
7860
9068
2862
7050
428
1617
7854
2988
3548
9061
6575
2910
5062
8899
59
3924
7419
8619
8721
8381
9971
5234
9707
1908
5695
2514
869
7607
6607
9211
7506
2009
2328
1682
1658
1020
7228
3445
3110
100
9026
7257
422
7422
3200
8581
6423
8895
6509
8707
2335
6875
3775
8671
7828
158
8761
736
2803
5833
8948
6244
9989
4610
7079
8933
9751
5774
3798
4553
5126
303
6044
4506
6660
8141
2157
6772
8088
3922
8157
6479
1353
5193
9399
1699
6943
5589
8776
4192
6528
6040
5797
2198
5879
9388
9462
9273
3471
4936
4554
4572
3595
1310
6615
8588
8134
7222
1703
7917
5
4660
9503
9406
8751
7249
1623
3330
7500
1451
4653
9465
694
8055
8471
5239
3543
3285
6657
2251
2474
5981
5366
1881
3315
7661
1587
1428
3484
2101
3532
157
7216
8997
7067
9991
4800
3788
233
3675
5886
9160
8667
6551
8326
8919
1064
5337
2401
8843
1831
3925
509
2611
3786
3742
3655
5969
4246
8854
5937
2075
5781
8184
7262
1083
7296
5804
336
7411
4817
5674
6540
7474
7692
1664
4264
1734
1057
2043
5905
2572
1097
7063
2587
4915
1174
1079
8954
3889
7681
8136
4466
9236
4563
9204
5147
3060
8428
3482
1043
301
7640
1411
8580
1227
9962
9618
8807
4644
6552
3292
6690
9131
3700
2540
6763
9620
3649
1761
1039
479
8147
1417
8935
1785
130
9027
615
2342
1398
4041
3661
1207
5109
9696
723
5374
8288
3962
9591
9981
778
6200
9939
4286
102
2164
1049
3883
4237
7015
8988
9180
4536
7084
9005
4975
1846
4343
8688
144
1578
306
1914
2094
8419
7625
2034
2021
188
5017
1389
9009
9830
7414
5590
281
4949
8898
3121
3090
6907
2632
4578
7405
50
576
3580
8822
3737
5578
6114
1951
918
9794
9541
9816
3142
1245
3167
6991
3463
8541
2762
6055
3091
160
1752
8618
6215
2297
7164
9195
8077
802
4088
9439
3729
1998
8590
6976
3880
3327
6733
7699
3915
8965
7784
5717
6016
1294
8099
9649
8081
6560
1158
7795
7125
4398
4357
6633
3058
2844
5324
4883
6439
6628
2700
3111
7626
8337
1552
2071
4109
5910
2455
7110
5680
7870
9993
5840
8871
3433
4193
5542
7061
9356
2738
9613
8558
8295
5776
3711
7776
5436
1779
1722
7601
9924
8913
9117
7894
5788
8801
8005
6819
1815
5550
6712
1806
2612
2376
7889
6620
2056
8159
2705
2201
7513
4176
7413
9285
9915
836
6386
3738
3261
1690
3699
5979
3405
9546
3434
9430
9040
4886
1520
7849
5161
2809
2003
6090
7086
326
5807
2915
848
9256
4017
5365
6675
6495
4205
3066
5070
5202
1709
1188
3018
2819
8458
6613
712
7260
6932
6363
859
5884
5380
2134
2100
5077
2569
7428
7226
8075
153
6541
3205
3299
1195
6248
2289
9861
9743
5627
7845
533
456
746
4699
2509
2951
71
2093
4968
4521
9688
5116
8103
8856
5118
3415
6212
6157
4586
7817
446
5926
2947
1966
5892
8180
5418
1673
6472
2683
5013
8060
9087
6629
1825
1697
1193
7760
4363
1901
5235
7581
9396
8772
1287
9268
4200
9078
1382
3085
5687
677
6658
592
5870
2625
466
685
7403
2520
9674
5954
5607
8894
9139
7440
5597
4999
916
3806
9721
4767
5248
6197
7113
6095
6850
2029
4570
8196
270
5087
6725
1128
9006
6953
6221
7026
2577
8752
6812
3213
4617
4902
3793
1742
5689
4397
3591
238
3162
3537
9719
9405
8114
9167
9508
909
7062
3988
7743
9504
7492
4099
5992
6113
1601
5163
971
8491
1608
724
8425
3743
5370
9337
5369
5860
5061
6376
4476
6975
6325
181
8836
7331
2452
7818
7137
3730
9540
2866
6742
1201
6697
728
4238
7895
1267
6645
4673
9252
9381
3089
1040
5245
8380
4606
8384
7852
4605
4543
5052
5480
1114
4225
9320
3270
4361
7435
4861
3275
6437
4708
7365
9436
1292
2820
8391
842
8011
5878
9780
5571
8808
6506
7823
3670
6894
4262
9815
3087
9044
1833
453
8168
6519
8357
4283
9838
4718
9303
1769
4556
7432
640
8092
8819
256
2528
5825
4245
6951
9063
8922
5836
9030
5641
2657
274
985
286
8967
9601
9961
5095
3137
1507
9235
7918
7961
172
8412
7299
6767
6372
5034
8387
4957
2999
2773
9796
2240
1973
3504
6143
2458
295
999
33
3486
1872
4464
935
9848
1950
6915
1852
2081
8516
8544
626
8413
2478
4258
2675
1448
8297
8500
2720
7925
6813
8655
743
2309
3443
5753
2382
9362
656
7616
7684
4789
8125
683
9580
5872
8115
5368
1903
1523
5106
2321
1633
7530
5362
9483
1869
2693
3568
7946
1543
2595
8563
8405
2173
2962
3688
3061
709
2005
597
8528
9714
6768
6112
9112
1124
1355
3437
4707
3884
8950
6737
8277
9327
5378
5563
5764
5887
2668
4891
6508
8051
8379
4024
727
6424
3633
2728
7010
1756
1542
2996
8887
7302
8478
8032
276
1416
3510
7508
7057
2228
7612
1179
1383
3617
6491
2059
2748
9757
6430
6618
6460
1327
6034
3567
7523
1871
1715
922
4182
5638
4275
5968
4395
8028
3506
211
9690
9043
101
4847
8104
5381
493
177
6201
9631
3118
1373
7824
4904
3475
9199
8275
4137
4401
9304
265
5587
9474
267
3106
6141
3207
3351
6656
66
3390
9942
7714
232
9670
7146
6293
7220
3945
2573
6230
867
4504
1822
5291
7112
8638
5539
7629
510
9636
4833
6136
1091
3584
7154
4074
1414
3781
6346
1276
8532
4736
2114
3523
5251
2925
5212
8998
4635
9744
8139
704
9656
6262
4495
2026
2089
2224
3035
9911
4557
726
1985
1675
8073
454
6745
8498
7600
7799
5883
4203
3406
6115
4009
3876
7689
9644
6490
3203
4742
594
7418
8483
6263
6741
9951
7881
1397
9929
507
5891
4347
6636
7820
7999
8481
1621
5499
6278
8760
2630
9511
4219
9505
961
3180
4046
6776
6955
4945
6459
5307
9501
1146
7089
7603
832
9832
4124
9170
5152
1096
4301
6568
6716
3665
7091
8742
8844
4806
173
2078
1629
5347
7834
2643
5150
6403
1781
3125
9454
2707
9375
4863
3073
2887
6732
3130
8724
5367
3653
519
8253
9917
5977
1619
7496
7101
6433
9873
3410
3930
8400
3165
621
3514
5927
1351
3396
5042
5032
4319
2506
5930
2212
8543
7622
7563
1092
1202
803
4020
5534
5579
7415
9069
9692
1277
1357
8941
804
7254
2604
4122
6002
2959
771
8466
8813
9129
4368
5727
2555
2834
9079
3761
8238
5735
2778
8927
2322
2436
6880
6250
325
4640
8779
739
7444
9579
8435
7096
8936
2392
6252
572
1368
5685
29
3368
5964
7582
7654
7035
2135
9047
5921
4631
3277
3722
2133
5582
1016
9733
119
3939
1694
9451
8388
6709
8811
3198
1012
7825
4821
5803
4500
3785
358
8656
375
7614
4836
8725
3868
4702
2364
4437
5498
3048
2471
2788
1528
2088
4684
5244
6734
298
6538
9392
9695
4501
3140
3054
4014
4096
7025
744
467
5197
2055
587
5442
8703
8548
7763
2749
8815
9592
4180
8370
8096
8867
9855
4478
5120
2028
7439
3799
6129
9177
8806
1026
7324
8918
2904
7347
8017
4292
4018
7723
6275
8944
3150
1627
2641
5125
1929
5463
5200
3933
8323
5743
3672
4852
6518
2952
5400
4098
7928
1450
7389
5508
9251
2892
8217
1937
9562
5219
4062
7520
9028
7980
2245
3349
6123
2339
5976
9137
9368
4479
5897
5978
7604
8617
8924
2448
452
3892
1390
1131
6209
6344
6294
7424
4487
6870
7196
7959
8176
1120
8373
6249
7255
9384
1531
9930
285
1750
5154
7970
806
2523
1534
9883
1818
8863
82
4612
5111
1116
4805
4526
2347
9685
4510
352
3160
4481
5553
1053
6068
9992
7715
2348
2363
3041
7383
8029
2433
9895
430
6940
6265
6357
6367
3540
3818
3896
5960
305
6958
9819
5500
7217
5763
2040
7223
3245
2450
302
9553
1075
2267
6610
7354
2603
1698
4247
8610
5131
551
1766
570
5707
8101
2616
2368
4300
8897
2272
9842
4274
849
9147
8828
53
1242
3503
7068
9988
2730
2719
8746
3230
5432
8511
2821
9188
1890
2974
6241
2446
3587
1209
6764
8140
1827
7453
9866
5243
3666
3347
9080
240
2353
3059
5282
6232
9817
2934
8956
1836
340
1570
8173
2090
970
9772
3763
2954
1984
880
4731
6839
6077
672
9365
5072
6524
9346
5091
8485
9245
5999
5902
983
8837
1478
6035
8233
6260
1689
8698
749
9542
9336
3050
1024
4167
6415
8442
6096
1574
8788
8994
1593
1878
5908
7064
1519
4666
2258
1461
6375
863
2698
2769
3635
9576
7055
4163
8723
3616
1856
8446
5364
6021
5164
7321
8036
9428
5759
8200
8461
559
3002
21
2331
170
1072
2408
5816
3707
7766
9435
224
4943
7094
8838
5957
7185
8949
6775
7926
7621
1641
5504
1141
6550
405
4054
4638
9760
6867
1921
9864
2989
688
9920
8766
8212
6353
2069
529
1009
3563
4815
6131
7459
7827
3102
3081
7822
1772
7952
4788
5274
61
6655
1762
7176
1329
9402
5555
959
4059
182
4143
9973
2356
808
8119
199
1665
5573
5409
5906
6653
4440
9698
3515
5874
8403
5749
3561
2232
3065
3881
8007
1044
6704
4335
9455
2308
1725
1159
6296
4948
7874
2937
2745
8210
1668
8692
8722
1407
5936
9870
7028
3262
8781
2271
1723
5181
2838
3747
6531
3317
7813
386
5570
3557
8986
7637
6632
65
7342
9979
7454
2656
5730
4978
9633
7528
7013
2174
1547
9839
5549
7190
8273
9403
5982
3841
8980
9190
6522
7123
8204
45
5827
195
4755
1480
4076
5536
34
5947
3429
8759
937
7541
9144
7559
7387
2681
7231
4444
4561
4923
2500
7203
4409
9298
8626
6435
1003
1325
2875
2685
4102
2926
2767
2447
2357
716
9564
2225
4927
7056
2536
7800
1858
8367
6738
4865
8934
1463
8810
3348
3158
3077
7029
9196
8006
7054
7729
4107
1515
8892
9538
9645
442
3505
9493
9471
7158
9270
4429
1716
3380
2691
2249
6080
8713
2968
7537
8395
8260
947
8454
1564
7008
8219
1952
8430
5204
2734
9051
9863
6266
2956
2779
3238
3107
4601
7682
8800
9186
8410
5668
9879
9001
8026
3538
6121
9573
4558
1046
8459
8737
3100
4480
9728
3122
9795
4645
7994
2863
4761
578
9527
586
7987
9458
9969
342
4097
3517
2137
3950
9661
8106
5028
1657
5467
6891
6331
4185
6922
8890
5502
5357
136
1360
4971
538
2721
8468
4585
4952
7191
1199
7700
4560
6909
6361
2279
8185
7949
4169
1108
4989
720
3022
4289
9093
9588
9102
3819
845
5351
4248
3379
2192
4876
5671
2170
4015
5592
2658
9161
4393
6220
4544
6288
6436
6829
368
6048
4515
4864
7570
8953
5726
1590
3627
1085
5222
114
1358
3283
3226
6172
7393
8207
2639
4641
7106
3935
3430
2701
3116
4838
2424
6413
5506
2490
6404
7491
6899
9226
3325
3867
8561
4837
3236
8995
9048
6028
9621
5791
7071
3677
856
5353
6486
8019
1537
1961
1563
8069
236
2242
9363
3646
2634
1073
1990
6986
5267
367
3639
8556
1559
9146
6147
9600
4354
191
7378
7789
9310
9485
5734
437
1550
3830
2334
8372
8221
7624
7417
4006
6154
6393
3982
3751
5720
2733
194
9213
4880
7808
291
7369
4871
4220
5180
7831
6153
2257
4071
3768
6051
4386
3103
6101
5494
4944
1859
2131
8573
6677
3249
5384
9429
5648
1112
6254
5160
1453
4591
9635
7898
3608
3860
8342
622
9934
366
4233
4812
5055
63
8328
6173
2650
1820
8169
4700
2714
536
3512
2557
4138
2311
8818
5842
5538
8278
7923
1987
5834
4618
1126
9754
1708
1007
3169
2606
5474
4540
5613
9162
2323
637
2247
2943
2006
9837
5068
3559
1098
2091
6599
4545
9130
9803
6659
6368
1577
3481
5305
1217
3926
1409
3260
1730
7587
7840
7740
3898
354
15
2358
4266
2015
273
4085
1544
9507
9242
5453
4839
9437
3754
5005
9689
6429
9496
6808
1268
4352
6777
2549
8624
4443
3388
9570
994
9250
865
1521
5325
4911
6859
487
4905
4228
9460
7102
4743
8393
593
4475
2507
7019
4801
6830
3009
9506
3131
7464
735
2869
4117
4987
6411
7157
7803
6355
6944
4112
7568
7679
6929
5619
878
5037
8423
906
4311
2702
7315
9031
9932
7039
4153
9811
8447
927
8192
2479
8343
9954
9724
6686
8495
9726
4214
1854
8741
8420
3222
3840
9054
2515
1610
1047
5847
3728
4875
1137
1063
4505
3674
4232
8821
4768
1104
8287
7921
9062
9808
4530
6311
2521
1281
6754
6556
6961
2980
8345
9515
6487
6896
4858
7343
2971
5151
2065
5110
6282
6150
8327
7754
3562
7558
6414
7701
9797
2119
1910
3615
9441
4656
4191
553
2861
5778
9888
5806
5464
6163
9841
2902
426
3589
5186
7954
3525
4365
6546
595
8436
7915
6600
7368
3629
4730
6689
6935
2402
5471
1138
5583
8488
8378
55
5653
9277
1535
9115
1247
1225
9390
514
5231
4053
8311
9578
1824
4750
7683
5673
828
7652
4983
1011
9228
7142
1067
7409
4188
6897
4547
5247
9997
6203
6454
810
4206
6816
6008
8179
1385
257
3726
6477
9522
8121
2469
4654
9233
7367
9919
7345
1376
3239
9773
3172
1337
5961
9711
9965
4942
7032
3796
6806
8111
8627
6609
1270
6584
7258
8904
5071
6947
843
5486
9641
4686
8354
1727
6219
6384
9418
7002
3112
2664
1597
2828
3074
8613
4037
7931
7308
9548
7433
7680
5027
3590
8733
6937
2744
5547
5593
2511
2414
3997
5406
8955
408
8622
3804
6316
7730
2979
9350
868
2475
6877
6592
3243
4150
3217
9364
6104
3813
4790
9020
5544
8422
2674
3027
1206
6606
3135
4316
4522
6105
9119
5336
5596
824
8943
1719
133
9683
1513
2880
8414
2771
4579
6007
4912
5185
3648
4415
1405
1069
1365
6957
7330
5585
613
8493
3958
8209
346
3995
4212
7527
3480
8857
3460
5321
6320
9885
4187
3404
6458
695
4738
1025
544
7251
603
3444
6654
981
7278
4497
9284
506
5944
4433
840
8715
482
2633
708
4680
574
6840
4960
4422
1516
4597
7557
8234
9653
4012
1326
3708
4314
7676
2739
1495
9944
9814
2636
2051
3625
9039
6969
4250
4426
8274
6554
2525
9927
6187
8303
7355
2545
4593
3356
9784
8001
940
741
2727
874
575
5645
3564
223
8330
9949
563
5213
7046
501
2264
2411
2371
4461
6766
5532
1462
69
4449
8538
1288
6010
3014
5441
7586
4832
9295
2002
3408
8226
734
9593
5189
722
7675
6748
8841
2966
4870
3308
2941
3045
5914
8565
1897
6718
1526
4533
7767
5218
4491
3583
5863
3773
6109
8982
8830
444
8873
7866
6792
5514
3994
8489
6612
4762
7930
765
6360
6795
956
1232
3063
3468
7720
6341
6148
1556
8600
9490
4934
3638
2832
64
7596
1415
1717
662
8852
2920
1672
3149
6321
1928
6449
7449
125
2644
8475
5761
3844
2269
36
3306
5203
1706
5934
5265
7536
6480
4793
355
1922
1336
1005
8599
4520
5008
5521
988
2584
6142
7250
9271
9197
6017
9786
5918
8316
1501
3075
8567
4118
3579
993
1997
6159
8708
1238
8853
6851
6803
8662
9082
3033
6167
7095
3192
9157
416
516
1440
1620
1814
4222
252
5452
1035
374
9530
5846
9097
543
6651
7997
8754
5328
2085
7544
3606
1110
960
6665
8363
8183
488
7168
6086
25
7163
7976
7313
3322
1490
39
4077
5051
8888
6271
1273
5214
6302
2354
5478
4287
8149
8182
445
9281
5001
6674
6243
8520
9134
4208
7566
1144
5513
8921
3412
9765
3440
681
8983
349
2362
8022
4159
4414
3424
5835
1460
6133
7744
528
3373
1615
7551
2893
713
6259
7594
2122
753
8648
6779
7757
351
9894
3340
7327
4589
4596
2486
2976
9526
5419
6038
4375
9595
1882
3297
5339
3431
2885
515
6144
2404
829
9702
5074
631
6067
1165
9703
8041
620
3483
54
4888
4055
7787
1912
28
4625
769
4634
5227
2197
2338
6039
2687
8957
5226
3991
1130
3029
8583
168
8979
6621
8689
818
7073
8309
2661
3163
7398
6466
5302
283
4278
3772
2985
4056
1584
5702
6529
2580
2047
2413
6537
4577
9106
556
2858
7737
8340
6817
9015
1982
1868
7747
6581
5604
202
5643
5588
811
4732
5798
3278
9497
1315
9523
3030
5841
6557
7553
564
5931
3626
1036
5566
3219
9227
1678
9729
8394
8368
8757
1028
8346
8012
2220
6977
8484
2653
3178
6483
7346
732
364
207
1896
866
4318
2898
5209
8796
6828
671
580
6291
2881
8411
5301
9801
4448
6928
5423
2266
7291
8990
5704
6561
6117
1923
6853
330
5706
9184
4086
2852
7069
7023
1829
7592
3663
5483
3304
4735
5343
4548
7174
1606
9824
8555
3977
447
889
3382
5757
1701
1776
2087
7609
8745
3265
923
8072
4207
105
481
469
9383
1170
7214
9466
9407
3193
8519
6931
8663
9263
2410
5998
6898
7043
1467
1219
2659
9619
7489
8712
4542
2535
4829
361
462
5785
8037
5951
9354
4254
3015
2896
6409
8682
898
2001
5812
8203
9453
831
2652
4303
7475
8670
9296
8276
5795
5058
4198
2153
304
4498
3161
7177
290
5675
738
2879
7876
4659
2759
5293
508
137
2315
5437
8902
4712
1800
6470
1230
6744
9869
7719
932
545
520
2969
676
1236
1133
2796
914
3421
3684
5995
335
8750
9334
3323
7243
788
2318
5064
2144
8831
6755
6468
6542
7323
2288
3071
316
7340
4695
1377
3582
9472
7933
1692
665
4257
8582
7386
3678
9827
8729
5990
1568
567
6374
5329
8008
6500
4007
3000
7567
178
7947
1525
3807
8201
5312
2373
1394
821
8639
2379
2412
5728
977
6774
9380
1843
371
618
4913
7448
817
3701
9676
9098
1735
6799
7670
6770
3136
6627
9957
7240
7615
4782
9244
2096
5609
9163
9829
9774
1747
9018
7238
9169
6784
4186
2147
6516
6834
3893
496
7487
2150
9376
1891
2033
710
2582
8284
47
7806
7522
7956
629
938
6082
9038
461
8874
4377
3385
7145
7618
7134
7627
8738
7514
8823
1864
6471
9450
7248
2295
38
1107
7707
8945
77
4031
6864
6927
192
5236
8048
5205
903
6076
2439
1757
5376
7189
1402
7473
8325
1979
6031
3689
171
9293
4856
949
6091
1038
7797
4976
1895
7156
4786
3095
8636
3442
6848
6692
979
1034
8917
8205
8785
115
3392
5577
1538
3495
9716
7199
6152
8046
1333
7543
7967
4810
4282
5639
8374
9704
4756
7665
5792
8167
4798
5615
8925
9809
4066
8143
3154
9590
7024
5451
4110
8138
2058
5097
20
5009
2876
2231
8876
9820
7801
3828
4541
3758
4360
3031
5386
9918
6996
6211
4177
6713
2982
215
5355
5656
5237
4230
4355
8003
4737
1935
2162
4104
8727
3704
480
8634
3225
1157
2148
7445
9964
540
714
6455
1555
4615
7100
5517
5744
2482
3069
4241
3448
757
4932
7904
161
5408
7241
7878
7480
2929
3539
9955
8486
8947
5458
1061
123
6377
4613
3770
9247
6838
5688
5014
6246
1413
9283
2770
1609
9101
1241
2117
2107
1335
3836
8128
8690
1235
833
4973
7686
6328
384
6227
4033
6724
9116
2559
8451
1630
7155
7830
391
5158
1904
7595
1055
7124
7588
9415
9831
3823
1893
9860
5691
8091
5663
7210
9756
6181
8472
6723
7252
4921
5045
4785
30
5449
8161
22
2715
9738
7639
9657
5306
3263
8973
1653
4575
3660
9205
5224
2672
3715
9025
7815
5956
4119
6920
3255
758
1252
2695
9352
3654
4803
4108
699
3888
5468
9581
4893
8812
465
7953
35
4229
5540
6728
3809
2823
6547
7318
1312
8537
8691
6818
934
6823
3354
3251
2621
6502
7816
815
9066
4269
5146
4068
9812
8909
7337
5416
2488
5183
1700
9539
3810
410
4253
4419
1265
1863
7773
9559
1646
4781
5035
7295
2836
3749
6933
8052
2200
9547
9055
1916
80
6199
6228
3289
6644
7630
9175
111
8025
997
7620
2031
4217
7727
7465
3849
7462
4272
8513
2851
6182
7535
9343
5747
899
4226
4982
2564
2736
2229
8641
5864
8047
8220
786
8243
9419
5484
3756
2367
9243
5021
193
9499
4382
1210
1356
4468
9357
7862
6520
4771
8265
2949
5748
4961
9214
3511
963
6994
946
7179
3987
4127
4674
3097
4624
4901
3999
6833
4765
9446
439
51
7451
4019
2214
8877
9776
2711
3456
8356
546
4371
1218
2109
1616
8062
1902
4172
6269
795
7483
6827
5762
6835
294
4125
3963
4518
1512
8880
4678
9045
5114
8070
4531
6602
2781
3877
5263
9840
2314
1052
222
8263
5631
2451
1293
2384
1216
6717
6164
8607
5089
582
871
579
5953
3176
1509
5124
4381
527
3921
4451
827
7438
835
3017
4194
1006
4195
9487
8040
3970
7335
2973
8664
8669
9557
4502
3558
7973
5709
870
4467
6306
9201
4165
3296
4346
838
3290
279
8974
7115
2921
4126
2884
1527
4142
7109
8084
5420
2456
8191
8640
9113
6185
309
3746
5398
4527
9052
4390
9612
2818
3853
1789
4525
379
3231
3319
4249
7132
5187
7751
8633
9371
3957
2822
4908
7184
6905
492
1145
1707
3825
8697
7646
2787
9666
5742
2176
7348
3394
9349
604
972
8144
5865
1870
5319
2124
1496
8939
5444
6345
3553
5136
550
8817
3946
7985
313
2791
679
3414
187
7120
1614
3693
8901
2579
5855
6549
9871
4083
4402
1625
2366
823
2305
2795
2004
5375
669
258
986
5063
9607
5623
646
6060
5849
8281
5965
1045
6884
5394
6972
4938
7829
4941
635
8726
49
7764
1941
9889
8186
9806
7293
2158
9379
4995
7978
1192
1013
3861
7118
4626
6992
4115
2997
3585
1178
9833
4977
5391
5940
692
3652
7552
348
1790
1374
1667
1254
1844
702
4490
3859
1704
9853
5526
5030
9554
3224
5090
1167
1205
1686
381
1078
7300
6634
7942
5877
4084
8907
6680
7672
6925
5454
1938
8687
7792
7688
9545
5554
7469
4327
9923
5600
5023
6708
4753
6208
3572
873
2145
9583
5046
2063
4581
1433
3286
246
2139
7133
8891
790
4144
7498
3185
6448
6616
5479
2825
3057
617
5258
5712
2987
7842
5410
1662
1152
609
8317
5844
6662
858
5885
6348
4156
6588
2561
881
1132
7981
369
3119
9135
3791
441
7198
169
8503
7182
4488
7205
4240
6860
2380
1074
2613
5015
6930
2686
8407
1887
7484
1076
4456
2575
5485
1721
3476
4993
3527
9941
4234
2126
6579
9947
6385
5043
9114
9686
3739
7172
1592
8799
7022
8432
7476
9536
6066
5402
9844
561
3
5618
3905
2774
5991
6873
1683
4280
227
5511
6335
4947
333
6787
9314
3900
8661
9569
8507
7211
1906
7802
8030
8621
2378
5561
6966
2211
2978
9004
8398
7669
9401
5923
3206
1163
6646
978
4573
8490
4741
5470
616
7893
1387
7053
2172
4331
2207
7099
8313
9614
5635
4049
2878
1309
8349
807
3602
6731
138
6893
4514
4766
1426
7945
9643
9232
4105
5562
8009
4701
3098
6085
5179
8606
9627
7408
6821
5815
6476
4170
2780
2442
9299
9321
3794
7376
8884
5184
6030
6445
4135
9090
1995
5963
3072
2746
3021
9181
7209
9292
8992
1101
6161
9409
1650
9470
2261
1931
8129
6022
5966
2403
2516
1256
7237
6274
6202
19
5255
1860
3954
4385
3744
5283
4199
7458
5962
5958
9248
3712
1208
1738
4509
1663
4045
4688
9128
2897
2697
8487
5033
4027
600
5230
1600
163
9309
6088
7319
6420
7497
8331
6481
1771
1148
9433
4380
9623
3195
5459
3469
5424
3901
429
760
9143
5065
2432
5505
1284
424
584
3494
1988
4770
4416
300
2374
68
1305
7219
7246
5873
2326
4929
5575
2842
5482
2817
1300
140
3801
4621
4794
4349
1375
7186
5669
5599
1498
853
3016
8145
3409
6493
3975
1850
2589
4744
4970
3820
7636
5490
5972
1349
7775
1095
5290
6934
2800
8845
6178
7103
8109
7902
9151
6863
2679
464
8496
3498
4288
3350
5084
8256
3220
4892
5335
9968
4703
3779
7857
2526
43
26
6206
6176
5901
7341
5782
7532
7004
200
7575
79
2530
6381
2430
6919
2181
1244
2888
2351
8318
1581
4025
9469
8786
3607
4607
2986
6623
2933
7074
4633
5215
1589
3214
9948
2872
9654
9851
2597
8652
1449
7178
8535
3767
8929
8839
3716
2313
458
3541
8720
6523
9060
1956
4580
7193
4668
9709
6641
5907
9821
632
4568
1551
2495
1636
2619
2460
4298
7277
3882
8908
8554
8981
8324
5632
4791
3940
1624
1455
5606
7619
3389
1980
1845
7901
9049
3891
8611
5048
8700
1743
5711
7161
904
8758
9100
1271
6283
6990
1792
5896
2497
9717
1348
5393
1154
2222
8719
5348
3474
5922
5192
8397
7275
5664
8553
4739
2405
2914
1510
2485
5269
1272
5574
6521
2141
9987
4980
2531
8241
5011
782
7200
31
571
4919
1546
754
9637
3391
5525
5018
8592
2682
9764
6701
2513
7968
1446
3420
9279
8271
2752
1562
522
4146
2421
525
7900
6559
9596
2394
8406
6025
2527
264
4647
1710
6752
3273
7406
1816
2244
5156
7674
6410
4679
7379
2841
1084
6678
189
190
4845
3656
1801
3604
5684
7710
1947
2302
3740
6869
2942
9850
3197
8137
7468
4151
203
7192
8294
407
3479
6889
9297
2237
7033
1661
8194
9494
2655
6981
7455
1153
2806
9461
2046
5916
5932
3826
209
3101
2905
7919
1395
967
7664
2504
1447
4988
5122
7012
8181
3637
9278
3240
7041
2677
7151
4532
2938
8716
406
8795
1420
5527
1251
7888
8014
5050
9789
9477
5461
5078
4697
1983
8645
3622
9373
5038
718
7467
164
497
8010
7687
9341
9323
1729
9286
8152
8975
382
8540
7691
3146
7914
1228
1569
5309
8834
329
88
3093
2082
2860
3682
4974
774
2409
9198
6648
8794
2303
3259
70
6223
6446
5683
7213
6736
936
8142
2265
9913
966
5634
4095
16
4070
2426
7160
6687
9622
4472
6987
4783
610
9599
7835
7065
6441
6251
3145
9667
3164
4551
1142
535
1925
8479
8321
6696
2325
5703
2383
560
9372
1171
1410
7872
2992
3556
8065
4261
1642
4389
915
7779
8608
9449
1343
2248
6517
2079
7584
370
9550
9071
7791
5256
6193
8322
6482
2241
7194
7761
1471
4914
6501
3920
5341
5989
8015
2369
6111
3765
6464
2735
3244
7542
6303
7130
3282
4777
648
968
9937
4682
3797
6011
3216
9417
6582
8896
3989
987
350
210
4720
7641
2044
8453
2048
4745
4616
4100
6773
2235
1331
8964
4259
9825
3221
890
2629
8449
6065
4776
9024
318
3312
3569
8304
1687
6837
3209
9880
5793
4317
9480
5407
589
4787
5240
9217
1093
3156
969
6563
121
2098
4175
478
8117
6450
9938
7042
3691
6845
5270
8004
7663
9727
8584
1369
645
7886
4535
9085
3955
8872
5640
5276
1456
8416
8155
9822
2645
8310
6825
5858
7539
9138
705
4281
8492
3342
4698
9339
3551
475
8527
5127
8654
2731
7310
4562
7270
5552
3082
2083
619
1197
7215
711
1865
8198
3291
2008
3026
4412
8016
5493
7713
3641
145
4373
4307
1993
3918
4619
7000
9275
4627
6597
9697
9404
7140
3554
1958
6349
2420
1867
1783
8383
91
8457
5385
4797
2167
4930
4405
5529
8959
3333
6886
8560
5178
3458
6945
284
1492
8695
8668
3422
4709
2689
27
8499
3664
7116
4925
9555
1736
9400
1275
9926
1317
3659
1347
2598
6926
3043
2074
4723
7633
2723
948
3321
9933
4986
8677
6707
1879
7373
8429
9582
7964
6285
5361
3873
1679
243
6782
3760
411
2317
8833
4955
8681
852
5625
6019
4239
5861
8521
4284
3144
7864
1595
1832
5232
4628
3903
9124
7920
3345
9035
7239
7485
9443
3858
8602
8869
7580
7281
1991
86
526
5173
6810
9906
1077
149
5456
1745
219
9089
1817
2030
1436
7274
2813
1469
5541
1778
3878
7647
6155
7836
67
2874
6342
5143
4166
3046
8549
1190
4089
8494
8187
10
2908
9133
7656
2620
5586
2678
1702
9166
3599
8474
5985
8782
8658
9928
2171
4190
5413
1364
5119
8805
6887
4047
7593
8083
1666
1565
1249
3051
8539
7598
4010
9720
1919
8701
1926
2108
9609
5426
7363
1915
6489
6166
5103
3148
9421
6195
3581
2793
5288
4004
1826
4164
4387
3401
8551
4029
5272
5533
9229
5655
2193
3547
2467
4474
8332
6218
4566
9598
5721
5363
5900
3609
380
2215
9865
2537
8536
5661
2196
5497
1576
1233
5252
477
2260
5676
9017
4922
1320
6882
7809
3789
2155
7143
4290
7320
2583
9023
2568
2282
459
6256
7897
4276
6498
8067
3887
6635
4926
2916
2957
4078
5697
2254
3521
1718
6679
1017
2067
402
4308
1332
5970
9836
344
4963
8783
1059
2856
569
2188
4030
4651
9104
3703
1429
5176
9639
1835
3155
5799
5617
6443
2688
3056
1819
2622
3928
6781
8739
5518
745
2518
8889
8120
3610
1604
6233
127
7197
6530
6513
5602
263
9230
6914
6729
4471
958
1285
3612
4058
2764
498
1572
6272
8827
1969
5654
2064
5140
6009
229
2883
8268
1802
4428
8710
9872
8704
7288
1452
3376
1862
9762
3108
6135
9305
6801
5492
9660
225
489
9648
5284
7052
5642
6566
3513
7525
3624
6676
3845
3974
9901
5888
6284
3034
9222
877
3870
413
4267
1539
9107
1999
3509
6603
4582
661
6831
5765
5746
6110
4664
9096
3714
4590
9925
7044
1695
9171
1795
7149
733
5621
5912
6497
60
3971
3223
1342
2827
5775
5700
4887
8644
3413
1768
6511
3403
5722
855
8086
812
5170
7996
3113
3105
9338
4340
5326
7344
5208
7957
6277
1849
46
4807
8509
4795
2706
9813
2590
2755
8743
3012
9215
1103
1586
8452
1172
24
9758
6391
1423
1168
4404
1466
6326
9300
1936
9070
322
7979
3128
5159
7940
8076
9604
4462
674
1391
5220
839
9241
2396
4447
4931
2186
8585
673
3906
706
404
8960
2808
4231
552
5303
2429
3634
7924
8572
2032
1804
5560
7832
7083
900
8940
9411
9457
1949
1027
3268
2397
6968
8598
1354
7188
652
9249
814
504
3248
398
4408
8213
5047
8132
731
1181
4376
419
9878
9662
8476
4778
6643
6753
6419
1089
779
7611
7269
7261
2751
6318
1143
9398
2680
9950
4302
4816
3839
9669
42
1099
1261
1109
9687
4685
6287
4252
962
7746
9859
9007
7351
3084
2434
8579
8301
248
1280
106
5229
1504
1598
9456
6231
1004
9586
3256
9081
7452
7721
8784
9990
846
5545
1959
641
6362
4652
642
5679
3621
4690
7460
2121
1316
231
6418
3984
7001
1830
5389
8473
2546
7382
1900
2316
6727
7011
8604
2243
9722
9013
8463
1263
5543
3487
1775
9442
748
2646
8740
2422
8531
5929
6324
4296
1229
5099
3847
6417
1438
7855
1477
6505
4265
2203
8443
3969
108
6337
5773
1851
5439
6941
3127
4103
1684
9240
8390
357
5867
2665
9264
5568
4407
5996
6672
3632
9000
1784
7734
4499
7753
3759
2123
512
3496
689
1399
9072
1557
7936
1037
9626
9982
7517
7360
9077
5066
5738
7906
1764
3574
6365
879
6705
5392
3147
8769
5818
7706
9730
9126
7589
7031
288
2940
5523
7502
5123
214
3003
3694
7173
6757
5297
2125
1541
3696
8660
5026
813
5289
1913
598
4600
1042
7819
4436
6062
9367
7555
6846
3771
3698
941
8122
7597
5316
9193
8418
826
8993
4569
5422
2377
4293
1341
9387
377
6071
1746
4869
2853
8623
9187
1299
9203
7950
8240
4114
8765
3324
2510
3076
122
5522
4384
9608
7072
590
3733
1367
789
2846
4032
1001
955
3976
7410
6289
2551
7858
8080
9209
4369
8985
2923
8510
3449
9984
2757
1234
7783
6504
1508
1412
7457
48
9319
2274
6988
7384
755
7590
3329
8728
7400
9234
6857
1635
2794
798
2140
2763
2994
8336
9640
7724
4724
5736
7742
5315
131
4042
1323
6003
5794
3996
7755
9355
2618
8792
7772
8916
8693
5690
7907
2106
278
2939
2399
6295
9849
1649
6310
1957
2116
2160
7883
5345
3528
4823
4508
4218
660
5881
6431
8879
4928
1350
9658
3191
7490
9893
4516
6605
7693
1940
7059
8107
4623
3863
8546
7294
8938
1487
768
555
433
7524
6711
3732
3855
9109
9512
2344
1054
5128
2600
6698
5421
3467
4196
1545
8279
8984
6956
7450
2291
8002
84
7075
6059
9502
293
3439
9014
3605
254
7292
113
624
1482
6
630
5528
730
7333
6681
4814
1933
8657
2324
5431
4034
4715
917
6351
6047
6012
3326
6238
2438
8826
3531
1191
2623
8162
4092
4388
6572
2329
2567
2754
1582
3683
8291
9202
4432
4270
7505
7014
7685
6876
401
9086
4751
809
3078
159
4392
9647
3651
8408
436
186
2016
8427
6608
1575
2911
9624
2775
420
3037
7016
7518
539
383
7577
9099
8199
2635
9173
2649
7547
4979
2152
9091
3353
6691
1960
9431
5576
8545
7107
2417
9002
4632
5832
9779
4358
8298
9174
4091
7482
2900
1855
4706
6015
1670
5913
9904
2097
4714
7230
2023
2268
5770
6601
6593
230
491
6210
3252
260
6323
513
8013
1996
242
1014
8777
9058
3980
8250
5767
7170
7821
6075
6836
7111
2958
3452
7651
184
3949
156
4924
7421
9565
1023
9272
3560
7678
9663
8063
365
3835
5079
4160
2599
8386
3358
2284
5429
4567
8251
8508
6128
8885
2704
7290
2190
4802
8506
6973
7358
5987
9269
2191
4038
8866
991
2011
9003
4959
6422
7975
8206
6313
2443
6315
8112
6083
1823
7325
3895
3202
3179
2132
4171
262
6108
547
4667
4848
4396
7114
8497
3575
2553
5435
3374
185
5810
5059
1638
773
3911
4367
5751
9036
6570
4898
6783
8612
2684
1787
8672
8450
8333
9094
5481
259
399
5626
9239
8568
6234
8962
3518
6382
6276
2300
3416
3821
7613
8066
2246
1848
6949
1430
3640
4903
4523
5438
3141
6536
6339
4069
4418
6217
1183
7401
2218
2867
311
3923
3502
2574
7869
8431
7846
6650
495
6408
3536
5959
6868
9257
5356
687
9042
6895
5507
9489
6683
9675
4236
6639
9787
7317
3402
1796
9673
5311
6020
1517
8177
6684
9966
5088
6598
8225
4549
7377
2737
78
6004
5591
1643
174
3062
8971
7671
9423
6134
1876
9361
995
4846
8791
9463
1090
1536
7667
1613
3314
6307
7948
4519
337
9678
1566
1932
2483
1918
4851
5174
9723
8969
1532
8292
3328
4609
9517
6309
2810
3497
1160
3311
1403
226
5275
3914
5342
5217
1885
7311
4425
2105
4492
861
110
4093
8035
8095
3778
4181
220
7739
2882
7673
7695
4057
1953
8587
910
204
1660
3573
2494
1221
1203
3603
8440
2112
8846
3316
6626
8021
7990
698
5650
8299
1744
6843
3952
4716
4639
6388
1359
4133
97
5868
8696
2477
1759
6314
3862
392
3005
5629
3762
7391
5997
747
3365
8093
2166
6024
3010
9156
5322
6290
3570
2407
6815
9575
6453
1476
3508
9149
388
9345
9207
6666
7267
5024
6098
1396
4123
2801
4909
239
7356
321
5081
4417
3083
3247
2130
6327
5098
3679
4809
4040
3143
1585
902
7121
1213
7556
9179
7908
9755
5308
8044
1866
5911
6673
1645
8676
1136
9479
7232
8366
5696
8302
7550
3741
5354
3019
2554
261
6946
5657
1892
4304
255
7375
8679
6352
3755
4050
6619
6852
4512
8790
1000
7782
5171
5630
2519
5512
7943
6370
7735
9482
7785
5784
9092
1780
1421
4399
289
7960
6124
2199
9206
888
3800
8632
3720
5983
7728
2586
4113
2395
2435
5952
1380
3516
7204
5262
905
4235
2205
9033
2651
4599
2223
7326
3377
5686
3242
9374
1954
3803
9943
1841
9073
8385
3662
132
4822
3274
9152
6247
5766
9974
7395
1071
4379
5917
664
2306
8151
4423
9312
1226
7769
4291
2552
4853
117
1185
1651
6094
9342
7201
2845
4857
7648
3361
2848
9154
5188
5085
3586
338
1444
8376
5086
7058
9438
4216
8970
7733
2202
2120
5692
5601
1674
4725
4372
412
8932
4918
6722
6960
5379
2592
1196
2000
2462
1594
2786
8359
6883
998
3104
770
8249
1934
511
57
7048
762
4459
4213
3432
6158
9476
2177
8306
9679
7080
2470
7392
8566
4897
7569
2175
8131
9977
8930
7982
3336
926
6317
5448
9574
2983
5659
1393
5294
6125
830
6189
1215
9875
3938
7359
9377
1255
3961
6014
7366
5121
3493
7372
7370
5476
1472
8053
4324
4139
356
5569
8860
7515
7070
2336
2226
4981
2932
9397
9931
6667
9996
5819
4333
3959
3397
9903
6885
4884
4147
3872
2663
5417
5054
1058
2301
643
208
6174
7770
7312
9223
6797
887
7891
7962
1155
5104
9111
7006
9389
2035
6492
952
2517
241
474
1945
850
11
8905
2889
4339
1296
5939
9552
8133
8154
98
7208
9577
3450
4366
6699
5614
1442
7236
5725
7617
8609
3630
7521
9529
2493
1008
2747
93
4438
5535
3695
2804
4950
8530
4842
5698
3053
8678
2789
5714
6268
5096
3307
6555
787
2270
4611
5993
4364
3571
1518
5075
6057
1618
9625
9935
4595
5610
7253
2183
3902
7591
9084
9646
8254
9155
1631
583
2425
6849
6545
7279
3667
8320
3055
9970
3985
9525
4517
5414
2850
3454
1010
1123
6760
9741
1907
7814
9556
9826
2487
6780
7703
7533
2184
8829
3459
984
1115
1737
5166
6971
9259
2189
8770
7608
1972
3378
9326
740
8164
9218
4243
1180
2216
6421
2102
8415
5677
4469
6749
6169
9516
4345
5428
5388
244
176
1454
785
1634
2570
980
2129
8591
1754
737
1134
9075
2440
2640
6902
5250
2899
9369
2909
1283
1981
5994
9348
7602
1080
5681
647
4026
7202
6807
9127
5919
9912
7399
8629
7206
6862
2928
7357
1540
9444
6036
7811
1344
6281
678
3461
3919
9712
8789
9916
4442
7771
9914
5546
6116
3024
1259
5144
4081
6901
1065
201
6319
1140
4696
2349
655
2398
8424
4759
6447
585
4965
3550
7139
2673
2913
4964
4013
8771
463
8859
7034
7244
3241
2854
5044
2601
5155
7843
5516
1470
4344
5938
8593
6373
5286
6033
2185
9495
4299
427
3451
213
2437
8319
4072
4174
3848
596
2283
1240
5973
4067
3713
396
7285
1338
2610
8399
5101
2468
2708
7839
2870
8628
6985
1457
4657
1733
7635
5780
4128
1927
1262
3597
1992
3973
928
2294
5003
7471
2565
3874
3398
6400
3811
3948
4636
9785
4726
6329
9572
8351
2472
5556
4658
1493
5662
2066
1967
5304
4326
7268
4757
9034
7748
7227
3212
8039
9064
6548
3566
8730
5530
4895
5572
9514
7352
4763
1033
6771
2676
816
7273
6438
7463
805
8659
9395
8586
5359
1705
8237
9902
8928
4155
1388
180
5750
2984
7937
8441
4868
9520
4866
6484
9549
1400
7554
7868
6224
3529
5760
9221
8596
2784
7507
1479
4111
312
4598
6089
9076
5475
1681
8222
17
1087
523
2146
1298
8031
6574
8358
3929
2768
7088
9158
6049
3399
8734
3520
5473
1311
9528
9767
9834
3044
5745
6888
1506
5565
8158
541
4694
9422
532
690
5893
6013
6583
9745
56
5254
2285
4760
4183
3596
4356
3601
1019
1371
634
72
1963
1502
6240
7153
4764
5647
449
3824
851
1297
2370
1567
7972
5332
9185
7606
3687
4524
8878
3159
7298
1032
9267
7436
2785
8280
476
9260
4629
5080
1839
4043
7529
142
1113
1654
3776
7726
1404
5157
4209
7573
2481
4998
4630
896
2416
2628
8910
1162
4677
8653
7653
3706
4749
6710
1362
2855
3310
3533
2955
8042
4559
7711
7850
4065
6412
638
5771
1437
409
8501
7494
129
2136
1514
7066
5221
9176
518
124
5733
9611
8816
9771
5801
3096
3287
9316
8087
1253
8252
7263
7486
3086
1392
4306
1431
3272
623
4310
3166
8360
6475
8377
3676
549
4953
7353
7005
2154
9021
1986
6146
8793
913
5636
8882
431
7431
6053
8832
8308
7756
3363
9448
7434
6058
198
5069
9749
5693
6573
5383
3194
1974
8804
3257
2534
4826
3577
8512
4215
5447
1475
8615
844
3507
9740
1322
2017
9262
5300
6469
2654
6379
8630
8235
9164
9140
667
2660
2830
4061
7548
1626
5148
1483
2361
1786
548
6380
1685
6652
3133
9783
6604
1214
1156
2340
7833
8127
3857
3764
5177
2060
2010
4984
8814
6170
8023
9189
801
1182
8597
772
886
6512
9518
6805
3228
6735
4411
3692
606
212
7877
2298
3253
4661
8049
7989
8504
8855
885
9862
2931
5894
1812
6765
5029
557
1070
4962
9046
7404
5567
5115
5945
5755
9976
3199
9484
3360
6811
4555
4907
8034
460
3777
1853
183
6751
8778
8900
4831
6913
6442
7501
425
3492
6793
9659
5210
5503
6789
6647
7702
9900
2444
6720
591
473
197
4877
3910
3522
7884
9921
3337
2350
1491
1677
502
3927
8709
7425
7871
1753
2614
2901
9632
5708
6186
3196
2052
943
3917
9777
1464
2541
9664
2694
7007
1022
9010
3400
8090
9315
8230
7718
2492
6333
3947
5758
5496
2726
2080
3393
5049
7234
6387
1401
8961
4672
2050
9192
3187
5831
3780
6214
272
3787
5310
3335
1
7738
8952
4746
5216
6426
7479
3774
5112
2073
7338
2042
908
5820
3658
2811
650
1676
7941
8780
7309
4131
5612
3966
4082
1250
8937
8631
4039
8514
3790
2352
6553
6151
5741
7805
353
5135
2756
8557
4189
2890
6844
8338
2461
5737
9770
4728
1573
7272
4202
1944
5558
6179
3978
44
3132
5605
8966
3129
6703
3117
1655
4550
9464
8614
2290
6936
8437
7963
7020
8680
8382
8113
5191
4840
6120
2365
2950
2782
1186
942
5581
1647
152
715
7407
3305
4454
854
5808
2703
4722
9876
5851
6037
7794
7138
8261
3139
3371
8763
9261
6596
9290
8731
4646
4145
4330
6995
8462
777
4336
89
9665
9145
4048
5772
1015
5903
659
8914
9237
5076
7304
1041
6398
2631
8732
2993
5777
9650
1883
4687
2169
7171
4649
5445
4792
820
7631
1189
2209
6939
9818
822
3960
1505
8550
901
1289
7938
3007
9344
5299
534
5824
4260
3731
1942
1711
4729
4916
883
6587
3352
9478
9634
9732
8156
7446
9136
9165
3441
9854
7322
3750
9
3673
1406
2605
2151
1125
5988
3237
6198
8172
680
141
1612
1419
3174
6750
1571
8124
4878
5974
4359
5273
5548
1370
6921
1877
8216
5287
8978
8456
3944
8465
4844
8616
3395
7741
2039
9630
3769
9681
8362
2238
566
7934
7127
5477
2740
7361
2627
7307
500
6558
3235
6730
1379
6485
4855
3266
7725
9986
9781
9335
7540
7009
6402
4008
9735
5317
7481
2843
1303
4460
2072
8242
6769
5165
9882
1264
3115
6580
2227
3614
8996
1239
2110
1100
9734
3838
4538
7516
4662
6740
9008
5211
7922
1924
7903
4201
6879
3951
6239
314
8339
3032
860
9615
6841
8365
3719
9807
9959
654
2907
7212
4663
6235
5701
7712
608
5682
3369
3246
2496
7879
3233
4060
3869
7283
5271
6569
397
5415
1002
5823
4958
3968
443
9280
5396
9105
8160
7847
6706
3293
8439
483
4353
8972
4332
4996
7082
8522
4489
2718
8355
847
5839
6229
7807
1246
3578
1291
5149
7534
9427
4140
5278
5130
6668
5083
4329
666
2345
3965
8417
3549
1224
1301
776
8289
1810
6778
4564
8570
4552
5880
7660
9424
8074
8024
7397
8635
2194
4799
2617
4721
1319
9940
3301
3477
4966
3979
5920
7045
6304
4132
8126
8146
3157
9532
5666
2292
1164
5233
7564
9332
742
8175
9910
9566
8915
5082
6527
7141
1266
6820
8753
1194
9739
2615
5731
9534
9141
1917
1176
5637
2998
2533
2341
7018
6245
2578
8958
9775
2296
7848
911
2256
5971
7265
6073
9963
2070
7509
4717
9766
8
6611
8033
3941
6465
6642
2990
7183
6440
5882
9617
8264
2387
347
649
8150
7336
3718
9736
6137
1622
3864
8085
6407
2263
3215
2690
1596
9561
761
3006
7235
973
4620
4157
6177
1740
4539
8079
1875
6397
2543
8502
8477
7297
1603
5739
5713
4997
7499
4255
2970
8100
1307
1975
5915
8775
8605
1899
7732
3485
759
5646
4439
5296
8893
1798
5594
2178
7126
5007
6694
3381
7247
5830
5039
6917
3438
5425
6165
8389
1278
8864
8056
6149
250
373
6054
2095
2835
1330
7759
2491
1503
319
1127
8666
8305
4689
7880
3546
6903
2792
1282
6434
9287
7804
4285
6923
3280
4773
8089
387
6865
5520
7374
4906
6107
2967
9324
6029
5257
9282
2948
9710
4263
4818
6622
4648
5852
5715
7466
9172
6982
5000
8848
5036
6525
8448
2608
8518
2041
3890
3427
7488
5678
9605
9868
6758
3631
2217
3186
8239
7583
7650
3064
6267
4879
6126
470
1290
5904
8774
8285
8068
331
7694
6822
3852
2118
1782
8787
7256
4529
3986
6145
3276
872
1314
2626
5105
8227
315
2505
277
892
3885
296
155
5395
4507
9216
5313
793
8038
9790
5984
1977
1560
6084
2798
5838
3967
4900
605
7977
440
6715
1366
8208
2868
6354
5672
6543
4485
9731
3702
2712
954
573
9382
8215
6204
5651
8296
345
6132
216
5796
5723
3250
825
8686
4956
9616
7929
6688
6916
8999
7380
8906
9891
3123
7790
6842
8105
658
5137
6225
1068
6978
7420
3894
1474
8862
4587
499
2550
8571
9492
6562
9994
4827
4313
6394
924
2539
1481
5280
3983
3417
6099
5020
4400
4583
5201
2638
7859
6577
1427
2807
8110
5667
6965
7887
7305
1361
6213
7865
6682
3088
6591
6395
4511
328
5729
5344
9032
3524
9700
8517
696
5811
3411
4939
6872
287
4458
8266
6366
8717
1135
5117
8976
9208
3530
6300
9329
4134
5427
2873
2581
8625
7078
8064
4650
2333
791
2571
6463
7988
6425
6948
2713
8190
6714
2981
4774
52
7167
3544
8577
3181
9857
7038
6906
8649
3956
1724
8574
9952
9029
292
6726
5466
9537
5259
5854
7993
4604
9123
2859
950
6237
1732
4985
362
6242
2054
1328
8259
6721
6428
5622
2453
8744
2024
2454
1408
1607
5769
4899
4711
4179
3784
109
5132
9737
8434
2445
1794
4149
2815
3254
3362
6079
468
1522
8364
3052
6533
5093
2057
4277
6118
2286
7798
7108
5446
9393
2562
2262
2022
6979
4477
8369
6405
784
3488
5401
1955
4338
7259
2995
1943
5153
1920
9701
2077
8650
5198
8647
7599
2312
3645
9500
4005
2195
6970
9521
7758
2372
6544
95
7965
5670
2103
505
7328
7504
3001
3320
2156
3258
2824
3284
8968
372
4350
7388
1639
2259
1468
3491
8942
1793
268
2068
5295
7447
9909
4094
8642
7863
4692
6624
2018
2180
2717
6861
8058
9852
5859
9761
3937
7282
8861
3827
5783
9416
5768
6139
2602
2327
75
1561
2236
7242
9585
5331
4101
2709
3912
9340
179
9289
521
4779
3913
6695
7998
2138
2833
6389
7332
1763
7890
1372
611
3227
3465
4000
8683
2548
1161
9019
3734
4860
6567
434
3453
8562
4990
1765
6854
7027
1306
6534
9159
3805
719
74
1082
7788
2013
3736
1029
7983
3588
6369
5238
5890
7081
5889
4362
6338
5584
5264
3628
9225
9800
1222
4608
7
4951
7350
6078
6102
7628
7875
6261
2359
206
6912
389
8054
8402
2766
9567
8347
3188
1118
8505
9412
1422
5608
2864
2375
7218
2524
6671
9386
1994
6081
3842
4022
5465
8589
2027
2343
612
7049
794
4457
891
7912
4445
5102
1978
9178
7303
5845
933
104
767
7147
5433
7040
834
6190
4016
2
4622
9668
7826
3004
1432
2415
796
9351
148
4603
6119
7364
4328
4374
9358
895
4342
5100
7144
1888
4675
4992
5249
6938
9603
150
7349
3680
472
3313
9563
87
4378
1443
5732
18
8178
6804
5292
4920
41
8467
1656
1691
3067
3647
9823
7793
9908
7162
8674
5298
1129
7148
5360
530
3850
3332
3208
8637
112
166
1554
1989
3309
7991
1169
3992
320
2812
8735
37
9224
6693
4758
3190
12
8870
7519
6171
2307
3817
9325
2419
9012
5113
6576
7245
6967
5551
6286
343
5403
1688
2935
4655
6595
9887
5875
221
455
8875
1807
9294
9905
1842
2837
4574
6499
3592
1533
1220
644
4637
9782
8923
7709
3428
8300
8061
7314
5172
9638
3229
414
4769
2293
6959
7745
5866
2355
2092
2182
3435
5261
5333
4178
7853
2161
2670
5515
3851
8991
2918
9016
653
8050
6299
7585
5053
5405
9318
5206
3998
5430
651
9713
5649
9254
7899
7381
9425
3990
3298
9333
8165
4087
8469
8865
4991
1434
3138
3366
4120
7098
7578
9671
1060
8329
7129
4994
1237
5434
5489
6180
8123
2219
920
8825
921
1714
6962
9847
7731
8714
7605
9843
9473
7716
6950
2390
3671
2104
8542
7526
2542
2777
7632
4917
2512
9672
4859
989
5060
7301
2839
6074
4473
1583
3099
7470
3936
2669
9793
4154
4075
2591
1062
8764
9510
2489
5899
7838
537
297
8767
3472
6625
7662
565
4748
7085
8130
864
5443
691
857
9385
6255
8272
8526
5850
4954
5719
4496
3426
7225
3279
7841
686
4051
6106
9907
3709
9881
1500
9083
3011
4830
1602
2642
2381
6535
8315
6297
3565
2049
780
8229
6663
1173
3501
6444
3545
2790
7697
2113
2076
1243
3040
1051
4513
1050
2991
4881
3697
1257
7329
2275
7280
5928
6507
797
6874
6257
7531
8202
6462
2532
9897
6356
8931
8464
2360
9513
7385
4441
862
1258
139
6881
7638
2588
2648
9533
5876
9606
9972
1105
4705
1459
1911
875
1031
8578
5559
4080
8258
7927
5949
8236
5624
3815
4021
9022
7623
90
9708
2544
9057
6908
2045
1726
4003
2963
7861
882
1488
783
6138
5031
5246
9103
1731
6298
7992
2609
884
4937
3907
9759
310
7778
1809
103
4669
8148
7030
9998
4394
9967
3710
4223
4434
4588
4064
9684
6401
4594
3183
756
205
4772
8282
4279
6993
4670
2895
1755
3177
5942
4148
5199
9148
5828
3600
1797
517
4204
9597
4972
6590
5805
2287
5598
3953
234
9231
3039
9922
1425
2593
3318
3843
62
5314
3802
451
1056
2299
7905
5167
4828
9898
9742
4528
7195
8350
9420
1720
5397
9694
2053
3094
876
2278
3576
4106
5182
8247
5228
9890
9467
6800
2891
9828
7944
4494
1909
235
7705
792
9768
9874
7456
1381
2498
9468
4780
4184
8352
6785
5843
1811
2961
1637
6130
6478
1948
359
9313
6814
6383
9788
3816
1767
3204
4850
9753
8170
6183
4315
9995
1424
8643
7427
2280
1150
4683
7565
9798
4470
703
9274
6488
