1440
1499
2073
3878
4112
1989
183
8291
6308
8859
6071
3707
5363
822
3501
7050
1146
7048
7372
490
3187
9638
2599
2042
5015
6857
6428
9871
3310
7926
8051
3054
9943
5631
8987
4559
3231
1605
6
5017
1794
4258
7615
8108
2924
7396
1378
4919
2144
343
7480
8878
4783
2786
6064
9648
3237
6584
2707
4785
5107
9134
3670
1844
9899
8359
2057
9419
1894
1009
4436
4388
6375
883
4503
8543
3321
7930
4248
4940
9679
2651
3684
2699
1562
1531
715
86
4123
952
4067
9348
8420
3419
4065
4562
7029
576
9206
9118
780
1377
4369
6974
3208
7938
3023
1802
2355
8739
2644
7869
5350
9426
499
8387
8048
8132
2953
923
4642
3065
4177
990
5361
9310
2982
9483
8122
305
3082
3943
687
9130
6720
9238
3766
8163
1554
256
5159
4663
1657
8358
4064
3568
5193
521
4649
5464
9909
8929
6114
6893
1015
4402
391
2471
6464
6369
4672
873
9593
7129
9846
4805
9265
5170
6891
4924
8501
5730
7138
5804
6522
1472
1955
8883
2370
1111
5294
6767
3421
8635
6345
6418
3880
5539
1589
8202
8270
6560
8341
5445
6215
2500
5671
3689
4479
7660
1964
9862
369
341
243
1253
1800
9057
3909
4071
7409
3250
6274
6282
1246
7746
9617
5832
2890
2748
8596
6899
520
6977
8867
7733
8948
7879
6057
272
5920
5086
9613
8844
5793
5687
3883
5472
5751
6878
5030
3532
2784
9066
7260
2410
690
5664
8343
6316
4249
8817
8552
4167
1523
7463
1929
976
8154
4847
2880
1693
9755
9574
4126
2473
2005
2629
7135
2330
67
8078
3812
4042
9628
9289
333
5490
235
5988
6647
8725
5279
879
7598
2181
8886
884
5910
626
2179
1413
7978
28
4558
7504
1875
9425
3606
7714
7011
3337
3368
4543
7387
6198
7276
2080
2907
4952
607
1314
5409
9936
2351
2480
4027
4910
682
2025
1102
7927
8825
6085
3901
2326
8634
8793
4923
5696
4317
7993
3898
2973
7543
3112
3011
4991
5337
135
4385
4107
8819
2257
2224
6721
5362
3872
4048
6358
1031
7562
1812
4612
1733
1259
8278
5141
5818
7561
1344
6552
9035
4701
5890
991
4327
3627
3274
1074
141
3078
8160
3270
149
5443
4483
7063
9532
4640
1900
5041
3952
8532
1755
4288
8726
1548
9284
7514
6627
9194
1416
2996
7939
689
1269
4656
3488
3609
336
7114
5674
2389
8096
7061
498
4312
2487
8209
6267
8801
7921
9174
8637
1450
4124
4838
318
7397
7244
3218
8896
596
927
5430
1659
1676
1577
3342
98
3657
3927
8467
5503
2135
7489
807
6732
999
6241
5126
1868
338
8242
3644
5338
4461
2656
7130
4639
9934
446
5071
2041
1354
9398
6092
8943
1455
564
4322
4721
1832
2447
4754
3160
1092
5775
9399
8998
4301
4953
6610
9331
7137
6291
2403
9076
8094
209
4070
1778
6125
4085
1409
6575
6343
3507
6299
7439
4279
6589
8960
3489
6643
5773
7650
5768
9296
311
3516
6520
2652
2219
7855
2321
8722
6508
2100
2916
597
5125
7937
6153
6209
4728
2363
7998
2115
8744
3094
6734
5177
6848
5998
9927
8632
6997
9797
8651
140
5941
2283
9616
9911
4782
4878
5336
432
2506
1890
3205
4323
1283
7659
1441
5817
4445
9576
7225
8439
7755
6474
6472
4598
9325
9581
6847
7749
4581
2621
6110
4285
91
571
1071
167
7688
2160
4348
8328
2892
4544
747
9704
451
7923
198
2954
1370
7111
9402
4945
5588
4508
5560
2589
4521
2914
6132
4313
8626
6638
5471
8880
8627
8007
2613
7134
8128
9058
2690
4757
2053
312
3819
4257
4809
6952
7848
6568
9385
8008
2761
1120
3123
6178
5562
9098
88
9670
6549
5934
2859
9948
6389
3695
3946
228
4865
2910
9143
1080
7288
5209
4001
3427
8435
7871
2343
1745
353
9010
4142
4713
3991
9127
219
7354
5675
162
4352
6010
6602
8221
3688
9145
4965
8903
6534
3777
4688
5595
2676
4169
7783
136
2457
1974
3465
7385
805
3458
6615
2285
1542
1058
9314
8316
3698
5575
9093
8411
1057
7060
7071
6523
6816
2023
5882
2376
6341
7770
1820
1702
1158
9665
9712
5164
4191
7053
6442
7765
1362
4759
5630
6396
4013
3542
5412
2430
5027
5985
7281
5613
5949
1249
1508
8216
9230
2845
3875
888
1708
8476
5486
4769
6546
7315
6334
6503
3008
5500
8614
271
6762
8396
129
1016
5083
4761
8522
3505
9128
1961
4499
8957
4345
6585
7603
7132
8706
1294
7079
675
5258
1469
1533
5453
3590
3856
2246
6151
4715
7911
8408
3425
8044
6347
5923
4839
3393
1338
7067
5352
7421
5138
2109
3000
8956
9409
2036
6187
7775
2240
6526
475
1464
5758
103
2214
5878
3615
7267
9967
9649
7523
6696
1737
3159
6413
2165
7533
4178
8376
5045
9256
2412
5877
8525
4370
61
6329
7375
3345
8168
7620
20
2369
5767
6068
2096
2212
7265
707
7718
7412
4459
1818
5047
4458
671
6314
4010
8974
634
8628
6668
6702
4557
9789
3031
9538
8575
570
8130
2462
9955
5639
6220
469
7704
3554
7988
9604
1484
6651
3963
516
7548
5891
7798
1685
8005
5333
3080
5048
1065
538
1817
7750
7295
4835
7335
8724
4340
7394
4585
1465
1689
3509
6158
1862
4406
9343
3852
2481
4273
4007
9834
685
3683
4974
717
3256
9535
7333
5532
8536
5679
9873
1625
6907
3836
4514
9557
1639
5432
4496
2310
1681
6676
1828
4251
1572
7120
8492
8447
8834
7275
1178
2332
9858
3647
553
6712
8922
4029
6936
8521
9322
3015
733
936
9762
4244
383
412
6953
3818
6500
5748
6728
9924
1863
9650
8092
2984
6365
5670
2193
5734
7708
704
8754
7826
8229
96
6143
1369
269
6216
6320
6008
8145
4546
8652
7542
1713
645
5820
9079
202
7612
3350
6459
9328
757
3234
6230
5750
3449
3323
4615
9105
9189
9455
8470
2563
3504
4452
4190
5120
2822
5095
4632
2616
8799
6219
1984
5207
3115
7069
872
7878
5368
5727
137
8399
8705
6398
7221
5380
8021
5257
5283
195
6824
8687
4928
2965
1638
6877
8339
8713
2510
6827
5605
5672
3664
1173
9222
6368
5778
6052
8779
3969
1051
3480
3242
4366
8413
7217
8573
4829
8811
418
1992
6239
8771
1599
674
9998
1404
9932
2714
8913
9029
585
8851
1724
2247
6066
6619
9441
6747
6109
3162
9347
3925
7892
5917
2309
9804
8075
2425
123
3156
3134
693
2440
2435
3491
8485
3232
968
5051
3978
3261
7176
9203
4150
7266
6224
7801
4659
726
6779
3302
1742
2861
8303
8440
9429
6758
6462
2800
2157
5780
9515
3262
9175
5130
1620
9378
3970
5328
8934
2366
1448
7223
9107
6904
8124
7340
504
7515
7339
1501
3016
4387
1747
5704
8370
4982
257
4315
2112
4634
5577
908
2858
729
8990
1272
7022
2048
3409
9489
752
9733
7103
5078
9184
1299
2329
2184
3905
1467
15
1243
5489
6407
8511
1125
3482
1993
9087
5526
2592
3300
1704
7867
1021
5623
9689
415
5649
2017
9478
9886
9448
8902
4549
5714
8115
7628
9016
3255
1351
1787
8611
3824
9446
7198
6235
8194
1297
5551
7477
5163
5606
7299
6985
4588
1918
6307
2490
6044
1029
0
144
5115
7465
2234
3950
7563
741
3724
8843
8665
732
9081
2834
5182
7613
407
2495
4196
1581
3867
1424
8795
5248
3947
756
8490
7317
425
6869
2290
5640
8776
5286
3603
4772
4627
2338
8876
3291
3544
3723
2961
1110
528
3999
6798
4245
9668
4963
5798
3535
9999
3175
9077
7125
9890
3862
7791
8529
1613
5081
6592
2548
6573
7639
8992
3043
8730
2529
6524
6466
4173
6373
2877
8718
1116
5950
5386
9387
4104
6988
3005
8818
5255
9747
105
1371
9453
683
9109
8975
8494
5952
286
3701
2045
189
8925
5933
5895
8091
278
4576
9677
6438
7109
770
145
496
3598
7338
821
8704
7580
9633
7759
2753
9792
5439
8045
6851
1237
2966
6289
8708
891
7625
874
2015
6447
9736
8206
1088
3967
3935
9584
4229
9609
5374
2395
7522
8049
1962
7731
8390
4292
6804
5516
8756
1141
9155
1637
5942
6406
713
120
8942
4907
6250
8848
7087
8226
3877
8561
5004
6037
7924
5945
1411
9484
7577
2951
4462
226
6769
4216
6682
7646
5861
7301
7054
6159
6080
5096
2302
5455
3050
6860
8430
8479
80
2810
6139
3989
6106
8731
8159
8031
5284
6901
3677
6540
2641
6431
5617
3467
180
7476
5785
548
5133
4184
7169
1732
1172
8712
4760
5329
2008
2341
9588
8029
5824
1884
6882
127
4655
560
1446
1593
9002
4493
971
72
7899
426
2122
7502
661
3799
1063
2938
8983
3643
5997
2334
6140
1782
4106
4280
9993
3021
7133
9158
1527
844
4011
5265
4000
8323
2016
1386
9728
3705
2438
4286
4140
1506
4337
5658
4831
3223
2216
3423
5593
4673
6245
5266
5208
8919
8181
4428
6213
128
9877
1668
2819
1763
3173
5682
3620
9436
2868
4004
4605
8769
2383
768
4137
738
5831
6606
9316
5014
2846
5253
1162
9986
4517
4341
5318
1950
8802
4906
1720
8684
8808
6356
8806
4739
4502
8296
1735
4
3599
1305
1901
8058
101
1200
8178
6929
3493
7004
1629
1557
4664
6704
8318
2180
4111
8366
7049
2716
2097
5534
5225
3424
4607
3384
8770
987
3199
4675
8171
5198
1524
9281
471
9457
3763
3625
4086
7305
9140
5932
7656
7163
667
6856
853
7853
2060
3404
3502
610
4396
3567
1670
5406
1233
4164
6273
5571
2453
7550
5732
2164
7405
7461
831
3284
3164
5713
1190
8349
5054
2713
1470
4618
9243
4053
4775
3552
2805
9104
1660
6160
5862
5376
367
8189
116
7729
5330
1445
4334
1053
3428
2084
5948
2894
2818
5883
3014
5044
5223
765
3995
4734
8949
6505
2612
6947
193
4798
9085
337
3400
9151
9752
1653
562
1924
3842
5080
6417
5072
7908
9400
5907
5366
6019
2689
1541
6043
2673
3511
612
9470
9601
3930
9598
3239
8230
2566
6261
5189
1339
8591
1247
8576
6811
4697
4037
4987
954
142
6088
5582
3045
7010
2900
3821
4023
7885
6794
5872
4161
5823
9506
4175
7413
2222
2492
8565
4897
894
4005
1563
7023
1187
5541
5546
4082
2168
9861
1250
4200
419
7738
5162
7207
5421
3004
1210
638
8468
8800
2421
2575
8076
2046
6665
4547
3771
2387
6051
8466
2956
1580
9216
4657
3058
7767
8321
2162
3834
2692
5429
6240
4194
543
3608
6370
1494
7261
5220
1454
6990
9428
5108
8311
5610
5940
6852
6909
350
5128
7401
3596
9233
7727
9912
2303
723
2479
3422
868
1252
442
592
7290
9368
8046
9530
9389
6391
9915
4939
825
4263
6292
6632
79
5531
1656
5042
3406
5495
3034
3948
9011
9777
9560
1137
5011
2633
1126
4889
5996
1398
6194
660
5381
3719
1020
4347
4917
6880
6017
5134
1869
1803
3067
6558
7323
2474
6783
4421
8906
8289
7538
8534
8959
5167
876
8036
77
9270
1594
6992
3451
1353
2102
3224
5511
2923
760
8362
1502
7027
3649
2146
3267
1384
1893
8302
5012
9131
6286
1045
1532
6714
3483
1837
1716
50
5127
8881
7619
4015
2140
4937
3737
3996
3503
4052
4281
3461
8510
6978
1194
8550
593
2094
3249
3293
6533
5408
7444
3379
1421
8709
9315
4495
4951
7183
8594
4575
1730
5036
9640
7807
6288
7347
3130
2130
2428
9124
8729
5644
9137
4719
4231
2763
5473
6572
1182
4738
6048
813
4800
2220
2238
6884
4877
2217
9779
9737
8547
2773
3476
2311
9285
3463
6284
4702
5260
9160
978
7955
8538
5983
9556
2182
8764
5522
9550
6226
8613
8285
3077
4098
6708
4796
3029
6189
3230
7090
3436
8133
2709
6492
4187
6475
2136
6338
8601
9199
2876
669
686
8658
5262
9551
2678
6059
4481
8523
1474
864
1948
3056
6961
8935
6642
494
2468
2904
5741
6149
9509
3076
4176
2199
3578
8002
6201
8158
374
2101
7572
1346
9919
8355
9021
8403
3893
4368
2536
7693
3170
2903
7790
4516
8680
644
4511
4203
7356
7417
1904
1556
155
4358
3560
3006
2765
3290
8074
9474
2266
3949
9823
4238
215
9680
7374
8564
5233
4931
9631
4902
9960
6582
6915
4343
7464
7849
2347
4525
1491
2464
1991
2358
975
7815
1206
6087
2733
9586
1578
5554
4828
6981
3742
5478
385
1906
3654
3546
1969
7228
6687
1431
7441
5178
6416
3490
6821
2241
5411
1451
2902
6521
8908
9984
3660
8001
7764
345
1209
6659
8140
9847
8691
3329
8146
6249
2361
2248
9533
201
7479
3661
2483
7981
2945
3772
8345
9663
3099
8391
8282
6919
6653
7684
8053
7976
9652
8218
1155
3101
7038
940
1400
7933
1061
9775
1207
3642
2091
146
8455
8268
6003
2460
3965
5351
8831
4394
291
9211
7298
6174
4806
3662
368
988
7876
9502
5700
4845
4584
8462
4397
8043
6551
5637
2719
4669
2626
9231
5685
8833
6164
5474
1606
6134
60
5001
3426
8324
546
1318
481
4054
5309
8656
4818
9288
8025
3193
6590
8213
506
56
2766
3396
9355
3540
3048
5576
783
5142
2431
8812
3776
9052
7752
8663
5592
8219
4851
3576
3793
3166
9156
1881
3070
7368
4780
4207
3055
6470
7229
3238
9450
8697
5327
3506
5810
5301
1438
8674
8588
9745
5224
9456
2860
3213
6144
4425
1861
8641
6736
6808
3953
5129
7785
5346
4682
5556
2827
7717
7903
3907
9980
4113
2281
8060
680
9698
1048
4905
8067
4626
3093
6458
8277
5561
7979
2562
8386
1165
4008
5064
7242
1193
8173
6542
7556
5974
2027
1935
2929
3081
3728
342
6446
4501
5841
2821
8249
265
6281
7806
2647
3128
8253
7481
5300
3363
7006
3003
730
5814
4060
3665
2667
7570
2170
5113
9763
5900
2299
2576
7931
8228
1109
9324
1089
3197
2567
3013
7051
6942
9676
9566
2067
7631
3850
4076
9264
9892
6463
4471
2512
5755
8505
6537
3481
1575
9505
8307
5515
17
7286
9278
9075
1545
6118
861
5261
8453
5299
7744
2609
7131
2150
5311
4198
8422
8849
5088
8839
8581
7391
4170
3053
5485
5589
2795
8707
701
5749
7093
4469
4787
916
1697
1303
1003
2869
1916
9332
4090
7643
6917
8059
931
9527
621
4302
423
7984
7816
8201
3800
4850
5158
355
3940
7152
3135
3024
1306
7411
2215
440
2649
5800
4561
7192
3440
7180
7956
3904
9707
9669
9678
2568
401
9563
2691
2300
739
2530
8139
4568
2497
4485
7719
5032
1094
3383
6011
7544
1134
3227
1858
8921
4114
7344
4843
1819
7992
7437
7326
3964
3376
2166
8760
6755
8097
7512
8162
4414
6376
8668
749
1395
5765
7861
9647
3492
6564
7258
1019
3407
2092
5382
4711
9386
3439
6300
8874
4636
5385
8371
9244
8009
1289
6420
3971
3881
5238
3635
9971
1217
5991
9437
1127
5287
7045
1995
4722
6962
8768
2718
9259
8755
500
9202
5717
2482
7846
6539
618
6251
526
5990
1308
6248
9793
108
8257
4149
6662
5762
860
6669
6656
1920
1701
3073
9303
4284
4094
5827
8148
2871
4243
4752
2075
5835
6321
9916
1597
8982
5055
3702
6911
3722
4482
984
7881
99
4720
6739
3405
7110
9731
8443
3049
8214
7491
3764
1002
9828
4448
8273
7802
5929
4595
6499
579
5324
5342
7104
7279
6005
511
6718
9190
122
648
7448
540
9623
7627
9646
960
7263
2231
6221
4778
9738
6414
8381
1154
4786
7159
7578
3733
3891
6269
4870
7880
4208
8892
1507
9879
3756
4020
1813
9380
4888
619
7787
1426
4297
3823
779
7558
4680
918
837
4017
8024
3993
8621
8116
1633
6809
6965
9242
5524
411
5256
3614
3361
8436
4976
6913
4763
6253
453
8187
1334
6908
2235
3530
1422
4115
838
4523
7325
7851
1587
7895
6545
7890
6296
1530
7017
613
6957
8917
3753
4737
9974
3547
5916
6507
737
9038
9826
8087
3577
6514
2721
4589
1741
2569
2356
9051
250
7424
7036
4021
1807
2554
8860
1093
9612
4087
8885
5507
502
1300
8984
5122
2204
3636
6792
3815
676
6133
5698
8519
2774
4431
9811
1153
4156
1326
2264
503
3514
550
8861
6502
6517
6128
4016
7957
8032
5357
6366
6148
7119
1085
6047
6586
8862
8243
7453
4972
3951
9338
722
5100
6262
4727
3826
5438
7234
1780
4464
9929
5305
8109
8308
631
8837
4762
5936
2832
4476
7199
8373
2684
3051
6569
7932
4565
5433
2813
7478
2762
5379
3320
5498
6294
1608
6007
653
5378
2640
165
7162
7819
176
8686
3228
514
3335
8600
7707
9832
9359
6823
6049
7250
8155
8503
9520
2315
8872
6797
4024
1970
347
3797
8569
7042
3563
9438
3236
2639
6497
8513
1738
5470
7197
2992
9761
8279
529
1954
1322
4795
1376
5094
3816
8179
8334
2743
156
6108
3626
246
2991
1588
2390
8810
3666
3727
58
594
1076
3612
7140
6562
322
566
9799
2533
3921
4272
3512
911
5782
5708
1170
6426
1163
7654
9435
4913
7635
7124
5349
9330
7272
5612
4753
3808
7703
3782
8653
7274
7929
5417
5738
8537
1624
3645
917
4610
8783
1671
1018
5625
2546
8275
7990
4473
4901
5517
360
1931
1077
5653
9571
5519
4881
1727
7605
8352
2049
169
7838
8560
3858
3795
5803
9671
304
6453
8797
9287
7823
9279
4574
7679
9003
6127
8854
2782
7241
7200
1705
5550
4148
84
9864
2068
5148
8192
9393
9872
3634
828
1475
1968
7139
9439
1522
134
6685
9701
5579
7936
8298
9313
85
7497
7946
5681
5144
7075
7557
2666
7105
5580
6306
4075
2792
6259
6924
1675
9147
5954
9682
8425
2267
9982
32
6031
1417
1688
1565
859
8654
9384
5035
3351
1584
2385
6777
7422
4717
5822
6270
5868
2741
5101
4392
279
1177
5345
9921
8798
4938
7028
4246
9625
5938
3937
1485
1277
4866
9674
3453
2125
4405
4550
866
314
8838
8495
9039
5149
6333
6070
3307
7346
1189
4211
241
2009
3165
1224
3176
8448
6465
9496
9106
261
1457
9590
2588
3835
1242
993
9298
8246
4333
4936
5397
6218
2187
4629
2881
210
814
1069
9836
8222
1028
2864
933
7894
2475
6124
6328
590
9465
9379
1375
1263
9454
679
5633
259
7382
4742
6411
3333
5619
9562
2543
3038
2618
3956
4563
2305
9074
2994
8840
416
270
9570
2012
4613
6700
5214
1131
2556
5143
1939
9015
4661
8365
3169
5783
1433
9125
3735
8835
7982
1320
4990
8336
6190
7900
5634
9706
1611
1156
6538
6724
8225
1899
3495
1385
3981
539
6409
7256
2606
8156
2959
5440
5584
3075
495
7219
2200
1883
6422
7318
6621
5848
5607
5979
2472
4998
3089
3297
9466
6429
9870
7407
6430
4566
2962
6234
1990
8717
1273
6287
5642
7313
941
5647
9018
7081
5879
9742
2082
7961
8767
7321
1135
7828
2780
8608
4529
2033
6995
5003
2274
5240
8264
5449
6276
9602
5200
458
4848
2674
1785
5089
8077
3468
4504
598
9876
4275
1059
2070
4096
7043
5024
7091
2236
2455
4853
8276
363
8167
1100
6614
6327
898
8400
4582
9660
7809
1319
211
6948
2933
4055
2579
4980
1549
7153
2558
3184
3283
4314
2947
8856
6972
2107
8625
9472
7426
6084
1439
9575
6383
5774
6694
7106
8331
9452
2848
9522
410
9860
2333
6787
1512
4949
3296
9815
6112
8272
5424
5152
8305
4614
4252
2722
2371
9644
7363
455
9408
5842
8211
9768
9479
4799
4705
1640
6173
9317
2867
608
7246
8068
75
8853
5702
3841
2476
3328
1316
9025
7884
8147
5796
786
184
678
8374
6612
5926
9529
9187
2697
2197
6182
611
5
7141
7672
224
1405
8710
6167
8563
8558
8813
5369
961
409
1662
7402
6597
1630
5651
7953
7108
9499
659
2006
8143
9749
8952
6278
2999
7975
8900
6061
4644
5497
4696
6006
7740
9740
9307
3919
8669
1199
2205
5812
30
8715
870
9619
1551
3196
8126
7996
9146
7657
6543
4403
2596
5753
9854
8070
5106
2645
6449
673
1330
492
8325
4824
3108
9511
8549
1805
1055
5401
1553
8911
6498
6192
2093
9543
2320
5326
8330
160
2552
1773
7287
8639
2508
5809
1632
1739
2683
5157
985
3700
8287
6025
3676
8816
8141
196
4081
532
7066
25
482
1256
8090
6147
6722
6933
6461
6604
581
9564
7715
2662
4858
6468
6081
1288
5880
9177
8398
9659
5745
4826
4984
5332
1926
1882
6579
5477
7203
8165
2630
2451
3954
1214
9461
4580
5689
2423
3932
7116
8517
9027
556
1789
7748
5501
1311
329
6883
836
1687
6906
3445
7077
6626
8670
7084
6866
5056
6231
112
7289
3986
9918
1255
4892
3398
3613
3161
12
8342
2194
8052
9524
2509
3869
7645
5506
3063
2669
3896
5889
788
7389
893
795
1658
9234
2989
7112
6535
9421
5291
5434
7743
6766
9119
1683
6496
9009
4900
589
5400
7709
1140
6609
2675
5465
754
5373
2213
5858
1301
5856
4418
6727
6120
8643
5791
4304
8063
4062
6594
1595
9730
1626
4552
2915
9320
9193
3798
6939
5124
2620
8295
6381
6588
2650
6485
6773
2935
2142
6454
9486
8559
161
8395
2731
2022
919
7154
6607
1885
3114
2939
7912
6561
2362
8360
7633
3355
1011
2841
9684
3090
8678
6297
8607
6881
2922
9192
6837
3072
7585
8846
3592
3594
2002
8010
5545
223
7669
640
7950
7127
199
9851
7579
1452
3087
6819
8914
7917
5306
9167
7248
3246
2088
9760
4981
7530
7047
9848
9773
4046
5010
4964
2917
8977
1895
9987
5203
3479
1736
1143
3254
2289
7797
1327
5976
3285
2325
3356
2344
1972
2004
2995
9941
2398
111
7494
7768
9293
1500
1084
6202
5431
2116
24
9210
3586
3611
720
7445
1087
3770
5865
7187
1372
6631
2824
4679
5206
9796
1313
6027
7357
5668
118
4171
705
7590
7928
1245
2993
5911
6136
5396
3286
8191
4426
5407
895
1323
2551
1476
2799
7506
6266
8642
9392
9776
1607
6290
7888
3359
5480
1649
3537
7517
9241
7468
2019
7528
7410
4044
4083
799
9252
7232
7919
1635
6802
7535
1329
703
9067
4420
772
2324
2443
6870
1529
9822
5757
3988
3739
8898
424
1493
630
8188
1566
1601
2825
6434
1014
2044
926
650
9492
3120
6671
2288
7142
2623
9608
2265
4215
1568
3366
7839
7291
1473
7587
3131
1513
8118
5509
1564
4041
8866
2715
2614
8205
331
4586
2823
1614
2375
8356
3704
7222
7954
7253
3848
7658
3519
8217
9292
1980
2837
6193
7024
5428
3926
9046
1435
2151
7817
6493
6330
5243
3761
7312
52
4089
9785
138
3203
3380
9547
1460
7963
1642
7102
7097
4755
9208
7353
4993
8650
5558
7935
8423
9907
3009
6812
9197
9783
9349
1258
2952
1315
7220
7009
8988
2079
5226
6457
9880
5028
2607
1986
4155
2950
9885
9595
8539
1826
3258
8720
6225
9411
5720
1274
4350
778
3651
1641
2855
6217
5510
2557
7178
8198
5903
6674
3760
7706
7756
1349
5764
2327
6077
3217
4935
9340
3837
3571
8842
9141
6550
2287
3997
966
9962
9099
7739
370
7944
8404
1600
5594
4579
4871
7501
563
5873
6332
8419
7020
9401
9772
4899
7202
2850
3632
7821
6566
2354
2787
258
3438
706
6673
8317
840
877
8244
222
5919
57
473
3455
5175
1679
7495
4944
5743
4891
8672
2504
8555
1915
1559
4305
114
4882
4145
8821
8026
1917
7499
9558
1429
332
4206
8944
6776
7190
3564
2702
4706
6941
9972
4223
9464
26
7268
452
3037
1169
6678
1951
9741
6679
8692
9413
9487
1734
2783
7949
8378
929
6885
9874
1855
9275
5121
6208
3908
5354
9490
7367
1360
5263
2467
7588
2659
4069
5740
1167
5781
6843
6905
6203
5196
5807
5009
8646
5325
8700
6770
878
7792
9375
1645
7686
459
6649
3069
3147
3122
9800
2470
4676
3280
6487
9583
437
3248
664
287
2365
2628
1388
1234
1814
6058
7121
3047
6129
9814
8028
2532
8955
1946
1726
8117
8344
1723
7915
8986
3472
3767
1328
4012
4228
6477
6515
7292
7865
6467
9300
8382
4261
5005
983
1483
7782
3433
7196
5173
4389
316
2251
9765
3845
1937
2029
5770
7913
5112
3185
1682
131
9185
4497
1492
6351
6814
7991
4463
9101
8208
9727
467
187
9000
1706
9901
885
1180
9132
7155
2279
1050
9837
8677
4648
6486
1267
5092
3225
8313
4692
293
4361
820
4894
1271
3206
5234
5572
892
6815
3019
3618
375
7148
5331
5146
299
7235
3121
3539
2882
3572
8409
1183
5583
2913
1427
6601
4441
7725
924
900
7666
7360
3163
68
6410
8675
3304
4883
8864
2835
439
965
5289
7226
7493
2359
5099
5641
1331
7951
1420
2249
9645
3157
5085
5288
7434
7460
3390
1971
9431
7420
7777
6879
5626
2155
5239
3347
2090
8782
212
6578
6260
1999
3713
4631
3084
8916
7594
42
3299
7521
6377
2077
5481
6657
5514
4486
3272
6309
5805
2418
3484
8562
6873
5322
1997
1886
2685
7665
175
6482
2003
4567
1840
5184
753
4941
3487
2038
4992
3681
8980
4572
5304
1571
4689
1644
7165
1437
9686
6247
168
2840
547
9469
4966
3641
921
7916
8863
4078
2542
9716
5216
2306
4912
5896
8719
2771
4542
45
5491
4357
2550
4922
6750
4731
5739
4395
3109
8865
5962
6966
371
1543
2946
470
1407
812
3673
6448
9094
4364
6313
1699
6275
9592
9651
6707
7540
6315
9311
1801
8351
9168
513
9820
4489
7073
3610
6039
4522
3616
7487
6445
6116
3334
986
9881
5975
7362
3934
4708
9781
6452
3601
5450
2061
1079
7030
6161
2696
158
9501
4967
800
2708
2261
8606
4811
9882
1115
6162
7983
6640
4373
2555
702
5961
3235
8789
887
3840
8899
4524
8310
6698
6689
1822
8441
6753
1244
8427
9697
698
1936
8850
121
5217
6986
3167
6834
2118
4043
9655
4704
6587
1101
767
7157
4237
1444
9587
4528
8695
172
9232
7408
7616
6937
4487
9709
1034
5348
2932
1953
392
1356
819
8107
6360
6789
2128
6859
9006
3312
848
4133
2829
6799
725
46
5669
3039
6412
2816
3126
5492
9282
4647
8416
5599
5694
2386
1538
8971
4130
7366
8734
5341
9030
2399
4570
832
7874
2927
2949
4718
9473
6731
1921
1005
5136
399
74
7350
4804
3915
1579
9666
4812
1010
9178
4294
3026
6380
2503
5684
2345
2739
4022
7799
8915
9977
4002
3434
7337
9603
8978
2459
655
7471
4136
5840
9071
688
9364
3339
7893
9605
7677
4475
7214
9069
8530
5097
8888
9746
6130
7208
8939
8589
8099
5227
7446
8976
6271
3551
6920
2175
8622
3962
774
5973
8994
326
1988
7107
2456
3785
178
5660
8241
1779
5457
2422
1786
8250
5282
5068
6658
2843
7601
8662
7720
97
9975
9859
3233
4641
9148
3486
2126
4291
763
444
5686
1410
9766
3744
7583
5211
3743
9553
194
3726
5737
4622
4074
8877
1619
7428
7341
2069
4080
7007
7269
1312
6350
9622
1665
7898
1366
5446
4825
4056
9942
2769
5992
5709
5181
5298
4324
3802
751
2998
8426
3759
3381
5799
9945
9908
3041
1834
3593
6894
2223
3263
3447
7793
2494
9507
963
4099
2803
746
6206
3513
2263
5197
8773
6067
1350
5852
2590
4994
1711
4995
1751
580
431
6432
2040
5252
4684
6845
2658
2149
6494
8127
2268
1539
1943
3871
7547
1754
2527
8620
7475
8765
6923
6922
7934
8251
8514
1746
5596
7617
7237
6495
4653
8923
8401
9770
2446
4092
1677
3687
2239
7319
4630
5839
1959
3417
6663
3095
6557
3171
8037
3460
3765
4725
3941
5513
4539
2378
4593
9711
4535
4869
9165
6652
14
264
4553
5909
2700
1815
1569
4793
3477
6386
9844
3497
7581
7997
5249
7637
484
4318
2111
5391
365
7001
8175
8065
934
4855
1425
5725
9853
3044
2499
8723
2232
3545
94
8904
2103
8962
5925
3346
5893
3648
3528
1793
7586
2039
5555
2477
181
4430
2788
7676
6943
1967
2159
3902
8807
6987
1856
3942
8193
9042
2642
9139
5343
3977
2189
9395
303
5838
3833
7459
2974
3619
4819
1570
2528
784
7361
6246
4344
6385
2349
7182
1528
8682
6967
5826
6527
6045
8617
3624
2981
3259
6501
9017
7760
2360
1650
880
3859
4365
8384
5482
4802
5270
2668
3266
4356
5834
340
4748
2478
9271
1847
2622
394
2085
3708
4671
545
1517
3794
2316
6648
9930
2804
7687
1434
6079
7086
4699
6703
9201
8233
6062
8086
4868
9161
1357
6212
191
1038
5153
7573
4548
8599
8235
4736
2617
4221
4179
3732
2724
9805
7
6748
8571
7282
2603
6655
8033
6630
71
8050
1767
8487
5395
6946
7771
4379
2176
253
3319
740
213
2052
3983
457
9618
2534
7532
2106
6598
5569
8640
2828
7843
9096
3158
5221
9642
1036
5722
4932
8363
1717
8499
1550
6867
7671
76
125
376
5869
7302
1151
869
9713
4691
417
850
483
2058
947
5563
4033
1348
7994
5199
9589
3027
3362
1083
9544
6854
1981
9346
8011
974
3508
5935
8828
9611
1310
1678
7854
3430
4766
1715
4958
9516
7794
1748
3741
3628
8742
493
8780
9801
3369
2273
3549
8873
8006
5201
472
8372
8967
3194
4032
2680
6935
6102
9829
7969
2687
9204
8997
5970
7526
9965
2577
8364
4857
5943
9121
1471
3591
8895
8761
8740
5802
6654
8335
9976
5168
2754
7429
1552
1927
7847
8557
9126
8989
5794
1684
5232
9969
913
2186
4413
4670
6650
7466
1098
586
8392
6528
3712
3924
9186
4803
9636
9973
7415
9318
9959
3873
708
9026
2960
7496
4970
932
8434
3529
3332
7622
8590
251
9363
6688
8897
1772
2381
2411
7058
8953
3132
8679
7406
1851
8592
373
9703
4266
6424
2809
9227
2906
2565
9895
6355
5930
1295
2677
899
4947
6325
8516
8920
2781
6695
1358
1142
9113
4035
1994
7205
5622
5881
7554
537
5244
3102
4051
633
9245
5290
3353
9388
9122
1130
7644
4837
1086
1714
8750
9092
89
3033
4031
4491
8497
3401
6791
6179
8938
130
1909
9627
7766
5772
6480
6855
1574
9064
2486
9036
8224
9084
3373
8280
6372
5578
8546
554
6166
890
4887
997
7136
5155
49
3374
4195
2595
635
8042
7392
582
9988
5070
8732
35
7293
8786
1122
5871
8034
4166
7837
3736
1934
6053
5022
9573
7906
1873
3584
9405
3403
5419
4117
7369
8161
2587
6603
2114
7044
2143
4860
5728
9220
2489
3410
8578
9237
2449
8152
21
530
973
1482
7905
8437
3863
6780
2760
4146
9722
1609
7316
8879
8018
3207
3289
4740
3617
8544
6600
5564
27
4732
9518
9354
6014
4792
743
3523
8475
4955
9302
3731
3524
4810
9304
9023
6107
6089
8784
8666
3574
2233
591
3174
4188
1836
2983
3032
393
6968
2549
234
8924
466
2517
2454
6733
824
1333
1430
6117
5646
479
7236
232
4507
5557
152
8763
3083
3210
6272
6094
3879
8796
9569
1770
62
7118
5293
4726
4289
5488
1112
6660
5967
8438
7068
1672
3098
1428
7488
9641
47
4668
3973
7078
100
6072
497
8721
4758
4077
8369
992
3275
63
372
5535
5387
6258
188
1835
5119
5747
8474
9510
9176
1949
3682
3062
7449
9528
3740
2655
4276
9164
1304
10
9578
9072
1399
6030
964
6157
4687
8905
8232
6709
4165
70
230
5084
8454
847
8326
4269
6335
6730
3757
6176
9893
7796
5448
6512
9309
804
4460
7967
2986
8131
65
1449
9991
1583
5603
6555
292
7723
955
4135
5285
3146
4747
5540
8702
7204
7940
3257
3990
1373
2694
845
5547
9223
9696
1436
445
5719
9430
6455
3313
9022
2424
2723
8836
3277
95
658
6620
9594
5442
3124
429
7803
7691
3966
7710
7636
2793
9714
7247
572
1759
6440
2570
8869
5425
1035
8847
1486
9493
7769
1876
192
9370
4606
319
6354
3198
3650
7416
849
5476
4816
3630
7271
5190
9715
1159
3010
2323
1025
2436
7014
2377
6807
7742
9926
852
9460
9818
6903
8457
2153
5769
6359
9301
3831
2037
428
9225
7751
5031
8223
9947
9403
7608
9808
5870
4555
3180
8785
7647
6488
6227
1227
6223
229
8570
139
862
7201
405
7584
5759
1026
4439
9541
3303
4407
1260
1919
7254
3088
5334
4019
2679
3068
2808
842
839
352
2873
628
9937
6841
351
2885
8882
9821
300
8180
2539
5884
6784
3762
4777
8112
4066
9182
5972
1891
4954
9045
2139
8733
677
3746
3575
4745
3655
7716
5461
2820
6346
7607
2063
4821
9840
2524
8827
4233
9144
1839
3786
4957
7922
5629
4181
8735
9272
3229
6032
5731
4349
3226
835
3769
1694
8623
5276
6305
4363
681
3605
6082
1691
4103
7334
6367
3022
4039
9591
9559
4556
6646
6100
8745
1062
8644
6959
1648
8240
4893
4329
541
1824
4903
2014
2706
4929
4129
9323
3882
2396
5314
4144
9350
5931
327
7082
9056
9896
2404
8963
2661
4205
2720
2419
5029
4277
7805
4490
7128
2710
843
5053
5627
1546
8912
3820
3853
5956
7257
3774
8612
6444
4488
8397
7546
5405
4781
4895
106
443
4723
1695
7094
8556
5795
3629
3357
920
9806
5761
5850
695
2301
531
8100
6846
4197
7745
7277
8737
7841
7457
5215
2884
9269
4336
1456
4658
4309
3844
7529
5060
9635
8901
4372
7074
3699
1276
7377
3105
7294
4384
7484
7813
5114
1496
1744
4545
2484
1219
8603
7193
3933
6020
477
3189
9600
221
9033
1947
4774
8598
5528
6636
3442
1887
6895
4320
8083
3751
939
6644
6180
2672
3471
7285
1196
854
2670
9248
7593
7454
1401
4645
5937
9894
3002
6026
6283
665
6751
7675
2518
2209
3358
8292
6340
614
6710
4852
1958
7883
8748
9342
38
3787
8412
5960
4494
4326
5712
2862
1892
5063
2759
7737
5789
8449
3690
5965
7150
3473
9153
587
4355
6581
6427
8566
8714
1590
2866
5237
2757
8402
1343
4399
9565
3600
6423
83
544
9954
7566
6576
7795
2229
9291
2523
6344
2095
7818
2030
7832
4045
8151
2225
2768
5733
4833
3903
2047
3107
2382
656
3018
1270
4063
2632
8970
3149
734
711
6183
4101
1852
4160
5272
2681
1248
8958
3025
6252
2535
323
8790
2888
4316
8079
5194
629
5860
1804
1877
4478
4227
6419
6683
3668
509
7655
5892
1298
7431
2976
4435
5102
3895
6443
4611
2437
3179
8469
8459
8759
7986
1229
1325
147
4827
6838
3982
7520
8258
4182
346
3352
6645
6637
1966
2083
6912
4527
4287
8822
1849
8541
328
9512
7852
1423
4125
1774
5863
5977
2298
4654
9903
517
7870
642
2905
6583
7651
7098
8969
7002
5701
6788
9008
239
4400
5192
9276
55
7730
7774
8361
207
1239
5484
1049
7866
2207
2791
9468
7092
7427
575
9086
8747
1942
9157
4714
3305
9123
1871
3375
2839
2980
508
6862
4437
5657
4841
3389
3874
9883
1827
3498
1765
7329
9458
7013
9358
1596
6131
7384
3515
9073
9500
1286
2698
9062
297
9053
8931
8069
7564
302
2874
3674
1337
8301
1956
182
6145
6574
3104
9044
510
7172
2854
9989
2701
6075
9224
4683
4904
7062
3331
3588
9381
1655
276
8183
794
1168
9136
8699
9830
7451
7278
906
6839
430
6729
2393
6121
6319
7569
5137
3459
8595
9952
4872
3780
5504
9277
7610
721
2392
9869
8540
6205
3092
2078
5905
4776
8269
9774
8671
3562
758
3843
2564
8993
3086
3030
3725
4295
356
9568
8354
8554
6567
3851
1647
5076
436
2635
6184
4180
8889
8016
2277
1591
2364
6041
1225
6874
4025
5131
3119
4163
7297
6976
3399
649
4751
4242
4930
6861
5855
9382
6691
9961
5857
8481
3306
6268
8170
7663
7314
277
727
4678
8551
4419
3692
3565
7804
4265
9286
9685
1202
6012
7167
5212
9196
5245
8593
6971
8966
5447
1368
1488
8604
8480
989
8820
8584
9108
9040
1910
1044
9246
2879
78
9037
5046
3100
200
6280
1186
2764
1281
3931
8015
8353
928
4623
206
7345
4744
8631
3768
9693
266
9396
6723
600
2211
2297
7037
4040
9788
4750
1097
8979
1623
7781
8814
7757
8138
3317
2895
7343
4382
237
3829
4331
4694
4172
7486
1806
4635
1808
4842
4480
1024
1842
6825
3517
2664
1925
334
9867
9992
1382
1176
317
9054
2086
1458
4122
2373
1039
5176
2407
3415
6038
2798
1231
2979
6980
9078
5034
3720
339
5171
5693
2270
485
4375
9753
1432
792
2137
1235
948
2018
2485
1799
1987
5020
1930
764
7555
3282
5966
4306
4105
7897
4681
7510
8056
1103
6810
3806
8803
4942
6738
7224
7694
7026
1757
403
4729
4109
3071
7886
4971
5828
8333
4241
6034
3391
3622
7638
4218
6086
6126
5296
2936
7621
5525
1944
6509
9205
5222
662
5897
203
5273
1280
9415
4844
9172
6999
4330
6040
1796
1933
8338
4201
275
9404
8106
7980
8478
3245
3456
5760
6450
9931
2280
7698
245
5160
7147
6830
8484
2433
348
5074
2726
8553
8681
9662
5259
697
7438
632
434
255
2978
2314
242
2488
4934
3976
9654
7726
9423
9133
9743
4534
8477
4450
4299
5621
7025
9634
3418
388
6774
3420
3059
7055
491
9335
8123
8951
599
1040
6775
6806
9412
1621
7076
8683
6191
4429
6849
3923
8254
2147
6342
9028
5915
4637
710
5662
9572
2098
3526
7701
718
1878
1848
4108
5598
4707
8506
8421
6892
6111
6016
6666
7882
9898
9803
750
3172
4018
2745
3718
3518
7046
867
3832
6093
5797
7834
6771
381
54
5715
2416
1573
6152
3640
3534
9491
197
3462
3020
9845
6956
7925
4354
5251
2636
6547
9068
9239
3140
857
9481
4925
6817
6175
796
3669
2817
5358
2663
7812
3587
8542
5398
4254
1940
1268
4270
8926
9319
8907
7552
9810
4127
366
4193
7836
8954
3220
5721
7035
8432
1340
9865
9503
2833
3672
9855
7264
4492
7455
7965
2891
1761
2627
8315
3846
9542
3680
1592
9249
8940
7942
9708
6115
5392
3046
2441
3142
5098
8947
8890
8496
5454
9534
833
9531
6617
1056
7284
4311
5847
6726
6801
8263
6944
1192
5624
4978
6437
2712
1996
6374
1769
4790
1008
3686
5635
9940
4185
9218
3748
4609
7754
1064
281
4933
2134
456
7161
6897
154
3066
4212
735
6403
7462
5779
1414
8247
6928
5918
7539
1922
7065
625
643
2158
2191
4168
5971
3243
6021
8182
5140
9700
1264
1393
8003
1379
5705
6900
8545
5174
7330
6768
361
1938
4620
8444
1027
9418
5402
1128
5904
6622
7376
8332
5187
1516
5958
2776
5899
5553
3811
5677
9494
998
2728
2971
5139
7170
7470
2941
3854
6737
7695
7626
2426
5618
3499
2920
5663
980
5415
8095
1776
943
9729
460
5706
3653
841
4159
5559
3204
797
5608
8041
5703
3955
5955
3939
1174
6363
6349
9097
527
9795
6608
1380
9297
8348
904
4862
5109
7857
9732
615
3061
7123
4346
247
3960
5061
7144
5875
8245
781
9513
1965
8491
7945
3510
4157
1489
7844
3035
9868
3709
6836
4235
8486
3464
789
4538
1447
1598
1007
2515
6639
4398
8379
8659
3992
8753
231
9813
2282
8260
2055
2178
3550
124
8157
8071
7218
358
1060
4325
9362
1211
6735
3892
6754
8350
1540
9060
7371
3573
9365
6172
5597
1525
6456
5544
6393
8567
8149
8520
6441
2631
4814
8322
395
1266
324
9935
4797
9212
6279
2120
969
1495
7845
8406
6681
4873
4509
288
4950
420
3936
9273
4886
9658
1216
3301
1394
5370
8340
7166
9360
2342
9065
2814
6074
1667
5399
34
8673
1081
2352
4319
2286
8164
1729
7559
2087
6518
1396
2312
5172
4202
19
6693
8098
461
3938
4141
6076
3979
6984
7089
9888
4260
1335
7875
4247
9599
2964
8017
4764
7907
2682
5016
1332
3637
4921
5813
1903
1503
1419
7349
8694
8105
728
8299
6229
6623
5320
8304
4009
9835
225
4253
8891
5110
972
7648
647
8504
9299
6580
9688
449
4427
1238
3555
6618
7595
6091
4250
7721
6439
4652
2348
4438
6024
8186
4896
1205
5600
7380
2172
5723
5927
6875
9260
7597
9351
9639
8619
1481
9537
2918
7941
1442
386
3269
6361
325
8102
8995
1651
4741
9580
9255
7509
2335
7370
5254
1646
3183
6042
6832
8238
4962
3803
5981
5846
4353
2269
7306
4498
6099
9024
3860
5602
1854
447
8429
6232
3987
2081
3251
4918
6255
6593
478
8446
2857
3929
2559
1392
9664
2842
7433
3980
7531
4220
2245
1000
9555
7100
3191
601
9514
4817
3260
2072
9922
9734
7680
5413
7227
5777
6090
1897
1012
549
9440
6169
7519
6394
382
5180
2746
2756
557
2893
4391
603
9521
3778
2580
7280
6013
1905
3556
7240
8875
5825
4072
6793
1139
3470
4088
6570
5638
5906
150
6098
7034
3784
9397
2815
7973
9856
8823
7259
3747
1251
569
5247
9705
8215
9366
3804
9034
6435
4960
742
9802
9884
3864
6000
5615
4569
6105
9001
2244
5317
3252
8743
1721
2065
3589
7304
4225
646
4911
1321
296
2899
7206
4540
8394
1342
7634
4666
8309
937
8918
8855
7041
6530
1866
4038
3181
59
7958
1753
2660
109
3788
3791
1809
4374
2432
9985
4423
755
4049
3475
4147
946
9917
3144
7690
2908
4592
8119
9735
4779
462
6364
4533
9787
3136
9050
6196
3527
8290
6921
5866
7576
5156
1171
5105
8415
5303
4262
9005
9504
8577
637
7591
4224
2227
7440
3745
41
13
9135
7972
5993
2737
7403
414
2758
4885
133
3566
8072
9274
7008
5295
4997
7995
2379
8227
7896
5565
1669
5537
3569
4091
2654
8728
1728
421
6969
5648
3292
6994
8488
1309
2738
6236
7156
9214
3182
8661
5538
5151
5898
4199
4217
6083
9913
5275
1013
6765
1983
1636
489
6803
5573
9247
2188
1628
9095
9610
2770
3825
2779
6154
5697
5568
2317
9838
4300
7827
3899
5833
7596
7724
5090
6065
4977
2851
7016
9526
7458
9653
8038
2105
1114
4859
4518
7212
2830
9336
6242
2148
1941
1262
1453
6786
4256
967
6744
6177
9910
6745
4646
6565
3178
4784
2206
7096
6036
4267
7262
7174
9667
4003
7618
1218
3691
8174
6078
6887
8293
9549
4863
7456
115
1673
5466
551
1043
5784
5867
2625
406
641
8
5616
5552
9786
2898
3792
1204
6951
2585
1078
9996
4685
3097
3454
2572
9305
5659
6046
5678
289
2409
8110
157
7747
6741
9630
4794
5502
6097
1389
1215
7606
3886
6835
8757
905
2292
6692
5347
7395
9041
8909
9480
8633
5676
577
9138
5688
9857
8088
3968
8013
4875
7964
945
3918
252
6983
7126
9091
6800
9334
2210
8996
9333
7230
5210
2074
7840
5549
6844
8185
6684
2000
827
3693
2598
4861
9089
2955
87
3007
8583
1198
3349
6379
5246
9219
5665
6165
5493
4381
2969
8297
1364
2897
9149
793
9949
7238
285
7673
2594
1534
1387
4454
4209
117
4621
1795
2930
7332
5186
1810
5901
69
6871
248
9371
4698
2185
6701
7015
1777
90
7831
4650
2237
4377
2169
620
7099
8431
5316
953
1317
1843
699
9102
5463
9159
9253
776
7365
7117
8787
9451
6717
1136
8347
2796
9863
3117
7378
9672
1535
5057
6156
1750
2605
7243
9262
6141
1880
6243
1017
3412
2747
6958
9994
2256
4956
525
6103
4236
1067
2190
7599
2021
8388
1979
2561
7877
8655
1978
9624
902
4134
5403
6324
3553
979
8464
4453
3876
623
5145
6865
3281
5475
8698
9116
3561
8020
4771
3865
5321
1908
3247
7985
7553
2401
6677
5104
3028
1490
700
3607
4026
4735
204
1023
684
7776
871
802
9582
1898
1397
7904
3870
354
1696
6532
7670
6170
1952
4554
4551
5790
6384
4342
4047
9809
6975
6001
5921
8762
7602
4927
8027
7624
9691
6529
6833
8645
6348
3866
7188
1282
7151
2657
7320
1864
5313
7914
5236
9938
2767
775
5968
5655
4512
9726
7085
1771
9200
6506
6318
595
1661
476
2439
1148
8030
9807
6934
2138
1743
2123
6616
163
8169
3889
7300
1768
9353
8172
1468
2007
3525
7213
5487
6571
2313
1783
173
5079
4006
5073
5632
4457
5021
8085
9523
4057
9661
4975
3696
9687
1070
254
8231
5123
9717
1830
5754
7762
4380
5437
5310
2693
9739
6699
7786
3781
9866
4989
4131
6254
9443
8676
8587
7181
7947
9615
3752
7310
1792
5117
7179
6756
6264
3103
3631
9944
6483
3887
769
8548
7177
3129
3271
9849
6181
2752
7779
9374
5422
8568
4234
4412
3789
8057
2272
3268
4351
1254
4408
3091
3316
3583
8615
2253
4788
8450
719
5530
1749
1603
5922
9373
2391
1223
7355
5902
7977
1510
3897
7436
3754
3244
4619
5566
2340
2420
3595
5000
6940
9236
696
830
3145
2812
1347
5699
5384
6686
6142
7507
488
4749
1536
1560
5228
6831
4600
5467
9221
9417
1912
5067
9012
9283
9606
7283
9914
6556
6973
8414
5116
4979
922
2847
7811
6119
3315
2507
48
8236
1195
7233
8262
4700
5344
6706
6022
7088
6399
1166
4767
3827
3958
9525
3221
4271
1118
6548
1402
8766
1285
2538
7962
9519
9422
205
2413
3581
3817
5520
6713
865
2574
5845
9111
4815
3694
1823
6056
389
651
4192
1518
4832
958
413
474
3621
2493
4920
855
801
9445
3211
930
2450
9842
1692
4014
4036
9043
501
2062
7652
4338
3294
4625
654
9090
1107
5069
4095
5752
9833
3579
5574
3392
7859
809
3327
5059
110
714
9482
6970
670
8531
5205
519
4519
5418
9250
2346
2444
263
4770
6991
9540
5586
377
9757
2790
5683
9769
9839
3064
1718
7784
2856
8283
8961
9290
3675
2133
5281
2108
4730
6938
7661
1896
5543
2161
3195
4174
5118
1324
7273
7662
1418
5006
4446
8064
8385
301
8073
8265
7052
2732
8535
3533
9434
4526
5735
8741
3717
2250
875
8405
5008
605
282
3309
692
6137
3790
4537
3385
1149
3177
9614
6150
748
808
9723
7191
2173
6853
5039
6028
4303
3974
2775
9191
4153
8089
5836
584
863
9337
6055
2192
6781
3894
7653
2611
2931
5643
3186
5811
4466
9083
657
6982
1698
6842
448
8012
2427
9173
5864
438
9110
7211
2318
7705
3861
8716
1913
2948
8774
6479
4854
5786
4743
2912
2646
1505
2201
6719
7358
3716
2463
6675
6263
6123
3378
9115
663
9920
4442
6371
6408
5776
6023
8314
6996
9831
1859
3801
1521
5512
23
1390
4079
6481
2339
2586
5763
5038
4259
2638
1228
818
8826
4709
9508
4456
8580
1833
3264
5746
1047
2400
6752
5264
6930
1710
378
7115
609
8035
1123
1663
5716
4139
7692
7889
3367
6471
2925
398
8507
1336
9459
5729
7482
37
2541
6826
2911
2717
295
8207
7713
8047
6050
8964
1497
5013
5360
5066
463
8061
7810
8824
7173
7702
996
995
9181
1610
5052
8255
7308
7311
8857
5680
7824
4097
9780
7632
6029
1709
9995
8703
5533
5135
8197
1006
6303
8688
3755
3536
5792
2152
4204
2226
1220
8039
3139
6595
3314
5383
7568
3431
2615
2807
4908
882
1241
8111
4068
6476
6054
2513
2198
6060
7185
7545
5371
233
1096
6323
2789
2374
53
9209
3984
6302
7498
7536
7149
9983
3408
1032
7970
896
4274
3279
7700
5928
8775
308
6484
5132
4470
8509
536
9750
6285
2501
7987
6138
5427
6591
5587
9207
5886
2466
4465
5416
8928
8393
4643
2519
811
3520
1686
9718
5308
578
8259
2429
7216
153
8482
5851
5853
1478
4601
4571
1634
3137
9477
8829
9268
1547
2926
177
3364
2865
901
4915
7712
3138
8433
790
5969
3219
1033
1133
9692
1703
8418
7359
7328
268
4876
9416
8084
3215
2797
3278
9013
7351
5218
4608
2276
7070
3448
8337
4422
8125
39
8685
6931
18
1144
8696
4590
7856
5250
5742
1208
2610
9956
1284
6436
7758
4604
8000
5529
9694
8357
3110
5707
1586
9968
2336
5604
1760
6353
4596
9170
5062
359
6489
2372
5191
5590
33
6073
962
5611
1054
3604
1117
9367
2035
5444
4154
3868
559
7442
1157
22
6563
7968
5335
3830
8893
6850
3548
3884
8524
2020
8120
7842
7003
7736
1124
4393
2878
9267
5650
4943
7381
8586
6670
1775
5268
9536
344
9764
558
9372
5946
9390
5829
132
5103
1998
3060
2988
5947
5150
9754
2174
910
4890
7516
3253
4849
1001
9497
3729
1066
6697
9498
2304
81
9548
5854
5195
8508
4846
3623
5859
5087
8624
1287
2024
4332
6113
6069
3443
6964
2307
5169
8618
5548
3775
2129
2405
5375
7527
3202
9597
5292
7788
6950
8081
2131
6896
4746
2271
4909
3558
3485
9852
5065
9345
2522
8445
4996
7772
3017
3678
7056
6820
4594
2117
518
1975
5692
9585
6265
280
6778
9725
1345
512
5830
7948
2531
1911
1618
1361
555
9906
759
5570
6759
9261
7966
7500
427
7763
2099
7902
4510
9897
9020
3153
2785
2937
2196
7989
1537
5274
6889
1161
3906
6868
5508
6171
9195
7887
6238
7623
8500
5654
8638
7808
7160
4189
2328
6326
8471
8066
5219
2801
4807
1519
9326
3001
7012
522
6197
1184
2452
1022
2987
766
9088
2414
7641
1690
4703
3273
777
9925
515
8375
2560
3466
4716
2295
9217
9724
5736
9432
1075
9329
994
151
6888
1307
4059
2975
5980
4061
8832
8212
3340
1860
6822
8080
791
949
1367
273
1604
2051
8991
6433
8113
3188
2469
9171
5365
5037
1790
9546
7309
5953
6256
6490
8752
636
4914
771
6244
4946
691
1788
3478
8190
4879
487
8022
9410
1240
4158
1504
2319
2578
8451
9875
238
9152
5050
9424
3057
5058
3959
5389
8582
2794
9957
3913
8772
542
6200
7393
7095
2985
8690
9902
2749
7642
3521
2963
3324
1515
2230
3945
6002
1850
7447
283
8456
3414
2521
4773
6634
2624
6009
8941
1758
1412
9946
5964
2026
2032
950
2388
2034
5082
4836
290
1212
5876
2838
8870
4401
8103
8630
1555
1191
8778
480
4239
8261
1226
1257
1221
7252
8248
2601
4988
5179
6664
3343
8294
9463
982
6469
2218
1957
267
2750
9951
5111
9114
1932
2113
9471
2619
1616
7379
2730
3646
6613
2571
7194
1567
6378
606
3855
2853
9950
4884
6168
4500
3372
5355
3659
2634
8200
1463
957
9444
6828
4455
7059
9228
1290
5673
3127
2544
3370
6511
1477
4138
6460
567
3494
9280
1821
1825
9
7336
5441
8609
5235
912
6033
3437
8910
9240
4695
2520
6425
9632
4602
4121
7249
761
4255
2604
7685
6635
9817
1090
712
3828
8121
8689
4823
7364
9356
7600
1872
6667
7452
2228
9683
8489
9254
4505
846
8054
7565
2705
7560
9939
5356
5913
9048
7327
6863
2402
4693
1179
2498
8104
617
9554
6207
5523
5280
9154
236
2967
7057
3150
6918
5542
5521
2445
1889
6095
5093
4724
1831
387
3450
8887
3118
6210
9162
6625
806
3413
2284
3749
5601
3435
7251
6872
3192
7722
4597
1296
7474
4432
7031
6185
6395
5666
7918
4820
6382
9327
380
1617
3322
2258
3265
956
9928
1480
3706
3758
745
104
4310
8410
7800
9070
3559
5161
4030
2928
1888
7404
7383
8368
3042
3074
7122
1945
1719
3814
9979
6926
3783
1213
731
4110
4651
5075
5939
8150
8004
7835
174
9376
7398
8527
1188
4232
3531
8777
1201
7868
6339
8177
6749
1466
3912
9369
6222
3838
5756
2909
7414
8062
1514
6336
2491
1700
5815
886
2262
5297
3597
8137
6858
8380
9142
4360
1037
3394
6211
2977
3679
9213
8781
2582
7348
7021
119
4443
7820
6519
2442
2156
2742
3222
9294
8579
1561
9112
5202
4520
7018
6525
1030
2275
3849
4898
1381
4119
8483
3276
1278
3703
2653
3916
5999
6672
4874
1762
8515
2526
3395
5025
2001
2637
604
8701
8203
5978
5019
179
9179
9981
8647
8019
2163
7425
3697
9720
9790
4100
4791
5377
2202
7113
9169
1811
3311
4968
6401
6301
8129
6233
5963
9681
6963
897
6304
3209
7864
5585
7083
5319
5656
3469
3585
8101
1582
3998
5837
6510
7435
3125
159
3779
668
3330
5049
3318
8114
8937
4468
5077
7909
7960
6989
8845
5984
2583
6310
1052
5744
8585
4532
9878
8809
8428
3750
3639
6541
2852
3348
4451
8605
7699
4531
8239
8758
6188
1279
817
7307
787
1
2886
7734
8465
1963
5536
5808
3911
2076
5315
2043
672
6337
1731
5912
4293
1612
6690
3201
1526
3111
1261
3994
6960
8512
31
2695
1132
7175
7696
2581
3382
4230
7582
8667
8460
9552
9263
8306
4084
4222
4328
5885
6813
2141
6902
5667
970
8266
8985
5816
51
1121
9958
4444
3212
66
9129
7778
8736
5426
364
9180
8407
574
1091
5353
4151
3190
7473
4376
4506
2384
2735
6890
2119
8711
8616
2734
1602
8927
7209
7551
9059
7629
3360
1643
36
4073
3441
6554
3658
9756
3168
6715
8237
8945
4417
190
8463
2608
9964
5636
5040
6277
3444
9887
2648
8946
5844
2957
9759
2602
5185
7158
8738
2727
7689
6624
6018
2870
5914
1781
9383
5518
3972
533
5269
9082
6876
2417
7399
2367
3928
7443
3474
307
2990
5710
7386
2380
3446
330
7910
4118
9900
4404
2686
3085
2357
5888
6135
433
8664
2011
2408
7630
4116
8930
3116
1119
2901
2511
8648
8153
5394
9166
6790
3807
2593
6596
2553
5204
1175
7780
5165
9357
744
3386
3900
1664
3685
2502
5806
2584
1520
5459
2540
1982
9462
7511
6742
2688
335
2028
2208
9891
5302
1095
2031
3365
9889
6559
3944
4283
93
126
782
5894
1359
7971
422
7589
294
5312
8597
7490
977
5271
450
4536
306
1874
3040
4603
9406
3079
6295
4210
9905
2600
7450
8055
624
5340
7072
1960
5652
5887
5711
40
6186
7472
5609
7822
4028
5567
4132
454
3582
6317
1355
7668
9751
8788
8204
2968
4240
6725
1870
8442
2167
5359
8792
8473
8636
7184
1415
2573
9577
9442
7255
6531
2254
622
9117
2406
773
8367
5458
9843
9702
7567
2259
1707
1845
9352
1072
7571
2278
2591
6916
7640
6740
9579
2725
1674
262
5033
9266
2171
397
7492
5496
1652
7215
244
5959
803
8502
9308
16
4599
1576
5230
8319
2221
5874
6478
408
9596
8346
7239
6840
2831
1498
1544
3298
9063
220
4308
164
6228
3496
2132
9567
4768
5188
6331
2921
907
1108
9620
915
2547
5462
2294
435
3411
3847
9488
8999
5691
944
826
935
8176
5483
7505
6743
6491
8023
5924
4296
6195
5023
7388
1129
8014
6711
4677
1857
583
534
3633
4378
216
3710
823
92
6785
1509
9055
5278
6204
1654
6516
9824
8936
5645
3336
5468
1041
8135
3602
6004
8417
2242
3500
9621
4034
7485
9258
951
7611
7863
9626
143
4830
9782
5766
4577
2778
1914
6716
1846
2350
2729
3388
185
9449
8274
1902
8868
1185
5229
7040
6214
9019
3397
5213
6402
6257
9970
1105
1791
4665
9007
1853
2
1740
3113
3721
3416
9414
107
4411
3910
6155
1829
1383
6322
4756
4477
6504
4864
5819
2337
3133
9990
8458
1722
8389
4573
2826
3240
5404
1865
4264
6945
1977
5154
3287
6757
4219
379
4961
6015
1293
2145
9215
8858
170
4472
3377
505
3052
7508
6104
2104
8271
7005
3711
2496
9517
2183
9794
9784
903
4686
4268
9100
8528
7033
1082
3857
4667
4152
2064
11
3663
7210
2896
2597
6096
8040
9391
6400
2537
9188
7143
1222
3216
3214
881
2940
9850
4359
404
3371
7373
5267
3796
5393
3538
4973
1236
4808
8574
6954
7432
465
4050
9607
7873
8452
8136
9791
1928
9545
3326
6544
2514
2919
5307
7575
3638
298
2110
7518
2744
7195
9120
5147
959
7525
3714
1073
9798
390
5435
2050
9827
9933
8288
4102
5801
3
1341
1631
1042
3148
6782
5479
9295
4093
7697
5494
8660
9812
4424
6661
6599
349
7678
9997
6392
6772
736
2525
2415
6705
2703
2872
9306
8533
4948
6914
1558
8329
8300
4587
5420
1138
8383
7342
217
3200
851
214
2516
9394
4321
7164
1907
7728
7231
6932
3354
7732
5242
5614
6979
4813
4410
7850
3734
7664
3570
8134
8142
6633
400
2836
4447
1879
4386
486
8602
3155
315
4278
208
7168
3154
2059
2465
7959
4733
3773
7741
6796
1004
4969
3730
8493
7352
29
9819
9447
8973
9321
7171
9420
2010
8932
2883
7423
2448
4583
4985
4578
7674
8199
6415
5995
5505
4307
6864
2665
4128
320
1627
1302
5367
7000
2434
8841
7296
6553
5994
1203
6513
8610
8252
7080
7789
7761
2671
9904
7683
7814
2751
9778
4926
3813
2970
8933
2331
858
2308
7469
909
3917
5908
3957
4467
2997
43
6955
7711
2777
507
1756
8281
7145
6641
7604
8572
6998
2260
9032
9721
9235
8498
4856
402
4434
1816
889
4390
1784
309
8852
6298
4710
785
8972
4474
6352
1712
82
7400
3985
8629
1275
7549
2806
166
3152
6910
9427
1408
6293
7682
8749
7891
1230
9953
384
4214
2296
3151
8166
9163
1680
4628
3961
6680
5982
5451
1459
8657
8267
4339
2772
8184
573
274
9226
3809
798
310
7952
7322
1479
1406
4564
8894
5241
2934
1985
4186
3656
2458
3241
5718
4162
8320
1046
2863
4959
3671
240
4183
1443
3387
8284
2056
6390
5166
102
7524
7830
171
2255
2958
4880
8950
6925
9361
856
9467
9341
716
2944
4530
7503
9475
468
1764
6949
2394
7534
762
1232
6763
9816
7860
2203
3338
816
313
6199
6898
2127
1666
9675
5951
5499
8794
652
3920
6122
8472
8518
1150
1181
8815
6629
9673
981
1923
7019
1106
568
9257
2013
9771
6312
1766
7541
6163
1797
5091
6473
9978
5661
7064
2291
8526
8968
5183
5339
4515
5527
6405
3822
5986
5390
4213
7574
3141
9966
524
4999
4282
1973
2942
7858
3452
3580
639
5690
2811
4371
3839
5364
4560
4058
4298
7039
1841
8871
3715
4383
3522
9923
815
7829
227
8144
8830
1622
4449
9963
8746
4617
2368
1160
8210
834
1145
4690
5726
5788
4840
7667
565
2089
2124
7825
5695
9150
6795
6397
3885
6805
7537
4335
5436
9719
6761
2054
627
8461
2643
3667
5410
4541
6628
6404
9710
561
1291
7614
7920
6818
362
1725
3143
4986
5821
9080
3344
9629
1374
3295
5456
44
9031
9433
4765
616
8693
1585
942
1752
2704
5989
2243
9657
9377
666
9495
3738
1352
9103
3922
1462
2461
8327
8256
260
8234
4415
7483
1147
9767
8093
4433
4801
552
3308
3914
186
4624
9539
3288
1798
5987
1487
694
1461
1292
4290
8884
8804
8751
4367
3541
2177
2252
6387
9643
9198
535
3432
5581
9339
5843
1615
5620
1391
5771
7186
7513
6146
7331
2889
588
602
3325
5018
7270
1113
5787
4638
6536
8195
6886
7609
7390
2353
249
7467
7901
5026
8286
3557
3341
2887
9312
2755
9758
1511
464
5231
4409
9695
6063
2154
2802
925
2875
8791
3810
6451
1099
8220
9485
1104
6421
2740
5591
7773
8312
8424
9004
5944
2711
6605
709
3652
7418
9047
6760
4834
1838
6993
4674
5628
7430
6237
2849
523
3890
8649
7032
3402
113
7833
64
9014
7999
1197
9061
218
829
9049
3429
9476
4712
5388
4440
7862
2322
4822
8805
7146
2972
7649
73
5724
8727
2397
6311
6764
148
4789
6927
9637
2943
4660
357
7753
7872
3106
6577
5414
9744
7101
5469
1363
4867
9344
9183
2071
9699
7245
9748
5372
9690
4591
4616
7592
7419
5323
6388
2195
2293
3975
1365
1867
938
2736
5452
2505
8965
5849
5277
5460
6362
1164
4916
6357
7189
8196
8082
6611
2844
284
441
4143
9656
5043
6101
1152
5957
4226
3012
914
1976
3457
9561
7681
1265
6746
4416
9229
7324
4484
6035
321
724
9841
1403
4513
4120
2066
8377
3036
5007
9407
4662
3543
810
3805
7303
396
7974
4362
6829
3096
7735
5002
9825
9251
2545
4983
4633
8981
5423
7943
3888
2121
1068
