2717
1439
9849
5372
389
8809
9264
9151
2792
9907
5950
6333
2763
6003
1162
7154
5294
1038
6136
9050
3318
2854
6797
8286
9474
4329
6617
279
6602
4054
4304
7060
9403
9508
3740
8241
2390
228
1102
2578
8134
5999
1964
883
4123
6049
3238
6763
9897
4717
8920
1478
2966
6329
7777
8703
6008
5149
3731
4080
3777
98
4696
3488
5035
5459
7703
2212
4874
1808
4690
3992
2982
3250
2490
290
33
2502
5656
2638
4610
9455
2049
2995
6639
1293
1417
9634
8910
5154
4256
8726
7395
6215
9486
624
8346
9529
82
9198
1634
187
9949
6272
1125
3133
9031
224
5804
6954
2143
7423
1412
1760
2465
1777
8296
7884
2331
8751
3793
5337
7054
1643
6836
7278
9484
4173
5850
3181
7312
332
4384
681
4335
9343
5974
2432
3588
5237
4819
7768
9791
7740
5695
3614
2158
7809
3313
3854
3560
4311
5436
4498
5543
7305
502
8664
1277
1339
7980
2474
6407
6326
4190
1204
2938
9771
5778
6097
4531
5098
7589
7495
4850
7612
8887
7708
7864
4872
3349
5989
5491
3053
7366
7277
446
5271
1315
3058
129
2691
7947
4883
2634
6083
3213
3319
5675
3559
6856
4430
7607
4473
4943
53
315
9494
7918
498
7170
6428
2108
7391
2689
5169
8196
2202
9550
3669
4007
2541
1260
2957
9221
5952
1343
6657
1018
4442
8469
4644
2365
6303
1689
9131
772
2017
5787
6170
5829
6310
3310
5790
5531
3370
4650
9504
9587
7792
2319
4347
7889
9476
5905
3932
1855
4294
8482
2030
5984
1245
629
2497
9772
4470
2696
1757
5587
5889
5511
967
7585
5424
1624
4942
9534
1780
1787
646
632
9043
9356
8364
3361
7178
365
8816
820
283
9750
773
6663
7571
6653
6757
9315
7096
433
9401
7267
2882
2310
1879
7074
9815
1358
3804
4476
1816
8965
3087
9848
2149
6749
2829
8048
5213
7160
8632
7298
5497
8631
1930
539
9502
9048
5947
3154
8221
3347
7173
4794
9069
3295
8780
1522
4471
6122
696
3908
6720
2176
2784
3979
920
7500
7734
6436
9360
2928
66
5254
4305
9789
9394
8017
1620
5248
3171
9786
7888
4300
4523
4852
2209
6254
261
2306
96
260
2446
8823
3781
9927
4875
4909
7929
908
1289
909
7742
775
6471
7225
8811
7659
5774
670
3975
6148
6130
805
7431
2499
2236
4746
6114
8082
5677
1491
667
5276
8830
7361
6338
1909
1456
8655
4219
4236
3864
3202
699
6359
9845
3508
6784
4720
6133
9197
1174
3469
1202
7192
7793
6337
7600
5130
8559
2367
4188
3811
9335
7139
3015
3244
4278
7008
2517
7080
1533
9055
9417
9767
4736
686
7172
3958
7641
9692
7419
5265
6848
9303
7623
1241
1410
706
5489
8926
5316
131
6058
878
8723
5678
6683
5651
340
9920
2772
6031
7856
3283
2436
2405
368
6086
1874
22
3535
8366
4958
6701
7208
3775
45
1088
476
8822
4128
500
8713
4169
8374
8677
1747
8370
2783
38
4201
9217
625
5647
4691
5802
7828
6203
6691
2543
5332
5120
8708
8099
1548
4812
6885
1516
4575
7457
8598
7398
1899
4411
2781
2163
6150
7989
8278
7232
6335
2096
6266
3160
1468
8190
9432
4333
7034
5493
8105
457
7223
5791
6047
360
5610
480
5700
410
4741
2703
1364
800
3069
9739
4725
4797
8171
6865
2130
6580
3460
5204
3500
9310
3628
339
7738
6740
2871
9046
604
3489
9206
7063
6908
8231
1811
8702
4804
9775
3640
3547
1749
4596
9409
1100
4547
9106
2943
3226
2210
5644
6613
4811
5099
7927
7433
1537
8318
3699
5995
6515
7699
4593
598
9889
7042
9800
8731
9972
5067
793
9009
5898
8987
3944
409
712
7796
8229
3684
911
3957
6556
4997
1574
5542
994
2608
9718
4939
6258
2793
6433
5124
2006
7339
268
9456
7934
4213
4546
3969
1133
6378
5643
1091
9259
1366
5176
4149
1646
718
1939
9856
6040
8949
4649
9653
9828
6798
4332
9734
338
1402
875
7450
5563
9199
8121
8245
8998
4503
4448
2240
9712
4414
1544
5934
4395
1394
8481
725
9305
1159
8575
3260
4796
4743
8771
5073
5794
227
5160
6678
7175
4587
3521
6501
4764
5077
1488
7345
3170
3705
1597
5353
824
4885
7370
781
5235
4061
403
7628
1201
4817
1007
9440
201
140
7548
5468
2524
851
9501
4244
5687
9908
3485
4733
7462
2588
2430
7709
5874
6153
5679
9444
2857
1325
4360
5222
6079
1726
8181
7895
507
2909
5009
7276
7376
7239
1247
3018
8413
974
3884
3197
7235
4600
9840
3231
7204
7326
7887
3779
3094
1834
8773
8052
7545
8595
2848
7206
7162
1606
6553
2626
5933
7332
178
2875
2102
4941
2532
1337
2326
6860
9139
8462
5670
6175
7712
765
9457
6209
1286
953
6943
5861
8112
4385
618
2718
3268
42
7627
7846
8609
7701
6541
3879
3627
8437
8159
4551
6112
485
353
859
3457
3225
3380
4382
2125
5724
9820
1825
9381
6567
4209
9100
7880
4053
2523
6372
2464
6773
6812
8681
6543
9632
7069
7760
5835
1496
6940
4514
2061
5982
8208
2824
2879
5976
7977
9057
2726
8754
7488
3354
3210
1221
4570
3850
919
7311
7764
5478
3528
9257
9471
2105
4401
5425
4289
3125
2547
7992
9953
724
116
5240
7136
2520
3887
3130
1371
2613
5368
3013
357
7823
4598
9519
9074
7613
2370
24
7061
7513
6568
1483
3642
6578
7086
8738
1926
6363
8815
9941
2860
4026
3572
3861
3459
957
1524
7739
4010
9901
1342
5196
4734
7814
7426
1017
4282
1441
6656
7773
2837
3177
8358
9341
2312
5793
6987
658
3135
8072
3985
4601
8722
2249
4125
692
321
7384
8252
6360
447
685
391
8945
2660
8685
3050
3104
2893
9371
7479
9668
2894
150
180
8536
5771
463
7719
9986
1789
1764
35
7244
9620
4296
1807
5156
3123
8158
9134
566
7340
6491
9387
1766
2201
9162
4336
374
5419
4451
9241
5960
2252
3003
3561
1368
3052
7900
267
6218
455
6102
7466
7057
3909
6588
9654
8752
1814
6564
4098
9939
5163
7393
6681
6023
2835
4237
7283
3647
5760
8495
9340
864
3606
4892
7924
8667
9545
4144
9076
5315
4308
1505
7029
4056
7453
2911
5607
8269
7648
6538
3550
8597
3544
4705
3530
1278
8988
7020
9422
9503
8753
8259
7960
8761
4661
7477
481
5659
3678
4798
8878
2669
3504
3856
4750
7953
8377
5541
9267
2728
9602
6853
7334
4321
6975
9079
813
5033
3093
8013
3346
9852
5725
3889
5951
7013
2516
8954
1851
3199
8271
6015
2177
4199
5347
662
6205
8820
8468
8508
192
8614
6344
1016
5102
1679
6247
5807
2677
9174
2246
4656
2170
2646
6785
4678
2113
7654
3280
9651
2616
6005
977
5227
2172
8564
5576
7722
2912
5498
2316
4351
4662
7717
2702
1298
3820
3194
553
4050
4078
3749
1175
2930
6666
6345
9797
2704
275
5940
9465
7778
2819
2513
7184
9645
535
9795
1566
2162
1589
6380
9030
4161
4539
8115
1480
5119
9913
5329
3113
9165
5040
4462
9081
223
4858
3249
2794
1424
5538
1495
7937
8515
7021
6983
8679
1538
7297
5038
9872
27
9733
3203
7430
2991
3667
4055
8798
2456
3279
7987
3876
1837
2062
1400
4349
6270
3763
1563
142
3502
2910
5603
9152
5023
9480
573
7372
4701
4825
4227
1137
9498
7903
9338
9127
2622
7214
4020
862
6298
499
3622
6099
7732
1336
5341
9094
1082
8251
4783
8186
1933
4264
3846
4372
9720
7936
4019
3977
1208
7016
2891
8223
9714
4416
897
8705
3441
472
1037
2936
2451
6160
415
127
3592
5770
8203
4830
8925
4659
1168
835
3893
3
672
4182
3598
8522
9918
8630
2652
5848
405
5598
5971
7551
3683
250
8094
1638
6085
7752
9837
319
3868
8360
3703
8138
9037
529
6991
6672
4224
9850
9515
2085
8443
4478
9001
6400
7302
7420
5745
9488
8452
3255
6988
8693
1560
146
3857
1140
7010
3375
3741
246
9064
5464
546
3438
8929
5219
5011
7403
7749
1357
6652
8577
3990
3974
2984
6861
6913
832
1119
4460
444
6924
8959
9307
215
4821
7092
1458
9334
6594
5445
3423
3256
5226
7295
5900
6661
747
714
3859
3564
552
5561
1213
958
8333
8061
1139
3807
8003
8156
3848
6557
1547
3948
4781
1521
5708
5830
3220
2120
2276
6989
2610
8627
3416
9200
3484
7682
3286
8217
2016
4234
7820
1729
9283
3801
8101
4604
2650
2033
1246
8697
664
1332
4159
659
205
2667
9195
669
8234
4424
9995
6995
6147
3924
7966
9697
2668
5781
3112
1527
6952
2183
1998
4545
9798
6126
1647
2053
9020
4363
2953
5555
5882
5165
764
356
1108
3665
6864
3486
2103
3619
8006
6808
9544
15
4702
6140
1225
3364
721
4714
1986
6851
6328
3816
8813
6554
5351
7284
1594
5004
1486
8180
8119
1713
9475
4715
5936
4647
4745
7290
3710
3178
9661
9201
1716
7939
4070
4279
5374
7791
5707
467
486
5460
3417
558
7371
2083
8765
9782
7680
6690
956
1895
6527
147
8579
8669
8942
6066
2522
3981
762
5112
1341
6533
475
3448
6514
5775
6264
9682
3308
8521
9204
7103
9806
5420
516
3552
976
6946
9746
165
1062
5032
6464
8930
2195
5782
7710
4533
8426
666
8578
916
7455
2725
52
732
1923
921
5152
5055
2642
5343
5927
4599
4521
5318
89
5465
4342
769
8332
5139
2011
3760
3611
4369
5805
9958
6587
4963
4894
5429
8045
5721
7964
5122
5145
8760
337
6195
3942
9614
9181
2248
4928
4790
3356
2131
1220
6531
6589
9711
2258
64
3673
9608
2359
8717
2478
3057
4577
7770
8444
4048
575
6327
1572
2527
9105
605
8534
9511
5639
9294
5291
8011
2822
1267
3762
7967
6350
9062
1422
3858
4331
8948
9747
784
5405
9177
6806
4338
4450
8661
56
6426
8051
2512
2373
6965
6852
8193
3161
4823
5840
8084
9723
9728
4299
2160
6513
8828
846
8645
313
7879
3507
247
345
6558
3455
6638
9148
329
2916
8923
5469
4112
4824
2727
9755
9226
8769
3563
7569
9311
8549
5300
7576
3499
7268
5654
9869
5310
545
1916
5481
7831
9543
5317
1447
1504
6267
3624
508
1060
1750
830
60
9851
1609
8232
1823
9916
106
2506
5129
4495
2707
9923
2333
3150
8238
7961
6927
153
8844
5547
5535
9188
9087
3305
4285
649
3878
8314
7822
1377
2369
2801
2500
497
5768
5646
9382
1403
2549
6845
2619
7671
9412
4045
9915
3341
3900
5147
5628
6367
5080
2124
1902
5412
295
1138
6521
8680
6119
8195
3322
3869
5703
1096
4216
1845
4704
739
7201
5397
9313
955
3792
7520
6706
115
6524
9749
4760
9546
1827
4802
2419
7133
9821
6365
841
1694
790
8999
9985
8248
1072
3871
5613
2755
3494
3766
7105
4866
6884
2194
138
2093
4082
6373
6948
1559
5673
108
3540
8952
3299
176
5350
2470
9892
7693
5233
492
2681
5800
595
3000
459
2985
7647
2005
1086
8235
9768
8130
4652
2226
7126
8087
6815
493
6898
3470
8262
6673
1141
755
4353
7747
2918
1840
8934
6094
1423
3131
3119
2438
2565
9325
9372
7177
8601
222
5655
9824
2872
4131
6434
2649
422
8030
5757
8172
1396
3422
487
8924
5184
9450
7438
7434
2507
8086
7441
5182
1602
6224
1867
6752
1681
7949
717
3862
3971
5047
4629
5198
5066
2463
8114
474
4171
8992
110
7113
3780
4818
7510
2343
2782
2545
1911
6043
6615
2933
5666
2266
5641
6341
2133
7582
8414
4493
3491
550
922
2229
2585
6488
1725
2552
3557
3063
817
4983
1264
576
1709
4590
1990
6164
5093
9158
1185
5588
5818
2473
7815
3554
1847
2566
634
6592
1612
8803
7543
4386
6115
437
1610
6904
7998
6633
8375
2505
3426
7744
1755
2285
6804
7072
5764
1244
8310
8427
3478
6392
4505
7443
710
992
860
9954
8746
6109
9092
1952
6799
7673
5171
2843
9238
8140
1113
5699
924
6838
7389
5244
6225
3304
6832
1870
2117
7130
6179
3509
5706
5446
2056
9864
7957
9008
7476
9438
3580
6233
966
3719
1706
1009
8036
3523
2562
1992
6734
3227
97
707
8972
3805
3373
4538
1279
2753
181
836
469
4633
5863
9285
6824
6823
4226
4849
6992
1812
2834
1722
7253
9717
6292
85
723
9569
1464
5732
964
9622
828
5290
7049
3784
4380
3369
1438
4583
7067
436
7634
8466
1362
4212
6926
4202
5056
9186
6637
9879
8222
7503
9230
1724
8936
4540
4390
4487
6674
3137
2076
995
8145
6817
5875
7562
4780
9114
6405
9610
9052
1232
3538
5766
2605
6299
984
5600
9035
568
716
9249
6001
5183
4675
3096
287
9308
100
5260
8904
8500
3471
3701
5873
7554
3495
2609
291
1079
3266
1577
7478
9258
1322
9551
7761
3474
6608
9618
2115
8587
1078
4381
4415
6222
548
7650
4756
8124
5629
7718
9691
7048
1869
578
7425
7539
4469
3185
5224
1291
2269
4936
349
4102
5094
4215
6300
5482
286
6198
9161
3190
5533
8146
2994
5891
5268
8144
5688
8552
948
6
3466
547
2814
3947
3675
2450
3690
5870
5457
3432
6071
8292
645
3533
1670
1128
3548
1852
804
8517
8368
3803
5039
4175
2880
9579
6419
3724
1820
5649
3214
3914
2712
2366
8060
8340
7919
5912
872
5125
9709
6256
8096
9078
4238
5786
3754
5261
2823
8106
9607
6009
1147
8019
7310
4463
3772
4552
7474
8371
1411
5605
1058
622
8331
8477
3129
2744
454
1015
8167
2550
1428
6972
1210
608
9557
4634
3222
4559
3928
1328
2335
8533
6658
4990
1744
4000
1651
7666
5395
9110
5809
1035
5001
5634
4350
2877
8569
210
4793
2041
2126
6942
7356
1306
9265
2905
9373
8294
7832
6305
4137
2034
560
2265
9938
7621
6973
5631
7715
4735
5376
8779
9878
7601
8665
5190
9528
4564
9559
1802
3620
2065
7721
18
1788
9011
8490
5554
980
9724
6813
1032
8435
6899
6830
1558
3785
5611
3783
2206
5399
7584
4148
4511
9584
8399
308
6408
1250
6455
2323
4758
1097
2071
9344
644
9974
9172
9208
4191
4853
4151
3922
198
9442
4241
7552
5975
2022
9721
6309
9406
6604
1532
346
4418
1945
4346
7315
1956
577
7731
1652
9099
2628
8606
3101
8032
7619
1265
6939
105
6048
5572
661
2251
7355
6490
753
7737
8654
7896
9500
5082
386
6352
8123
9352
7850
7642
421
2482
9904
9948
4426
6953
6180
4507
2334
257
1803
7313
9193
6828
324
8157
9499
2769
4253
6870
2673
7255
496
9875
3913
1625
6026
6931
2303
4708
6287
9282
4677
1680
2057
1329
5289
4716
1296
3402
6511
7789
1180
2199
6301
7005
1796
2907
1123
7181
1588
7050
3892
6456
5750
562
7246
3118
5860
323
4323
881
1738
5911
1637
4808
4261
1515
76
6791
4615
7617
833
1049
8447
5428
317
32
815
7012
6177
4490
6237
9538
1460
1372
2515
1084
8137
57
9788
7853
8357
5186
6882
3415
3252
8714
9032
7469
2759
7323
5431
9599
7221
8071
8
4134
6544
9136
4512
4443
5313
7365
5569
2256
9780
4183
9633
1995
7756
5570
3081
2216
28
2862
6253
1903
1824
1758
4049
5000
1690
4625
5010
7392
2454
2694
9609
269
9808
8672
610
996
453
5403
254
6161
2697
8839
3237
5430
6354
9244
6682
6290
4367
6374
1093
982
9182
2044
6546
9554
1365
2421
7772
8796
8978
585
5075
8831
1440
2958
1858
973
9874
6106
6036
3235
2355
2853
1580
7109
4164
2207
8147
2715
3317
6712
7511
8593
1759
8236
8911
1432
2919
4889
4602
9353
3980
7595
1792
1196
1513
6451
3306
6444
8881
4344
630
6704
8531
4060
5948
9914
5648
6486
990
9216
6819
570
2283
2654
520
6783
3586
1575
7911
6241
7766
8591
5414
2122
3334
895
8884
5759
9679
242
3664
1227
2721
8015
1645
3988
3959
9014
8204
1619
5034
7194
6957
8213
8617
425
1907
1326
6108
4230
2004
3541
8063
2166
3014
7319
8834
1510
9922
5847
1632
7597
2592
5385
3290
1052
4362
4751
903
3302
4737
2114
9080
885
4857
9518
7981
8711
2731
900
676
9967
2846
6831
2954
3751
9300
8875
271
7036
9029
8445
3946
4886
284
8243
8565
6922
4452
7487
7157
4117
3287
4535
3103
9880
3555
691
682
8827
6730
466
3027
4409
7203
5691
4622
48
7209
2443
620
9120
6693
5005
9567
2063
7616
2086
6719
7690
2656
2637
2351
3771
1880
9472
3192
2139
3831
8432
5953
9868
1703
2380
6850
8497
8261
4464
162
7307
9536
7716
6822
9274
4176
9590
7974
6843
7729
8724
7252
3348
5193
797
2706
983
3581
5817
4067
7256
1976
4319
2887
5148
5604
5486
4854
6966
8787
5520
2245
6193
4744
2859
2188
5380
121
370
395
856
1256
5967
9722
4058
7039
7849
7205
9101
3409
8182
2675
9827
2922
3480
9225
1555
1109
7622
4120
2542
7075
3543
9597
4458
7300
1791
9763
4867
8607
1003
320
9222
4090
4553
6700
2123
3689
5618
997
1922
7023
9676
8734
5252
1822
9399
9981
1983
8619
8249
5812
6246
4398
2399
8774
9811
46
3044
8300
6143
8966
621
3653
7087
8637
2540
2293
6951
4204
2193
5962
7117
263
2282
4223
4208
1381
4730
8153
9886
1520
6332
7111
3693
214
9605
9065
9082
6935
963
9774
1925
4109
8383
1384
3545
2203
1511
1564
1982
8012
277
9304
3035
7821
1539
7108
9836
8187
3594
1259
9237
2072
404
9443
3536
9966
6841
8104
9260
1386
8058
1273
7394
169
7750
7019
2204
3428
6805
8493
2039
7968
8931
8897
4394
8950
4870
5869
2765
1013
4446
2395
4168
401
3658
5615
1090
7422
1367
9617
1203
3386
5980
8069
3010
2534
5884
6837
3814
1190
2601
7881
2048
6818
5257
1493
9521
9844
5514
5220
7364
7916
1263
4189
8343
2653
2281
2758
8154
9038
9648
1712
9946
9435
7131
2003
675
1901
3696
6183
786
1262
5792
2990
3815
8018
3065
1943
7785
4076
8287
6081
1320
6606
7517
394
5705
9103
9236
1914
7490
8876
9870
3899
6280
5635
5008
6530
4748
2304
6626
5545
9477
4669
8960
4352
9113
5667
3366
8866
2962
199
7570
7594
8091
7348
4356
5170
4483
8808
4740
907
3198
2509
4273
1924
2145
2097
8046
9027
2480
5856
2311
1866
7746
1628
5021
7867
9563
6634
8596
657
9485
4973
2181
981
8513
1657
8378
9677
6920
5808
9129
6063
8851
3577
6104
4481
8748
5346
264
6610
1535
2591
2045
7237
464
7979
7137
9942
7686
6794
2234
8183
9386
3906
8799
8440
305
2611
9662
9045
1743
5722
5079
2600
5872
9934
7812
7026
9454
2356
8883
3819
7638
6993
4041
8120
7210
8152
6012
9592
4477
4913
840
6397
7124
8281
2806
6573
6320
8068
7292
3654
211
9235
7411
7575
5903
2001
325
1500
5349
9578
5210
2196
4138
7410
3824
7207
8354
4036
1771
9321
842
3700
6200
3011
1215
1859
3391
6875
741
5843
8301
9506
8832
2121
6967
2280
2023
1206
220
8212
9423
7890
9611
5620
8070
3445
7180
5304
5083
3898
6077
1194
4641
2688
1953
1419
2709
5085
6132
8772
8509
9232
5042
6518
4573
1457
8623
7463
1284
6958
1947
4405
7226
2348
8022
2317
3829
2690
1630
8464
194
9067
4529
2705
8284
4832
3142
6199
6214
217
3265
9213
6430
2952
8792
7149
5926
7645
4844
6316
1779
9695
9537
2908
4121
9541
3326
3972
7015
4876
8327
8914
7236
4571
7845
7145
1304
8430
1938
3301
9017
9003
7471
9740
6025
7782
1598
7653
7418
9153
9631
9367
3084
6334
5752
7033
3243
9997
8981
6275
1346
1188
7217
7917
849
3591
7185
4043
4091
6116
6731
4959
381
3016
3517
6759
8639
9931
3863
4967
3115
3247
7841
2069
7247
8206
4971
5052
9951
5509
1819
8788
2447
4589
3608
4039
1173
6413
4484
4786
763
2915
542
5625
3365
7428
8810
460
3175
1633
2732
2087
12
819
7407
7097
1860
6586
1561
4966
3141
5161
7000
5596
3463
2557
9730
9252
8686
1370
7542
6227
4096
1592
8074
5370
3907
7230
4441
7986
1545
2979
2885
4270
6240
1448
2398
61
3574
272
2101
9270
6389
4459
2340
3046
3040
1153
1129
653
333
8498
4534
3895
2189
6688
2914
5400
3984
2629
3997
7897
3462
9496
3625
1292
2046
5878
5574
9804
7270
5983
8855
2869
3307
2040
3638
7811
4181
5571
9885
6767
6775
3875
6747
7784
441
4654
2825
3596
6599
3717
7508
1427
6306
3092
1913
8574
8260
5064
8311
62
6552
9581
8418
4231
9950
5966
2658
9540
1906
166
904
1832
6647
8554
2813
6801
8835
9964
6207
4492
1463
6649
6387
2710
3694
6197
1044
399
3730
7870
3493
7
8341
440
4767
4287
9646
5524
5078
482
2786
8225
8369
7132
7914
9171
536
8535
204
5308
9681
2401
4195
9071
4057
3987
5738
1414
6984
29
3039
6261
8117
6919
5530
7874
8189
9835
5560
1178
5683
1012
8879
4193
4052
6547
1576
2598
1627
5749
9088
2242
9968
6481
839
9564
3385
619
5057
2460
8541
1896
1929
4732
6084
9142
5578
1571
8653
9083
6395
2408
9623
2574
7950
6528
587
8397
7956
9398
8308
930
2455
6728
1872
2337
1310
3748
7084
1529
6120
6465
4509
3520
9957
2614
2157
2059
5354
5645
8207
4040
8720
6485
1735
4437
6315
8323
355
7446
9357
962
471
8266
9468
8067
9460
7912
7524
5621
8457
6789
8895
1715
1503
1238
3605
8439
7406
7093
6155
2923
5312
3798
4636
582
1121
4268
8211
5331
1704
118
4417
5221
4651
8995
4519
3262
9862
4842
5682
7787
6463
7669
4163
6713
5879
3325
2738
4560
7664
6643
4777
3918
9288
4246
4789
2644
1745
5546
2381
3512
282
5590
4141
7661
4436
8838
4684
505
2776
9006
1029
2789
2530
8921
4438
8412
2525
9301
5167
4133
1552
3080
1020
5528
8507
8557
3826
3789
2929
8710
8422
6010
564
9670
6293
186
1057
9549
6202
5744
8363
2528
406
5071
7736
2239
6168
1573
1047
5941
2941
2106
5259
6415
9628
1476
4022
141
1671
8613
4127
3534
49
9671
7213
8730
5466
7991
4500
9384
2471
226
4145
7844
879
1359
8305
9041
1595
6651
1517
5113
991
1383
5404
6286
5864
5846
6087
7189
5965
1226
274
2864
3925
8080
6703
9883
3236
6612
6324
302
4612
2144
4957
4525
8581
7629
4359
7537
7138
6044
4343
6107
4721
7774
6551
6779
7031
4916
3371
7491
6664
1970
1469
8268
6742
2262
3089
7534
2832
3883
6748
4527
3890
7125
9819
2898
9514
6630
4726
9370
1045
6429
7085
1861
1089
2889
3885
1254
3496
9459
2747
4242
7663
5508
4479
3151
3400
5020
3843
8912
6022
5754
2332
5822
8974
9342
5932
6576
2896
9318
5063
132
1490
9296
7572
8733
6979
8512
9658
159
3966
7079
1975
1075
1223
3292
58
2558
2361
4648
3221
8387
7688
8056
2217
2904
8626
9982
5342
5365
2804
6969
5681
4396
6184
9887
2684
8982
5739
7176
1626
1857
1701
8641
5363
931
9855
1413
7843
6509
7436
4263
4153
742
2931
4727
4871
4614
1917
738
1957
213
5690
8039
1004
2426
3193
2981
925
5815
6795
9314
8676
6722
3397
4595
1785
2228
8257
6811
7263
8756
9107
2444
2521
6401
1878
4114
7626
9312
3223
4922
7496
8615
3196
4645
5097
5362
1287
8846
369
6432
8857
826
8996
8869
1349
8767
655
3551
1578
6925
5307
3184
3179
9159
6994
3121
8057
3421
9842
746
2363
3264
1039
5054
4366
4820
7128
1126
6675
6901
7724
778
216
5883
5373
6226
7107
3032
2939
3904
9185
8329
157
1274
266
5275
8603
3556
5205
458
2437
7999
1618
4935
9070
6705
4099
4617
5499
6854
6622
168
3424
7062
785
230
5437
3729
8602
2692
3691
5991
3241
1972
4937
3728
6772
5865
6232
7605
2231
5862
7260
203
638
3711
4665
382
1600
2275
6187
4630
367
3174
5939
6641
9649
8486
2560
9903
2676
7771
4835
9481
8892
4139
9535
9963
8678
7412
3583
7396
2657
9924
1
7163
643
843
2058
1543
9699
1876
7590
4731
7119
4607
3963
6284
2989
1962
4214
31
5396
7288
8781
6597
8817
5880
5532
2264
4582
3048
2992
2442
5031
4613
5669
1509
7028
600
1074
2757
3797
2078
5443
4122
7349
2002
9902
322
1445
7837
1568
8321
3277
3866
9926
4402
7544
2775
1741
3923
4976
3645
209
6437
3877
6642
6803
3602
8963
6640
7353
700
5242
1762
9447
43
2818
309
569
477
2180
1708
5836
758
6603
3007
9025
9516
8050
1302
2553
7352
6620
6100
8136
7971
9603
1763
4295
8766
289
5728
7053
6313
9813
6172
8475
4365
4837
6671
7155
4637
1103
2222
84
2988
6169
4952
1705
1593
6635
7948
8793
8325
7891
4198
8373
3028
1330
6369
354
5463
6089
8747
3314
393
4269
9489
93
2724
3109
9703
7609
4856
3258
9566
3505
8652
3968
6559
5672
7676
736
5772
470
1170
8953
6781
6384
5638
4239
9028
2233
7282
8316
9873
3786
5127
5236
637
3090
9888
5423
3707
174
6702
2412
4259
7357
9570
7859
2260
8299
300
1421
3146
9497
7448
2329
3595
8169
7602
850
2261
2150
2537
3159
5559
5986
3921
2788
248
306
752
9005
631
9582
9884
167
2729
37
9911
3497
2138
1526
7741
6103
7697
2559
8402
7415
2800
7044
4757
6745
8023
9596
6944
7257
506
6439
229
4086
8520
6042
3165
6053
6422
6974
2364
8666
2711
517
9854
6793
3312
7997
7978
8594
9629
5135
1132
9764
6281
8786
1784
491
6961
5339
6469
5627
6636
1997
2360
1197
8345
6288
9256
1961
4034
3182
424
5060
3363
3725
6024
3697
8901
9735
6771
9140
8870
5334
783
8111
7197
9397
245
9707
3663
9209
9583
2531
6349
6829
3298
1821
3732
7059
8629
7556
51
4361
2735
4042
9829
1116
8342
7803
6821
9574
8026
1407
3358
8410
935
6903
7965
8339
512
5896
7763
6294
2489
611
6662
8098
1686
7901
6474
1437
2009
3259
1714
5581
3472
8073
8214
2678
7102
9640
6137
6260
377
877
2267
1585
1397
8700
7975
5928
4339
9674
90
9248
1374
1731
7959
9778
7952
9810
5661
1501
3568
6697
2802
7497
3278
7397
9123
1688
9279
1707
1189
6834
4843
8336
6343
1656
1691
934
6125
950
3316
8504
2137
276
5050
364
8674
3970
5813
3610
2485
9894
9593
9882
4435
1071
9047
104
4619
8775
6570
6545
1340
2415
4069
7449
3200
8648
2947
9130
331
7202
6579
8005
2956
3183
7805
182
3599
9091
8805
9154
7835
4869
4962
1163
6211
1048
4945
2973
3576
9976
827
530
4934
9945
3590
1775
3943
5985
5247
822
1829
9004
8173
4453
8034
5692
5616
4303
9999
5462
1944
4162
2582
4688
4445
8044
235
8663
8361
2761
8768
3991
2200
1958
7591
1684
4766
1104
1485
7169
5996
8000
9929
574
9407
3449
2977
9137
7759
8434
4260
7541
8523
5474
6607
3106
1748
4948
640
656
6412
9947
5575
1303
9054
4167
2458
4328
4124
3934
1024
4544
5632
2357
19
1276
8737
9760
2986
6709
3191
3506
3939
3575
9072
9710
4723
9250
3389
4718
6937
1207
334
3078
7382
3434
7578
9023
1553
1940
6336
342
2037
7199
2411
4755
3567
5413
3293
1317
9245
7670
5795
5096
3099
7417
3718
5826
2754
4324
6844
8840
1021
6758
5015
946
4152
4699
6438
2555
6163
8967
7350
2567
9086
8848
8496
4174
1915
6117
256
2487
3483
5379
7238
2382
9309
2920
5788
7707
1022
3578
8824
9542
779
9155
5258
5301
9809
6356
947
4033
8436
2976
8053
5492
6826
9988
7440
3629
7122
1401
8384
555
4313
9355
6566
9111
6435
8118
5239
6304
2250
5473
6560
2148
7501
2576
5624
7767
7518
8964
4833
2185
5968
6376
5746
7262
7504
9464
8456
795
3379
9366
870
301
3068
6756
2410
2327
2617
133
4951
4210
1143
8888
9627
6216
7045
8322
6842
5694
4488
4578
7467
5272
3836
1770
6563
591
6259
5831
7454
7024
7030
5223
9363
8362
7077
8103
5553
9430
3315
8918
4115
6866
5833
6550
4765
2899
6156
2944
3043
2815
6483
8359
1271
330
1781
7182
1884
9
5923
3832
4621
5251
9053
7147
6686
627
3473
5246
3609
5
4882
9163
3321
730
179
3381
1868
7694
3309
2476
9233
5650
5887
889
9834
7002
8132
7009
7254
8347
5086
2713
197
3761
6398
7151
771
8148
4572
8728
3355
2921
6277
2214
7886
7658
7553
6295
731
7014
1523
2151
5141
3059
7321
7148
6715
3670
9687
3634
9061
293
5241
7515
117
3747
7817
5720
2336
6523
3012
4087
3501
9881
9675
9331
2389
2132
887
677
1327
6366
6061
4118
5957
2856
5328
4468
8634
5796
435
4788
1677
6212
6768
927
5044
5444
1043
898
7259
3017
2074
6582
6027
3427
3234
2300
1216
3128
6733
2581
4142
7790
3172
5712
8276
5103
9240
1481
2416
9507
3674
636
3303
6189
9007
3251
3764
2548
9647
5189
99
3296
3332
6442
8749
7646
427
1687
9984
5696
5534
6585
6896
4315
987
3168
1800
2756
9877
5215
1181
5019
6816
8759
537
6302
2174
3952
3518
2906
1502
4911
5282
3998
8599
3377
7615
9424
2318
5487
4444
8894
4917
5188
8682
8528
7970
4154
3630
9956
8078
7143
2971
787
2873
3111
8647
4047
3708
594
8704
9594
6928
7928
8915
4946
9117
8274
5361
2070
3372
9896
8562
9415
9762
2496
2042
5595
3049
7035
3263
7346
417
3828
4763
938
1061
9588
829
4933
8220
2701
2863
7327
4987
540
7018
2777
7573
1699
6575
6910
4890
8956
9096
2136
6736
2836
6526
1815
6092
362
617
8200
2883
5415
9040
745
4166
4373
3169
5274
3479
9784
3901
866
5969
2935
642
1169
9969
6171
1005
5280
3806
3148
9291
7004
4707
2895
602
7245
5512
9893
9263
9638
3604
3444
3964
1622
9655
1999
740
9219
3076
5591
2589
5450
3477
5201
1773
9944
1482
5945
2799
4861
8896
3009
876
1209
6342
6124
2821
6113
4722
1305
419
8907
1910
5844
7179
9116
5680
6381
9196
3626
8715
8611
1565
1979
891
1350
9349
1193
8388
9530
9358
7509
3706
4307
5191
6732
847
4266
4292
6234
8191
1623
4974
4697
5697
5854
6062
5391
9383
4
9678
8077
2290
4955
8407
4023
8324
533
4077
6737
244
5168
3205
1258
8306
8165
2556
510
5658
8406
5388
5181
9973
2960
5821
5212
152
1818
6497
5114
6624
7689
6669
3565
3329
9998
3910
9000
5736
7824
3107
5895
3218
8280
5606
5392
6082
3217
3456
7484
2949
689
7047
3860
7150
7563
4247
2963
6718
1664
6765
5249
4108
3743
6039
9841
185
4670
5434
1984
4165
2190
4905
4421
78
6786
4709
8438
2748
156
2441
4334
2378
7439
7882
6038
8160
733
3390
1378
5907
4626
2295
71
789
5665
7522
4762
3522
8425
2680
7799
4627
4960
3920
6068
2388
7579
7046
2094
803
439
69
5440
4178
515
1431
1692
6297
1698
7813
400
8392
939
4496
9322
7089
4557
123
1661
9175
9266
5573
4249
8199
4829
9726
7536
9965
3468
9451
8583
6859
2965
5288
7325
715
8421
8712
3095
8716
5565
7354
7816
5709
5551
2768
6291
1161
3327
1665
3931
816
163
6591
8588
588
5484
3229
6123
3982
6868
73
8129
8519
3430
3276
6978
2013
4520
7383
5660
1120
8394
1498
4314
1136
9320
5448
2152
1794
9790
7861
5483
6385
2472
5855
1742
5266
3767
9026
9826
3282
3300
6282
5552
9380
6536
4940
2403
8081
4774
6174
6941
809
4180
3955
2424
7465
8616
8864
9473
4104
1192
6165
6194
3492
528
5264
581
8548
1055
1782
8162
845
6073
8905
6111
5126
7667
2934
8326
9940
2878
4206
1730
3073
1118
341
4576
2462
4768
2606
2630
7549
4753
5584
2141
1219
5507
5417
5472
7942
1805
5105
8506
1261
1776
8113
1920
9173
6450
9375
9905
7308
5717
6534
3324
7786
3378
1875
3091
3060
2647
5207
8608
583
6059
4597
6918
3936
1968
9255
3108
7274
3331
9555
5214
8997
4977
5924
4859
6494
1978
2220
8860
7241
5061
3894
7908
1774
326
814
3818
8555
3261
2740
6390
2241
906
5797
3844
9522
3272
9183
2925
668
7317
3454
5704
2577
9368
5068
420
2155
6276
2020
4467
3353
3342
3745
4271
5416
7611
1230
9056
7873
8675
4639
402
7963
5116
9332
5502
5041
4005
473
6660
7135
6379
8312
8571
5338
8973
750
5179
5776
4562
3024
1790
7011
9660
6878
1727
7017
5589
2021
2812
3176
2663
1211
5185
3632
1237
1499
4485
3461
2945
4822
770
7507
6386
7564
5243
1249
9276
7242
2182
4998
7685
7499
2661
375
3953
2000
936
928
4228
1065
6907
4537
5382
5877
4274
2291
1314
3685
113
5859
495
9756
8400
1542
4482
2593
9962
7567
8689
3847
3267
128
9189
6932
6146
5284
2168
3961
468
2798
5012
1242
2090
5306
202
6601
9347
9955
9164
6595
8958
119
8590
6971
6964
1067
1649
1345
8055
7071
2664
2439
8355
8135
6800
5494
9853
1231
5439
3516
3030
1218
7951
4672
1655
249
6692
511
986
2679
4011
1275
9393
8389
7804
5908
6897
3173
6687
831
6265
9242
311
4420
8465
4155
6482
9184
6065
6021
6347
9598
9470
478
6311
1354
7711
7374
7458
6561
4771
3138
1283
8692
5488
1379
3852
4828
1186
3527
1107
4497
4200
4914
1605
5074
5136
4024
1426
221
9215
4618
3405
1183
6590
9351
4865
5159
7502
3851
6351
2975
1051
7800
7848
4513
709
8785
7769
4318
9458
571
3253
2618
5461
3021
5255
5209
4288
8175
580
652
3774
7359
4831
7753
3840
3637
4364
2257
2978
8854
2780
2294
379
3114
3425
5027
2208
7527
818
8662
557
874
328
2394
2672
6070
8381
5151
6960
6236
9787
4586
5323
959
8256
873
7580
2031
7618
4254
6416
5973
2099
3855
8872
4938
7920
7705
9925
4554
6677
44
8330
4713
4107
2720
8547
1106
4683
4035
8853
597
1843
6525
2498
9553
8804
5729
592
1240
4524
3439
172
1936
3962
2950
2722
757
4106
3837
4447
5568
4280
4887
9433
4088
3436
6105
7855
6076
9404
5892
2946
8649
6555
1842
4317
4949
7954
3105
1996
2277
2321
8874
7324
2422
2025
5592
4196
5810
4710
713
3041
8127
2328
9928
5104
6449
4501
7198
8090
255
265
8829
8460
1236
6162
3660
7076
9910
9452
109
7003
9667
5256
5743
2749
1891
2010
4044
810
9863
1918
5881
9899
2987
5155
183
5522
5931
5018
1583
6000
7925
8265
8610
8919
2376
7788
10
3476
2
5326
7099
9846
6872
8778
7168
3186
5383
8344
5115
4855
9871
5389
3738
7610
901
1662
8622
1494
1554
7836
7905
5556
4291
8317
2007
2384
993
3038
7894
6243
6396
912
4986
1596
6067
7123
2296
8095
7196
2116
8143
3219
3413
4891
6035
4993
392
6331
3393
8178
5993
1288
7758
7404
3722
1418
6716
5519
1130
7779
9391
2903
5929
2974
8197
4899
1134
1436
9895
514
5523
7706
9935
2596
7293
8001
4066
8027
6192
6532
2554
7360
7022
543
9369
6141
6307
4632
6665
6520
4988
8939
3562
3085
7842
9405
5121
3367
695
1993
8544
1473
3139
767
4778
3623
5250
6888
6098
2808
6004
5359
8849
584
1420
2298
4105
6030
6735
6496
3833
1281
7055
1319
9975
6371
6217
3070
2479
1446
3201
4898
1050
1525
2888
7280
5726
4431
7190
8002
7338
3034
8989
2741
726
2353
8937
81
2639
2064
8938
5711
9495
7330
972
1115
9297
9022
2586
7493
8047
2927
4220
4221
9685
8540
8729
4616
2762
175
2902
2518
4926
4692
6325
7195
4083
807
2159
1753
6060
8908
6443
4235
1248
2519
9436
4211
9525
8990
2842
6945
5798
648
7473
8646
5741
8085
3075
7167
7378
7286
680
6787
5358
3695
7656
9483
2750
5407
2993
7114
633
2590
416
432
9427
960
8589
6339
9568
4694
8833
3897
9619
2402
6402
7996
2191
5267
3995
4565
1736
1904
4620
9141
2187
3808
7414
2803
2511
9751
703
9705
9552
1360
9741
5505
7265
9796
8812
1395
3149
4660
278
6204
135
9359
1212
6929
4306
4252
7568
527
6698
3692
5622
1076
7946
3666
4391
4848
8898
5402
8763
9234
9838
7390
2309
8177
7587
6976
4769
6157
9706
918
3589
888
8328
4489
9560
1300
8125
8393
1347
3384
1280
9937
1518
4337
9636
9420
7301
9989
6621
9271
154
7399
4203
7943
8659
3927
4301
7100
6340
3956
7743
7754
5281
9254
6529
7945
9119
7483
7388
2587
1856
2636
6091
4243
5582
8450
2897
9012
6614
3742
8463
1642
6911
4474
3633
7523
4929
8141
1094
3976
1164
2852
8762
7285
8484
579
1033
7233
7141
7854
4773
7442
1318
7304
3796
3716
8254
2868
6404
4400
3905
9876
9324
1031
3145
5422
4250
6358
3431
484
9085
6751
3037
5537
3036
7007
6881
8356
9759
7110
3519
7082
9993
9773
7456
5636
4150
1864
7243
9694
2414
5838
234
1636
5162
8735
8290
6173
5216
7101
9586
5218
5195
4836
7052
9807
9996
837
3659
1010
6406
8126
5367
5303
4309
9269
8633
556
4222
2453
6886
4383
5059
4972
5583
626
314
7838
5164
8273
4455
9021
8991
4428
7993
4340
445
456
5320
2268
2346
2785
3232
6499
385
5609
3888
7557
5633
5133
7818
2387
1154
4472
1551
8566
8951
1114
122
7969
9822
9125
4262
1257
1385
1639
6981
9390
2392
2104
67
8499
1695
2597
2413
2224
1179
4063
8524
7228
4611
4851
5827
1405
5944
155
7058
9093
2341
4996
6684
3339
2305
9643
3867
754
3079
3134
596
7899
8338
442
9329
5917
3967
3795
5915
7066
4110
3613
3187
3383
884
2599
1849
1351
7475
4272
5549
7637
8008
8218
8530
5270
7909
6461
7506
5109
8977
5777
6144
844
5693
7043
1613
6593
9799
7931
7248
2631
7830
1269
7094
3004
8837
7144
4681
6355
3758
2970
9817
728
151
8913
932
6565
4752
7776
9102
4925
6729
5007
7065
8065
307
6807
6417
8505
2886
3442
525
952
6477
193
6710
4711
8038
8790
8083
9860
8917
7363
4655
1382
687
465
2036
801
8502
7930
4881
5393
3945
802
5630
54
4543
3698
8871
2129
1644
6655
9431
6855
1696
6074
858
448
8097
5238
1155
4009
9906
2627
9859
6441
4480
2134
3713
2831
6963
8707
5234
3643
7907
1251
5279
5767
6178
8209
1142
350
6519
6489
8821
9898
298
4770
2080
3127
7735
3419
6145
673
1313
7904
8479
9539
5893
6454
8794
7652
2429
2391
1654
2980
4515
9612
5614
2079
6314
9437
7806
9179
5811
8379
101
3765
4194
6739
7056
5299
5935
6569
8656
586
9729
70
1928
8489
1092
532
8035
4207
9680
7037
252
3336
6726
5837
1801
9689
2322
3064
8441
665
4799
9418
1124
388
3120
6348
6278
2580
4558
4089
743
9761
7381
2197
7486
1127
87
4015
2315
297
9690
4658
8993
316
7755
7834
7413
4674
9319
136
8984
1897
8139
6611
4685
3839
1156
4989
1393
5225
7219
8433
5311
189
6516
9277
4113
2809
2247
177
6874
6685
3558
3132
969
6466
4084
3571
2483
1611
2164
1023
9168
1399
5348
3029
9801
2109
8188
88
1667
9520
4179
1963
7940
2284
1955
6871
9812
8020
8638
9526
4326
6166
4900
735
3420
2827
145
748
8885
6895
1053
867
2186
5357
5449
7826
4433
6764
6248
5716
3787
8501
5030
5298
3896
9395
8807
2851
2374
2760
7898
8880
4884
719
6936
449
5132
3911
5352
3328
9461
729
8349
4664
823
9921
8192
7565
8861
7583
2018
8054
4807
8040
9688
9757
7314
5366
7624
1966
1158
8253
7373
6628
3054
5324
412
2787
5269
2272
7933
3680
3770
8927
9867
3311
6457
5447
7702
273
1817
1640
1881
9228
2068
971
4312
9783
6095
489
3392
6814
6151
1844
9147
1508
9449
8718
1080
1767
8352
9727
6096
1167
3359
9414
5544
1663
9978
5662
8319
5090
1312
2052
3404
1608
3686
8819
6221
1148
5022
8227
7153
1040
7127
3166
5470
6517
1892
9194
4491
1110
41
1295
5902
8467
3790
2179
5740
5992
7794
5978
4378
16
2055
3644
5355
8542
3254
4327
1011
9980
1672
9068
6891
2383
1235
8847
9016
551
8758
6242
9261
3661
6827
5689
6014
5002
1921
7657
2546
9565
2839
861
8102
4392
6427
3621
1059
6394
616
8690
9604
5123
5943
9524
7560
2778
2847
3916
2161
6011
1477
3338
978
2313
2173
4896
4432
1697
6571
565
945
3656
5521
7598
9467
6459
5087
5918
3246
6930
2433
6873
7797
2288
1344
4297
1850
6790
4944
5920
4135
7342
4002
2999
7266
1599
4791
2810
5921
1234
5825
7083
5608
1041
5719
9060
8233
8946
8789
8224
429
3733
5885
8210
8491
2687
3406
1316
8947
821
9317
3399
5853
8014
6375
7798
3582
2342
7827
4742
5979
8783
9446
1541
5137
2683
5841
4348
3532
4251
2666
3853
7923
8962
5330
892
1570
5503
2640
5408
4345
5070
2488
4116
3702
780
5006
2607
2385
913
2368
5823
6840
1459
6037
9523
4682
8004
5442
6776
5297
4838
7211
2583
6744
4965
9970
6668
6154
5977
9034
7006
2743
3245
4095
6912
239
4606
4754
9292
4258
9527
8802
3414
5961
2292
1430
8850
3368
8076
7599
3429
7984
6228
7558
2767
2218
6479
5916
1307
9664
3340
8526
6833
4051
6893
6308
8572
3418
2539
8558
774
3395
4689
4860
4081
9736
1479
1266
1444
768
4902
4981
2050
7781
2623
8302
4406
9753
2377
6914
5557
5228
9345
6296
1467
207
5194
8267
7451
1429
8600
1311
9124
5285
1746
6425
2445
6271
5851
2884
9039
5959
6229
3639
4233
8198
3122
7447
4693
4609
7713
2400
5231
8636
2067
9411
3126
1853
5138
6717
6857
7444
6743
144
2279
855
2736
4542
4293
2983
7369
3593
8573
504
2790
5506
2352
2431
5785
9673
3026
195
7725
3841
1416
6507
5172
1152
7985
5095
561
5003
2708
8582
3207
8618
3929
2012
5305
6319
9207
702
2535
1000
3600
8419
6423
6118
344
9738
3930
6088
2047
6190
3387
3051
4868
8066
1389
1388
4029
7868
1331
7480
2237
4908
2128
2828
6458
7171
4801
7498
5803
5142
8395
5988
8309
1616
8390
4893
6201
1607
7051
5036
5476
5737
6028
5897
4897
961
1615
4389
1846
3935
3411
2452
8826
4097
3759
8275
6196
6618
7780
6176
7251
7995
9284
5548
7088
1985
4567
8980
1243
6388
9737
8461
5871
6982
390
1534
4927
7073
5230
7640
9659
8561
7632
910
7972
6080
160
3242
9058
7723
4841
8041
361
1014
1721
8537
5970
5733
5751
4310
3284
4782
8868
1324
7635
6996
5637
1205
9745
8386
2643
3285
8161
9051
2289
4548
9779
3022
7275
5981
7668
5441
8100
25
7025
4413
1487
8420
9983
4177
4956
3443
635
3810
509
5092
5069
8586
3344
1905
1380
9365
5753
9203
4667
7261
1893
9700
2308
1987
4541
1144
6900
9281
7720
1737
623
9843
9253
2435
336
6138
2146
3612
7698
7481
8367
2867
1676
8970
4027
2730
9109
5586
4499
3195
7757
9858
5378
8651
4907
4994
1648
8968
4834
3838
6894
1361
6950
8671
1352
8776
2428
9462
8059
5713
5089
9644
490
1650
3045
1991
5955
2409
2223
8351
9591
6110
7700
6694
1531
5356
4903
5046
6986
9704
8279
137
7982
50
2820
853
1036
2612
1733
7367
7636
8545
4579
8755
8784
8416
3157
5925
3352
9336
5438
55
894
2467
5904
8727
5906
3739
6269
288
5016
5203
3603
9482
8640
2942
148
359
1967
5485
8744
9097
1176
5158
9388
5814
7866
3768
9642
7249
231
4265
1512
9839
6810
7218
4506
6440
6478
3097
9961
3410
6502
2165
9273
3403
4873
6460
4072
8694
7316
7581
6135
8449
8458
3289
5454
7408
1373
7691
7825
1099
9073
21
4449
9650
7528
8525
5824
9243
7906
2858
3752
7810
4004
4569
6467
2830
8194
1077
3467
1466
4068
1981
1673
2826
2119
6142
7733
7655
4205
6909
7876
5755
1675
3056
711
7988
6452
1854
4494
9865
3668
8149
3450
6056
414
3646
6409
9299
7535
5081
5192
9160
2089
2418
1810
1068
9220
2477
5062
2347
8442
6890
1239
7665
5640
7489
1717
1720
9327
4653
8230
8480
7468
1931
5377
5144
5594
2595
5894
8478
4840
1177
4037
9376
8025
8511
40
720
8886
6809
4466
6503
654
6391
5828
886
5876
7858
6377
7106
9167
5386
6431
5108
2874
9287
9075
3437
1323
4073
6741
4581
6869
8494
2844
854
9205
7819
701
9210
9416
3350
3954
5564
8473
3447
4638
5913
9994
4085
7863
17
9713
7807
8042
4192
679
327
3973
34
6403
3687
7728
9385
2737
1806
8543
6782
8971
2027
1353
6186
5942
8242
6887
5302
3002
4932
258
5088
6876
5187
8150
7460
2349
6149
190
8250
6977
7892
2698
4563
134
2215
6616
6727
9231
5686
777
7588
6695
8108
8398
6769
3189
8635
188
7452
358
4136
5657
3662
4412
7377
5369
2082
2579
2035
7675
2417
5963
3330
8385
1465
1862
9378
3047
9701
6101
9316
4906
513
628
9641
9149
3618
4371
5292
3903
3834
5084
8007
434
4784
6849
6330
3933
5579
1122
3526
74
3825
7215
3481
79
9302
7188
9576
4776
4059
9595
5964
4800
6921
2563
7994
3917
1191
704
2870
8882
5710
7040
383
5065
3727
1528
4393
8890
5909
4017
5452
794
1182
1117
2449
2734
5143
3529
9831
590
2752
5178
4910
2544
5938
1471
3320
20
848
6879
5997
8454
387
593
3616
1069
1087
5336
3487
3746
9143
9166
3912
8350
3117
5273
8415
8037
6962
1660
3531
1778
734
9606
6129
7220
4775
3681
9702
243
6382
4187
9128
6289
9212
8476
348
7121
1151
5309
852
9063
5735
13
6796
8745
4504
5593
5180
5100
9015
8975
94
6792
5516
8732
8891
2211
9832
7875
4877
9280
1299
9002
7296
2475
5037
2969
3566
3374
1506
8791
2481
5322
5899
3163
9752
1658
5153
4680
3965
9621
7140
7955
2253
8293
3042
7229
2924
5676
8483
6985
3452
312
3650
5937
2466
808
2024
9715
4376
5515
1470
5206
9033
2205
2937
4995
4930
2632
2504
6424
6738
7351
7416
5375
6317
1809
1932
5166
8174
2178
2529
2314
2655
3033
1653
9044
7435
9328
6318
7531
2900
3453
7001
9991
1026
8263
7333
4225
2648
1882
2682
5567
2615
940
7727
8205
9571
9402
1398
2494
3951
7944
253
1839
7877
7142
8092
8532
2192
8255
1268
3573
9479
396
5455
7070
6393
1442
4912
8842
7893
8668
6619
3886
1740
8900
5451
2092
3514
6889
5157
8021
541
5427
5832
6883
1886
2140
4549
7593
8064
8409
6362
1375
4407
3086
3152
9400
1001
5131
1290
9247
9098
9716
5253
5801
8841
8856
6020
5698
8889
1835
9577
2112
1452
3281
1472
4429
2396
1376
2330
3960
2508
2659
225
2766
3601
8935
1453
9930
7289
2926
296
6938
3648
4729
9095
23
5107
9803
5642
7273
1214
1994
1184
9776
8867
933
9770
5510
9018
5049
1073
2425
3209
8429
9663
2674
791
4403
8448
5072
2624
9491
8337
1754
5263
4465
5664
5858
2325
6051
1027
2344
7120
3188
1841
5783
8010
1965
1474
5529
9112
7801
5816
1833
2221
75
304
1042
461
2913
2695
8818
2019
3153
4013
9132
7379
8843
3709
9448
1335
7857
164
4075
191
7802
2594
7064
4814
5426
7751
5411
2917
1813
8270
4624
7459
1145
3585
8852
937
5051
7494
9286
4915
4316
6699
744
9089
9262
5199
5652
3440
4555
6090
47
2700
9036
7726
232
9818
6208
9891
1449
5208
3882
4132
2420
2940
8510
7461
5930
8740
411
2838
6609
8009
1912
5653
4354
5477
8291
5480
6648
9144
4969
893
3524
1710
639
7921
2901
6629
4008
1702
7679
452
9421
9118
7630
6917
868
985
5048
130
3994
3827
2501
125
3891
335
397
3323
6721
7586
5453
8417
9589
4642
988
1948
941
1229
2716
1217
4580
3821
6862
1070
9626
2073
413
4631
1581
4298
5866
3809
9289
9428
4475
9090
6273
3458
7385
9469
2386
8289
2603
6323
270
8902
3744
1540
4434
2959
5319
8474
3362
8518
5954
3031
3542
5026
8687
373
2621
915
2575
4240
1894
2372
8298
9227
1888
759
8620
2171
7347
5994
7704
5597
1980
3482
1772
806
5295
1871
161
3635
5769
9684
6644
6399
6032
3937
7762
2345
4809
8903
722
1973
1603
120
5421
6252
9354
2375
8741
5668
5117
1883
7041
3570
1873
1587
8725
8163
3607
9478
5467
8764
6495
8943
7187
4062
7633
896
5747
4561
6002
2423
4286
796
285
4954
5987
9104
9122
8932
4920
4980
5262
173
3269
5024
7795
7973
238
7922
5731
8688
80
2791
5806
4267
3061
8538
3204
7482
4375
9377
2533
9637
6410
2469
1272
554
9635
7375
8658
6446
7318
6572
7224
7362
5685
2997
7672
9693
5335
4787
1969
6711
6646
4585
9748
4816
6778
5128
3993
8986
8814
2227
4813
9830
4439
2156
4919
6312
208
8933
8033
7165
4399
7212
4101
8624
949
6414
2397
5504
5536
4999
8303
6577
4663
1977
1951
3873
5390
4290
4160
7091
9708
5490
4739
7915
4635
3083
7962
8625
6251
5849
3865
3799
5202
3394
5518
5619
9218
6321
7174
1369
8353
8983
6255
6600
6933
8621
2865
1081
4197
5432
8580
8093
9758
5410
3208
6802
63
2219
5314
9781
6659
4792
3240
9686
4014
3212
1200
7216
4803
4964
8110
2354
2081
7533
6220
4982
1769
6016
7941
8024
3167
8320
6033
6213
970
9180
2719
1954
7872
2779
9732
1507
9013
8782
8650
6017
5029
8877
4676
8226
9971
4030
5053
1927
6447
450
6753
3802
8719
1935
7485
749
5742
6041
6453
2573
1409
9912
4517
6724
6581
91
8709
5458
6411
3345
7878
3569
1863
4847
6131
9979
3989
3636
7546
9616
8365
6231
7847
1085
2075
2686
1497
1455
5360
8459
1454
869
4550
4185
451
3712
7335
1095
2771
4094
39
1582
9909
5550
9170
6825
6714
7538
5723
494
524
92
1025
2620
9374
259
3077
3657
9466
6858
2797
2892
7186
5972
9517
6239
2404
9439
9952
8487
3006
2184
890
3102
1885
7090
697
9698
1799
8151
8079
5671
7193
9639
2339
2091
944
9323
5540
2570
8567
9960
5602
7516
9138
979
9825
8451
943
1848
5058
2243
1579
6770
674
1700
1363
8240
7620
3446
8219
3880
5949
5277
6013
1635
8428
6880
2972
5278
522
5998
2088
2551
1793
1282
8922
1631
2526
2198
8376
8750
2238
651
4140
9229
1222
8862
4695
68
2461
2167
9725
3025
603
4947
8116
6322
6368
9505
7990
1960
2774
280
8865
6760
8201
6006
2951
2026
9010
8994
7684
9785
3144
6473
6127
4826
310
8088
9823
1798
5886
6188
7279
698
5734
1171
237
2015
8166
8264
9932
6780
2746
6262
299
9919
690
7081
8216
9425
4759
5820
5910
5779
8944
26
3823
4012
6955
2861
4172
3116
5526
1157
251
2876
9777
351
236
7269
5381
3835
6777
7614
8696
6949
2054
4320
7400
8348
9765
4018
8969
534
4724
7152
2324
6279
538
3503
3649
3230
5758
2881
2032
4923
8691
3273
4147
77
7424
6535
218
5479
8282
4679
1334
834
1233
4623
4408
1567
3275
799
2286
1797
1064
3773
9556
1830
3949
1836
1937
2495
688
1678
3490
5599
5200
2371
3156
2110
8471
7540
3676
8168
3401
7606
9410
9346
5562
3813
6970
3539
6505
3294
3396
5684
5789
6476
1838
5344
9917
5384
3915
3553
6761
5990
4388
1083
756
5956
9211
6219
4021
1270
1761
7926
6689
7191
8089
3351
2273
4810
30
8313
4232
2492
7164
6625
2968
7662
5211
7851
219
8899
6121
4673
3753
6820
3679
788
5765
3996
3140
5321
5730
9977
2297
6631
871
6498
6057
6462
8612
523
2841
9656
2751
5433
8297
6093
418
2362
5922
9490
7183
3735
2571
363
7115
65
7840
6052
1131
7258
1877
4046
3335
6905
1659
7341
2538
4092
7322
139
3983
9146
6774
8643
6847
9434
8453
3617
4700
149
9805
9575
7401
5398
3233
1919
4454
4603
9657
6257
3597
8335
5888
107
1253
171
684
9121
5177
8062
3778
2153
2569
103
8176
5287
5014
6627
2855
3870
4071
2254
954
5727
3788
4703
5101
5761
766
5819
8277
2964
9133
4277
7027
8109
2633
462
6181
8122
1786
1795
6654
6902
9108
9742
3652
3641
9600
2135
4879
4779
4666
8592
4229
143
7368
4457
3228
1683
2796
1019
2320
7525
4608
8801
882
1752
5852
6500
4217
812
4100
1489
1135
4628
1166
4016
7869
9408
483
8133
6999
3978
4341
9512
8563
3164
2745
3926
589
1146
7159
8893
8736
8858
8396
5456
1111
8957
1685
7860
6268
9547
5585
2625
9239
9532
2029
6029
6069
9683
6846
262
2662
2118
9580
431
2127
9900
7294
9330
9625
5762
7227
6493
7885
3055
5773
8928
8906
6680
3005
6054
4325
1101
8825
9419
7078
9278
3874
3782
2259
572
2536
7161
1569
7695
6448
9615
5612
5283
1433
9362
5140
4761
4074
1492
5333
7644
4522
2169
9202
792
3067
4461
4129
2739
8247
3291
8859
5714
8431
8845
206
5245
4358
1165
2811
5539
9176
6947
2440
5197
3757
641
7320
6549
2961
6249
7129
1435
6167
4785
4518
6263
7566
384
184
7432
3388
4502
4158
5150
951
4888
6679
378
3587
2604
1768
9513
2175
5601
5701
2693
4248
760
4146
7409
1549
6128
2890
9890
6508
5914
3549
3817
5394
9084
7577
4991
7829
6383
9847
9150
6075
7512
6877
3615
7166
7714
3211
6980
9389
7862
2213
8142
1187
727
3513
3008
1898
2379
613
8258
3001
4588
4245
7651
8551
4901
8107
4377
5527
7643
6152
3412
8628
2773
6512
2008
2817
863
4357
3515
6762
3726
5013
3791
5496
1865
5045
8411
7765
776
6755
2302
5327
5217
2098
4257
4510
5435
1514
9561
6598
8721
4255
2699
5232
6007
4397
3019
1604
9601
4530
408
7464
3248
7555
3333
1941
8909
8029
612
1826
2338
2358
6998
7902
7604
3919
2635
318
6470
4574
4706
6583
8683
5043
9814
708
1556
8307
5471
518
7596
1149
4556
5296
3274
8706
3682
1390
7271
4592
2840
4686
5748
6562
4526
8075
438
3537
3088
6364
3155
7331
7678
2255
6537
5756
1301
1751
8391
4422
9613
917
1988
8979
4975
6487
1719
4970
8940
4283
8423
7291
241
7913
9306
9024
6468
4747
72
6055
7337
9445
905
1321
3098
6539
1959
6250
8408
1562
3376
4064
531
1641
7299
4093
4186
4904
8028
5780
7287
1586
1950
366
6934
9562
3750
6746
3723
8570
7660
9572
9833
3737
8372
7038
2406
1008
423
9992
4846
1160
3257
1946
6230
4880
9548
7437
1989
7833
4646
3206
2299
9509
6723
7783
2833
200
3498
2274
3631
212
2564
7532
3066
9251
9766
6906
8179
9066
6046
1765
2967
6492
9224
6285
923
5919
2434
3071
6504
8043
6238
3398
7983
5577
4605
428
4126
1338
9744
607
4738
705
1333
1629
7839
865
3715
1415
1890
8673
4815
9361
1889
347
5834
6956
7472
1934
3239
9719
5025
8228
9558
501
5517
650
4532
8315
8539
526
4427
9042
5387
9187
8657
7146
4918
7306
4276
8576
9156
2060
1450
6210
2468
6185
8446
9769
4687
7095
6708
6274
3433
7116
2514
857
8560
1391
8777
8757
7683
1908
5229
5418
4143
3343
3769
3651
1693
559
4025
8699
3023
4423
2714
2849
9492
1536
4640
7883
4806
9731
2043
7240
6725
9696
5286
5566
9293
1406
8553
9178
5857
4749
9169
9268
7559
196
3136
3072
1723
7550
9396
36
7309
8288
6548
2602
1601
4953
8684
2051
1252
5718
2723
8424
8202
7329
6064
9672
4979
2491
7200
838
7343
7158
2459
3704
1756
4281
5580
2095
1682
965
4370
1255
8605
6540
5475
3020
8546
7687
8800
4425
1443
2448
5106
7118
2641
8527
3525
1098
6959
5364
7677
2270
567
8941
7808
9793
3986
8403
5867
2645
2850
124
5623
372
929
7421
4170
7592
303
7514
4032
2301
5017
8272
4657
9145
3465
7358
102
2225
376
6418
4079
2235
8155
3734
6245
7958
6542
3902
9652
3881
3671
6346
6650
112
8584
126
7222
6916
4985
3297
601
8185
5175
3938
1105
2111
4961
233
3688
6696
7492
2307
9754
3776
3714
4302
8295
1887
6206
9223
5173
926
8237
1006
2665
6754
6072
4863
4119
3546
2685
6750
7427
8164
1195
751
1590
2493
2232
9441
3584
5293
694
3124
9585
4368
2510
2795
8016
5500
6707
86
95
2770
5958
4028
4895
4410
7281
2568
9624
7429
1066
4992
4795
737
1674
3360
5839
7134
294
6223
521
6997
6182
352
1356
6034
9413
6510
4864
9135
2350
2077
8670
6605
8334
7098
7865
8492
683
9802
9191
8488
5663
1949
7264
343
7696
2014
7068
2066
8529
4862
6484
8215
5345
2271
3271
9348
8516
8556
1056
8585
371
678
7526
825
2670
6283
6923
1285
782
5890
7336
914
9337
4712
8701
5406
9453
59
114
2100
3382
9192
5868
2263
1557
7386
2457
8863
1355
8644
1224
3872
5558
6915
4130
4038
8976
6159
5784
9392
5525
1591
6134
1734
9933
880
7574
6018
6867
5715
380
1546
7231
9510
3756
2503
5325
647
3435
6050
4440
1666
2816
3216
1294
7935
4845
8568
1530
4275
8797
6892
1718
1831
9959
7104
8550
3720
7250
1425
1002
1462
5110
663
488
5146
7344
6420
3143
8304
9861
6078
9630
8514
7852
4566
8806
3357
1732
7692
7272
3100
1550
6584
9990
9272
2572
5076
2671
8401
2278
1392
8485
1199
430
6361
6045
4387
1739
8955
5401
9246
4111
2996
3950
8380
8836
7681
2407
7156
4924
7745
2142
1668
8472
8916
6863
9295
8031
606
798
9743
2484
4486
3842
3999
398
6139
7470
8604
2584
9426
4218
2866
7932
8405
9816
3830
4003
3849
6357
3812
9792
8184
9326
4528
6522
5763
6235
4404
693
7976
1475
3800
4668
8128
7871
7608
158
3147
3180
83
811
6353
6788
544
7910
0
5513
1112
1046
975
9669
9533
9943
1621
5626
4921
1348
2154
3721
9866
5134
1150
4978
6990
2427
3270
3158
8246
1728
2287
4931
1669
292
1228
426
4839
3074
5842
1519
902
4355
3407
2807
3579
609
9493
5845
1308
7674
4584
9429
1434
9298
1942
1828
7519
7639
4984
9487
443
4719
2845
9666
6667
6370
1030
2107
7445
2805
1297
8985
1484
2764
14
5495
8170
9936
3941
4728
4006
7631
4643
6445
615
8698
3510
8642
5091
9665
9275
8285
2147
5674
3162
4698
7402
9059
9019
4591
1617
3337
9350
9794
3655
6623
1783
4827
563
7303
3736
5409
11
1971
1198
1387
1584
8742
6596
2028
3794
3408
6244
5901
6506
7547
3224
281
5702
5118
8503
3288
8739
8873
1461
4456
1974
4065
4568
7328
9987
999
5111
549
4184
9379
7529
9531
3755
2038
1451
5340
6968
5174
3451
7938
6480
9157
2733
5501
4671
3475
7530
4157
8795
8455
4284
1063
1900
8131
8239
2393
7032
2084
5617
8404
660
2932
6574
4878
6475
599
7730
6670
2742
8049
9364
2486
6835
1034
942
5946
7649
1028
3845
1172
6645
8695
8283
9115
111
4330
2651
7112
2244
9214
2561
6158
170
6019
4322
8244
998
9126
519
8770
3822
989
5371
2948
9573
4508
5799
479
6676
3062
4772
4001
2955
3677
4156
4379
1054
4968
3672
5028
3110
1711
9049
7380
9857
1404
6839
2998
7405
7561
4103
6191
3464
9190
8961
3215
6766
2230
6632
4419
7387
4536
8743
8470
4950
7625
9290
1408
8660
4031
3940
9463
8382
4374
7603
968
9077
3082
3511
6421
7775
7521
407
7505
4805
9339
761
671
6472
503
4594
1804
240
614
1614
7748
9333
899
7234
4516
1309
