9354
7415
4813
9849
7101
6736
7225
1662
600
5040
5474
895
4017
5640
763
7441
1785
9636
8641
8451
6164
1385
7595
3885
3278
4585
8789
2893
6905
9362
2006
951
2331
1223
770
2738
5879
4046
9981
5669
238
6212
8505
9243
5917
6425
2183
7477
2736
8765
2438
1975
3856
8859
5757
2681
7230
4901
8147
2319
5204
5912
2745
8029
196
2612
2984
2930
5314
3581
3382
2598
1788
5027
7735
4347
8190
2052
1092
5125
6269
6909
2618
5117
8680
8175
3371
2548
5102
7393
5396
9825
524
9668
281
9889
8209
4044
4394
8092
8724
4845
8068
5556
8888
5575
5064
4449
7360
1771
4786
9652
9601
5859
7880
6138
7677
7251
9555
4967
2590
1986
9719
1497
3670
9878
360
9863
918
6661
1388
5059
7753
4769
9874
2367
3157
6330
290
707
1751
7666
8640
9879
7745
6828
1417
5715
8574
1348
6659
5015
6618
7652
237
781
4290
865
7606
3264
5903
6193
6217
7841
6443
2068
6309
5869
795
2566
1312
5401
2416
8452
3720
3477
4485
4903
2095
5450
9033
703
8860
2083
6717
5729
6177
9525
5421
3032
6756
9654
5837
5433
1446
9497
9791
2975
3675
4420
4913
217
1627
9341
8258
5311
5880
3301
6860
6946
3386
2932
3026
7810
3531
2874
9439
7581
1080
4107
2997
9097
1090
8711
3097
7807
9505
5021
8291
1961
8458
1415
307
8178
3219
6861
2490
6734
628
7439
4810
3490
8998
9795
7305
609
1383
4923
2591
6821
2066
6770
7019
3528
18
8418
3112
6888
1648
9368
6932
3096
1189
1370
7110
2101
7958
5958
4264
7720
1959
8556
4245
4109
2432
514
7134
5349
2156
1016
571
1052
4487
7896
5139
6564
7864
4235
4838
7931
967
1267
4944
6643
6484
2294
5412
7798
2289
8230
9548
5344
6940
6481
1301
8981
9036
1171
1752
3364
9817
5378
6924
8354
8039
5404
9413
4592
5800
3010
7592
4188
6191
8660
2810
7758
6219
6190
9758
528
7122
3630
5959
5611
2187
325
4780
6831
7818
2168
6703
743
4540
3474
3927
7026
2868
7190
6044
6094
9507
1028
408
1122
1027
2980
5838
2074
9274
9255
6693
9344
7355
5383
4657
8831
3134
4833
7620
6781
5453
9467
221
9895
3271
4742
9289
8307
1741
9609
6110
5705
445
6375
3816
2938
8960
8240
7844
3713
8200
5449
2211
3171
513
2654
2495
338
3770
6204
4224
9296
7195
8963
3399
6150
6966
8381
5582
8153
3728
579
2264
1041
6308
488
3126
2109
6988
6476
8725
1293
4790
5031
7182
2188
9305
9672
9192
3514
3756
9835
4237
1960
844
9740
6239
1237
8289
5329
6304
8439
7340
7618
493
1608
4523
2798
4051
3035
7622
3051
4920
2102
9153
3358
8734
4270
3610
3527
671
8602
4311
7431
424
2051
5950
7514
2162
8642
4588
1827
5841
9860
9248
8434
9284
8815
1890
3857
1035
3135
3085
392
4392
3274
9225
9911
3649
9238
8027
3593
6354
3618
852
4238
525
756
173
3544
3050
1957
5843
696
3688
8933
3532
2087
1843
7492
2197
7331
9176
2196
5153
7969
2741
9697
4389
4052
6858
3615
7800
351
3425
465
6667
4139
3556
9433
7785
850
9757
4630
8179
5635
9538
2689
8154
9359
466
803
5230
3842
8562
3620
5291
4416
4242
5302
3282
7733
1982
4819
6502
9632
8483
1319
6381
5593
7651
745
3765
9933
3918
3033
7815
2421
4413
1287
5162
5467
4055
2715
2127
2247
2791
8694
4930
6772
7271
4349
4775
3214
5629
3188
6159
1369
5599
7976
6107
3031
613
632
586
6326
8385
4528
3124
615
3744
4491
5171
5290
2150
5364
1546
5656
9240
7552
857
6622
492
5143
2608
7950
5771
9468
1329
5121
1288
4110
1161
1823
6389
4951
9398
352
8199
6605
4864
7860
4525
7921
8883
8050
1295
5867
5493
701
5078
8515
1806
8243
4607
988
1166
1610
140
8533
5438
5551
839
269
313
251
9695
4315
6964
2915
2840
2160
1184
5792
2709
6158
7762
7260
1936
2152
8947
9165
5644
1536
1149
2344
402
4669
3004
4296
9712
4703
1933
6392
1275
9841
573
6779
1675
7898
6789
3795
6954
2023
5122
7178
3808
4889
9054
2633
5003
5039
5684
3511
700
1873
7286
242
2892
3150
9008
9366
825
903
4393
9167
3976
2079
8812
8181
5568
8940
9983
2985
5816
783
9810
4938
126
4582
6987
5821
8377
4232
280
3224
734
7071
9470
3768
2843
1468
5921
7423
2948
4032
7314
8372
9273
909
1869
6742
8877
8448
6243
9482
4675
2371
889
4991
9191
3269
6969
9820
2720
2494
2819
5475
7781
1180
8101
8330
7987
8742
5836
5517
813
9208
9185
6139
3937
7929
8015
5801
8357
6876
9138
9002
2488
86
7685
7149
3027
7189
4590
2569
1356
6421
1680
8411
7802
1126
6414
5361
5199
8172
236
5231
2261
4251
5905
319
5347
2905
8722
2546
5989
7378
2157
2227
653
96
115
1871
1691
9409
3601
343
6999
5672
3913
886
3887
6473
5416
6004
1227
40
9743
9762
7185
1553
5835
9116
9745
685
1265
8760
249
8140
4481
8074
6083
7521
356
8476
2839
266
2920
4939
7161
9074
3082
2927
291
5126
5698
7881
987
5439
9918
5877
7628
2847
3753
3034
31
7475
3119
4141
8110
420
9688
7621
9561
1102
521
4502
6985
8855
5983
7060
304
8285
3462
5089
1895
5786
5697
3972
708
5578
2103
7936
2895
6498
6042
5502
5030
1398
5236
4216
4636
6763
2356
4521
6715
577
437
3048
4983
3552
1403
1088
2852
5303
6019
2054
7450
6205
1104
4898
4520
8992
3107
2267
585
6292
8367
6328
1784
630
2467
4054
2571
9340
7875
3251
6829
559
9732
5782
6544
4004
3472
2680
9944
7256
4897
7586
1990
3290
7001
6379
697
1591
5146
3577
8049
7790
2739
4012
2254
7469
8530
7746
4448
1054
6768
7744
5432
2043
3284
1094
5425
20
1865
2243
8417
6869
3813
4807
7877
5943
4214
7508
7328
3200
2143
6989
7234
218
8954
4138
2314
9724
84
7442
617
1697
7217
3145
5885
5240
1449
5358
432
1322
7150
7259
3165
4917
8471
58
9549
2574
2444
8157
2956
9754
6520
8473
4406
523
4350
9164
7213
7107
1125
504
7756
3281
1970
2418
67
1655
5809
5277
7640
5414
7826
2166
4743
782
5634
4616
9491
9972
5041
1724
4360
9881
9969
6113
4615
9426
5777
5213
7369
3297
7289
6585
892
5463
2684
8374
4966
293
2722
4603
5618
7319
7130
8972
9388
5113
4194
5471
3880
4096
8676
2451
1654
4321
5284
7143
1525
4601
2575
3049
5492
1721
6893
4745
1463
8102
877
2313
2483
4659
9288
4870
7635
9239
6652
6312
2925
9371
7680
7839
4766
9640
1909
235
9738
5504
2485
2206
5455
1688
6976
3189
5503
1916
3139
5940
622
150
4639
311
670
2686
4539
3928
2914
9726
5728
8776
2361
619
1903
6368
1663
5107
3469
3175
7988
1728
8772
7728
1488
7400
9120
6746
2119
6294
9734
4535
470
6692
4554
2025
5163
7574
5788
9306
673
7718
4945
2362
916
1868
5437
836
6141
2403
1384
43
8048
443
1830
650
4906
6929
8938
6406
7244
4444
7181
6575
1566
2762
3487
2845
6176
9088
2969
2132
3389
1814
1962
3959
2619
1994
1280
7672
2783
997
6998
7927
4019
5613
5400
3030
1464
9317
9502
7565
7078
516
1302
9367
4957
1646
4033
1412
5090
337
4977
4409
5263
4428
8251
712
8956
6801
9421
934
9837
6765
6136
5818
9528
9761
4824
7619
2499
16
6011
1340
3626
4519
5547
7601
5874
4915
7544
867
4964
1876
546
8715
471
8773
400
2814
5161
858
6427
7082
2374
3172
6250
2539
1250
9227
4734
6462
8625
467
8332
4648
4317
1555
5973
5061
1833
602
2232
449
475
755
2831
4522
990
5849
1084
8524
4463
6218
3231
1005
3639
7608
7711
9471
1231
8790
4549
6616
1514
4764
4885
7772
1834
5789
3407
4233
5667
1897
9615
6433
4959
5354
1964
155
3750
837
846
9166
6834
8035
6081
243
2228
7425
4212
9025
2208
5727
3827
1443
8238
7074
6208
2464
7963
6803
2774
9921
7368
1573
5833
2257
2527
6577
8546
9347
9190
442
1786
2149
4701
5696
1151
7334
6013
4652
1937
4699
284
592
5647
6297
3250
5000
2060
2922
8573
9403
7406
2222
3464
4905
2707
4092
4241
8134
3580
6114
4154
6574
2423
4872
8347
1624
1864
929
8893
1036
6685
1423
4633
3198
7203
7437
5866
8803
6430
6867
367
4978
1402
17
175
6911
6627
2401
3261
6737
3432
4258
5846
1135
5894
2645
8563
6807
4199
3967
7117
5222
3656
6006
2124
9142
2345
3258
8959
7532
5919
9473
4476
7799
790
5951
6287
3964
2191
7644
6908
6784
8042
3542
4634
419
779
2415
8264
4564
2678
1024
9785
2825
2353
6698
3746
9589
3600
7220
679
9630
7153
2300
7466
582
3431
3763
9417
9781
6896
792
519
5929
7962
1824
720
4573
1156
1692
5762
230
8978
4517
5093
1759
6439
4286
7888
7777
1262
3726
5137
6886
8340
735
2637
7570
1178
1112
3246
6649
288
3101
5605
305
3867
1425
9923
3894
5707
3554
3342
3848
8597
9358
9372
6095
7239
8730
6302
3559
6387
957
3325
9245
6409
8779
4625
3166
9904
2234
691
7616
5692
1534
1631
8322
3714
3526
101
9357
1664
3415
297
5096
6968
1535
268
9628
81
9557
8343
2170
4292
8578
2876
3379
3952
7275
4686
719
1547
7967
342
391
665
647
4677
941
623
8380
1619
6959
1006
4147
8771
8161
3695
3
206
197
6722
2135
51
2750
6418
1922
5949
8490
7993
2803
5742
5713
7840
2538
9882
6853
4025
6464
2134
9769
7603
8001
2246
9683
4718
7723
4762
1469
6883
5948
179
3159
9189
7008
4580
869
5179
3335
4998
6808
6143
9735
3796
8350
6512
7665
5312
1228
4940
9872
4818
1108
9660
8252
4325
4757
4248
1889
3442
4450
8721
4022
8043
1523
667
3899
8589
3659
7253
2479
1137
3955
1440
2807
348
6542
192
7219
7862
4313
4524
6568
9591
5274
1816
6483
456
6435
2983
4802
4402
9123
4368
9575
3666
1551
1483
2299
4236
4002
384
3996
5214
1031
9902
2037
7771
2934
9686
9057
7309
1595
3228
3381
946
220
5704
6320
2397
6027
4979
553
1714
4301
3245
4855
3272
6646
2568
7459
2290
1255
373
8649
3981
1105
2632
1234
6384
554
7504
1317
5521
5589
9045
3912
3280
9496
2879
3208
4082
6581
2009
9177
7594
2048
2131
9183
6356
7485
856
9706
6120
472
4382
9523
5016
201
6611
4965
2976
9545
2466
4042
557
7435
966
3059
3908
7085
820
5544
727
7593
1434
3262
1511
298
950
3785
2787
200
3733
7151
8187
9602
3334
847
4668
4174
5784
6874
580
5322
7764
677
7499
2910
248
1652
901
4093
257
9792
2118
9411
7287
4593
3521
7410
9325
1432
9919
9143
9346
6565
3940
8287
1155
7822
457
5483
8008
6341
4916
6363
7033
8170
5720
5621
4676
6428
2617
1575
2596
7379
6023
5009
8568
1929
4202
2646
9550
5734
6468
1542
5740
6748
8193
433
3495
7391
9922
8836
1693
3966
309
189
7460
1284
7180
2297
4163
1984
4904
6457
896
9727
9139
8404
5967
4455
1175
1597
4307
3596
8348
3160
6049
5095
4850
8615
9891
9709
2142
4753
8402
9866
434
3608
8290
898
8551
552
7443
9278
5549
3313
7554
4569
7020
244
2579
8274
2141
9567
1776
6567
2733
8554
6637
4816
9736
8693
2782
6601
3658
532
7270
4887
3797
5082
3674
7994
5149
9937
3475
7549
765
6102
3942
8339
3722
757
8236
8794
7308
344
7184
6639
3095
3968
385
9707
3754
5140
7480
4410
1204
3702
5345
652
3013
6482
8156
1244
8311
5687
378
6045
1710
788
9418
9464
6321
118
8084
2419
9159
6078
2536
975
7578
3876
4079
8273
240
8059
5066
2011
9244
2412
2726
766
9822
6798
6749
3534
3530
8466
6460
8260
5924
3179
312
8233
3086
1657
147
1819
8643
7999
4892
7643
8231
9742
6866
7497
2639
7805
8697
4909
6716
9353
1564
9395
3359
1605
9360
7489
4456
6224
7523
423
5534
4135
4271
7847
1095
6357
7448
7062
5982
7957
1858
2080
3860
3255
2929
7710
1341
1192
1571
3558
5037
5375
9677
4658
4946
8651
160
6654
7917
6249
6211
2966
7774
8024
8774
7463
9824
5472
1987
2909
4800
6179
682
693
1148
9641
4713
3088
4252
2477
3625
3343
1393
4020
7427
3546
90
3627
8646
8824
2036
7836
8078
8022
6413
4651
4726
8016
3332
9301
2697
992
4729
1930
8799
9342
2278
3321
9844
7236
3907
6945
5751
9833
4175
1717
4527
9942
4464
3537
9373
1355
7939
1224
1106
1361
3925
9512
9090
5206
1252
2585
5637
2447
7926
5278
5606
3692
202
2445
2021
1789
3113
5815
9729
6429
9508
6875
3497
9303
9201
4429
5010
6843
1629
2863
7139
1659
7732
430
1668
6971
6127
3500
8191
346
5931
6855
4142
2602
9249
4836
8288
506
5840
6060
5170
5645
7830
7501
3758
7119
5632
7625
9415
135
3491
9126
8488
5355
8041
3576
7500
7572
6892
3903
744
215
8392
7445
8611
6719
59
9158
9788
8622
547
1902
6067
4003
8974
2376
3983
2754
5748
450
1815
816
4759
7795
2981
2256
3567
6751
7043
3772
2818
5371
8508
706
8810
7865
8292
4792
7303
4365
3775
404
3473
8019
8298
754
8979
2794
8821
5275
9943
6529
7533
5783
6818
7483
3697
489
576
1294
9595
6
3711
3087
562
4795
7419
7996
9198
8872
5186
6268
9110
1401
4624
1782
6317
2600
4529
3471
8850
4868
1783
1249
2779
4285
4553
3183
3578
8768
4169
5926
760
1739
1530
9252
8365
3307
7231
7754
89
5956
9007
2199
7571
6937
4469
8073
3005
9611
1229
6353
1761
2210
8069
9897
5271
7333
5266
8701
2734
7047
2192
4877
7482
608
8977
4386
875
1130
8654
4571
9019
5070
2215
612
1055
8575
9037
5256
3525
8995
804
9562
3569
1893
6009
5766
329
3616
9256
6056
4431
9334
8626
8313
963
3266
6252
6793
3193
3127
8785
7624
5448
7506
8667
7109
3631
8838
8326
8727
8407
390
910
3401
382
5960
9666
1870
4460
3149
302
7204
7055
4853
6881
7727
7209
9682
9237
6586
2941
148
9511
341
8281
2249
4618
1699
6864
2716
4279
4075
1821
927
9389
860
5753
5965
4948
7214
6848
3613
8844
154
7639
7091
1614
8036
7433
7083
9704
2475
9845
5913
7414
444
4288
4056
454
932
7550
6977
6699
2128
6184
106
6925
6731
4453
1905
7049
2946
7077
1230
6235
6995
977
2944
2522
4195
2263
8431
981
3818
2793
6852
6814
9869
6055
1626
7870
8887
4560
6021
2047
7168
1874
5510
8032
1836
4217
4190
6910
531
6696
6890
2363
8197
5080
6854
3506
7737
3151
9620
7882
8927
6488
2664
9034
4665
3832
3846
9174
1153
8337
6730
8094
9006
7505
9929
1033
2262
1457
4710
8119
772
8580
8132
771
4495
2965
3646
3071
6012
2059
3533
7649
4345
7487
6340
7176
1910
7536
6697
5115
1
3778
7449
9228
6174
5267
1298
7952
709
618
5668
8884
1770
3505
3737
5272
74
8753
1460
498
6508
1421
6740
8555
7765
2167
2484
1307
3859
8599
222
2676
1194
7215
3437
7662
2306
5769
2917
417
6996
8784
4114
2561
3990
2396
8675
9868
6037
7843
2039
3845
5796
4457
1207
124
4080
2660
9768
4660
6584
8225
1587
8862
292
2592
6325
8378
774
4375
1049
4
3921
5628
4852
3920
2933
2448
5860
8040
6879
8740
9001
9959
6001
9308
9518
8148
2627
6877
8317
955
1689
4767
7985
5735
9985
6790
4467
7863
9587
138
5569
7684
2700
4952
8511
8885
688
7202
9075
7932
8312
5671
5055
1182
8560
3543
3099
2120
21
4048
9563
2456
2410
4170
9673
2388
6753
1963
5006
2699
3125
5351
9619
2878
2469
7293
1754
4858
8619
3771
4874
9698
3562
5822
3152
14
413
884
7690
1928
9053
53
4193
1181
4697
1375
6155
3690
8858
435
1097
1218
8786
3634
162
7464
4172
2954
651
6580
479
1269
9696
1939
7876
366
4505
659
72
8623
939
4041
9221
5781
658
8813
7653
9594
4430
3696
7792
3239
1352
8265
3053
2698
4860
4162
6151
4531
128
7385
2661
8547
9997
5077
5595
6810
841
3296
607
5636
5225
349
9607
2765
9382
8710
9031
6018
4687
8095
2758
1913
7345
9494
4811
3194
2846
9606
7676
1636
3073
2871
537
1414
8925
1643
3628
34
2889
4283
8255
1604
742
3780
1476
7834
9364
4387
5424
6170
332
8214
1430
5376
2558
6762
255
2231
5939
639
1263
2413
3924
4629
5106
8428
9596
4857
1887
9128
7278
9327
551
9400
2693
7177
8077
2501
6477
4646
4344
5559
26
4768
5
8534
1496
1019
9052
9780
5111
3736
6610
7915
6982
7575
2185
6556
9713
4914
2588
8338
9805
9402
23
6537
119
7626
7268
5855
8801
8324
6090
1187
1577
4376
6047
9401
5858
4848
301
3745
4362
6407
9152
2073
3480
4568
5900
6666
2692
7919
3822
4717
9443
4719
1704
3221
1723
9412
874
9434
2244
6050
7092
3879
3540
3080
3553
9569
1832
5804
8873
2963
5904
5987
5217
8951
4834
3319
5812
4461
4623
8833
6680
2947
2535
956
1278
7164
3233
9082
3909
3612
7819
8909
9493
3070
1200
7907
9819
7429
3731
2390
8136
3211
4087
9436
8308
8689
7279
5457
8525
8539
104
4854
7706
8188
35
3538
9783
7336
1056
7935
840
76
6710
4589
2092
3390
4664
863
7229
4229
3698
6728
3648
9957
6140
7232
5099
8708
6516
4011
8461
9624
2086
6606
3869
9253
1030
6345
9689
3989
2453
561
8164
6342
4427
2924
3655
660
8478
8756
4354
2496
8698
3717
7254
6809
2789
7129
3917
6785
5057
9533
9391
9003
1892
1318
958
6220
3254
5978
6895
7542
3392
1206
549
6230
448
8477
6262
1078
5829
8166
2173
5798
2056
7691
2381
7481
8467
9081
2441
7589
5601
7740
4493
6245
9613
1574
3003
3213
1581
1676
4771
4183
1296
5487
2057
9422
5882
1409
1645
3436
6257
8160
9469
9659
8752
7079
4869
6348
3374
8571
9104
1420
4867
4556
1238
2058
2648
6791
6531
5623
3176
538
5579
7297
3041
8301
7605
4090
4319
5888
5872
3237
2717
8746
6109
1740
1701
9520
1422
5268
4280
330
3098
219
8482
2919
8561
4693
6327
88
8522
8203
5025
1127
7228
5058
4837
1043
8018
2497
5192
9854
2562
4255
9893
3791
6683
2512
3240
680
2751
7343
5937
633
7179
5689
8806
2116
8686
6872
8608
4962
8454
25
3481
9223
5996
7648
256
8126
8091
5981
2694
3207
1851
8208
2394
3178
3609
1558
6082
7701
2253
3201
4471
2040
8185
3752
5392
2882
4007
1765
2065
9207
1065
3820
7491
9661
5131
973
4390
1179
4918
9211
3803
8713
6904
7525
3884
5553
7986
4230
8012
657
9405
7623
6338
4498
2272
4346
8535
5092
1264
5851
8111
8966
9515
4327
5497
8894
6066
2378
2921
3678
8104
7617
3118
5342
8630
3548
6441
9532
0
3391
2122
8544
2053
868
3173
5749
3975
2163
2298
9437
8648
8536
3570
907
3807
5294
1841
7519
5442
7583
9499
9964
9554
453
6941
8616
5514
2902
1253
2894
6137
7452
9973
5135
8087
9912
5805
1342
9828
7667
5208
7299
4755
331
8762
1572
5828
5529
152
3547
1835
3509
4256
3267
4039
372
6014
572
6463
7486
7705
7296
6053
9127
8726
3901
741
6244
8618
1113
5653
1804
7097
6231
7515
4124
4670
6474
530
2071
4034
7700
85
5132
2821
7257
4253
9801
3854
9425
3336
9905
7998
9336
3557
1261
7418
2332
9755
2696
9233
6903
3636
1364
8125
5986
8045
7973
5196
5622
5658
5633
1154
3998
2523
87
4496
1537
1807
9829
2960
8848
7531
3170
6111
5673
5398
4561
3316
5620
5052
5203
1594
6655
9665
1829
676
961
8075
5130
6086
2657
1944
1943
5974
3863
4077
6636
5332
9646
3318
7353
593
4826
7937
7494
4574
2169
5909
5333
8121
1066
4200
888
9711
3199
2677
8169
3915
2369
590
4475
2582
7682
7022
3541
6915
629
9328
3253
3058
7831
5060
2710
9642
8861
8066
300
4308
9648
5580
8033
1681
2020
6702
8538
8545
4473
6486
8737
5465
1119
7370
8180
8174
7144
1354
2281
7061
9029
6612
157
2341
2913
94
4465
7517
832
6015
8021
4446
3874
2800
5923
5998
3317
3055
3694
6525
6690
57
8072
2576
6386
9516
7351
3811
4696
9136
7205
7942
6175
425
8629
6947
6459
1991
146
1867
8382
6695
9293
1327
1235
169
6124
1069
2270
3426
9035
2354
9431
9790
9205
166
6331
9445
3640
4385
487
9226
7158
3607
7034
5722
8962
9148
993
4424
2189
6991
9424
1886
5313
7590
8141
9156
8840
9311
5348
9085
7233
7031
5562
9752
5758
9956
357
5249
6967
589
6679
6188
2357
5043
5017
9747
730
4683
6957
7430
2177
768
8391
9626
9114
5717
4861
3529
2813
4159
7837
416
2487
4928
855
8635
8278
5053
8997
6344
6180
6236
940
1290
4507
4145
9049
6247
6152
8911
5610
7173
949
2614
9908
8712
5741
5079
4896
3741
3451
272
9916
1286
1878
1526
9767
7157
4085
3777
8543
4036
7118
604
2382
5044
7039
7660
6395
4537
7174
5810
5893
403
7954
1408
3314
4632
4712
2296
2305
4682
1077
2978
1980
904
4692
2269
6169
6410
9831
4150
2768
6688
6797
4721
6583
6160
534
7263
7146
2507
6043
4882
5947
7948
1907
6167
5292
4609
5142
9931
2472
7559
7187
7148
9004
8005
6315
7335
1734
3120
3729
7910
4143
7276
6263
4628
710
9224
6589
4287
749
1742
1706
2225
5112
2450
4419
6017
1683
1140
3128
1353
7522
7564
7332
1746
9818
6980
8777
698
5561
3598
8904
2081
9786
4111
9250
4724
2237
9331
6638
6880
1221
7210
3575
980
3293
7900
5151
9977
2724
9670
5512
796
8923
5232
2176
6173
8863
184
1800
9991
7974
9671
3882
1134
8267
4026
63
6355
1866
3108
8691
7717
6314
1378
410
9784
8617
7100
460
9450
6492
9350
8943
2705
2174
9925
5316
7292
4820
5541
3645
5386
8915
520
9230
4995
704
5415
1270
1068
1426
1616
11
7398
1919
9179
440
3298
8247
5612
2347
3368
239
2918
3429
515
3653
4705
7990
9804
8090
3121
1109
7315
3202
822
318
4662
8612
799
9051
1570
6115
914
8766
8299
9789
2293
4168
8168
8989
9476
7556
8718
27
5074
8481
9975
1018
5933
8212
4352
6795
9063
1977
7063
5380
4534
8316
6935
811
1556
2221
8440
2620
1757
7546
8310
1283
2325
1510
2974
2194
48
9200
8195
8906
9030
5168
3888
3478
263
2471
7135
2756
4294
4863
9519
6452
1513
3212
7242
6361
8814
4211
7944
125
4971
1589
1612
3270
7638
3536
827
4774
494
2907
9479
6455
5128
5029
9263
9333
7191
4594
3043
6745
8453
9046
2429
2033
2542
7741
2219
1515
9206
2610
8688
1057
2875
7972
3452
7245
339
5808
6372
6590
6918
2971
8216
642
205
8295
5018
8847
7813
347
6074
9715
5409
6032
5466
73
7940
4305
6550
4986
2832
6020
876
7674
6764
3946
8044
3012
4503
2869
7838
1947
8144
4010
8100
5661
5714
9330
6415
1075
2470
8064
13
5357
7354
3372
2091
203
3241
1763
8870
5515
8387
3227
3550
4018
5065
3783
5546
3459
6673
1260
7749
8751
3549
714
7280
9213
787
3782
1781
2833
2076
3700
6546
7555
1988
6551
3017
4684
4709
3433
6412
8306
326
8512
2224
1299
3539
469
6986
7014
5706
8293
3077
4484
7885
6804
5156
6830
4541
798
9692
7175
474
1020
1972
6285
7105
1737
2554
8590
3504
3344
4530
6934
6130
1358
8082
8400
6579
7068
2688
2165
4203
5391
6530
7132
3910
3259
2524
8499
1373
7424
8117
6076
5520
1828
4417
7615
6216
9021
2016
9541
1638
3181
5590
4466
7816
8445
1700
8215
8034
5486
7846
8961
4809
4536
7453
2651
3427
9018
3142
7905
3047
9941
8432
2107
4806
455
8829
894
9775
2945
9582
4956
6898
130
3652
9420
5234
8138
9404
5631
1559
8564
6000
5423
8007
278
6794
2667
8653
529
996
5565
518
9553
3408
2333
8898
1640
7152
7162
9875
9319
7396
483
2811
3315
9026
4695
234
5176
2041
5038
5197
6553
5892
512
7561
8664
7432
1073
8917
4708
6645
4542
1912
634
7040
1100
6501
5555
4205
7389
6242
1861
7059
3197
1760
3849
1328
1485
3829
5596
3007
8235
8707
5624
9348
6373
4146
6938
3273
2309
7866
4728
9162
6960
5780
1950
6951
5485
3847
188
2209
1098
3348
8241
4261
4961
7163
208
3394
3044
4690
9285
4445
6732
8462
7960
5852
9481
9802
6434
4331
399
1466
261
3826
3886
8767
3721
9484
3740
2853
3862
6510
8246
6720
9363
7752
3235
8107
8842
1747
4094
6780
3657
6850
7194
3900
7046
8953
8070
2711
9270
6825
2136
9416
1522
8627
5215
747
1038
7724
4273
8112
5811
9267
4647
7042
2216
1637
3309
5587
9365
9590
6080
3960
2181
4694
2673
2288
4422
8527
1366
8899
1413
581
2634
6490
2038
3304
9486
8679
7566
4366
9655
7223
9265
4902
6237
2861
1285
3520
2704
2753
3682
6092
6844
5241
5219
3709
9323
9681
1372
7791
422
4494
8971
8262
7543
9091
7524
8183
8868
3804
4532
7264
8866
7249
4558
4330
4314
4281
2714
8249
9098
6836
6246
9529
6087
3355
2989
1999
5413
9858
267
2749
8067
1435
6073
6686
1952
6540
5273
6298
3571
1974
6921
9005
5824
5382
5033
7365
247
6299
3040
7186
7274
8896
7363
8283
7007
6682
8565
8553
7066
2360
1300
2003
5352
4421
3143
6369
5626
5081
6281
9277
9215
1797
2233
4847
2792
5154
1883
979
2336
7600
3948
627
8980
5150
6390
2636
4328
2350
4741
6900
7793
9766
464
3046
9251
9015
1046
6189
6973
1458
8210
9076
1650
7776
8369
594
9028
737
5666
9338
8802
7811
9759
2580
1289
4859
5938
9859
9272
5690
2778
5889
6952
7780
1726
6677
7159
7372
9961
98
9260
1360
3566
6426
7726
4396
2104
565
7686
9446
1677
5614
5067
8579
1563
9178
3230
4128
7461
6647
3144
9763
6367
1492
9725
5651
3518
9605
829
8359
5481
3416
6771
3449
1767
5966
163
7630
56
9559
5657
5576
7041
5585
9930
1176
5454
2001
6523
9321
7845
5202
401
694
789
7112
3760
6200
8628
6965
4543
4104
3489
2398
3482
1949
7707
116
3661
9247
7788
9287
9998
2723
2968
1406
8610
1061
5936
3385
1133
2713
22
6215
4072
7668
7577
6871
5108
3146
8864
7938
9551
8900
8920
2662
3999
924
5191
2273
6603
2799
7075
5201
8220
5262
9448
3109
7212
8677
246
1872
7671
308
6955
7537
5853
9477
6002
3933
1725
7899
4153
849
3585
105
9680
8460
5105
4598
5119
8393
7367
1617
6566
631
2727
6648
8202
9884
2514
7344
6358
2392
9846
5324
4997
8588
5832
7037
4490
4832
5648
1720
4501
3247
2077
7995
2238
2255
113
4198
9886
5254
1324
8270
1059
8763
52
2172
1436
5165
7903
3168
1397
8919
1730
4583
1862
6265
5072
5098
8852
24
9649
7766
814
1086
5861
5915
3519
7114
5464
8681
6767
4058
4140
7211
5726
4671
4268
9861
5370
4014
4878
8331
5280
5226
2323
6994
9050
8502
5763
1021
3404
9286
8748
3174
8403
8055
254
726
5194
699
5652
1000
9280
8795
6334
3439
5955
8081
7567
7290
9544
7750
9876
913
4508
1779
6197
8065
2563
6704
2317
5152
4899
9133
1621
1715
8457
8781
2062
5048
8684
6008
8106
7222
7886
3327
5373
1344
4947
762
9203
9055
3587
2351
4992
5779
9300
9242
7853
8321
4722
611
9751
375
4591
6370
9337
5993
7409
3680
3222
7891
6472
7402
5397
4567
8419
2826
3619
6558
3110
9488
2395
7520
4071
5264
4369
8743
5393
3708
2218
1349
2823
8903
1320
4638
6823
5941
4794
3373
141
897
5663
5975
3560
2311
7145
9733
3029
7238
5062
3330
1550
7661
3417
9614
5827
2744
3078
2630
2589
4401
3256
2687
8120
4165
2996
1649
9147
8098
7610
4136
721
6674
556
4031
3268
5592
2767
8793
7510
2334
3993
5319
6761
9218
6289
1744
9195
2114
636
8603
6310
9150
2964
3691
9581
2144
5494
5326
769
4963
3236
8416
2075
5367
5814
1203
4372
5745
8415
7283
5935
6062
273
9451
2046
9663
1764
4310
568
3799
8952
1345
6260
7045
6916
8601
1743
6305
4117
2422
3367
1186
7479
7030
3287
3468
2599
9821
2525
1477
9799
818
6351
5675
1138
5216
3395
285
3075
6981
2291
4557
4227
2030
4260
4073
1396
5677
3824
5209
2764
9637
3605
4791
4545
8759
4023
6271
8261
1918
7032
3743
1888
5499
9027
4040
2515
3326
3091
2761
5242
8889
7982
2519
9888
1954
4599
2200
3905
1486
9111
3009
8474
7142
2292
1419
5127
1811
7465
9857
8604
1682
6669
2279
4101
6970
3603
1120
7712
1647
7131
129
7255
9059
4793
8526
194
6518
3076
8905
8425
4704
9463
3638
473
9962
6572
4602
6563
4760
9172
7138
2725
4113
8410
570
1983
4348
3300
3669
2093
3345
3081
8355
2251
5963
2179
4968
2337
3308
5084
7516
7024
1259
2342
212
6186
8014
7064
4065
649
368
5283
7889
8739
6729
7352
6445
3147
6202
397
9
3037
4291
9135
1850
9867
2721
5403
7456
1124
3249
182
9952
6079
9917
4436
5293
5573
1315
2465
9504
9721
4994
9370
3622
1565
6461
2995
4439
5223
6270
276
3162
6276
8690
103
2096
4303
9537
4414
7458
4989
4266
5577
10
5790
6838
2796
1233
9361
7208
1281
2923
1635
1205
881
5795
9779
7058
2808
9291
9298
7006
3488
2063
4999
2553
4996
2640
5341
497
8054
7266
1451
9645
407
2872
3535
5331
5175
136
4100
986
8585
1332
7930
805
584
7156
2530
6496
9146
1569
4131
6324
69
3111
7165
9194
6617
2992
5971
6557
7155
786
2252
2748
1585
7609
3186
2110
5908
7324
5427
5554
7857
4293
1679
9105
3701
4829
8854
9560
2482
7548
7770
2885
656
6650
728
4808
1323
3130
7307
9077
441
8678
2666
5369
5087
5479
6303
9853
2559
9676
7035
6279
6064
3992
2537
4862
9920
2663
2595
7824
1158
3837
315
7757
2130
7277
139
8912
2004
3056
4045
409
7027
5773
42
350
415
7879
1554
9764
2856
4770
5034
3014
354
117
4259
5733
5819
4516
6105
2358
1976
6336
33
8632
8514
6350
1292
6963
2159
6423
2786
2164
2202
718
1989
9246
8390
8958
1803
3021
2015
2035
6609
6207
8523
5445
9107
7342
4579
4435
1475
1712
9750
4240
9573
3923
4322
5218
2851
3843
5118
9339
1686
2795
3516
8388
9048
2809
4489
6593
5244
1674
2531
4798
8424
3337
6668
1633
6744
945
1891
5350
2042
1115
9864
1969
3582
3673
2364
1951
626
791
3629
289
3594
921
7511
9151
9199
1071
2730
4880
596
6711
5257
3275
8397
8757
4935
3132
9737
767
3512
8245
9968
4105
1711
776
2126
5538
8882
5724
8558
6889
4936
5995
2650
7495
7438
938
6615
964
1099
1644
9855
7093
5114
5604
1367
9506
3311
1208
5848
1247
4614
1568
2303
8219
2430
3817
7262
3444
1667
2427
4324
1941
6521
7722
9934
7310
6634
6759
2457
5615
3621
8071
8548
388
3456
340
6039
7698
3764
6672
3002
3393
3479
1641
3930
3973
9385
4398
7669
2735
6232
503
3370
1599
1798
6144
2982
1343
7084
2737
9406
7975
5282
7637
7655
3493
8567
1382
7457
7801
161
8717
4329
1931
3507
195
3651
2106
4370
6291
1480
5124
2624
2850
361
2312
5710
6467
9094
6608
294
5506
5210
7010
418
1350
233
4894
8783
2014
6979
4161
851
2492
8057
9827
5389
6166
2425
7989
5756
336
7386
7218
1272
8304
3623
3938
5997
8857
6339
6240
2759
4497
6446
4373
9744
3891
2732
1164
954
2352
7411
1842
994
9219
2830
8834
2005
3067
3115
5359
2755
2241
6117
5686
8061
1074
8695
937
8366
3114
4204
1215
5129
9995
9892
6274
8268
4000
3730
1050
3667
7088
6388
8891
2740
4926
5023
3116
4405
8149
4891
317
1117
3834
5718
2260
9181
4544
1509
539
4749
8449
6123
8114
463
323
7377
6133
5678
8204
2790
2161
6296
3663
3747
8394
1070
3305
3838
9169
4149
3195
6806
7381
8984
3706
8352
8158
2271
6214
7568
3155
7884
5446
7227
7892
1379
6154
5890
3802
7454
3435
4340
4606
2400
2973
4320
1226
8076
5946
1845
5405
3703
9392
4298
9184
7086
4943
6417
8744
7269
1849
9456
8271
9939
9258
616
3689
5138
60
8314
4300
9487
345
8484
156
4805
4783
9604
9236
4781
3954
8063
4049
1213
1193
4377
3229
4929
1431
7444
4480
7036
8735
5665
4342
7786
4752
2806
2493
8741
2321
7317
1561
7895
759
1642
8143
8401
4176
3499
134
7943
543
6573
890
8787
321
1254
3873
4812
2113
2090
4378
4275
7934
4586
2998
1598
353
1613
6800
2330
8167
8529
9461
2338
828
9800
6613
8060
3457
6233
2327
9173
127
6069
9871
7298
1602
1197
8897
5608
5440
4822
2607
6783
5884
9629
1603
1666
5750
8875
4843
4265
55
322
8516
6635
7823
9125
2584
3398
6505
3641
7052
3363
8079
3825
5945
9056
4605
7945
9131
7742
2242
6209
4600
930
5238
7002
5289
3210
5141
2788
2082
5328
5988
9217
5957
428
654
8353
1198
575
6319
1489
2182
919
1750
8638
314
7890
3809
4661
5205
4840
6329
845
7000
335
2824
5174
5873
4068
4846
9621
286
1498
6920
1452
3604
7612
672
334
7913
3987
9588
133
8127
7426
9101
640
1665
6125
821
5133
170
5560
5260
7502
7716
1684
3217
6405
7918
2951
7673
1671
6901
6632
4785
2880
4559
3422
2908
1901
5685
9540
2855
9806
2949
9089
6157
8521
1831
3338
4866
6300
4876
2560
4663
1009
8371
7436
2760
8566
2746
655
605
5013
3738
8570
2993
4434
1023
7383
2526
5918
6070
4458
252
2691
8194
4126
5480
5120
9312
4512
3583
225
9650
6108
7796
2349
7861
9444
1805
7526
9513
9186
7094
4733
9335
5158
3360
8189
9065
6978
3383
4037
4714
8280
4577
4391
2578
6493
1528
505
9483
5495
6432
526
4213
681
923
5980
4533
5794
9157
9992
5831
5198
4318
9375
2473
4969
933
9989
5920
6347
1047
9103
6466
8596
3881
6275
8647
666
4879
6662
3324
1219
7021
5535
6311
3872
4960
2695
8323
3312
7627
8853
2752
4925
7738
5591
8497
7645
1998
746
985
1461
2931
4356
8792
2860
5999
9307
2153
6689
7373
6628
3814
3215
1544
2146
4015
2259
7894
9384
508
4851
5507
3362
4612
2942
9576
7654
4949
8849
9374
7979
7755
2434
9593
7804
6738
5381
982
1687
5337
7901
6404
6282
5473
9454
1271
3573
7547
2044
5693
4338
9850
6653
65
574
4572
8130
4515
6726
1337
4134
9714
6539
6323
279
1199
5227
7447
4823
9679
2474
9535
2812
3748
1532
9078
4506
4538
6792
4604
431
8605
3299
8503
4247
3704
6799
7783
5527
9429
5977
7196
4164
5907
7350
6671
1330
4626
3986
4552
3513
1985
8582
4078
5739
7382
8253
1405
5436
4239
36
3941
2439
6267
1011
5482
1067
2426
6705
6700
8880
9047
3597
4397
8137
5787
9261
5896
4884
3234
4084
2373
8657
2022
1968
8013
9521
8683
6739
5166
9044
1501
1093
4299
6595
3735
2133
3734
6727
5036
8303
5567
3405
6273
9990
4731
942
1487
406
2284
7664
8259
1010
2505
6280
1172
395
7854
8356
5820
1085
2605
900
4727
9309
3977
7111
835
3102
3347
2223
3341
4102
5523
5695
1622
6832
9723
1311
8256
327
540
7528
5543
6194
2609
151
2551
6559
5188
9899
6225
2623
4912
8692
9204
5255
4304
6149
5518
4001
9040
1217
9349
5752
7848
4563
7116
6085
3225
5248
4005
4756
7080
8941
7446
9032
1753
7474
2478
1552
7136
3806
668
5085
4784
7699
6453
5073
3725
180
578
7883
6222
3117
899
7395
6602
2742
7924
2204
6234
1694
3779
3094
3800
1453
9458
2706
8644
3947
8907
8108
2886
5456
1801
1400
5046
1251
6103
8083
6664
2702
5609
9304
7850
6827
6201
1502
4411
6116
108
198
558
5187
8928
4934
8867
6172
4751
4363
7087
5679
9690
645
2064
4984
2274
3911
7192
7871
4900
9137
3340
5765
9430
2123
8950
2387
5228
3154
8520
4927
4801
145
5407
5451
5097
1877
5930
8373
7250
1484
1576
6016
5550
3400
7478
807
8910
9634
5298
8412
6526
4750
7420
7374
8685
5581
7103
2669
6863
2171
459
9510
9988
9685
9741
2019
7658
2072
9432
8878
5682
2970
3023
8296
4737
3303
1580
9794
6884
4911
2577
2950
1777
1454
1132
1578
5952
5243
3794
9419
2379
8
1549
5109
5420
2581
1775
1314
7541
1685
3446
3965
6993
999
3402
3484
8572
9966
5598
9376
9485
5394
9970
5854
7731
2459
7713
2952
7869
834
5847
8242
9836
690
5430
6822
6408
4841
5185
8361
4655
3957
5571
4584
185
359
6833
1368
4610
1082
7747
3868
8775
684
6992
8163
5674
1236
2718
8207
2937
6440
8053
167
6436
8881
3153
7235
2766
1966
4207
8577
5954
7984
8248
6221
7003
3350
5617
6106
7629
1661
872
5452
3079
5594
3755
3889
4021
8820
7538
1817
5743
2827
45
2085
8318
4158
871
7108
8598
6819
5895
2097
4566
3815
4931
3252
7778
9084
8614
3265
7051
3684
6657
6071
911
39
4155
1191
8123
9466
3949
7872
4681
3805
8211
2094
3865
1973
9980
5001
5189
6714
7005
4367
2781
7246
4438
2315
3502
6983
8987
7104
9144
1623
591
4166
2936
4990
3206
7295
3066
6547
7560
177
6712
3979
2409
2881
6842
6360
6865
1040
7953
8913
1310
1900
4511
1418
1277
4063
3767
4433
398
598
1678
1002
4987
6549
5961
6687
5207
1433
1474
6400
7053
3739
1859
3671
4761
204
3835
3185
1632
5310
8999
1392
9809
8931
9292
4486
5422
2304
6121
9773
8498
7873
9394
232
8969
8720
724
4222
4954
7576
880
6061
8433
3291
9731
1428
7172
4220
6885
6640
5190
7579
4412
2449
3331
7821
310
8349
7809
948
8300
7167
922
3892
6135
7330
3397
6750
817
1517
1735
4803
9022
5676
9870
4608
5803
794
6552
686
7300
1660
5379
8327
3875
5462
908
328
7038
7325
149
8581
7273
3025
2521
9352
4269
4640
5524
1504
9020
8839
9579
3352
3122
1001
2550
4787
3084
4226
8932
8778
5012
2389
142
9182
4027
9383
9568
736
5928
8761
6393
6401
4009
8914
2685
1543
4644
1669
5764
2414
4643
2258
7199
7978
6444
8329
8217
9890
1857
7607
451
2322
5768
5461
711
2010
2348
2277
7992
2728
2268
5295
1718
9667
164
7709
5470
2458
5778
3589
3932
5990
6782
2679
3788
6907
6284
8405
5123
9193
8375
9644
9536
4873
3759
2283
6142
6256
2308
6003
5110
6178
4723
5144
5540
3599
1967
3412
2355
7302
5028
4189
6787
3024
92
4447
3644
9936
8531
1848
7535
9517
1557
6733
8277
9765
6416
3864
5616
8227
1160
9777
1541
3897
379
1791
5530
6724
1196
4587
2658
6307
1390
1908
2652
2541
6997
8892
7697
1727
8379
6578
995
5584
3939
2154
7634
6343
3904
1772
9264
1362
4678
6707
8266
8982
1596
447
4691
3574
1377
6399
2115
3302
8687
3719
2858
4029
3922
3356
8263
4974
7553
9531
7659
2785
1386
2622
8993
9061
9390
2217
8631
7794
9748
5362
5410
9453
1239
970
7596
1304
6592
838
5911
1326
1656
7912
7025
641
7534
2544
7124
1839
83
2510
6286
4617
6517
4274
9234
8171
8413
30
4306
3289
4924
1953
1995
3238
862
5775
5069
2899
4680
7089
1600
4510
5910
9552
1560
560
5387
2943
3137
191
3420
1590
3787
3156
1756
6939
3501
6658
6527
8469
8613
8652
3276
3786
1240
1672
2955
9442
9914
1996
7983
2180
2069
8633
5898
7545
8818
7703
9556
9814
9396
165
7678
4509
859
364
9229
7327
9730
5702
6873
7318
648
7966
6928
1904
5659
9024
620
6266
8446
4171
8085
6503
793
3866
8782
172
4060
7825
79
7412
4470
4323
9610
1863
9662
2883
7364
7170
3483
1357
3956
1670
6815
527
833
9495
2898
1448
8142
4468
4955
3388
5845
123
9717
501
274
3823
2443
7584
102
6306
1812
6146
2994
5825
3226
4083
9578
1042
1582
7171
5276
178
7141
3916
9664
7513
4254
9012
906
9708
2343
1503
9592
1731
9530
1257
1399
6290
132
8754
2000
4334
4817
583
3220
2220
6511
2586
1520
9197
3052
5760
566
6956
436
1141
3295
2240
3637
412
3664
9807
7636
5701
5356
2481
9570
7337
3357
1479
7693
5145
355
4057
8305
2516
8723
1852
8945
4050
3465
2250
7169
2773
1022
3191
4118
9168
5047
563
6442
3377
7874
4302
9900
6917
4622
6944
5056
3353
8576
7591
2055
1609
1467
5103
7679
333
7696
3438
6101
1809
5147
3423
5736
2805
3595
2287
7311
7356
3614
110
4295
9976
8463
9106
6156
5288
8621
5088
9210
9009
3935
5418
8764
8946
3019
4842
7390
3323
7980
823
6495
5508
7657
2436
1045
4234
5536
5177
9087
9316
1170
878
1365
5970
7413
1709
1268
4187
8336
6058
713
8967
3665
458
1076
8272
264
9069
6681
1588
9865
4738
9187
7422
6506
4672
5301
5054
9083
1026
2866
6029
9760
4043
4108
1914
7518
6926
1139
2148
9623
7067
4875
9423
5680
8696
7503
2386
5490
29
3292
499
7739
972
6694
2008
6382
3568
4122
3632
2480
2214
7970
9656
6255
1925
3216
1505
7198
8606
9583
4765
5259
5330
6261
9427
8213
3190
3974
8871
2570
9547
7341
6100
1846
2027
6229
3508
3676
7695
6161
8988
7878
8165
2186
1145
8666
3953
1169
485
7016
8541
4980
7128
4106
2757
9813
6576
4621
9010
2557
9259
5229
5646
4886
8865
7908
4425
6620
7403
1545
2031
32
5694
6199
1698
861
4627
3129
4333
7656
2084
5372
3919
2674
548
8325
3177
8750
3895
6841
9351
8645
9987
9522
4404
1702
223
9638
2032
5155
4596
3492
4881
7281
1167
9465
2606
7291
2820
715
7715
4069
6213
4289
6684
9796
689
2078
4883
2045
2318
4871
8975
675
4156
1470
8109
2017
5712
6535
6134
1787
7827
1755
7694
114
9275
6277
7018
6942
7241
181
1004
669
1210
6088
1143
5042
5558
6198
7769
3288
4351
6494
7604
931
5172
9949
5865
6856
3329
5476
8226
8994
6033
5026
5916
1482
2962
9896
9749
2763
8152
1339
3366
8131
82
1808
3995
7224
478
5261
7496
8504
1471
1696
4547
1719
2770
4656
3793
1518
1512
4937
6057
2402
480
6227
8705
8254
7688
2703
3196
3496
8826
7099
3485
8184
8470
187
8835
7323
5428
3906
1601
740
5385
1331
2573
5681
8921
6278
9501
9072
5927
4619
8583
2121
1499
9399
7784
3914
2511
6757
1266
4297
4546
3643
3819
2643
6897
7909
9315
6588
2190
3958
9577
4950
1129
4620
8528
5627
4844
4796
8800
7455
2979
6226
3962
6132
3106
93
3883
5688
2986
1826
7376
9460
3167
6332
5325
8362
1880
2517
4442
5431
8269
6035
1333
9996
7597
801
7321
7558
8828
2659
3411
3470
1241
5334
9175
4336
4137
6028
4086
678
3042
826
4839
4975
8198
3757
4472
3476
5754
5883
2454
2682
5972
4890
396
6479
7736
8080
2324
3693
5343
3384
960
3103
6450
5051
8714
1313
1840
95
4066
4548
3001
9808
6165
7028
8965
3413
9299
959
8151
6420
6451
3878
2070
8634
2604
722
6171
9574
4262
193
2629
1118
7670
5505
7683
7923
1942
9355
3784
1410
4353
3951
2999
4030
6153
9967
1060
4309
2671
1034
5991
9856
8333
4570
5297
9408
3836
4120
5285
4973
2370
7928
6870
8479
4673
8841
4081
3602
9140
2668
8738
6097
97
9216
6725
3346
864
2888
2540
9313
9170
646
9986
3333
8674
4024
1456
7539
662
8228
7200
9674
4478
732
7207
7282
1438
8703
6238
5525
9281
1380
7081
6485
1462
5934
7642
9633
2836
6953
2446
663
9746
6504
9862
5443
5813
2611
3841
6569
3443
8797
1376
968
797
4797
1634
4284
7569
5886
9279
917
2797
2329
9068
1592
2248
7773
8297
6660
6068
4062
6206
920
664
3839
9042
9509
8342
5770
7462
588
9572
275
3617
8819
7734
3647
4184
1825
6691
9915
153
3858
6591
1729
2346
6752
1029
4215
6958
9945
2034
7887
7193
2385
7632
2307
1773
2028
1538
1025
8435
174
5050
1162
7316
452
9627
8706
5239
8656
7946
3716
3089
3810
7808
6604
5857
6378
7833
3361
731
2320
6776
9073
6600
7588
8135
4982
5195
1794
1738
1225
4500
6210
8595
3555
6352
482
3850
1548
3773
3310
1733
2775
1593
6346
2266
2147
7631
8659
1762
1934
4243
1507
8513
4970
4064
2203
5642
8804
2178
383
5340
7267
4361
9954
555
1625
8370
7991
4423
542
9387
2854
229
5603
4380
4426
8423
8879
5305
3093
6820
8798
1792
564
1875
1971
5178
3244
8455
4209
9102
8670
866
5496
2862
3011
1079
6665
8970
7789
4440
6253
2642
8088
6396
6599
3158
3148
7867
7920
5709
8673
7580
7787
4197
2424
12
5619
2295
6507
3378
7261
1159
1703
2175
6065
5654
2655
4581
4735
2417
6743
5655
9699
7380
5711
725
7252
5691
7154
1673
1938
9188
8437
245
9079
5014
8113
7065
4479
9283
4403
7408
3877
545
3751
3203
9297
183
2873
8639
3853
2435
1142
3205
9947
5703
9118
6181
1813
4443
978
6337
5022
8569
9268
137
4339
3668
9718
4953
9612
4654
1500
2383
7050
8996
1540
8232
6625
6950
5338
6788
5286
717
9940
4921
6163
7859
7183
77
9064
7997
3445
5664
9086
3840
8811
324
3015
8808
4277
2111
439
4208
6438
4047
4575
3961
5086
9701
8609
2904
8173
9220
5870
9017
7346
7721
5509
9241
7902
15
9058
7044
4706
2772
6497
8276
7751
3950
953
887
8830
8492
3223
1856
6084
6259
5607
9117
4059
2804
5830
299
883
7806
597
4008
8736
46
4127
4129
6007
9266
522
6894
764
3105
3861
2597
371
6811
4132
5180
1037
7371
7201
376
9310
4988
6470
6817
843
3654
1297
4865
4782
19
5008
9066
1316
9774
3036
4667
91
4381
8949
8805
259
214
8346
4492
4763
2391
7849
9282
7582
4993
4972
1012
7476
5459
8224
9475
6364
421
4499
9180
3579
6943
5076
8593
5564
9880
8302
6812
4181
131
8964
5719
4388
8004
7102
7095
7471
4550
3072
2547
5586
6651
1091
1790
7573
476
4595
5732
6168
7056
4192
374
3611
5942
8229
4666
2502
1748
7797
9397
1713
5738
1309
5723
2631
2641
7098
1881
7803
4772
2405
4178
4312
3328
2125
9410
6316
4097
1128
6786
9963
5842
8990
2468
3724
8668
9462
3008
8396
6899
9543
143
1346
7484
7004
7702
9653
5630
9129
3997
3517
6533
4518
4462
2545
1450
6923
9999
1796
7563
9953
7925
8205
4613
8532
1481
7473
6145
7069
5864
1707
8552
6096
6148
9441
8550
9739
6228
702
9565
536
2408
6509
4278
3727
9124
4228
7113
7272
8518
1279
5252
5962
7714
6721
2565
9852
6469
9910
4407
6385
3776
2647
2865
5224
4326
3934
8162
3855
3790
1884
6598
2842
7048
3018
7512
3403
5516
962
6839
569
9830
5281
8876
7540
7743
5212
6112
8493
8341
1722
8129
3349
6755
2731
6528
7647
3732
3624
1778
3104
635
9222
4182
4157
1993
8788
4272
5184
2837
109
207
7641
2529
9782
3068
9524
4562
4637
7237
3831
4383
4830
5091
7417
9377
8023
1220
6394
3718
3466
5566
3635
8244
8097
5597
2098
6975
3467
8345
9842
8384
9703
5136
8557
6147
1447
1615
3828
5366
1222
9658
5700
9043
386
4788
5875
1539
6802
1256
5759
9038
6333
9974
1810
8221
5914
1799
1232
3283
3092
1389
250
777
1246
5444
4773
882
3742
599
1562
6623
624
7017
3586
8704
7599
8944
7076
5856
8491
1606
4631
6933
2455
4688
258
4121
5309
8406
4148
4332
6241
7294
66
3063
9447
1981
4827
9960
3833
5802
4736
4958
1495
830
3871
751
1611
2245
8159
8559
6641
5526
6773
3306
2901
9452
5384
6254
3723
5574
8459
4112
5844
8716
8052
974
7072
3448
8517
3057
3131
7681
6041
3812
3563
9414
9684
1630
7856
8700
2953
9472
3285
1885
387
2864
5537
9635
6561
1584
9539
3294
7468
2780
4263
8509
5548
9407
8851
7614
4028
601
8901
3672
6902
2229
9122
6187
2972
3821
3898
4399
8257
1478
5491
1144
7914
5045
1521
1882
9070
9163
9534
7366
1946
8250
9041
4551
2328
2776
6075
5339
3766
2286
1015
9314
9134
4035
6621
1150
8983
723
9302
4130
4359
2988
3870
2615
8936
9492
2138
810
567
8086
780
4364
5032
7306
7358
6570
9847
7689
7361
9600
2151
4053
1291
1111
2506
6366
5104
112
28
879
6633
8600
9651
7551
9294
8791
2236
733
8540
6642
8182
7226
3060
3409
7779
2137
6747
1072
6919
7911
6293
6709
7009
4282
2518
6931
943
1245
8494
9843
9329
6837
9932
4343
7761
3494
9092
3461
2509
9108
8985
991
1444
6500
1898
6562
1820
7440
5730
7748
9112
9903
3798
6005
8973
5390
3463
2406
8118
2310
6038
4715
2461
5850
6882
2024
1860
2690
3440
6644
4196
3572
4739
7029
4483
8395
9935
9527
6046
75
8702
870
2916
1896
6758
9209
6949
9787
6359
9770
1325
7421
3369
3192
4038
1844
9691
6596
5469
8699
5200
5193
2649
8360
7288
8177
2145
6383
6089
4316
8542
7434
8447
6835
6774
2967
7763
5721
1437
9141
761
7451
4597
998
5588
1965
9546
2375
1758
2029
7362
6072
7650
4151
1334
885
9542
6264
7812
199
3187
484
38
1920
8662
9121
9950
9586
9906
3406
362
8133
6887
171
2533
9702
253
8030
7904
1945
9318
9161
9379
8507
9687
7126
2140
8624
3424
6162
7646
936
9927
6104
5318
1243
5807
6555
5806
6723
1736
4907
4716
4400
3140
1708
1391
2552
9643
6487
7782
6448
7247
9675
4067
8817
7248
5068
4514
9657
4513
4754
4276
1926
8344
5075
6051
363
2911
983
8309
2399
9728
603
1131
6322
2534
3458
6629
3263
7407
1445
1490
687
4061
1017
3830
2067
296
5887
1579
5862
3565
6195
7359
8426
9978
2452
683
8487
1123
9478
2897
4720
2829
1363
9885
7767
9720
4225
1424
9838
5878
8671
8139
2476
1048
8363
1527
6301
1494
925
2549
3588
5346
2841
831
778
7730
6048
2769
9067
3971
2198
7855
121
5969
8150
8845
5246
2729
1927
587
2437
5953
3136
4074
7692
5417
7375
7964
9694
3707
7401
915
1214
8937
2848
8105
9971
287
8769
5308
5489
1583
9455
9459
5834
8223
3970
7206
7348
5406
5683
2504
2380
8934
8729
3515
1404
7
1121
5552
6571
8000
9948
535
2460
8286
3963
3020
2896
4740
2205
3844
5395
3209
9722
5353
8351
1089
4441
2404
1107
1394
8796
9772
4167
5772
8496
5336
6522
481
1242
5094
2849
1491
6777
4835
8006
1818
4179
1273
8495
2276
8364
8665
7768
7977
6626
2442
2887
4804
1058
2747
3161
9295
8924
2644
9994
7906
8096
2857
5182
517
1769
3164
5839
5019
806
7493
9618
1955
8062
1618
4099
9625
9324
369
1374
6349
775
6514
4674
6974
661
1586
365
8010
8745
6419
1188
1165
7959
1978
4758
2513
5876
7096
9320
2884
2906
4379
4922
3163
282
3561
8386
5545
8825
6927
4432
4932
7011
1147
2158
7897
2275
2564
2628
9322
1651
802
6701
1335
5250
5932
8869
1416
5477
4437
952
9290
1411
5237
984
2049
2520
209
1822
3510
6093
5363
6878
1177
3774
2339
211
2061
8465
1853
7814
4702
7428
6365
2567
9080
5976
893
8146
426
5994
6760
7832
2926
8886
9202
6030
2587
5247
8196
9887
7399
7527
4244
6560
3418
5922
1039
7392
5320
6295
3421
4856
2108
2433
9771
8584
6458
8284
2583
3074
3000
8939
7507
1533
2903
3945
5164
3969
5321
1211
9276
8422
5747
2771
4091
7073
8206
1519
614
8948
2462
5563
6554
947
5441
6515
511
8399
9840
9669
7729
9834
6846
394
5925
2207
2193
213
4357
1051
7829
3781
4267
8485
1190
1212
7955
6183
5299
3498
6543
100
8591
9378
5116
3679
2018
7394
5426
1063
461
6631
1465
8275
1516
4116
8592
2302
7090
3257
854
6735
8780
4201
4828
9214
4152
8929
4725
9803
1992
8398
6380
5899
7981
6024
2129
7106
3522
8145
5365
9449
8587
3936
1439
8620
107
5296
1185
381
158
4821
1044
6022
4565
6010
7140
4650
4144
2365
491
2961
3523
9095
3991
8389
9154
7197
1935
5744
8334
1979
9938
5984
6397
7388
1749
7121
873
262
380
6456
738
3434
9428
4088
4076
6840
2838
8594
1924
1032
2957
5484
1168
9816
4849
1064
5083
5335
7687
3064
5511
1766
3243
6708
1305
316
5317
54
6203
9965
3022
541
2089
550
4335
3852
8427
6126
5570
848
1303
4006
643
3590
3006
5435
9979
4976
2835
5699
5498
7301
6914
5662
8201
6491
5020
8770
6077
2226
8020
377
1306
4700
1493
4488
6288
5964
2002
3893
80
4908
4249
2393
2026
9839
6026
808
1940
1923
989
4933
9145
4707
9776
6663
4089
5716
2440
5265
3045
7529
3453
4744
6122
2500
5304
6182
8103
3851
4779
7490
270
4246
2139
5183
9678
2498
2013
7160
9913
1695
8409
4526
5643
5002
5602
5793
8823
3681
5522
4218
7404
5134
1705
500
4482
9955
674
4221
8047
3441
6961
8009
306
5979
7775
9212
6313
3414
6597
6377
1157
8955
5532
6403
2503
705
4777
9797
5235
5797
1997
2638
3123
8732
509
606
8908
8436
9909
7760
1899
5755
8429
4125
1136
2335
7488
7322
1958
2420
8549
5901
1008
1948
1639
6374
544
4016
1087
2201
1013
8450
9798
2675
785
773
3396
49
8709
6541
8655
496
8026
8636
8420
7326
4123
9171
969
7820
3685
8749
2316
9756
9710
2
5791
2859
8837
1690
8661
4177
6816
9132
9440
4711
9926
3061
9386
9393
3890
2384
7951
5767
303
6849
3592
3699
8719
8918
9598
7968
6318
3083
8115
8038
9489
5881
4942
9898
8028
5776
4799
8846
7893
2050
1441
3138
5270
5572
6582
2665
7949
3789
2719
905
1163
5253
3705
5638
2368
4477
4814
411
3994
6129
9873
9435
6449
2230
9851
7416
6536
8856
7304
8441
7933
5063
5315
6868
3926
4778
2594
5761
1472
7965
5148
9160
692
168
7405
7057
7115
5641
477
8234
5902
7338
5167
7166
7557
6099
4173
5173
190
4186
370
748
6036
8832
3769
5557
3591
7961
2265
2784
5731
2977
7120
8968
8519
5478
3141
6990
9826
750
1062
2489
8099
2212
1921
7585
2012
2486
7562
9894
2867
6678
8510
5500
8733
8282
7613
3902
226
7633
2099
6465
5670
7012
4941
9584
389
3204
5513
2543
1173
4611
2990
8489
1911
8637
1915
8890
5024
1347
637
809
260
486
928
8192
9907
1774
6258
3978
3184
8537
6962
6251
1209
8986
7015
4474
8058
3169
9608
5211
902
7509
9269
4180
7759
7828
5650
1716
8827
6670
7725
3218
8922
3016
6847
5944
6054
468
5583
1007
4384
3931
7137
5649
4981
2635
7947
277
9617
1429
3677
9099
6424
9958
9793
4395
5157
5429
2801
1195
7941
7339
427
6594
6063
8926
2593
9946
6025
4645
3419
3277
3545
9848
3365
6131
9109
4641
8408
462
1508
9616
4642
1628
6859
6984
3943
1359
6431
2556
5488
9011
8902
5891
5897
8607
4895
3455
8758
9631
5005
5307
7216
9380
8368
5826
5287
4013
1732
1274
8976
4635
976
819
5625
7472
6619
1847
1152
8003
6059
2653
1202
8315
784
9113
1336
8930
6478
4250
7467
533
1795
6862
9115
5447
4160
8279
2891
8237
9778
5411
9993
8822
2280
9982
5327
62
3232
3260
5100
3762
6891
1407
7070
7384
5968
1427
3687
5377
8755
1114
1793
6754
7023
4459
695
5708
6052
9716
2940
1956
3686
68
6624
9877
144
1081
4555
6519
7320
2366
7719
8672
6192
9815
3660
6713
2621
912
7387
6930
7013
4649
224
7312
4776
1768
1932
6447
9901
5245
3584
7133
271
7916
3062
4418
8124
3248
1529
5399
9332
2712
2428
8116
5374
490
753
6824
9119
2670
3286
2822
9647
944
3984
6796
7258
3710
1053
5049
4185
729
3980
3929
9231
295
9369
5160
159
2844
621
9062
7243
4371
8991
1096
2987
644
2601
6922
8430
2235
5871
6371
9823
8320
5725
9639
4358
2105
4576
6034
6475
8128
853
8500
9326
2626
6675
3460
935
8093
8942
716
625
8480
4653
8728
1014
9480
8486
6630
4732
5368
4133
6422
3320
7498
7611
1906
8051
3633
2155
9100
227
2815
6437
2817
3749
3712
6513
739
7240
7602
3524
2701
4919
8222
5300
6128
5737
2958
8916
122
9343
8037
6948
7125
7851
3410
7663
2816
8155
5823
8809
8002
9096
7598
5306
2890
8358
2555
9622
1802
7470
6335
7127
2117
5817
1248
228
6845
1116
4452
3054
4098
1917
8501
9883
9811
1276
9503
8669
1455
3650
6098
71
3133
2377
8895
5269
6545
9014
2184
1854
7835
1658
3551
44
6857
8731
6248
3354
5868
9928
5220
1473
4454
3503
6534
5323
8682
4341
9705
7285
3100
1442
3944
1395
5992
6454
9235
610
2007
429
6766
8186
9474
2411
4578
8011
6362
6283
358
9597
9490
283
3279
4893
3988
9356
507
8017
78
8843
320
1894
5402
9060
7349
6480
8475
4888
8650
4070
2088
1282
1371
7357
5528
5774
8319
2359
3322
2372
2900
5785
7265
1459
5660
8335
8328
9071
3180
7842
9039
5539
1381
2935
6805
2340
3065
3801
6826
4103
5360
4730
8747
5258
2603
4415
891
815
9514
2625
7922
3761
8658
6223
9599
7329
4748
64
5985
393
2991
926
3982
1567
3090
2828
70
99
1351
9585
9564
5419
6091
5181
3351
824
6936
595
446
6913
8046
8506
842
2572
6499
6376
3430
4985
8438
5221
5746
2508
2870
7858
6532
9262
2463
6972
5007
2326
6031
6398
2100
5458
4206
2959
8089
2656
7675
6185
2528
6851
4789
9566
965
1201
3662
8935
9271
4451
8442
502
8239
7123
4831
6614
7188
2491
7956
6775
8807
5035
8586
8957
4095
9580
3564
5542
6402
5460
3339
6118
6676
6411
1745
7704
8031
8176
2239
3454
1174
1321
2195
4747
7868
4698
8376
9345
6813
8414
4689
812
3428
8472
6741
2532
4257
3642
8456
9457
4910
5434
3387
438
231
3380
8056
6769
5011
9812
4115
638
9924
6391
2683
9693
4119
6706
9700
265
241
1838
2743
4337
1879
4219
2431
6906
9130
7971
2282
7284
3486
4504
2672
2777
47
6489
8444
9257
9013
8443
495
1083
2912
5639
5501
3792
405
120
4408
6040
4374
4210
9498
7852
8294
9196
2301
6912
8816
9149
9753
752
5071
1506
9000
3985
4685
1110
1620
176
5799
9016
186
6272
9381
3182
3028
6778
6196
4825
4223
9023
3038
1780
1387
8025
5533
7587
8218
2802
6471
5531
3896
41
1258
8663
5388
1216
971
4355
5159
1837
37
7054
50
3715
1524
2834
1183
3683
2213
9155
5279
5906
7347
3376
9571
7708
4746
5004
61
2877
8421
9232
9558
216
4191
9603
210
5233
9093
1103
1003
6656
9984
4815
8383
510
9832
1855
2616
7530
7817
111
9526
6538
2939
1101
5101
1308
6119
7313
1338
3242
7221
5251
8122
6524
7147
1653
5408
3069
4231
5169
3039
2613
2708
800
9500
6587
9438
6607
5600
8874
7397
9951
2285
3375
8468
1607
5863
6548
6718
758
2928
5519
3447
1531
414
9254
3450
1146
5468
2112
4679
2407
8464
3606
