4980
5224
3720
8764
5244
1584
1046
7444
5053
6690
6554
9437
9612
3700
2472
142
6093
2221
6770
7556
5232
3300
7672
7412
6818
8095
6450
1836
4652
3851
588
1810
4843
9363
8699
7408
7706
1214
3750
9620
2994
3988
8893
3270
5482
63
1531
2082
7622
404
2159
7912
1866
3349
9521
7151
1122
2323
783
5496
5061
9589
9624
9748
2748
3291
3224
5681
8017
8669
9
7037
7943
7486
9602
1805
8773
9718
9844
9139
4027
8693
5430
7052
6561
8774
1454
1498
1738
2032
3482
8291
5217
3129
1437
807
9109
5015
939
3267
6654
2666
5120
9116
2568
59
1428
296
2042
2822
2050
444
1274
8163
7919
5153
9720
9023
9044
3345
1546
6089
8502
5476
1222
2325
6605
9284
6954
4964
5993
6523
7492
1418
6431
3360
8548
575
8813
6822
3481
1590
3863
7598
4946
6909
8634
964
7517
327
8052
6175
5297
481
8088
5450
9927
3974
3783
9395
5760
402
9731
9705
8248
4585
4232
1279
4099
2210
608
5700
2712
9465
639
770
6438
7871
2763
975
7610
5367
7722
3163
6085
7064
4514
12
2825
4515
6511
1644
70
6134
8426
5560
8451
2764
8253
8984
9168
107
7551
6423
9685
2041
5768
8755
769
2408
8456
5305
131
7887
3943
7411
8475
4476
5949
4333
2882
3651
3121
3002
2056
6168
9550
8165
2628
6487
7707
4852
2705
269
5620
2749
9907
8610
6104
3858
2900
2476
5177
7970
1852
2410
3600
7087
9873
3973
2460
5354
1984
3506
1717
4323
1842
1913
4146
8441
7922
3241
6606
9289
5791
834
3246
4357
3357
1478
4089
2556
979
7105
1145
4927
7347
378
4208
4781
62
4898
3717
3730
6574
1767
977
2454
9629
8981
6720
7056
7375
242
4003
4601
6573
8860
1641
3633
2407
9725
9016
2853
2584
2665
9142
438
337
9415
6684
7774
2316
4962
4266
8555
2909
7363
8436
680
8287
1990
871
6273
6476
9312
1449
510
8973
9295
9324
9119
5629
5946
5448
7029
3318
2798
2307
4641
5880
5780
4207
2706
1287
78
3429
5592
9517
8654
5311
8115
7757
831
9528
7561
4533
514
8012
915
7784
9238
942
8668
881
1626
2278
3213
2989
268
6054
7604
8859
2522
8365
7567
2352
4433
3952
6
2220
1559
8522
8702
1027
582
1474
6381
8521
3706
9320
7513
9518
7410
2157
1195
7393
4876
2996
72
878
6289
2211
4710
5976
1936
7842
9206
1479
6592
1438
8325
7442
289
8619
4881
8708
2183
1254
2561
2868
7300
4712
5785
5442
1264
2070
2927
6132
2875
4464
8789
574
4859
300
6962
9176
6595
7846
6609
2759
470
2734
1721
8423
9038
4025
9458
4086
7015
3273
9543
1652
4026
2536
5924
4447
4400
1486
8586
8847
7129
2466
7723
7050
1828
6259
9807
5494
2114
9593
1677
4670
5665
4041
4635
50
860
4210
3914
9977
2964
2402
4858
7467
9368
4215
584
6904
2462
6346
5203
7183
2787
7384
3463
4907
9484
8811
1650
7038
4685
645
7122
7493
3755
7103
6325
3958
5577
6372
5016
543
876
1436
7982
4618
2430
2595
141
895
7894
5761
9526
9557
8477
8222
49
4004
7213
4178
499
2884
5568
7242
2811
1533
5845
9918
874
1490
4376
7426
5918
4112
7009
7402
7184
1938
5651
8486
808
9125
1882
3742
9345
420
3995
6501
9625
2264
6349
1924
4131
3010
3713
4013
9633
8080
6534
6426
9591
5613
4118
9352
6302
380
452
4306
6318
2406
3580
3922
2572
5971
7197
6270
5614
260
8171
877
3015
8235
3466
9980
9210
3066
8719
4532
1199
907
6435
9613
2055
6279
7923
8440
8952
6985
9006
4143
6928
8747
2355
5017
3494
2865
7865
6879
999
9723
4381
5264
8890
7028
5721
8082
7925
6177
4290
4427
3765
530
7730
2048
2713
5343
549
8410
3319
7938
8726
417
3382
5471
1940
8943
6485
9965
2419
3120
8066
3848
797
4264
6506
2381
4816
742
4457
4356
2195
3904
3256
7537
9763
1569
6887
6841
434
7320
8723
5830
9772
4615
318
9237
3470
5911
7386
4578
5580
498
550
3195
8179
7753
4664
1470
3877
5719
4953
4848
6437
1914
9507
4220
5198
7378
419
5570
4566
5378
694
7718
3980
9547
2858
3947
1735
6565
5075
8341
4060
7346
241
8525
1165
6090
3948
6575
6428
1970
4421
2023
3159
1605
3996
6857
9246
21
3598
3183
7800
8236
9383
5994
1384
4430
3377
4960
4565
7747
7131
7247
4557
9675
7542
8116
1809
7437
3571
2693
9398
4286
8775
8825
367
4521
9274
3839
236
9688
1306
7867
5715
9508
8720
1632
8999
1841
1091
8559
5786
5884
9906
4083
2930
1244
3511
8946
1380
656
670
4422
1929
6664
3624
2862
9394
4450
8514
4973
2375
1037
9828
8990
4511
8745
2895
6730
6200
9028
7490
5296
291
8879
9829
6991
6824
7652
3426
8387
5599
4908
2747
8629
8056
8605
4184
1832
2756
9930
1473
933
5243
4744
5087
82
4436
85
908
6429
1289
2043
1113
9881
2372
8468
8676
1501
9239
8073
453
1170
2506
226
3007
1712
9080
6516
9184
8840
3325
6405
2483
8771
3011
8986
7302
8655
5135
971
7658
3467
6666
9730
6957
176
129
3997
9039
6135
910
9396
6967
8444
1871
2144
4168
869
6420
7642
347
9811
9426
233
5142
4556
4732
4452
3153
2102
8479
3801
4225
6464
2647
3090
5709
6766
5339
3692
3098
8557
6382
3474
539
9353
7577
5958
9135
1149
9160
1315
7211
850
9698
9782
4101
8418
2172
1668
8035
5096
7725
7518
1678
9978
2534
5268
3849
8556
7266
519
3761
6944
6999
861
9460
9251
2701
3144
8114
7712
744
650
1718
3344
7394
9568
2943
2672
6149
1857
6385
7586
800
7897
100
1085
9480
243
3383
6637
9619
3955
442
7282
3762
3934
9525
1342
1488
884
363
7431
1968
4029
2104
7078
4302
7382
249
6105
6397
2669
7745
5618
3027
5650
8949
6241
8751
9773
7255
4033
1461
8340
1827
3661
1674
4418
4562
7969
9128
7263
5127
3664
6641
1675
4696
4955
937
1779
2788
5116
951
3895
4932
3794
6456
7071
3606
179
9622
1468
7348
6251
4810
4949
7831
8598
4936
1736
2097
7663
2260
8621
2087
826
9316
3550
2391
8917
3013
6115
7802
285
7319
8113
6687
2678
9143
5979
339
397
93
7473
4257
2511
7470
6371
8335
9388
9492
8827
1423
6532
7512
8240
4757
6326
9412
6235
1097
7590
6012
172
9971
4839
2494
2797
1551
6045
6458
2083
413
8642
374
2961
495
3926
8079
9714
8175
8767
1183
2736
5741
3531
8977
3406
8516
2135
2125
3410
2599
9657
8571
8247
2620
2474
8450
2309
8638
4445
6661
3483
5410
7461
2203
6418
2380
5754
3886
9944
2446
6295
9230
9659
7904
7709
7683
8623
5653
8202
7469
9783
7591
7743
960
7675
5018
9662
8250
901
5883
9631
1161
8812
6290
1820
5220
8141
8378
5734
1347
6211
8826
6840
1477
2806
2667
5478
6707
2728
6474
7088
4487
8416
5348
1305
1918
1947
5539
9615
2902
2120
7354
2321
1646
6792
1535
1761
6205
2870
7185
6960
5870
2008
3817
9672
4082
9461
9008
5806
1188
9199
5895
381
7034
3117
6190
2373
8816
9342
5838
5047
7581
5762
5169
1353
1159
6583
8103
9573
6530
1087
8862
5609
3428
1019
8617
9216
5683
2448
3189
2079
7538
9495
3499
599
4576
4364
7436
2111
3200
4366
1517
1196
7238
7977
8043
5309
8434
7289
576
5158
6569
389
7535
8495
7377
8500
362
423
5078
2541
9000
5191
4213
3199
9263
1110
6880
8459
8324
5210
9522
836
702
3409
7079
3252
2894
7323
3038
5467
7023
5716
8567
5638
7948
6983
4048
4814
2640
2035
121
1801
6466
5195
486
7952
5561
6830
44
1597
7360
3005
1567
2684
5026
9060
8134
594
8481
3435
5353
3210
1142
9306
8015
593
9537
6929
1065
9384
9212
6772
6248
7972
4448
8208
6086
2838
8349
1371
9075
6542
9834
2645
2341
7588
5315
2890
6009
2919
9035
5230
9621
6283
3257
7210
5239
8741
8289
2926
3862
7117
8692
7261
7187
600
6864
9301
9810
4224
321
3040
5164
2169
8143
3422
23
5801
1977
8530
4877
5658
4733
57
376
1412
2
3094
3460
7508
9431
9126
8466
3688
7237
8242
4887
1507
1587
6151
3114
7531
3480
8328
4116
8371
5319
8596
3530
4614
2287
8511
3149
3930
7761
9380
3209
9228
1487
8918
4173
7539
9098
4113
8528
5538
4439
6117
60
4969
8329
5056
6782
443
1402
7245
4328
7292
5310
3695
9004
8376
4495
611
1398
7869
7142
9491
1239
9726
9373
9887
99
1763
1260
8394
465
34
1748
5307
9539
4817
920
994
8041
8200
1041
2977
3370
6765
8255
1314
2842
3787
6165
8995
281
2225
7094
6038
7964
8919
7928
9847
6856
492
2049
446
9956
5218
6589
251
6963
1146
5724
1876
1682
7627
7331
815
9626
3993
2912
4586
5736
9512
8911
8379
6496
1666
8232
8929
8950
1235
9637
7876
8503
149
8880
1861
3780
3745
5358
5905
1026
3020
3751
2913
7616
8284
4695
9553
9189
4735
7853
3873
4463
4124
3107
945
8343
6834
6297
3188
7713
8101
5848
4125
832
4864
3141
9315
9511
5114
6579
7812
6139
7025
3865
193
978
7829
2383
1502
824
8616
7127
8664
7930
5088
8123
3187
9656
9729
8936
2889
3051
516
2560
3796
4653
8606
8613
637
2688
331
2505
1123
2823
2304
9836
1071
3617
2578
7270
851
2420
1127
284
403
8054
4743
6905
4812
1932
1310
3130
3650
3361
9254
8030
2540
6046
621
5248
3975
1023
6425
8424
4800
3283
5623
731
4389
7173
8415
5820
8665
3261
3639
4540
2059
42
6633
7668
4567
8368
7206
9770
8272
6731
3254
1746
1257
9057
4248
5050
3816
4028
4739
4370
5459
4501
4931
3032
1176
940
3990
7019
5074
8998
5499
8561
8597
7693
6303
4066
3487
5730
307
1044
3741
6233
3913
2456
4709
2354
6160
477
7379
6421
4425
5072
7507
8608
2188
3637
4564
7735
9804
2327
5537
6359
2392
4642
6850
3104
2791
7419
67
2231
4940
3610
8473
5049
8070
7234
1187
5843
8122
8843
4676
5355
8659
2997
4954
7329
3456
6271
8753
3809
2696
4179
1332
4638
9806
4331
4111
604
2045
8831
1967
8887
476
3323
3595
3476
8861
7260
8857
110
5036
2861
5646
6827
3570
5912
3026
2918
3238
5277
9814
6790
27
5706
7073
5272
2955
206
2753
8791
4034
6003
8042
410
3666
8485
4388
9232
3140
4234
7839
3553
5418
4968
5115
2409
9955
9105
4055
6348
8717
772
8096
1825
2088
6391
6820
3758
631
7295
527
4454
7194
5704
7739
8797
1851
1777
4197
864
8408
2598
9273
1296
4777
9691
6618
3103
6903
9580
4580
7873
2866
5995
9456
4093
1879
6581
9920
4647
4230
1298
4925
7380
9885
3545
3508
6604
1421
8288
2378
2029
9500
4795
9178
1599
540
6294
9567
2368
61
6524
3874
9953
7335
3748
9377
8039
227
1812
8185
5846
64
2683
5003
5108
5037
7457
2699
2136
6216
8766
8963
4952
718
675
5299
7973
2428
3236
4948
8756
7884
9011
3935
3911
1756
4971
155
4391
6308
1283
9889
2726
1963
837
7061
6246
725
9389
6058
5602
6711
5178
6544
5451
7984
45
8432
1910
3175
4134
3380
5874
4891
9519
2525
1077
2272
6269
1312
7004
1768
700
5920
4979
8331
2607
529
5162
7041
9634
4344
9779
6473
7617
8264
2130
5033
3768
8037
3457
6883
2686
5952
6144
6882
9243
8398
7726
9479
1182
2242
3921
6710
7767
6777
6156
4435
9227
7075
1340
3331
3245
8979
9106
5261
8229
8097
286
2650
8630
4095
8752
6354
796
19
8442
4187
1102
3882
2596
1996
9559
4429
7732
7564
3326
7527
5262
8377
8624
9988
3800
1442
3464
753
6243
6166
1420
302
2137
6099
9891
5868
8700
8282
789
5021
6631
8854
4536
7657
8166
3226
9564
7358
9979
2261
3037
6074
612
9875
3021
3968
3400
6743
8028
7967
5286
3102
1106
2617
3607
7138
3335
885
31
4906
9386
4853
5812
2854
4825
2694
9799
7937
1405
4152
6399
8322
8151
303
6959
9647
2110
8146
4337
4256
5582
6229
595
8546
4166
7031
2934
6186
9196
3392
5923
2459
135
3220
5090
1794
2614
1422
8680
8772
4720
2516
9442
9879
8455
6102
6867
7422
9124
5454
5458
6129
778
5921
3451
4107
4317
1562
9989
6422
5389
8933
6859
5363
9706
267
2933
726
5982
9945
5192
2033
4254
8083
6779
974
5950
5833
8898
7864
9159
803
8218
2141
5236
7602
8938
6981
4229
8562
1265
5149
7202
561
587
6973
2018
1534
9030
8842
2424
2422
1554
515
3079
3835
3644
3549
5247
2700
7060
8373
3364
3722
4164
1725
7995
1308
4929
8085
4119
4237
6817
9257
8130
3769
4428
1506
1505
4822
4105
5184
2864
7949
6682
6587
5171
4840
8715
6035
3198
9050
9708
6414
911
4796
4377
8431
8580
4790
1946
7736
5344
4643
9140
3262
3587
6057
9307
6207
5942
2711
162
1174
1390
7983
8671
2245
6395
2177
6247
7155
9464
6178
2542
9516
5281
657
4769
5269
1622
9202
3447
3514
2970
220
9485
7579
7485
5082
351
6658
4196
9281
1942
6689
9755
754
9333
4957
8643
264
3237
38
8359
2145
6678
3414
9293
43
9287
2611
2490
6133
5023
2274
5596
3412
1303
1178
3353
3623
2488
7156
3244
8543
3046
673
6330
1548
1105
2941
6889
6936
1158
6042
8821
2583
342
8228
5280
1
3255
1350
189
4488
3842
5512
7504
3521
8802
2869
3586
2465
767
7000
2714
1417
5986
8591
3217
2775
9036
4639
4148
8675
1407
8129
1360
3603
8
3101
2461
6345
238
9354
7647
8243
5397
6310
8314
2099
9627
262
248
4103
9867
1054
2280
3572
9054
4794
8835
8205
3686
3150
5559
7164
7835
5963
6203
6292
7963
9349
1855
7920
7324
1325
1164
9486
9091
9095
1850
5055
9733
844
5129
825
5081
1858
7010
9335
4842
2342
4202
2794
7786
4558
5436
4043
5672
5531
2738
9886
3696
668
9455
9862
6356
6201
4073
6125
2626
8810
8888
1722
1550
7787
5099
5385
3320
2011
3358
9728
5649
2935
6212
8457
8611
2623
2988
791
10
7705
6510
5784
7524
8649
2450
1267
371
8347
2519
4727
3294
8138
3402
4604
6665
679
2427
6627
187
5314
3855
8823
8252
2557
7385
1134
2379
1038
8971
7574
3884
2863
3675
2085
6549
2311
4527
3387
1131
7506
1160
1273
222
5472
5954
3096
1800
2975
822
6417
6965
7960
1288
7724
3619
5271
7170
5563
9249
3657
4446
842
7137
7522
9935
1194
1612
5759
8478
1962
2562
4378
9341
976
9318
8128
8490
7981
7123
1343
1516
1512
9668
4990
3887
2189
2732
8093
191
5097
563
9910
6799
5894
5179
3937
1503
6922
7792
6373
5155
5197
5009
4550
8697
5007
1577
1620
1089
6334
1846
857
5654
9499
6494
4895
921
370
7806
7516
3366
1459
4274
9163
8421
1598
9308
5395
340
244
9607
3854
6324
8106
5238
0
2829
4668
5532
3547
5962
8574
4574
954
2156
6199
6560
5187
5588
6970
1066
6725
6988
7357
1519
4070
8204
8064
2186
578
5188
9420
3712
7961
2508
8787
2363
8834
6837
6774
3668
505
2185
1954
7027
1734
8454
6236
9617
1482
9158
3297
7376
8192
7589
8072
2318
7388
5802
356
2148
9791
9938
6306
2199
8133
232
5909
9217
7208
9569
5175
5797
2880
9598
9794
5793
8631
7636
4651
1530
3113
1600
6514
5823
1973
4801
3208
8970
5552
8942
1933
335
4240
3369
2357
3502
8966
5463
2799
4062
1945
2898
2404
5112
6116
5209
3122
160
8626
9218
9515
625
8991
2908
5725
8922
4923
3181
2001
8210
3594
9922
2400
4711
3557
8102
6394
7968
9338
6722
4214
1138
7163
7654
5340
7434
1608
9744
7635
8907
849
8577
5699
762
4890
707
1818
3853
9005
8226
3962
3669
9852
3133
3070
7975
2897
1934
3992
8805
553
5211
5152
6726
2973
6748
2003
8836
8342
440
5557
1171
8683
1611
4407
8313
3184
7430
2068
5882
7309
3953
3912
1930
7891
8061
7124
3785
8380
8206
3731
6194
6481
2044
5383
5364
2090
4630
8178
5427
7172
5079
5347
6526
5084
2656
1804
3665
710
9336
5202
6319
9661
3448
7727
8916
7428
892
1762
1028
988
6059
4461
5677
6448
7192
1135
7417
7225
4238
8172
1181
2389
3517
7830
3201
3468
3301
5422
7317
5707
2124
4453
8334
2052
3490
1619
8883
8762
2660
6897
3416
4617
5652
5998
4200
6755
167
7475
3753
5769
3994
8197
7898
4472
2367
455
2550
3840
8483
9981
3008
6204
5959
2803
4972
2142
3105
9470
5789
3923
9532
3322
1357
6915
4269
8053
8246
2856
9219
9385
1048
1040
571
8004
1451
6459
2777
6529
6048
7401
1896
9430
4666
9859
7121
585
7340
3941
2106
5616
3338
1175
4622
366
1484
8705
6759
1601
9903
6908
6617
9012
5445
1951
1247
5722
3057
6071
8126
9880
695
3036
928
102
7881
7293
7534
590
8420
6321
3389
1067
298
6498
4016
7817
373
2123
5666
4767
2784
518
8904
1889
9252
214
9086
3987
6047
4373
2112
8337
7421
1386
2006
8086
9998
6543
2096
9680
7901
8780
8858
8465
3526
5529
6950
5163
1966
5352
9991
2253
8105
9459
2477
416
6975
3528
4675
3861
4491
7219
669
5533
6513
8749
2618
6692
3298
4673
8788
4177
3859
4832
5647
7051
1532
4162
8058
4354
7068
5792
5148
7583
1782
4497
3077
6600
1036
1073
8590
4375
5249
4698
11
3035
1952
9397
2396
9422
4742
662
4535
1776
503
8926
7669
8025
4139
7841
9962
5733
4020
9494
9436
7855
6145
9201
3754
1275
4211
1900
6100
2429
4252
1448
8180
9364
5080
7645
927
5655
3093
4724
2248
8191
7740
8190
3525
240
4198
722
5304
7090
8781
558
9203
4715
3479
457
5279
3116
9327
5739
9123
8286
3076
2663
4395
2234
3442
8162
1792
467
4598
9888
8413
6802
5516
8209
2458
6404
6163
4434
65
6655
9716
3235
3111
9414
4017
5779
2268
9379
9558
6953
6783
1542
1607
2990
2343
7530
9450
245
3908
1991
7243
8356
9082
9544
1177
5229
835
361
6173
4326
9618
225
6109
3629
4987
4287
1018
4502
5235
6578
6505
5543
1774
130
1628
6167
7639
7914
5131
488
7863
5857
7660
7576
194
3085
9425
497
6264
9509
2588
7359
5438
7932
7269
3689
3446
6001
3062
9778
2101
6402
3876
9860
2937
9477
749
4829
3888
2809
4355
3782
1245
1657
5043
3233
2027
7310
6370
8348
9820
7212
7462
4738
9339
9234
399
6033
6469
9226
2629
980
6920
9842
4525
5548
4074
912
4705
1022
5508
2163
2092
3263
1201
9766
2270
2601
737
4991
7228
3766
8294
5333
3857
2236
5466
2173
640
73
5763
8894
1526
3918
6752
6028
5847
8207
1237
8589
648
6065
2438
1998
6412
330
3655
7033
562
4037
2881
1571
9790
1192
6490
6124
5077
5014
5320
3699
4209
6769
9169
7089
9584
2481
1565
295
2127
9614
3529
2338
1443
5360
6941
2344
491
2752
5717
2154
717
2685
1050
2326
290
8707
4161
6188
713
8333
1440
736
3424
2194
6278
7191
2361
4314
2095
9049
9774
709
6744
6367
2773
9738
5140
6357
3075
9712
5944
2180
854
4573
7472
8491
4628
9108
3640
536
2810
1665
5345
2566
5182
5145
4245
1191
173
1034
113
1724
743
991
2239
8150
997
5931
6280
5408
9604
9798
5863
5317
740
9957
7569
1444
1233
355
1822
4058
6564
8109
7344
5987
2258
161
7381
6686
828
8897
9496
7955
9560
4042
170
8712
316
5487
8653
6461
7956
3566
3471
8319
9695
9356
7558
5535
8306
4324
1016
1581
5898
2891
3397
7108
4748
1610
9681
5379
5978
2658
77
2081
5598
7825
8362
2161
5048
6951
1213
4080
7821
8509
9183
5156
4512
8903
1042
8266
25
4616
9085
4122
8092
4660
3732
5
4300
4382
2765
1136
3176
795
6831
8790
1708
3488
5590
5627
9658
2548
168
2138
4820
3792
431
5226
7695
3192
8234
2289
3421
4702
5753
4846
6584
190
3081
3161
2395
5362
5428
8647
6478
1781
314
8383
5744
3681
2080
7902
6044
9381
6253
5190
391
136
5473
4471
6697
1154
1701
8316
1557
299
8262
9504
1100
7246
699
393
1845
7216
7304
4507
8684
1831
2215
1413
819
9083
254
3524
1824
7501
2707
8177
2469
8939
6753
1128
663
1035
6849
2814
6628
7555
6075
758
9743
4415
4986
95
8982
7177
9033
2464
763
2716
464
3277
1578
9699
8784
8193
6892
6444
6733
4903
5098
2978
4000
6378
6558
3575
8195
9276
601
8300
8277
432
1588
1627
8400
6403
684
3562
9432
2751
1391
6826
9448
4570
2004
3309
3635
4758
475
741
471
3158
320
9253
8564
7350
9438
2980
7676
3654
5369
1798
4475
651
8925
8960
2328
6597
7529
2771
2168
9314
3740
1715
9863
678
7770
4010
4560
1053
9843
8585
5165
6704
2608
7931
4766
4759
4165
1043
1742
6339
7281
3328
9323
7459
7771
5242
1744
7465
3632
8016
4956
2007
2152
8547
6206
889
7994
6298
4188
9838
2295
8838
6118
9208
8265
1453
9267
9078
8019
9757
9548
3578
3450
2606
5731
8370
1462
9958
5372
2770
3250
5039
18
4159
3365
6683
7565
8551
9121
917
8059
3310
5642
7414
1010
6256
9476
1765
7615
4623
7482
7988
5086
4006
5121
2009
4
1843
8783
1552
3148
5139
5253
5104
4032
390
3630
1139
7543
333
7719
4319
8279
6227
2831
5433
8531
8350
8417
1441
1200
5752
7552
6210
6848
5957
6225
2851
3478
3604
4686
8779
9311
560
3251
5109
8214
2982
1481
9740
4965
2480
4321
7872
5402
7631
3567
7750
6923
3599
4681
1243
1322
1649
5468
9747
9577
81
2098
4650
1151
9908
8160
4883
3205
6051
7409
9963
1773
9904
6607
7550
2057
1395
7571
6621
7446
4873
721
6685
2062
9443
8476
7262
1404
7114
3724
6804
8259
8158
8098
5200
7294
1749
7896
7267
1365
3715
9961
1286
4771
4334
8510
3561
5298
7659
1058
6650
4087
2046
6525
2630
4606
7390
6728
6522
5705
8534
9498
9018
5562
7945
1541
9433
1835
5216
1525
4509
6180
3290
3000
8594
4133
8462
1137
5507
437
2413
2433
1494
7519
120
1112
972
7074
3805
8353
9831
2359
7337
2580
4296
8793
6019
1783
8635
6285
4893
5714
3749
2720
2570
2929
9319
8718
1662
8770
4492
1795
7339
1623
4044
4993
1204
1911
3523
1455
9870
521
7478
3682
3465
7882
641
5093
8796
7548
7351
2659
1892
6899
8947
3777
5825
6039
5892
1024
545
4707
8997
2179
6493
8407
7166
2643
3346
8758
8271
1344
7883
1401
5939
6452
7674
2259
9737
8566
3928
6964
5607
7927
5054
6220
2360
9892
7528
7445
1372
9837
3059
667
2772
8595
8396
774
7601
5972
734
4380
8268
4278
4397
3634
2300
6245
1031
9154
1772
883
4658
7824
3653
888
6825
182
1070
3554
134
3596
7366
2579
3282
7572
3819
2493
6193
3671
7120
8474
8489
9472
8965
1120
9071
2482
9947
5622
9855
5871
4605
5981
9689
3385
8873
117
9198
1172
4260
7387
424
9055
8196
9848
3555
1931
5010
3588
6126
3285
9114
9321
6497
9793
7549
4493
5504
1630
6724
3939
9277
6518
1972
5123
6907
2727
9677
2940
2786
5996
7483
1965
6599
5257
2310
7708
7081
1829
9371
8696
5341
2478
6363
2679
4096
4589
8121
6612
4204
89
8154
9611
2296
8119
1313
2876
4142
3723
265
4451
5038
7584
6593
1875
5514
8505
9758
5128
6968
6701
4190
4478
3999
1232
8484
8358
2479
6034
9795
7341
6424
7614
2026
5366
7416
385
9101
9474
6475
6545
1062
9024
4489
973
3822
4700
3636
9697
3495
2575
2789
9302
2731
9073
5282
3985
5640
2467
3759
1733
4294
6276
127
4579
1206
9132
7533
6563
1427
1707
2543
4889
8430
7799
3843
2109
2202
3813
9355
1579
462
119
4192
472
9209
3001
5406
7450
6629
6791
7449
138
9696
7525
1147
319
5456
6252
6680
48
7110
1648
2681
124
4941
4703
6949
6910
798
9926
2981
3146
3618
186
8967
7372
3249
8518
2284
13
1894
1358
6751
4015
8850
4737
677
548
2176
4640
520
7476
1799
7563
6004
2091
6254
5212
5967
2702
175
6482
9736
2840
3641
1997
2069
6994
6281
9089
7813
3265
5712
2256
4358
1594
6698
3368
9151
8231
7780
4690
3916
1705
3411
2369
7690
2016
3552
1051
1909
8182
4989
5270
2612
3157
9669
4648
5776
841
9481
8332
2086
3534
4659
2250
2117
1381
4909
1720
4147
5327
3616
5897
8032
6553
6077
6465
2549
7283
1509
2872
3060
4982
4976
5147
3449
6050
4409
2126
2833
6866
9475
6594
9115
1731
6082
9530
7104
9924
7570
7804
5470
9911
6520
1425
3687
532
5497
9704
7128
6874
6700
1311
9721
5844
411
3352
4524
5755
2774
4619
609
2286
2558
1359
9912
6507
3501
2171
4158
1318
8996
3811
8688
1821
2642
7007
7807
1638
198
8149
3170
3381
7217
8504
1114
606
4503
9104
8975
7252
478
6760
3775
1760
143
5732
346
5509
1538
8625
9693
3348
5896
5076
5440
1276
4884
7093
259
1669
3743
6854
6608
1205
6919
8237
5313
8794
6893
4701
1226
2551
8545
6714
2800
3836
6943
1379
4568
9483
494
1225
8186
6263
9897
863
1148
7076
4460
5111
2654
5827
6060
2776
4730
6470
8698
4613
5688
924
8701
7858
6091
9767
1661
4310
4577
6616
8660
9067
1653
8290
9041
6861
2552
5321
3100
8173
8419
3295
9182
6314
4498
3709
8024
1005
9167
216
3961
2944
2198
2230
360
6767
8778
6603
5437
6745
3929
3398
6018
6742
4259
1958
5136
8691
2435
1198
827
1528
6990
4405
4315
2205
9941
4194
3698
1394
7230
3905
8913
1496
6432
580
7951
4704
9851
6656
4411
7947
9707
3221
1277
9501
9588
4127
603
4185
9250
377
5573
348
3788
7540
2652
3247
7532
8809
5064
8033
277
4594
2336
1691
8261
3568
1297
1654
7827
484
687
1492
1351
9900
2646
1406
554
3592
8512
8463
664
730
7832
8074
8962
6147
3058
3772
6340
3942
3206
6780
8517
6636
9581
7924
9605
9348
9334
5181
9229
6393
862
2385
4262
9993
4102
9739
666
787
9092
8493
6244
3362
5565
4728
7389
430
1101
9031
2778
6217
1432
3622
1737
7188
4064
9792
671
8515
9278
9117
8656
7809
3581
6377
7021
2335
9715
5637
1464
6130
8142
4847
5067
3738
1917
2621
7520
5713
2486
4621
8360
8164
312
8269
228
9269
5308
9347
3132
4882
8724
6486
8427
7585
4776
7489
1483
8482
6778
6675
328
957
7022
802
1520
9435
6648
5549
1870
3179
2334
395
7848
8870
4130
8501
3798
9194
2837
693
4490
9259
2451
1431
2905
5903
4863
3979
7544
8651
3846
213
9990
1109
9909
1228
5968
5772
6300
5906
5750
7999
728
5432
8267
4531
3546
3781
9174
3734
8536
9638
8385
8067
5166
322
4935
898
4005
4426
8022
1446
4855
2816
1769
2197
1009
4153
6771
8820
3739
4242
4154
6567
547
8437
5953
2193
1259
6622
4583
5032
3440
7011
1108
7327
7720
6489
2115
3900
3304
6674
6197
3535
6691
3527
451
2910
2356
1527
9871
1504
6219
8934
9344
5259
9916
2037
3403
4332
4802
5773
8112
5206
7162
4061
7147
3967
1430
5567
9986
3728
8776
9421
1261
2871
4554
1068
7768
4672
8395
317
9934
447
2386
3978
20
9969
7503
3516
4546
3115
692
5374
5910
2089
9401
4516
7751
4837
8002
9775
8145
9682
882
9137
1941
4803
6142
1693
771
676
7721
7268
620
4442
7332
7879
9185
5591
69
2704
7115
7866
4775
4090
71
9223
3145
6737
8994
9932
8941
528
6406
1814
880
5441
3332
208
5517
8499
9424
5977
1948
652
6471
6488
5662
8390
5484
1987
5183
3014
2651
4383
8338
9648
6333
4552
4544
1994
5930
8674
2330
5969
4022
1664
5085
2743
4691
6577
4047
8170
323
4780
4897
2624
4518
9649
6873
6548
4747
8399
7168
30
5349
3436
1118
3459
1609
7258
5782
8492
4772
9449
3191
3736
9503
9654
8799
6131
4500
5667
3324
2730
6499
1704
6164
3981
3444
1452
3620
3940
7368
5899
2348
8391
6645
5767
5240
4325
7916
3932
7560
1150
9724
1921
904
3721
8815
4920
6320
4320
2453
6703
4110
773
5526
3883
4456
6353
4602
7778
9780
2291
3864
6335
7840
8285
3064
589
5052
6301
3638
5368
1898
6239
538
8935
7979
4861
4258
7892
7595
7715
204
1885
4545
3196
9441
3820
401
4156
101
7772
234
2415
3168
1215
9816
3052
766
3211
9304
1419
9489
1241
1780
4753
3825
8730
3966
6537
7862
5947
7514
4669
5011
4235
8899
1797
4140
215
9288
7278
3092
4470
2100
638
8352
7271
5154
3950
1529
3672
3106
7126
2742
4465
4510
8822
3542
7440
4098
4785
8874
3432
5312
8972
6652
4740
6387
7926
2917
1249
6150
7987
6218
9784
946
5787
6639
7285
9824
1676
5720
109
1637
2545
7681
9551
932
8641
4205
8014
7605
1116
3214
5619
5330
8296
4872
597
7100
5073
8144
3138
349
4136
4684
5970
9144
7160
6445
4892
8915
6509
5335
7148
3384
2986
1086
5749
2301
2950
4528
7049
6872
5876
2025
2212
5839
1238
8000
1980
2399
9845
9868
6796
1262
9874
8063
5521
646
2209
5831
9703
1445
9959
8320
8980
1719
2845
8732
2969
3983
714
1069
9473
9919
1140
9069
5380
1547
5809
6749
9663
9928
2695
9970
343
1683
2615
2636
2132
9850
986
5956
2750
4275
2565
6638
7241
7509
9313
873
8351
7158
8681
5660
4792
1625
1790
4401
2574
1864
5826
5612
5955
3048
9076
2680
6434
7112
3091
6992
6732
9152
7847
2265
8090
5336
1403
9835
7664
4723
4092
812
4678
7215
6998
9102
5469
1681
6231
9678
566
6500
5040
2445
3520
1266
6576
4977
1376
9967
1190
1684
512
9997
7432
3812
9255
502
5025
9929
5945
2717
3945
7643
2204
6660
1747
8345
3154
987
2263
6408
1409
3151
4662
5491
7795
8881
6906
5855
7336
616
2515
8212
1363
2793
6162
5185
870
2907
6611
801
6015
4755
3407
8989
88
2965
5687
9992
4933
9535
4021
14
3881
5585
3898
5940
9606
1472
6492
614
6546
7828
8891
5936
1345
9361
2885
5935
3870
9408
6266
5633
428
4473
5794
4633
5862
3906
4629
5919
5887
4100
9895
7646
6355
2915
4137
6757
4609
7656
3807
6221
8168
6350
2546
4201
5811
855
4301
4239
51
8036
2074
3286
6084
1869
1582
7404
1074
9224
8581
5356
3420
407
54
392
8839
7673
905
8735
1295
7048
7959
5133
6918
6829
9370
4519
7797
8932
833
7989
5063
8021
3264
3393
2715
4431
780
9466
9275
6527
2393
3472
1439
4221
6795
2175
7939
7395
7082
6379
1088
9488
2075
1006
6374
1467
2594
755
487
1414
9901
984
3889
6454
2592
811
6894
111
8386
9357
1382
5246
1392
3177
7471
5452
7458
6926
116
9510
5610
5276
1732
5799
2273
7985
1364
4708
145
1268
2670
2767
5495
9801
4174
9917
5718
9200
9187
9950
3539
5030
96
602
6538
7868
2867
3228
2501
7003
3128
9298
2002
2468
1189
1152
1700
5070
3486
8213
3172
8026
5915
4203
8673
2782
7779
3866
8402
8118
546
8305
4372
2093
6653
3232
4346
4348
6925
3306
9762
2337
9940
902
6463
7641
4360
4693
8046
3703
649
4350
9451
9595
5174
2573
4212
8018
3597
9264
7084
1362
7632
906
7900
7944
919
1848
6916
252
2968
9609
6809
7150
952
1573
786
7557
4304
9660
4031
4939
106
7
1854
4241
1197
4717
1224
6390
7415
1078
1549
5275
865
9428
2308
3591
6401
2903
4279
5266
2238
7134
3334
704
2687
9130
8020
6776
9803
5388
2364
1515
8572
4369
5346
6480
304
3660
4145
8433
466
1491
2600
4959
4736
941
2276
3033
8075
7788
3367
8889
3744
5583
9983
6351
853
2118
7423
6912
7599
4362
6671
7254
8740
1434
4459
6794
7178
5746
6389
5008
5943
6108
3504
6585
2384
8532
1723
3897
5446
6005
8969
7837
720
9684
9749
3902
6898
6368
6935
3355
5684
1830
4754
3673
8184
938
9118
6842
5738
3704
6803
5703
1429
4593
2401
5338
9711
956
7950
4417
8527
2013
4992
3327
1015
2817
6388
5678
2504
5815
890
2455
2224
4625
6386
1278
7910
7433
3803
7248
5551
6455
270
4001
6677
5974
7321
4827
4419
5004
9809
3602
5891
6709
7265
8140
2065
5002
2746
5245
6192
178
7962
283
2277
992
2160
8856
53
332
688
7077
8044
8526
9524
9849
9378
9876
7040
6688
8956
7742
5290
1059
219
2329
7236
3642
3044
9968
1838
2071
9131
4896
8167
9372
6632
706
2371
8464
9640
5005
8238
1323
4236
8304
1591
1119
2299
7536
5925
5867
9671
8307
8736
7971
8570
3231
6673
3131
8108
2489
5670
2849
441
7006
2938
526
7888
4529
5113
7704
607
5263
8583
7305
3986
7580
6088
9818
4722
235
1906
897
5889
7845
3500
5694
8565
565
6993
6196
3186
8152
936
473
5194
9162
1606
8274
9404
8330
9541
628
7047
3867
5900
5545
7042
6788
6644
1125
1561
4412
7374
1326
66
3872
569
2362
4504
3356
6396
5519
4172
2288
3087
8438
1408
4995
9387
7974
4167
1291
4351
2953
8117
4183
3396
1943
4385
1916
5558
6860
735
4084
7391
2232
8397
9248
1030
8270
2366
5766
8412
4981
183
3441
9651
4542
6375
4283
3844
785
5404
6995
1333
6347
9261
4569
1523
8882
8876
7325
5251
9566
6913
2322
2216
4396
6750
3047
3311
3425
9454
5569
1341
8201
2697
1907
7063
4809
4951
7392
4088
9487
6634
1378
3784
8652
9893
7775
5342
2061
3086
7953
1272
388
5691
8488
6067
1299
3560
247
658
4002
1124
2768
3119
6946
6338
1817
2878
4983
963
5089
8931
6083
2051
2605
3910
6528
6453
6764
6171
5170
9776
6649
1001
1463
293
2388
1811
843
2818
643
6863
7032
8733
5594
4984
3230
2783
207
3735
2223
7562
4474
1751
6274
660
3697
4085
4424
3099
1240
3613
8928
7201
794
1354
276
7439
1629
9890
4572
5488
6328
2985
1008
7607
4282
4276
9087
7182
2449
9735
6307
5324
6669
655
210
8161
2313
8983
1337
6222
7662
5556
5641
4330
2928
8865
7700
1880
2942
8069
5006
3223
6571
9578
4035
6433
4303
4057
5530
5837
9865
5117
4126
5635
2073
3169
6027
287
8537
930
1540
7495
6182
6195
7058
15
6815
922
2108
2586
4761
5702
4806
7796
7195
6555
6942
9556
9417
4886
32
7734
90
7101
3243
2487
4246
394
7045
2569
534
7338
156
9043
3372
4399
6041
6257
3760
2698
1583
5999
4309
7697
26
6969
4752
6032
2442
2741
8742
5904
1209
2262
8558
3024
5421
103
2644
9113
7220
7435
3329
3350
9074
7834
1499
5413
6521
1377
3143
3193
435
3737
7749
1703
2155
159
9065
4109
8722
4406
6781
2350
4056
4513
9796
6676
1856
7794
1184
3573
7852
5390
422
5673
2060
3408
1739
2434
1873
46
8804
5901
5434
925
4636
4298
2591
8281
3042
6268
7223
7468
4637
7711
7002
132
1981
9310
5859
9262
1688
7067
6447
7315
5584
158
8731
7573
5544
4541
8582
4789
7209
3053
6657
6945
6409
7844
8523
4359
192
4974
6316
868
3452
5600
9883
9240
4368
5835
7057
4121
3919
9974
7998
2527
1726
1895
6550
5669
6443
2827
9936
406
5701
6365
1248
3069
3274
8867
3925
3605
3771
9061
9268
7619
9291
7714
4751
7301
5186
1179
6479
5222
9914
3477
2999
1522
7638
1636
7505
3823
7308
7276
3522
165
9878
6336
8852
353
820
2492
4787
4114
672
586
5503
4985
2613
263
3565
6462
7917
8506
9594
4559
5824
5547
570
2904
6157
9523
2078
8038
6305
7250
2524
180
9444
1819
1007
848
1242
624
1692
9745
1796
9391
3513
8985
9256
2072
9683
1616
8223
1613
5394
1982
8435
2619
1826
6613
4141
2757
4291
2134
8968
5621
5783
6215
146
3583
4423
2804
5632
2017
2285
4671
9399
7107
4506
3972
8992
409
310
195
6630
1698
6821
5856
6844
818
9197
7193
9575
4849
4157
9717
5606
4054
4834
258
7005
1465
4410
1280
1555
7356
7135
2047
4826
7109
2841
9976
1785
4958
126
9673
2675
4850
4627
2936
6183
1771
2503
5735
2886
3515
9221
5455
6296
4343
2664
3212
3229
5045
6832
6801
950
3757
5361
8976
1335
4367
5988
5644
9644
1317
6952
8405
7361
1815
3507
3240
5689
7253
1020
636
164
2807
6931
6900
7913
5287
8188
5475
1309
2830
7455
8372
3313
6784
7997
7935
7464
9764
2166
8273
9973
5091
6890
1878
6021
756
6504
3627
8552
9440
1476
1993
2012
9861
5208
4449
3405
7929
1153
4836
7086
7443
7463
4526
6948
8869
1156
6037
9823
3155
1575
2365
3342
1039
1369
5042
8759
4866
9141
557
5161
2370
8346
1758
1950
1539
1433
5869
3473
7703
123
3284
5834
872
2240
2267
5849
2421
659
9272
5284
5028
8648
3558
4517
9179
5387
5961
5813
711
6187
7870
6484
2317
8040
3647
3439
6813
6440
5615
2832
887
2976
1944
9840
3203
3834
4402
8855
4255
105
5068
9533
810
9520
9915
4227
8280
7822
9329
4480
9815
5027
4928
5727
8388
5405
9155
8027
4180
2107
8761
3649
517
4961
3123
4051
1685
6174
6341
1937
199
8110
4756
3423
9019
1115
4036
4689
7466
7059
9025
748
7566
3752
5745
1045
5917
966
7355
4438
8220
1935
8263
5697
2879
7092
1126
542
6705
1219
948
4791
1480
3733
7785
8429
6315
5359
9765
3142
5645
9545
7820
8137
8661
7976
3336
4455
6451
2496
2844
4547
6978
1246
2958
6020
7035
4725
1095
5419
3445
943
9192
5411
7091
6238
7790
1640
2725
4243
9502
3643
6226
9241
1518
4975
4341
629
7760
8748
1699
3271
4374
2703
6502
6121
3041
3789
1839
4584
632
3793
3216
4106
5278
6101
7244
8077
6014
581
379
6400
7857
3347
6242
8739
4349
6758
817
6323
1589
1903
3095
953
9112
4967
1330
4610
5990
5453
40
1974
5878
3341
8382
5101
357
398
4288
3127
4661
4904
1173
3691
2213
6736
9664
4770
3266
5540
9122
9813
7343
1741
1104
3509
9710
7833
6997
3417
2577
823
5696
814
2067
9666
1690
970
9951
2632
8403
5479
2181
962
6895
3804
5922
4499
5840
8449
6312
8978
3204
9070
3045
5485
6140
5258
1141
1117
627
1673
2441
967
5729
8817
3279
572
7113
4901
1013
2590
724
7755
6884
7069
9732
3776
4749
9555
4182
3512
5417
7399
5022
5686
2653
9390
2655
6814
1574
9022
4132
1959
4905
1995
3485
5505
6670
8159
2412
2812
7448
7905
151
4894
1338
2219
2710
7199
369
5933
6982
1252
1888
8569
1886
2911
6712
3701
3017
6762
4549
9667
6096
9497
7626
8187
3683
4665
8461
6249
8494
654
2022
5927
5205
1596
9561
253
2443
5902
9034
4485
8579
8636
8628
9186
2564
4038
5409
9742
5461
4624
6237
329
1132
1426
8139
3590
1775
9173
1770
6483
2353
5664
9359
1025
7758
7370
9434
5176
2034
4788
665
3269
2521
6016
8233
2993
2425
3197
923
3174
4250
635
2206
6202
8275
2491
7477
790
2802
7733
9482
3716
5576
1250
5464
1969
3016
3430
4721
4875
1216
9985
5134
5842
3933
8727
610
7671
9014
2105
1728
5989
5788
7946
205
4393
1580
8048
128
9635
9952
3012
3646
6833
7233
4199
8868
1877
4270
6662
8612
6411
7400
9161
6508
6095
7288
7851
6022
690
4144
6843
9331
8321
6446
1321
7699
5841
859
188
9305
1121
7403
745
1558
1256
4824
5062
2939
3518
4226
482
1163
6234
3710
2058
3609
2174
9597
3080
9145
2146
7762
7653
875
8312
7024
1270
6272
1471
6693
7125
449
4363
4718
1680
2084
3563
5932
6460
7349
7307
768
9821
6148
3797
6921
1899
4403
4072
6877
3786
2893
3030
1919
1368
2019
7274
9679
6798
4793
7890
7297
3612
9746
7502
4078
3173
1956
4170
5337
5373
5318
2914
2314
9021
1416
3437
1017
1667
8060
6984
2639
7728
1021
866
2745
4019
8469
5322
7877
9402
2444
1834
3025
4699
5852
4440
7791
1697
8892
3827
2995
6025
415
2305
9244
5992
598
2119
9839
2218
2020
2796
5890
8803
9984
7996
4830
4297
2921
9808
9493
372
9469
1752
8695
6539
759
4799
5980
8389
2820
3536
9340
6989
6643
6066
3707
5828
7235
3272
6214
931
3023
2906
4386
3458
4281
8125
6343
8710
9077
2431
1290
5435
2151
2200
4361
1643
7427
2899
2066
3852
5534
6427
9987
9453
5589
9322
7264
9157
92
1063
7447
6410
5126
969
3705
6136
4915
1563
8713
221
2319
6141
1710
7452
8686
779
209
983
9946
5711
5132
4138
6036
3218
3395
2397
567
6702
1702
7095
5424
7597
1304
1624
313
6708
6208
4581
5294
7764
9719
4870
5267
3194
5575
8076
7149
4561
439
685
4076
9687
2226
288
2271
8768
7222
8849
2217
37
3746
5100
6789
7224
405
7667
6137
1872
9410
5231
2923
3022
5648
1319
9513
98
2113
122
8814
4267
1356
4663
2724
1400
1253
3818
2957
8588
4845
4595
5480
1072
7823
8993
5119
1387
3497
7498
2848
8524
5541
3185
2513
2729
4682
3868
271
5546
8120
3029
463
6716
2857
4591
1660
8215
1853
9265
1080
469
6602
8384
2358
8055
8256
2587
5929
6072
7686
8576
8153
2143
2331
9846
5013
2735
7080
7838
5293
2951
6924
7908
1979
7174
3702
8211
9478
3167
5370
2275
157
8051
3931
425
7179
697
6198
5118
5914
3156
4677
2673
9751
6659
8657
7097
7256
993
1336
97
2637
1167
7766
5657
2733
9045
1075
2010
6517
6029
2279
619
1212
8241
6580
4483
8921
5020
9937
181
1269
144
9505
1976
1334
7906
8111
7819
9326
8458
4481
4280
9676
9777
3293
5213
2507
6519
9869
8050
2510
4053
949
8944
2945
7606
4218
3072
7287
306
4879
6566
630
6754
8602
9214
4571
294
4683
1466
8411
3049
9107
5041
3239
400
1884
8007
7933
6891
3491
2593
3378
674
2972
9856
3317
6120
489
4950
6836
3160
2785
9001
2671
3019
8406
6503
4009
6937
1180
8487
8219
1230
8988
3658
7909
6932
8008
4963
7313
282
3276
3067
8447
4878
4077
3614
3954
7648
1849
2931
1234
8806
746
309
9468
7546
2416
308
5747
6288
3097
5001
224
989
1083
9047
8539
5066
9292
4007
2932
3303
9538
5227
4508
3034
91
1373
230
3351
6740
358
1823
5748
698
4171
2162
2901
9362
8496
9351
9754
5486
7793
7280
4011
429
171
2852
6123
1374
6667
6344
9017
7018
6853
6468
3832
5960
459
3139
6852
8600
1302
6161
3308
1887
5873
8644
3363
1689
3559
2457
7596
6184
1495
2182
985
7066
6934
3288
8819
5886
804
1560
5034
6079
4469
3178
5092
2030
3802
6635
5492
301
8344
7874
7885
7227
6870
2634
5400
7487
2737
6914
792
7165
5518
9750
5777
998
8964
5323
2576
3678
9603
239
1281
2781
626
1456
185
7118
9337
3625
4644
531
7810
8824
2191
4913
5285
3645
7737
1593
1713
4667
2971
9294
3475
683
3956
272
2233
6715
125
8908
1592
5626
4828
7886
41
6255
3088
6933
6911
9064
4808
5035
1543
2390
9445
8777
8618
4582
4413
1258
4838
4233
2677
9330
5973
9853
1602
9608
6739
2948
6113
7526
2533
757
7623
6069
8961
5151
4094
6835
5365
4687
3871
2345
6430
4945
9576
5586
9242
3907
3374
6002
8620
7600
2883
9405
2436
1999
1978
3891
5439
4632
3180
450
2766
9756
3584
5193
6871
5511
965
4537
1331
5196
2332
6531
9056
9996
3767
2283
8666
4746
4880
4902
8034
9641
1415
3808
2581
4299
2755
7918
1957
3376
9975
5416
5292
2998
7624
8276
8013
3455
9674
352
2167
4988
7782
1231
7655
1595
9616
1671
1193
5571
4392
4155
8554
7232
8425
5141
2627
7769
1743
8529
9258
7717
4307
7480
5617
4645
7239
7218
9972
3543
3589
8381
2779
8863
8704
6007
7860
760
4646
3833
918
311
5756
4416
9628
9366
5401
6457
716
3375
6591
3909
6265
6718
4841
5481
544
9817
2528
3773
4163
2500
6380
6008
1090
9471
1686
4018
3289
9290
9692
830
4404
2520
1633
8706
7189
8920
2877
4353
8009
4921
7783
5371
4588
461
6734
7808
3774
8640
6407
2312
7306
257
4924
5057
3314
7039
9136
8830
4468
719
3662
981
805
9789
4786
7043
8401
858
1251
1908
7143
3390
7328
3656
8757
8326
5381
9902
1568
1923
2064
4762
1793
1881
3893
3493
5228
6258
1890
2762
6939
9759
4467
33
2063
4862
7153
9051
1655
1168
2949
5483
5415
8945
7665
7026
1399
2158
2537
6620
5384
5692
856
533
9343
3061
4741
1891
3970
5790
1208
5429
809
1079
7196
727
1211
1975
1508
2924
7479
7205
9175
9282
9652
9332
7497
6000
4854
2850
3009
4305
2571
3434
9010
9393
9211
8467
4068
6562
511
76
7798
5975
6293
776
8599
4608
7481
8560
4804
152
1003
6625
6376
9830
1218
5938
2769
1221
3582
4674
5937
4496
2418
4432
4067
8299
2689
9585
879
5173
7587
6313
1960
5574
6756
5866
6974
9826
5522
6152
3899
2896
17
3418
5679
6031
2824
7013
7240
1162
4338
9166
513
9042
3694
509
8743
8443
1103
3927
9285
3316
1859
2306
7893
6062
682
7016
7453
7942
8354
3333
8453
1585
1029
2324
8658
1081
2631
4486
5138
341
6902
3125
8662
8448
6551
408
4277
9600
3248
4798
1060
8905
2165
6011
1004
2892
2187
4335
3388
3541
3492
9630
7568
9599
9546
7326
8677
5029
7903
6049
6610
6240
6369
8295
8366
3202
8818
8199
3548
1370
617
1099
8497
7054
7634
4706
5726
480
4273
9053
8071
6467
3963
7575
1049
1057
1355
4272
1207
6331
8650
5137
8245
691
4835
4390
6128
2377
6181
9195
1223
7229
9103
9286
1155
7311
5506
2298
5105
9583
8896
4289
9797
3339
5593
2826
5685
1778
8176
9090
781
961
8323
5597
8471
1348
4189
3359
3083
7990
4868
7413
8725
9490
5012
2423
2723
6360
6213
8520
4764
9655
84
7159
5065
5254
2847
9009
9191
2512
275
5391
3690
6138
4811
7678
458
5219
9097
9409
8057
7102
8169
1014
5564
3
6876
7284
29
8446
8851
7424
6413
2855
845
6026
5233
4108
2815
6582
2015
3659
4918
3726
6352
715
7036
9587
3585
9752
1375
3915
3714
8866
1727
8689
1868
7251
1645
8578
6284
1096
7133
2340
4117
6176
4322
3268
9531
1458
6839
2255
9872
6080
4871
5865
2000
9574
108
7277
2021
9954
5288
3593
3152
5334
840
4316
5180
9785
2874
2254
9048
5804
6823
6619
8541
3462
7171
8367
968
4206
4596
3496
5510
9423
5407
2471
6155
4994
623
9882
2241
6917
94
137
501
8687
1202
4045
6384
3260
5798
2339
5579
1847
9346
8550
4726
7438
9787
8957
8375
2563
4458
1757
3315
4295
6987
7272
4530
3054
2544
8844
8607
4030
6017
4186
5611
9753
3556
2349
9596
4336
6947
5984
9156
1294
1093
5853
148
4120
1346
6868
2974
4193
1656
2761
799
292
4620
5698
3147
4408
5465
7299
1393
2962
7958
7316
5477
5412
5328
6223
7850
4783
3626
9079
1385
7365
3719
8157
7603
324
1694
3799
2888
8833
3779
421
5376
9690
2792
8902
7754
3965
9317
5743
4063
75
9032
9406
8678
5671
5818
5740
1740
4217
3454
5630
2523
2140
3806
1730
8029
3162
4223
7203
4216
8900
4522
9270
4292
4347
1586
7510
9171
583
87
7169
9709
8841
537
6642
8303
6886
8460
4268
9921
5399
9220
4551
1865
5542
3401
7008
7257
6304
8533
7062
3031
7407
9188
1572
8604
9138
2657
5636
1366
201
3207
8912
1285
3829
36
8428
689
2294
3601
605
3971
2539
1764
9419
8258
1307
118
3845
7554
5775
7692
4261
4247
5095
2463
7849
9358
8538
8958
2676
2530
5524
6119
6885
5331
5382
686
9645
9245
4104
3296
5024
445
7789
551
7474
4631
2502
9995
7991
7106
7613
573
7176
7496
1537
2952
9129
2722
5550
9360
9271
556
1457
112
4999
3134
3519
3305
1709
2394
4680
5926
9949
4228
7014
5392
8974
9099
6547
2192
3901
1130
6209
1424
8257
6806
9565
3631
2403
8792
2150
8217
592
4937
5536
5807
5803
4599
9446
2795
1651
3275
9514
6056
3510
315
8864
6793
6169
2499
3615
2251
5122
6185
9761
6416
4860
7286
7640
8006
1883
7406
3532
4943
8498
7936
8470
9966
9812
3544
7119
6572
5676
6596
8297
1514
2966
3281
6364
8846
4039
6398
4765
266
7369
1670
3259
935
2028
6721
622
1615
3676
9020
1082
6811
7637
738
4160
9653
8404
647
9418
5502
325
4888
552
8609
9542
7957
426
6888
5656
1282
3574
4249
886
1544
8670
8519
396
9592
1863
2529
3841
8298
3608
8729
8001
7620
9832
1002
5159
793
5058
2495
6846
5832
4520
7152
8148
3489
2139
6966
4014
5500
3343
3984
5663
5449
2149
8011
3564
3936
2235
2432
7621
2963
8592
4479
3944
9896
9350
1475
4729
2625
3621
6146
9100
9643
3718
6322
9722
5201
7275
2922
7559
8937
703
708
8639
7420
3892
9299
5928
2376
8507
577
6043
6961
7371
3976
9062
3850
52
9670
9081
3431
5860
7966
2597
28
7020
7594
6865
1687
196
5326
7318
7398
9925
7231
2801
4437
5881
7259
1570
5941
846
4600
1098
4763
5167
4123
7815
7157
4807
8667
7593
3135
8910
1133
79
5255
9899
7364
2266
8049
8953
8099
5836
2835
8663
6741
6299
4612
1759
1992
8853
1860
900
4597
35
5160
7130
9181
3419
5603
6076
5757
3977
8311
6342
3674
8563
2103
7298
8672
9037
8940
1745
9148
2244
2559
1663
9407
9841
8081
2293
5316
5581
3551
5393
2554
816
4339
297
4714
2518
3242
867
7921
852
5951
6614
2269
9392
7875
6362
6112
6598
8301
9805
5728
7140
2222
3373
7609
7679
9994
9297
2610
5207
305
4175
8575
8409
6383
7312
4091
6078
5059
1753
3648
1521
2813
4944
4097
147
661
9279
6415
2170
8068
9165
3725
5528
7053
9416
86
9040
1658
2439
9013
4947
3280
6073
6668
4253
2602
2333
2014
6695
4059
9447
2227
761
5124
1169
2297
1566
7207
3399
947
5861
3924
5764
115
8183
7065
5103
3824
3684
5221
5525
7746
2040
5146
9146
2346
6878
8959
279
1928
7752
3063
5964
2447
6812
3043
7146
3679
1901
2252
2808
9439
3505
8721
22
414
4917
9858
8786
55
8801
5357
2991
5431
2947
4008
5934
1659
1217
6845
6392
9964
4930
4692
5810
1802
3611
4024
7763
5916
6286
1485
782
177
6317
644
8886
9933
8828
9325
7488
336
4634
9429
6773
7180
1791
4477
8374
5723
3875
3109
5708
2302
1803
3837
9913
3869
8906
4719
2674
4934
5443
5301
7826
203
9639
6727
1939
5250
140
7738
2582
9636
6768
6495
2292
8003
2133
2589
1301
3756
7773
5872
3920
1056
1806
3427
559
5094
5403
3003
5605
3890
1300
8568
5680
6568
7456
3307
6040
8010
9579
5624
5102
7083
6601
8302
6738
3165
1349
1397
174
5625
2682
9088
184
3711
3394
4910
3894
1837
5948
7670
6122
4176
3340
1807
7290
8690
6052
8895
9063
2834
8716
4805
6023
1511
5795
7145
4587
5398
6419
8785
3078
2116
3814
1186
6971
2567
1469
4813
9857
2484
613
4716
696
2604
8327
5808
8084
8156
1500
7017
3258
4444
751
2535
8808
7993
642
3998
5069
80
8728
9700
893
9462
2473
7291
806
436
775
7729
3778
8104
8987
6679
7511
8709
8587
3453
1450
2497
8336
6228
8472
9540
4384
9222
8216
8914
1510
5634
2859
2984
7521
4311
4821
2437
1144
3379
2452
68
6262
4867
5386
9007
6309
4342
338
2983
7680
2094
6441
7716
4823
9235
2585
6735
5604
3004
9204
9819
256
2247
1092
8711
2979
9170
5817
5306
3667
4774
7592
723
2633
6986
6170
7226
2709
8871
7405
764
1236
212
9788
1292
5462
4135
7578
8364
6442
3330
6068
3938
7811
1061
6552
3727
8224
8361
4649
4075
2382
9866
2131
56
1513
2662
7836
2836
2387
982
4555
5879
4778
4978
2178
114
8798
5822
2744
1647
8480
9153
4263
8738
7889
4575
6976
1052
1327
6862
5490
5893
485
6158
2129
2692
4768
2668
7499
5966
6810
7494
58
2128
2246
3533
7044
4922
1328
3056
8737
8452
3677
483
9570
8363
9571
5423
9549
5273
7500
2616
9215
6559
4150
2956
4857
1410
9536
8901
6719
5265
1953
6570
7880
4626
4603
1396
9768
4869
6761
74
2398
6847
375
6556
474
3790
6800
6786
2987
3222
9562
9015
9369
1786
9800
8955
990
1435
9781
1293
5447
9059
955
3569
3826
8848
9534
7756
2925
5814
2190
3830
9150
7748
3028
496
5189
8065
5498
8927
5601
7273
7425
8155
6179
1493
8769
4387
7333
6287
1460
1553
9786
7186
4942
5690
6358
2690
6536
3747
6797
4398
150
8553
6092
3770
5796
1964
2257
7144
7249
6626
197
7181
1905
839
9400
6588
2470
4607
255
5332
8136
7314
4265
6640
8508
6807
7911
3764
8254
765
4482
8763
5693
7907
3084
535
5044
6127
326
5303
9300
4222
4750
4534
3415
2498
5587
5283
9231
1229
139
4365
8005
2229
9052
2839
104
6869
5223
4466
3006
8124
5031
4611
9236
5225
6805
788
4329
154
8309
6087
3225
5083
3498
1329
568
8194
615
5444
5489
7816
4815
7204
5965
9898
433
6927
7096
7396
541
7451
5774
8633
5553
7030
9982
944
8392
6663
5329
9026
7691
3903
7630
3227
8750
9572
6590
4688
9833
3321
3404
8645
9247
1316
5908
633
2514
7878
9590
2122
7342
7373
3433
2718
1076
5110
5377
9002
6154
6541
1986
5639
8293
4231
3124
7085
3763
9769
1618
1271
1989
5781
6030
1084
2005
5854
9741
5668
7934
365
4996
1750
6855
7689
448
8924
280
4079
217
2721
1706
9233
3729
7941
5237
5997
813
7688
1696
8422
8930
231
364
5107
2754
8244
9367
5375
47
934
5907
4998
223
7545
6533
9948
1961
3108
6366
1324
3071
6098
6615
7136
6172
3815
5204
4938
9586
5426
6980
5125
7345
3885
5578
6958
9296
8132
9411
6646
7198
2196
9457
5351
218
418
5864
8837
9280
7200
5985
6143
1912
6696
9563
7940
8100
3386
2214
9096
6081
9120
8089
359
2414
7629
7759
3039
261
2916
9177
2347
454
9610
1556
2164
959
8023
5325
9931
4049
3253
9283
5295
4462
1352
7954
634
8877
3576
525
8694
7352
7491
7454
732
1614
8318
3171
913
4844
5661
7915
4539
3074
2887
427
9802
7547
9713
7854
1157
6699
4484
2147
7139
5778
7741
1545
2790
8260
9702
8339
591
6535
3856
2758
9943
9003
3791
8795
6955
6110
6763
4069
9375
6327
7682
4318
929
3312
9734
9427
9093
4784
6106
3628
7666
9205
9382
3860
1185
8765
3838
2440
5851
5595
7980
6979
229
4414
8760
3234
83
8045
2946
4050
8239
1925
7895
3219
24
4912
8227
1985
896
8094
3538
5742
7861
705
9686
5751
1524
2641
5000
4284
4285
8573
1383
4697
6729
6107
384
2532
7633
5214
2708
7644
8540
2553
387
9623
1897
7190
1672
4900
16
6785
6191
2207
6672
5875
7161
2760
9650
6337
2320
1949
3082
1679
8542
368
7611
5554
9376
6977
6828
3337
9309
3484
7899
2846
2426
7649
2153
350
3164
6013
7334
6851
4046
7515
8800
7523
6996
1361
6230
508
9646
8746
274
1210
4538
3050
4966
6746
4970
1788
3969
3810
2077
4151
3126
9068
7781
8414
3354
8292
3831
2315
701
1227
1489
996
5291
2475
739
5172
891
2031
2281
3287
334
4345
8872
6901
1621
2648
8147
7661
7684
6647
8714
5252
6439
9403
4052
3896
2024
8283
6624
926
2603
3073
6232
8549
3118
1263
1388
2691
9884
8131
460
9665
8091
6061
1011
9193
5913
412
9180
6816
490
3112
1867
4071
9552
5850
7702
4352
1033
1220
7986
6282
2417
1032
6515
500
2661
9467
6875
7710
8615
1411
5425
9164
2249
278
1447
9999
7777
4340
7154
4760
8614
7098
8127
8885
2405
2517
2036
8535
506
2959
9058
8278
1320
7965
7279
4654
1576
6787
4926
7776
6103
6055
6694
8251
3821
4312
7677
8782
383
456
681
2780
7582
4553
3055
6332
9172
6681
9642
2531
3878
747
5765
4181
507
3190
7111
3957
7330
8829
8637
4773
5659
7651
5019
7687
7978
4563
1915
4023
4271
4782
9027
5460
8310
5991
3879
6491
7744
6472
2638
9506
7397
729
9864
909
3685
6717
7818
784
3663
2555
829
6261
653
273
2843
6094
9694
6159
1983
4997
133
1107
6114
4394
4548
6819
3670
2351
5241
1631
8948
8439
5420
4899
7070
4081
712
7701
8754
8181
1603
3278
5819
4745
2967
6010
6808
345
1920
6956
8357
344
3503
7992
7303
8909
8230
1203
1922
6436
2954
6063
7296
3065
9266
5150
6006
524
5071
7541
1927
1955
2960
5695
5520
2920
9527
9110
479
5300
1055
9877
8393
6651
6260
8445
9225
2228
5256
6477
4371
6706
9822
9960
2039
1111
2873
8308
166
2303
1787
3302
8315
1926
8685
4911
2547
1711
3577
1833
4590
3917
894
1789
504
4244
7367
9046
9127
9213
1988
2184
7628
522
237
9554
2290
8622
5858
2609
3182
5888
8593
2038
7698
3391
8646
3989
3708
7731
386
4874
958
5631
7322
153
4851
4523
2538
7046
6930
579
5350
8174
5046
6070
4734
523
6275
6938
1844
7132
5144
3371
7814
5555
4592
246
6775
7141
9632
3438
3215
9147
1497
8078
1367
6024
2739
9894
7765
7685
2053
5493
1634
6097
6838
7353
1564
1064
5566
9905
4065
1536
3880
1695
4818
6623
7618
3982
1604
250
8878
6972
5060
3964
5608
8369
4919
163
2237
899
4494
2208
733
4443
1893
1904
5674
6512
1755
9303
9760
4679
8601
5572
4916
5829
4308
3579
821
2485
6267
5234
7221
7856
5800
7362
8734
7429
8954
8031
1902
1714
9066
6940
555
7167
354
6277
6291
1642
2719
3946
4195
9029
7801
9854
6557
468
4191
4505
5474
4327
4313
3136
4833
2992
9260
8627
5199
3828
3949
2860
3795
6189
1000
5675
7625
903
200
4731
8203
2526
3461
9133
7460
6361
3469
3693
2828
6224
5710
4169
4129
6311
4797
777
1389
2622
2243
5130
9149
5302
1129
6586
596
1635
8875
2649
8221
4012
5758
4149
3537
211
1816
9072
4040
5260
9374
847
5106
6713
4115
8951
5143
3680
3959
9452
6329
7214
7383
6723
9601
9727
3089
9529
1012
8744
9582
1047
8513
4656
202
5215
914
8189
8544
1639
5289
9328
4441
4914
5414
6111
838
7859
2121
1971
1339
1284
6881
9827
5643
8682
6540
7441
1813
4251
8062
2635
916
8679
7484
7055
5457
7175
3018
5523
7012
8135
1874
6858
6896
752
750
9771
5515
7803
2282
8107
6747
39
1716
3299
9094
2821
3292
7418
1784
5877
1766
8198
1862
1255
2819
4885
7843
9365
4655
8923
8845
7608
4128
8584
4865
6250
3991
3137
4856
6064
1143
2374
9413
4819
5816
3652
2054
7001
5168
5771
7553
9463
8632
3951
2740
382
2201
8047
9190
5274
9084
3847
1729
4713
7099
7612
1166
4694
1094
5885
995
7116
618
5157
5628
8087
9825
3443
1754
5821
9207
5513
5770
9942
564
9111
8807
4657
4219
4543
7650
2411
8603
5051
3166
8225
6053
7805
493
2509
7694
5983
4779
5682
5501
3960
3413
4831
8317
7696
4379
9701
9134
8249
8355
2805
4293
169
5396
3540
1617
1808
4420
1840
6153
5805
2076
5527
8832
6449
3110
7072
5737
8703
3068
9923
9939
8884
