5861
3015
6655
2126
2068
8481
1499
7368
2732
8975
4983
3582
1330
3616
5851
7944
5220
433
9999
4303
436
546
2064
5443
1705
975
5207
97
6363
121
3390
9041
7037
4836
9315
1033
7876
1913
392
1710
7655
9371
43
9767
6696
7388
1682
166
5069
7922
916
9958
1301
1304
107
6004
8809
2233
2294
7459
3056
7583
7548
4250
9739
7881
9026
8024
1392
6948
2225
4657
6149
5200
2364
9955
1738
6506
869
9744
9309
4011
5975
9583
8532
2860
4584
2059
2666
1498
7782
4572
2467
1164
6315
8199
3216
3845
4141
2779
6350
3657
13
8079
3431
6473
8792
3709
7776
3139
5750
4138
197
6127
3686
4864
5008
8588
6104
1861
8672
8252
2132
2633
6595
6628
7501
1949
8628
160
7482
4555
3174
6250
427
3128
9701
3836
2401
9388
8982
8582
5279
4909
6235
5127
5363
8911
864
3227
3496
1440
6083
1116
6900
9380
6407
2007
3607
9543
6428
5864
3187
1085
9420
7538
4957
9872
6079
8053
2095
2799
7107
5582
4000
8074
3316
2105
2705
4088
3368
6045
8716
9028
6099
1973
9204
4140
5114
1456
6716
5164
7724
1975
5153
9095
3541
6463
599
1739
5000
9513
7417
8443
6278
1886
1654
2748
9408
8162
1776
6419
9306
4648
739
538
4646
1601
5154
8009
5004
5743
4201
3447
9018
6999
5700
5466
6011
5192
5936
814
2903
9227
351
4783
5262
1554
4867
5124
6310
7999
8170
3249
6343
2043
1900
2000
3004
1024
7670
1488
35
7218
3800
442
7052
4124
9984
8977
4661
453
8734
3460
9099
9017
570
1674
1884
2013
2201
3560
327
9629
5351
4083
7510
9032
956
4502
9745
7230
7215
9882
3266
5056
8315
1745
1056
7416
731
5324
6951
1270
4425
9129
9292
2133
8037
5855
5054
8447
8478
2879
7940
6771
1919
74
8296
6984
6204
8835
3770
3286
9426
4513
9845
7160
5696
6662
1820
4323
8766
1012
9973
7683
6798
8335
1271
5878
7184
3134
2598
9178
6992
9835
7136
2721
6200
8114
5819
2245
2407
5685
3170
887
5246
1933
3596
3730
6317
9873
6117
4236
8700
56
9040
7553
2412
1990
1359
382
1320
3479
9182
8543
1852
9501
2186
5908
3860
5852
2058
7772
3610
9706
7943
5757
6458
6827
4850
3336
5458
2110
9258
451
8065
5334
4859
5957
6997
9879
7364
5962
1559
5488
6832
1176
7307
7715
6566
3728
4800
5930
5316
5378
7123
2362
2657
1004
1309
9464
1639
7151
1539
8362
9072
7345
8778
4252
5547
6644
425
6936
3552
1182
3101
2980
556
4989
9125
4460
7668
9527
6792
6966
2982
4491
5415
3954
3788
3862
3824
6842
6746
357
9600
9443
8981
7927
8856
5402
6614
7456
7972
5465
4220
6009
3333
4778
1908
6476
4969
6356
3689
5440
5910
7300
8635
945
326
2046
3324
4271
8121
9286
4797
5060
5898
7451
4251
4174
1032
1250
5518
7102
5253
232
4592
6661
949
4550
143
9881
6365
1299
4313
3654
3059
2346
52
2422
3377
2855
7841
3691
877
3667
5347
2408
6097
7314
4951
4482
5512
2472
762
1232
3812
1892
9075
4651
4991
5907
2687
775
8338
7087
4585
1403
8544
2693
192
1723
3992
2758
2869
7028
9152
8805
8125
7250
9719
9548
6092
6916
1950
1111
4218
6272
5501
9341
8971
2798
6095
5275
7793
3668
5328
5638
8202
3952
1562
6275
2002
9874
5739
789
9562
2596
419
2320
3407
2825
5112
9019
3778
9626
8547
5019
4672
2218
9163
6376
9417
5911
5174
7799
8793
8756
3184
1715
664
670
1747
6247
4224
6223
7862
1750
6249
445
8207
3291
1045
7928
48
9346
2801
4562
1489
7624
9752
8810
7722
8604
4996
8154
798
1575
8143
2741
9528
4689
2234
7891
8056
585
3313
6765
1458
1572
373
6002
1324
9179
2476
9036
1384
4091
5331
9606
1965
2039
833
5818
4946
1767
2117
5339
194
6337
628
2994
1296
9199
9034
5895
562
3733
213
5654
1459
7660
2082
6438
2115
6742
5157
6749
7687
1665
7644
9187
7076
7874
9880
746
3421
332
6834
5925
8080
2777
7290
8182
7113
3009
6803
5749
9771
2665
6010
1794
5919
1824
6694
2175
5066
1050
2324
7040
7069
4702
2291
482
5243
8932
3514
9219
837
6815
8175
3112
4636
9899
7546
6518
1938
4582
6362
5849
1336
9337
528
3982
2498
7079
2433
8780
1146
1269
6679
7044
5468
358
6857
8211
7591
9243
640
7055
1241
1785
7304
954
727
6785
3527
7169
2463
6611
7382
5460
7065
7000
5779
2392
3461
6497
3726
7838
7897
7201
5618
1812
3536
4967
5477
1643
4046
4257
8730
9659
3166
7402
4823
7439
9283
191
4538
2042
8457
6051
4360
7
7174
3820
9762
958
2939
9162
9732
6692
5093
7195
3254
3519
8284
2774
926
2631
5673
395
6052
9642
7056
3611
6329
2229
2788
9285
4904
4073
440
8087
289
565
1481
6444
8156
7609
9232
1401
8412
4493
1430
1110
2935
3147
8040
6604
8974
6322
265
9259
7642
2592
6412
1405
5286
4872
4811
3386
403
8806
5994
6682
5011
8442
7054
6171
996
4438
4505
7778
135
5405
7446
41
4464
3365
8279
6125
2135
4021
4159
9419
1286
6100
7324
9893
9267
7873
2766
9866
437
9319
4624
9235
1759
7809
4936
2322
3542
338
4072
8364
6735
5753
2070
9851
4038
4060
3168
3308
9772
3572
3699
4339
6193
9379
946
8962
1117
2406
8592
2708
8646
9888
7931
9313
9946
2636
8329
292
7227
3632
4132
1424
4427
4324
7777
1831
6468
4233
9974
6349
6833
5209
3743
7165
6207
2307
7979
4181
2256
6307
9505
6995
1838
139
1769
4670
6140
4187
6397
177
372
8474
9467
8879
1849
5472
5783
3279
6645
1303
2726
2827
9509
8017
6446
6089
8379
1316
4964
3901
1008
2740
4511
5470
5103
9483
7953
8280
9347
4789
2230
8419
2021
3735
719
7073
4039
1807
8893
7512
3981
754
2475
3719
3736
7779
4391
6038
7534
4490
4643
2954
4540
5843
5346
7330
7497
3826
7998
3350
9640
9193
4726
9830
1504
5463
8992
2382
4476
971
9616
3963
5045
8350
9281
6847
9786
6676
3757
134
2966
7313
4262
8388
6114
765
6025
9444
9213
8247
4166
7957
3590
2096
5254
6823
6355
6222
1042
7486
9497
8701
55
766
2466
4817
1942
1255
4018
3597
7271
2727
513
5857
4111
8576
9490
6829
596
2922
4719
2203
824
8136
4422
9537
8812
8085
5450
4792
4713
3246
6843
89
9239
3615
2300
7298
439
8262
2121
6503
3149
6008
5293
7850
6080
5742
5551
8829
8564
3433
101
3206
985
230
5335
930
4232
1358
7098
7484
2611
3196
1215
4577
9993
7419
8237
7147
6461
8208
413
9907
1989
3557
7948
3779
3023
5747
1534
4863
6751
856
4027
3781
6619
4316
9288
3571
2588
3099
631
8682
4469
1868
4972
2587
2049
4068
8235
1920
5295
9216
9424
8314
6814
3671
5290
4914
3819
8632
9713
6891
991
7681
1968
3270
2281
9422
6346
9060
5329
2819
5859
8654
9757
8002
8433
7476
2890
8898
2567
9273
2088
2578
6424
5036
8725
342
6958
1491
5333
2667
9603
6513
6075
1453
4148
6172
7685
9389
4609
8596
7148
9278
6020
8521
5574
5494
4036
5511
1555
5575
2458
9941
9357
3617
5029
5259
1435
6787
1779
8203
8855
2051
5453
865
6986
7765
1022
7471
8963
2311
8357
4122
3340
4366
9963
6882
4384
6674
1622
5893
2503
9358
2319
1978
1768
8803
7698
8949
4598
6332
6359
743
8270
5020
2220
9255
3070
9486
4329
106
897
5598
4319
6743
9087
6622
3967
781
1515
872
2940
6263
1460
5199
1939
7552
2943
9478
1958
7513
7561
5721
1485
2494
6690
2354
5267
3711
6096
9666
7316
9409
7749
7875
648
1093
5876
3767
5764
4635
3810
6312
1693
6817
3329
3682
4535
8
555
5662
429
2425
4853
8131
8839
2313
2436
8231
7233
6852
4400
4525
7422
5057
6148
9293
9613
4782
6181
2171
2622
8512
1770
1039
4061
8095
5854
4539
2641
9877
7283
3694
1168
7574
774
4813
2679
9563
415
7428
4748
1462
622
662
8204
7012
4804
1119
1235
9498
1798
3372
1985
802
1417
4239
4533
3936
3331
4228
7042
4216
3379
4791
6592
4285
1872
5038
8484
1001
9220
2967
114
8181
3400
6562
306
3306
9153
8426
672
8773
9751
3472
339
2783
7154
7784
9109
8051
972
3965
6398
776
1677
2602
6683
9495
5885
5068
3304
522
8306
7187
7088
4090
7502
462
2504
7274
6816
9980
7742
7868
898
842
1285
8197
4729
6758
6154
9159
6994
5148
9784
6057
2605
6107
918
4955
9092
5956
2574
1006
5558
4424
7901
4052
1018
5312
8819
5118
5772
976
6854
503
5974
1914
4926
9145
123
7046
2157
660
183
9377
3204
3629
5903
4128
7659
8814
5713
6103
8239
5223
8943
3042
7332
6929
3500
8226
4054
2870
1953
638
2976
7615
3177
8434
6441
5815
6126
8435
8563
7415
8940
8928
5795
2811
365
5268
1068
8742
3715
7568
9988
2101
2119
3248
6159
6382
2170
1183
6022
5710
60
1819
1906
771
8111
3957
4163
4495
2204
5082
6459
3867
694
594
3427
5250
6757
4940
6466
3773
6420
6516
1811
5266
8018
4660
5139
4210
5337
4115
2420
658
652
9461
6979
2846
5280
3275
9494
8910
3243
2258
8483
1954
3108
7713
7268
7460
1328
310
4123
5701
2335
1208
5419
5723
6777
6153
8738
4423
863
1043
8939
7544
397
3123
5502
1833
8608
9776
4041
477
4700
3106
7996
6862
7920
1155
3307
512
5923
7096
4171
9310
333
9906
4074
7149
4626
8147
2834
4108
240
4993
2561
6934
9073
6886
7517
9038
3395
5950
3492
2969
2428
9628
1127
1874
2085
8105
3834
3217
8849
9349
8957
7164
5916
1313
7190
9526
1576
8924
5345
9566
2353
3874
9063
9578
6907
7590
7131
1651
2832
3760
2649
3171
6600
6510
9436
8908
9897
5944
5098
7697
4965
3039
6783
8570
7569
9756
7992
7436
7735
2752
7049
9615
8527
2474
8678
717
6998
4954
9097
5806
5880
2106
9710
6452
2355
8042
8468
383
4563
3404
2137
5991
8729
4684
4205
7449
6144
4741
2541
7347
3947
1878
3714
1136
4245
447
6627
2597
5251
8947
375
600
3602
9014
4055
5258
1081
970
2454
5300
157
5519
1278
9355
237
2654
1129
3969
6060
8545
9816
3247
1578
2730
6689
3786
3392
4677
4776
7848
8358
8124
2477
8039
6946
5391
491
4032
9450
1023
8126
9344
5482
273
6859
6828
3235
691
3010
2865
2722
5997
1205
4030
5420
5951
9918
3337
908
5712
6320
370
4278
5108
3287
9330
3332
1394
2580
9320
7496
7351
414
2150
9991
3151
7521
2061
8401
2651
1312
7627
3127
3659
9775
6597
915
6309
3646
8794
2856
5734
7035
1514
8601
318
7024
1021
7354
2621
11
6908
8363
9120
6415
2445
2166
9850
2189
8309
3935
6870
113
9252
1598
2207
5344
4532
5294
1130
4604
4235
6321
5188
75
7005
8569
9843
4186
769
6589
7323
9180
8413
4168
8394
6501
6400
5716
9329
4127
7126
2936
348
1140
1684
3835
6206
6017
2747
3131
3007
3380
9264
5240
2302
6031
1314
7244
5364
7719
5050
7064
940
2289
2284
1522
2593
2279
1513
3917
6040
9534
5902
6173
5853
589
2895
1588
3872
7381
3802
3477
1851
6841
1781
7680
933
9561
8337
170
1342
2471
784
1701
5831
1640
8715
1355
5024
8133
801
2831
2094
3912
137
6807
2817
3925
9168
6651
6824
663
58
4825
1189
7597
6551
845
26
3973
346
7639
8946
1199
7695
8959
3685
4082
1323
6245
6418
181
4414
9392
6064
3670
5146
8323
553
4417
455
8571
4481
2264
438
2874
9334
486
8509
9291
7899
8613
6066
3186
165
9421
5594
5693
3049
8767
3160
7461
7305
1712
2849
3141
7888
759
131
2769
1981
699
7101
9108
279
9253
6205
704
2075
1486
384
2280
4380
1398
256
1197
53
4448
1546
4882
4445
8546
4746
8960
1070
7259
9209
1786
767
3940
903
6975
1151
2410
328
4100
9441
3818
2614
6865
9318
2681
7447
5097
9262
4045
9189
7913
4871
9081
2714
9725
1277
7466
3799
6671
72
1148
1263
1399
6755
8310
8171
3749
9847
8106
6762
296
1951
409
7334
7592
3789
7997
6336
7964
506
6944
5763
5087
5475
2518
7010
9698
91
3842
1635
2658
6876
3822
7221
5528
3335
1995
2287
8290
2938
7433
2745
4142
6778
4901
8541
5812
2160
2627
4241
5193
2432
5993
2394
4437
8271
9589
8333
2484
5121
8489
2188
3047
3038
5476
702
7170
1731
2500
2560
8487
6326
6983
1396
3997
8277
2470
6248
9113
616
5314
5736
3034
822
5005
9780
4625
9520
3586
6665
1531
8467
576
8141
5222
9206
2465
6759
3417
1766
8217
3958
494
7667
3110
6924
4847
7463
218
9472
1046
6890
7161
2661
1520
1984
3515
2462
1413
8559
9114
7106
953
9231
8152
6711
1103
1645
6049
6703
3030
8399
5061
6003
3413
5166
8404
584
8372
1090
4865
8535
8145
362
5703
8497
9144
6479
1461
3825
9604
5276
7781
8759
7420
8666
653
7810
3883
7317
7816
8735
5641
1366
7694
4006
1200
4342
7514
9110
5040
2183
4379
8513
6526
7429
8118
1688
927
2711
7376
4450
7663
3489
859
893
1881
8966
3988
8104
5001
119
5213
2368
7152
5658
6486
9692
2149
6375
4499
8477
4330
909
2501
5543
3533
6767
7329
2678
3922
448
3723
878
1602
140
3269
9263
3666
8006
1772
6736
4399
6837
7284
7383
3702
914
2528
4705
2670
3676
8658
6274
8200
9121
321
3821
9813
7702
8149
2244
5896
176
2968
4182
3387
1518
6561
2912
3968
2959
6835
1847
8913
2222
5894
6483
3999
8392
1036
3679
2259
763
7573
73
3823
7025
9009
8845
2565
6116
1279
7650
7987
9172
3648
4120
3941
3405
2453
428
8965
7942
2984
2371
9558
680
7835
8370
5630
8287
3990
272
6917
7291
8418
2252
633
4202
7923
9624
805
9333
6504
6853
5759
1817
9269
3466
2847
4838
1925
6838
2609
7709
418
1372
4738
9699
9727
6845
9470
1994
5343
3998
420
2092
3727
6179
6725
901
7481
3664
7114
3063
3420
156
1347
3280
7084
7978
3200
2216
4732
4667
5241
6180
1850
6050
6660
4017
7009
6646
4314
8878
847
3979
5115
8976
1590
3448
5232
7505
2763
609
2599
4037
2381
3252
2483
6860
8054
1918
3849
1209
5804
8014
9917
5973
8852
7585
1893
1067
3545
5247
1862
1125
4191
3262
9115
8775
4196
3298
7986
2180
1231
4918
6098
479
4156
4057
3641
3966
8187
6163
6881
8482
793
2569
811
7637
6670
5387
7605
9718
7758
8881
3833
1410
3242
5807
4489
9590
9515
20
229
4334
3550
5867
4595
5682
5195
1225
4763
6825
7723
9783
4465
1113
5564
3315
5601
4744
7626
3144
4855
4016
852
2326
8892
8186
5542
8789
9591
4629
4292
5793
7934
5623
988
3027
1669
4023
6913
5078
4788
9361
6203
5170
8758
6727
5788
8973
1516
6933
2946
5478
6044
9391
9197
504
5211
6623
4671
3222
4561
2768
155
7188
7648
2830
6541
5644
9635
4571
3578
8275
51
2333
935
9593
8610
7917
6041
5348
1139
3383
5891
868
4467
1969
533
1446
7543
1098
355
2952
9898
7264
2883
5614
4430
1941
8174
9176
685
4843
2616
323
7177
5604
7559
7120
6549
508
9721
3025
8334
317
5767
2816
809
3627
521
3504
3473
8157
5376
1800
4790
6685
5516
7879
6639
7898
5766
7846
3381
2426
4801
1898
8167
8060
8451
2128
1465
3026
293
7587
1662
8016
9559
3674
6724
6822
1288
5083
4952
3991
7790
7856
8894
4272
7319
6408
5398
8833
2624
9332
1890
3142
4392
4616
1917
5652
5610
3224
9535
8224
3343
6810
9683
3599
668
5425
678
7542
7467
3033
7594
4570
2749
3486
9435
6150
1580
1902
2756
4474
251
4418
8059
5603
4514
2913
846
4615
1003
3072
2163
1170
2116
9404
1373
5298
3259
8985
38
2006
2564
5173
2796
2604
5548
4321
5002
4184
4209
8030
8464
6327
220
2016
3581
4155
1083
3501
8536
2024
7661
5244
3214
5433
9132
154
5730
5573
6925
2892
2695
8386
4743
4296
6855
6490
7495
4846
8409
1237
3790
9977
481
8968
3082
1074
6714
1386
957
709
2986
1780
1220
3732
3498
4341
3113
5023
7634
4768
7280
962
4866
674
3951
4221
8015
492
757
5972
3754
3844
7090
8987
285
4923
7302
7805
987
8123
2488
3117
5775
4586
8696
459
8818
5557
656
401
8331
7491
9359
8067
973
5349
205
9791
5540
2927
1414
794
1044
7984
5981
8904
8326
8826
7904
5107
8836
5384
3000
9875
3569
8776
8459
4411
4385
5697
6879
8248
5219
4310
2904
9961
4944
8291
2001
7567
496
2485
1523
214
6258
8159
1593
4772
2441
8764
1609
9289
2351
3638
6596
4600
8066
2107
9530
7029
4300
1998
5123
5141
2036
3182
741
1307
8332
39
2345
1809
9091
8594
9052
297
992
6492
5100
866
2739
243
9675
861
2826
6942
9012
7884
4760
6036
1186
8790
4409
9083
9833
1163
4287
4701
7253
7110
5080
6393
1854
9818
1830
9230
6522
2776
2079
6594
1434
204
5562
3098
2586
7578
2884
2759
1195
6564
1061
2122
677
1422
2964
8565
8768
3513
3539
4693
8692
9340
4858
9759
9690
6631
9785
5597
9937
8161
8562
360
9728
6959
4695
2702
350
2548
2888
4212
7770
978
6610
8173
9829
9743
9884
184
7855
6878
3540
2270
7504
4487
8055
5624
5999
6102
9350
3268
1065
8269
7652
1363
9037
6485
4630
5462
2469
5660
669
3017
8854
6118
7840
6720
7630
2924
1427
8385
4503
8376
6772
23
7171
8355
7219
6371
7975
4264
4497
4446
9620
9651
1664
2060
4347
4504
2242
8705
4617
6511
5800
938
7870
5900
242
8737
5237
1262
2710
9086
1166
4913
870
495
7771
4398
9186
5208
8661
3410
4929
720
3803
8900
2260
8619
9008
4518
1013
4959
3776
2951
1707
7139
2196
8094
994
3115
3066
5928
9860
3959
7818
9215
288
2901
1425
1492
5892
6401
5282
9112
263
2434
8072
1415
4049
6737
2447
9652
4945
4736
8500
8260
9944
5074
632
5733
6132
2804
929
7157
5782
9524
4067
8400
3738
2639
5572
3946
2250
5140
7769
8993
3961
6378
4739
5681
4820
147
8574
7294
4862
6568
8550
925
8722
9913
7647
8183
2585
7413
7373
9574
1441
5539
386
3011
3474
5620
6849
15
7261
7273
601
5499
8194
3208
1054
6898
5304
3745
2168
9545
9440
2455
2742
9270
642
7716
71
8196
6300
6290
544
6151
4992
1668
8021
8374
1334
8714
5719
4953
3555
4543
5377
6319
1172
4547
4297
1792
9406
964
7551
4781
5313
4795
2715
881
7209
5514
5156
5281
7409
5848
2942
8356
8373
2778
9665
4277
64
1945
9952
4167
7909
2077
5942
1204
4597
684
5798
9908
3656
959
8430
8679
9857
6806
9221
4066
2833
6192
9863
2097
7074
1055
7718
1292
116
8218
3746
9656
1623
5142
9641
9682
9352
8687
7021
2618
1280
4620
8099
5821
6579
5242
280
6026
7827
2915
5651
806
7246
8606
6686
1322
6281
45
4237
8485
4765
233
7240
4231
9003
3263
1230
6425
2273
3921
173
5380
8153
3041
4337
8875
223
2277
2689
9990
7796
3175
2176
3088
6230
8261
8151
7311
2907
9896
1567
7751
9646
8989
2571
1212
892
9085
2993
7193
1229
5133
1652
1207
2372
6940
133
1620
3371
9926
1365
248
8113
7301
7237
4688
2247
7746
9428
3595
2536
4101
7617
9738
9663
4211
9859
7006
1128
7377
9969
2559
3092
5190
1226
6109
1963
1901
5927
9236
3424
5879
6688
5469
6498
8677
5791
3376
4431
3138
8230
9544
2601
7325
2843
1537
432
6894
8652
5152
8298
6598
5674
4065
8073
1689
9205
8456
4002
2835
2933
3937
7761
6292
2268
6013
7352
4551
9731
8858
7812
6640
1828
9560
9778
1053
125
2274
231
2987
9605
1142
2505
8708
9746
4056
9905
5039
8801
6244
4383
710
5536
9521
5308
3069
4697
7536
6264
2271
211
1806
6565
7343
1256
9080
34
5868
9415
595
3133
9553
7374
9222
6578
3345
2112
3301
5569
5396
1600
5264
6560
7628
1072
5448
1052
4579
8453
4602
7140
347
4421
7277
2292
2424
6893
6423
3798
1856
4029
3120
2385
5600
130
2897
4053
6616
2305
1449
5356
3398
1153
752
1666
3019
9678
9704
9517
2033
1115
2099
79
2617
1198
5018
7706
1490
3974
9271
8281
2123
7442
2451
712
8411
3081
738
3866
2812
4416
1502
7703
3490
2439
4935
1681
9849
791
8788
8397
9695
2130
4133
168
1730
5467
5677
1181
21
330
917
7180
5143
1754
7276
88
6108
913
1084
2544
5890
5094
3924
9304
1818
2625
5724
1855
7629
559
2731
5670
2023
9748
6514
7607
8499
3639
9096
2638
3320
1143
9670
8294
5802
5085
4345
3109
3890
7418
1983
3608
5271
9059
9430
6811
8657
245
1346
268
6291
9637
939
5031
5529
7930
6188
9529
8762
1538
3233
2876
1694
4589
2576
5735
4685
7485
7003
1589
7860
6626
6633
6023
7408
2486
7811
7619
7971
7078
5553
2491
9948
5544
6043
6019
3665
8585
1680
6430
9887
9765
6168
5755
4821
4549
3551
1721
3199
1041
6957
7222
7915
4238
9965
6805
5842
5386
7327
5625
5067
5856
5368
3221
7921
9842
7346
6028
3194
9368
2282
3006
3116
6374
8639
9709
3794
6358
5835
175
5218
3804
8410
5814
5297
5770
6267
5310
1476
1387
104
3231
4553
7824
7153
8774
4980
8458
6717
7183
4665
1503
834
6325
3909
9802
7766
998
9672
3630
7128
4420
8004
4891
4135
7791
5801
5963
1457
5159
290
3441
349
7310
9006
4751
2275
2423
6215
5776
6546
8276
4009
9241
6605
9808
3366
3580
3554
7692
284
2806
36
8351
5224
5435
742
1455
4833
5483
7726
6063
921
5030
7914
8850
529
1699
368
2091
729
3993
2572
1653
4899
2321
241
6519
5967
1105
344
8746
9827
9131
3538
9788
7306
8480
7636
5921
6721
300
7826
5609
6784
686
3469
1038
4654
2375
7444
2052
6552
8514
6233
7252
7686
7519
5120
9048
2645
3443
8520
6367
7082
5527
3497
9149
1997
2446
8368
3154
5486
9128
2792
4387
4150
3077
7396
8937
2461
853
9471
2479
7907
8255
3290
4143
8984
8760
3903
8539
1673
8494
1059
1986
1272
9601
5762
261
5479
8265
8899
2914
4544
7825
3375
8927
7894
8096
1734
3658
423
5995
2038
6524
580
6794
278
8216
3397
5236
4614
9612
5796
6756
2393
1795
5481
8616
5003
9584
7437
4668
7156
3721
6955
2991
4080
3509
2017
5151
8800
1245
7786
3851
6162
5667
6949
7133
4471
4308
936
3809
6658
8645
3438
1866
2113
3267
7224
6723
1816
788
9077
1735
6905
3986
6819
7490
3207
9010
7575
5631
7331
186
9217
3928
411
3771
7803
2974
745
772
4874
9043
7895
6018
1360
5914
5966
2885
1979
1185
4933
1910
3250
1740
8568
2664
2534
8212
4173
7691
3482
1087
6047
5986
3228
9393
2339
7315
8941
7932
6416
3734
8316
5773
9894
6507
2450
3205
2235
7278
4756
3934
9803
2086
4815
6523
4415
2054
7952
1935
1909
8970
1649
1525
7526
4906
7241
3853
7134
7032
4740
5922
3312
3980
4552
7989
6183
1952
9722
2772
9150
4390
5989
8702
7832
8897
5113
960
7965
102
377
3452
1691
1420
6121
8449
7830
8930
997
5303
3741
4014
8623
736
1102
5338
3948
7303
4890
8423
371
9364
4715
3064
7216
9960
9
5731
3660
7969
4397
3603
645
2019
9676
198
9923
3871
5503
4633
8859
1550
9200
6981
6577
8093
7414
286
9611
7635
4873
8420
7887
7842
8258
1443
9195
5538
965
4931
1034
6491
9809
5464
6001
2962
6141
3896
2761
540
400
9959
1610
1563
7828
4794
7340
5639
234
7714
4512
1633
6448
1536
8317
1009
1194
6015
1470
8751
7815
6826
7014
6035
6271
2556
9853
1071
5765
8733
9954
5827
4256
7669
7869
9586
7852
2671
7906
9660
1606
902
1543
3357
8538
5390
9935
8883
899
4834
1161
4932
7001
3060
7194
1530
9832
9280
8752
5135
1613
7571
8561
4655
537
7752
6797
3839
2213
571
4050
8297
6722
7348
8667
1193
4332
12
6164
2550
9327
7912
5358
4828
25
7945
4754
4034
8003
3261
1350
9015
5517
3950
8589
2040
4479
9685
5526
4044
3977
7540
815
1306
7741
7086
4452
9067
6422
9046
3464
2591
7057
7556
2744
713
5064
1959
5116
1120
4676
3816
1357
8432
501
59
1943
6556
8465
81
8148
1853
3050
4439
2524
5646
1419
9667
1026
1284
5888
1162
4900
5009
3815
5792
792
5176
3832
7344
2012
4934
9552
6440
3172
6752
9992
309
6474
9238
2182
6763
4304
6802
3029
171
2373
4326
9167
189
6570
6820
4694
9931
5014
6701
9457
6338
4594
8205
5657
6620
758
6381
8786
7163
9466
2144
6007
882
7262
4084
7580
5431
7872
9957
7143
5289
6067
8840
8225
569
7955
9307
7393
8599
3693
7047
8909
7289
4207
1431
1216
4242
4662
7734
8807
7199
2290
5076
9834
7036
3712
2663
3865
1568
2558
196
5075
7403
7469
2997
3364
7954
5441
812
1929
9726
4761
27
6712
3908
8931
6974
9402
2104
2547
1091
2906
1617
9839
2628
6339
8837
568
9507
9135
634
215
5099
291
8795
3289
7503
7625
9148
5071
2118
2442
5274
5695
1409
6525
8132
3105
7016
1187
9339
7720
9492
9617
8925
1644
2257
8164
5751
7651
4253
9587
1638
7033
4444
6602
3688
259
9074
6804
3223
7988
4534
260
6517
4349
7105
2272
1579
9588
7570
8634
3880
3179
5531
5318
8552
9429
283
8308
5287
3341
8609
3604
8169
1404
8405
6559
3831
1471
19
6515
6943
366
990
531
1025
5413
9870
6155
7558
832
2093
298
8391
2131
3219
6928
7530
1029
2332
1661
4605
6856
620
941
8952
2071
3302
749
7083
9207
7577
9437
9405
5727
3210
8178
5850
5129
7511
9506
3094
577
8707
4632
7229
6909
29
3369
3197
4195
4793
3096
5619
9910
4712
8304
8870
7759
3620
1211
203
7859
7995
4295
1982
8517
7474
98
8644
1374
3226
7885
3756
3634
6298
6874
4911
827
3055
7613
1859
1329
4722
5426
6710
7380
1379
1407
8551
6509
1100
4152
1632
2253
275
3272
6228
7753
8528
9414
3293
7487
5305
1805
6484
2532
7372
675
7707
5901
467
1948
8779
3717
3923
8496
4653
421
6939
9484
5484
1529
4717
4960
7182
855
3180
5602
47
8642
608
5189
9245
4724
9202
3742
8918
5847
4350
3411
9639
5077
733
6032
7030
3546
4994
3406
829
2285
5354
5909
1605
5399
5175
8062
6328
6330
4704
7146
2680
4780
5627
8659
6396
5379
2540
2431
3389
8950
2146
9089
5412
7089
5136
182
3747
2970
1725
85
1448
6471
7956
9439
8684
6956
8327
404
5138
4520
3631
9618
3817
5032
1319
4974
9376
5406
1625
3164
3929
8567
8695
6426
6850
6656
6488
4807
8834
8253
3899
7336
5592
8629
8241
8168
1528
4381
1692
4927
9090
8796
5790
597
3927
352
5522
1751
2644
9188
7173
7124
755
3218
5977
3114
1540
1885
9924
6364
1827
5579
5198
8233
9303
4176
4472
7167
2549
8384
9621
5362
9228
4587
2350
5714
3271
5149
7281
148
9631
7621
5945
3103
560
5421
5722
6540
2928
3633
3480
434
1002
4486
1483
2184
5899
9677
5163
7783
9098
1368
5904
4986
3104
8172
9266
4104
5248
5683
7397
9225
1077
8860
5439
780
180
4531
4028
4259
6830
2703
4548
6884
3920
7412
9024
1332
1716
1846
8556
6871
6892
8526
3296
2473
9489
4764
3430
7951
6091
1258
90
536
5833
61
4576
5761
388
3100
6435
2169
1134
8919
5049
9793
8698
8098
9365
3945
9638
8390
2905
567
499
8832
9366
4177
9384
3891
534
3618
8318
7296
8348
5556
9826
7477
3132
1553
2134
8554
7125
3346
8140
2948
2155
4819
7682
588
1321
4723
4997
6082
5705
3176
6360
412
813
748
4771
1565
8264
2482
3148
9272
6965
773
4849
3708
9691
5438
6521
4968
316
4696
2308
6883
2380
695
2977
363
8929
9503
4762
8120
8865
9758
2519
3662
3003
7871
1494
1149
266
583
3135
7851
6923
8838
6809
6872
8851
2787
723
4507
4005
4248
5052
9633
2356
3230
6366
9474
6971
3878
7475
6813
6411
1144
6405
6447
613
4346
977
4622
5063
9177
7254
8328
8724
7129
7679
4059
3257
8791
7018
8293
4118
471
1865
3672
8675
5803
7441
3698
5088
986
6799
6213
979
6433
1742
8754
3321
535
8395
6550
3362
3158
6070
7867
8082
8869
9331
3971
888
3772
4079
4523
4396
4402
7792
566
4019
8640
5102
1049
8683
6012
6873
264
8283
8620
1251
7287
4758
127
9300
7527
4750
4822
6368
2848
9122
4012
2329
9582
2015
8444
9057
6769
6219
1495
8427
295
1519
1086
7616
9869
8228
7286
2615
1294
4947
8697
7119
8460
542
860
2575
1385
7226
3083
311
8289
2109
3239
4456
3543
5445
9130
6603
6851
4976
3
1249
2699
5567
1381
9119
8278
1548
3352
3731
2069
8034
3251
3125
6555
2989
6672
8234
8664
9542
5820
4517
2214
6634
2056
2192
4755
8050
2655
3782
3807
8282
4749
9302
9865
9155
1634
9754
7878
5137
1402
9117
4247
5427
4351
1560
8195
4892
4686
4745
981
6812
4226
9700
458
8703
9133
1845
9412
2910
4698
564
1233
993
7933
1596
6078
1500
4580
1344
2261
3624
8076
5231
3185
5092
4086
3173
1558
4227
8083
7640
8577
2709
9749
5423
6112
3002
4015
8824
624
4359
4903
5104
4721
9161
2566
5216
5407
6868
1364
9568
7338
2684
7185
9575
7672
4861
8753
9564
4979
808
7011
9549
6387
7736
3589
3348
4839
982
3857
167
6106
4848
138
3183
1295
4426
9390
2797
2147
3837
6110
4230
7604
7017
7355
3884
3942
105
2995
2873
9465
9049
1708
6353
4757
948
1924
9469
6678
3408
1897
5621
7853
5924
4637
1411
8717
2836
2535
4260
4270
2429
5628
8341
919
8000
5970
8744
1618
8980
3989
4361
7586
2700
7657
4189
8144
9538
9458
8548
2495
9825
6434
7961
835
62
2723
1369
3058
7468
3847
6608
5215
8049
5119
2199
7977
2640
4816
9804
9324
8945
1196
9275
5959
5650
5496
4666
681
3277
9681
7448
253
1351
2690
9594
2786
8719
9867
5845
7547
4354
3163
3614
1797
5771
1761
6303
1586
891
9680
468
9143
8135
3008
5150
7309
3996
4711
8671
8227
7454
2719
9789
3209
10
6354
1451
7756
4659
934
5273
2254
4785
6691
9203
1762
1016
4985
7457
9715
1895
5998
7189
4403
322
3146
1695
1658
9716
6088
78
8997
5017
5485
1479
8748
2028
4105
4601
396
4076
3755
4824
1452
8555
6225
1564
4309
2553
4484
4742
6352
2181
7963
9249
2823
8848
5317
3057
7293
6993
1223
9579
172
301
100
6938
4973
7115
9939
3931
673
8783
4289
8622
7270
4799
3445
8740
6537
8320
3036
1823
5168
6796
7328
4652
8811
1222
5374
4281
4160
6558
2212
31
7611
8063
2694
3169
4477
4897
995
7610
5301
1844
1035
9669
8206
3642
6335
6024
8166
2844
8804
1964
9146
9570
206
2857
4214
6927
1685
8573
2174
1571
294
4147
5044
2672
9301
2124
6239
1744
2202
2754
578
2762
3351
9481
9664
2508
5162
4129
4293
7162
443
7445
6760
3622
2323
7863
5311
1433
28
9619
6406
6029
1318
8998
667
5525
7039
8877
1289
968
4353
6135
7247
5608
164
606
5010
873
9567
5560
2127
8437
525
5194
2162
7266
5663
4466
511
8396
4857
4521
8886
7970
1095
188
7880
6887
7938
1356
2610
5926
1736
543
5315
7807
7099
7361
8198
9423
6930
369
6276
5606
8393
9242
1899
9929
2662
9724
8165
1400
1921
2643
7432
2579
2563
9069
7297
9468
2957
3354
1869
1549
5817
4921
6392
679
8560
9001
3801
109
431
2822
6105
9290
4526
1587
5947
5870
9054
5182
3553
2542
5881
473
4565
3256
3434
7599
8137
1109
1690
2527
530
3355
5668
2717
2239
3013
493
5886
1790
3495
9154
9385
4515
3193
9257
4977
6388
7802
7529
9247
7554
2931
2395
144
4146
6071
844
3863
890
9532
1507
4433
2190
6637
4025
4766
7507
6231
2074
4641
8221
1438
920
6133
1159
9500
257
3319
6791
1048
1687
8669
7048
3093
6982
9462
4590
3360
4971
224
5737
3422
3493
6314
703
8150
7045
3795
24
6846
1793
9372
2314
8406
271
3720
4747
2154
637
2837
308
7458
1621
4388
5171
6138
5325
8827
4716
1057
9996
9930
619
9305
5487
2623
5269
9909
8627
5786
2249
5655
1273
7814
8209
3090
9781
2785
1667
4255
6532
7462
9750
2557
65
6687
4405
7808
2506
612
1922
95
6726
3244
1511
2342
6906
5832
6166
1247
4344
9250
136
9362
4727
4875
9156
44
1532
7452
354
3032
6654
7191
5409
5934
4203
5394
7730
676
8844
2990
5089
1774
5741
5706
7357
2851
1282
5554
6289
7562
3565
7959
4125
5532
5810
2357
2331
8158
2156
7103
7589
5366
2318
4200
2215
552
5392
7985
1099
2891
8220
5326
666
9173
1037
8360
5629
2125
5828
3037
7026
7200
2080
6901
1524
7937
6638
8438
4429
1573
6456
5459
2718
2551
3418
4703
3295
9717
4826
201
287
9382
2900
3292
5125
8019
9966
3976
2102
2343
5158
200
6161
4599
6369
9740
9140
8007
1281
5960
7823
2032
5875
6941
6449
9192
7359
2460
3150
6301
1019
8486
3190
5552
7400
6142
2875
8359
7450
5787
2148
5180
896
2738
3932
4311
5688
3530
5580
1017
828
9299
8889
6542
9598
7425
8084
4265
417
7494
1967
6786
8510
4569
905
5534
3061
4470
4343
1709
9694
7150
4178
592
8988
8691
2712
8058
8245
8243
1454
848
1066
7564
2999
2240
5805
2072
2829
7994
1957
9536
9634
5935
3725
3775
5181
9569
6557
9735
145
9184
7638
6158
8436
9934
6866
3478
3944
9044
9657
3129
6963
9595
5302
4998
1966
6839
6899
8953
3797
7258
4223
6606
2784
1218
2030
9671
2211
9655
6795
6782
5429
9169
9451
6390
9661
3549
4336
6575
6707
4307
4837
4777
7138
6885
2955
2138
8624
9175
5096
8600
9261
1432
5593
8371
3241
6481
9625
3846
1813
3401
8822
8917
9445
9707
5822
5549
2005
7641
8723
8462
7516
9105
9101
9596
2195
3783
3325
5958
4545
2996
6480
1987
9493
3487
9240
8656
3073
6284
2416
6911
1839
3031
9658
6340
7774
3758
435
1940
3852
4575
517
4048
7072
875
8938
1375
839
5128
2677
4377
7844
8342
6666
7754
7817
4197
9668
5234
9761
8771
5461
7282
3987
2669
6187
4827
2871
5789
6667
6214
2237
8864
1880
66
6190
2340
4618
3905
1702
5367
5424
7379
3052
0
4773
2217
174
4930
7333
8008
4
7535
2805
1931
9522
1439
3124
3882
2334
3855
6305
9838
1544
4183
8445
460
3258
2365
4806
5418
303
7196
9599
3695
6174
9353
4419
5296
7220
931
4394
7272
1047
5042
8507
1138
1733
9071
1426
5015
2755
1650
8439
1253
3769
5965
2008
8508
4062
611
3753
6954
9190
7208
4679
4634
9345
5110
4364
4566
9911
5393
1063
4217
4675
7197
8612
1243
9013
3861
7424
1791
7579
3933
5860
3841
6747
1317
2595
3517
8841
9094
744
5410
1202
5717
2283
5245
4500
3001
1608
8680
777
4896
6531
1928
5634
1107
17
8991
1135
7013
6773
3881
4204
8922
8375
8022
1726
3856
7043
3367
1150
840
5571
2720
6137
6370
1704
498
8389
3399
8530
3830
8761
5781
4734
550
9855
9951
3237
2973
4650
3449
4841
8155
7939
9084
1264
4714
2421
1629
2404
3437
2634
5217
9287
5474
5183
7549
7767
6888
3156
6427
6334
5744
307
5689
7063
8566
3873
190
8097
3606
4301
7744
320
5983
6065
4442
6673
944
490
9296
5437
2316
7886
7666
2898
854
2347
8377
3877
4089
943
6069
9502
911
862
8607
8229
6808
4170
7710
2881
1599
2725
8674
8593
1972
5535
8785
1315
2435
4463
4298
2158
8176
574
128
2998
610
6068
2674
6160
4631
8013
514
932
391
3444
6260
1354
2241
3074
1641
2529
8763
983
2288
2090
4810
3349
1757
6270
7704
1764
1335
472
3429
8353
5774
7288
227
3813
389
3363
1092
9518
1597
4269
2629
4153
2120
6539
1132
7582
9662
3491
4031
1992
3240
2983
3373
6731
9742
3885
4995
6700
9425
1556
7127
1506
7362
884
768
3902
1711
9164
86
4638
9100
1397
9547
3157
314
4475
8572
2152
8417
9093
7427
8421
2650
4735
2018
1678
8498
6980
5288
4733
9158
6508
756
9777
4103
5043
6657
3075
8542
1118
9627
2525
2009
9932
8964
8416
6489
8603
9550
9712
9720
3356
6788
305
5404
46
4880
1378
8787
1371
2862
115
605
3314
1353
7732
7557
6569
8448
9798
9949
2555
1260
3402
5172
9335
6218
3898
4623
9950
5746
5622
3294
4094
8403
4024
2676
2050
9630
6048
4798
3323
99
8047
6229
3895
7443
8286
9810
7836
6316
3111
4956
6580
8823
5988
4674
5144
7053
6372
9723
3361
2336
2607
7572
3095
4145
646
2246
8641
8650
7662
6280
6182
5669
385
2958
961
7764
9079
8955
5341
3838
783
7506
3318
8537
7411
3677
2179
1080
9964
9025
2402
629
7980
8102
9396
4627
5272
906
6487
3516
9878
5858
3236
1380
500
158
7166
7206
3188
6972
895
4179
1882
6055
2979
3869
3455
2944
2916
922
1254
6533
3454
7386
1526
3784
9427
5955
4172
8890
3062
3994
5323
3137
3601
6056
8463
4879
3868
8781
5784
4401
2764
5675
2103
8944
485
7993
9416
5416
1108
9763
6318
751
1377
9541
4990
9787
2224
1517
2531
3396
8873
8069
3045
5725
3143
2737
2713
2328
3619
6313
6780
5196
1729
3972
3458
764
9431
3281
7525
6680
692
9737
5432
3159
7453
6653
661
9055
6176
9328
152
2753
1177
8012
4478
7285
5873
3297
6295
6342
9398
787
9104
5561
510
7256
950
1808
4234
4273
7225
1283
6246
9940
2173
6093
6361
9848
4949
150
9597
1178
3888
3344
6186
5214
3995
9769
70
4803
6554
5389
8052
6650
6920
8676
6567
7612
1603
3195
7747
2185
7231
7095
3189
7788
3508
1487
1746
8912
9454
644
7292
7255
9399
2632
6256
1510
4948
8380
9687
9218
6858
8921
7401
2306
4317
1337
7834
7563
4796
6591
9360
8061
1217
3574
951
3481
5332
1584
5117
2301
1842
2683
6237
8636
5661
4468
6202
6030
255
5291
9198
2457
5632
5041
6768
2376
4611
1782
5277
1106
7905
2269
2396
1114
6072
7483
9978
2852
2377
2704
1698
1428
8190
6779
912
5320
6006
7768
3955
5353
807
378
3040
8595
7739
5720
9546
7883
3930
2177
6553
1509
9764
4920
3970
747
3528
9819
3904
900
2985
2673
1484
1497
2698
6625
424
390
1552
9734
3938
8366
4087
6299
8088
5648
4919
8312
6081
3327
5941
5953
3680
7677
3311
2411
6987
1974
5179
361
8110
7658
1122
1946
591
7576
3887
1058
7251
4157
2363
8808
69
5446
2418
6818
2026
6718
9047
6
6145
7733
2594
162
3317
3167
3153
4619
7941
6571
3165
6238
6311
7849
6774
9979
2337
5186
4119
5336
9022
4130
969
7435
796
5230
6199
2932
393
3700
337
3529
2108
554
8581
4557
7656
4199
9741
8026
3451
8958
8906
2810
8531
2526
803
9463
7198
4365
3283
830
9326
9375
1268
1290
4284
7232
8525
4958
5672
4369
1445
3875
2076
7743
6528
6090
8185
6648
8524
9504
894
4573
9308
8617
7112
262
7034
3370
5385
2210
4775
8407
9031
3870
1841
4832
3305
5691
8519
8515
4678
4656
4282
6191
4888
1758
1784
6282
9386
4731
93
5307
7158
2808
6970
7550
7097
1383
3609
1752
1104
4144
8163
9363
9395
1934
2803
5449
408
6790
718
3762
3521
2911
8440
5563
4687
1923
693
1362
5778
6601
2872
7239
7015
6897
9844
2515
5081
3140
83
8129
63
4363
8450
5225
1478
68
7480
8383
6217
3067
6904
3683
4085
4492
6585
2656
1676
602
9796
1962
3520
4137
6831
9118
2226
276
5456
8010
6709
7588
1728
4185
9510
4107
9170
7217
4683
6973
2520
1333
9947
9997
3121
2582
5058
1210
1238
7365
5473
7581
6563
4962
505
9711
422
6058
3568
5649
4905
9890
6386
9622
1259
9982
9792
4567
5359
6926
6895
4895
9448
3024
5585
3522
3152
3751
2972
4266
5454
7990
8086
9111
4001
7360
8712
3162
1011
9166
1713
7522
2369
6170
8035
345
5177
1088
2953
9383
4254
302
8857
8491
4769
9295
4690
5905
942
3918
3766
9962
6196
6333
126
3409
1789
7132
5051
4299
641
8112
3652
4386
2309
4161
5694
3353
5679
9841
487
4860
6240
2647
9674
2164
1822
5932
1228
2295
6297
3655
7606
5877
5228
8408
2193
9342
9800
8590
2521
7493
5811
4302
489
3585
3439
367
3253
8223
5292
3463
2487
1887
6588
1732
9321
5987
142
8831
407
9883
8428
6915
9274
7950
9394
5035
480
2950
7391
3309
2374
3076
598
8036
3043
129
9174
9972
5645
4180
1551
8117
4854
217
6632
8381
7395
9076
277
9653
836
740
7947
1619
8044
7689
7085
5028
6991
3962
9488
6037
1348
2945
6964
6414
7398
8522
3465
1616
7528
2868
2635
2606
9134
1133
1390
5971
6053
6976
8305
3859
1637
5738
5442
6512
5059
2546
1930
5395
225
3696
8454
6706
1298
4436
2735
6185
9903
9051
6789
3692
1367
1472
1000
2568
8757
212
8469
1626
2800
5686
6493
6704
7717
4267
3330
5578
6836
9082
1291
3827
9265
9577
8915
8662
2537
5492
2020
4669
6413
1382
1788
7813
463
4367
7121
7833
8936
185
5595
2961
8455
8933
4498
4596
7910
1944
452
876
6914
9608
6945
9251
2790
3879
4628
1244
5709
885
2010
3926
5091
2842
9141
8685
3562
3913
5065
5882
9807
9889
4818
2419
3453
3507
818
3763
582
548
778
8020
6221
7378
2853
5758
5342
6641
5037
6216
336
1137
5101
581
8502
8926
7705
7407
450
825
3229
319
8343
4786
5996
5026
2507
8146
7665
1121
5728
7795
4612
8681
4077
799
6273
9007
1467
8324
4814
5322
9029
974
8070
1131
8344
250
1158
4608
1647
4593
3704
519
6165
5033
6863
151
4642
1988
4524
9452
6457
1796
7858
8424
8663
1474
1224
4051
5794
4258
4568
5434
5490
6293
8699
8242
6120
7500
5278
4707
8213
2992
6152
8887
5883
87
8518
4225
1686
4950
2981
6210
5252
1473
6005
8739
5105
8842
4325
2653
6770
9714
2866
6453
7520
7389
2344
785
526
5992
8660
1082
497
3915
7135
3326
5086
2045
952
4368
8769
6499
6912
4412
6409
6259
1896
9367
2854
9185
7202
2545
1755
6977
804
2194
1773
8246
2209
7353
8503
2078
1888
3791
1027
1814
7926
3703
9614
6889
6921
2236
5375
8511
2581
6618
4188
6279
8032
2920
6649
2022
1393
5203
4043
2886
6399
4268
5948
8378
6000
2956
2511
9418
2947
5062
2809
7002
1815
5808
4939
726
9039
478
9138
7213
5978
8876
8077
6730
6383
4440
3374
3645
1535
889
593
3338
8540
3750
2840
2675
9142
1724
4937
2087
6194
615
7023
6385
4483
524
8820
9056
3737
7031
8452
9689
4096
9795
4645
5422
1447
7050
8986
7438
2930
7903
7059
3192
3706
6875
464
9126
7864
4275
7155
1765
5013
394
8038
4033
1570
3089
2041
4835
4320
2223
6781
6478
8631
2659
2887
2034
635
4393
82
8523
7203
2490
9912
488
1834
9525
8299
2384
2600
4887
6034
8614
1646
9011
2893
728
6379
6189
9434
6266
4910
1630
4117
3535
4376
4728
1826
3713
753
2880
8263
9945
7108
7789
9088
823
244
7896
6175
8473
5653
6226
6073
826
1905
1799
9378
9165
4370
8533
9551
6283
8256
7004
5523
786
8750
9554
22
6775
8249
701
9476
2231
1512
551
9766
8880
8797
5777
4375
4699
1932
5233
4042
9773
8765
6059
169
1915
9938
1267
5635
1248
7406
8706
3765
9921
9531
9107
2286
9020
5452
281
1064
7172
4924
5210
545
2554
4022
4243
1720
5504
3211
6014
3729
3793
4097
5444
9196
4877
5372
49
515
6198
516
9453
9106
1236
5566
3796
8999
7116
4454
9702
572
1287
2178
1679
4151
6621
4753
7038
9000
1463
7523
3787
9068
5524
8821
1848
4240
3964
2523
8874
5565
5589
7566
6257
7653
8267
4527
2348
9323
4428
955
9753
8630
547
1060
8160
4831
5520
8830
1310
5270
7960
2083
7067
9374
465
6016
2793
6395
3471
3628
3605
6764
1927
2197
4522
821
8647
6609
2642
7664
1904
5457
430
2159
2468
8340
3829
1612
5559
1976
410
7094
2386
7326
9970
4449
9817
3768
9644
2522
5388
5397
222
8597
219
7632
5012
7935
5206
6739
5690
7545
5576
8251
2584
3653
8591
7982
1469
3854
7104
4774
6472
8686
7249
6033
9137
7211
5327
9116
1174
4560
6242
843
228
5510
8755
4869
8896
2403
7837
7738
4621
2530
7470
9030
1305
6932
96
683
2029
4943
483
5692
8415
7654
4158
2443
5455
7141
9871
2514
4922
5161
4063
7532
6469
5489
2304
3534
5636
8902
9473
7384
2266
3640
1867
4842
5513
618
4730
5403
3080
329
2802
2562
575
5365
1545
9632
3213
7142
7431
9805
1836
2814
2267
1582
4149
6903
1156
4261
8694
2136
9064
4290
5
270
9171
730
4737
7602
7919
2310
9400
5969
2908
398
3848
1804
1239
8367
6642
9027
3739
1585
4805
690
3518
4564
9821
3511
9482
9314
3425
5780
7080
3225
6287
9311
9004
2682
6953
5920
6719
5940
5760
5197
5073
1591
456
8871
118
2733
4078
5943
6664
9576
9696
6251
57
5134
8352
8872
851
8300
8967
1858
1991
1154
841
3334
7537
5841
963
7645
2232
1835
1756
1947
9572
2262
1073
8005
5616
2276
9459
4978
6902
5495
2902
4413
6545
3467
8653
6061
8292
5238
2619
3264
5587
8274
980
6584
252
5257
8688
2100
7565
5906
4395
5493
3310
5678
1179
849
8580
4966
7533
6861
3457
4175
9729
2037
8107
7794
6269
1870
1408
466
9397
5666
8825
3419
1714
6582
5799
4081
7882
8472
886
2098
2325
706
4889
5201
7473
3054
8325
3328
6960
37
7488
8726
7600
4770
8618
9447
9208
2198
3232
9294
857
7399
2165
4840
7946
8553
9705
9191
4249
2736
4706
5261
6345
700
5239
7603
5844
2263
9623
3503
8799
1442
2327
5265
8071
4458
6147
1300
6402
5411
3650
1201
4294
1076
4406
454
9985
8916
7243
9433
5887
7312
5596
9648
3502
9381
6748
689
4407
8330
657
1275
7696
3684
2815
1505
6391
6220
989
7464
5980
6693
4026
7275
9942
687
7797
1911
8365
3876
7531
1737
9936
1594
9557
9322
9401
3943
3939
8398
8732
5979
9565
1361
5260
7060
269
1717
356
3524
7371
5748
4058
4870
1242
122
9686
1101
340
3949
4852
6715
883
3612
2728
3673
7181
4165
3598
1581
8784
4912
7800
1727
1327
5330
5707
2510
3593
3506
7223
7479
4408
2918
8402
8177
1648
6840
8863
7066
3637
696
4501
7122
469
7068
381
7688
2577
7518
3570
254
8866
5931
7936
3718
6612
6684
7728
532
2298
7186
9828
3122
9035
1771
8193
9927
5169
3423
3414
6432
5676
5340
4673
7242
5754
2383
3012
9650
3085
6294
4102
9864
6801
651
8100
1028
7539
9042
2205
5537
8557
9066
8673
2140
7478
1450
8295
1875
3385
3048
3202
9571
2341
6695
7865
2414
4305
6494
7405
9836
2480
2926
5785
5954
5185
3488
9862
7839
1843
8023
4315
8466
2151
1444
9224
8184
7631
7620
4447
3416
7061
4902
84
8907
9351
2821
1670
4664
3567
761
7967
1157
7690
9373
737
6576
9986
4581
8057
2746
7238
379
1075
9234
4558
7819
5070
3748
2129
711
7560
2221
8346
4348
8741
4283
1912
2878
2963
4844
9223
2692
7762
6377
178
5718
3394
5555
8268
2358
179
6613
6985
507
2608
2360
561
8867
226
6234
2065
1466
2251
50
3378
359
399
5671
4536
665
2896
5588
7596
6404
1468
8495
7958
7618
627
8777
7472
2899
1437
573
8214
2255
7118
9956
6629
5498
3579
3102
923
5702
1141
2293
7671
2027
8103
6708
4987
5191
8979
1569
5016
879
4898
6389
7584
7555
9194
3722
6431
7260
725
1937
9256
4709
7117
4752
9811
3785
7204
586
6544
5836
1180
9354
2697
4588
1993
426
9005
2660
947
4529
6442
9070
7890
7708
1615
5990
7100
4963
4692
1624
7727
7058
7968
4219
4607
1412
6738
8828
3594
3584
7370
5507
5846
5436
8584
3435
4131
2243
7804
9981
8586
966
4610
7701
9920
6265
790
5545
2691
2448
8259
1206
3136
8903
3278
7212
770
3510
1583
2415
4516
2917
5570
8303
7235
6021
4708
2795
779
6675
1722
2387
6520
9649
3450
207
4915
6728
1089
4040
1147
8493
2603
8285
6227
4583
4169
3705
8471
819
8446
6347
4885
9733
1889
3975
2760
2770
9127
1297
4663
8201
654
7210
5155
5255
8920
9282
202
6443
8288
2552
1171
9812
4718
1338
7092
6766
867
4999
9886
7367
9533
831
9693
1480
1574
2923
8605
8749
4164
6699
1418
2031
6241
6101
8868
1907
7918
4007
5109
9647
9499
5508
3889
4710
9058
3145
7077
8109
7693
1388
7051
649
1219
1971
8127
5884
5299
999
7763
9403
3537
8901
2438
2864
2417
9343
5756
8615
6351
6134
6373
4809
7318
1370
3484
7385
2807
3669
3780
8802
3273
1894
9919
3462
5352
6947
626
2089
3690
6477
4908
8470
5613
42
8108
3284
9033
5505
2767
3649
2701
5964
3916
2775
5866
7908
7831
6643
967
4004
4116
3647
5202
1015
4246
8139
9747
5451
2191
2771
5699
9840
6732
2430
92
2481
3016
4003
2925
523
6681
7159
4462
7725
6741
5235
9820
6635
2004
1683
1753
6277
3347
6076
2011
4455
4878
1221
5745
8119
6201
9002
7248
5226
1192
8721
8720
5515
7673
161
4222
7257
9585
5284
7601
4441
1659
8254
236
4649
6978
1030
4485
9975
4193
4069
7509
3636
1877
1656
1547
1062
3191
3547
3548
7375
8670
9045
4473
16
721
5740
6394
5813
9824
3583
7337
4508
8935
800
603
2489
2172
7949
7737
3005
1031
1541
5897
4075
2141
7678
6348
8490
461
6123
6821
9540
2219
4984
8690
6087
6750
2278
3475
4845
2838
7508
8116
3285
8322
2452
3181
5491
1345
1274
7279
5729
7976
1340
7675
4327
1391
6535
5361
5862
2743
9160
6615
9338
2949
4335
9139
324
8990
4098
5917
8817
1160
4856
4099
5167
7245
9968
5373
1240
4606
1152
5590
9277
518
5283
4139
3563
4340
2388
6527
6880
7633
3843
7775
9348
7684
1126
9512
9837
5839
8041
6599
910
4682
4331
2626
8884
6572
3919
8311
7773
4121
9806
1996
8689
2794
1783
6505
6848
6184
8891
2035
6663
579
5382
4938
6357
8961
7205
2867
2359
3759
5637
705
6169
1876
7861
5769
4206
1421
5809
6470
9356
7924
441
7421
5285
1302
7465
3079
7145
7608
5055
7349
8882
4288
643
4988
7806
3663
5952
6232
8736
5607
444
8336
8319
1801
3051
4328
6445
2208
7320
2589
734
457
7455
7423
6437
6243
5428
2960
5829
6341
647
7925
3494
2139
6046
4639
6624
3687
7541
6464
3900
6647
5834
1628
509
5664
2502
8516
9151
1803
6744
3707
9297
3234
476
9487
655
541
9688
5656
1014
4829
5022
7745
7877
6734
5187
2367
2583
9103
9636
3577
650
1999
7821
7740
1293
2646
4410
9953
8655
5506
2539
4010
2057
6587
3591
3814
2882
3022
8431
4578
1829
607
1832
5184
9316
1763
9485
782
3774
6502
9902
1078
3299
2143
1094
7081
1787
5132
341
3358
8888
8747
1821
7390
3014
8770
3828
3897
8244
3459
6302
1703
5939
4263
8704
8128
4356
9697
9782
2499
4457
3625
9211
7843
1464
7363
6403
7321
6761
5500
7178
2366
9933
8301
9679
4333
4106
9760
8506
4404
6261
6996
9654
3288
312
724
5360
8307
682
8954
3198
2538
4461
76
1741
5797
249
1675
3806
2379
9861
2789
3764
6495
3864
7392
8031
1124
8994
9413
732
502
6745
3678
4509
1429
4759
8321
1663
6380
636
5530
6139
6131
9900
5586
9998
5145
4113
3086
2464
112
1697
4208
8081
2200
1775
6543
5612
146
6224
1010
9229
1436
7144
2620
4286
7394
7711
6288
1864
2063
4355
235
5768
2478
9925
5816
9645
3635
7027
2909
9246
9581
77
6421
7075
4881
8648
5665
9226
7335
3412
7267
3260
3592
3300
4154
6935
5550
108
9987
5961
2390
282
9799
8189
7175
5221
3446
5414
6211
4095
8633
4092
707
8579
1477
6931
1863
5249
6869
6962
9021
2053
928
9455
7179
4274
5160
2859
6455
8272
4358
2533
4338
3531
7643
7410
2513
2716
4546
4647
120
3752
7721
8598
7366
1097
3561
8222
6697
5912
9248
8637
9023
54
614
587
9244
3643
6296
7020
5752
6713
4373
3558
5090
4480
6460
8091
2751
6496
2781
1527
5968
2315
4510
14
3978
8638
6113
8347
5430
1903
8273
6961
1700
475
4961
7434
4868
334
3161
1395
239
8505
1936
9214
4291
1213
6740
3178
557
6119
838
8583
7962
8934
9511
1657
9730
3485
1595
9411
2818
8354
1234
527
380
2516
3744
1660
8188
1961
9449
6462
3697
8885
9794
7111
6534
1960
6197
247
4725
6253
3564
9410
7750
8025
1955
2648
5915
5568
4064
3525
2590
8651
3428
7008
9983
221
639
4126
8075
6143
7822
3724
8068
7981
9523
9904
9312
6910
8232
3065
1096
4886
3107
8387
4876
6450
5509
4453
2352
9858
3985
9673
3118
5633
3559
4451
8914
6669
9491
9891
2413
8345
446
3021
1343
9852
9708
1891
8441
141
4198
7847
9801
1331
9519
1566
7785
1276
6086
2921
9854
4134
9254
4720
6659
3761
3384
3265
4644
5400
1184
5048
6115
5583
2398
2839
9607
1743
7007
8611
1508
6252
2167
8501
3544
5949
5371
9078
4928
7598
4613
4542
2509
3339
4192
246
6323
2391
1
5126
3575
2543
6548
8862
1257
8349
5408
8727
5072
6178
4603
5840
9102
4318
9684
8956
4372
2668
563
6324
1079
2297
9508
7093
8978
2828
6429
304
4194
4013
9539
688
8238
4215
5027
8115
2378
7820
258
4276
8425
1214
7929
8504
1810
8210
4537
8101
7299
8134
5830
3130
3808
9183
6950
7440
7192
3710
8710
2965
331
1265
5584
4942
9774
8092
6668
8972
2187
5640
2389
3984
5985
3084
2497
1533
6157
7236
8130
3587
416
1341
5823
67
5480
2782
880
9895
8138
5025
4640
2570
2773
8219
6129
4306
124
2729
8602
9846
9480
4982
1020
3716
2863
2573
4787
1246
313
353
8718
1352
4506
8895
4070
5178
7845
3426
4559
6800
9260
623
5889
7070
2630
9479
6590
3740
8861
4680
7780
8713
2757
4802
7369
2047
4114
2427
7866
8266
9157
216
8948
3432
2349
7649
2062
6111
103
9916
3476
7674
3053
1577
8180
2437
6268
7498
7829
9797
2496
6867
187
6573
1980
9989
1631
9967
9610
4917
617
2142
1475
8843
5708
2048
1883
6208
820
5869
6436
8625
4519
810
4784
5874
1926
3914
3499
3442
7489
1542
6733
9325
2517
5165
6074
7168
9915
8027
697
2850
6937
4808
1173
5546
2707
2114
5541
2338
5982
1627
5698
3382
5824
7699
8236
3201
1671
132
9609
7902
4244
7109
7342
3393
1642
630
4681
3035
1837
9061
2405
7499
3512
8043
7265
5034
9369
1749
6084
8969
8853
858
8815
3907
1561
3119
7595
6384
8534
2975
6136
8549
8001
871
7676
6482
267
2025
238
6094
6286
9438
3245
5122
5053
6454
2161
1879
8046
6776
1614
604
2652
1167
1604
2312
5007
387
5591
1636
9822
3556
1760
9370
3792
9298
335
2858
7755
5704
9580
7900
6500
7263
6042
5626
7893
6062
1227
9815
470
449
6617
9901
7234
5918
2919
4279
153
9053
4109
7983
9062
5021
3956
5401
6729
1406
3391
274
2397
1696
4925
8996
111
7019
7757
5937
7387
4541
9976
5976
4907
8302
3505
2706
698
904
7130
5825
558
4047
8122
8361
1501
2044
5577
4941
2111
5946
3282
5229
4008
5227
1916
907
9181
94
7426
3886
1112
4312
6864
7228
7801
8461
6304
5046
8313
9876
3858
520
5680
5205
549
5865
5321
8711
7623
6122
6236
3388
7295
9823
2861
3960
9432
8369
4389
6989
40
1493
2791
8709
8191
2686
5687
7492
1557
3436
3046
1840
4830
750
8011
5647
8731
6530
3212
2685
7712
5131
1778
2688
8090
3532
8665
3415
6705
2440
3588
3910
3777
3071
671
1203
9892
2055
8475
659
7614
7889
4916
8064
8240
5838
4432
6918
8192
9516
6538
8558
117
3470
5370
2841
474
5933
4110
9460
1007
1777
9201
1860
5826
8626
4691
3621
2934
5471
8942
5447
8048
8028
3044
5147
2265
3892
3322
6967
4322
4435
7358
2
5006
8995
5417
5929
7857
8578
3644
3983
2299
6417
6255
7214
5659
1190
3126
9779
1169
9868
405
1191
1311
8905
8983
8029
2459
1592
6410
4556
6593
4035
6130
3953
3087
6844
315
7022
5533
5381
7892
3068
2734
9592
625
3850
7524
874
6583
3303
9276
8422
797
7911
3805
4851
6475
6877
6344
5350
2399
1672
5913
6167
9770
5599
5615
7176
3215
7731
9928
2444
3359
4812
7207
6177
2889
3894
4884
402
3526
2493
199
9016
8529
4357
4970
6467
2227
9971
5130
6990
7341
6968
4280
6969
1326
343
8078
6465
1175
5212
8089
6085
817
5837
4591
9922
3573
1706
1956
1376
193
3028
9885
1308
2238
2228
8488
2153
2941
6702
7748
8179
3651
2877
590
6922
6262
6209
8479
5084
6156
7404
9477
2696
3342
1655
9284
4494
3483
2456
4779
7137
9475
7700
3675
7091
7062
9831
3097
2780
3018
8414
6124
1802
5319
4894
6547
8798
5611
5256
8575
2296
715
5355
4371
6439
8846
3091
4190
2492
374
6306
5521
1266
1607
5863
406
5204
6919
6128
6254
6988
5715
3274
8847
6212
6536
1871
1252
9736
9995
708
2400
6698
5047
8621
4434
7798
8429
760
6677
299
8643
4981
8816
4374
8693
984
7593
6607
9456
9050
3681
1123
3468
6451
2937
3220
2750
33
9703
1857
9124
9233
816
325
5497
2317
6077
7269
1145
110
9065
1051
7854
4528
4352
4229
4574
6630
1611
3566
6896
5079
4213
7308
5263
4378
621
5617
4530
3906
2370
2206
2014
9446
3403
5095
9514
9237
8033
1423
9387
1165
539
1188
5711
30
6636
7622
8772
3238
9210
18
2081
7339
7071
6574
937
4382
364
6308
8923
9279
5357
3626
3613
1719
2978
2248
9317
7973
1349
6581
3203
8339
3078
9914
6793
7356
6039
7350
2820
7787
1521
2971
1496
1325
9573
5383
1977
5369
4554
7974
210
1416
3600
5581
4093
3701
3456
6586
7916
5309
9755
735
8257
7515
8382
1040
7966
3893
4162
850
716
6952
714
6027
5643
9556
5306
6753
8250
1389
209
2845
2066
8668
5726
4767
8728
9136
2988
6054
2765
7041
5684
2613
8587
2612
4071
2449
9407
9555
3276
2145
4459
208
7322
2724
149
2929
4658
5732
2361
2637
924
3811
3155
722
2003
8813
8743
8045
8492
3911
9943
1970
9602
2512
3840
8782
4488
9212
1482
1718
80
7646
4975
9994
8951
2824
1261
32
8476
2084
6652
4362
9856
3020
1339
8745
9496
4883
9814
4136
8215
6754
484
163
3255
159
9123
4020
9268
9336
2330
795
9768
2067
6195
5605
7430
3440
5984
5111
195
3661
9643
4112
3623
5642
2303
7760
5938
2073
2409
7991
8142
5871
9442
7729
6331
2894
3576
1873
8649
1825
5106
1748
9147
1069
6146
3523
9790
6285
1005
4496
376
4443
6529
4893
2813
5872
