4419
6249
8711
5369
9080
1280
2387
2459
5991
2418
3546
205
7814
7256
2171
1168
4881
3044
6495
6846
3130
5978
3544
9670
9832
4096
3185
3463
101
7378
6935
3351
1789
2420
7912
1201
3357
7986
9852
7088
6299
1724
7830
5787
9549
9334
9411
238
87
3427
4640
6233
6445
3273
7228
9468
3179
6391
7900
3576
4172
9746
9028
2808
4060
9590
7460
2918
3664
9963
8612
8870
7636
6937
4752
1208
3415
7165
140
9194
1420
9192
9537
2313
8832
3769
50
5711
2274
8387
6352
5304
9486
5676
6375
7486
4775
1832
6071
1793
128
3525
3212
2463
5695
5411
7613
808
2012
4651
6893
6858
2719
5802
305
3636
1381
8185
6813
2310
6779
9245
8119
8005
2880
7841
7377
4424
5635
3437
2417
3133
7112
9198
4938
7264
3824
6896
6551
4149
7999
1146
9864
2749
5807
3341
5785
1650
9214
6725
9761
3470
8714
4621
9018
7686
5836
2710
6752
8665
9029
9047
3028
7337
8113
4208
9845
4660
2786
871
8351
1708
3680
2659
8903
9924
5685
5650
9734
3058
7281
4882
880
2375
7370
7407
9309
5887
7729
5041
1172
2867
8551
4461
7100
3613
6675
9719
470
1757
1807
2536
3188
8292
8874
2890
7528
6671
3678
2465
440
3520
5762
5952
5262
9480
6517
6767
4327
3971
9923
6137
2238
3007
5702
8048
7375
2136
5684
8682
3377
1282
1270
353
9290
2105
3619
6941
4540
3393
5756
9164
9528
2841
2382
4167
4787
674
6942
2850
5966
7033
9119
2182
4117
1437
954
7275
298
6476
5097
5106
3233
9840
3398
4857
973
7211
5060
144
531
3841
141
8493
7970
328
6531
1529
4155
1272
2301
4985
8983
2393
6844
5116
1088
2616
7420
2709
4984
1402
4239
6999
1511
9442
8176
2490
9218
6601
1585
1641
8800
1779
2050
2195
8434
381
4779
7547
5430
2939
7616
8220
7897
1255
5182
17
2221
5344
8121
6968
3921
4163
8867
8314
5884
7402
2993
6078
3722
8235
4509
1679
1628
2635
655
6489
1138
2573
6454
3758
6734
8368
2468
874
1572
5746
6022
3271
9083
510
6732
4192
306
3123
9228
4563
7001
7584
7140
4617
1468
1684
9220
7421
6853
5426
8785
2472
5404
9706
2787
6087
5306
7759
4768
6398
9877
3649
3418
5001
2724
6209
7273
7089
6300
2453
431
7431
7908
9728
5450
8520
1634
2423
4315
1690
3280
556
5373
5016
6590
9803
7821
2937
5493
819
4232
9524
1147
3915
3100
6672
6169
7115
7139
8976
7930
8809
6905
185
5264
9277
3342
4352
6722
9211
3592
8479
2559
2206
7666
7546
8938
2607
8308
6058
469
160
1020
104
8731
7876
7621
4714
925
7924
9106
6710
4517
184
1393
7980
2392
6318
8672
9541
536
9208
1290
3491
7392
1082
6458
2522
672
1191
4347
8543
8810
1486
7723
4098
8749
2879
8425
9895
7987
3958
9396
2599
2751
6728
3593
6132
5825
2002
6970
181
761
7771
2180
9365
3333
5882
7406
6222
5812
866
3239
6927
2572
7965
4993
2906
2834
1744
6639
4184
3108
1771
8521
5525
7758
9286
4921
4466
6998
4657
8267
4759
7774
3109
6538
3181
5674
83
6341
5585
3684
8347
8890
4271
10
914
2627
2102
5767
4528
4828
2051
4049
1155
6674
485
4865
390
786
9880
1117
1939
7664
3583
781
7154
5828
6402
3889
679
8987
7849
8670
958
2410
9102
9357
9316
668
4906
5375
9984
9858
9240
9809
5201
6731
2386
7390
7642
702
9293
81
4039
7902
8083
3316
9184
7863
1067
98
3715
2124
4799
8059
747
3432
296
9799
3660
6600
6325
2685
9135
3230
1716
2403
597
8901
8112
8191
5578
4599
6345
7248
2779
145
5226
8994
9561
4533
7061
9209
5511
5095
8717
9869
9374
5976
3428
3062
9535
5761
6773
1198
3588
4278
3488
9592
7424
1777
8780
2504
8643
4085
7265
2690
4037
8628
5435
5175
3963
4319
9019
4017
3629
528
738
5256
2208
8686
9466
6161
6133
939
4273
9258
9160
5093
3666
6061
5138
2732
1221
9948
7757
8484
6824
9969
837
47
1085
6231
3894
9260
1838
8760
7695
5015
6001
6513
4673
1809
4161
7150
2334
5683
2397
4250
7810
3059
1022
2061
6403
2791
1459
8284
2319
9517
6478
4369
2128
8602
8473
7052
2493
9298
1335
6625
4901
7874
2824
2958
1739
5453
6803
8281
91
9242
3787
139
4345
3674
2110
567
3201
5464
6766
1842
977
7127
3554
7462
7554
9619
6362
9291
1481
1537
6500
3813
8448
4074
942
4723
8148
5308
3670
7232
4668
400
4467
1050
656
217
7971
1649
3479
174
191
3286
7106
6129
4579
9412
3671
4697
4806
7548
7742
1331
7976
3655
6568
9082
1107
3353
1516
3205
3497
8776
8215
8465
8958
4450
2667
5848
2368
5389
3580
696
4745
1881
1735
4431
3545
9061
7314
8579
9564
1353
5265
6439
1122
3968
359
3762
4724
8951
9128
478
9995
9525
5874
5378
7707
3274
4866
4270
6335
7938
1477
2505
6076
8353
9991
8733
7857
86
4377
2502
2998
2230
9196
6384
468
201
9808
4577
4034
6121
2792
4777
4718
7481
8681
6440
1125
239
3215
5303
4436
3565
7478
5475
722
2913
2456
1319
4032
6385
8439
8303
8214
9584
9520
1648
4026
8015
6576
4030
1115
5861
6638
8111
9233
4174
3293
6116
8693
2373
6698
8501
4276
93
1616
1791
264
1200
9657
8010
8757
6173
7705
6200
1057
4842
1343
8315
3380
7710
7766
3770
3303
2474
2883
4252
8496
7889
3209
4802
3888
7231
9463
8045
7865
1644
2763
5894
6578
3519
9041
1878
277
1780
5542
1073
2891
3587
3095
1750
5656
9358
7305
952
7129
5191
7361
7558
7250
6585
7552
860
9419
1503
4581
5009
9512
1897
9116
3766
6394
4819
3250
5
5997
6141
7817
2219
1252
357
5916
7634
1615
1123
7776
2408
2545
4130
5769
773
3302
6738
3899
4304
2544
7512
3676
2471
7369
5528
7582
7395
2593
6852
6860
7448
5217
9022
8818
9943
5142
489
6097
3741
7867
2023
2622
7038
3106
5076
7948
3388
7643
5449
9987
5909
8900
5601
1257
6637
448
4720
6554
6337
441
8141
322
9368
742
5753
5744
7471
2176
2907
9585
3625
2058
6981
6780
9603
2197
9499
6560
4936
713
9430
3878
9970
2293
4402
6707
5823
9566
5941
1738
1802
5401
9695
5775
6533
5979
2407
1416
7787
6138
2718
6019
7380
7032
5889
999
3728
758
8254
5800
9453
4915
716
7848
3110
1574
4687
7048
9091
6090
6882
7398
6096
595
4812
2966
1275
8872
2604
4063
3614
2588
2628
5065
5899
861
6550
1219
8415
1737
124
3727
7053
7438
870
2521
9349
6912
912
1538
447
342
6783
5535
9222
4754
382
9538
9569
932
409
8804
2040
3707
9793
9736
3630
8769
1977
3997
8441
3675
7825
1048
6782
589
1603
4650
9386
8134
8483
407
5409
8513
5171
6739
6277
8047
4773
1839
2376
804
4201
4769
2676
349
9676
2548
8510
6193
161
3990
8542
6356
5757
3298
2804
7326
9993
4561
5043
2705
3822
1824
1569
4113
2651
5432
153
2311
7078
4675
792
4931
4551
9844
9665
9546
7755
7414
6037
7832
2070
5589
4293
3737
7197
5817
2425
3819
4622
6253
2596
7978
9114
5593
6904
9053
1700
2567
1356
4058
2028
2401
1909
8534
8913
1045
8403
2384
4674
9559
1617
206
7619
9101
2638
3296
523
1313
5598
8880
1607
8715
3030
5233
8566
7597
5805
6830
9705
6664
5612
2520
3009
2886
6347
3755
5442
4332
3643
4575
7627
1305
9175
847
2815
3396
2574
7283
1752
770
4236
3425
3242
276
1336
2789
4240
6758
4786
8457
3177
5333
3
6865
2188
1636
7059
3682
241
1312
7899
8253
8213
5487
6967
3002
8509
1226
4317
385
5955
8588
4382
8524
2265
6268
3961
1094
4592
4235
5158
8074
6918
8088
6418
52
3275
8866
4229
2214
8138
6266
824
3102
3646
9890
4099
5701
6052
3603
3104
2487
5652
9815
2089
5321
1508
5605
8965
7235
7016
8355
135
3957
7647
1422
7510
8458
6409
2430
7835
3493
3035
8885
7785
4002
7703
5633
8553
4490
7955
726
4389
5728
5755
6655
2931
4522
8624
895
1442
989
4156
7539
2148
5808
817
1253
2928
8495
4146
9763
1340
5663
4630
4054
7238
2339
3584
5197
3465
1060
1858
8655
9699
1804
5372
9920
8705
4712
9482
2973
6580
2582
5364
3309
5153
7079
9075
9131
897
4634
5600
245
4816
9006
4534
7067
2809
5694
6586
8272
3089
4567
6429
879
8357
3832
7082
4297
9223
8688
6862
5927
3417
7805
3249
8394
8986
3049
5157
2626
5284
1037
5795
5078
3308
9954
7730
7541
1761
1812
5283
2277
4046
3705
5876
4448
9450
4048
7071
5379
7617
8916
5667
5944
2982
5330
6230
4329
7719
7881
708
1530
6245
6179
5021
302
8595
4318
4861
617
18
6433
4669
3496
2390
4598
2578
6250
766
5276
8658
6189
6605
7671
177
5614
5948
179
8910
326
904
3908
9794
5864
420
9121
29
3147
6034
8803
5534
7777
1570
856
8926
5739
8654
8817
9337
8348
2838
2233
8656
8729
2256
5592
760
7411
8378
1488
1173
8609
4968
7747
5366
92
896
6873
1042
8443
7985
3964
8748
9281
8194
4893
3784
3178
7944
9745
3585
9407
7330
675
2273
3977
4413
710
5302
6351
3523
4808
7953
5347
1479
2825
5331
7646
380
2658
6684
7157
1593
8344
3563
3802
8626
6532
6842
3595
6400
8320
2133
771
4024
28
9629
8371
1188
425
3272
7909
7516
7997
2085
9625
7028
2859
4743
8849
5238
1934
6470
2076
2272
477
3067
5891
3157
898
9514
4126
3831
6305
5732
3315
6101
868
4780
2742
4299
8641
5377
6419
725
8503
8844
7571
6146
6564
158
9867
7145
6982
1862
1951
8131
2246
4838
4397
4989
6885
9700
2991
7177
7357
3914
7201
182
9755
4642
9513
4067
845
6504
6810
1289
669
7417
822
5320
894
7769
7635
8380
2704
8927
3453
5066
8103
5109
9367
4426
9200
6957
9776
85
2542
7126
3559
6244
3255
7324
7222
1406
9342
3072
6895
608
7922
4831
5281
3633
6907
3938
7075
5495
3801
7502
8312
4108
4351
8036
1952
5658
7345
5886
2708
5567
247
4973
3246
1946
2001
8856
8273
5131
6274
7496
2262
7151
4000
6292
6993
6736
3524
9683
7179
6730
6822
233
5075
8105
9004
8904
6821
6447
4118
7269
962
75
6452
648
9671
851
297
6164
693
586
9553
5647
8488
9020
9488
8531
2372
4860
7132
4073
8023
6954
2461
4505
6426
1562
6880
291
6295
1448
6070
2551
2600
4999
2183
8012
4111
5641
8056
3039
6239
3742
3329
8444
476
9023
9688
19
8404
9148
1782
8147
8610
9926
5187
56
8464
6965
9376
1933
6144
3610
8266
5173
8392
3400
1662
3332
7934
4407
2949
6979
1582
883
3113
2861
3132
9996
980
6563
6840
6827
108
4706
8853
7612
4065
2343
7744
8449
5360
9543
2745
9457
44
9172
9000
6955
8438
2163
2130
5857
8625
314
5922
6474
4008
3959
5428
7403
2115
8802
4589
995
7173
1754
2259
11
3634
13
4896
933
8049
5246
8335
5063
3264
4162
5770
1608
9373
6544
9882
6177
3849
3160
1695
2630
7120
8305
6995
8790
3151
9182
8813
4370
3187
8395
8875
9577
7844
5322
1248
7000
3732
9350
2250
8188
9360
2561
347
885
1554
6688
8843
3892
3809
4363
1521
4846
2515
6462
4133
8805
5335
1015
5896
372
8064
4850
2239
9495
7734
825
9723
8446
3092
6213
7051
8421
1982
5254
3436
4796
2597
6606
8907
5260
4877
9974
5582
1235
5353
5337
9749
3749
6608
4804
2660
5602
9865
2817
3533
3510
3318
7432
9169
1471
7745
4627
3874
9925
8737
6281
1423
2821
7463
842
9756
1882
6692
9224
6744
5946
2275
4658
5332
1635
9120
4018
6506
3237
4562
2927
5486
7363
4305
1415
1325
369
8366
2489
6472
9716
7668
8225
7466
6681
3431
7595
1944
5982
1262
5778
138
9248
3598
3099
4898
5148
3469
9912
9113
5961
1241
981
3471
4679
4062
4214
7002
387
7932
5869
9711
6874
7657
6924
9177
9562
8336
8998
7318
2213
7709
2317
5798
5098
7076
9556
3753
2077
8009
9677
8563
4832
9563
3082
6330
3219
7852
5522
6719
5406
7340
3176
1098
4287
5777
3480
5915
7878
2009
3036
9960
3475
7389
2540
614
4735
520
7365
273
2935
8582
9825
6151
4708
1668
5881
2109
6241
6157
5630
9618
3622
7901
449
4462
1514
3348
6621
6198
1632
9395
4729
3509
3446
7624
2525
9279
7575
1513
1776
6404
5672
3149
750
3052
4209
79
6623
3419
2840
9268
5928
1551
3240
5990
7188
974
7
8274
8966
1845
5447
3324
254
6574
8999
5419
3653
9570
4429
2889
4770
844
4930
2526
82
3571
1000
623
9493
9839
3623
2944
2093
9740
9473
4738
7789
8184
5512
1159
4310
8879
4823
3942
6956
5005
289
6945
7578
610
8562
7224
5537
3312
4015
4778
2971
3792
6042
4851
9077
1568
7722
4934
6636
3847
8156
3310
4638
2063
6004
1239
7111
6482
6947
2312
535
7864
5590
5027
7672
5135
4845
4406
209
3924
5340
9988
5497
2173
6878
3829
1303
4258
9509
1052
4219
5290
1421
9917
208
9254
5937
8205
8854
5745
3323
642
645
1269
8718
5402
4204
9123
439
6336
9361
4200
9262
2008
5235
3032
7409
7733
6647
2108
454
6877
8636
2053
6331
7190
6486
8170
5613
2558
2541
323
9437
2289
7662
6919
8993
4472
5826
5469
7249
3651
461
3105
5177
4181
5051
4127
8221
991
2611
8492
9378
3833
7241
5505
5544
2643
4523
2064
9133
9536
9444
4700
6366
1030
6759
1087
1948
6374
9474
6788
7559
8367
884
2793
8752
6172
4445
8071
3696
6802
5626
1818
5184
471
7956
661
7751
1365
6903
8912
4725
7566
5297
3978
9219
1715
1144
7770
5481
8334
4595
5193
9440
6776
6584
7780
3495
741
3282
53
3080
5521
5212
7133
4121
6588
542
5269
8816
9822
1028
3461
5020
8751
1245
4016
8022
943
1914
3006
9207
3918
4620
9891
8598
5821
3975
8223
541
6303
8908
905
3777
4594
8075
9595
5082
9642
4077
8881
5930
1136
4070
4641
6216
821
3817
1531
2848
5460
9178
5878
2332
2501
4260
5719
1079
2823
114
8589
4510
7781
1651
4404
9204
7359
2888
6240
354
1392
7210
1805
5987
2129
4398
4193
3652
6910
4080
6456
7940
8724
3612
3097
5627
5575
2287
450
8196
8197
414
4194
8028
9961
2909
84
1040
2632
8771
2813
922
2048
1438
1126
7918
1596
3751
8485
7988
3602
9372
5118
988
9329
384
6720
2480
4983
9283
5019
1157
1446
6749
1816
7372
6915
7875
4230
3484
3122
9628
506
4628
9784
7983
6589
2119
5563
9714
9015
6117
1722
9701
8882
4323
3607
6521
6662
2774
3685
1228
7872
7610
4639
8416
2303
5240
6438
2000
926
3823
3145
8768
8977
9008
8107
4939
5703
8600
6994
7287
7015
8578
1162
1984
1273
5552
110
3245
2437
7334
9630
3692
6714
7511
2185
7995
4990
4867
9017
3033
5541
619
692
1720
5176
6425
3791
7035
2692
9557
3866
5253
3726
6668
7603
2353
779
66
8917
4981
8603
2871
8278
8775
7170
5851
5274
42
9757
2862
603
4009
1891
2518
5285
7020
9527
6897
1543
433
8979
7382
9483
1291
1540
5583
6048
7381
7379
2624
6796
3661
9915
6850
7427
8433
7385
4489
1970
2846
6017
3631
9356
9964
539
743
378
5215
8370
2243
7638
1907
9089
6682
6737
9266
6604
8178
1875
8831
3064
5052
969
1643
5443
1440
1320
212
9634
9807
7648
6733
6207
3745
7738
1973
5794
1366
9389
540
8981
134
1961
6023
5461
8146
8891
6772
6572
2331
4721
6861
1246
346
3460
9782
6666
4285
806
5837
2768
3051
5788
3116
6673
8700
9579
1509
1781
9638
6797
9885
5445
1966
6063
3405
3385
1532
4536
3834
3868
2901
4177
2904
513
5819
1498
5642
1667
2127
5289
9432
6706
997
5324
1501
257
2216
7446
5797
9132
9575
8393
2810
6125
8685
226
4248
9560
6203
3330
890
872
4539
8489
900
5054
7526
987
133
7425
4050
2693
1178
8413
1396
5023
37
1671
8224
8914
1326
3807
2326
6276
4158
3859
4367
1382
955
2569
7167
5726
7786
4275
6542
3270
6934
157
9868
5530
7895
8719
3734
5866
5317
3984
2031
8666
2671
8319
3857
6933
7472
2434
749
4966
9679
9982
812
571
4689
8834
5616
9036
5999
2412
8677
7320
4918
6575
7186
4841
1675
6407
1830
41
3216
1149
7792
7701
1888
6095
4564
2253
3775
8622
7226
1153
370
5287
1561
5229
720
765
5690
3884
266
7866
2689
7596
9489
2864
6716
8893
6708
5824
7663
2314
8920
1024
1745
3140
6951
309
7669
1074
6631
8014
4307
9760
2257
763
2595
6283
2680
5127
3112
7820
5114
8165
8648
8593
8935
6040
5125
4013
2409
921
6038
6490
727
7782
8620
8081
5252
7880
6975
9241
6548
6491
1542
5870
2169
8847
7609
1476
4733
9750
213
6726
2911
803
1205
9104
877
3796
785
514
8567
2546
227
6364
3410
5465
5783
3973
7827
3913
8406
5345
7631
22
2360
9772
7041
5111
6261
4807
6653
7599
2491
8878
1872
3654
6978
6973
6881
3083
2132
8238
9030
200
2366
7860
4890
9093
930
3494
2072
7712
752
9251
3904
2174
8660
8157
559
1370
4556
8478
2697
4084
1297
9703
6
9600
1577
7884
6147
1815
1618
9522
403
9789
3010
9977
8385
1896
5547
5935
3444
3562
3570
7325
6006
9907
6190
1575
4656
1322
7761
8523
3074
8536
8676
1851
2571
968
9576
5689
4555
7544
9587
7152
8860
9388
176
2800
6619
7920
163
8835
4463
2249
8930
3402
9144
7706
2041
7458
5895
4730
3050
7741
5994
7221
9870
6612
7847
3335
3909
526
6435
4331
4582
2389
4454
2126
2432
3487
7312
9918
2385
9843
521
6122
590
8249
7796
3999
5224
6194
4741
285
3550
1179
3690
5765
4136
7475
1300
1622
7843
1064
9878
7972
1418
1936
689
1524
3555
664
3615
5049
3367
2006
6338
6065
3031
8892
9451
2555
1238
1317
6308
2477
869
3395
1941
3150
3862
4224
7072
6344
2699
2694
1692
1318
2279
7423
9398
6839
8584
5893
7036
8928
7455
9742
6762
6251
2118
9833
5008
7174
832
3101
5242
311
7879
1702
9009
9129
9672
7522
8712
1244
5996
3572
6785
5392
5161
7887
1660
9244
2633
3206
633
8528
2970
4460
7348
7653
9966
6871
547
8470
5216
6609
627
1769
6958
9820
5272
393
1627
9812
2106
2038
287
6867
3639
7665
6031
7260
1732
4388
2972
4612
6593
120
3263
1794
9225
3902
6764
5029
7803
2790
9072
6849
1556
5159
840
8529
9718
2492
4097
7811
72
3019
9136
3940
3320
3077
5620
487
4788
3236
8784
9717
6389
9051
8263
8743
815
7639
4928
1035
4863
90
8573
2687
7125
6569
8057
6180
9221
6068
5815
2019
1994
9310
744
9727
343
7408
2162
410
504
4468
8288
301
6316
6892
6284
2898
40
220
7218
1497
3223
5038
9230
6961
7295
734
5599
9042
8764
2333
1613
9138
6723
7968
3294
1683
9185
3222
8116
8765
3506
9238
1729
5905
683
7808
1308
7338
9399
3373
8952
6373
6483
6883
7586
2875
1908
2361
5113
2237
5230
4459
9662
6332
1983
8271
4670
915
6633
2306
9806
7914
5721
6691
7981
923
1055
1962
2795
405
5380
316
4702
7163
1355
1930
3620
9143
3314
8995
2959
5951
2047
7853
5013
7799
4439
3192
1558
8016
2283
3068
9375
3669
8203
3243
1597
9443
5561
3988
8095
1688
3842
7714
3477
9027
8883
2436
7239
8002
1567
5286
8228
9752
1003
5786
5279
1086
8411
848
7640
3659
1713
8301
3808
4150
9343
1130
2523
6093
4849
1892
8159
9002
9151
268
8117
9990
5539
5210
6162
7763
2645
4415
5904
4844
2057
8823
2327
1288
1332
1017
1324
9263
651
5199
6328
2013
8078
5716
2178
4546
5050
8286
3549
3873
6626
811
9165
2744
2538
1214
4584
3358
7261
8137
4375
1307
495
3539
1710
8597
1905
4003
3313
7171
6287
6414
8801
4245
1299
3103
8683
8120
3616
5244
1222
1621
8522
4991
4948
2010
1023
7453
4719
3906
8967
7540
2617
5679
906
7690
5584
4924
5140
4935
4879
6594
6473
5165
9652
9059
2610
5327
5811
9302
6258
1751
7121
4969
5975
5352
8954
8030
4262
6508
9079
9134
2075
3752
7717
3078
7892
2566
2943
2241
634
769
3473
121
1180
7581
2278
1261
7831
7350
3965
1256
7992
3800
7234
3605
466
4652
6113
312
2986
9063
1924
7494
8043
6028
9952
6661
9651
1734
5105
6088
5250
9409
3408
2603
7108
8698
8424
5664
9308
7748
8546
3635
8942
4303
635
279
3945
6046
8430
8814
7255
644
596
8061
2636
6602
9452
7728
6353
9306
45
7290
8946
8329
755
3158
3361
9294
7192
7128
8864
7691
2340
6212
9267
6676
8143
4974
32
4409
6795
1940
3763
8642
6272
2730
5046
6908
3037
3489
6293
164
5073
6201
2467
8327
7495
6197
5669
8251
9859
1339
2199
4742
736
6371
3621
95
3869
677
6799
5349
4892
8507
6627
2445
7569
8067
6786
4716
2568
3744
1880
9690
8129
4960
7984
809
3022
4820
9978
2071
4566
8517
4916
8839
5843
8407
8863
8490
4530
7911
9999
4710
3198
4396
775
9767
3861
6906
3435
190
1211
1419
453
9359
7645
8576
5209
4904
4498
6081
132
2198
4613
8515
9115
8630
3896
9766
7529
5546
4393
6455
3156
4713
2159
1512
1601
49
4500
2122
1196
791
4696
4051
9255
1316
3950
7311
8887
4957
107
148
7244
662
1502
820
9215
4164
222
2473
68
3232
7202
467
9086
2309
9939
465
4476
1131
2033
8250
3560
3604
8241
4542
1472
2802
5957
7162
9344
5782
1517
4044
9639
119
9958
4045
8963
3725
7954
6343
4485
8789
223
7756
6527
6649
2486
1362
5311
9137
9139
2125
3260
1113
3169
3720
2896
4945
6851
4885
6185
4482
3900
5134
6187
996
290
5390
1080
204
1449
6265
3013
960
9796
5420
8538
8333
643
8140
4321
5381
3601
8730
7064
4813
4486
5520
4803
5814
5190
7767
2209
3985
3088
5911
2236
2281
9095
9353
715
9780
3773
7689
4927
2296
123
9434
8128
7220
620
1519
1445
6980
6811
9111
1515
6208
639
908
8364
1058
6024
5993
8629
8840
5624
1932
3956
1424
5222
5185
9950
8797
1814
4926
6539
7598
3075
899
7300
4900
2254
6361
1953
4457
7633
376
7012
5315
9914
1871
1215
6205
975
1866
965
2855
2696
3885
1346
2670
8476
4360
1600
434
7271
2170
2443
4456
2532
3048
7869
8080
6509
1380
8462
8447
7160
1958
5394
8259
7110
5448
8077
3541
1647
4665
6317
8525
1132
5816
8577
1143
456
8679
9445
2342
4361
6047
9025
2527
3340
7499
7196
7450
537
7383
1829
7073
3743
7096
7187
7882
7561
1379
113
6545
4515
573
5989
149
3421
1004
8793
9909
8222
23
4781
2299
5145
3146
3443
3502
5912
1917
5458
7176
4411
109
6501
5129
6467
9371
6571
6667
9249
9764
8980
8708
2865
1177
5398
2818
3457
7183
122
2967
8187
7959
4023
4943
457
6159
6494
4834
1645
210
1942
1394
4416
9989
3789
9050
446
6899
5336
2562
5565
6123
3581
2457
4159
7933
6434
4751
9542
1579
7341
1391
8402
1755
3152
5854
1007
4109
2442
5091
8097
3774
5282
1494
3818
103
2933
7509
9161
6940
319
5424
5418
4376
3182
3703
1553
4614
2335
3989
1069
9694
979
5813
2647
9632
373
3781
6498
8177
6223
8283
7724
4243
1426
5000
2143
2441
1431
2683
4782
1019
6315
4298
9533
2121
6742
9205
4884
6086
3420
7687
4590
9615
1827
46
8065
795
2469
3462
9394
724
9012
221
1659
8975
3114
4255
7447
1202
625
6618
3644
5294
9738
3292
8857
2729
3747
2675
4760
6229
6804
516
5675
9611
8858
325
3617
6866
283
3740
3656
4525
5291
3210
9944
4871
533
9894
8349
9548
3055
9721
1828
4021
9014
7331
6066
7523
9573
2228
5198
1287
5174
1868
7961
9487
8899
1972
7588
4284
7263
8452
9073
9856
6072
2634
1546
731
4244
4392
6654
1292
5456
5267
7276
6519
3204
4216
2948
6529
1480
8943
1
5897
640
5902
9081
7268
3518
367
8084
7181
2374
8414
275
9511
1719
6807
8020
4191
2454
1240
5087
4314
7570
6789
1701
7498
4387
2803
7327
6510
3412
4182
4160
1709
3347
658
3569
3647
8498
5718
9243
9813
2894
4631
3090
5355
244
5155
1637
7567
3577
7480
2479
5452
2849
365
175
802
7508
7172
4795
3946
1854
783
8550
3371
3084
1101
5477
5926
1957
1005
2668
1706
1652
4195
1389
839
3673
6036
8895
831
4837
198
3955
3338
3229
8949
6635
2026
3429
7029
1712
9458
3498
1788
9826
9429
3804
9060
9898
4623
5901
4971
9828
9597
2017
3456
9183
4282
1663
1242
9644
7319
3004
4043
4137
9295
1012
5169
15
1943
1995
1610
3837
4145
9094
600
5643
4686
5820
8606
8006
816
9829
4596
2554
2039
6422
7343
8480
3349
64
8269
978
782
9078
6131
5883
9447
3609
8978
1217
4553
4286
7809
2337
2347
5221
7550
2222
3213
2276
6820
7137
3867
2475
500
7457
5061
7727
416
4259
5731
1969
1433
4004
9431
2147
5868
4306
8830
4380
2951
6289
4358
753
3624
2290
5101
849
9743
6237
2007
5451
8472
4681
16
7216
4423
9321
7024
2757
3307
5312
4253
1783
4856
5388
2348
9170
4165
5623
2114
7294
6953
3499
5271
1685
4680
4544
759
4925
7130
7628
3180
9653
375
3895
9824
7303
4199
4405
1762
9188
5258
8621
3228
3511
6826
7074
7856
9206
2615
2415
1243
6392
6461
7254
7943
3247
7775
2916
5940
9983
2728
8166
2217
6996
1120
9189
1338
4519
2885
5581
778
4272
6227
1108
1409
1912
5502
7262
3948
6323
2226
7454
8331
7242
8239
1469
1938
2773
8640
2820
55
4231
1733
2117
7292
8836
2266
632
1539
8466
2485
4116
1790
546
4257
6524
5183
9414
587
5867
5568
3276
492
7819
491
1506
2082
9478
2056
6859
2716
4340
3936
4507
7467
8343
1763
5747
4283
4513
1894
901
1112
818
6210
3505
3929
5974
855
379
2765
2811
583
7964
7545
6139
313
5002
5933
7773
4479
8601
7625
4205
3322
9709
70
9804
873
7373
3442
8988
7842
9124
4815
8865
2605
549
498
4069
6204
1775
3383
7304
6966
3795
1135
2852
5556
4889
9126
3700
7014
814
3903
2642
985
6537
4761
7974
252
7019
6530
5494
7049
8162
2234
2282
2004
1141
5789
5026
7573
129
8722
3856
3925
5687
5121
2352
2826
790
4372
8991
9666
8155
5270
2321
97
8968
4609
9519
9217
9340
4103
7806
4672
6888
2977
5648
4157
9477
7236
8487
2315
6288
1072
9598
3391
2870
2103
3305
9861
388
1487
7452
9265
3003
2495
2232
6702
6694
2424
4606
935
797
4869
1265
5415
9158
7107
9492
5130
1049
4764
671
574
984
6992
1274
9574
8607
622
525
7804
7711
2354
8041
8118
9284
4487
9508
7429
6255
3252
4995
2271
9213
7352
74
7903
1271
7576
2015
178
8947
5842
9544
6748
2550
8690
8309
7037
9496
8252
5768
4790
7801
1164
7945
5838
89
5273
666
4836
1611
5422
5735
4910
8289
2142
4350
700
557
1367
4288
3501
9810
1361
4374
7614
4189
4263
5923
5110
6322
5938
7027
3221
5611
3600
8431
8741
552
9927
5950
7355
772
4830
612
9314
118
7156
670
8382
6120
918
5906
8161
9142
3134
2200
4
9325
9045
2641
9957
9682
3413
3111
5888
6442
2853
8231
9593
1344
2829
566
9846
4005
745
488
462
2510
9180
7788
7939
2892
5395
577
1059
2452
8386
9800
4835
2762
1552
26
1798
1831
9032
2055
8026
3325
9735
6774
4914
4833
2215
6943
428
4440
389
9504
9270
2145
6011
2421
2184
893
3953
9201
4227
1571
9955
3426
2748
4923
8786
9127
4081
7090
4705
7490
8058
9159
9835
6582
3218
3118
3930
2338
5503
60
8548
1803
9786
7026
5655
8451
9
7797
5207
7888
65
6512
8663
5382
3760
2498
2466
3127
7556
9191
2405
6581
6357
1118
4427
8398
6202
609
6715
6971
3681
7925
5560
1903
5759
9612
5067
1988
9380
8716
6150
334
9555
5446
8806
9817
9899
155
1447
5144
8585
7886
63
2341
2631
7674
9446
7682
5228
1349
7143
3840
8505
4964
813
4171
284
2833
2264
4840
3679
260
4632
7828
8346
386
9264
6932
1182
1284
5310
2020
3066
1990
6451
636
4953
9534
3034
2581
9001
5334
2910
4875
406
5329
9875
1576
5557
5697
1139
554
4344
2994
4653
527
1981
1386
5740
1046
9929
8093
8727
994
8955
2205
3954
7422
3481
4364
7005
4237
8003
5361
7474
4198
9518
8989
7227
9873
6176
5856
6015
6800
1047
2455
4025
1624
7155
8460
2872
6376
4891
2781
1404
5953
8956
5416
5374
6620
1016
5936
1304
5995
5730
1056
4129
2146
5022
8264
3798
360
3876
7134
9500
8898
5319
6540
1669
7521
3778
6000
7009
2329
231
3279
2912
2482
9811
6108
1749
1890
8783
7651
5799
3119
2827
7401
8341
509
7204
9968
4494
9068
7667
9326
1674
1378
4950
8089
3733
9011
6793
4091
5855
1413
1711
4847
6408
2644
4100
39
1840
6777
71
6680
7802
9689
6477
2706
7006
7994
5903
5949
5548
1439
4894
9385
7637
1989
2378
3794
7288
2979
5417
9874
3094
7720
7113
8304
886
3517
6887
6106
9685
437
9303
189
4789
8190
1800
1787
3141
5123
9074
1068
2691
4410
4441
5509
6659
5346
1626
6436
4676
9410
9354
5459
1333
4105
4550
1979
6547
5587
7252
2954
9648
7721
6016
7356
6863
545
9583
4874
4059
1031
9304
6112
7492
9801
9145
6565
9441
6155
6751
7368
8703
9464
4722
4295
9197
5562
5988
2881
2149
7520
5128
6399
3139
737
1774
6446
5489
9058
4685
8791
5045
3304
333
707
4328
1658
8268
2270
484
6449
4933
5014
7587
1900
8189
5554
8613
3939
5498
1167
8167
8653
237
7515
7676
7991
2252
6304
2783
7465
5943
690
2969
2771
4503
1796
3790
9246
6267
7815
1463
2531
2857
8248
8106
8547
5780
2929
1451
1945
8179
9005
4330
8172
665
9715
1260
7178
6697
6359
7333
6567
6252
555
8873
8808
152
8130
105
3053
4238
990
3645
3258
259
2190
6234
5763
2
8242
4667
4022
3922
2797
1505
5092
4967
2497
5533
853
5491
1029
6987
8604
8774
7885
944
1499
2974
757
1986
7489
9157
225
1441
7891
2893
2756
4568
5729
6555
6923
2123
2739
452
4794
4766
7399
4772
8150
4102
920
9540
1430
9038
1397
7525
4190
5931
5804
5192
6156
2439
8526
2952
4341
5722
5096
1286
928
1185
4452
5112
1614
5437
9674
7098
6703
4320
9467
3754
6689
1033
8173
1405
4798
162
8365
6658
1773
3135
1864
2752
9730
6704
3534
5776
7464
5085
2923
5150
7837
9779
8758
4033
9521
6891
1976
8285
6926
3835
9069
9886
8361
2069
6196
4810
8541
2556
8287
1229
5594
6246
2446
6282
4917
2589
9305
2908
6091
3628
3863
8659
9282
3174
971
907
9383
4269
4484
9836
3211
4611
6805
2509
8811
2308
1823
5483
5898
8974
6312
1676
5429
6005
3244
3917
6724
8709
2151
4309
4469
5638
8053
3356
8552
4076
7519
7212
7293
8054
8397
7505
1833
8306
4748
7846
7362
7310
3154
1525
9697
2433
6761
395
4140
4659
2286
1328
3632
324
2661
2586
937
5985
4417
1473
992
7833
867
7011
7537
6039
4636
8846
9199
6683
3586
6525
6711
4626
3054
4683
9066
1998
7957
6511
6464
2294
3354
4521
8429
6381
9341
5853
5880
568
8535
2506
846
4179
1901
6713
6301
6977
8735
2777
2637
38
219
9338
6115
3359
7456
3486
2186
4123
3170
5665
4346
3328
7430
1731
6916
2231
7043
7530
6350
2895
3530
1826
2585
9753
4442
4178
473
6271
3557
4558
4430
613
2049
9003
3256
6018
7286
7309
8216
1026
5696
9790
5818
2758
4226
337
2565
3531
564
8154
2450
9117
7560
8586
1877
9687
2370
2737
7316
8855
6069
5839
3994
1230
261
1387
4394
6808
8794
2878
6809
9439
9693
2104
5010
5179
830
8455
6598
7461
88
5387
5513
1134
9985
3251
6334
1223
6541
4281
5407
9381
7164
4698
3551
3241
5181
6528
8868
3599
1428
2078
8591
8852
6218
9889
392
8063
4649
6035
3449
9795
5203
2095
8869
4693
3073
3713
9276
3414
6985
3718
6135
8799
8574
2291
7507
5243
7836
7413
8467
4447
6174
1555
1911
9107
7442
1194
9547
8282
7660
9607
6801
3608
7768
2364
9384
3397
5636
3578
6561
1321
8102
1294
6833
6931
2081
2201
234
4878
4268
2942
9550
5758
8390
4524
112
4211
5859
9622
6536
4880
9568
6499
6417
2488
6665
519
5017
6279
146
7517
9860
3553
7818
5100
629
4951
249
4134
9848
3536
330
5781
2054
2111
8468
8200
3799
3065
9646
4264
680
2494
1768
8596
2648
3331
1236
1184
8211
776
8183
2924
288
2700
187
7593
4449
7861
2963
3919
7123
1865
5206
8822
8919
3712
6660
4565
843
5900
6641
169
6360
2996
6219
7391
2396
9816
6041
976
3018
5484
3949
1748
6756
215
5506
694
1742
2268
621
1470
903
2983
686
2754
9096
2563
30
2168
8
5292
4979
7117
3285
2203
3389
8227
3306
1869
4390
8000
604
2320
805
8060
3864
7650
3672
2874
3291
5278
7661
6556
6845
909
2280
2868
4483
7415
5300
4585
3375
9778
9273
3143
2903
6130
6709
3173
5338
4056
2380
3482
1980
8445
7371
6002
341
1127
9311
2323
6823
4573
2107
1267
3805
7317
2406
4736
5983
243
4432
2847
6493
9413
3334
3757
8581
5077
7105
948
5803
5012
435
7065
5834
1315
561
2514
4944
5318
2359
307
7772
9643
3202
9099
2404
1806
6991
5003
318
1156
7384
3931
9436
331
1249
598
51
2350
2990
5677
9257
7441
841
3723
891
5748
7816
2655
798
1927
4805
6167
9109
6632
8671
6025
9176
6367
3069
7039
9732
3321
4115
5071
6466
5018
5622
8307
7871
9300
5698
4218
4355
687
6986
8039
2481
2511
4757
6741
2843
5232
9355
5367
9345
9941
9928
6082
3023
1496
1975
878
2830
9108
3458
800
8086
3848
5737
9253
9317
626
6700
9351
9798
4141
1461
6026
967
3528
4506
1483
3596
659
4131
1456
4148
4207
966
9572
8861
3668
938
660
8728
1054
8133
6291
1084
5543
2153
483
7209
4006
6396
9940
6248
5831
4605
9635
2073
3360
6378
4888
6405
7342
9336
9497
1846
2003
7477
35
1883
320
2608
8079
2717
9313
9645
7604
1014
1170
2552
9741
5615
4624
5596
3996
7602
7229
1298
4571
3136
6191
34
7449
1411
3810
1268
2330
4185
3983
4987
9675
165
2785
9949
1723
3503
2099
2882
2819
368
9287
5358
224
8169
6124
5750
704
4514
7470
8827
317
4511
6307
5591
6583
2419
9229
1368
5526
4570
3512
256
2682
3476
2167
8962
4771
2059
8198
6320
5496
1548
4280
6856
6428
67
8104
1564
1097
5691
5645
4662
6596
9937
9916
6217
6656
3535
6948
8209
9768
8149
1232
6755
5088
8778
606
5399
3927
1581
80
4883
5573
2564
7307
6029
3928
8645
7659
8746
7658
1725
1910
5455
2837
5108
5913
3081
6184
4104
3537
959
5631
9744
857
9187
6819
6740
5309
2877
1063
794
173
2383
3138
5090
8554
2553
9523
3637
5084
188
2621
348
8069
8990
3011
1563
3618
2388
6952
8941
286
127
6136
2052
5410
1799
7580
2778
5154
4042
9594
5004
6812
7021
8798
5055
4814
6424
4261
3125
5223
3317
2292
1099
5704
6377
4597
9854
5440
8358
4078
4703
7654
8544
7615
8199
6917
6264
9900
7592
6410
951
3148
7704
2570
6372
1612
6416
5846
5921
584
1374
8381
2938
1204
3407
8042
9195
5908
2141
2245
3701
7185
4965
6617
6406
6652
6960
1347
8062
4420
9476
1876
7042
2011
7418
401
2736
8662
8040
2177
7893
2673
3129
4144
5099
1954
524
9606
4647
8323
4101
362
3224
1154
8973
784
8091
1926
6577
3363
3879
9654
4959
3191
5070
8181
6946
4801
7410
1061
391
7259
6083
5058
4128
9327
7851
2067
9103
9919
5872
9818
7004
4826
6518
748
5569
8742
7182
1053
9479
2707
8619
6463
117
2731
9678
2260
4734
6669
8291
9062
2702
4313
6549
8350
4031
3516
1704
2369
383
8828
1090
2318
8859
8139
3850
801
3300
2919
2639
712
9408
9033
8565
3575
7203
329
1792
517
3086
5646
3582
8246
3730
486
6875
6949
6936
8678
8841
1609
3998
5850
5970
7600
7870
293
111
6597
1109
3190
3227
6110
6984
663
1129
8687
2027
6134
1678
8122
6695
1736
6080
9819
2657
8296
1915
5137
2218
859
5434
9838
9097
3694
6747
2307
3875
43
4453
9054
8399
8992
7141
6843
6599
4154
8298
8527
5914
1128
7542
2508
6712
777
7404
4471
9707
7605
6013
882
5296
404
1746
6020
8257
9507
5871
8779
8944
1595
1121
8634
518
1730
1743
2662
415
585
1011
1547
7990
3947
4572
6383
6480
7291
7590
5774
116
7700
1474
6685
5396
1034
4666
5958
2807
6974
3547
8504
1921
3199
1092
9043
5467
1856
8539
591
9884
9247
7739
9481
6879
4052
2854
1410
5251
4325
7063
459
3689
2602
9613
913
1350
6921
1171
5791
1797
1500
7138
4664
2583
697
1032
7131
4152
2887
4173
2784
2112
4061
9605
3423
6009
7091
4843
6825
2897
558
3362
4978
9902
6690
5211
6768
1861
6094
3041
8497
5163
5024
788
1360
6285
7681
1726
8123
4386
7444
294
398
6465
3225
8096
3882
9505
7564
432
9913
9769
6286
2761
3025
147
2210
6143
8889
8377
253
7469
3627
8265
5166
9455
7296
8556
4688
7087
7367
1964
4124
6027
8558
345
8564
9153
1681
9647
9892
5992
3854
7246
7047
828
5094
7725
2584
1759
5202
1484
1573
4731
630
8511
4868
5295
4302
6221
9565
4767
2743
167
1813
3248
7952
3447
5239
8442
852
8180
7405
941
8533
3898
171
7044
7119
4785
7426
8318
7136
3543
6587
5640
1495
3699
7855
8004
3982
5609
4800
2036
6989
7795
1672
5151
6224
751
3905
4202
3406
4537
6770
5220
2535
2741
4114
4504
6693
6735
1309
6165
9146
1310
8193
7285
1323
1189
3454
1545
2517
340
4637
4762
6847
6746
5397
5840
4186
1013
5436
5764
3731
1766
1089
5666
6622
7996
5120
764
6170
3568
1283
1148
9972
2528
4821
2782
2940
1885
4120
5225
4531
7046
945
1450
8777
7749
5213
9530
5771
6432
8035
7973
9216
3960
3046
1009
9456
3962
1021
1808
934
2322
1638
7214
7949
9501
1664
2005
3967
1429
6220
9588
8013
172
8099
2161
7069
8970
9154
3301
6651
1306
1161
4970
3686
6294
5515
2714
3611
8721
4029
2328
3186
361
4532
3159
7282
4793
2663
73
2202
5249
1296
7207
7344
8701
826
9312
8454
7097
799
7862
2160
9853
9379
5847
3288
2046
8652
1693
8317
6721
2733
3063
8475
9485
711
9905
1534
9275
1151
8644
8461
6488
7213
5080
8931
5844
4715
9710
4691
730
5473
1006
3591
2097
714
2681
9460
9887
8886
8310
371
332
3120
5766
1492
2770
3128
6430
8171
278
1181
3350
4616
6753
3642
8302
7289
1620
6105
5245
4356
3392
8029
4339
4362
6677
2801
615
1119
8909
5485
1822
4384
6053
7622
8667
8233
5156
7894
4947
9250
3514
4492
7915
3337
9016
9834
7085
8401
6444
1465
8796
3117
2100
9503
5028
1137
2844
1329
399
5339
7166
3327
1224
3980
5845
4954
2120
8440
4324
9390
7826
7958
4797
1578
9641
4496
888
2416
1721
653
9971
3038
394
7093
2355
2470
5139
5421
4949
9425
2175
7975
910
8599
6913
9581
3343
2042
4937
5705
807
4982
1918
532
4526
6836
9787
336
8031
7929
7459
4316
8055
5064
8725
7058
6363
2513
351
5527
3208
344
1566
493
2349
8212
3399
8423
1371
9026
5760
8270
8236
4792
550
8545
8256
3567
927
3532
530
2686
3816
9118
8894
242
5779
7708
1436
3830
1592
6390
7034
5700
5280
1536
3403
2989
61
7114
7607
4055
1884
2985
4438
565
1434
4677
8195
4383
8575
4353
7473
4824
6485
2435
582
1691
5132
6043
1887
5104
8243
5468
1363
6520
1354
8384
1192
7237
8829
5218
8255
1920
8419
9947
1330
300
207
408
1293
3424
8409
7050
8363
5133
6423
9602
9876
8400
1041
4645
511
8568
27
3764
7284
25
7205
6153
2194
4758
3394
33
1602
2978
2805
4684
3267
2224
8795
9896
339
3319
7272
4414
7103
6794
1859
9110
6791
6437
8412
1401
1680
4119
4576
1216
3451
9271
4203
2204
338
4125
7428
1160
1395
7297
7917
413
9901
2666
3934
7937
9163
6450
4493
2900
5277
2560
6111
957
94
1686
8210
6382
8862
203
443
9421
4996
8500
2496
3719
4089
4254
3893
5205
8961
7504
255
4902
4094
7206
5734
1557
4135
7794
9633
3026
1142
9186
5969
7122
2091
7921
1642
7083
9010
7023
7184
8066
9382
2922
411
6663
3193
2775
2458
3107
9959
5400
5519
4727
1364
2362
2767
4859
9942
9586
1947
5830
8704
2079
8418
4518
1277
3870
1464
7553
5967
5670
9301
9981
6007
2483
7101
5056
850
3693
6215
1070
3845
3797
5044
2316
4600
7400
1560
6771
7251
7979
8316
8463
1478
2021
5482
8218
4876
9392
4444
8695
5356
6321
7652
3843
9724
3901
8929
7313
6280
4477
2984
1195
4234
9076
5653
230
508
7737
1183
7393
4907
3995
4107
3472
4809
8432
5376
9773
9797
4368
7535
2503
9007
6592
3538
5806
6745
8158
9418
9330
9626
9044
3071
2932
6107
6763
1266
8745
7675
1504
4183
3606
5351
4188
8145
3265
7594
6160
3923
9352
4047
499
1001
154
7068
412
8756
7565
3558
2828
9857
2772
8888
5438
3269
3515
2654
1458
7591
1220
2356
9055
569
430
3194
5194
2914
5178
3368
1036
673
7536
3474
7620
9623
5751
6678
6060
1991
8649
8360
271
1993
7579
6841
159
7387
2516
9731
964
7898
3851
396
4678
1111
402
8838
7057
9911
4246
5579
9013
4783
8669
1104
7169
862
9785
6340
8339
2920
2212
512
3168
1066
2961
1348
7267
8108
2399
735
270
9057
4220
194
7191
6792
7135
4704
7200
9339
2629
232
3724
2138
1694
9658
657
6503
6894
9416
5608
4654
7099
4527
1778
8848
3552
21
9656
6557
6181
2087
972
5618
1081
5167
6459
7070
9056
929
6855
496
1857
2187
335
5141
4699
9046
5257
1598
8375
3846
6929
7299
8762
2766
7104
6254
601
1106
4854
8631
4940
6368
649
8960
274
7760
1105
2769
8369
4083
9332
4488
8571
4153
5466
9748
9637
1825
5597
940
4072
192
6358
8754
9035
7942
7095
8570
3390
9085
6522
2960
4359
6784
6411
156
3826
6630
2029
5057
7688
4817
2936
4972
6326
4774
8647
7142
3761
8001
3336
9591
7731
4784
6014
3736
7655
4221
9417
3788
7873
9908
5862
7823
4929
1467
8279
8072
902
4520
2640
3677
6235
6939
8142
6657
2476
3729
8027
646
4348
228
8792
1075
9252
5348
1714
3163
3529
3445
1358
3346
6158
5172
2298
4958
2822
3235
8915
2664
8260
3976
3735
9664
3166
9420
3295
2796
8506
1999
48
6225
2288
8362
2738
2653
7270
2606
6595
1795
6534
793
2255
538
2609
9774
2519
8101
4495
2211
2223
1889
7161
705
7644
1254
9324
4279
7388
8436
9156
919
9921
482
7354
8076
3016
5875
6049
9037
8594
7572
628
9426
2812
3932
5170
6443
2677
7436
6507
7175
2022
6324
1898
4334
426
4547
8592
5480
8787
1025
7531
5971
2851
6195
4578
572
6247
1337
1758
9733
3970
6911
2760
4064
7557
8471
1670
5204
7845
6558
4249
7626
9462
229
5925
7715
6787
2860
9190
3196
8206
54
5516
1893
7277
9953
5053
2806
3561
836
7608
8163
638
1913
7102
7215
211
8675
5342
1718
9962
8388
1150
8684
8153
1527
9669
7910
8491
1518
5288
2934
3485
4695
5119
9539
9171
4619
8933
3573
3702
9274
9323
4922
5444
1819
9315
892
4588
8608
445
5681
263
4501
8850
7907
8275
1535
721
5117
3060
1666
5431
8744
8073
4478
8826
8812
5968
4180
2037
9236
2336
7208
5386
3872
280
2427
6242
7543
534
3839
4373
9141
8921
8098
9863
1588
6988
9967
9827
1623
5984
9788
2665
7007
9604
8201
3467
4175
3785
8481
14
9166
6765
796
258
8422
304
4225
299
4583
4559
6148
6562
5476
58
9526
8736
1102
1740
5186
2950
2269
6441
8639
9660
4661
7322
2863
4289
5885
4903
8240
2876
5490
5727
2735
1863
6296
9272
1258
5152
5796
5649
9130
502
8325
436
3880
8821
1375
6278
548
8258
6760
7396
6790
9502
6645
7735
31
2429
9235
3047
8664
3566
427
1491
8957
1605
8984
2698
9627
3814
5439
6997
8537
581
2845
6607
4301
3379
9608
9986
7468
7437
5723
2580
3076
9147
3687
3376
6889
6236
4633
6928
2240
9976
8781
829
8207
3299
8782
6959
3507
1849
5932
4976
1444
5852
199
1923
6273
9680
7487
7765
7258
5034
1928
8650
9289
8453
9903
2976
8923
5383
1197
9777
3162
9307
5965
9659
418
1124
2620
1510
1285
1860
1093
9739
9933
2092
706
6828
3124
2726
1963
4366
3203
7339
7577
4228
7868
9765
1414
3057
8851
953
5749
3704
1852
7168
5007
5083
5736
3782
5725
8383
5457
7031
2836
5219
1231
8530
235
7962
6775
754
1276
202
1820
429
130
8815
4082
5910
4480
7485
4909
1475
8459
8614
2263
3220
5048
9956
2832
631
315
76
9850
1987
6699
9551
2590
4169
2116
6059
9400
834
986
7783
7698
9328
9320
1412
3266
4913
7629
7149
8262
8294
691
3079
3739
8456
9369
8037
9931
5595
9951
8611
7055
4475
7834
6817
4421
889
9212
246
6262
5977
9318
3783
2305
5827
1301
7947
4961
4932
4776
8560
8820
7280
1847
3344
8632
1218
676
924
9616
827
5326
438
1357
5266
6610
8186
3935
9601
9802
2367
2946
5441
3207
6481
5384
8237
1619
7778
4464
6566
5752
3096
2866
602
740
7435
9261
3944
9992
7040
9490
1490
5180
8052
9684
6044
6496
6415
5607
6806
2557
588
9712
5359
7321
7148
4122
9122
4057
327
9049
2999
2816
6613
8168
6837
2930
5717
3993
6388
1770
1158
505
8697
3871
4151
5619
3014
7118
4839
8044
4707
5577
2715
6298
4827
8174
1843
2612
4601
5036
8691
4251
8770
701
7366
5743
864
9465
352
6142
2678
970
8734
4895
2618
9663
3450
6263
6297
2987
2086
7699
5488
1008
8845
1661
4955
3015
6573
5236
3183
1427
8766
4694
3029
4433
8280
1657
6818
2988
3657
3195
2083
2947
3887
3434
3564
3254
7966
1051
4535
6012
8352
1482
3440
4997
5947
2753
8322
2365
5809
961
9681
4241
3153
6769
8740
2068
9624
9580
2975
9067
2968
7360
6644
6872
2413
9837
7680
8477
2267
9599
6900
62
681
2135
1399
6705
1038
5550
2297
7013
7336
6199
2034
6238
9449
3916
310
2137
9851
6270
8580
4862
9401
7762
3650
717
497
9475
3981
2780
1145
8007
8024
9471
2623
3281
4196
5617
5651
3024
5011
9610
1432
1583
423
5391
3708
2997
8208
8345
5263
1209
4610
281
4012
1212
7346
9448
3941
4956
2134
3012
1591
9872
1302
5829
3714
214
2674
1372
7977
4908
9726
5255
8204
9333
7306
6950
4291
6629
6835
7527
1978
7298
5261
5603
9112
3253
5414
5714
6857
2302
2839
7193
562
5196
5062
3401
6114
5035
8763
5470
7678
5268
100
5588
7018
4242
7488
4223
3838
9021
4357
7632
9771
7824
494
5954
3452
9433
6140
5259
810
7247
7679
7094
2701
6920
835
6884
1904
3698
9173
6743
2157
5801
2884
7349
9498
3261
4294
3126
143
7928
1835
136
858
6030
8720
3759
4071
2152
3748
3468
575
1528
5086
4095
9552
1385
5963
9348
8876
6902
7692
8668
570
5371
695
6395
9391
1640
6309
9362
1342
2192
5463
196
9673
1630
2478
1460
9979
3439
507
265
4213
36
1383
59
7807
1110
611
6963
8694
8050
4399
3663
8136
854
5507
9364
719
9704
5059
3490
3890
9034
106
3070
5572
8747
4379
2995
9090
8532
3115
4853
4873
7683
2166
5072
4106
6727
1786
9202
7008
3776
6057
4422
1071
115
2044
4502
5964
5668
1633
4266
9571
7684
9692
8017
7951
7233
1974
6119
5146
6021
6479
1376
8825
4470
7696
6349
3339
1741
8911
733
168
7800
6380
6781
5720
7315
787
6717
9879
5610
2764
5558
9438
6922
4326
4019
2258
6074
5712
746
4726
9567
3907
6275
5454
9620
8182
9696
3466
1190
1544
5362
3433
4075
1886
7905
9472
8356
3366
7998
9935
5162
4381
2721
3021
1853
6634
3910
8884
6643
3711
6092
8512
2956
2507
3821
6339
9484
9510
1764
7054
2381
5625
8295
5858
57
2858
4852
3277
8950
3137
9280
6055
3478
8232
7533
9125
2925
2533
8277
9529
6886
7347
8379
8109
4300
2181
8018
9100
6211
6579
543
5517
8699
5772
4068
5637
419
3504
6869
5247
5143
8557
8420
451
2740
8244
4066
7656
503
3364
4992
7147
9105
3226
7144
308
2543
2448
3464
3448
5835
9227
3409
2776
4919
8897
1520
6260
4848
7896
8396
2625
5934
1653
4277
3231
2113
5305
3853
6228
3716
3234
2703
8328
3500
7323
2363
4870
1334
9088
5822
6969
2016
9070
355
5103
4753
1210
5673
4763
2139
594
2725
1233
7353
8051
1100
4110
8164
8514
1606
6412
7328
6154
1278
8474
9237
8359
3167
2140
8408
8114
2980
3214
5532
7219
1311
1213
3430
5873
5089
1027
3526
6642
4491
2193
8906
463
8996
6628
3852
7941
2649
5678
1811
4210
1587
69
9994
6778
4443
1834
2746
2101
6611
1163
1879
9084
9661
6729
2926
7394
8202
6054
2534
2164
6901
3365
3290
8324
5657
4187
8871
3836
4911
7919
4629
6964
4408
678
1002
3640
4335
6460
5231
8276
6648
5973
2024
6145
6448
5323
8391
7497
9415
5566
8427
9098
1351
6514
4206
5918
7501
6983
4646
6056
9393
1687
6033
881
8502
1206
2094
9759
2144
1677
6868
4395
1906
1152
2945
7158
2165
3667
2018
4274
6559
2398
5962
6615
7883
6552
7822
8313
1870
321
7549
3721
4132
1457
592
3287
366
2191
8261
77
1388
5343
9883
2964
6754
5136
1039
789
7332
4036
3943
6050
5742
9823
5385
637
1931
7500
7839
20
170
9713
6624
6062
6089
2131
9589
4618
3262
1083
5538
4451
5524
9427
4093
9862
4446
8090
6118
4312
3767
6269
762
2444
7718
6492
3172
8437
1817
7153
6099
5654
5168
7025
2345
150
4338
8011
2251
1960
3738
7923
7618
4265
2377
4750
3000
1533
4554
2300
7077
9366
6854
8918
8932
4010
8152
6188
698
3597
9269
9531
7056
8290
7045
7960
5688
1140
7716
8229
248
7223
1599
7752
7606
2426
5188
5621
3184
8646
1251
5939
5832
4557
1604
9149
5079
3641
9532
9155
3897
9024
6102
7419
6898
1384
7670
2750
6379
9516
2652
2451
2045
24
8332
8021
2587
4354
5792
5032
8094
8833
3527
3259
7982
8587
9791
3087
6168
4311
5628
5733
7374
6369
4818
650
4749
3404
5405
2723
7217
6346
9609
1281
5724
6516
7630
605
8219
5031
7538
8226
269
7840
6243
6127
2084
983
9881
9162
422
1408
6603
7993
4508
3937
1874
4267
5907
7798
2351
5920
2941
6075
4635
3844
4717
9762
6152
1225
6126
7080
780
1765
2921
8627
1967
3164
5919
1227
5195
865
4497
7351
8342
5536
9636
607
9708
5892
4746
1352
7225
7812
7358
6051
4765
4747
6591
3626
7793
8428
8008
2695
823
3197
2679
2247
3665
5692
3697
553
2646
8633
1133
9347
1390
6427
3027
8330
2902
2065
5660
5510
8115
8068
3422
7784
9424
3085
5037
6302
9435
1398
5924
1959
9997
5576
6670
4391
2722
2220
9729
1916
197
1697
3005
7838
1949
5741
8426
8376
2619
956
2156
4986
2720
8410
7081
833
1043
9893
4552
4499
4755
1925
8767
7329
9065
2431
7967
4952
4086
5956
7062
2747
5368
522
5350
9470
667
2484
3860
2650
8706
2438
3411
7476
4001
1594
8635
3297
6838
2090
250
4333
3217
5713
2261
6401
1810
1279
3352
1369
218
8469
684
3750
4166
7439
5860
2158
6311
1646
6310
5754
5680
4829
7240
624
3815
240
3951
9234
442
8583
5208
4905
1263
9871
9226
4336
3589
4920
7397
8110
2088
8494
9387
421
4455
3574
3991
685
4586
4212
9686
3548
9491
2244
6431
9617
8373
7245
4607
4290
3278
8617
8788
7601
6257
1844
838
4946
5081
8234
8337
9792
6370
4217
1455
5160
7003
2842
9751
5492
1698
1466
5149
5877
3828
1767
1589
9299
6327
3144
6079
7779
5699
8807
6163
3594
8299
5849
4092
1193
3820
8540
6008
8773
3257
580
1327
8038
7483
2539
7302
6329
3920
3155
1699
8032
2856
1166
9040
6526
949
5555
8985
9423
3355
272
8739
8354
2030
472
8297
6421
9946
9150
2759
6976
5671
1899
2196
9346
2575
5514
6502
4014
9965
7753
6505
1772
4739
3008
1103
3710
4425
4994
5686
7416
5427
4574
709
7532
4975
8085
2576
7750
131
3974
7858
1462
7376
4711
917
5841
3268
3289
3756
1345
9406
6864
6342
1955
5551
9052
6523
2614
2835
6192
4378
1895
4401
2032
7969
8019
142
2831
641
8321
1435
7555
5307
4864
7443
5890
2577
2529
2062
647
2684
5298
8135
1665
1452
2096
7274
6306
5523
2669
1400
6355
2172
8937
1922
8936
9596
5972
8696
8417
7266
6457
262
4322
4899
5471
8674
1590
3891
8132
2794
1373
8657
4603
8940
5606
6387
6128
7623
8953
1705
1359
9640
3374
350
9936
8842
1753
599
2799
7649
9698
1377
950
8389
7060
4538
703
2324
474
3521
4428
911
1062
5580
3648
267
9855
3386
7180
3043
8939
8046
358
8616
3987
7433
4512
6175
6914
5499
7491
682
4053
1565
618
7859
7726
2207
5545
9910
3979
4434
4343
6468
5586
3238
3806
2422
5200
4737
9650
464
5549
9422
7503
936
5164
931
963
8572
7713
5632
3131
2189
1935
654
6553
1836
5248
6944
7950
3017
4365
3811
8124
8623
2462
3911
5662
8761
9554
6930
3765
8964
2869
1855
729
8499
137
5570
5122
3542
1237
2179
5917
5501
8144
5227
4941
5314
9174
460
7534
6182
7697
6386
5707
3877
3441
1453
9335
4147
5564
8311
8934
7279
2613
5508
8516
2080
3992
2098
8435
2304
3912
7230
3683
8997
479
282
7913
3855
7877
5960
6085
2358
4728
2992
8924
4516
180
9292
2449
186
5981
1523
1114
7702
7109
8025
1929
2225
9494
7562
8905
6815
7585
3780
1044
5006
5299
6290
1199
1919
6149
356
3382
5047
7482
887
4529
9377
5571
8034
5301
9930
1175
12
490
1425
8948
8922
1629
998
2235
1541
3812
236
1403
9331
7451
1549
5518
1689
8247
1187
7754
8372
4886
2601
5863
6064
5479
6640
9039
3311
5709
5403
3455
5241
4474
5413
8151
4756
1703
5042
9649
9578
9181
417
3691
2524
4690
616
6497
732
6100
7243
2727
5998
3709
6226
8374
1559
0
3883
5189
2035
9239
3522
9821
7195
6962
4458
9754
9048
5472
551
8702
2285
4385
5706
3881
5412
1247
8673
3326
7086
7484
96
3658
4142
8945
3200
7066
5529
7194
7159
6816
9725
8518
8559
3171
1673
9814
6925
6814
2440
6166
5531
5942
295
7931
3416
9805
3283
8651
7434
5126
1407
3969
8689
377
9428
3865
292
6178
1550
3786
2154
4602
9830
458
4541
578
4168
3746
6696
2962
5945
6832
5634
3045
9904
774
2594
1821
2414
2512
3345
7386
576
8126
8837
5030
2530
3091
4744
1837
3827
303
993
8293
8661
1873
3384
1203
1727
4170
5357
2043
4418
8482
9849
1176
2957
3540
3803
8925
7445
5504
7116
2074
5293
5102
4138
4988
4569
4176
7514
2579
8723
7278
8738
1707
5423
3042
9469
4041
1696
2227
8605
501
4825
728
9722
8896
3695
515
3372
946
1207
7963
6834
6319
2060
6870
6333
7989
6475
9758
6067
4671
125
4545
5107
1078
4887
6314
6718
5462
5433
9720
2798
699
1174
9203
9932
4682
5408
7829
5354
7927
6757
2248
1867
2500
7551
4007
7916
2066
1584
7926
4112
3020
9152
7308
3492
9404
3688
2025
1454
8405
7124
7440
3768
7518
2295
1065
6679
9775
2591
7335
4035
8759
9506
2905
739
8192
480
1965
1096
4593
6616
3061
4912
5033
4028
4308
1992
1314
9370
4791
3098
1295
4701
6045
8125
7199
3966
251
6546
9167
5425
8707
7364
4400
7253
6397
4087
2344
9702
3972
9866
5661
3378
2873
1656
2537
4942
2400
3175
5959
6487
1625
8087
6848
4732
8450
8969
4038
4088
2592
768
7764
6348
3793
7084
5553
4604
5629
2965
9402
4692
8033
7479
3370
4740
7740
876
9319
5500
9459
6365
3556
7890
9256
3284
6214
6084
2917
8486
3165
4591
8326
6798
6750
6469
1507
4580
4040
8338
9980
8637
9770
1493
4371
3483
7524
1526
78
7574
6073
6515
4296
5790
7022
2955
9179
3508
4342
455
6109
2284
1996
3056
1655
6701
9781
9545
1234
9922
3369
6186
1728
560
6104
2953
7732
481
1018
4215
6453
4222
6413
2499
6256
8877
2242
1116
8561
166
8340
3771
3459
3717
3093
7583
3001
2672
5865
2391
7257
5124
5710
1522
4337
8972
4855
4465
5325
5715
8710
5068
8555
3933
9655
3772
3952
4233
1848
6570
5025
7936
4587
2734
6032
4709
916
5237
9297
1165
4020
9945
5879
7736
8959
6972
1756
1169
4412
5478
7641
9031
6646
8713
195
8772
6183
7673
1076
9193
8618
6890
8692
2014
9454
7694
9621
2379
3779
7743
9278
1417
3161
8569
2428
7850
6831
8082
4256
8819
5574
723
9087
3638
9691
99
9322
1077
1095
2447
5328
9783
5115
947
9747
3142
2411
5147
9363
2229
7189
1010
4473
7017
5604
5313
6687
4011
7685
2598
5069
9296
4897
2464
688
9888
9934
7301
2755
1264
8217
875
1850
4858
4560
9259
9975
5793
2814
3121
4548
7030
1580
8755
6206
8175
2357
8230
1956
7813
6876
475
9405
7589
4143
9938
5682
8092
2915
2688
4079
5341
6909
6938
9231
1760
4549
7791
3381
6103
5559
7568
4197
9842
7906
9168
6354
6171
4644
397
6003
9232
8100
1631
9461
9631
7746
6098
5370
6420
9998
863
1968
6650
8549
2656
9668
364
1341
3886
3590
7935
6535
652
8070
8508
5214
193
593
4090
4403
9071
8615
424
2394
4292
1091
5833
1747
9558
9140
4822
7412
151
374
6686
2547
444
982
102
9210
3040
1784
126
4437
1985
9288
2712
1950
9064
4977
6010
1443
6313
4872
4648
5980
1186
7010
5039
8750
1785
9667
1902
6471
5363
1489
8680
5693
3579
3387
1259
1717
9582
7506
8300
5365
5784
7611
6484
2460
1586
1682
544
5074
4608
579
4349
7092
8982
6614
9973
7198
4615
9515
7493
5275
5810
5316
5986
8753
2981
6077
8971
5639
3706
1997
3189
6232
2155
5644
5708
2371
4481
3438
5659
4435
8902
4625
6829
4139
8160
3858
8127
8726
5234
2549
9403
5393
7904
1639
767
5474
3986
2346
9906
4811
6393
2788
4027
718
5040
4663
4543
2402
8732
5738
4643
3825
9831
563
1801
7146
1971
4998
8245
9841
4963
1841
5929
9285
3662
6543
3926
2713
2711
4962
7563
7513
9737
1250
9897
8590
7854
1937
529
8824
8638
363
4655
9092
9614
7677
7946
4980
2899
5540
9397
8519
2325
6990
4247
183
5773
2395
9847
1654
2150
6259
7693
216
1485
756
3513
7790
